
Last position-specific scoring matrix computed, weighted observed percentages rounded down, information per position, and relative weight of gapless real matches to pseudocounts
           A  R  N  D  C  Q  E  G  H  I  L  K  M  F  P  S  T  W  Y  V   A   R   N   D   C   Q   E   G   H   I   L   K   M   F   P   S   T   W   Y   V
    1 M   -5 -5 -6 -7 -5 -4 -6 -7 -5 -2  1 -5 11 -4 -6 -5 -4 -5 -5 -3    0   0   0   0   0   0   0   0   0   0   8   0  92   0   0   0   0   0   0   0  2.94 0.89
    2 K    0  0  0 -1 -4  2  3 -3 -2 -1 -4  4 -3 -3 -1  0  1 -4 -1 -3    6   4   5   1   0   9  19   1   0   4   0  30   0   1   2   4  11   0   3   0  0.42 0.27
    3 F   -5 -4 -6 -6 -5 -5 -6 -6 -4  2  2 -1  0  8 -6 -5 -4 -3  0 -1    0   1   0   0   0   0   0   0   0   9  16   5   2  63   0   0   0   0   1   3  1.48 0.55
    4 T   -1 -1 -2 -3  0 -1 -1 -4 -4  3 -2  1  2 -3 -4 -1  3 -5 -3  3    2   3   1   1   2   3   4   1   0  19   0  10   5   0   0   2  26   0   0  20  0.41 0.30
    5 N   -2 -2  3 -1 -4  1  3  2  0  0 -3 -1 -2 -4 -2  0  1 -5 -4 -1    1   1  15   2   0   7  25  15   3   7   2   3   1   0   2   5  11   0   0   4  0.33 0.25
    6 L   -3 -5 -6 -6 -4 -5 -6 -4 -6  6  4 -5  0 -3 -6 -5 -4 -5 -4  1    2   0   0   0   0   0   0   1   0  43  47   0   1   0   0   0   0   0   0   6  1.26 0.53
    7 T   -2 -3  1  1 -3 -3 -1 -3 -4 -5 -5 -3 -4 -5 -1  4  5 -6 -5 -4    1   0   7   9   0   0   2   1   0   0   0   1   0   0   2  39  36   0   0   0  0.96 0.53
    8 A    2  0  0  0 -3  0  2 -2 -2 -1 -2  2 -2 -1  2  0  0 -1 -3 -1   22   3   6   5   0   4  12   1   0   3   2  14   0   3   8   6   4   1   0   5  0.19 0.17
    9 K    0 -2  0  2 -5  3  4 -4  1 -5 -2  2 -4 -5 -3  0 -1 -5 -4 -4    7   0   4   9   0  12  36   0   3   0   4  16   0   0   0   6   4   0   0   1  0.62 0.37
   10 E   -1 -2 -3  1 -6  2  7 -5 -3 -5 -5 -1 -5 -6 -4 -2 -1 -6 -5 -3    4   2   1   8   0   7  69   0   0   0   1   3   0   0   0   1   3   0   0   2  1.37 0.62
   11 F   -5 -5 -5 -6 -6 -5 -5 -6  6 -2  0 -5 -3  7 -6 -5 -5  1  6 -4    0   0   0   0   0   0   0   0  21   1   9   0   0  45   0   0   0   1  23   0  1.73 0.66
   12 G    0 -2  1  5 -5  1  3 -1 -3 -4 -3 -1 -3 -5 -4 -1  0 -6 -3 -3    7   2   6  41   0   5  19   5   0   0   2   2   1   0   0   3   5   0   1   1  0.74 0.39
   13 A    2  0  2  1 -4  3  1 -3  1 -3 -2  1 -3 -3 -3  1  0 -4 -3 -3   19   5  12   8   0  15   8   0   4   1   4   9   0   1   0   8   7   0   0   0  0.32 0.25
   14 F   -3 -3 -6 -7 -2 -6 -6 -6  2 -3 -2 -6 -4  8 -7 -4 -3  0  3 -3    3   2   0   0   1   0   0   0   4   1   3   0   0  75   0   1   2   1   7   1  2.01 0.73
   15 T    1 -3 -2 -3  1  2  0 -4 -3  1 -1 -3  0 -2 -4  1  1 -4 -3  4   10   1   2   0   3  10   7   0   0   6   4   0   1   1   0  12   8   0   1  35  0.36 0.29
   16 D    0 -1  1  1 -4  3  2 -2  0 -1 -1  3 -2 -2 -3  0 -1 -4 -2 -3    8   1   6   7   0  13  14   1   2   3   7  24   1   1   0   7   3   0   1   1  0.29 0.23
   17 S    1 -1  4  0 -4  3  1 -1  0 -4 -4  2 -3 -5 -3  2  1 -5 -4 -4   11   1  19   4   0  16   7   3   2   0   0  13   0   0   0  14  11   0   0   0  0.47 0.31
   18 M   -1 -3  1 -3  0  0 -2 -4  7 -3 -2 -3  1  1 -1  2 -2 -4  0  0    4   1   6   1   2   4   2   0  35   0   3   0   4   6   3  17   2   0   2   8  0.71 0.41
   19 P    0  0  1  0 -4 -1  1 -2 -1 -3 -3  1 -3 -4  5  1 -1 -5 -3 -2    6   5   7   5   0   2   7   2   2   1   2  10   0   0  35  11   2   0   0   3  0.64 0.31
   20 Y   -2  0  1 -1  1  4  0 -3  2 -3  1  0  0  1 -2  0 -1 -3  2 -2    3   5   7   3   3  23   4   0   5   0  16   6   2   7   1   5   2   0   9   1  0.25 0.23
   21 S    1  2  0 -3  1 -1 -2  3  0 -3 -3  0 -3 -3 -3  2  0 -4 -4 -1    9  11   4   0   4   3   0  28   2   1   1   5   0   1   1  19   5   0   0   5  0.35 0.25
   22 H   -3 -3  5  2 -5 -3 -2 -2  6 -5 -5 -3 -3 -1 -4  3 -1 -5  0 -3    0   0  34   9   0   0   1   2  21   0   0   0   1   2   1  21   3   0   3   2  1.01 0.50
   23 F   -5 -5 -6 -6 -5 -5 -6 -6 -1  1  3 -6  0  7 -6 -5 -4 -2  4  0    0   0   0   0   0   0   0   0   1   6  26   0   2  45   0   0   0   0  15   5  1.30 0.53
   24 T   -3 -4 -3 -5 -4  0 -2 -5 -4  0  4 -4  4  2 -3 -3  2  0  0 -2    0   0   1   0   0   6   2   0   0   4  45   0  12  10   1   0  15   1   2   1  0.67 0.39
   25 Q   -5 -3 -3 -5 -7  9 -2 -6 -1 -7 -7 -3 -5 -8 -4 -4 -3 -6 -6 -7    0   0   1   0   0  96   1   0   1   0   0   0   0   0   1   0   1   0   0   0  2.86 1.06
   26 T   -2 -4 -3 -3 -3 -1 -3 -4 -4 -3  0 -3  2 -5 -4  5  4 -2 -5 -2    1   0   0   0   0   2   1   0   0   1   8   0   5   0   0  54  23   1   0   3  0.97 0.55
   27 V    1 -1 -2 -3 -3 -2 -2 -1 -2  1 -1  0 -1 -3  1  3  1 -4  0  1   10   2   0   0   0   0   2   3   1   9   4   4   1   0   7  31   8   0   3  13  0.28 0.25
   28 G    1 -2  0  1 -4  2  4 -1  0 -2 -3  1 -3 -4 -3  1 -2 -4  0 -3   16   1   4   7   0  11  29   4   2   2   1   8   0   0   0   8   1   0   4   1  0.40 0.28
   29 H   -4 -5  1 -4 -6  2 -4 -6  3 -2 -2 -5  7  0 -6 -4 -5 10  0 -4    1   0   8   1   0   9   1   0   6   2   2   0  28   3   0   0   0  36   2   1  1.79 0.70
   30 Y    4 -3 -2 -4 -2 -2 -1  2 -2 -1 -3 -2 -2  0 -3  0 -2 -3  4 -3   47   1   1   0   1   1   4  13   1   4   0   2   1   3   1   4   1   0  16   1  0.62 0.39
   31 E   -1  2  1  2 -5  2  3 -3  2 -3 -4  3 -3 -4 -3  0 -1 -5 -3 -3    4  10   6  10   0   7  21   1   6   2   0  22   0   1   0   5   2   0   0   1  0.47 0.28
   32 L   -2 -2 -2 -5 -3 -4 -4 -5 -3  2  3 -3  1  1 -5 -3  1 -3  2  3    1   2   2   0   0   0   0   0   0   9  37   1   3   7   0   0   9   0   7  23  0.55 0.31
   33 K   -1  3 -3 -4 -5  2 -2 -4 -2 -3  2  5  0 -2 -4 -3 -3 -5 -2 -2    4  15   0   0   0   8   0   1   1   0  22  43   2   1   0   0   0   0   1   2  0.76 0.44
   34 L    0  1  2  0 -3  1  3 -2 -1 -2 -2  2 -1 -3 -2  1 -1 -4 -3 -1    8   6  11   4   0   4  23   1   1   3   4  13   1   0   1  13   2   0   0   4  0.28 0.20
   35 A    1  0  0  1 -3  1  1 -2 -1 -2 -1  3 -1 -1 -1  1  0 -3 -2 -2   11   4   5   8   0   4  10   2   1   2   8  25   1   2   2   9   4   0   0   1  0.19 0.14
   36 E   -3  5  1  3 -4  1  0 -3  2 -3 -3 -1  0 -3 -3 -1  1  4 -2 -3    1  33   7  15   0   5   6   1   5   2   2   2   2   1   1   3   8   5   1   1  0.51 0.28
   37 G   -2 -3  4 -1 -4 -2 -2  5  1 -5 -5 -1 -4 -4 -4 -1 -2 -1 -4 -3    1   1  22   2   0   2   2  53   3   0   1   4   0   1   0   3   2   1   0   2  1.03 0.43
   38 Y   -1 -1  0 -3 -2  0 -2 -3  3 -3 -2 -2 -1  2 -5 -2 -1 10  3 -4    4   4   5   1   1   4   2   2   8   1   3   3   1   9   0   3   3  36  10   1  1.21 0.49
   39 E   -2  0  0  3 -4  3  2 -2  0 -2 -4  2 -3 -3 -2 -1  1 -4  1 -2    2   2   2  18   0  14  15   3   2   3   0  17   0   0   1   3   8   0   7   2  0.38 0.26
   40 T    0 -3  1 -3 -1 -2 -1 -2  2  1 -2 -2  0 -3 -1  2  2 -4 -3  3    6   1   8   0   1   1   3   2   7   9   1   1   2   1   2  15  14   0   0  26  0.26 0.23
   41 H   -2  0 -2  0 -3  1  4 -3  5 -3 -3  1 -3 -1 -3 -1  0 -1  0  0    3   5   1   3   1   6  31   1  17   1   1   9   0   3   0   5   5   1   2   7  0.48 0.30
   42 L   -4  3 -2 -5 -1 -2 -4 -5 -3  2  3 -1 -2  2 -5 -4 -3 -3  4 -1    0  21   2   0   1   1   0   0   0  11  30   2   0   9   0   0   1   0  19   4  0.64 0.36
   43 V   -2 -5 -5 -5 -4 -4 -2 -6 -5  3  3 -4  0  1 -5 -4 -1 -4 -3  4    1   0   0   0   0   0   3   0   0  18  31   1   1   5   0   0   2   0   0  37  0.81 0.39
   44 G    3 -4 -4 -5 -5 -3 -5  6 -5 -3 -4 -4 -5 -3 -5 -2 -4 -6 -6 -5   22   1   0   0   0   1   0  72   0   2   2   0   0   1   0   1   0   0   0   0  1.60 0.63
   45 I   -2 -5 -6 -6 -4 -5 -5 -6 -3  2  2 -5  0  3 -5 -4 -3  2  1  5    3   0   0   0   0   0   0   0   1   9  16   0   2  15   0   0   0   3   4  48  0.90 0.43
   46 K   -2  0 -3 -2 -2  0  0 -1 -2 -4 -3  5 -2  1 -4 -2  0  0  4 -1    2   4   0   2   1   3   6   5   0   0   1  39   1   6   0   2   5   1  18   5  0.54 0.35
   47 N   -2  2  2  4 -3  2  3 -3  0 -3 -4  1 -3 -3 -3  0 -1 -4 -2 -2    2  10  12  22   1   8  21   0   2   1   1   9   0   1   0   5   2   0   1   3  0.48 0.26
   48 N   -2 -2  3  6 -5 -1  3  0 -2 -4 -5  0 -5 -6 -3 -1 -3 -6 -5 -5    2   2  16  41   0   2  20   6   0   1   1   5   0   0   0   2   0   0   0   0  0.93 0.43
   49 N   -2 -2  3  3 -5  1  2  4  0 -5 -5  0 -4 -5 -4 -1 -2 -5 -3 -4    2   0  17  18   0   7  12  29   2   0   0   5   0   0   0   4   1   0   1   0  0.64 0.33
   50 N   -1  0  3  2 -3  1  2  1 -1 -2 -3  2 -2 -3 -2 -1  0 -3 -3 -2    3   3  15  15   0   8  13  12   1   2   2  13   1   1   1   3   6   0   0   2  0.31 0.18
   51 E   -2  0  0 -2 -3  3  2 -3 -2  1  2  2  0 -3 -3 -2 -1 -4 -3  0    2   4   4   1   0  15  17   0   0  10  21  13   2   0   0   1   3   0   0   4  0.27 0.22
   52 V   -2 -2 -5 -5 -1 -1 -2 -2 -5  3  2 -1  0 -3 -3 -3 -2 -1 -3  5    1   2   0   0   1   3   3   4   0  13  18   4   1   0   1   1   1   1   0  48  0.64 0.36
   53 I    2 -4 -4 -5 -3  0 -4 -2 -4  4  1 -4 -1 -3 -4 -3 -2 -5 -3  4   22   0   0   0   0   5   0   3   0  26  14   0   0   0   0   0   1   0   1  27  0.59 0.35
   54 A    5 -4 -3 -4  1 -3 -3  2 -4 -1 -3 -3 -3 -5 -4  1 -1 -5 -4  1   56   0   0   0   3   0   1  12   0   3   2   0   0   0   0  10   3   0   0  11  0.79 0.44
   55 A    5 -4 -4 -4  0  2 -3 -1 -4 -4 -2 -3 -1 -3 -4  2  0 -5  0 -2   60   0   0   0   2   9   0   4   0   0   3   0   1   1   0  12   4   0   3   2  0.85 0.47
   56 C    3 -3 -2 -3  6 -3 -3  1 -3 -1  1 -3  0 -3 -3  3 -1 -4 -3 -1   23   0   1   0  17   0   1  11   0   3  13   0   3   0   0  22   3   0   0   2  0.48 0.29
   57 L   -3 -4 -4 -5  1 -3 -4 -5 -4  4  4 -2  2 -1 -4 -3 -1 -4 -2  2    0   0   1   0   3   1   0   0   0  21  49   2   4   1   1   1   3   0   1  11  0.72 0.34
   58 L   -3 -5 -5 -6 -4 -4 -4 -6 -5  2  4 -5  1  3 -5 -3 -2 -4 -2  3    1   0   0   0   0   0   1   0   0   9  51   0   2  14   0   1   1   0   0  18  0.86 0.40
   59 T   -1 -1 -1 -2 -3 -1 -2 -2 -1  3  1  0  0  0 -3  0  2 -3  2  0    5   3   3   2   0   2   0   2   1  20  12   5   1   3   0   8  18   0   9   4  0.17 0.18
   60 A    0  0 -2 -2 -2 -1  1 -2  0  0 -2  3 -1  0 -3  1 -1  1  4 -2    7   4   1   1   1   1   9   2   2   8   1  22   1   4   0  15   3   2  16   1  0.27 0.22
   61 V    0  2 -1 -2 -2  1 -1 -2 -1  1  0  1  1 -1 -2  0  0  0 -1  0   10  17   2   1   0   6   1   1   1  12  10   9   4   3   1   4   7   1   1   8  0.11 0.12
   62 P   -2  2 -3 -3 -5  0 -3 -3 -1 -4 -2  3 -4 -5  6  0  0 -5 -4 -3    1  12   0   1   0   4   0   1   1   0   3  17   0   0  42   9   6   0   0   2  0.98 0.43
   63 V   -1  0 -1 -3 -2 -2 -3 -3 -1  1  2  0  3 -2 -1 -1  0  1  0  2    5   5   3   0   0   1   0   0   1   8  23   7   9   0   3   4   7   2   4  15  0.17 0.16
   64 M   -1 -1 -3 -3 -1 -2 -3 -2  0  0  1  0  4  2  4 -2  1 -1 -1 -2    3   2   0   0   1   0   0   4   3   5  16   8  12   9  23   1   9   1   1   1  0.39 0.25
   65 K   -2  2 -2 -3 -4 -2 -3  2 -3 -2  2  3  0 -1  0 -2 -1 -4 -2 -2    1  11   1   0   0   0   0  18   0   0  24  26   2   2   5   2   4   0   1   3  0.35 0.27
   66 V   -2 -2 -1 -3 -4 -3 -4  5 -2 -1 -1 -2  0  4 -1 -1 -1 -3  0 -1    0   2   3   0   0   0   0  44   1   4   4   3   2  19   3   5   3   0   3   4  0.59 0.31
   67 F   -4 -3 -4 -3 -5 -3 -5  1 -3 -2  0 -2  1  6 -5 -4 -4  1  5 -3    0   1   0   1   0   1   0  13   0   1  10   2   4  41   0   0   0   1  21   0  1.05 0.45
   68 K   -1  1  0 -2 -3  0 -2 -2 -2 -2 -1  3 -2 -2 -1  1  3 -1  1  0    3   6   5   1   0   4   1   2   0   1   5  26   0   1   3   9  20   1   5   7  0.27 0.21
   69 Y   -2 -1 -3 -2 -4 -2  0 -4  4  0  1  0  5  1 -4 -3 -2 -2  5  0    2   3   1   2   0   0   6   0  10   5  11   6  20   4   0   0   1   0  22   6  0.53 0.32
   70 F    1 -4 -4 -4  4 -3 -3 -1 -3  1  0 -4  4  5 -4 -3 -3  0  1 -1   16   0   0   0  10   0   2   5   0   8   8   0  13  28   0   1   0   1   3   3  0.54 0.30
   71 Y   -4 -4 -3 -2 -2 -1  2 -5 -1 -3  0 -3 -2 -1 -5  0 -1 -2  8 -3    0   0   1   2   1   2  17   1   1   1   9   1   1   0   0   7   3   0  53   1  1.22 0.56
   72 S    0 -4 -4 -5  1 -4 -3 -5 -5  5  1 -4  0 -1 -4  1  1 -5 -3  2    9   0   0   0   3   0   1   0   0  46   9   0   2   2   0  12   7   0   0  10  0.67 0.37
   73 N   -1 -3  4  0 -4  0 -2 -3  3 -2 -2 -3 -2 -3  5  0 -1  1 -1 -3    5   0  21   5   0   5   1   1   9   3   3   0   1   1  30   6   3   2   2   1  0.67 0.36
   74 R   -2  6 -3 -2  1  1 -3 -1  1 -5 -3  0 -3 -2 -5  1 -3  0  0 -5    2  56   0   2   3   6   0   4   4   0   2   4   0   2   0  10   0   1   4   0  0.99 0.49
   75 G   -3 -6 -4 -5 -6 -5 -6  8 -6 -7 -5 -5 -6 -7 -6 -3 -5 -6 -7 -7    0   0   0   0   0   0   0  97   0   0   1   0   0   0   0   1   0   0   0   0  2.48 0.82
   76 P   -5 -6 -6 -6 -7 -5 -5 -6 -6 -2 -6 -5 -2  3  8 -5 -5 -6 -5 -6    0   0   0   0   0   0   0   0   0   2   0   0   1  12  84   0   0   0   0   0  2.67 0.89
   77 V   -3 -5 -4 -5 -3 -4 -5 -5 -5  4  3 -5  0 -1 -5 -4 -1 -4 -3  5    1   0   1   0   0   0   0   0   0  28  24   0   1   1   0   0   2   0   0  39  0.93 0.41
   78 I   -2 -4 -4 -4  3 -3 -4 -3 -4  2  3 -4  7 -1 -4 -2 -1 -3 -1  1    2   0   0   0   7   0   1   2   0  10  22   0  35   2   0   3   3   0   1   9  0.78 0.38
   79 D   -2 -4  1  8 -5 -2 -1 -4 -3 -4 -5 -3 -5 -5 -4 -2 -3 -5 -5 -5    3   1   5  79   0   1   2   1   0   1   1   1   0   0   1   2   2   0   0   1  1.80 0.61
   80 Y   -4 -4 -3 -6 -5 -4 -3 -5  0 -4 -2 -5 -4  4 -6 -4 -3  2  9 -3    1   0   1   0   0   1   2   1   2   0   3   0   0  14   0   1   1   2  69   1  2.05 0.72
   81 E   -1 -1  2  2 -4  1  1 -1  2 -4 -3  0 -3 -3 -3  3  2 -4 -1 -4    2   2  11  11   0   6  10   3   5   0   1   6   0   1   0  23  15   0   2   0  0.38 0.27
   82 N   -5 -4  7  6 -6 -1 -1 -4 -2 -6 -7 -2 -6 -6 -5 -1 -4 -7 -6 -6    0   0  47  43   0   3   2   0   0   0   0   1   0   0   0   3   0   0   0   0  1.70 0.67
   83 Q    0  1 -1 -1 -3  2  1 -3  0 -1  0  3 -2  0  2  0  1 -4 -1 -2    6   6   1   2   0   9  10   0   2   4   8  20   0   4   9   5  10   0   1   2  0.19 0.17
   84 E    1 -1 -1  2 -3  1  5 -1 -2 -4 -4  1 -4 -5 -1  0 -1 -5 -4 -3   13   2   1  13   1   4  40   4   1   1   1   9   0   0   3   6   3   0   0   1  0.59 0.34
   85 L    0 -4 -5 -2 -2  0 -3 -5 -2  0  5 -3 -1 -2 -5 -3 -3 -1  2  0    8   0   0   2   0   5   1   0   1   3  62   1   0   1   0   1   0   1   8   6  0.77 0.41
   86 V   -3 -5 -6 -6 -3 -5 -4 -6 -6  1  4 -5  0 -2 -5 -5 -2 -5 -4  5    0   0   0   0   0   0   1   0   0   5  44   0   1   1   0   0   2   0   0  46  1.15 0.51
   87 H    0  1  1  2  0  0  2 -2  2 -1 -3  2 -3 -4  0  1  1 -4 -2 -1    8   8   5  12   2   2  13   1   6   4   0  14   0   0   3   9   7   0   0   4  0.21 0.16
   88 F    1 -4 -4  0 -1  0  0 -5  1 -2 -3 -3 -2  7 -1 -2 -2 -3  2 -2   13   0   0   5   1   4   7   0   3   1   1   1   1  47   3   1   3   0   7   1  0.84 0.43
   89 F   -3 -5 -6 -6 -5 -5 -6 -6 -4 -1  0 -6  1  7 -6 -5 -2 -3  3  3    2   0   0   0   0   0   0   0   0   2   9   0   3  53   0   0   2   0   9  20  1.34 0.54
   90 F   -3 -3 -5 -5 -4 -4 -5 -5 -3  2  3 -4  2  5 -5 -4  0 -2  4  1    0   1   0   0   0   0   0   0   0  12  26   0   6  25   0   0   8   0  14   8  0.76 0.37
   91 N    0  2  1  0 -4  2  2 -3 -1 -3 -2  3 -3 -3 -3  1  1 -1 -3 -2    8   9   8   4   0  12  11   1   1   1   3  22   0   1   0   9   7   1   0   2  0.34 0.24
   92 E    1 -3  1 -1 -4  1  4  1 -1 -3 -3 -1 -2 -4 -3  2  0 -4  0 -3   13   0   6   1   0   4  31  12   1   1   1   2   1   0   0  19   4   0   3   1  0.43 0.30
   93 L   -1 -5 -6 -6 -4 -5 -6 -6 -6  2  6 -5 -1 -2 -6 -4 -2 -5 -4  0    6   0   0   0   0   0   0   0   0  10  78   0   0   1   0   1   2   0   0   3  1.32 0.56
   94 S   -2  2 -1 -1 -5  1  1 -4 -1 -1 -4  6 -1 -5 -4 -1  1 -5 -4 -3    3  11   1   3   0   4   7   0   1   5   0  51   1   0   0   4   8   0   0   1  0.81 0.43
   95 K    0  1  1  1 -2  1  1 -2  0 -3 -2  4 -3 -4 -3  0  0 -5 -3 -3    8   8   5   8   1   6  10   3   2   0   3  33   0   0   0   6   4   0   0   1  0.39 0.26
   96 Y   -3 -3 -5 -4 -3 -5 -5 -6  3  0 -3 -5 -2  5 -6 -4 -5  1  8 -1    2   1   0   1   0   0   0   0   6   4   2   0   1  20   0   1   0   1  56   4  1.65 0.64
   97 V    4 -4 -4 -5  0 -4 -4  1 -4 -1  2 -4 -2 -1 -4 -1 -2 -5 -3  1   47   0   0   0   2   0   0  10   0   2  20   0   0   2   0   3   1   0   1  12  0.62 0.38
   98 K   -2  3 -2 -4 -6  0 -2 -5  1 -6 -4  7 -4 -6 -4 -3 -3 -6 -3 -5    3  13   1   0   0   4   1   0   3   0   1  71   0   0   0   0   0   0   1   0  1.52 0.65
   99 K   -1  2 -1 -1 -5  3  2 -4 -2 -5 -4  5 -3 -5 -4  1 -1 -5 -4 -4    5   8   2   3   0  13  10   0   0   0   0  42   0   0   0  13   3   0   0   0  0.75 0.41
  100 H   -3  1  4 -2 -5  3  1 -4  5 -4 -3  3 -2 -3 -4 -2 -3 -5  1 -4    0   7  19   0   0  15  10   0  16   0   2  23   1   1   0   1   0   0   4   1  0.75 0.40
  101 R   -3  4  2 -2 -6  1 -2  2  4 -6 -5  4 -4 -5 -4 -2 -3 -5 -4 -5    0  23  12   1   0   4   0  17  10   0   0  31   0   0   0   0   0   0   0   0  0.88 0.44
  102 C    5 -5 -4 -5  5 -4 -4  1 -5  0 -4 -4 -3 -3 -4 -1 -2 -5 -3  2   52   0   0   0  14   0   0  11   0   5   0   0   0   1   0   2   1   0   1  15  0.92 0.48
  103 L   -1 -4 -5 -6 -1 -3 -5 -5 -4  3  5 -3  0 -1 -5 -3 -3 -4  1  2    6   0   0   0   1   1   0   0   0  14  55   1   1   2   0   1   0   0   6  12  0.78 0.39
  104 Y   -1 -1 -3 -4  0 -1  2 -5 -1 -2 -1 -3 -1  5 -5  1 -2 -2  5 -2    6   2   0   0   2   2  16   0   1   1   4   1   2  30   0  10   2   0  20   2  0.66 0.38
  105 L   -2 -5 -6 -6  0 -5 -5 -6 -5  4  4 -5  0  0 -5 -4 -2 -5 -3  4    3   0   0   0   2   0   0   0   0  26  36   0   2   3   0   0   1   0   0  28  0.90 0.41
  106 H   -3  3 -2 -2 -2 -1  0 -4 -1  0  1  5  0 -4 -4 -1  1 -5 -4 -1    0  16   0   1   1   0   6   0   2   5  12  38   2   0   0   4   8   0   0   5  0.49 0.33
  107 I   -3 -5 -5 -6  4 -5 -5 -6 -5  4  0 -5  1  4 -5 -4 -2  1 -1  4    0   0   0   0   8   0   0   0   0  28   7   0   4  22   0   0   1   2   1  26  0.90 0.41
  108 D   -3 -2  1  7 -6 -3 -1 -4  2 -4 -6  2 -3 -3 -4 -1 -1  2 -4 -3    1   2   6  57   0   0   2   0   5   1   0  13   1   1   0   4   3   3   0   2  1.13 0.51
  109 P   -5 -6 -6 -6 -7 -6 -5 -6 -6 -7 -7 -5 -7 -8  9 -3 -5 -8 -7 -7    0   0   0   0   0   0   0   0   0   0   0   0   0   0  99   1   0   0   0   0  3.33 1.04
  110 Y    0 -4  3  1 -4 -2 -2 -3 -1 -4 -2 -3 -4  1 -3  1 -2 -2  7 -4    9   0  18   7   0   1   2   1   1   0   3   0   0   5   1  11   2   0  38   0  0.80 0.43
  111 L   -2 -3 -3  1 -3 -1 -1 -4 -4  3  3 -3  0 -1 -4 -3 -2  3 -1  3    2   1   0   8   0   3   5   0   0  22  28   1   1   1   0   1   1   4   1  19  0.41 0.25
  112 P   -1 -1  0 -1  1 -1 -1 -2  2  1  1  0  0  1  1 -1  1 -3 -1  0    3   2   5   3   4   2   4   1   6  13  16   6   2   6   8   3  11   0   1   4  0.07 0.09
  113 Y   -2  0  0 -2 -1 -3  1 -4 -1  1  1 -3 -1  1 -4 -2 -2 -2  6 -1    2   5   4   2   1   0  12   1   1   7  16   0   1   3   0   2   1   0  38   3  0.63 0.35
  114 Q   -1  2  2 -2 -1  5  0 -2 -1 -1 -1  2 -1 -4 -3  1 -1 -4 -3 -2    5   9  10   1   1  29   3   2   1   3   5  14   1   0   0   8   3   0   0   3  0.38 0.26
  115 Y   -1  1 -1 -1 -2  2  0 -3  1  1  0  1  0  0 -2  0  0 -2  1  0    3   9   2   3   1  12   4   1   3  11  10   7   1   4   1   6   7   0   7   7  0.07 0.09
  116 L   -2  3 -2 -3 -4 -2 -2 -3  3 -2 -1 -1 -2  4 -4 -1  0 -2  5 -2    2  21   2   1   0   0   1   1   6   2   6   3   0  21   1   4   5   0  20   3  0.54 0.29
  117 N   -2 -1  3  5 -4 -1  0 -3  1 -3 -1  0 -3 -3 -1  0  0 -4 -3 -3    2   2  17  37   0   2   5   1   3   1   8   5   0   1   2   5   6   0   1   1  0.56 0.29
  118 H    0 -2  1  2 -2 -1  1 -1  2  1  0  0 -1 -2 -1  1  0 -3 -1 -1    9   1   6  14   1   1  10   2   6  12   8   6   1   1   2  12   4   0   1   3  0.10 0.11
  119 D   -2 -1  3  4 -4  0  1  1  2 -2 -3  0 -3 -2 -3 -1 -1 -4 -3 -1    2   2  13  31   0   3   8   9   5   3   2   7   0   2   1   4   3   0   0   4  0.40 0.22
  120 G   -1 -3 -2 -2 -4  2  2  5 -2 -1 -1 -1 -3 -4 -3 -2 -3 -4 -4 -2    3   0   1   2   0  10  14  49   1   4   7   4   0   0   0   1   1   0   0   3  0.68 0.33
  121 E   -2  0  3  2 -4  2  4 -3  0 -3 -4  1 -3 -2 -3 -2 -2 -4 -1 -1    2   3  19  10   0   8  32   1   2   1   1   9   0   2   0   1   1   0   2   4  0.54 0.30
  122 I    0 -1  0 -2 -3 -1 -1 -3  0  3  0  0 -1 -2  4 -1  0 -4 -3  2    7   3   4   1   0   2   4   1   3  20   7   5   0   1  19   2   4   0   0  16  0.28 0.19
  123 T   -1 -2 -1 -1 -3  0  2 -3 -3  3  1  0  0 -2  1 -1  1 -3 -2  1    3   1   3   3   0   5  14   1   0  22  11   5   2   0   7   1  11   0   1   8  0.18 0.17
  124 G   -1 -2  0  2 -4  1  4  1 -1 -2 -3  0 -3 -4 -1  1  0 -4 -3 -2    4   0   3  14   0   4  30  12   2   2   1   6   0   0   2  10   7   0   1   3  0.37 0.24
  125 N   -1  0  4  2 -3  0  2 -1  1 -2 -3  0 -3 -1 -1  1  0 -1  0 -1    2   3  22  12   0   3  14   4   3   2   1   3   0   2   2  10   5   1   3   6  0.26 0.18
  126 A    1 -1 -1  1 -1  0  2 -1 -1 -1 -2  0 -2  0  3 -1  0 -3  2 -1   12   1   2   8   1   3  18   3   1   3   3   6   0   5  15   2   5   0   8   4  0.22 0.17
  127 G   -1  0  1  3 -3  1  3  1 -1 -2 -2  1 -2 -2  0 -1 -1 -3 -1 -2    3   4   8  17   0   5  19   9   0   3   3  11   0   2   5   2   2   0   3   3  0.24 0.16
  128 N    1 -1  5  0 -2  1 -1  0  2 -3 -3 -1 -3 -4 -1  0  1 -4 -2 -2   14   2  35   4   1   6   2   6   6   0   2   2   0   0   2   4  10   0   1   2  0.47 0.29
  129 D   -1  1  0  3 -4  1  2 -2 -2 -2  0  2 -1 -3 -1  0  0 -4 -2 -2    2   7   3  23   0   5  12   2   0   2   9  13   1   1   2   6   7   0   1   2  0.26 0.18
  130 W    2 -1  0  1 -3  1  2 -1  0 -2 -2  0 -1 -3  0  1  0  3  0 -2   18   2   4   9   0   5  15   4   2   1   2   5   2   0   4   9   6   6   3   2  0.19 0.14
  131 F    0 -4 -4 -4 -3 -4 -4 -5 -4  4  3 -4  2  2 -4 -3  0 -1  0  1   10   0   0   1   0   0   0   0   0  23  34   0   5  10   0   0   5   1   4   7  0.53 0.28
  132 F   -2 -3 -1 -3 -3 -2 -4 -5 -2  5  1 -2  1  1 -3 -2 -2 -4 -3  2    3   1   3   2   0   1   0   0   1  46  13   2   3   6   1   2   1   0   0  14  0.61 0.32
  133 D    0  0  2  4 -4  2  2 -2  0 -4 -4  3 -3 -5 -3  1  0 -5 -3 -3    9   3   9  22   0   8  14   1   2   0   1  18   0   0   0   8   4   0   1   1  0.46 0.27
  134 K   -1 -1  3  0 -2  1  0 -2  0  0  0  0  1  0 -3  0  1  0  0  0    4   1  16   4   1   8   7   1   2   5  11   7   4   6   0   3  13   1   2   5  0.11 0.13
  135 M   -4 -5 -6 -6 -4 -5 -5 -6 -5  1  5 -5  5  4 -6 -5 -4 -3  0 -2    0   0   0   0   0   0   0   0   0   8  57   0  15  17   0   0   0   0   3   0  1.17 0.49
  136 S    0  1  0 -1 -1  2  2 -1 -1 -2 -2  3 -2 -3 -3  0  2 -4 -3 -2    5   5   4   1   1   9  16   4   1   2   4  24   0   1   0   3  17   0   0   1  0.30 0.23
  137 N    1  1  1  2 -4  2  1 -1 -1 -3 -3  3 -2 -4 -3  2  0 -4 -3 -3   12   5   8  11   0  10   8   3   1   1   1  19   0   0   0  16   4   0   0   0  0.33 0.22
  138 L    1 -2 -2 -4  1 -2 -2 -4  1  1  4 -3  1 -2 -4 -2 -2 -4 -1 -1   15   1   2   0   3   1   3   0   4   7  53   1   2   1   0   2   1   0   2   1  0.52 0.32
  139 G   -3 -5  0 -3 -6 -5 -5  7 -5 -7 -7 -3 -6 -6 -5 -2 -5 -1 -6 -7    0   0   5   1   0   0   0  90   0   0   0   1   0   0   0   1   0   1   0   0  2.10 0.70
  140 F    1 -5 -5 -6  1 -5 -5 -5 -3 -1 -1 -5 -3  5 -5 -4 -4  3  7  1   12   0   0   0   3   0   0   0   0   2   3   0   0  28   0   0   0   3  39   9  1.22 0.51
  141 E   -2  1 -1  0 -1  2  2 -3  3  1 -2  3 -2 -4 -3 -1  0 -4 -2 -1    1   6   2   5   1  11  17   0   7   9   2  22   0   0   0   3   6   0   1   5  0.31 0.23
  142 H   -4  0 -2 -5 -6 -2 -2 -5  9 -6 -5 -3 -5  2 -3 -4 -5  7  3 -6    1   5   1   0   0   1   1   0  56   0   0   1   0   8   2   0   0  16   7   0  2.02 0.70
  143 T   -1 -1  0  2 -4  3  0 -1  2 -2 -1  1 -1 -3 -3  1  2 -4 -1 -2    3   1   3  13   0  19   4   3   5   2   7  10   2   1   0   9  14   0   2   1  0.25 0.21
  144 G   -3 -4  0 -3 -5 -4 -4  7 -4 -4 -3 -1 -5 -3  0 -1 -4 -5 -5 -5    0   0   3   1   0   0   0  76   0   1   3   4   0   1   5   3   0   0   0   0  1.44 0.53
  145 F   -2  1 -4  0 -4 -2 -3 -5  0 -2  2  0 -2  6 -1 -3 -3 -1  3 -2    3   7   0   6   0   1   1   0   2   0  21   5   0  38   3   2   0   1   9   1  0.63 0.34
  146 H   -2 -1 -1  1 -4  2  1 -3  0 -3 -2  2 -3 -4 -1  1  5 -5 -4 -2    1   2   2   8   0   8   7   1   3   0   3  11   0   0   3   7  42   0   0   2  0.53 0.34
  147 K   -2  0 -2  0 -3  1  1 -3 -2  0 -1  2  1  0 -3 -1  3 -4 -3  1    1   4   0   5   0   5  10   1   1   4   6  14   5   5   0   1  27   0   0  11  0.24 0.22
  148 G   -2 -3  1  2 -4  0  1  5 -1 -4 -3 -2 -4 -1 -4 -2 -2 -4  0 -3    2   0   6  12   0   5   9  49   1   0   3   2   0   3   0   2   2   0   4   2  0.67 0.33
  149 F   -3 -1 -4 -2 -4 -3 -3 -3 -1  1  1 -4  5  4 -5 -3 -2  0  6 -2    1   3   0   3   0   1   1   1   1  10  10   0  16  17   0   2   2   1  31   0  0.81 0.40
  150 D    0 -2  0  3 -3  1  1  0  2 -2 -2 -1 -2 -3 -1  2  0 -3 -1 -2    8   1   4  23   0   5   7   7   5   2   3   1   0   0   2  22   6   0   2   1  0.30 0.19
  151 P    0 -2  0  3 -4  0  2 -2 -2 -3 -3 -1 -2 -4  4  0  1 -4 -4 -1    6   0   5  16   0   4  14   2   1   1   1   3   1   1  26   7   8   0   0   4  0.50 0.25
  152 V   -1 -2  1  0 -3 -2 -1  0  0  0 -2 -1  1  0 -3  1  3 -3  2  0    1   1   7   6   0   0   4   8   2   7   1   4   4   3   0   9  28   0   8   8  0.20 0.20
  153 L   -1 -3  0 -2 -1 -3 -3  2 -2  4  0 -2 -1  0 -3  1 -1 -4 -1  0    4   1   4   1   1   0   1  16   1  37   6   1   1   3   1  14   2   0   2   4  0.31 0.24
  154 Q   -2 -2  1 -3 -5  7  3 -3 -3 -4 -3 -2 -3 -5 -1  0 -2  0 -4 -3    3   0   6   0   0  59  15   1   0   1   2   0   0   0   3   5   1   1   0   2  1.20 0.55
  155 I   -3 -5 -4 -4 -2 -3 -4 -3 -5  3 -2 -4  2  1  7 -2 -2 -5 -4  1    1   0   0   0   1   1   0   1   0  18   2   0   5   6  53   2   2   0   0   8  1.27 0.49
  156 R   -3  7  0  1 -6 -2 -2 -4 -1 -5 -5 -1 -4  0 -4 -1 -2 -5 -4 -2    1  69   4   8   0   0   1   1   1   0   0   0   0   5   1   4   2   0   0   3  1.33 0.56
  157 Y   -5 -4 -6 -7  1 -3 -6 -4 -3  0 -2 -6  1  5 -6 -5 -5 10  4 -1    0   1   0   0   3   1   0   1   0   5   2   0   4  25   0   0   0  42  12   4  1.90 0.63
  158 H   -3 -1  2 -1 -1  4  0 -4  6  0  0  0  2 -2 -4 -2  1 -4 -1 -1    0   2   9   2   1  21   4   0  21   6   9   5   7   1   0   0   8   0   1   3  0.46 0.30
  159 S    3 -3 -3 -3 -4 -2 -3 -1 -2 -3 -2 -3  3  3 -3  2 -2  1  5 -3   24   1   0   1   0   1   0   3   0   0   2   0  11  10   1  18   1   1  26   0  0.63 0.37
  160 V   -2 -1  3 -2  1 -1 -2 -4 -3  2  0 -1 -2 -3 -4 -1  0 -4 -2  4    1   3  16   1   3   2   2   0   0  13   6   5   0   0   0   5   5   0   1  38  0.39 0.27
  161 L   -2  0 -2 -2  0 -2 -1 -4 -3  2  2  4 -1 -2 -4 -2  1 -4 -3  0    1   2   1   1   2   0   3   0   0  14  24  36   1   1   0   1   9   0   0   4  0.43 0.30
  162 D   -4 -3  2  5 -5 -3 -1 -2  2 -5 -5 -1 -4 -1  2 -1 -1 -3  5 -5    0   1  11  39   0   0   2   2   4   0   0   3   0   2   9   4   3   0  21   0  0.86 0.41
  163 L   -1 -1 -4 -4 -1 -3 -4 -4 -4  3  4  1  1  0 -4 -3 -2 -3 -2  0    6   3   0   0   1   0   0   0   0  15  52   9   3   4   0   1   1   0   1   2  0.56 0.29
  164 K    0  0 -1  1 -1  1  3 -2 -1 -3 -3  3 -2 -3 -2  1  1 -3 -3 -2    8   4   2   7   1   5  25   1   1   1   1  20   0   0   1   8  12   0   0   2  0.37 0.21
  165 D   -2 -3  3  5 -4  0  1  4 -2 -4 -4 -2 -2 -3 -1 -1 -2 -4 -3 -4    1   1  13  32   0   4   7  30   1   1   1   1   1   1   3   2   2   0   1   1  0.68 0.29
  166 K   -2 -1 -2 -1 -3  0 -1 -3 -2  1  1  3  0  3 -1 -2 -2 -2  1 -1    2   1   1   4   0   4   4   1   1  12  12  28   1  17   2   1   2   0   4   3  0.25 0.18
  167 T   -1 -3  1  3 -3 -2  0 -1 -1 -2 -3 -1 -3 -3 -2  3  5 -4 -3 -2    2   0   5  15   0   0   4   4   1   1   1   2   0   1   1  23  37   0   0   2  0.58 0.32
  168 A    0 -2  0  2 -1  0  4 -3 -2 -4 -3  0 -2  0  2  0 -1 -4 -1 -3    9   1   3  10   1   2  37   1   0   0   2   6   1   6   9   8   3   0   2   0  0.43 0.26
  169 D    0 -1  0  4 -5  1  4 -3 -2 -5 -5  3 -4 -5 -2 -1 -2 -5 -3 -4    6   1   4  23   0   6  27   0   0   0   0  23   0   0   1   3   2   0   1   0  0.68 0.33
  170 D   -1 -1  2  3 -4  2  3 -3 -2 -4 -3  1 -3 -4 -3  1  1 -4 -2 -3    4   1  11  18   0   9  20   0   0   0   2   7   0   0   0  13  11   0   1   1  0.45 0.26
  171 I   -3 -4 -5 -6 -3 -4 -5 -6 -3  3  5 -5  1  0 -5 -4 -3  0 -1  1    1   0   0   0   0   0   0   0   1  18  63   0   2   2   0   0   0   1   2   9  0.98 0.40
  172 I   -1 -1 -2 -3 -2 -2 -1 -4 -1  1  3 -1  1  1 -1  0  0 -1 -1 -1    2   3   1   1   0   1   6   0   1  10  40   3   3   7   3  11   4   1   1   2  0.23 0.18
  173 K    1 -1  2  0 -4  2  0 -3 -3 -4 -4  6  0 -5 -3 -1 -2 -5 -4 -4   12   1   9   5   0   7   4   1   0   0   1  51   2   0   0   4   2   0   0   0  0.75 0.38
  174 N   -1 -2  2  0 -3  0  1 -1  1 -3 -3  0 -3 -4 -3  4  1 -4 -3 -3    2   1   8   4   0   4   9   4   3   1   2   6   0   0   0  45   7   0   0   0  0.51 0.30
  175 M   -3 -3 -4 -4 -2 -3 -4 -4 -2 -1  1 -3  5  6 -4 -3 -2 -1  4 -1    1   1   1   1   1   1   1   1   0   2   9   1  19  40   1   1   2   0  15   4  0.97 0.37
  176 D    0 -2  2  3 -3 -1  1 -2  2 -3 -3 -1 -3 -3  2  3 -1 -4 -2 -3    4   1   9  19   0   2   9   2   5   1   2   2   0   0  10  29   2   0   1   1  0.42 0.23
  177 G   -2  1  0 -2 -4  0 -1 -2  0 -4 -4  5 -3 -3  0  2 -1 -3  3 -3    2   6   4   1   0   4   1   2   2   1   1  41   0   0   5  17   2   0  12   1  0.57 0.31
  178 L   -1  2  2  0 -3  3 -1 -1  2 -2 -1  3 -1 -3 -3  0 -1 -3 -2 -3    2  13   9   4   0  16   1   4   6   3   7  22   2   0   0   5   3   0   1   1  0.30 0.20
  179 R    1  2  0 -3  0 -3 -3  1 -3 -3 -1 -2  0 -2 -3  0  5 -4 -3 -1   11  11   4   0   2   0   0  12   0   0   6   0   2   1   0   3  42   0   0   4  0.49 0.32
  180 K   -4  6 -3 -4 -3  2 -2 -5 -3 -3 -5  5 -4 -6 -4 -2 -4 -6 -5 -4    0  49   0   0   1   7   0   0   0   2   0  39   0   0   0   1   0   0   0   0  1.44 0.56
  181 R   -2  6 -1 -3 -5  3 -2 -3 -2 -5 -4  1 -3 -3  0  0 -2  3  3 -4    3  43   2   0   0  13   1   1   0   0   1   6   0   0   6   6   2   4  13   0  0.81 0.40
  182 N    1 -1  5  0 -3 -1 -2 -3  0 -2  1  0 -1 -2 -3  1  0 -4  1 -2   11   2  33   3   0   2   0   0   1   1  15   7   1   1   0  11   4   0   7   1  0.38 0.27
  183 T   -3 -3 -5 -5 -3 -4 -5 -6 -5  6  1 -4  2 -1 -5 -4  0 -5 -3  4    1   1   0   0   0   0   0   0   0  48  13   0   5   1   0   0   6   0   0  25  0.97 0.41
  184 K   -2  4  3 -3 -5  1 -2 -4  1 -4 -5  6 -3 -5 -4 -2 -2 -5 -4 -5    2  25  13   0   0   4   0   0   3   1   0  49   0   0   0   1   1   0   0   0  1.09 0.47
  185 K   -2  1  0  0 -4 -1 -2 -4  0 -2 -1  5 -3 -1 -3 -1  2 -5 -3 -2    1   6   3   6   0   1   0   0   3   3   6  47   0   2   0   2  17   0   0   2  0.61 0.36
  186 V    5 -4 -1 -4 -3 -3 -2 -2 -4 -2 -4 -3 -3 -2 -3  1  3 -5 -1  1   54   0   3   0   0   0   1   1   0   1   0   0   0   2   0   9  17   0   2   8  0.74 0.41
  187 K   -1  2 -1 -1 -3  2  1 -2  0  1  0  2  0 -1 -3 -1 -1 -2  1 -1    3  11   2   3   0  13   8   3   1  11   9  18   3   3   0   1   4   0   6   1  0.16 0.16
  188 K   -2  1  4  0 -5  1  2 -3 -1 -5 -5  4 -4 -5 -3  0  1 -5 -4 -4    3   6  19   5   0   6  15   0   1   0   0  31   0   0   0   6   7   0   0   0  0.62 0.33
  189 N   -2  2  2 -3 -4 -1 -1 -4 -2 -2 -2  3  3  4 -4  0 -3 -3  3 -3    2  11   9   0   0   2   3   0   0   2   1  22  11  18   0   9   0   0  11   0  0.46 0.31
  190 G   -3 -5  1 -3  0 -3 -5  7  0 -6 -6 -3 -2 -1 -4 -2 -4 -5 -2 -6    0   0   6   1   2   1   0  79   2   0   0   1   1   3   1   1   0   0   2   0  1.61 0.57
  191 V   -3 -5 -5 -6 -3 -5 -5 -6 -6  5  1 -5 -1 -3 -2 -4  0 -5 -4  5    0   0   0   0   0   0   0   0   0  31  10   0   1   0   2   0   6   0   0  50  1.06 0.45
  192 K   -3  1 -2 -1 -5  3  3 -4  1 -2 -3  4 -2 -2 -3  0  1 -4 -3 -2    0   6   1   1   0  14  24   0   3   3   2  29   0   1   0   4   9   0   1   2  0.54 0.31
  193 V   -3 -5 -5 -5  1 -5 -5 -4 -5  4  1 -5 -1 -2 -5 -4  1 -5 -2  5    0   0   0   0   3   0   0   1   0  24  11   0   0   1   0   0   9   0   1  51  0.96 0.42
  194 R   -3  5 -3 -3 -1  2  2 -4 -1 -1 -2  3 -3 -3 -4 -2 -1 -4  0 -3    0  41   0   0   1   7  13   0   1   5   4  16   0   1   0   2   3   0   4   1  0.70 0.36
  195 F   -2  2  0 -1 -4  1  2 -4 -1  0 -2  1  0  3 -1 -1  1 -3  0 -1    0  15   4   2   0   6  18   0   0   7   2   6   2  15   3   1  11   0   3   4  0.23 0.20
  196 L    0 -4 -4 -5  0 -4 -4  3 -4  1  4 -4 -1 -2 -5 -2 -3  0 -2 -1    8   0   0   0   2   0   0  21   0   8  52   0   0   1   0   2   0   1   1   2  0.63 0.34
  197 S   -1 -1  2  1 -4  0  0  3  1 -4 -4  1 -3 -5 -1  2  1 -5 -4 -4    1   2  11   8   0   3   7  25   3   0   0   7   0   0   3  20  10   0   0   0  0.42 0.25
  198 E   -2  4 -2 -2 -4  0  2 -4 -1  2 -1  1  1 -2 -1 -1 -1 -4  0 -1    3  28   0   1   0   3  14   0   1  16   5  10   4   1   3   3   3   0   3   3  0.32 0.23
  199 E   -3 -3  1  5 -6 -2  5 -3 -1 -6 -6 -1 -5 -5 -4  0 -2 -6 -1 -5    1   0   5  33   0   0  47   1   1   0   0   2   0   0   0   7   1   0   2   0  1.15 0.49
  200 E   -3 -3 -1  3 -3  1  5 -1 -1 -3  0 -1 -3 -4 -4 -2 -2 -5 -2 -3    0   0   2  16   1   4  50   6   1   1  13   2   0   0   0   1   2   0   1   1  0.73 0.39
  201 L   -2 -4 -5 -3 -2 -4 -5 -5 -5  1  5 -4  1  1 -5 -3  1  1 -3  1    2   0   0   1   1   0   0   0   0   7  64   0   2   5   0   1   9   2   0   7  0.84 0.39
  202 P   -2 -2  1  4 -5  0  2 -1  3 -5 -5  1 -4 -5  4  0 -2 -5 -2 -4    2   1   6  27   0   4  13   3   8   0   0   8   0   0  20   5   2   0   1   1  0.63 0.30
  203 I   -1  1 -2  2 -3  0  1 -3 -2  3  0  0  0 -2 -3 -1  1 -4 -2  1    3   8   0  15   0   5   8   0   1  22  10   6   1   0   0   4   8   0   0   8  0.17 0.16
  204 F   -4 -6 -7 -7 -6 -7 -7 -7 -5 -4 -1 -7 -3  9 -7 -6 -6 -3  0 -4    1   0   0   0   0   0   0   0   0   0   3   0   0  95   0   0   0   0   0   0  2.79 0.84
  205 R    2  1 -2  0 -3  0 -1 -3  2 -3 -1  3 -2  1 -3  1 -2 -3  3 -2   22   5   0   7   0   3   2   0   5   0   5  21   0   5   0  11   1   0  12   1  0.29 0.24
  206 S    0  1  1  3 -4  1  3 -2  1 -4 -4  2 -3 -1 -3  1 -1 -4 -3 -4    7   6   5  19   0   6  22   2   3   0   1  15   0   3   0   9   3   0   0   0  0.41 0.24
  207 F   -2 -4 -3 -5 -1 -4 -5 -5 -5  4  4 -4  2  1 -5 -4 -3 -4 -2  2    3   0   1   0   1   0   0   0   0  28  45   0   4   5   0   0   0   0   0  11  0.79 0.35
  208 M   -3 -4 -1 -5  0 -3 -2 -5 -1  1  1 -4  7  2 -5 -3  2 -3  2  0    0   0   3   0   2   0   3   0   1   8  10   0  36   9   0   0  16   0   7   6  0.75 0.40
  209 E    0  2 -1  0 -4  3  2 -3  2 -4 -3  3 -3 -4 -3  1 -1 -4 -2 -2    7   9   2   4   0  12  16   0   5   0   1  26   0   0   0  12   3   0   1   3  0.44 0.26
  210 D    0  0 -2  1  1  0  2 -3  0  0  0  2  3 -3 -3  1 -1 -4 -1 -1    5   4   0   7   4   2  16   0   3   6   8  17  11   0   0  10   2   0   3   1  0.18 0.18
  211 T    1 -5 -3 -4 -4 -4 -4 -5 -5 -4 -5 -4 -4 -6 -4  0  7 -6 -5 -3   11   0   0   0   0   0   0   0   0   0   0   0   0   0   0   4  85   0   0   0  1.87 0.73
  212 S    2 -2 -3 -2 -2 -2  5  2 -3 -5 -5 -2 -3 -5 -4  3 -2 -5 -4 -4   15   2   0   0   1   0  41  18   0   0   0   0   0   0   0  21   1   0   0   0  0.78 0.42
  213 E    0 -2  1  3 -5  1  5 -2 -2 -5 -4  2 -4 -5 -3 -1 -2 -5 -4 -3    7   0   6  16   0   5  42   2   1   0   1  14   0   0   0   3   2   0   0   1  0.73 0.36
  214 S   -4  8 -4 -5 -7 -2 -2 -6 -4 -5 -6  2 -5 -6 -5 -2 -2 -6 -5 -6    1  85   0   0   0   0   2   0   0   1   0   8   0   0   0   2   2   0   0   0  2.06 0.71
  215 K   -2  3 -2  2 -3  2 -2 -4  4 -2 -1  5 -3 -5 -4 -2 -1 -5 -3 -4    1  15   0  11   1   9   0   0  10   3   5  39   0   0   0   0   4   0   0   0  0.69 0.37
  216 A   -2 -3  3  2 -5 -1  1  5  2 -5 -5 -2 -4 -5 -4 -1 -2 -5 -4 -4    2   0  18  12   0   2   8  44   6   0   0   2   0   0   0   4   1   0   0   1  0.83 0.37
  217 F   -5 -6 -6 -6 -5 -6 -6 -6 -4  4 -2 -6  0  7 -6 -5 -4 -2  4  0    0   0   0   0   0   0   0   0   0  25   0   0   2  55   0   0   0   0  13   5  1.59 0.57
  218 A    1 -1  1  0 -3 -1  1 -3  4 -1 -1  1 -1 -2 -3  2  0 -4 -1 -1   14   1   6   5   0   2   8   0  16   4   7   8   2   1   0  16   6   0   1   5  0.20 0.18
  219 D   -2 -3 -1  4 -3 -3 -1 -3 -2  0  2 -3 -1  2 -2  0  0 -3  1  0    2   0   1  26   0   0   2   1   1   4  29   0   0   8   1   6   7   0   5   6  0.33 0.24
  220 R   -4  7 -3 -4 -6  1 -3 -5  0 -6 -3  4 -1 -6 -5 -3 -4 -6 -3 -5    0  63   0   0   0   5   0   0   2   0   2  24   2   0   0   1   0   0   1   0  1.55 0.59
  221 D   -2 -3  3  4 -4 -2  1  2 -1 -5 -5 -2 -4 -5  1  2  0 -5 -4 -4    1   0  17  28   0   0  10  14   1   0   0   1   0   0   7  16   5   0   0   0  0.64 0.32
  222 D   -2  1 -1  1 -3  0  2 -2 -1  1  3  1 -1 -1 -2 -2 -2 -3 -1 -1    2   7   3   9   0   3  13   2   1   8  33  10   0   1   1   2   0   0   3   1  0.19 0.18
  223 K    1 -2  0  5 -4 -1  2 -2 -2 -5 -5 -1 -4 -5  1  2 -1 -5 -4 -3   14   1   2  35   0   2  15   1   0   0   0   2   0   0   6  19   2   0   0   1  0.67 0.34
  224 F   -5 -6 -6 -7 -6 -5 -6 -7 -2 -5 -5 -6 -5  4 -7 -3 -5 -1  9 -5    0   0   0   0   0   0   0   0   0   0   0   0   0  13   0   2   0   0  85   0  2.78 0.86
  225 Y   -4 -6 -6 -7 -6 -6 -6 -7 -1 -4 -4 -6 -2  7 -7 -5 -5 -2  8 -4    1   0   0   0   0   0   0   0   1   0   0   0   1  49   0   0   0   0  49   0  2.28 0.73
  226 Y   -3  2 -2 -2 -3  4  4 -4  1 -3 -3  3 -2 -2 -4 -2 -1 -4  2 -3    0  11   1   1   1  21  29   0   2   1   1  17   0   1   0   0   3   0  10   1  0.68 0.37
  227 N   -2  1  3  2 -4  1  1 -2  2 -4 -3  3 -2 -4 -3  0  0 -5 -2 -3    2   5  19  11   0   7   8   1   6   0   1  23   1   0   0   6   7   0   1   1  0.43 0.25
  228 R   -3  0 -5 -5 -4 -3 -5 -5 -4  2  4 -4  5  3 -5 -4 -3 -3 -2  1    2   5   0   0   0   1   0   0   0  12  44   0  15  16   0   0   0   0   0   6  0.79 0.36
  229 L   -3 -3 -3 -5 -4  1 -3 -5 -1  0  2  1  4  2 -5 -4 -3 -2  6 -2    1   0   1   0   0   8   0   0   1   4  25  11  14   7   0   0   0   0  29   0  0.74 0.39
  230 K   -2  0  1  6 -5  0  2 -4 -2 -4 -4  2 -3 -5 -4 -2  1 -6 -5 -4    2   6   5  44   0   2  15   0   0   1   1  13   0   0   0   1   8   0   0   1  0.83 0.38
  231 Y    1 -3  2 -2  0 -2  0 -3  1  2 -1 -2  0 -1 -3  1  3 -3  1  0   12   0   9   0   2   1   5   0   4  13   2   1   3   1   0  12  25   0   5   5  0.25 0.22
  232 Y   -5 -5 -6 -6 -5 -5 -6 -6 -3 -1  2 -5 -2  6 -6 -5 -2  0  7 -3    0   0   0   0   0   0   0   0   0   2  16   0   0  35   0   0   2   1  44   0  1.62 0.58
  233 K   -1 -3  0 -2 -5  0 -1  5  2 -5 -5  2 -4 -5  2 -2 -3 -5 -3 -5    4   0   3   1   0   3   3  51   5   0   0  16   0   0  11   2   0   0   1   0  0.89 0.39
  234 D   -3 -3  2  6 -6 -1  3 -1 -2 -6 -6 -1 -5 -6  1 -1 -3 -6 -5 -5    0   0   8  48   0   1  23   5   1   0   0   2   0   0   7   4   1   0   0   0  1.06 0.44
  235 R   -2  2  3  4 -5  2  0 -3  3 -5 -4  3 -2 -2 -3 -1 -2 -5 -1 -4    1  11  13  22   0  10   2   0   9   0   1  22   1   2   0   4   1   0   2   0  0.58 0.31
  236 V    5 -4 -4 -4  3 -3 -4 -2 -4 -1 -2 -3 -2 -2 -4  2 -1 -5 -4  1   61   0   0   0   6   0   0   2   0   3   2   0   1   1   0  14   1   0   0   8  0.85 0.44
  237 L   -1  0 -2 -1 -1 -1  2 -4  2  0  1  2  2  1 -3 -2 -2 -2  4 -2    3   4   0   4   2   1  18   0   6   4  12  14   7   6   0   1   2   0  16   2  0.26 0.21
  238 V   -3 -5 -5 -6 -4 -5 -5 -6 -4  3  3 -5  0  6 -5 -3 -3 -3  0  1    1   0   0   0   0   0   0   0   0  20  33   0   1  32   0   1   1   0   2   8  0.92 0.38
  239 P   -2 -3 -3 -4  0 -2 -3 -4  2 -1  1  1  5  1  2 -2  2 -3  2  1    1   0   0   0   2   1   0   0   5   2  10  10  20   7   9   0  14   0   7  11  0.35 0.27
  240 L   -1 -4 -5 -5 -3 -4 -5 -5 -5  3  4 -4  3  1 -5 -4 -3 -4 -1  2    4   0   0   0   0   0   0   0   0  14  49   1   9   5   0   0   0   0   2  16  0.77 0.35
  241 A    6 -4 -4 -5 -3 -4 -4 -3 -5 -3 -4 -4 -4 -3 -4  1  0 -5 -4  1   76   0   0   0   0   0   0   0   0   0   0   0   0   1   0   8   5   0   0  10  1.26 0.56
  242 Y   -3  0 -3 -3  0 -1  3 -4  0 -4 -4  3 -2 -1 -4  0  1 -2  6 -3    0   4   0   0   2   1  18   0   1   0   0  17   1   1   0   6  11   0  35   1  0.76 0.41
  243 I   -2 -5 -5 -6 -3 -5 -5 -6 -5  5  4 -5  1 -1 -5 -4 -2 -4  0  2    2   0   0   0   0   0   0   0   0  37  42   0   3   2   0   0   2   0   3  10  0.91 0.39
  244 N   -4 -3  6  5 -6 -3  0 -4  3 -4 -6 -2 -5 -6 -2 -1 -3 -6 -3 -5    0   0  43  37   0   0   4   0   7   1   0   1   0   0   2   3   0   0   1   0  1.32 0.53
  245 F   -2 -4 -4 -5  3 -4 -4 -5 -4  1  3 -4  0  5  2 -3 -1 -3  0  1    1   0   0   0   8   0   0   0   0   9  30   0   1  25  12   2   3   0   2   8  0.59 0.29
  246 D    0  0  1  3 -4  1  2 -2  0 -3 -4  2 -2 -4  3  0 -1 -4 -3 -2    6   2   8  18   0   7  14   2   1   1   0  14   0   1  14   8   2   0   0   2  0.39 0.21
  247 E    0  0  0  3 -4  1  3 -3  0 -3 -3  2 -3 -4  0 -1  0 -4 -2 -2    9   3   4  15   0   5  26   0   2   1   1  17   0   0   3   3   7   0   1   2  0.40 0.23
  248 Y   -1  2 -3 -2 -4  0 -3 -4  0 -3 -1 -2  0  1 -4 -2 -3 -1  7 -1    6  12   1   2   0   5   0   0   1   0   7   1   2   3   0   3   0   0  51   5  0.97 0.44
  249 I   -2 -1 -4 -2 -3  0 -2 -3 -2  3  4  0  0 -1 -4 -2 -2 -3  0  0    1   3   0   2   0   5   2   1   1  19  46   6   1   1   0   2   1   0   3   4  0.42 0.25
  250 K    2  0  1  1 -3  1  3 -2  0 -3 -3  2 -2 -4 -2  0  1 -4 -3 -3   17   3   8   9   0   7  19   2   2   1   1  16   1   0   1   5   8   0   0   1  0.32 0.20
  251 E   -1  0  2  1 -4  2  3 -2  3 -3 -2  1 -2 -2 -3  1  0 -3  1 -2    3   2  10   6   0  10  21   2   8   1   4   8   0   1   0  10   6   0   6   1  0.28 0.19
  252 L   -2 -4 -3 -5 -1 -1 -2 -5 -4  2  5 -4  1  0 -4 -3  1  0  0  0    2   0   1   0   1   4   3   0   0  11  56   0   2   3   0   0   8   1   3   4  0.64 0.35
  253 N   -2  0  2  1 -4  4  3 -3  0 -3 -3  3 -3 -4 -3 -1  1 -4 -2 -3    1   4  12   5   0  20  20   1   2   2   1  17   0   0   0   2   9   0   1   1  0.50 0.30
  254 E    0 -1  1  1 -4  3  3 -1  0 -2 -2  2 -2 -4 -2  0  0 -4 -2 -2    8   1   5   7   0  15  25   3   2   3   3  14   0   0   1   5   4   0   1   2  0.33 0.23
  255 E   -1  2  1  1 -4  3  3 -3  0 -3 -3  3 -3 -4 -3 -1  0 -4 -3 -3    3   9   6   7   0  15  25   1   1   1   1  21   0   0   0   3   4   0   0   1  0.53 0.29
  256 R   -1  1 -2 -3 -1  2 -2 -3  1  2  2  0  1 -1 -3 -2 -2 -2  1  0    3  10   1   1   1  12   2   1   3  16  29   6   2   1   1   1   2   0   5   3  0.23 0.19
  257 D    1 -1  2  2 -3  1  2 -2 -1 -2 -1  0 -2 -3 -2  1  0 -4 -3 -2   16   2  11  15   0   7  17   2   1   3   7   6   0   0   1   9   3   0   0   2  0.24 0.17
  258 I    0  1  1  1 -3  2  2 -2  0 -2 -1  3 -2 -3 -2  0  0 -4 -3 -1    6   5   7   6   0  11  12   2   1   3   5  24   0   1   0   6   6   0   0   5  0.23 0.17
  259 L   -1 -3 -2 -4 -1 -2 -2 -4 -4  2  5 -3  1  1 -4 -3 -2 -3  0  0    6   0   2   0   1   2   2   1   0  10  57   1   2   6   0   1   1   0   2   5  0.60 0.31
  260 N    0  0  3  1 -4  2  3 -2 -1 -2 -2  1 -3 -4 -3  1  0 -3 -3 -2    6   5  15   6   0  10  23   2   1   3   4   8   0   0   0  10   4   0   0   1  0.34 0.22
  261 K    1  0  1  1 -4  2  2 -2 -1 -2 -2  4 -2 -4 -3  0  0 -4 -3 -2   11   3   7   7   0  12  11   1   1   3   4  28   0   0   0   4   6   0   0   2  0.33 0.23
  262 D   -1  1  0  2 -4  3  3 -3 -1 -2 -3  3 -3 -4 -3 -1  0 -4 -3 -2    6   7   4  13   0  12  21   1   1   2   2  20   0   0   0   2   5   0   0   2  0.43 0.25
  263 L   -2  0 -4 -4 -3 -2 -1 -4 -2  4  3  0  1 -1 -4 -2 -2 -3  0  1    2   5   0   0   0   1   5   1   1  28  33   5   4   1   0   2   0   0   4   7  0.41 0.25
  264 N    2 -1  2  2 -3  0  3 -2 -2 -2 -2  0 -1 -3 -2  0  0 -4 -3 -2   21   2  10  12   0   2  21   2   1   2   3   6   1   1   0   7   7   0   0   1  0.30 0.20
  265 K   -1  1  0  1 -4  2  3 -2 -2 -3 -2  4 -2 -3 -2 -1 -1 -4 -3 -2    4   7   4   8   0   9  17   2   0   1   4  32   1   1   1   3   3   0   0   3  0.42 0.24
  266 A    0  0 -2 -3  1 -1 -2 -3 -3  2  3 -1  0 -1 -3 -1  1  0 -2  1   11   6   2   1   3   2   2   1   0  11  32   3   1   2   1   2  10   1   0   9  0.19 0.15
  267 L   -1  0  1  2 -3  2  2 -2  0 -1  0  1 -1  0 -2 -1 -1 -3 -1 -1    5   5   7  10   0  10  17   2   2   5  10  10   0   5   1   3   2   0   1   4  0.13 0.10
  268 K    1  1  1  1 -3  2  2 -2 -1 -2 -1  2 -1 -3 -2  0  1 -3 -2 -2   12   7   7   7   0  10  15   2   1   2   6  15   1   1   1   4   8   0   1   2  0.19 0.13
  269 D    0  1  0  3 -3  0  1 -2  1 -2 -2  3  1 -1 -2 -1 -1 -3 -2 -2   10   5   2  20   0   3  10   2   3   2   4  22   4   4   1   2   3   0   1   1  0.26 0.17
  270 I   -1 -2 -2 -2 -1 -1 -2 -3 -1  2  4 -1  2 -1 -2 -1  0 -2  0  0    3   1   2   3   1   2   1   1   2  13  43   4   5   2   1   4   5   0   3   4  0.29 0.18
  271 E    2 -1  0  1 -3  1  4 -2 -2 -2 -3  1 -2 -3 -2  0  0 -3 -2 -2   18   2   3   6   0   6  34   1   0   2   2   8   1   1   1   7   5   0   2   2  0.39 0.23
  272 K   -1  0  1  0 -3  1  3 -1 -1 -2 -3  4 -2 -3 -2 -1 -1 -3 -3 -2    5   4   8   5   0   5  23   4   1   2   2  30   1   1   1   3   2   0   0   3  0.41 0.23
  273 R   -2  1  3  0  1 -1  1  0  1 -2 -1  1 -2 -2  0  0  1 -3  0 -2    1  10  22   2   4   1   8   6   4   1   6   8   0   2   3   6  10   0   3   2  0.20 0.15
  274 P   -1 -2  1 -1 -4 -1 -1 -2 -3 -2 -3  2 -3 -3  6  0 -1 -4 -3 -2    3   2   6   2   0   3   3   3   0   2   2  15   0   1  43   5   4   0   0   3  0.84 0.33
  275 E   -1 -1  3  2 -3  2  2 -1  1 -3 -2  2 -2 -3  0  0  0 -3 -2 -2    3   1  19  12   0   8  13   4   4   1   3  14   0   1   4   4   4   0   1   2  0.31 0.19
  276 N    0 -2  3  0 -3 -1 -1  0  0 -2 -3  0 -3 -2 -1  4  1 -4 -2  0    5   1  13   3   0   2   2   6   2   2   1   5   0   1   3  36   9   0   1   6  0.34 0.24
  277 K    0  0 -1  1 -4  1  2 -3 -2 -3 -3  5 -3 -4 -2 -1  0 -4 -3 -2    8   2   1   9   0   6  14   1   1   1   2  41   0   0   2   3   7   0   0   2  0.56 0.31
  278 K   -1  1 -2 -2 -4  0 -1 -3 -3 -2 -4  7 -3 -5 -3 -2 -1 -5 -4 -2    5   6   1   1   0   3   2   2   0   2   1  69   0   0   1   1   3   0   0   3  1.18 0.50
  279 A    1  1  2 -1 -2  2  0 -2 -1 -1 -1  2 -2  0 -1  0  1 -3  1 -1   11   6  10   1   1  11   3   1   1   3   4  17   0   4   2   6  12   0   5   2  0.16 0.15
  280 H   -1  1  2  0 -3  2  2 -3  2 -1  0  3 -1 -3 -1 -1 -1 -3 -1 -2    3   6   9   3   0   9  12   1   6   4   9  26   1   1   2   1   3   0   2   1  0.27 0.19
  281 N   -3  3  6 -2 -5  0 -2  0 -3 -5 -5  4 -4 -5 -4  0  0 -5 -4 -4    0  14  38   1   0   3   1   6   0   0   0  25   0   0   0   5   6   0   0   1  0.89 0.44
  282 K   -1  3 -3 -3 -6  5  1 -4 -2 -5 -4  5 -1 -3 -4 -3 -3 -5 -4 -5    4  14   0   0   0  30   7   0   1   0   1  40   2   1   0   0   1   0   0   0  1.08 0.53
  283 R   -2  2 -3 -4 -4 -2 -2 -4  1  3  3  2 -1  0 -4 -2 -2 -3  1 -1    2  11   1   0   0   1   1   0   4  20  32  16   0   3   0   2   1   0   4   2  0.38 0.27
  284 D    1  2  1  0 -3  0  2 -2 -1 -4 -4  4 -3 -1 -3  0  1 -4 -3 -3   11  12   8   5   0   3  12   1   1   0   0  28   0   4   0   5   8   0   0   1  0.38 0.25
  285 N   -2  2  1  2 -5  4  4 -4 -2 -4 -3  1 -3 -5 -3 -2  0 -5 -4 -2    1  12   8  10   0  18  30   0   0   0   2   6   0   0   1   0   7   0   0   3  0.62 0.35
  286 L    0 -4 -3 -4 -3 -3 -2 -4 -3  1  4 -3 -1  2 -4 -3 -1 -3  0  0   10   0   2   1   0   1   2   1   0   8  54   1   0   8   0   0   3   0   4   6  0.60 0.34
  287 Q   -1 -1  2  2 -4  3  3 -3  0 -2 -2  1 -2 -4 -3  0  1 -5 -4 -2    2   2  11  13   0  13  23   1   1   2   3  10   0   0   0   8   8   0   0   3  0.41 0.27
  288 Q   -2  0  2  3 -5  4  3 -3  0 -4 -5  2 -2 -5 -3  1 -1 -5 -4 -3    2   4   8  14   0  21  18   0   2   1   0  15   1   0   0  11   2   0   0   1  0.59 0.34
  289 Q   -2  0  2 -2 -6  7  2 -4 -3 -4 -2  1 -4 -6 -4 -3 -2 -5 -3 -5    3   3   8   1   0  55  13   1   0   1   5   8   0   0   0   0   2   0   1   0  1.16 0.58
  290 L   -2 -1 -4 -3 -3 -1 -1 -5 -1  3  3  1  1  1 -4 -3 -2 -1  1  1    2   2   0   1   0   3   5   0   2  22  33  10   3   6   0   1   1   1   5   6  0.36 0.25
  291 D    2 -1  2  3 -4  2  2 -2 -2 -2 -2  0 -3 -4 -3  0  1 -4 -3 -2   21   3   8  16   0   9  16   2   0   1   3   4   0   0   0   4  10   0   0   1  0.34 0.24
  292 A    1  0 -1 -2 -3  1 -1 -2  2 -1 -2  1 -2  2 -3  3  1 -4 -2 -2   14   5   1   2   0   5   2   1   5   4   1   9   1  10   0  30  10   0   0   1  0.30 0.26
  293 N   -1 -3  2 -1 -1  0 -2 -3  2  0  3 -2  0  2 -4 -2 -1  1  1  0    5   0  11   4   1   4   1   1   6   5  31   2   1  10   0   1   4   2   6   6  0.23 0.21
  294 E   -2  0  1  1 -5  4  4 -3 -1 -2 -3  2 -3 -4 -3 -1  0 -4  0 -2    1   2   5   9   0  21  26   0   1   2   2  14   0   0   0   3   5   0   3   3  0.53 0.34
  295 Q   -2  3 -1  0 -5  2  2 -2 -1 -3 -4  5 -3 -5 -3 -1 -1 -5 -4 -1    2  14   2   5   0   9  10   2   1   1   1  40   0   0   0   3   3   0   0   6  0.61 0.35
  296 K   -3  5 -1 -2 -5  1  2 -4  0 -3  0  4 -3 -3 -4 -1 -3 -4  2 -4    1  31   3   1   0   6  13   0   2   1   9  24   0   0   0   3   1   0   8   0  0.65 0.37
  297 I   -3 -1 -4 -4 -4 -2 -1 -5 -4  5  3  1  2 -2 -4 -4 -2 -2 -2  1    0   3   0   0   0   1   4   0   0  40  25  12   5   0   0   1   1   1   1   7  0.66 0.36
  298 E    1  0  2  2 -1  1  2 -2 -1 -3 -2  2 -2 -4 -2  1  1 -4 -3 -1   12   2  11  13   1   5  12   1   1   0   5  14   0   0   1  10   8   0   0   4  0.24 0.19
  299 E   -1 -1 -1  2 -5  3  5 -4  0 -3 -3  2  0  0 -4 -2 -3 -5 -4 -3    5   2   2  11   0  11  43   0   1   2   2  12   2   4   0   0   1   0   0   2  0.70 0.39
  300 G    3 -3 -3 -4  0 -2 -3  1 -3  1  1 -2  1  2 -3 -2  1 -3 -1  0   32   1   0   0   2   1   1  10   0   9  16   1   4   9   0   0   8   0   1   6  0.29 0.24
  301 K   -1  1  2  0 -3  3  3 -3  0 -3 -3  3 -2 -5 -3  0  0 -5 -3 -3    3   6   9   4   0  14  24   0   1   1   2  19   0   0   0   8   5   0   1   1  0.47 0.30
  302 R    0  0  0  1 -4  2  4 -2 -1 -3 -3  1 -2 -4 -2  1  1 -5 -4 -2    8   5   2   8   0  10  30   2   1   1   1   7   1   1   1  11   9   0   0   2  0.40 0.27
  303 L   -2 -3 -2 -3 -3  0 -2 -4 -2  1  4 -2  1  3 -4 -3 -2 -3  1 -1    2   1   2   1   0   6   2   0   1   8  46   2   3  14   0   1   2   0   6   2  0.50 0.29
  304 Q    0  0 -1  0 -3  1  0 -3 -1  3  0  1  1 -1 -1 -1 -1 -3  0  0    7   7   2   4   0   7   5   1   1  26  10   9   3   2   2   5   1   0   3   4  0.11 0.13
  305 E    1  0  0  2 -3  3  2 -2 -2 -1 -2  2 -2 -3 -2  0 -1 -4 -3 -1   13   3   3  11   0  18  16   2   0   5   3  12   0   0   1   6   4   0   0   3  0.28 0.20
  306 E   -1  1  0  0 -3  1  3 -3 -2 -3 -3  3 -2 -3 -3  0  2 -4 -1 -3    4   5   4   3   1   6  20   1   0   1   2  25   1   1   0   7  14   0   2   1  0.38 0.25
  307 H   -1 -2 -1  3 -3 -1  1 -1  5 -3 -3  0 -2 -1 -2  0 -2 -2  4 -2    5   1   2  17   0   1   9   5  18   1   1   7   1   1   1   6   1   0  19   3  0.48 0.27
  308 G   -2 -3  0 -1 -4 -2 -2  6 -4 -4 -5 -2 -4 -5  3 -1 -1 -4 -4 -3    2   1   4   3   0   1   3  58   0   0   1   2   0   0  13   3   4   0   0   2  0.99 0.41
  309 N   -1 -1  3  4 -4  1  2 -3  1 -4 -4  1 -3 -3  0  0 -1 -4 -3 -3    6   2  15  23   0   5  15   1   3   1   1  10   0   1   5   6   3   0   0   1  0.44 0.24
  310 E   -2 -1  0  1 -2  1  2  0 -2  1 -1  0 -1 -3 -1 -1  1 -4 -3  2    0   3   6   7   1   8  17   8   1  12   3   5   1   0   2   1   8   0   0  16  0.15 0.17
  311 L   -1 -4 -4  1 -3 -2 -3 -5 -5  4  3 -3  0 -3 -2 -3 -2 -5 -3  3    4   0   0   8   0   2   2   0   0  26  28   1   1   0   1   0   1   0   0  25  0.59 0.34
  312 P   -1 -4  2  0 -1 -2 -3 -4 -1  1 -2 -4 -2 -2  5 -3 -1 -4  2  2    3   0  10   6   2   1   0   0   2   7   2   0   0   1  34   0   4   0   9  20  0.70 0.39
  313 I   -2 -5 -6 -6 -4 -5 -5 -5 -5  3  5 -5  0  0 -5 -3 -3 -4 -3  3    2   0   0   0   0   0   0   1   0  18  55   0   1   2   0   1   0   0   0  18  0.98 0.45
  314 S    5 -4 -2 -4 -1 -4 -3 -3 -4 -3 -1 -4 -3 -5 -4  4 -1 -6 -5 -3   56   0   1   0   1   0   1   1   0   1   8   0   0   0   0  30   2   0   0   0  1.04 0.56
  315 A    4 -5 -4 -4  4 -4 -4  5 -5 -5 -4 -4 -4 -5 -4  0 -3 -5 -5 -2   42   0   0   0  10   0   0  38   0   0   1   0   0   0   0   6   1   0   0   3  1.07 0.52
  316 G    4 -4 -2 -4 -2 -3 -4  3 -4  0 -3 -3 -3 -4 -4  0  2 -4  0 -1   40   0   1   0   1   0   0  21   0   7   1   0   0   0   0   6  16   0   4   3  0.61 0.39
  317 F   -4 -5 -5 -6 -4 -5 -5 -6 -1  2  5 -5  2  1 -5 -1 -3 -4 -1  0    0   0   0   0   0   0   0   0   2   8  69   0   3   5   0   7   0   0   1   4  1.07 0.50
  318 F   -2 -4 -3 -5 -2 -4 -4 -4 -3  0  1 -4 -2  6 -5  1  1 -2  4 -1    2   1   1   0   1   0   1   1   0   6  15   0   0  38   0  11   9   0  13   2  0.77 0.41
  319 F   -3 -5 -5 -6 -2 -5 -5 -4 -5  5  2 -4  3  3 -5 -4 -1 -4 -2  2    1   0   0   0   1   0   0   1   0  39  18   0   7  15   0   0   3   0   0  15  0.87 0.41
  320 I    0  0 -2 -1  2  0  2 -2  0  1 -2  0 -1  2 -3 -1 -1  1  4  0    8   4   0   3   5   4  16   2   2  12   2   4   1   8   0   3   3   2  19   5  0.22 0.21
  321 N   -1 -3  3 -2  1  0 -3 -3  2 -4 -4 -3 -2  4 -4  0  2  0  5 -4    5   1  17   2   3   5   1   1   5   0   0   1   0  18   0   7  12   1  22   0  0.61 0.38
  322 P    0 -2  0 -1 -5 -2 -2  5 -3 -5 -5 -1 -5 -4  4 -1 -2 -5 -5 -3    7   1   5   4   0   2   2  47   1   0   0   3   0   1  21   2   2   0   0   1  0.88 0.42
  323 F   -2  1  3  2 -5  3  0 -2  3 -4 -4  1 -3  0 -2  0  0 -4  1 -4    1   6  18  12   0  18   5   2   7   1   1   8   0   4   2   5   5   0   6   0  0.41 0.28
  324 E   -3 -2 -2  0 -6 -1  6 -3 -1 -4 -5  2 -4 -6 -4 -2  3 -6 -5 -2    1   1   1   3   0   1  58   2   1   1   0  10   0   0   0   1  18   0   0   3  1.10 0.56
  325 V    2 -4 -2 -4 -1 -3 -4 -4 -4  1  0 -3  4 -2 -4  3  0 -5 -4  3   17   0   1   0   1   0   0   0   0   7   7   0  13   1   0  22   5   0   0  26  0.52 0.36
  326 V   -2 -4  0 -2 -4 -3  3 -5 -3  1 -1 -3 -1 -2 -4 -2  1  3  4  3    1   0   4   1   0   0  21   0   0   9   4   0   1   0   0   1  10   3  18  26  0.51 0.36
  327 Y   -5 -5  3 -5  1 -2 -5 -6 -2 -1 -1 -5  2  0 -6 -1 -3 -2  8 -3    0   0  14   0   3   1   0   0   0   4   5   0   5   2   0   4   1   0  61   1  1.61 0.67
  328 Y   -4 -5 -6 -6 -4 -4 -5 -6 -5  1  5 -5  1  3 -6 -5 -4 -3  2  0    0   0   0   0   0   0   0   0   0   5  70   0   2  11   0   0   0   0   7   4  1.20 0.51
  329 A   -1 -5 -4 -5 -5 -3 -5 -5 -2 -2 -2 -4 -2  5 -5  2 -1 -2  7 -3    6   0   0   0   0   1   0   0   0   2   3   0   1  22   0  15   3   0  46   1  1.29 0.56
  330 G    3 -2 -3 -4 -4 -4 -4  4 -4 -5 -5 -3 -2 -5 -4  4 -3 -6 -5 -4   29   1   0   0   0   0   0  34   0   0   0   0   1   0   0  34   0   0   0   0  1.05 0.53
  331 G    1 -6 -4 -5 -6 -5 -5  7 -5 -7 -7 -5 -6 -5 -5 -2 -5 -6 -3 -6   12   0   0   0   0   0   0  84   0   0   0   0   0   0   0   2   0   0   1   0  1.97 0.71
  332 T   -1 -4  0 -4 -4 -3 -3 -4 -4 -4 -2 -4  7 -2 -4  5  2 -5 -4 -4    4   0   5   0   0   0   1   0   0   0   1   0  28   1   0  47  13   0   0   0  1.14 0.60
  333 S   -2 -3  4  4 -5 -3 -2 -4  1 -3 -3 -3 -2 -1 -4  2 -3 -3  5 -2    2   0  22  27   0   0   1   0   3   2   2   0   1   1   0  14   0   0  22   3  0.78 0.44
  334 N   -2 -2  3  3 -5  0  4 -4 -3 -5 -5 -1 -4 -5  3 -1  1 -6 -3 -4    3   0  17  18   0   3  26   0   0   0   0   3   0   0  15   3  10   0   1   1  0.70 0.38
  335 A    0  1 -1  3 -5  0  5 -4  0 -2 -5  3 -4 -5 -4 -1 -2 -5 -3 -4    7   7   2  18   0   1  36   0   2   3   0  19   0   0   0   2   2   0   1   1  0.70 0.39
  336 F   -6 -6 -6 -7 -6 -4 -6 -7 -3 -4 -2 -6 -4  7 -7 -6 -6 -2  8 -5    0   0   0   0   0   1   0   0   0   0   3   0   0  47   0   0   0   0  49   0  2.34 0.81
  337 R   -1  4  4 -3 -5  1 -2 -4  0 -2 -2  4  1 -3 -4 -2 -2 -5 -2 -4    4  29  22   0   0   5   1   0   2   2   4  23   4   1   0   2   2   0   1   0  0.70 0.39
  338 H   -1  3  2  2 -5  2  0 -3  4 -3 -4  4 -3 -4 -1 -1 -2 -5 -1 -4    5  17   9  11   0   8   3   0  10   2   0  25   0   0   2   3   1   0   2   0  0.51 0.31
  339 F   -5 -6 -6 -7 -3 -6 -6 -7 -3 -3  0 -6 -4  7 -7 -5 -2 -2  7 -4    0   0   0   0   1   0   0   0   0   1   6   0   0  52   0   0   2   0  38   0  2.05 0.73
  340 A   -1 -2  1 -4 -3  2 -2 -1 -2 -3 -1 -1  5 -1 -3  0 -3 -2  6 -3    5   1   8   0   1  10   2   5   0   0   6   3  20   1   1   8   0   0  30   0  0.67 0.43
  341 G    4 -2 -4 -4 -4 -4 -4  4 -5 -5 -5 -4 -5 -6  5 -2 -3 -6 -5 -3   36   2   0   0   0   0   0  34   0   0   0   0   0   0  25   2   0   0   0   1  1.14 0.52
  342 S    3 -4  2 -1 -5  1 -3 -4 -4 -5 -5 -3 -5 -6  6  2 -2 -6 -5 -4   24   0  11   2   0   8   0   0   0   0   0   0   0   0  40  14   1   0   0   0  1.13 0.52
  343 Y    1 -5 -5 -6 -5 -4 -5 -5  3  1 -1 -5 -2  3 -5 -3  0 -2  8 -1   12   0   0   0   0   0   0   0   6   9   4   0   0   9   0   1   6   0  50   3  1.21 0.54
  344 A    2  0 -3 -4 -3 -1 -3 -3  2 -1  4 -1  1 -2 -1 -1 -3 -4 -1 -1   19   6   0   0   0   3   1   0   5   1  44   3   3   1   3   3   0   0   2   3  0.39 0.29
  345 V   -3 -4 -5 -5 -4 -4 -5 -5 -5  4  4 -4  4 -3 -5 -2  2 -4 -4  1    0   0   0   0   0   0   0   0   0  21  38   0  13   0   0   2  17   0   0   9  0.81 0.40
  346 Q   -5 -2  0 -3 -6  7 -1 -5  4 -6 -3 -3 -2 -1 -5 -4 -4  8  2 -6    0   1   4   1   0  52   3   0   9   0   2   0   1   2   0   0   0  19   7   0  1.60 0.68
  347 W   -2 -2 -4  0 -1 -3  1 -5  2 -4 -4 -3 -4  3  0 -2 -3  9  5 -4    3   2   0   6   1   0  11   0   5   0   0   1   0  10   4   3   1  29  23   0  1.24 0.51
  348 E   -1  0 -2  1 -5  0  4 -2  5 -4 -4  1 -2 -1 -4 -1  0 -4  3 -4    5   4   1   8   0   2  32   3  15   1   1   8   1   2   0   2   5   0  10   0  0.55 0.33
  349 M    1 -5 -5 -5 -1 -3 -5 -3 -5 -1 -1 -4  8 -4 -5 -2  3 -5 -4  2   14   0   0   0   1   1   0   1   0   2   3   0  46   0   0   2  17   0   0  13  1.19 0.57
  350 I    1 -5 -6 -6 -4 -4 -5 -5 -5  5  1 -5  7  2 -5 -4 -4 -5 -3 -1   12   0   0   0   0   0   0   0   0  36   9   0  34   9   0   0   0   0   0   0  1.23 0.55
  351 N   -3  2  2 -2 -1  4  1 -4 -1 -3  0  4 -2 -5 -4 -1  0 -5 -4 -4    1  12  11   1   2  20   7   0   1   1   9  29   0   0   0   2   5   0   0   0  0.58 0.35
  352 Y   -3  1 -3  1 -3  0  2 -5  4 -4 -2  0 -2  2 -4 -3 -2  4  6 -4    1   9   0   9   1   4  14   0  10   0   2   5   0  10   0   0   2   6  27   0  0.68 0.37
  353 A    6 -5 -4 -5  5 -4 -4 -3 -5 -5 -4 -4 -4 -5 -4  1 -1 -6 -4 -4   72   0   0   0  13   0   0   0   0   0   1   0   0   0   0  10   4   0   0   0  1.45 0.64
  354 L   -2  0 -4 -5 -1 -2 -4 -5 -1  3  2  1  0  5 -5 -4 -3 -3  1  1    3   5   0   0   2   1   0   0   2  21  16  12   2  26   0   0   0   0   3   7  0.50 0.29
  355 N    0 -1  2  3 -2  1  4 -3 -1 -5 -4  2 -3 -5 -3  0 -2 -5 -3 -4    8   2   9  19   1   7  29   1   1   0   1  16   1   0   0   4   1   0   0   0  0.59 0.33
  356 H   -2  5  3 -1 -5  0  0 -4  6 -5 -2  2 -1 -5 -4 -2 -3 -5 -3 -5    3  30  14   3   0   4   4   0  20   0   3  15   2   0   0   1   0   0   0   0  0.83 0.41
  357 G   -2 -3  3  0 -6  0 -3  6  0 -7 -7 -1 -5 -6 -5 -2 -4 -6 -6 -6    1   1  12   4   0   4   1  69   3   0   0   4   0   0   0   1   0   0   0   0  1.44 0.56
  358 I    1 -5 -3 -5  4 -4 -5 -5 -4  5  0 -3  1  1 -4 -2 -3 -4  2  1   13   0   1   0  11   0   0   0   0  42   6   1   4   6   0   3   0   0   8   5  0.69 0.37
  359 D   -2 -1  0  2 -2  0  0 -3 -1 -1 -1  2 -2 -4  4  0  2 -5 -3 -1    1   2   5  13   1   2   6   1   2   4   5  16   1   0  18   7  13   0   1   4  0.32 0.21
  360 R   -3  5 -3 -4 -2 -1 -2 -4 -1 -1 -1  0 -2  1 -5  0  1  8  2 -1    0  31   0   0   1   2   1   0   2   3   5   4   1   5   0   7   9  19   6   5  0.75 0.39
  361 Y   -1 -5 -5 -6  1  2 -4 -6  2 -5 -4 -5 -4  3 -6 -2 -5 -2  8 -2    6   0   0   0   3  11   0   0   5   0   1   0   0  10   0   2   0   0  61   2  1.70 0.67
  362 N   -5 -4  8  3 -7 -4 -4 -4 -3 -7 -7 -4 -6 -7 -6 -1 -3 -8 -6 -7    0   0  85  12   0   0   0   0   0   0   0   0   0   0   0   3   0   0   0   0  2.39 0.85
  363 F   -5 -6 -6 -7 -5 -6 -6 -7 -5 -3  1 -6  6  8 -7 -6 -2 -3 -1 -4    0   0   0   0   0   0   0   0   0   0  12   0  21  65   0   0   3   0   0   0  1.99 0.72
  364 Y   -4 -2 -4 -5 -5 -5 -5  5 -3 -4  1 -5 -4  1 -6 -4 -5 -3  7 -4    0   3   0   0   0   0   0  39   0   0  16   0   0   4   0   0   0   0  39   0  1.30 0.57
  365 G   -3 -6 -4 -5 -6 -6 -6  8 -6 -8 -7 -5 -6 -7 -6 -4 -5 -6 -7 -5    0   0   0   0   0   0   0  99   0   0   0   0   0   0   0   0   0   0   0   1  2.57 0.82
  366 V   -3 -5 -5 -5 -3 -5 -5 -5 -5  6  0 -5 -2 -3 -5 -4  2 -5 -4  4    0   0   0   0   0   0   0   0   0  49   6   0   0   0   0   0  11   0   0  30  1.12 0.46
  367 S   -1 -2 -1  1 -3  2  3 -3 -2 -3 -3 -2 -1 -1 -3  4  3 -4 -3 -3    2   1   1   7   0   8  18   1   0   1   1   1   2   2   1  32  19   0   0   1  0.53 0.31
  368 G   -2 -3  1 -3 -4 -3 -2  6 -3 -1 -4 -2 -4 -4 -3 -2 -3 -4 -4 -3    1   1   6   1   0   1   2  72   1   5   1   2   0   1   1   2   1   0   0   2  1.30 0.44
  369 K   -2 -1  1  3 -3 -1  1 -2  1  2 -2  0 -2 -2 -2  1  0 -3  0  0    1   2   7  24   0   1   8   2   3  15   1   4   0   1   2   9   6   0   4   9  0.23 0.16
  370 F   -3 -3 -3 -4 -3 -3 -3 -4 -3 -2  2 -3 -2  7  0 -2  0 -2  0 -2    1   1   1   1   0   1   2   1   0   1  20   1   0  51   6   3   7   0   2   2  0.94 0.37
  371 T   -1 -1  2  3 -2 -1  1  0 -1 -2 -2  0 -1 -2  0  2  1 -2 -2 -2    3   2  10  22   1   2   7   5   2   2   3   4   1   1   3  17  10   1   1   2  0.24 0.11
  372 E   -1 -1 -1  3 -3  1  4 -1 -2 -3 -3  1 -2 -3  0 -1 -2 -3 -2 -3    5   1   2  16   1   5  37   5   1   1   3  10   1   1   5   3   2   0   1   2  0.48 0.21
  373 D   -1 -2  4  5 -4 -1  0 -2 -1 -4 -4 -2 -3 -4 -2  1  0 -4 -3 -3    4   2  21  42   0   1   4   2   1   1   1   1   0   1   2   9   5   0   1   2  0.78 0.32
  374 A    2 -2  1  2 -3  1 -1  3 -2 -3 -3 -1 -3 -3 -2  2 -1 -3 -3 -2   24   1   6  12   0   6   3  20   1   1   1   2   0   1   2  18   2   0   1   2  0.35 0.20
  375 E   -1 -2 -1  1 -3  0  3 -2  0 -2  0 -1 -2 -3  2  3 -1 -3 -3 -2    2   2   1   8   0   3  25   2   2   1  13   2   0   1   9  24   3   0   1   1  0.33 0.22
  376 D   -3 -3  0  6 -4 -2 -1  1  2 -4 -2 -1 -4 -4 -3  0 -3 -4 -1 -4    1   1   3  56   0   1   2  11   6   1   4   3   0   0   1   5   1   0   2   1  0.96 0.38
  377 A    1  0 -1  1 -2 -1 -1  2  1 -2 -2 -1 -2  0 -2 -1 -1 -1  5 -1   12   5   1   8   1   1   2  21   3   2   3   4   1   2   1   2   3   0  23   3  0.29 0.16
  378 G   -3 -5 -2 -4 -6 -5 -5  7 -5 -7 -7 -5 -6 -6 -3 -3 -5 -6 -6 -6    0   0   2   0   0   0   0  94   0   0   0   0   0   0   1   1   0   0   0   0  2.29 0.73
  379 V   -3 -5  0 -6 -4 -5 -5 -3 -6  0  4 -5 -1 -3 -5 -5 -3 -5 -4  5    0   0   5   0   0   0   0   2   0   1  41   0   0   0   0   0   0   0   0  51  1.14 0.52
  380 V   -4 -2 -4 -5 -4  1 -4 -5 -3  0  3 -4 -2  2 -5 -3  0  4  6 -1    0   1   0   0   0   9   0   0   0   4  31   0   0   7   0   2   8   6  28   3  0.76 0.40
  381 K    0  4  1 -1 -3  2  1  0  3 -3 -3  3 -1 -4 -3 -1 -2 -4 -2 -3    7  24   6   2   0  10  10   6   8   1   1  18   1   0   0   3   1   0   0   2  0.44 0.27
  382 F   -6 -7 -7 -8 -6 -7 -7 -7 -5 -4 -3 -7 -4  9 -8 -6 -6 -3  1 -5    0   0   0   0   0   0   0   0   0   0   0   0   0  97   0   0   0   0   3   0  3.05 0.92
  383 K   -5 -2 -4 -5 -7 -2 -3 -5 -5 -7 -6  8 -5 -7 -5 -4 -5 -7 -6 -6    0   0   0   0   0   0   0   0   0   0   0 100   0   0   0   0   0   0   0   0  2.54 0.89
  384 K    0  3 -2 -3 -5  4  0 -4 -3 -4 -4  4 -3 -5 -4  2  0 -5 -4 -4    7  14   0   0   0  21   5   0   0   1   1  29   0   0   0  18   4   0   0   0  0.71 0.39
  385 G   -1  0  4 -2 -5  1 -2  4  1 -3 -4  2  0 -5 -4  0 -2 -1 -4 -2    3   3  26   0   0   5   1  32   3   1   0  13   3   0   0   5   1   1   0   3  0.61 0.33
  386 Y   -6 -6 -7 -7 -6 -7 -7 -7 -5 -4  0 -7 -3  9 -7 -6 -6  5  2 -4    0   0   0   0   0   0   0   0   0   0   7   0   0  81   0   0   0   8   4   0  2.46 0.78
  387 N   -2 -4  7  0 -6 -2 -2  3  0 -6 -5 -1 -5 -6 -5 -1 -2 -6 -4 -6    2   0  60   3   0   1   2  21   2   0   1   3   0   0   0   3   1   0   0   0  1.36 0.56
  388 A    2 -5 -4 -4 -5 -4 -4  5 -5 -5 -5 -4 -2 -6  5 -2  0 -6 -5 -2   15   0   0   0   0   0   0  44   0   0   0   0   1   0  28   1   7   0   0   3  1.14 0.48
  389 E   -3 -1  2  1 -4  1  1 -4  4 -2 -4 -1 -1  0 -4 -1  2 -2  5 -1    1   4   9   7   0   7  10   0  11   2   0   2   2   2   0   2  15   0  25   3  0.50 0.31
  390 I   -1 -5 -5 -6 -4 -5 -5 -6 -5  6  1 -5  2  1 -5 -3 -2 -5 -3  4    6   0   0   0   0   0   0   0   0  45  10   0   5   6   0   1   1   0   0  26  0.94 0.41
  391 I   -3 -1 -1 -1 -5 -1  5 -5 -1  0 -2 -1 -3 -4 -4  0 -1 -5 -1  3    0   3   3   2   0   1  49   0   1   6   3   1   0   0   0   5   3   0   2  20  0.70 0.40
  392 E   -3  3 -3 -1 -4  2  6 -5 -3 -5 -5 -2 -5 -6 -4 -3 -3 -2 -1 -4    1  14   0   2   0  10  66   0   0   1   1   1   0   0   0   0   1   1   2   1  1.36 0.59
  393 Y   -4 -2 -2 -4 -5 -2 -4 -5 -2 -3  2  3  0  5 -4 -4 -3 -2  6 -3    0   1   2   0   0   1   0   0   0   0  21  21   1  23   1   0   1   0  27   0  0.88 0.43
  394 V    0 -5 -5 -5 -3 -4 -5 -4 -5  5  1 -4  4 -2 -1 -4 -3 -4 -1  4    8   0   0   0   0   0   0   1   0  37   9   0  13   1   3   0   0   0   2  26  0.80 0.38
  395 G   -3 -6 -4 -2 -6 -5 -6  7 -6 -7 -7 -5 -6 -7 -6 -3 -5 -6 -7 -7    1   0   0   2   0   0   0  97   0   0   0   0   0   0   0   0   0   0   0   0  2.42 0.77
  396 D   -1 -2  1  4 -5 -1  5 -3 -3 -4 -5 -1 -4 -5 -4  0  3 -5 -2 -4    3   1   7  20   0   0  42   0   0   1   0   1   0   0   0   6  17   0   1   0  0.87 0.43
  397 F   -6 -7 -7 -7 -2 -7 -7 -7 -5 -4 -3 -7 -4  9 -8 -6 -6 -3  3 -5    0   0   0   0   1   0   0   0   0   0   0   0   0  91   0   0   0   0   8   0  2.81 0.85
  398 I   -3  2  3  3 -4 -2 -1 -4 -2  2 -2 -2  0 -3 -4 -1  2 -4  0  0    1  12  16  20   0   0   2   0   0  17   1   0   2   0   0   3  14   0   4   7  0.39 0.28
  399 K   -3 -2 -4 -5 -3 -3 -4 -5 -3  2  3  3  2 -1 -5 -4 -3  0  5 -2    1   1   0   0   0   0   0   0   0  12  33  22   6   1   0   0   0   1  23   0  0.75 0.40
  400 P   -2 -5 -5 -4 -5 -4 -4 -5 -1  0 -4 -4 -4 -4  7 -2 -1 -5  4  2    2   0   0   1   0   0   0   0   1   5   0   0   0   0  57   3   3   0  14  14  1.52 0.57
  401 I   -2 -4 -4 -5  0 -4 -4 -5 -3  4  2 -4 -1 -2  3 -2  1 -5 -3  3    2   0   0   0   2   0   0   0   0  23  18   0   0   1  17   2   9   0   0  28  0.64 0.32
  402 N   -3  1  6  0 -5  0 -2 -3  4 -4 -5  1 -3 -4 -4  3 -2 -5 -1 -5    0   7  38   4   0   4   0   0  10   1   0   9   0   0   0  23   1   0   1   0  0.87 0.43
  403 K   -2  0 -3 -4 -5  0 -3 -2 -2 -5 -5  4 -4 -5  7 -2 -1 -5 -5 -5    2   5   1   0   0   4   0   4   1   0   1  25   0   0  52   2   3   0   0   0  1.36 0.50
  404 P   -2 -3 -3 -4 -3 -2 -3 -2 -1  2  3 -2  1  1  4 -2 -1  0 -1  1    3   1   1   0   0   1   0   2   1  10  32   1   3   7  20   3   2   1   1  10  0.42 0.23
  405 V    0  0 -3 -4 -3 -2 -3 -3 -3  1  3  3  1  1 -3 -2 -2 -2 -1  0   10   5   0   0   0   1   0   1   0   6  32  24   3   6   1   0   1   0   2   6  0.32 0.24
  406 Y   -3 -4  0 -4 -5 -4 -3 -5  2 -2 -2 -5  1  3 -5 -4 -4 -1  9 -4    2   1   5   1   0   0   1   0   4   1   2   0   4   9   0   1   1   0  68   0  1.82 0.63
  407 A    0  1 -1 -3 -2  1 -1 -2  2 -1  0  4 -2 -1  0 -1 -1  2 -1 -2    6   6   3   0   1   6   1   3   6   4   9  38   1   2   5   2   2   3   2   2  0.32 0.23
  408 A    2 -4 -4 -4 -2 -3 -4 -2 -4  2  3 -4  2  1 -3 -2 -2 -4 -2  1   24   0   0   0   1   1   0   3   0  13  35   0   4   6   1   1   1   0   0  10  0.44 0.26
  409 Y   -1 -2 -3 -5 -4 -1 -4 -4 -2  3  0 -2 -1  3 -5  0 -2  2  6 -1    6   1   1   0   0   2   0   1   0  19  10   2   1   9   0   7   1   2  35   1  0.66 0.34
  410 T   -2  3  3  0 -5  3  2 -2  0 -5 -4  2 -3 -5 -3  0  1 -5 -4 -4    1  14  16   4   0  18  14   1   2   0   1  15   0   0   0   4   9   0   0   0  0.53 0.29
  411 A    0 -1 -1 -3 -3 -1 -2 -2 -3  1  3  0  1  1 -3 -1  1  0  0  0    8   4   4   0   0   2   0   2   0   8  35   7   3   6   0   3   9   1   3   5  0.19 0.16
  412 L    1  2 -4 -5 -3 -3 -4 -3 -4  2  3 -2  1  1 -4 -3 -2 -3  0  1   14  13   0   0   0   0   0   1   0  14  38   1   2   5   0   0   1   0   2   8  0.43 0.27
  413 K   -4  1  1 -1 -6 -1 -1 -3  2 -5 -3  6 -2 -2 -2 -3 -2 -4  3 -5    0   4   6   2   0   2   2   1   5   0   3  59   1   1   2   0   1   0  12   0  0.98 0.47
  414 K   -2  2  0 -2 -5  0 -2 -3  0 -5 -5  6 -3 -5  0 -2  1 -5 -4 -4    3   7   4   1   0   2   1   1   2   0   0  62   1   0   4   2  10   0   0   0  1.03 0.46
  415 V   -2  0 -5 -5 -3 -2 -4 -5 -1  5  3 -3  1  0 -5 -4 -2 -2 -3  1    2   6   0   0   0   2   0   0   1  37  36   1   3   3   0   0   1   1   0   7  0.69 0.32
  416 K   -3  6 -3 -4 -5 -1 -3 -5 -3 -1  3  2 -1 -3 -4 -3 -2 -5 -2 -2    1  45   0   0   0   1   0   0   0   2  33  13   1   0   0   0   2   0   1   1  0.89 0.41
  417 D   -2  3  1  0 -4 -1 -1  2  2 -5 -4  4 -3 -5 -2  1  0 -5 -3 -4    1  15   6   4   0   1   3  17   5   0   0  31   0   0   1  11   4   0   0   0  0.49 0.26
  418 R   -3  6 -2 -4 -6  0 -2 -4 -3 -5 -5  5 -4 -6 -4 -1 -2 -5 -4 -5    1  48   1   0   0   2   0   0   0   0   0  44   0   0   0   3   1   0   0   0  1.39 0.49
  419 I   -1 -4 -4 -4 -2 -3 -4 -4 -4  4  3 -4  2 -1 -4 -3 -2 -3 -2  2    4   0   0   0   0   0   0   0   0  40  39   0   5   0   0   0   0   0   0  12  0.62 0.19
  420 F   -2 -3 -4 -4 -2 -3 -3 -4 -2  1  3 -3  3  5 -4 -3 -2 -1  1  0    0   0   0   0   0   0   0   0   0   0  51   0  11  38   0   0   0   0   0   0  0.50 0.07

                      K         Lambda
Standard Ungapped    0.1386     0.3196
Standard Gapped      0.0479     0.2670
PSI Ungapped         0.1560     0.3136
PSI Gapped           0.0479     0.2670
