
Last position-specific scoring matrix computed, weighted observed percentages rounded down, information per position, and relative weight of gapless real matches to pseudocounts
           A  R  N  D  C  Q  E  G  H  I  L  K  M  F  P  S  T  W  Y  V   A   R   N   D   C   Q   E   G   H   I   L   K   M   F   P   S   T   W   Y   V
    1 M   -2 -3 -4 -5 -3 -3 -4 -5 -4  0  2 -3  8 -1 -4 -3 -2 -3 -3  3    0   0   0   0   0   0   0   0   0   0  19   0  58   0   0   0   0   0   0  23  1.03 0.25
    2 P   -2 -2 -3 -3 -4 -3 -2 -3 -2 -3 -4  1 -4 -5  8 -1  1 -5 -4 -4    1   1   0   0   0   0   1   1   1   1   1   8   0   0  73   4   8   0   0   0  1.75 0.32
    3 G    1 -2  1  4 -3 -1  0  3 -3 -4 -3 -2 -3 -4 -1  1 -1 -4 -4 -3   15   1   7  25   0   1   3  27   0   0   3   1   0   0   2  13   2   0   0   0  0.48 0.17
    4 Q   -1  4 -2  0 -5  0  2 -2 -2 -4 -4 -1 -3 -5  5 -1 -1 -5 -4 -3    3  31   1   4   0   2  14   3   0   0   0   1   0   0  32   2   3   0   0   2  0.86 0.28
    5 P    0 -3 -4 -1 -5 -3 -3  1 -5 -6 -6 -4 -5 -6  8 -3 -2 -6 -6 -5    8   1   0   3   0   1   0   9   0   0   0   0   0   0  73   0   3   0   0   0  1.97 0.48
    6 F   -5 -4 -6 -6 -5 -3 -6 -6 -5 -1  4 -6 -1  7 -6 -5 -5  2  0 -2    0   1   0   0   0   1   0   0   0   1  40   0   0  53   0   0   0   3   1   1  1.53 0.44
    7 G    2 -4 -3 -4 -3 -4 -2  6 -3 -6 -6 -4 -5 -6 -4  3 -3 -5 -5 -5   16   0   0   0   0   0   2  56   1   0   0   0   0   0   0  25   0   0   0   0  1.25 0.42
    8 V   -2 -5 -6 -6 -3 -5 -5 -6 -5  3  4 -5 -1  1 -5 -5 -3 -4 -3  3    3   0   0   0   0   0   0   0   0  18  50   0   0   4   0   0   0   0   0  25  0.97 0.34
    9 Y   -6 -6 -6 -8 -7 -6 -6 -7 -2 -6 -5 -6 -5 -1 -7 -6 -6 -2 10 -6    0   0   0   0   0   0   0   0   0   0   0   0   0   0   0   0   0   0 100   0  3.48 0.86
   10 L   -3 -5 -6 -6 -4 -5 -6 -6 -6  5  2 -5 -1 -1 -5 -5 -3 -5 -4  5    0   0   0   0   0   0   0   0   0  35  18   0   0   1   0   0   0   0   0  45  1.23 0.40
   11 H   -6 -5 -4 -6 -8 -4 -4 -7 11 -8 -7 -5 -6 -6 -7 -5 -6 -7 -3 -8    0   0   0   0   0   0   0   0 100   0   0   0   0   0   0   0   0   0   0   0  3.93 0.91
   12 V   -4 -6 -6 -7 -5 -5 -6 -6 -6  4 -1 -6 -1  1 -6 -5 -4  9 -2  5    0   0   0   0   0   0   0   0   0  23   2   0   1   5   0   0   0  30   0  38  1.66 0.49
   13 P   -5 -6 -6 -6 -7 -6 -5 -6 -6 -7 -7 -5 -7 -8  9 -5 -5 -8 -7 -7    0   0   0   0   0   0   0   0   0   0   0   0   0   0 100   0   0   0   0   0  3.40 0.82
   14 F   -6 -6 -7 -7 -6 -7 -7 -7 -5 -4 -4 -7 -4  8 -7 -6 -6  8  3 -5    0   0   0   0   0   0   0   0   0   0   0   0   0  72   0   0   0  19   9   0  2.61 0.66
   15 C   -5 -8 -7 -8 12 -8 -8 -7 -8 -6 -6 -8 -6 -7 -7 -5 -5 -7 -7 -5    0   0   0   0 100   0   0   0   0   0   0   0   0   0   0   0   0   0   0   0  4.28 0.93
   16 L    3  1 -3 -4 -3  0 -1 -3 -2  0  1  0  0 -3 -3 -1 -1 -4 -3  3   29   7   0   0   0   4   4   0   0   2  16   7   2   0   0   4   3   0   0  23  0.31 0.20
   17 T    2  3 -2 -3 -3  1 -2 -3  0 -3 -3  1 -3 -4 -3  2  3 -5 -4  1   18  20   0   0   0   5   0   0   2   0   0   8   0   0   0  15  20   0   0  11  0.47 0.26
   18 R   -4  6 -4 -4 -7 -2 -3 -5 -3 -3 -6  6 -5 -6 -5 -4 -4 -6 -5 -5    0  43   0   0   0   0   0   0   0   2   0  55   0   0   0   0   0   0   0   0  1.77 0.55
   19 C   -5 -8 -7 -8 12 -8 -8 -7 -8 -6 -6 -8 -6 -7 -7 -5 -5 -7 -7 -5    0   0   0   0 100   0   0   0   0   0   0   0   0   0   0   0   0   0   0   0  4.28 0.93
   20 G   -3 -3 -3 -5 -6 -4 -5  4 -1 -1 -2 -4 -5 -4  7 -4 -3 -6 -2 -5    1   1   1   0   0   0   0  35   1   4   4   0   0   1  49   0   1   0   1   0  1.46 0.46
   21 Y   -6 -6 -6 -8 -7 -6 -6 -8 -2 -6 -5 -6 -5 -1 -7 -6 -6 -2 10 -6    0   0   0   0   0   0   0   0   0   0   0   0   0   0   0   0   0   0 100   0  3.49 0.86
   22 C   -5 -8 -7 -8 12 -8 -8 -7 -8 -6 -6 -8 -6 -7 -7 -5 -5 -7 -7 -5    0   0   0   0 100   0   0   0   0   0   0   0   0   0   0   0   0   0   0   0  4.28 0.93
   23 D   -3 -6 -3  8 -7 -4 -2 -5 -5 -7 -8 -5 -7 -8 -5 -4 -5 -8 -7 -7    2   0   0  97   0   0   0   0   0   0   0   0   0   0   0   1   0   0   0   0  2.73 0.72
   24 F   -6 -7 -7 -8 -7 -7 -7 -7 -5 -4 -4 -7 -4  9 -8 -7 -6 -3 -1 -5    0   0   0   0   0   0   0   0   0   0   0   0   0 100   0   0   0   0   0   0  3.19 0.77
   25 N   -5 -4  9 -3 -6 -4 -4 -4 -3 -4 -7 -4 -6 -2 -6 -3 -2 -7  0 -3    0   0  89   0   0   0   0   0   0   1   0   0   0   2   0   0   2   0   3   2  2.38 0.68
   26 T   -3 -4 -3 -4 -3 -4 -4 -4 -5 -5 -5 -3 -4 -6 -4  6  5 -6 -5 -3    0   0   0   0   0   0   0   0   0   0   0   1   0   0   0  58  40   0   0   1  1.55 0.56
   27 Y   -4 -2 -2 -5 -6 -3 -4 -6  9 -5 -5 -4 -5 -1 -6 -4 -1 -3  7 -3    1   2   1   0   0   0   0   0  46   0   0   0   0   1   0   1   5   0  41   2  2.12 0.60
   28 T    1 -3 -3 -3 -3 -3 -1 -3 -4 -1 -2 -3 -2 -2 -1 -1  5 -4 -3  4   12   0   0   0   0   1   3   2   0   0   2   0   0   1   3   3  40   0   0  30  0.69 0.31
   29 P    3  4 -1 -2 -3 -2 -1 -1 -1 -2 -2 -1 -1 -3  2  0 -1  0 -1 -1   33  24   2   2   0   0   3   4   1   1   3   1   1   0   9   5   2   2   2   4  0.39 0.21
   30 A    1  1 -1  0 -2  0  0  2  2 -2 -2  0 -1 -3  0  1  1 -3 -2 -2   16   7   2   5   0   3   7  15   8   1   4   5   1   0   3  12   8   0   0   2  0.16 0.10
   31 Q   -1  1 -1  2 -3  1  4 -1  0 -3 -2  0 -2 -1  0 -1 -1 -3 -2 -2    4   9   2   9   0   7  36   4   2   1   5   4   1   3   4   4   3   0   1   2  0.36 0.15
   32 L   -1 -1 -1 -1 -2 -1 -1  0 -1  0  3  0  2  0  0 -1 -1 -1 -1  0    3   3   3   3   1   2   4   7   2   2  37   6   5   4   5   4   3   1   2   4  0.13 0.08
   33 G    0  1  0  1 -2 -1 -1  4 -1 -3 -2  0 -2 -3  0 -1 -1 -2 -2 -2    8   7   4   7   1   2   3  40   1   1   3   5   1   1   4   3   3   0   1   2  0.39 0.13
   34 G    1 -2 -1  0 -3 -1  0  4 -2 -3 -3 -1 -3 -3  2  1 -1 -3 -3 -1   12   1   2   4   0   2   7  35   1   1   2   2   0   1  11  11   2   0   1   4  0.43 0.16
   35 V    3 -2 -3 -1 -2 -1 -1 -2 -3  3  0 -2  0 -1 -1  0 -1 -2 -2  2   27   2   0   3   0   3   4   2   0  18  10   0   1   2   2   5   2   1   0  19  0.25 0.16
   36 S   -1 -2  0  4 -4 -1  0 -1 -2 -4 -2 -2 -3 -3  4  3 -2 -5 -4 -3    4   1   3  29   0   2   3   3   1   0   5   1   0   1  21  23   1   0   0   1  0.63 0.27
   37 P   -1  2 -2 -2 -4  4  3 -3  3 -1 -2  0  0 -2  2 -2 -1 -4 -2 -1    4  11   0   0   0  24  18   1   7   5   2   4   2   2  11   1   2   0   1   5  0.44 0.23
   38 D    2  0 -1  3 -4  1  3  0 -2 -4 -4 -1 -3 -4  1  0  0 -4 -4 -3   20   4   1  19   0   7  20   7   0   0   1   2   0   0   5   7   5   0   0   1  0.39 0.20
   39 R    2  4  0  1 -4  0  1  0  0 -4 -3 -1 -3 -4 -1  1  0 -5 -4 -3   19  28   4  10   0   3  10   5   2   0   1   1   0   0   2   9   6   0   0   1  0.39 0.22
   40 W   -6 -6 -6 -7 -6 -6 -6 -7 -3 -5 -4 -6 -4  4 -7 -5 -6  9  8 -5    0   0   0   0   0   0   0   0   0   0   0   0   0  16   0   0   0  24  59   0  2.59 0.68
   41 L    2  0 -4 -4 -1 -1 -2 -3 -2  1  2 -3 -1 -2 -2 -2 -1 -3 -3  3   23   6   0   0   1   3   2   1   1   7  25   0   1   1   1   0   2   0   0  25  0.35 0.21
   42 L    2  1  0  4 -4  1  2 -1 -1 -4 -4 -1 -4 -5 -2  0  0 -5 -4 -3   22   9   4  28   0   4  14   3   2   0   1   3   0   0   1   4   4   0   0   1  0.47 0.23
   43 A    6 -4 -3 -3 -3 -2 -3  0  1 -3 -2 -3 -1 -5 -4  0  1 -5 -4 -2   68   0   1   1   0   1   1   6   3   0   4   0   2   0   0   4   9   0   0   1  0.99 0.41
   44 L    1 -5 -5 -6 -4 -4 -5 -5 -4  0  5 -5  0  3 -5 -4 -3 -3  2  1   11   0   0   0   0   0   0   0   0   2  57   0   1  11   0   0   0   0   6  11  0.85 0.33
   45 R    0  2 -3 -2  1 -1  1 -3 -1  2  3 -1  0 -2 -4 -2 -1 -2 -3  0    8  15   0   2   4   2  10   1   1  13  30   3   1   0   0   1   2   0   0   6  0.23 0.16
   46 A    3  5 -2 -2 -3  0 -1 -2 -1 -3 -3  1 -3 -5 -4  0  0 -5 -4 -2   33  33   1   2   0   3   3   2   1   1   1   7   0   0   0   6   5   0   0   1  0.62 0.29
   47 E   -5 -4 -3  4 -7 -2  7 -6 -4 -7 -7 -3 -6 -7 -5 -4 -4 -7 -6 -6    0   0   0  23   0   0  77   0   0   0   0   0   0   0   0   0   0   0   0   0  2.03 0.62
   48 L   -3 -4 -6 -6 -4 -5 -5 -6 -5  4  5 -5  5 -2 -5 -5 -3 -1 -4  0    2   0   0   0   0   0   0   0   0  21  56   0  15   0   0   0   0   1   0   4  1.15 0.39
   49 E    2  3 -2  4 -3  0  4 -3 -3 -4 -4 -1 -4 -4 -4 -1 -2 -5 -4 -3   22  15   0  22   0   2  29   1   0   0   1   3   0   0   0   2   2   0   0   1  0.66 0.30
   50 L    0  2 -2 -3 -3  1 -2 -3  4 -1  3 -2  2  0 -4 -1  1  1  0 -2    8  11   0   1   0   7   1   1  14   1  33   0   5   3   0   2   9   2   2   1  0.34 0.21
   51 A    4  1 -2  1 -2  0  1 -2 -3 -2 -2 -2  1 -1 -3 -1  0 -1  1 -1   39   9   0   9   0   3   8   2   0   1   3   0   4   3   0   2   5   1   6   4  0.30 0.21
   52 A    4  2 -3 -3 -3 -1 -2 -1 -1 -3  1  0 -2 -4 -2 -1 -2 -4 -1 -1   47  14   0   1   0   2   2   4   1   0  15   4   0   0   1   1   1   0   3   3  0.47 0.27
   53 A    3  2 -2  1 -3  1  1 -1  1 -4 -3  0 -3 -4  3  0 -1 -5 -3 -3   28  12   1   7   0   5  11   4   3   0   1   5   0   0  16   3   2   0   0   1  0.40 0.21
   54 K    0  2 -2 -1 -3  0  0 -1  0 -1  1  0  1 -1 -2 -1  0  2  1  1    9  13   1   3   0   4   6   4   2   1  18   3   4   1   1   3   4   3   6  14  0.08 0.10
   55 L    0 -4 -4 -4 -1 -3 -4 -3 -3  2  4 -3  0 -1 -3 -1  2  1 -2  2    6   0   0   0   1   0   0   2   1  11  40   1   2   2   1   3  13   2   1  15  0.44 0.21
   56 D    0 -1 -2  1 -3  0  0  3  0 -4 -4  0 -4 -2  3 -1 -2  5 -2 -3    6   3   0   9   0   5   6  27   2   0   0   5   0   1  18   3   2   9   1   1  0.52 0.22
   57 A    1  0 -1  0 -4 -2  0  5 -2 -5 -4 -3 -4 -5  4 -1 -1 -5 -3 -3   10   5   2   6   0   1   7  42   1   0   1   0   0   0  19   2   3   0   1   1  0.73 0.28
   58 P   -2  7 -3 -4 -6 -2  1 -3 -4 -6 -4  0 -5 -6  3 -2 -4 -6 -5 -3    3  64   0   0   0   1   8   2   0   0   1   3   0   0  15   1   0   0   0   2  1.40 0.47
   59 T   -1  2 -3 -2 -2  1  1 -3  0 -3 -3  0 -2 -5  5 -1  1 -5 -3  0    6  13   0   2   1   6   9   1   2   1   1   4   1   0  33   2  11   0   0   8  0.62 0.26
   60 V    2 -5 -5 -5 -3 -4 -5 -5 -5  3  3 -4 -1 -2 -3 -3 -2 -5 -4  5   15   0   0   0   0   0   0   0   0  13  26   0   0   0   1   0   0   0   0  44  0.83 0.33
   61 H    0  1  1  1 -3  1  2 -1  2 -3 -3 -1 -3 -4 -2  2  2 -4 -2 -1    6   8   5   9   0   6  13   5   7   1   0   2   0   0   1  18  15   0   0   4  0.28 0.17
   62 T   -2 -4 -3 -4 -4 -4 -4 -4 -5 -5 -5 -4 -4 -6 -4  5  6 -6 -5 -4    1   0   0   0   0   0   0   0   0   0   0   0   0   0   0  43  56   0   0   0  1.64 0.58
   63 V   -3 -6 -6 -6 -4 -5 -6 -6 -6  6  0 -6 -2 -3 -6 -5 -3 -6 -4  6    1   0   0   0   0   0   0   0   0  43   6   0   0   0   0   0   0   0   0  50  1.47 0.46
   64 Y   -6 -7 -7 -7 -6 -7 -7 -7 -4 -4 -3 -7 -4  9 -8 -6 -6 -3  4 -5    0   0   0   0   0   0   0   0   0   0   0   0   0  88   0   0   0   0  12   0  2.79 0.70
   65 V   -4 -6 -6 -6 -5 -6 -6 -6 -5  3  1 -6  0  7 -6 -5 -4 -3 -1  3    0   0   0   0   0   0   0   0   0  16  11   0   1  52   0   0   0   0   0  20  1.38 0.43
   66 G   -3 -6 -4 -5 -6 -6 -6  8 -6 -8 -8 -5 -7 -7 -6 -4 -5 -6 -7 -7    0   0   0   0   0   0   0 100   0   0   0   0   0   0   0   0   0   0   0   0  2.61 0.67
   67 G   -3 -6 -4 -5 -6 -6 -6  8 -6 -8 -8 -5 -7 -7 -6 -4 -5 -6 -7 -7    0   0   0   0   0   0   0 100   0   0   0   0   0   0   0   0   0   0   0   0  2.61 0.67
   68 G   -3 -6 -4 -5 -6 -6 -6  8 -6 -8 -8 -5 -7 -7 -6 -4 -5 -6 -7 -7    0   0   0   0   0   0   0 100   0   0   0   0   0   0   0   0   0   0   0   0  2.61 0.67
   69 T   -4 -5 -4 -5 -5 -5 -5 -6 -6 -5 -5 -5 -5 -6 -5 -2  8 -7 -6 -4    0   0   0   0   0   0   0   0   0   0   0   0   0   0   0   0 100   0   0   0  2.57 0.76
   70 P   -5 -6 -6 -6 -7 -6 -5 -6 -6 -7 -7 -5 -7 -8  9 -5 -5 -8 -7 -7    0   0   0   0   0   0   0   0   0   0   0   0   0   0 100   0   0   0   0   0  3.40 0.82
   71 S   -3 -4 -3 -4 -4 -4 -4 -4 -5 -5 -6 -4 -5 -6 -4  6  4 -6 -5 -5    0   0   0   0   0   0   0   0   0   0   0   0   0   0   0  73  27   0   0   0  1.71 0.60
   72 L   -4 -3 -6 -6  0  0 -5 -6 -5  0  6 -4  3 -3 -6 -5 -3 -5 -4 -1    1   1   0   0   2   5   0   0   0   3  77   1   7   0   0   0   1   0   0   3  1.28 0.44
   73 L   -4 -5 -6 -7 -5 -5 -6 -6 -5 -1  5 -5  7  2 -6 -5 -4 -4 -3 -2    0   0   0   0   0   0   0   0   0   1  56   0  33   8   0   0   0   0   0   1  1.53 0.49
   74 G    1 -2 -2  1 -4  0  1  1 -1 -4 -4 -1 -2 -5  4  2  0 -5 -4 -3   11   0   0   8   0   4  10  13   2   0   0   3   1   0  21  20   5   0   0   0  0.48 0.23
   75 G    4 -4 -4 -4 -5 -3 -2  0 -3 -5 -5 -3 -5 -6  6 -2 -3 -6 -5 -3   38   0   0   0   0   0   3   8   0   0   0   1   0   0  44   2   1   0   0   2  1.33 0.45
   76 E    3  0 -2  2 -3  2  4  0  0 -4 -4  0 -3 -5 -2  1 -1 -3 -3 -3   24   4   0  13   0   8  26   5   2   0   0   3   0   0   1   8   2   0   0   1  0.47 0.24
   77 R    1 -2 -2  3 -3  1  0  2 -1 -2 -1 -2 -2 -3 -3 -1  3 -4 -4 -1   13   2   0  21   0   8   3  15   1   2   8   0   0   1   0   2  22   0   0   3  0.32 0.21
   78 L   -2 -5 -6 -6 -4 -3 -5 -6 -5  1  4 -5  2  1 -5 -4 -3 -4 -2  4    3   0   0   0   0   1   0   0   0   7  50   0   4   5   0   0   1   0   1  30  0.91 0.33
   79 A    3 -1 -2  2 -3  0  1  3 -3 -1 -3 -2 -3 -4 -3  0  0 -5 -4  1   30   3   0  14   0   3   8  21   0   3   1   1   0   0   0   3   4   0   0  10  0.37 0.21
   80 T    3  5 -2 -1 -3  0  0  0  0 -4 -3 -1 -3 -5 -4  0 -1 -5 -3 -4   27  39   1   3   0   3   6   6   2   0   2   2   0   0   0   5   4   0   0   0  0.66 0.31
   81 L   -2 -5 -6 -6 -4 -5 -5 -6 -5  4  4 -5  3 -1 -5 -5 -3 -4 -3  3    2   0   0   0   0   0   0   0   0  30  38   0   8   2   0   0   0   0   0  21  0.96 0.34
   82 L   -4 -5 -6 -6 -4 -5 -6 -7 -6  3  6 -5  0  1 -6 -5 -4 -4 -3  0    0   0   0   0   0   0   0   0   0  16  72   0   1   6   0   0   0   0   0   5  1.31 0.42
   83 D    1  0  0  5 -4  1  2  0 -2 -4 -4 -1 -4 -5 -3  1  0 -5 -4 -3   12   5   3  34   0   6  15   6   1   0   1   3   0   0   0   9   4   0   0   1  0.55 0.25
   84 M    4  0 -2  0 -3  0  0  2  1 -3 -3 -2  0 -4 -3 -1  1 -5 -3 -2   44   6   0   6   0   4   4  16   3   0   2   1   2   0   0   2   8   0   0   1  0.47 0.26
   85 V    2 -5 -5 -5  1 -4 -5 -5 -5  5  1 -5 -1 -3 -5 -3 -3 -5 -4  5   18   0   0   0   2   0   0   0   0  31   8   0   1   0   0   1   0   0   0  38  0.88 0.34
   86 R    1  6 -2  1 -4 -1  0 -1  1 -4 -4  0 -4 -5 -4 -1 -2 -3 -2 -3   13  53   0   7   0   1   7   4   3   1   0   2   0   0   0   4   2   0   2   1  0.87 0.35
   87 D    2  3  0  2 -4  1  2 -1 -1 -4 -4  1 -1 -4 -3  1  0 -4 -4 -3   19  20   3  11   0   6  12   4   1   0   0   9   2   0   0   8   4   0   0   0  0.36 0.19
   88 H   -1  3  0 -3  0 -1  0 -3  4 -1  1 -1 -2 -2 -4  0  1 -2  1 -1    4  22   4   0   2   1   5   0  13   3  18   2   0   1   0   5  10   1   4   4  0.26 0.18
   89 F   -4 -6 -6 -7 -5 -6 -6 -6 -5  0  1 -6 -2  6 -7 -5 -3  9  2 -2    1   0   0   0   0   0   0   0   0   5  14   0   0  38   0   0   2  34   5   3  1.86 0.51
   90 V   -1  0 -1  0 -3 -1 -2  4  0 -4 -4 -2 -3 -5  4 -1  0 -3 -4 -3    5   6   3   6   0   3   1  37   3   0   1   1   0   0  21   3   8   0   0   2  0.64 0.26
   91 L   -2 -3 -5 -5 -2 -3 -5 -5 -5  2  4 -4  2  3 -2 -4 -2  1 -2  2    2   1   0   0   1   1   0   0   0  13  45   0   4  14   2   0   2   2   0  15  0.68 0.27
   92 A    5 -2 -2  1 -2 -1  1 -2 -2 -3 -2 -2 -2 -4  0  0  0 -2 -4 -1   52   2   1   9   0   2   9   1   1   0   3   1   0   0   4   5   5   1   0   3  0.56 0.29
   93 P    0 -2  2  3 -5 -2  0 -1  0 -5 -5 -2 -4 -5  6  0 -2 -6 -4 -4   10   1   9  17   0   1   6   3   3   0   0   1   0   0  40   5   2   0   0   0  0.92 0.33
   94 D   -2 -3  1  6  1 -1  0  3 -2 -6 -5 -1 -4 -6 -4 -2 -3 -6 -4 -5    2   1   5  51   3   2   5  25   1   0   1   3   0   0   0   1   1   0   0   0  1.08 0.38
   95 A    5 -3 -4 -5  1 -2 -3 -3 -3  2  0 -4 -1 -3 -2 -2 -1 -3 -4  1   56   1   0   0   3   1   0   0   1  15   7   0   1   0   2   0   2   0   0  10  0.74 0.34
   96 E   -5 -4 -4 -2 -8 -2  8 -6 -4 -7 -7 -3 -6 -7 -5 -4 -5 -7 -6 -6    0   0   0   0   0   0 100   0   0   0   0   0   0   0   0   0   0   0   0   0  2.58 0.75
   97 V   -3 -6 -6 -6 -4 -6 -6 -7 -6  7 -2 -6 -1 -2 -6 -5 -3 -6 -4  5    1   0   0   0   0   0   0   0   0  61   0   0   0   1   0   0   0   0   0  36  1.64 0.50
   98 S   -4 -5 -4 -5 -5 -4 -5 -5 -5 -5 -5 -4 -4 -6 -5  1  8 -6 -5 -4    0   0   0   0   0   0   0   0   0   0   0   0   0   0   0   7  93   0   0   0  2.28 0.71
   99 T   -3 -4 -4 -5  0 -4 -5 -5 -5 -1  4 -4  3 -2 -5 -3  4 -5 -4  0    0   0   0   0   2   0   0   0   0   1  50   0   8   1   0   0  31   0   0   7  0.98 0.39
  100 E   -5 -4 -4 -2 -8 -2  8 -6 -4 -7 -7 -3 -6 -7 -5 -4 -5 -7 -6 -6    0   0   0   0   0   0 100   0   0   0   0   0   0   0   0   0   0   0   0   0  2.58 0.75
  101 A    7 -5 -5 -5  0 -4 -4 -2 -5 -5 -5 -4 -4 -6 -4  1 -1 -6 -5 -2   84   0   0   0   1   0   0   1   0   0   0   0   0   0   0   9   2   0   0   2  1.58 0.55
  102 N   -6 -4  9 -3 -7 -4 -4 -4 -3 -7 -8 -4 -6 -7 -6 -3 -4 -8 -6 -7    0   0 100   0   0   0   0   0   0   0   0   0   0   0   0   0   0   0   0   0  2.97 0.79
  103 P   -5 -6 -6 -6 -7 -5 -5 -6 -6 -7 -7 -5 -7 -8  9 -5 -5 -8 -7 -7    0   0   0   0   0   0   0   0   0   0   0   0   0   0 100   0   0   0   0   0  3.38 0.83
  104 E   -3 -3 -1  3 -5 -2  3  4 -4 -5 -5 -3 -5 -5 -4  1  2 -5 -5 -5    0   1   1  19   0   0  23  33   0   0   0   0   0   0   0  10  13   0   0   0  0.81 0.34
  105 S   -2 -4 -3  1 -4 -3 -3 -3 -4 -5 -5 -4 -4 -6 -4  5  5 -6 -5 -4    1   0   0   6   0   0   0   1   0   0   0   0   0   0   0  54  38   0   0   0  1.36 0.52
  106 T    0 -5 -5 -5 -3 -4 -5 -5 -5  1  1 -5 -1  2 -5 -3  2 -5 -2  6    6   0   0   0   0   0   0   0   0   4  10   0   1   7   0   1  13   0   0  57  0.91 0.36
  107 W   -3 -3 -1  3 -3 -2  5 -3 -3 -5 -5 -2 -5 -6 -4  2  2 -1 -5 -5    0   0   1  18   1   0  47   1   0   0   0   0   0   0   0  16  14   1   0   0  1.03 0.41
  108 P    4  0 -3 -3 -4  1  0 -2  0 -2 -2 -2 -3 -4  5 -1 -1 -5 -4 -3   39   6   0   1   0   5   7   1   3   2   4   1   0   0  25   3   2   0   0   1  0.66 0.30
  109 E    2 -1 -1  2 -5  0  5  2 -2 -5 -5 -2 -4 -5 -2 -1 -1 -4 -4 -4   20   3   1  11   0   3  39  14   0   0   0   1   0   0   1   2   4   0   0   0  0.66 0.30
  110 F   -3  5 -1 -2 -5 -1 -3 -3 -2 -4 -3  3 -2  2 -4  0 -2 -3  4 -3    1  39   2   1   0   1   0   2   0   0   2  16   0  10   0   6   1   0  16   1  0.77 0.33
  111 F   -4 -6 -6 -7 -5 -6 -6 -6 -5  0  3 -6 -1  8 -6 -5 -4 -3 -1 -1    1   0   0   0   0   0   0   0   0   3  33   0   0  59   0   0   0   0   1   2  1.65 0.49
  112 A    3  3 -2  0 -4  1  1 -2  0 -4 -4  1 -3 -4 -3  0 -2 -3 -3 -2   34  22   1   5   0   6  10   1   3   0   1   7   0   0   0   6   1   0   0   2  0.48 0.25
  113 T    2  0 -2  1 -2  0  0  4 -2 -3 -3 -2  1 -4 -3 -1  0 -4 -4 -2   24   5   0   8   1   5   7  32   1   1   1   0   4   0   0   3   6   0   0   3  0.43 0.22
  114 I   -4 -5 -6 -6 -2 -5 -6 -6 -3  0  4 -5 -1  4 -6 -5 -4 -2  6 -2    0   0   0   0   1   0   0   0   0   5  47   0   1  16   0   0   0   0  31   0  1.26 0.43
  115 R    2  7 -4 -5 -4  0 -3 -4 -1 -5 -1  1 -4 -5 -5 -2 -4 -6 -4 -4   19  64   0   0   0   3   0   0   1   0   5   5   0   0   0   2   0   0   0   0  1.34 0.47
  116 A    3  0 -1  3 -4  1  2 -1 -2 -4 -3 -1 -3 -5 -3  1  0 -5 -3 -3   35   5   2  17   0   5  16   3   1   0   1   2   0   0   0   8   4   0   1   0  0.47 0.25
  117 A    6 -4 -3 -5 -4 -4 -4  2 -2 -3  0 -4 -3 -4 -4  0 -3 -5 -4 -2   68   0   1   0   0   0   0  14   1   0   9   0   0   0   0   5   0   0   0   1  1.06 0.42
  118 G   -3 -6 -4 -5 -6 -5 -4  7 -6 -7 -7 -5 -6 -7  0 -4 -5 -6 -7 -7    0   0   0   0   0   0   1  94   0   0   0   0   0   0   5   0   0   0   0   0  2.34 0.63
  119 Y   -3 -5 -6 -6 -4 -5 -6 -6 -5  3 -2 -5 -2  5 -6 -5 -3 -3  3  5    1   0   0   0   0   0   0   0   0  17   0   0   0  28   0   0   0   0   9  46  1.23 0.42
  120 T   -4 -4  8 -3 -6 -4 -4 -4 -3 -6 -6 -4 -5 -6 -5 -2  5 -7 -6 -5    0   0  65   0   0   0   0   0   0   0   0   0   0   0   0   1  34   0   0   0  1.96 0.62
  121 R   -5  9 -4 -6 -8 -3 -4 -6 -4 -7 -6 -2 -5 -7 -6 -5 -5 -7 -6 -7    0 100   0   0   0   0   0   0   0   0   0   0   0   0   0   0   0   0   0   0  2.83 0.76
  122 V   -3 -5 -6 -6 -4 -5 -5 -6 -6  4  3 -5  0 -2 -5 -5 -3 -5 -4  5    1   0   0   0   0   0   0   0   0  25  33   0   1   1   0   0   0   0   0  39  1.08 0.37
  123 S   -3 -5 -3 -4 -5 -4 -4 -4 -5 -6 -6 -4 -5 -6 -5  7 -2 -7 -6 -6    0   0   0   0   0   0   0   0   0   0   0   0   0   0   0 100   0   0   0   0  2.29 0.73
  124 L   -4 -5 -6 -6 -4 -5 -5 -6 -5  3  4 -5  5  4 -6 -5 -4 -4 -2  0    0   0   0   0   0   0   0   0   0  16  47   0  14  19   0   0   0   0   0   4  1.06 0.37
  125 G   -3 -6 -4 -5 -6 -6 -6  8 -6 -8 -8 -5 -7 -7 -6 -4 -5 -6 -7 -7    0   0   0   0   0   0   0 100   0   0   0   0   0   0   0   0   0   0   0   0  2.60 0.67
  126 M   -2 -5 -6 -6 -4 -5 -5 -6 -6  4  0 -5  7 -3 -6 -5 -3 -5 -4  5    2   0   0   0   0   0   0   0   0  23   5   0  34   0   0   0   0   0   0  37  1.37 0.46
  127 Q   -5 -3 -4 -4 -7  9 -2 -6 -4 -7 -6 -3 -5 -8 -6 -4 -5 -6 -6 -7    0   0   0   0   0 100   0   0   0   0   0   0   0   0   0   0   0   0   0   0  3.00 0.85
  128 S    3 -4 -3 -4 -4 -3 -4 -3 -4 -5 -5 -4 -5 -6 -4  6  1 -6 -5 -4   25   0   0   0   0   0   0   0   0   0   0   0   0   0   0  68   7   0   0   0  1.43 0.53
  129 V    3 -4 -5 -5 -2 -3 -4 -4 -4 -2  3 -4  0  5 -5 -2 -1 -1 -1 -1   28   0   0   0   1   1   0   0   0   0  28   0   1  32   0   1   3   1   0   4  0.79 0.33
  130 A    0  1  3  4 -4  2 -1 -3  1 -3 -4 -1 -2 -3 -4  0 -2 -5 -4  1   10   7  17  27   0   9   2   0   3   0   0   2   1   1   0   7   0   0   0  14  0.46 0.25
  131 P    0 -2 -1  6 -5  1  1 -3 -3 -5 -5 -3 -5 -6  4 -1 -3 -6 -5 -5    7   2   2  45   0   5   8   1   0   0   0   0   0   0  24   4   0   0   0   0  1.09 0.39
  132 R    2  2 -1  1 -4  0  2 -1  6 -4 -4  0 -3 -3  0  0 -1 -5 -2 -3   17  12   1  10   0   3  12   3  24   1   0   4   0   0   4   4   3   0   0   1  0.50 0.25
  133 V    1 -2 -2  2 -2 -1 -1 -3  2 -1  0  0  0 -2 -3 -1  0 -4 -3  4   11   0   0  15   0   3   3   1   5   1   7   8   2   1   0   4   5   0   0  34  0.27 0.20
  134 L   -5 -6 -7 -7 -5 -6 -6 -7 -6 -2  7 -6 -1 -3 -6 -6 -5 -5 -5 -3    0   0   0   0   0   0   0   0   0   0 100   0   0   0   0   0   0   0   0   0  2.04 0.60
  135 A    2  4 -2 -3 -5  2  0 -2  0 -5 -4  4 -3 -5 -4 -2 -1 -5 -3 -3   20  24   0   0   0  10   4   1   2   0   0  32   0   0   0   1   3   0   0   1  0.72 0.32
  136 T    2  2 -3 -4 -3 -1 -3 -3 -3  0  0  0 -1  2 -4 -1  2 -1 -2  2   20  16   0   0   0   2   0   1   0   3   9   4   1  12   0   1  13   1   0  17  0.28 0.20
  137 L   -4 -6 -7 -7 -5 -5 -6 -7 -6  1  6 -6  0 -3 -6 -6 -4 -5 -4 -2    1   0   0   0   0   0   0   0   0   5  93   0   1   0   0   0   0   0   0   0  1.80 0.55
  138 D   -3 -4  0  4 -6 -3  1  6 -3 -7 -7 -2 -6 -6 -5 -3 -4 -6 -6 -6    0   0   3  26   0   0   8  59   0   0   0   2   0   0   0   0   0   0   0   0  1.38 0.44
  139 R   -5  9 -4 -6 -8 -3 -4 -6 -4 -7 -6 -2 -5 -7 -6 -5 -5 -7 -6 -7    0 100   0   0   0   0   0   0   0   0   0   0   0   0   0   0   0   0   0   0  2.83 0.76
  140 V    0  2 -3 -2 -3 -1 -2 -3 -2  3  1 -2  1 -2 -3 -2  3 -4 -3  1    7  11   0   2   0   3   2   1   1  25  13   1   3   0   1   0  21   0   0   8  0.31 0.20
  141 H   -6 -5 -4 -6 -8 -4 -4 -7 11 -8 -7 -5 -6 -6 -7 -5 -6 -7 -2 -8    0   0   0   0   0   0   0   0 100   0   0   0   0   0   0   0   0   0   0   0  3.91 0.92
  142 S   -2 -1  2  4 -4 -2 -2  0 -3 -4 -4 -2 -4 -5 -4  3  4 -6 -5 -4    1   4  10  25   0   0   1   7   0   0   1   0   0   0   0  19  31   0   0   0  0.75 0.34
  143 P    3 -1 -4 -4 -3 -3 -3  0 -4 -3 -3 -3 -3 -3  6 -1 -2 -1 -4  2   23   5   0   0   0   1   0   7   0   0   1   0   0   1  37   4   1   1   0  19  0.84 0.33
  144 G    2  1 -1  2 -4  0  2  3 -1 -4 -4  0 -3 -5 -3  0 -1 -5 -4 -3   23   7   1  13   0   4  15  24   1   0   0   4   0   0   0   4   3   0   0   0  0.45 0.22
  145 R   -2  4  1  1 -6  3  5 -4 -2 -5 -5 -1 -4 -6 -4 -2 -1 -5 -4 -4    3  27   5   7   0  14  38   1   0   0   0   1   0   0   0   0   3   0   0   0  0.92 0.37
  146 A    6 -4 -4 -5 -3 -3 -3 -1 -5  0 -3 -4 -3 -3  1 -1 -2 -5 -4  2   66   0   0   0   0   0   1   4   0   4   1   0   0   1   8   1   0   0   0  14  1.02 0.42
  147 A   -1  2 -3 -3 -2  0  1 -3 -1  1  2  0  1 -1  2 -2 -1 -3 -1  1    6  14   0   0   0   3  10   1   1   9  20   5   3   2  10   1   3   0   2  12  0.17 0.13
  148 A    3  4 -2  1 -3  2  1 -2  1 -3 -3  1 -2 -4 -3 -1 -1 -5 -3 -3   31  24   0   7   0   8   9   2   3   0   2   5   1   0   0   3   3   0   1   1  0.44 0.24
  149 A    6 -3 -5 -4  1 -4 -4 -2 -5 -4 -4 -4 -2 -5 -4 -2 -2 -6 -5  1   81   1   0   0   3   0   0   2   0   0   0   0   1   0   0   1   2   0   0   8  1.43 0.51
  150 A    2 -4 -5 -5 -3 -4 -4 -4 -4  3  1 -4 -1  2 -4 -3 -2 -4  1  4   23   0   0   0   0   0   0   0   0  15  11   0   1   8   0   0   1   0   5  38  0.67 0.29
  151 T    2  3 -1  3 -4  2  2 -1  0 -4 -3  1 -3 -5 -3 -1 -2 -2 -4 -3   19  18   2  18   0   8  16   5   3   0   1   7   0   0   0   1   1   1   0   0  0.45 0.23
  152 E    1 -1 -3 -2 -3 -1  2 -3 -1  2  2 -2  2 -1 -4 -2  0  5 -2  0   11   4   1   1   0   1  19   1   1  11  19   0   8   2   0   1   6  10   0   5  0.32 0.20
  153 A    7 -5 -5 -5  2 -4 -4 -3 -5 -4 -4 -4 -4 -6 -4 -2 -3 -6 -5 -2   91   0   0   0   5   0   0   0   0   0   1   0   0   0   0   0   0   0   0   2  1.80 0.59
  154 I   -1  7 -1 -3 -5  2 -2 -3  0 -3 -2  1 -3 -4 -4 -2 -2 -5 -4 -4    6  64   2   1   0   8   0   2   2   1   4   5   0   0   0   2   2   0   0   0  1.21 0.41
  155 A    3  2 -1  1 -3  2  2 -1 -1 -4 -3  1 -3 -4 -3  0 -1 -4 -3 -3   27  14   2   9   0  10  15   4   1   0   1   6   0   0   0   6   2   0   0   0  0.38 0.20
  156 E    5 -2 -2 -3  1 -2 -2 -2 -2 -2 -1 -2 -2 -4 -3  0  1 -4 -2  0   58   2   2   0   3   2   2   1   1   1   7   1   1   0   1   3   9   0   1   8  0.65 0.30
  157 G   -1 -3 -2 -2 -2 -3 -3  6  2  1 -3 -3 -3 -3 -3 -2 -2 -3 -3 -2    2   1   1   2   1   1   1  63   6   9   3   1   0   1   1   2   2   0   1   2  1.00 0.29
  158 F   -5 -6 -6 -7 -4 -6 -6 -6 -5 -2  1 -6  0  9 -7 -6 -5 -3  1 -3    0   0   0   0   0   0   0   0   0   1  14   0   2  79   0   0   0   0   2   1  2.16 0.58
  159 T    0  0  0  5 -5  1  3 -1 -3 -5 -4 -1 -3 -5  2 -1 -1 -5 -4 -4    7   5   2  33   0   5  22   4   0   0   1   1   0   0  11   3   4   0   0   0  0.65 0.27
  160 H   -3  5  5 -1 -4 -1 -2 -3  6 -4 -4 -1 -4 -4 -4 -1 -2 -4 -3 -4    2  34  29   2   0   2   1   1  18   1   1   1   0   0   1   4   2   0   0   1  1.03 0.35
  161 V   -3 -5 -5 -5 -3 -4 -5 -5 -5  3  1 -5  1  3 -5 -2  0 -4  0  5    0   0   0   0   0   0   0   0   0  17  12   0   3  15   0   2   4   0   3  43  0.80 0.31
  162 N   -3 -4  6 -3 -5 -3 -4 -2 -3 -6 -6 -4 -5 -6 -5  6 -2 -7 -5 -6    0   0  42   0   0   0   0   2   0   0   0   0   0   0   0  55   1   0   0   0  1.63 0.57
  163 L   -4 -5 -6 -6 -2 -5 -6 -6 -5  3  4 -5 -1  5 -6 -5 -4 -3 -2  1    0   0   0   0   1   0   0   0   0  13  49   0   0  28   0   0   0   0   0   8  1.11 0.37
  164 D   -6 -6 -2  9 -8 -4 -2 -5 -5 -7 -8 -5 -7 -8 -5 -4 -5 -8 -7 -7    0   0   0 100   0   0   0   0   0   0   0   0   0   0   0   0   0   0   0   0  2.86 0.75
  165 L   -4 -5 -7 -7 -5 -5 -6 -7 -6 -1  6 -6  2 -1 -6 -6 -4 -5 -4 -1    1   0   0   0   0   0   0   0   0   0  92   0   4   1   0   0   0   0   0   2  1.77 0.54
  166 I   -5 -6 -7 -7 -5 -6 -7 -7 -6  7 -2 -6  6 -4 -6 -6 -4 -6 -5 -1    0   0   0   0   0   0   0   0   0  76   0   0  24   0   0   0   0   0   0   0  2.12 0.62
  167 Y   -4 -5 -6 -7 -6 -5 -6 -7  4 -5 -5 -6 -5  4 -7 -5 -5 -2  9 -5    1   0   0   0   0   0   0   0  10   0   0   0   0  12   0   0   0   0  77   0  2.61 0.70
  168 G    4 -5 -4 -5 -5 -4 -5  6 -5 -6 -6 -4 -5 -6 -5 -1 -3 -6 -6 -4   39   0   0   0   0   0   0  58   0   0   0   0   0   0   0   2   0   0   0   0  1.50 0.48
  169 T    0  4 -4 -5 -3 -3 -4 -5 -4 -2  3 -2 -2 -4 -5 -2  4  0 -4 -3    7  28   0   0   0   0   0   0   0   1  36   0   0   0   0   1  26   1   0   0  0.80 0.37
  170 P   -4 -6 -6 -4 -7  1 -4 -6 -6 -7 -7 -5 -6 -8  9 -4 -4 -8 -7 -6    0   0   0   1   0   6   0   0   0   0   0   0   0   0  92   0   0   0   0   0  2.97 0.76
  171 G   -3 -3  0  2 -5 -1  0  6 -2 -6 -6 -2 -5 -4 -5 -2 -1 -6 -5 -6    0   1   4  14   0   3   5  66   1   0   0   1   0   1   0   1   4   0   0   0  1.29 0.42
  172 E   -4 -3 -4 -3 -7  7  5 -6 -2 -7 -6 -2 -3 -7 -5 -4 -4 -6 -5 -6    0   0   0   0   0  60  39   0   1   0   0   0   0   0   0   0   0   0   0   0  2.01 0.65
  173 S   -3 -1 -2 -1 -4 -3 -3 -3 -4 -4 -5 -3 -4 -5 -3  4  6 -6 -5 -3    0   4   1   3   0   0   1   1   0   0   0   0   0   0   0  35  53   0   0   0  1.26 0.49
  174 D   -1 -2 -3  2 -4 -2 -1 -4 -3  0  4 -1  2 -2  1 -3 -2 -4 -3  1    5   2   0  15   0   1   4   0   0   3  42   3   4   0   8   1   1   0   0   9  0.40 0.22
  175 D    3 -2 -2  4 -4  0  4 -2 -1 -5 -5 -1 -4 -5 -3 -1 -1 -5 -4 -2   27   1   0  28   0   4  26   2   1   0   0   3   0   0   0   3   2   0   0   2  0.71 0.31
  176 D    1  0 -1  6 -5  3  2 -2 -1 -5 -4 -2  0 -5 -4 -1 -3 -6 -5 -4   13   5   2  45   0  13  11   3   2   0   1   0   3   0   0   2   1   0   0   0  0.84 0.34
  177 L    1 -6 -7 -8  1 -6 -6 -6 -6 -5  0 -6 -4 -1 -7 -5 -5 12 -2 -1   14   0   0   0   3   0   0   0   0   0  11   0   0   2   0   0   0  65   0   5  2.78 0.70
  178 V    0  5 -2 -1 -3  2  3 -4  0 -3  1  1 -1 -4 -4 -2 -2 -3 -4 -2    9  33   0   3   0   9  18   0   2   0  14   6   1   0   0   1   2   0   0   1  0.53 0.26
  179 R    3  2  0  1 -1  1  1 -1  1 -3 -3  0 -2 -4 -3  0  1 -4 -2 -2   34  15   3   7   1   5   8   2   4   0   1   4   1   0   0   4   8   0   1   1  0.33 0.20
  180 S   -2 -3  0  4 -3 -1  4 -4 -3 -5 -5 -3 -5 -6 -4  4  1 -6 -5 -5    1   0   3  24   1   1  30   0   0   0   0   0   0   0   0  32   8   0   0   0  0.94 0.39
  181 V   -4 -5 -6 -7 -4 -5 -6 -7 -6  0  6 -6  0 -3 -6 -5 -4 -5 -4  2    1   0   0   0   0   0   0   0   0   3  80   0   0   0   0   0   0   0   0  15  1.48 0.47
  182 D    0  3 -1  4 -3  0  3 -2 -2 -4 -3  0 -4 -3 -3  0 -1 -5 -3 -4    8  20   2  24   0   4  22   3   0   0   2   5   0   1   0   4   4   0   0   0  0.54 0.25
  183 A    3  3 -3 -2 -2  4  2 -3 -2 -4 -2 -1 -1 -5 -3 -1  2 -3 -4 -2   29  15   0   1   1  21  12   0   1   0   3   1   1   0   0   2  13   0   0   1  0.53 0.29
  184 A    6 -5 -5 -5 -4 -4 -4 -2 -5 -2 -4 -4 -4 -5 -4 -2 -3 -6 -5  2   82   0   0   0   0   0   0   1   0   2   1   0   0   0   0   0   1   0   0  14  1.52 0.53
  185 V   -3 -5 -6 -6 -3 -5 -5 -6 -6  5  5 -5  0 -1 -5 -5 -2 -5 -4  2    1   0   0   0   0   0   0   0   0  30  51   0   1   2   0   0   1   0   0  13  1.07 0.36
  186 Q    4 -1 -1  2 -3 -1  1  1 -2 -4 -4 -2 -3 -5 -3  3 -1 -5 -4 -3   34   3   1  13   0   2   9  11   0   0   0   0   0   0   0  24   2   0   0   0  0.55 0.28
  187 A    1 -2 -4 -4 -1 -2 -2 -4 -1 -1  4 -3  2  2 -4 -2  0  0  1 -1   15   1   0   0   1   1   3   0   2   2  43   1   6  10   0   1   5   1   6   1  0.42 0.23
  188 G    3 -1  1  0 -4  1  1  4  0 -4 -4 -1 -4 -5 -1 -1 -2 -5 -4 -2   27   3   6   6   0   6   9  32   2   0   0   2   0   0   3   3   0   0   0   2  0.51 0.24
  189 V    1 -4 -4 -5 -3 -4 -4 -3 -5  0 -3 -4 -3 -4  6 -2  0 -6 -5  4   12   1   0   0   0   0   0   2   0   3   1   0   0   0  42   1   7   0   0  30  1.08 0.39
  190 D   -3 -4 -1  6 -6 -2  3 -1 -2 -6 -6 -3 -5 -6  1 -2  1 -6 -5 -5    1   0   2  50   0   1  22   5   0   0   0   0   0   0   8   2   9   0   0   0  1.15 0.41
  191 H   -6 -5 -4 -5 -7 -4 -4 -6 11 -8 -7 -5 -6 -6 -7 -4 -6 -7 -2 -8    0   0   0   0   0   0   0   0  99   0   0   0   0   0   0   1   0   0   0   0  3.87 0.91
  192 V   -4 -5 -6 -6 -4 -5 -5 -6 -6  4  4 -5  0 -2 -5 -5 -3 -5 -3  4    0   0   0   0   0   0   0   0   0  21  50   0   1   1   0   0   0   0   1  27  1.10 0.37
  193 S   -2 -5 -3 -4 -5 -4 -4 -4 -5 -6 -6 -4 -5 -6 -5  7 -2 -7 -6 -6    1   0   0   0   0   0   0   0   0   0   0   0   0   0   0  99   0   0   0   0  2.25 0.73
  194 A    5 -4 -5 -5  2 -4 -4 -3  0 -2  3 -4 -1 -2 -4 -3 -3  5 -3 -1   47   0   0   0   4   0   0   0   2   0  35   0   0   1   0   0   0   8   0   2  0.88 0.38
  195 Y   -6 -6 -6 -7 -7 -6 -6 -7 -2 -6 -5 -6 -5 -1 -7 -6 -6 -2 10 -5    0   0   0   0   0   0   0   0   0   0   0   0   0   0   0   0   0   0 100   0  3.47 0.87
  196 A    3 -3 -2 -4 -5  6 -2 -1  4 -5 -4 -2 -4 -5 -3  2 -3 -2 -4 -4   25   0   1   0   0  41   0   5  12   0   1   0   0   0   1  14   0   1   0   0  1.01 0.43
  197 L   -5 -6 -7 -7 -5 -6 -6 -7 -6 -2  7 -6 -1 -3 -6 -6 -5 -5 -5 -3    0   0   0   0   0   0   0   0   0   0 100   0   0   0   0   0   0   0   0   0  2.04 0.60
  198 V   -3 -4 -4 -5 -4 -1 -3 -5 -5  4 -3 -3 -3 -4 -5 -1  6 -6 -5  1    0   0   0   0   0   2   2   0   0  28   0   1   0   0   0   2  58   0   0   7  1.25 0.48
  199 V   -3 -5 -6 -6 -4 -5 -6 -6 -5  5  2 -5  1 -3 -5 -5 -3 -5  1  5    0   0   0   0   0   0   0   0   0  41  15   0   2   0   0   0   0   0   5  36  1.14 0.39
  200 E   -4 -4 -4 -2 -8 -2  8 -6 -1 -7 -7 -2 -6 -7 -5 -4 -5 -7 -6 -6    1   0   0   0   0   0  97   0   1   0   0   1   0   0   0   0   0   0   0   0  2.44 0.72
  201 H   -3 -3 -3  3 -6 -1  5 -4 -3 -6 -6 -2 -5 -7  6 -3 -3 -6 -6 -5    1   1   0  16   0   2  34   1   0   0   0   1   0   0  42   1   1   0   0   0  1.44 0.47
  202 G   -3 -3  4  0 -6 -4 -3  6 -2 -7 -7 -4 -6 -6 -5 -3 -3 -6 -6 -6    0   1  20   4   0   0   1  71   1   0   0   0   0   0   0   1   1   0   0   0  1.63 0.49
  203 T   -4 -5 -4 -5 -5 -5 -5 -6 -6 -5 -5 -5 -5 -6 -5 -2  8 -7 -6 -4    0   0   0   0   0   0   0   0   0   0   0   0   0   0   0   0 100   0   0   0  2.55 0.76
  204 A    3  3 -3 -4 -4  0 -2 -3 -3 -2 -1  1 -2 -4  4 -2 -2 -3 -3  0   27  16   0   0   0   4   1   1   0   1   6  11   1   0  23   0   2   0   1   7  0.55 0.27
  205 L   -5 -5 -6 -7 -5 -5 -6 -6 -5  0  3 -6  5  7 -6 -5 -5  0  1 -3    0   0   0   0   0   0   0   0   0   3  26   0  14  54   0   0   0   1   2   0  1.57 0.48
  206 A    4 -4 -3 -3 -3 -2  0  2  3 -4 -4 -2 -4  1 -4 -2 -3  4  3 -3   43   0   0   0   0   1   6  17   7   0   0   2   0   6   0   1   0   6  10   0  0.69 0.32
  207 R    2  5  1  0 -4  0 -1  0  0 -4 -3  1 -3 -4 -2  0  1 -5 -3 -3   17  33   5   6   0   2   1   7   2   0   1   8   0   0   1   7   8   0   0   1  0.45 0.23
  208 R   -1  4 -3 -2 -4  3 -1 -4 -2 -3  2  1  2 -1 -4 -2 -2  1 -1 -3    6  31   0   2   0  16   2   1   1   0  22   6   5   2   0   1   1   2   2   0  0.50 0.26
  209 V   -1 -3 -4 -4 -4 -3 -2 -4  4  2  0 -3  0 -1  3 -3 -2  1  2  3    5   1   0   0   0   0   2   0  14  13   7   1   2   2  16   0   1   2   7  28  0.52 0.25
  210 R    2  5 -1 -1 -4  1  1 -3 -2 -5 -4  1 -3 -5  4 -1 -2 -5 -4 -4   22  32   2   3   0   5   8   0   0   0   0   6   0   0  18   2   1   0   0   0  0.71 0.30
  211 R    3  5 -2 -3 -4  2  0 -3  0 -4 -4  1 -2 -4 -2 -2 -2 -4 -4 -3   26  41   1   0   0   8   6   1   2   1   1   8   1   0   1   1   1   0   0   1  0.76 0.31
  212 G   -2 -4 -1 -3 -4 -3 -3  7  2 -4 -4 -2 -4 -4 -4 -2 -3 -3 -4 -4    1   1   3   1   0   1   1  78   5   1   2   2   0   1   1   1   1   0   0   1  1.52 0.40
  213 E   -1  2 -1  0 -3  1  4 -1 -1 -2 -2  3 -2 -3 -1 -1 -1 -3 -3 -2    4  10   2   5   0   5  32   4   1   2   4  19   1   1   2   2   3   0   1   3  0.39 0.17
  214 L   -2 -3 -3 -3 -3 -3 -3 -4 -3  2  4 -3  1  1 -2 -3 -2 -3 -1  2    1   1   1   2   0   1   1   1   0   9  55   1   2   7   2   1   1   0   1  12  0.61 0.22
  215 A    1  1 -1 -1 -2 -1  0 -2 -2  0 -2  0 -2 -3  5  0  1 -4 -3  1   10   8   2   4   0   2   6   1   1   6   3   4   0   1  27   5  10   0   0  10  0.38 0.16
  216 A    1 -3 -3 -3 -3 -2  0 -3 -4  0  4 -3  4 -2  2 -2  0 -4 -2  0   14   1   0   1   0   1   7   1   0   4  41   1  11   0   9   1   4   0   1   5  0.42 0.23
  217 P   -3 -6 -5 -5  0 -5 -5 -5 -6 -3 -3 -5 -3 -6  8 -3 -1 -7 -6 -1    2   0   0   0   2   0   0   1   0   2   3   0   1   0  79   1   5   0   0   6  2.23 0.61
  218 D   -2 -4  0  7 -5 -2  2 -1 -3 -6 -6 -3 -6 -6 -2 -1 -2 -7 -6 -4    2   0   2  70   0   0  10   5   0   0   0   0   0   0   2   4   1   0   0   1  1.54 0.48
  219 D   -2 -4 -1  6 -6 -2  5 -1 -3 -6 -5 -3 -5 -6  1 -2 -3 -6 -5 -5    2   0   1  44   0   1  38   4   0   0   1   0   0   0   6   2   0   0   0   0  1.25 0.43
  220 D   -4 -5 -2  8 -7 -3  3 -4 -4 -6 -7 -4 -6 -7 -5 -3 -4 -7 -5 -6    1   0   0  82   0   0  15   0   0   0   0   0   0   0   0   0   0   0   0   0  2.17 0.61
  221 V    1 -2 -1  2 -3 -1  0 -3  1  0  2 -2 -1 -2 -2  0  1 -1 -3  2   12   1   1  14   0   2   6   0   3   2  21   0   0   1   1   4  13   1   0  16  0.18 0.15
  222 L    3 -3 -3 -3  0  1  1 -1  1 -2  2 -2  0 -3 -3  1 -1 -4 -1 -2   29   0   0   0   2   6  12   5   4   0  21   0   3   0   0  14   2   0   2   1  0.31 0.22
  223 A    6  0 -5 -5 -3 -4 -3 -2 -5 -4 -1 -4 -3 -3 -4 -2 -2  6 -3 -1   68   6   0   0   0   0   1   1   0   0   6   0   0   0   0   1   1  10   0   4  1.14 0.45
  224 H    2  0 -1  6 -5 -1  2 -3  0 -5 -4 -3 -3 -5 -4 -1  0 -6 -5 -3   20   5   1  50   0   2  10   0   2   0   1   0   0   0   0   3   5   0   0   1  0.94 0.36
  225 R   -4  3 -4 -4 -4 -2 -4 -5 -3  1  2  2  7  1 -5 -4 -3 -4 -3 -2    0  18   0   1   0   1   0   0   0   9  23  14  30   5   0   0   0   0   0   0  0.83 0.35
  226 Y   -4 -5 -5 -6 -6  3 -4 -5 -1 -5 -4 -5 -3  4 -6 -5 -5  3  8 -5    1   0   0   0   0  13   1   1   1   0   1   0   0  17   0   0   0   3  63   0  1.99 0.59
  227 E   -1 -1 -2  3 -5  1  5 -3 -1 -4  0 -2 -3 -4 -4 -2 -1 -2 -3 -3    5   2   1  16   0   5  46   1   1   0  12   1   0   0   0   2   4   0   1   1  0.69 0.31
  228 L    2 -1 -4 -3 -3  0 -1 -4 -2  2  3 -3  3 -2 -4 -2 -1  2 -1  0   20   3   0   0   0   4   4   0   1  11  33   0   7   1   0   1   4   3   2   6  0.31 0.19
  229 V    3 -4 -3 -4  1 -3 -4  0 -4  2  0 -3 -2 -4 -4 -1  4 -5 -4  1   27   0   0   0   2   0   0   8   0  13   9   0   0   0   0   1  33   0   0   7  0.57 0.30
  230 D   -1  0 -2  4 -5  5  2 -3  2  0 -3 -2  0 -5 -4 -2 -2 -5 -3 -3    4   6   0  28   0  28  12   1   5   7   1   0   3   0   0   2   1   0   1   1  0.68 0.31
  231 A    3  0 -2  2 -4  1  5 -3 -1 -4 -4 -1 -4 -5 -3  0 -1 -5 -4 -3   24   6   1  13   0   5  38   1   1   0   0   2   0   0   0   6   3   0   0   1  0.69 0.31
  232 R    0  3 -3 -4 -2 -1 -1 -4 -1  2  2 -1  3 -2 -4 -2  0 -4 -2  2    8  22   0   0   1   2   3   0   1  12  21   2   8   1   0   1   4   0   0  14  0.31 0.19
  233 L   -2 -5 -5 -6  4 -5 -5 -6 -5 -1  5 -5  1  0 -5 -4  3 -4 -4 -2    4   0   0   0   9   0   0   0   0   1  63   0   2   3   0   0  18   0   0   0  1.05 0.40
  234 S    4  1 -2 -1 -2 -1  1  1 -1 -3 -4 -1 -3 -4 -3  2  1 -5 -4 -2   40   8   1   3   1   2   8   9   1   0   0   1   0   0   0  13  11   0   0   1  0.44 0.24
  235 A    4  1 -2  1 -4  1  3 -1 -3 -4 -3  0 -2 -5 -3  0 -1 -5 -4 -3   44   7   1   6   0   5  19   4   0   0   2   4   1   0   0   5   2   0   0   0  0.55 0.28
  236 A    6 -1 -2 -3 -4 -3 -1 -3  4 -4 -4 -3 -1 -3 -4 -2 -3 -5 -2 -3   73   3   2   1   0   0   3   0  12   0   1   0   1   1   0   1   0   0   1   0  1.22 0.47
  237 G   -3 -6 -4 -5 -6 -6 -6  8 -6 -8 -8 -5 -6 -7 -6 -4 -5 -6 -7 -7    0   0   0   0   0   0   0  99   0   0   0   0   0   0   0   0   0   0   0   0  2.56 0.67
  238 F   -5 -4 -6 -6 -5 -5 -5 -6 -3 -2  3 -5  2  5 -6 -5 -4  0  6 -3    0   1   0   0   0   0   0   0   0   1  35   0   6  22   0   0   0   1  34   0  1.30 0.43
  239 A    0  1 -1  1 -3  1  2  0  1 -3 -2 -1 -3 -3  4  0 -1 -4 -3 -2    8  10   1   6   0   6  15   6   3   1   4   1   0   1  23   7   4   0   0   3  0.37 0.18
  240 W    3  0 -1 -4 -2  2 -4 -3  6 -5 -5 -4 -4 -4 -2 -2 -4  9 -2 -5   25   6   3   0   1  11   0   2  18   0   0   0   0   0   2   2   0  32   0   0  1.40 0.47
  241 Y   -6 -6 -6 -7 -7 -6 -6 -7 -2 -6 -5 -6 -5 -1 -7 -6 -6 -2 10 -5    0   0   0   0   0   0   0   0   0   0   0   0   0   0   0   0   0   0 100   0  3.47 0.87
  242 E   -5 -4 -4 -2 -8 -2  8 -6 -4 -7 -7 -3 -6 -7 -5 -4 -5 -7 -6 -6    0   0   0   0   0   0 100   0   0   0   0   0   0   0   0   0   0   0   0   0  2.58 0.75
  243 V   -3 -6 -6 -6 -4 -5 -6 -6 -6  6 -1 -5 -2 -4 -5 -4  1 -6 -4  5    0   0   0   0   0   0   0   0   0  41   1   0   0   0   0   0   9   0   0  50  1.39 0.46
  244 S   -2 -5 -3 -4 -5 -4 -4 -4 -5 -6 -6 -4 -5 -6 -5  7 -2 -7 -6 -6    1   0   0   0   0   0   0   0   0   0   0   0   0   0   0  99   0   0   0   0  2.23 0.72
  245 N    2 -4  8 -3 -6 -4 -4 -3 -3 -7 -7 -4 -6 -7 -5 -3 -4 -7 -6 -6   18   0  81   0   0   0   0   1   0   0   0   0   0   0   0   0   0   0   0   0  2.18 0.65
  246 W   -6 -5 -5 -6 -6 -5 -5 -6  7 -5 -5 -6 -5  5 -7 -5 -6 10  5 -6    0   0   0   0   0   0   0   0  26   0   0   0   0  19   0   0   0  34  21   0  2.33 0.62
  247 C    7 -5 -5 -5  3 -4 -4 -3 -5 -5 -5 -4 -4 -6 -4  1 -3 -6 -5 -4   86   0   0   0   5   0   0   1   0   0   0   0   0   0   0   8   0   0   0   0  1.69 0.57
  248 R   -2  7 -3 -4 -6  1 -3 -3 -2 -3 -2  3 -2 -4 -5 -1 -2 -5 -4 -3    2  60   0   0   0   6   0   1   0   2   5  15   1   0   0   4   2   0   0   1  1.20 0.42
  249 P   -1 -3 -4  0 -6 -3  0 -5 -5 -5 -5 -4 -6 -7  8 -2 -3 -7 -5 -3    4   1   1   6   0   0   6   0   0   1   1   0   0   0  75   2   1   0   0   2  2.05 0.58
  250 G    0 -4 -2  0 -5 -2 -1  6  0 -6 -5 -4 -5 -5 -3 -2 -3 -6 -5 -5    8   0   1   6   0   2   4  72   2   0   0   0   0   0   1   2   1   0   0   0  1.39 0.44
  251 G    3  2 -2 -2 -1  0 -1  1  2 -3 -3  0  0  0 -3  0 -1 -3  2 -3   29  13   0   2   1   5   3  12   6   0   1   4   2   5   0   4   2   0  10   0  0.30 0.19
  252 E    0  4 -3 -2 -6  3  5 -4  1 -4 -4 -1 -3 -3 -2 -3 -3 -2  0 -3    7  24   0   0   0  12  43   0   3   1   0   0   0   1   2   0   0   1   3   2  0.89 0.37
  253 C    0 -5 -4 -5  9 -5 -5 -4 -5 -5 -5 -5 -5 -6 -5  5 -2 -6 -6 -5    7   0   0   0  45   0   0   0   0   0   0   0   0   0   0  47   0   0   0   0  2.01 0.60
  254 R   -1  8 -4 -4 -6  1 -2 -5 -1 -5 -3  0 -3 -5 -5 -4 -4 -4 -5 -3    4  78   0   1   0   5   1   0   1   0   3   3   0   0   0   0   0   0   0   2  1.75 0.55
  255 H   -6 -5 -4 -6 -8 -4 -4 -7 11 -8 -7 -5 -6 -6 -7 -5 -6 -7 -2 -8    0   0   0   0   0   0   0   0 100   0   0   0   0   0   0   0   0   0   0   0  3.91 0.92
  256 N   -6 -4  9 -3 -7 -4 -4 -4 -3 -7 -8 -4 -6 -7 -6 -3 -4 -8 -6 -7    0   0 100   0   0   0   0   0   0   0   0   0   0   0   0   0   0   0   0   0  2.97 0.79
  257 L   -3 -2 -5 -5 -4 -1 -1 -6 -4  0  5 -4  3 -2 -5 -2 -1 -4 -4 -1    1   2   0   0   0   2   5   0   0   3  71   0   6   0   0   3   3   0   0   2  0.99 0.38
  258 G    1 -3  3 -3 -2 -3 -3  2 -1  1  1 -2 -2 -3 -3  0  2 -4 -3  1   14   0  19   0   0   0   0  14   1  10  12   1   0   0   0   5  12   0   0  11  0.27 0.18
  259 Y   -6 -6 -6 -7 -7 -6 -6 -7 -2 -6 -5 -6 -5 -1 -7 -6 -5 -2 10 -5    0   0   0   0   0   0   0   0   0   0   0   0   0   0   0   0   0   0  99   0  3.42 0.86
  260 W   -7 -8 -9 -9 -7 -7 -8 -7 -7 -7 -6 -8 -6 -4 -9 -8 -7 13 -2 -8    0   0   0   0   0   0   0   0   0   0   0   0   0   0   0   0   0 100   0   0  5.09 1.08
  261 D   -3  7 -1 -1 -5  2 -1 -4  1 -5 -2  0 -3 -5 -5 -1  1 -5 -2 -3    1  58   2   3   0   9   2   0   3   0   5   3   0   0   0   3   8   0   1   2  1.04 0.39
  262 G   -3 -2  2  1 -5 -3 -3  4 -2 -4 -4 -4 -4  4 -5 -1 -3 -2  5 -4    0   2  13   7   0   0   1  29   0   0   0   0   0  18   0   4   0   0  23   1  0.81 0.33
  263 G    0 -1 -2  0 -5  0 -1  5  2 -1 -3 -2 -4 -5 -4 -2 -2  2 -3 -3    7   3   1   5   0   5   4  56   5   4   2   1   0   0   0   0   2   3   0   2  0.81 0.31
  264 Q   -4 -4  0  7 -6  0  2 -4 -1 -6 -6 -2 -6 -5  2 -2 -3 -3 -5 -5    0   0   4  64   0   3  11   0   2   0   0   2   0   0   9   2   1   0   0   0  1.42 0.46
  265 W   -6 -6 -7 -8 -6 -6 -6 -7 -3 -6 -5 -6 -5  1 -7 -6 -6 10  8 -6    0   0   0   0   0   0   0   0   0   0   0   0   0   4   0   0   0  36  60   0  3.03 0.76
  266 W    2 -5 -6 -6 -1 -5 -5 -5 -4  0  3 -5 -2 -3 -5 -4 -4  9 -1  1   17   0   0   0   1   0   0   0   0   5  35   0   0   0   0   0   0  31   1   8  1.32 0.43
  267 G   -1 -6 -4 -5 -6 -5 -6  7 -6 -7 -7 -5 -6 -7 -6 -4 -5 -6 -7 -7    4   0   0   0   0   0   0  96   0   0   0   0   0   0   0   0   0   0   0   0  2.42 0.64
  268 A    2 -5 -5 -5  2 -5 -5 -5 -5  5  1 -5 -1  2 -5 -3 -3 -4 -2  2   16   0   0   0   4   0   0   0   0  46  12   0   0   7   0   1   0   0   1  13  0.80 0.32
  269 G   -3 -6 -4 -5 -6 -6 -6  8 -6 -8 -8 -5 -7 -7 -6 -4 -5 -6 -7 -7    0   0   0   0   0   0   0 100   0   0   0   0   0   0   0   0   0   0   0   0  2.60 0.67
  270 P    3 -6 -6 -5  1 -5 -5 -5 -6 -6 -6 -5 -6 -7  8 -4 -4 -7 -6 -3   24   0   0   0   3   0   0   0   0   0   0   0   0   0  71   0   0   0   0   2  2.21 0.62
  271 G   -2 -6 -4 -5 -6 -5 -5  7 -6 -7 -7 -5 -6 -7 -6 -1 -5 -6 -7 -7    2   0   0   0   0   0   0  93   0   0   0   0   0   0   0   5   0   0   0   0  2.26 0.61
  272 A    7 -5 -5 -5 -4 -4 -5 -3 -5 -5 -5 -4 -5 -6 -4 -2 -4 -6 -5 -4   99   0   0   0   0   0   0   0   0   0   0   0   0   0   0   1   0   0   0   0  2.13 0.67
  273 H   -5 -5 -4 -5 -7 -4 -4 -6 11 -8 -7 -5 -6 -5 -7 -4 -6 -1 -2 -7    1   0   0   0   0   0   0   0  97   0   0   0   0   0   0   1   0   1   0   0  3.69 0.88
  274 G   -1 -4 -3 -4 -5 -3 -4  5 -5 -6 -6 -4 -5 -6 -5  5 -2 -6 -5 -5    2   0   0   0   0   0   0  49   0   0   0   0   0   0   0  46   1   0   0   0  1.43 0.50
  275 Y   -4  5 -3 -4 -1 -2 -3 -5  8 -5 -5  3 -4  2 -5 -3 -4 -4  3 -5    0  29   0   0   2   0   0   0  35   0   0  16   0   9   0   1   0   0   9   0  1.34 0.45
  276 I   -2  0 -1  0 -3 -4 -3 -5 -4  2  3 -4  0  1 -4 -4 -3  2  0  3    2   5   3   6   0   0   0   0   0  12  34   0   1   4   0   0   0   3   3  26  0.47 0.23
  277 G    0  1  2  2 -3 -2 -3  5 -2 -5 -4 -2 -3 -5 -4  1  1 -5 -5 -4    5   7  12  10   0   1   0  42   0   0   1   1   1   0   0  12   8   0   0   0  0.68 0.28
  278 V   -1  0  0  0 -3 -2 -3  5 -2  2 -2 -2 -2 -4 -3 -1 -1 -5 -4  0    3   7   3   5   0   2   1  47   1  15   2   2   1   0   1   2   3   0   0   5  0.59 0.26
  279 T   -1  1 -2 -2 -2  0  1 -3  0  0  1 -2  0 -2 -4 -1  2 -4 -2  3    3   9   1   1   0   4   9   1   2   4  14   1   2   1   0   3  13   0   1  31  0.25 0.18
  280 R    1  8 -4 -5 -6 -3 -4 -4 -4 -6 -5  0 -5 -6 -6 -4 -4 -6 -5 -5   11  84   0   0   0   0   0   1   0   0   1   2   0   0   0   0   0   0   0   0  2.10 0.63
  281 W   -3  0 -3 -4 -5  1  0 -4  1 -3 -2 -3 -2  2 -5 -1  3  9  2 -3    2   6   0   0   0   7   7   0   4   1   3   0   1   8   0   3  19  30   8   1  1.04 0.38
  282 W    3 -1 -5 -6 -5 -2 -4 -3 -3 -3 -3 -2  1 -2 -5 -2 -3 10  0  1   23   4   0   0   0   1   1   1   1   1   1   2   4   1   0   2   1  44   3  10  1.58 0.49
  283 N   -3  3  7  0 -4 -2 -3 -4 -2 -5 -5  1 -2 -6 -5 -2  3 -6 -5 -5    1  16  50   3   0   1   0   0   0   0   0  10   1   0   0   0  17   0   0   0  1.18 0.44
  284 V   -1  0 -3 -3 -2 -2  2 -4  4  1 -1 -2 -2 -2 -2 -2  1  0  0  3    5   4   0   0   1   1  18   0  11   9   2   0   0   1   2   1  11   2   3  30  0.37 0.23
  285 K    0  5 -2 -2 -5 -2 -2 -3 -3 -5 -2  6 -4 -5 -3 -1 -2 -6 -4 -4    7  29   1   2   0   0   1   2   0   0   4  48   0   0   0   4   2   0   0   0  1.01 0.39
  286 H   -1  0  1  0 -5  0 -2 -3  9 -5 -1  0 -1 -4 -3  1 -3 -5 -1 -5    6   5   5   4   0   4   1   1  49   0   7   5   2   0   1   9   1   0   1   0  1.10 0.40
  287 P   -4 -6 -6 -5 -6 -5 -5 -6 -6 -1 -1 -5 -5 -4  8 -5 -5 -7 -5 -3    1   0   0   0   0   0   0   0   0   5   6   0   0   1  85   0   0   0   0   2  2.56 0.68
  288 N    2  2  0  0 -2  1  3  0 -2 -3 -3  0 -2 -4 -1  0 -1 -4 -4 -2   22  11   5   5   0   4  25   8   0   0   1   5   1   0   2   4   3   0   0   2  0.33 0.19
  289 T    3  2  0  0 -3  0 -1 -1  0 -2 -2  0 -1 -4  0  0  1 -4 -3 -2   30  16   4   6   0   3   3   4   2   2   2   5   1   0   4   4  12   0   0   1  0.26 0.18
  290 Y   -6 -6 -7 -8 -6 -6 -6 -7 -2 -6 -5 -6 -5  1 -7 -6 -6 10  9 -6    0   0   0   0   0   0   0   0   1   0   0   0   0   3   0   0   0  34  62   0  3.00 0.76
  291 A    3 -2 -3 -4 -3 -3 -3 -2 -4  2  3 -3  3 -1 -4 -1 -2 -1 -3  0   31   2   0   0   0   0   1   2   0  12  32   0   9   1   0   3   1   1   0   4  0.47 0.24
  292 E    2  0  0  2 -3  2  3 -1 -1 -4 -3  1 -1 -4 -3  0  0 -4 -3 -3   22   6   3  10   0  12  19   5   1   0   1   7   2   0   0   7   4   0   0   1  0.33 0.18
  293 I    3  4 -2 -3 -2  1 -1  0 -1 -2  0  0  0 -3 -3  0 -1 -4 -3 -2   27  27   1   1   1   7   1   7   1   1  10   3   2   0   0   6   4   0   0   2  0.34 0.20
  294 L    0 -3 -5 -5 -2 -4 -4 -5 -5  3  3 -4  1 -2 -4 -3 -2 -4 -3  4    7   1   0   0   1   0   0   0   0  15  33   0   2   0   0   1   0   0   0  38  0.75 0.28
  295 A    3  0  1  1 -2  1  4  0 -1 -3 -2 -1 -2 -3 -3  0 -1 -4 -3 -3   27   6   5   6   0   4  28   6   1   0   4   3   1   1   0   4   3   0   0   1  0.37 0.21
  296 G    3  2  0  1 -3  1  2  0 -2 -4 -3  0 -3 -4  0  1  0 -4 -3 -3   27  13   4   7   0   5  15   6   0   0   1   3   0   0   3   9   6   0   0   1  0.31 0.18
  297 A    0  0  1  1 -2 -1 -1  5  0 -4 -4 -2 -4 -5 -2 -1  0 -3 -4 -4    6   4   7   7   1   3   3  51   3   1   1   2   0   0   1   3   7   0   0   0  0.74 0.29
  298 T    0  2  0 -1 -2  1  1  4  0 -3 -2  0 -2 -4 -2 -1 -1 -4 -3 -2    7  13   3   3   1   7  12  30   3   1   3   5   1   0   2   1   4   0   0   4  0.33 0.17
  299 L    0  0  0 -2 -3 -1 -2 -2  6 -2  1 -2 -2 -2 -1  3  0 -1 -2 -1    6   6   3   2   0   2   1   1  22   1  18   1   0   2   3  24   4   1   0   3  0.40 0.24
  300 P    0 -2 -3 -2 -3 -4 -3  3 -2 -5 -4 -3 -4  0  6 -3 -3 -5  0 -3    8   3   1   2   0   0   1  26   1   0   1   0   0   4  47   1   1   0   3   1  1.19 0.39
  301 V    1  0 -3 -1  0 -1  0 -1 -2  2  0 -2  0 -2 -3 -1  0  2 -2  3   16   5   0   3   2   3   5   5   1  14   9   1   2   1   0   2   4   3   0  23  0.15 0.13
  302 A    3 -2 -2  0 -3  2  0 -1  0  0 -1  0 -1 -1 -3  0  0 -4 -2  1   31   1   1   4   0  13   6   4   3   6   3   4   1   3   0   5   4   0   1   9  0.20 0.17
  303 G    1 -2 -1  2 -3 -1  4  3 -3 -3 -3 -2 -4 -4 -1  0  0 -3 -4 -3   10   1   2   9   0   2  29  27   0   1   2   1   0   0   2   5   5   0   0   2  0.49 0.25
  304 F   -1  4 -1  1 -3  1  2 -1  1 -2 -3 -1 -1  0 -2  0  0 -2 -1 -2    3  26   1   8   1   6  18   4   3   3   1   0   2   4   1   7   7   0   2   3  0.31 0.20
  305 E   -3  2 -2  1 -6  0  6 -4  2 -4 -5  0 -4 -5 -4 -2 -1 -6 -3 -3    1  10   1   5   0   3  62   1   5   1   1   3   0   0   0   2   4   0   1   2  1.15 0.44
  306 Q    0  1 -1 -1 -2  1  1 -2  0  0  0 -1  0 -2  1 -1  1 -1 -1  1    9   8   1   3   1   7  13   1   3   5   9   2   2   0   8   3  10   1   2  13  0.10 0.10
  307 L   -4 -3 -6 -6 -4 -4 -6 -6 -6  2  5 -5 -1 -3 -3 -5 -3 -5 -4  3    0   2   0   0   0   1   0   0   0   9  69   0   0   0   1   0   1   0   0  17  1.21 0.43
  308 G    0 -3  0  4 -4 -2 -1  1 -4 -4 -4 -3 -3 -5  0  2  4 -5 -4 -3    7   0   3  25   0   1   3  12   0   0   0   0   0   0   4  17  25   0   0   1  0.59 0.30
  309 A    2  1 -1  1 -2  0  0 -1 -2 -3 -1 -1 -2 -3  3  0 -1 -2 -3 -1   25  11   3   8   0   3   7   4   1   0   5   1   0   1  18   5   3   0   0   4  0.30 0.18
  310 D    1  1 -1  3 -3  1  4 -1 -1 -4 -3 -1 -3 -4 -1  0  0 -5 -2 -2   16   9   2  16   0   5  29   3   1   0   1   1   0   0   2   5   5   0   1   3  0.42 0.23
  311 A    0 -1 -2  5 -5  2  5 -4 -3 -4 -5 -2 -3 -6 -4 -1  2 -6 -5 -5    7   3   0  29   0   9  36   0   0   0   0   0   0   0   0   3  12   0   0   0  0.92 0.39
  312 L    1  5 -2 -3 -5  4  0 -4 -1 -3  1  0 -1 -4 -4 -3 -3 -5 -4 -2   11  40   1   0   0  18   5   0   1   1  16   2   1   0   0   1   0   0   0   2  0.73 0.34
  313 H    3  1 -3 -3 -4 -2 -1 -1  4 -3 -1 -2  3 -3  3 -1 -2  0  2 -2   25   9   0   0   0   1   3   4  13   1   6   0   9   0  17   2   0   1   8   1  0.45 0.26
  314 T   -1 -1  1  2 -3 -2  1 -2 -1 -1  0 -2  0  3 -3  0  1 -3 -1  0    4   4   8  11   0   0  12   2   1   3  11   0   2  19   0   5   9   0   0   9  0.17 0.15
  315 E   -5 -4 -4  0 -8 -2  8 -6 -4 -7 -7 -3 -6 -7 -5 -4 -5 -7 -6 -7    0   0   0   4   0   0  96   0   0   0   0   0   0   0   0   0   0   0   0   0  2.52 0.77
  316 D    0  3 -3 -1 -1 -1 -1 -4  0 -2 -1 -1  2  5 -4 -2  1 -1  3 -2   10  17   0   4   1   2   3   0   2   1   5   2   5  28   0   1   8   0   9   1  0.45 0.25
  317 V   -2 -5 -6 -6 -4 -4 -5 -6 -5  3  3 -5  5  1 -5 -4 -3 -4 -3  4    2   0   0   0   0   0   0   0   0  15  31   0  18   5   0   0   0   0   0  29  0.93 0.35
  318 L   -5 -5 -6 -7 -5 -5 -6 -7 -6  1  4 -5  9  1 -6 -5 -4 -2 -4 -2    0   0   0   0   0   0   0   0   0   8  37   0  48   6   0   0   0   1   0   1  1.69 0.56
  319 L   -4 -5  4 -5 -5 -4 -5 -6 -5 -2  4 -5  7 -3 -6 -4  0 -5 -4 -2    0   0  19   0   0   0   0   0   0   0  44   0  29   0   0   0   7   0   0   1  1.26 0.49
  320 K    2  1 -3 -4 -3 -2  0  5 -2 -5 -3 -2 -3 -5 -4 -1 -1 -5 -5 -3   15  10   0   0   0   1   7  53   1   0   2   1   0   0   0   4   4   0   0   1  0.88 0.35
  321 V   -2 -5 -6 -6 -4 -5 -6 -6 -6  1  6 -5  2  0 -6 -4 -2 -5 -4  1    3   0   0   0   0   0   0   0   0   7  73   0   4   3   0   1   2   0   0   8  1.23 0.43
  322 R   -6  9 -5 -6 -8 -3 -4 -7 -4 -7 -6 -2 -6 -7 -6 -5 -5 -7 -6 -7    0 100   0   0   0   0   0   0   0   0   0   0   0   0   0   0   0   0   0   0  2.93 0.82
  323 L   -4 -5 -6 -6 -1 -5 -6 -7 -6  1  6 -4  2 -3 -6 -5  1 -5 -4 -1    0   0   0   0   1   0   0   0   0   7  76   1   3   0   0   0   9   0   0   3  1.32 0.46
  324 R    2  4 -1 -2 -1 -1 -2 -2 -1 -2 -1  0  0 -3 -3  1  2 -4 -3  0   20  26   2   2   1   1   1   1   1   1   6   4   3   0   1   9  12   0   0   8  0.30 0.20
  325 Q   -2 -2 -2  3 -6  1  6 -3 -2 -6 -6 -2 -3 -6 -4 -1 -1  3 -4 -5    3   1   1  15   0   4  60   1   1   0   0   0   0   0   0   4   3   5   0   0  1.23 0.47
  326 G   -3 -6 -4 -5 -6 -6 -5  7 -6 -8 -8 -5 -7 -7 -2 -4 -5 -6 -7 -7    1   0   0   0   0   0   0  96   0   0   0   0   0   0   2   0   0   0   0   0  2.45 0.68
  327 L   -1 -5 -5 -6  0 -5 -5 -6 -5  3  3 -5  1  1 -5 -4 -2 -4 -3  4    4   0   0   0   2   0   0   0   0  20  32   0   2   7   0   0   2   0   0  32  0.80 0.31
  328 P    0 -1 -1  5 -5 -2  1 -2 -1 -5 -5 -3 -4 -6  5  1 -3 -5 -5 -4    8   3   3  31   0   1   7   2   1   0   0   0   0   0  33   9   0   0   0   1  0.99 0.38
  329 L    1  1 -4 -3 -3 -3 -1 -4 -3  1  3 -2  1 -2  2 -2 -1 -4 -3  1   12   8   0   1   0   0   4   0   0   7  38   1   4   1   9   2   3   0   0   9  0.33 0.20
  330 A    3  0 -1  2 -3  1  2  0  0 -3 -4  0 -2 -4  0  1  0 -5 -4 -2   30   5   2  12   0   5  12   5   2   0   0   3   1   0   4  11   6   0   0   2  0.33 0.20
  331 R    0  4 -2  1 -3  0  1 -3 -2 -2  1  0 -1 -4 -3 -1 -1  0 -3 -1    8  32   0  10   0   2  10   1   0   1  16   4   1   0   1   4   3   1   0   4  0.36 0.22
  332 L   -4 -5 -6 -6 -5 -5 -5 -6 -2  0  4 -5 -1  6 -5 -5 -4  3  4 -1    1   0   0   0   0   0   0   0   1   5  40   0   0  33   0   0   1   4  12   3  1.15 0.41
  333 G    2  1 -1  1 -1  1  2  0  0 -3 -3  0 -2 -3  0  1  0 -3 -2 -3   19  10   2   8   1   7  17   6   2   1   2   5   0   0   4   8   7   0   1   1  0.23 0.15
  334 A    3  1 -1  0 -4  2  2 -1 -2 -4 -3 -1 -2 -4  1  0  0 -5 -4 -3   32   9   1   5   0  10  16   3   0   0   2   2   0   1   8   4   4   0   0   1  0.40 0.24
  335 A    1  3 -2  0 -3  0  0 -1  0  0  1  0  0 -2 -1 -1 -1 -4 -1  0   14  20   0   5   0   2   6   4   2   5  19   3   1   0   2   3   2   0   1   8  0.13 0.13
  336 E    0 -2 -1  2 -2 -2  1  2 -1  0 -2 -2 -1  3 -3  0  1 -3  1 -2    7   1   1  12   1   0  11  15   1   7   3   1   1  14   0   8  12   0   4   0  0.20 0.17
  337 R    0  4 -2 -2 -3  1  0  3 -1 -4 -2 -2 -1 -4  3 -1 -2 -4 -4 -3    7  25   0   1   0   7   6  27   1   0   5   0   1   0  13   2   1   0   0   1  0.50 0.26
  338 E    2  3 -1  1 -3  1  2 -1  1 -3 -2  1 -1 -4  2  0 -1 -4 -3 -2   18  16   1   7   0   6  13   3   3   1   4   9   1   0   8   5   3   0   0   2  0.25 0.16
  339 R    3  4 -1 -2 -2  2  0 -1 -2 -2 -3  1  1 -4  0 -1 -1 -5 -4  0   25  23   2   1   1  11   7   3   0   1   0   5   4   0   4   1   4   0   0   6  0.38 0.24
  340 A    2 -3 -5 -4 -1 -4 -2 -4 -4  3  3 -4  0 -2 -2 -2 -2 -3 -3  2   21   1   0   1   1   0   2   0   0  20  33   0   1   1   1   2   1   0   0  16  0.53 0.27
  341 E    3  1 -1  2 -4  1  3 -2 -2 -2 -4 -1 -3 -5 -1  0 -1 -4 -4 -3   31   7   1  14   0   7  19   2   1   2   1   2   0   0   3   5   3   0   0   1  0.44 0.26
  342 A    1  3 -1  0 -4  2  2  0  0 -3 -3  0 -2 -1  1 -1 -1  0 -2 -2   16  20   1   6   0   8  15   7   2   1   1   3   0   2   6   3   3   1   1   2  0.27 0.18
  343 V    3 -3 -5 -5 -1 -3 -3 -4  1 -1  4 -4  0  0 -4 -3 -3 -4  1  0   24   1   0   0   1   0   1   0   3   1  50   0   2   3   0   1   0   0   6   5  0.69 0.33
  344 L    0  1 -3 -3  1  1  0 -4 -3  3  2 -2 -1 -2 -4 -2 -1 -4 -3  3    8  10   0   0   3   7   7   1   0  17  18   1   1   1   0   2   2   0   0  22  0.28 0.19
  345 A    3  1 -1  2 -3  2  3  0 -2 -4 -4  1 -3 -5 -3  0 -1 -5 -4 -3   29   7   3  13   0   8  18   6   0   0   1   6   0   0   0   4   2   0   0   1  0.44 0.25
  346 D    0  2  0  4 -4  3  2 -2  0 -2 -1  0 -1 -4 -3 -1 -2 -4 -2 -3    7  10   4  23   0  13  16   2   3   3   6   5   2   0   0   4   0   0   1   0  0.39 0.22
  347 G   -3 -5 -3 -2 -6 -3 -2  7 -4 -8 -8 -4 -7 -7 -6 -4 -5 -6 -7 -7    0   0   1   2   0   1   3  91   0   0   0   1   0   0   0   0   0   0   0   0  2.24 0.66
  348 L   -2 -3 -5 -5 -4 -5 -5 -6 -2 -2  5 -2  3  1 -6 -5 -4  2  2 -2    3   1   0   1   0   0   0   0   1   0  68   3   7   6   0   0   0   3   6   1  1.12 0.44
  349 L   -2 -5 -6 -6 -4 -5 -6 -4 -6  4  5 -5  0 -3 -6 -5 -4 -5 -4  3    2   0   0   0   0   0   0   1   0  21  56   0   2   0   0   0   0   0   0  18  1.12 0.41
  350 D   -1  0 -2  2 -2  1  4 -4  0 -1 -3 -2 -2 -4 -4 -1  2 -1 -3  0    5   5   0  14   1   4  35   0   2   3   2   0   1   0   0   4  13   1   0   9  0.48 0.27
  351 Y    0  3 -2 -1 -2  0  1 -2 -1  0  0 -1  1 -2  1 -1 -1  2  0  1    9  19   1   3   1   3   9   3   1   5   9   1   4   1   6   3   3   3   3  14  0.12 0.12
  352 H    0  1 -1  4 -3  0  2 -2  1 -2 -2 -1 -3 -4 -2  0  1 -3 -2 -1   10   8   2  27   0   4  12   3   4   2   3   2   0   0   1   5  10   0   1   4  0.33 0.20
  353 G    2 -2  1  3 -4 -1  1  3  0 -4 -4 -2 -4 -4  2 -1 -2 -5 -4 -4   17   2   6  15   0   1  10  27   2   0   1   1   0   0  11   3   2   0   0   0  0.51 0.25
  354 D   -1 -1  1  3 -5  1  1  4  0 -5 -5 -2 -4 -5 -3  0  0 -5 -5 -4    5   2   8  16   0   6   9  37   2   0   0   1   0   0   0   5   7   0   0   1  0.62 0.28
  355 R   -1  7 -2 -4 -2 -1 -3 -2  4 -4 -4 -1 -4 -3 -5 -2 -1 -2 -1 -3    6  62   2   0   1   2   0   3   9   1   2   2   0   1   0   2   4   1   2   2  1.23 0.48
  356 L    0 -5 -6 -6 -1 -5 -5 -5 -5  3  5 -5  0 -1 -5 -4 -3  3 -1  2    8   0   0   0   1   0   0   0   0  16  53   0   1   2   0   0   1   4   2  12  0.87 0.35
  357 V    1  5 -3 -4 -1  1 -2 -3 -1  0 -3  1 -2 -3 -4 -2 -1 -3 -2  3   12  35   0   0   1   6   1   1   1   4   1   7   0   1   0   2   3   0   1  25  0.61 0.32
  358 L    2 -5 -5 -5  0 -4 -5 -5 -5  1  4 -4 -1 -3  2 -3 -1 -5 -4  2   20   0   0   0   2   0   0   0   0   5  44   0   0   0  12   0   4   0   0  13  0.70 0.34
  359 T   -2 -5 -2 -5 -5 -5 -4 -6 -6 -5 -5 -5 -5 -6 -4  1  8 -7 -6 -4    2   0   1   0   0   0   0   0   0   0   0   0   0   0   1   8  87   0   0   0  2.15 0.74
  360 G    0  2 -2  2 -4  0  2 -3 -2 -3  1 -1 -2 -4  4 -1 -2 -3 -3 -3    8  13   1  13   0   4  15   1   1   0  17   3   0   0  18   3   2   0   0   1  0.38 0.23
  361 R    1  5 -2 -1 -4  3  1 -3  1 -4 -1  2 -3 -5 -2  0 -2 -5 -4 -4   11  35   1   2   0  13   8   1   3   0   6  12   0   0   1   5   2   0   0   0  0.61 0.30
  362 G   -2 -6 -4 -5 -7 -6 -6  8 -6 -8 -8 -6 -7 -7 -6 -3 -6 -7 -4 -7    2   0   0   0   0   0   0  96   0   0   0   0   0   0   0   1   0   0   1   0  2.54 0.73
  363 R   -3  7 -4 -5 -6  2 -3 -6 -2  0 -1  0  3  1 -5 -4 -4  2 -3 -2    2  55   0   0   0   8   0   0   1   7   6   4   7   6   0   0   0   3   0   3  1.11 0.45
  364 L   -2  1 -4 -3 -4 -3 -4 -5 -3  1  4 -3  2  1  3 -4 -3 -4 -2 -2    3   9   1   1   0   1   0   0   1   5  52   1   4   6  15   0   0   0   1   0  0.71 0.33
  365 L   -4 -1 -6 -6 -4 -5 -5 -6 -4  1  4 -5  1  4 -6 -5 -4 -4 -2  3    0   4   0   0   0   0   0   0   0   7  46   0   2  19   0   0   0   0   1  21  0.95 0.37
  366 A    4 -5 -1 -5 -4 -4 -4 -1 -5 -2  4 -4 -2 -3 -5  0 -2 -2 -4 -2   37   0   3   0   0   0   0   4   0   0  47   0   0   0   0   6   2   1   0   0  0.83 0.40
  367 D   -5 -5  6  7 -7 -4 -1 -4 -4 -7 -7 -4 -7 -7 -5 -2 -4 -8 -6 -7    0   0  41  55   0   0   2   0   0   0   0   0   0   0   0   1   0   0   0   0  2.04 0.65
  368 A    4 -1 -2  2 -4 -1  0  2  0 -4 -3 -3 -4 -4 -3  1  0 -5  0 -3   37   2   0  14   0   2   6  14   2   0   2   0   0   0   0  10   5   0   3   0  0.48 0.28
  369 V   -4 -6 -6 -7 -4 -5 -6 -7 -6  4  3 -6  0 -3 -6 -5 -4 -6 -4  6    0   0   0   0   0   0   0   0   0  20  24   0   1   0   0   0   0   0   0  55  1.34 0.47
  370 V   -2 -4 -5 -5 -4  0 -4 -5 -5  3  3 -4  2  2 -5 -3  0 -4 -3  4    2   0   0   0   0   5   0   0   0  19  25   0   5   9   0   1   5   0   0  29  0.67 0.30
  371 R    3  4 -2 -3 -4  1  2 -1 -1 -4 -3 -1 -3 -5 -2  1  0 -5 -4 -2   24  29   1   0   0   7  12   5   2   0   2   0   0   0   2   9   5   0   0   3  0.50 0.29
  372 T    1  3 -2  4 -3  1  2 -4 -1 -3  0 -1 -1 -4 -4 -1 -1 -5  0 -3   11  16   0  29   1   5  15   0   1   1   9   2   2   0   0   3   3   0   3   1  0.46 0.26
  373 L   -5 -6 -7 -7 -5 -6 -6 -7 -5  2  5 -6 -1  6 -6 -6 -5 -1 -2 -1    0   0   0   0   0   0   0   0   0  10  56   0   1  30   0   0   0   1   0   3  1.37 0.47
  374 L   -2 -5 -6 -6 -4 -5 -6 -6 -6  0  5 -5  2 -1 -6 -5 -4 -5 -4  3    3   0   0   0   0   0   0   0   0   3  68   0   4   2   0   0   0   0   0  19  1.22 0.43
  375 G   -1 -4  1 -3 -4 -3 -4  7 -3 -5 -5 -3 -4 -5 -4 -2 -3 -4 -5 -5    0   0   7   0   0   0   0  93   0   0   0   0   0   0   0   0   0   0   0   0  1.64 0.28

                      K         Lambda
Standard Ungapped    0.1375     0.3206
Standard Gapped      0.0626     0.2670
PSI Ungapped         0.2045     0.3149
PSI Gapped           0.0626     0.2670
