
Last position-specific scoring matrix computed, weighted observed percentages rounded down, information per position, and relative weight of gapless real matches to pseudocounts
           A  R  N  D  C  Q  E  G  H  I  L  K  M  F  P  S  T  W  Y  V   A   R   N   D   C   Q   E   G   H   I   L   K   M   F   P   S   T   W   Y   V
    1 M   -5 -6 -7 -7 -5 -6 -7 -7 -7  5  4 -6  8 -4 -7 -6 -5 -6 -5 -2    0   0   0   0   0   0   0   0   0  31  33   0  36   0   0   0   0   0   0   0  1.79 0.65
    2 K   -4  5  2 -4 -7 -2 -3 -5 -1 -7 -6  6 -5 -7 -5 -1  0 -7 -4 -6    0  33  10   0   0   1   0   0   1   0   0  44   0   0   0   5   6   0   0   0  1.37 0.57
    3 A    4 -5 -5 -6  4 -5 -5 -4 -6  1 -3 -5 -3 -5 -5 -3  3 -6 -5  4   34   0   0   0   7   0   0   1   0   9   1   0   0   0   0   0  19   0   0  30  0.98 0.48
    4 L   -3 -6 -7 -7 -5 -5 -6 -6 -6  5  5 -6  3  0 -6 -6 -4 -5 -1  2    2   0   0   0   0   0   0   0   0  28  49   0   6   3   0   0   0   0   2  11  1.16 0.46
    5 I   -2 -7 -7 -7 -5 -7 -7 -8 -7  7  0 -7 -2 -4 -7 -6 -4 -7 -5  3    4   0   0   0   0   0   0   0   0  70   8   0   0   0   0   0   1   0   0  17  1.84 0.65
    6 I    0 -7 -7 -7 -5 -6 -7 -7 -7  4 -2 -6 -3 -5 -7 -6 -4 -7 -5  7    7   0   0   0   0   0   0   0   0  21   2   0   0   0   0   0   0   0   0  71  1.81 0.67
    7 D   -6 -6 -4  8 -8 -4  4 -6 -6 -8 -8 -5 -8 -8 -6 -5 -6 -9 -8 -8    0   0   0  80   0   0  20   0   0   0   0   0   0   0   0   0   0   0   0   0  2.54 0.87
    8 D   -7 -7 -4  9 -9 -5 -3 -7 -6 -8 -9 -6 -8 -9 -7 -5 -6-10 -8 -9    0   0   0 100   0   0   0   0   0   0   0   0   0   0   0   0   0   0   0   0  3.23 1.03
    9 E   -6 -5 -5 -3 -9 -3  8 -7 -5 -8 -8 -4 -7 -8 -6 -3 -6 -8 -7 -8    0   0   0   1   0   0  97   0   0   0   0   0   0   0   0   2   0   0   0   0  2.78 0.98
   10 P    0  2 -4 -4 -4  0 -2 -5 -1 -1 -1  0  1  1  5 -2 -2 -3  1 -2    9  12   0   0   0   5   2   0   1   3   6   4   3   6  33   3   2   0   6   3  0.63 0.34
   11 L   -4 -5 -7 -7 -6 -6 -6 -7 -3 -1  5 -6 -2  0  5 -4 -5 -6  0 -3    1   1   0   0   0   0   0   0   1   2  56   0   1   4  30   1   0   0   4   0  1.40 0.59
   12 A    7 -6 -6 -6 -5 -5 -4 -4 -6 -3 -6 -5 -4 -7 -5  0 -5 -7 -6 -5   91   0   0   0   0   0   1   1   0   1   0   0   0   0   0   6   0   0   0   0  2.14 0.83
   13 R   -3  8 -4 -6 -2  1 -5 -6 -5 -1 -2 -2 -5 -7 -7 -4 -3 -7 -6 -6    2  80   0   0   1   5   0   0   0   4   5   0   0   0   0   1   1   0   0   0  2.10 0.79
   14 N   -2  0  2  4 -6  3  4 -3 -2 -5 -5  1 -1 -6 -4  0 -2 -6 -5 -4    3   3   9  22   0  12  30   2   1   1   1   7   2   0   0   5   2   0   0   1  0.75 0.39
   15 E   -5 -1  1 -2 -7 -3  7  0 -5 -2 -3 -3 -4 -7 -6 -4 -5 -7 -5 -2    0   4   5   1   0   0  72   7   0   3   2   1   0   0   0   0   0   0   0   3  1.59 0.69
   16 L   -6 -7 -8 -8 -6 -7 -7 -8 -7  1  7 -7  0 -4 -7 -7 -5 -6 -5  0    0   0   0   0   0   0   0   0   0   5  88   0   1   0   0   0   0   0   0   5  1.95 0.71
   17 T    1  4 -1 -3 -3  0  0 -3  0  0 -2  3 -1 -5 -4  1  0 -5 -4 -2   12  26   2   1   0   3   4   1   2   7   3  19   1   0   0   9   6   0   0   2  0.44 0.28
   18 Y   -3 -1 -2 -4 -1 -3  1 -6  2 -2 -2 -3 -2  3 -6 -3 -2  3  8 -2    1   4   2   1   1   1  10   0   4   2   4   2   1  10   0   1   2   4  47   3  1.20 0.52
   19 L   -3  1 -6 -7 -5 -3 -4 -7 -1  0  6 -5  1  1 -6 -5 -5 -3  2 -3    1   7   0   0   0   1   1   0   1   4  68   0   3   6   0   0   0   0   6   0  1.22 0.53
   20 L   -6 -7 -8 -8 -5 -7 -7 -8 -7  3  6 -7 -2 -4 -7 -7 -5 -6 -5 -1    0   0   0   0   0   0   0   0   0  16  81   0   0   0   0   0   0   0   0   3  1.86 0.69
   21 N    0  1  1  0 -5  2  4 -1 -1 -4 -4  3 -2 -5 -4  2 -1 -5 -4 -4    7   6   7   3   0  10  26   5   1   0   1  16   1   0   0  14   3   0   0   0  0.50 0.31
   22 E    1  2  1  1 -4  4  3 -3  0 -5 -4  1 -4 -4 -2 -1  0 -5 -4 -4   12  11   6   7   0  20  19   2   2   0   1  10   0   0   2   2   6   0   0   1  0.51 0.31
   23 I   -2 -3  0  0 -1  0  1 -5  6  0 -3 -3 -2  3 -5 -2  1 -3  4 -2    2   1   4   5   2   3   9   0  21   7   2   1   1  14   0   3  10   0  13   2  0.60 0.33
   24 G    0 -2  0  1 -5 -1  1  1 -1 -5 -5  1 -5 -6  5  2 -2 -6 -5 -4    6   2   4   9   0   3  10  11   1   0   1   7   0   0  27  16   2   0   0   1  0.62 0.33
   25 G   -2  0  1  4 -4  3  3  0  0 -5 -4  0 -4 -3 -3  0 -2 -6 -4 -4    3   4   7  27   0  12  20   8   2   0   2   4   0   1   1   5   2   0   0   1  0.57 0.32
   26 F   -3 -6 -5 -4 -2 -6 -5 -6 -6  6  1 -5  1  1 -6 -5 -3 -6 -4  4    1   0   1   1   1   0   0   0   0  43   9   0   3   5   0   0   1   0   0  33  1.21 0.49
   27 E   -1 -2  0  2 -4  2  6 -2 -2 -3 -4  0 -4 -5 -5 -1  0 -6 -5 -3    4   2   5   8   0   8  50   3   1   2   1   5   0   0   0   5   6   0   0   1  0.87 0.44
   28 E   -3 -3 -5 -3 -4 -1 -1 -6 -3  5  1 -4 -2 -3 -6 -3 -2 -6 -4  5    2   1   0   1   0   4   5   0   1  36  11   0   0   0   0   2   2   0   0  34  0.93 0.43
   29 I   -1 -6 -5 -4  0 -4 -2 -7 -6  5  0 -4 -1 -4 -6 -5 -1 -6 -5  5    4   0   0   1   2   0   3   0   0  34   8   1   1   0   0   0   3   0   0  42  1.12 0.47
   30 N    2 -3 -1  0 -5 -2 -1  5  0 -4 -4 -3 -3 -1 -1 -2 -3 -5 -2 -3   19   1   3   6   0   2   5  46   3   1   1   1   1   3   3   2   1   0   2   1  0.76 0.37
   31 E   -3 -2 -4 -2 -1  2  6 -5 -1 -2 -4 -2 -3 -5 -5 -1  1 -6 -3 -2    2   1   0   1   2   9  61   0   1   3   2   2   1   0   0   4   8   0   1   3  1.21 0.57
   32 A    6 -6 -6 -6  7 -5 -5 -2 -6 -5 -5 -6 -5  3 -6 -2 -4 -6 -3 -2   57   0   0   0  22   0   0   2   0   0   0   0   0  13   0   1   0   0   1   2  1.58 0.65
   33 E    2 -2  0  3 -2 -1  3  1  0 -5 -4 -1 -3 -4 -3  2  0 -5 -2 -2   18   1   4  16   1   2  19  10   2   0   0   2   1   0   0  14   7   0   2   2  0.40 0.27
   34 N   -4 -4  7  4  0 -4 -3 -2  0 -7 -7 -4 -6 -7 -6  2 -1 -8 -6 -6    0   0  44  25   2   0   0   3   2   0   0   1   0   0   0  18   4   0   0   0  1.42 0.60
   35 V    3 -6 -4 -5 -5 -5 -5  5 -4  1 -4 -5 -5 -6 -2 -2 -4 -6 -6  1   25   0   0   0   0   0   0  49   0   9   1   0   0   0   2   2   1   0   0  10  1.11 0.49
   36 K    0  1 -2  0 -3  1  1 -2 -1  1  1  0  0  1 -2 -1  0 -3 -2  0    6  10   1   7   0   5  13   1   1  10  15   5   1   6   2   4   7   0   0   4  0.09 0.11
   37 E   -2 -4 -4  4 -7  1  6 -4 -4 -6 -6 -2 -3 -7 -5  1 -1 -7 -6 -5    3   0   0  19   0   6  56   1   0   0   0   2   1   0   0   8   3   0   0   0  1.31 0.59
   38 T    6 -6 -5 -6 -3 -5 -5  2 -6 -4 -2 -5 -5 -5 -5 -3  0 -7 -6  1   69   0   0   0   0   0   0  13   0   0   3   0   0   0   0   0   5   0   0   9  1.37 0.61
   39 L   -4 -4 -6 -5 -3 -4 -3 -7 -6  4  5 -3  1  2 -6 -5 -4 -3 -2  2    1   1   0   0   0   1   2   0   0  20  49   2   2   7   0   0   0   0   1  13  0.94 0.41
   40 E    0  2 -1  1 -5  2  4 -1 -3 -5 -3  4 -2 -5 -2 -1 -2 -4 -5 -3    8   9   2   6   0   7  25   4   0   0   3  25   1   0   2   4   2   0   0   1  0.54 0.32
   41 A    2 -1 -4 -3 -2  1 -1 -2 -2  0  2  2  1  1 -4 -2 -2 -2  2 -1   16   2   0   0   1   6   3   2   0   5  25  15   3   7   0   2   1   0   8   3  0.25 0.21
   42 L   -3 -6 -5 -7 -1 -5 -6 -7 -6  6  3 -6  2 -4 -6 -5 -2 -6 -2  2    2   0   0   0   1   0   0   0   0  49  29   0   4   0   0   0   2   0   1  11  1.29 0.51
   43 L   -1  1  2 -1 -4  3  1 -3  3 -1  0  2  2 -2 -1 -1 -2 -5 -3 -2    6   9  10   3   0  17   8   1   7   3  10  11   5   1   2   4   1   0   0   2  0.27 0.21
   44 I    0  1  1  1 -4  3  3 -3  1 -4 -3  1 -3 -4 -4  1  1 -5 -2 -3   10   8   6   9   0  13  22   1   3   1   1   7   0   0   0   9   7   0   1   1  0.39 0.26
   45 N   -2 -1  2 -2 -4  1  1 -3  6 -2  3  0 -2 -2 -5 -2 -1 -2 -1 -2    2   2  11   2   0   7   9   2  19   2  29   5   0   1   0   1   3   0   2   1  0.48 0.30
   46 Q   -1  3  0  0 -6  4  2 -4  1 -6 -5  4 -4 -6 -1 -1 -1 -6 -4 -4    5  14   4   6   0  17  10   1   3   0   0  28   0   0   3   4   4   0   0   0  0.66 0.36
   47 Y   -3 -7 -7 -6 -2 -6 -6 -7 -6  1 -5 -6 -5 -2  8 -5 -3 -7  2  2    1   0   0   0   1   0   0   0   0   6   1   0   0   2  64   0   2   0   6  16  1.92 0.73
   48 D   -6 -5 -1  8 -8 -1  0 -6 -4 -8 -8 -5 -8 -8 -5 -2 -5 -9 -8 -8    0   0   2  87   0   2   5   0   0   0   0   0   0   0   0   2   0   0   0   0  2.56 0.88
   49 I    1 -6 -6 -7 -2 -5 -6 -5 -6  1  4 -6 -1 -3 -6 -5 -4 -6 -5  5   13   0   0   0   1   0   0   1   0   6  40   0   0   1   0   0   0   0   0  38  1.08 0.48
   50 I   -2 -6 -7 -7 -5 -6 -6 -7 -7  5  2 -6  0 -4 -6 -6 -4 -6 -5  6    3   0   0   0   0   0   0   0   0  28  20   0   2   0   0   0   0   0   0  47  1.37 0.54
   51 F   -7 -8 -8 -9 -8 -8 -9 -9 -6 -5 -2 -8 -3 10 -9 -8 -7 -4 -1 -6    0   0   0   0   0   0   0   0   0   0   3   0   0  96   0   0   0   0   0   0  3.39 1.03
   52 L   -6 -7 -8 -8 -4 -5 -7 -8 -7 -1  7 -7  1 -4 -8 -7 -6 -6 -6 -3    0   0   0   0   0   0   0   0   0   2  95   0   2   0   0   0   0   0   0   1  2.20 0.78
   53 D   -7 -7 -4  9 -9 -6 -4 -7 -6 -9 -9 -6 -8 -9 -7 -5 -6-10 -8 -9    0   0   0 100   0   0   0   0   0   0   0   0   0   0   0   0   0   0   0   0  3.25 1.05
   54 V   -6 -8 -8 -8 -6 -7 -8 -8 -8  8 -3 -7  0 -5 -7 -7 -5 -7 -6  3    0   0   0   0   0   0   0   0   0  83   0   0   2   0   0   0   0   0   0  15  2.42 0.81
   55 N   -4 -1  5 -1 -7  6  2 -5  3 -7 -7 -1 -4 -7 -5  0 -4 -7 -4 -6    0   3  24   3   0  40  12   0   7   0   0   3   0   0   0   8   0   0   0   0  1.29 0.59
   56 L   -6 -7 -7 -8 -6 -6 -7 -8 -7  2  2 -7 10 -5 -8 -7 -6 -7 -6 -3    0   0   0   0   0   0   0   0   0  12  20   0  68   0   0   0   0   0   0   0  2.65 0.91
   57 M   -4 -3 -2 -4 -7 -2 -4 -4 -4 -5 -7 -4  0 -8  8 -1 -2 -4 -4 -7    1   2   2   1   0   2   1   2   0   0   0   0   2   0  78   4   3   0   1   0  2.33 0.84
   58 D   -2  1 -1  3 -5 -1  2  4 -3 -5 -5  2 -3 -6 -4  1 -3 -6 -5 -3    2   7   1  15   0   3  12  35   0   1   1  11   1   0   0   9   0   0   0   2  0.67 0.35
   59 E   -2 -2 -3 -2 -3 -3  1 -1 -3  3  3  1  5 -1 -4 -4 -2 -5 -4 -1    2   2   1   2   0   0  12   5   0  16  28   8  16   3   0   0   2   0   0   3  0.46 0.29
   60 N   -4 -5  5  5 -6 -3 -2 -4 -3 -6 -7 -3 -6 -7 -5  3  3 -7 -6 -6    0   0  28  27   0   1   2   1   1   0   0   1   0   0   0  25  15   0   0   0  1.22 0.56
   61 G   -5 -7 -5 -6 -8 -7 -7  8 -7 -9 -9 -7 -8 -8 -7 -5 -7 -8 -8 -8    0   0   0   0   0   0   0 100   0   0   0   0   0   0   0   0   0   0   0   0  2.92 0.94
   62 I   -4 -6 -6 -6 -3 -6 -6 -7 -6  3  3 -6  5  6 -6 -5 -3 -4 -2  1    0   0   0   0   0   0   0   0   0  14  28   0  15  33   0   0   1   0   1   7  1.22 0.49
   63 E   -2 -4 -2  4 -5  2  5 -3 -2 -6  0 -2 -3 -5 -5  0 -2 -4 -4 -5    4   0   1  20   0   7  45   2   1   0   8   1   1   0   0   7   3   0   0   0  0.95 0.48
   64 L   -1 -6 -6 -7 -2 -5 -6 -6 -6  1  5 -6  4 -1 -6 -5 -2 -5 -4  4    5   0   0   0   1   0   0   0   0   5  50   0   9   2   0   0   3   0   0  26  1.09 0.47
   65 G    5 -4 -4 -4 -3 -4 -4  0 -4  0  2 -4 -3 -4 -4 -2 -3 -5 -4  2   54   0   0   1   0   0   1   6   0   4  17   0   0   0   0   2   1   0   0  12  0.87 0.42
   66 A    0  3  0 -1 -4  3  2  1 -1 -4 -4  3 -3 -4 -3  0 -2 -4 -4 -4    7  16   4   3   0  13  13   9   1   1   1  22   0   1   0   5   1   0   0   1  0.48 0.26
   67 K    1  1  2 -1 -3  1  1 -2 -1  0 -1  1  4 -2 -3  0 -1 -4 -2  0   10   7  10   2   0   7   9   3   1   7   4  11  12   1   0   5   2   0   1   6  0.18 0.16
   68 I   -3 -6 -7 -7 -5 -6 -7 -7 -7  5  5 -6  0 -2 -7 -6 -5 -2 -5  1    2   0   0   0   0   0   0   0   0  28  60   0   2   1   0   0   0   0   0   6  1.45 0.56
   69 Q   -1  1  1  2 -3  2  2 -1  1 -3 -1  1  0 -3 -2  1  0 -2 -3 -3    4   6   6  12   1   9  12   5   3   1   6  11   3   0   1  13   5   1   0   0  0.22 0.17
   70 K    0  1  0 -1 -5  2  3 -3  0 -4 -2  3 -1 -4  3  0 -1 -5 -3 -3    6   6   3   3   0  10  20   1   2   0   5  19   1   0  12   5   4   0   1   1  0.42 0.26
   71 M   -2 -1 -2 -2 -2 -1 -1 -3 -1  1  3 -1  4  3 -3 -1 -2 -1  0  1    2   3   1   2   0   3   3   2   1   5  29   3  13  13   1   5   1   1   3   8  0.31 0.18
   72 K    1 -2  1  3 -4  0  2 -1 -1 -3 -3  2 -3 -4  2  0 -1 -4 -2 -2   14   1   6  16   0   2  16   4   2   1   2  15   1   0  10   5   3   0   1   2  0.33 0.21
   73 E   -1  1  3  0 -3  1  1 -3  5 -2 -3  2 -2 -3  1 -1  0 -4 -1 -2    4   6  15   6   0   7   7   1  17   2   2  13   1   1   6   4   5   0   2   2  0.40 0.23
   74 P   -1  2 -2 -2 -3 -1 -2 -3  0 -2 -2  2  3 -5  6 -1 -2 -5 -4 -1    5  10   2   3   1   2   2   1   2   2   3  12   8   0  35   4   2   0   0   5  0.72 0.35
   75 P   -4 -6 -7 -7 -5 -6 -6 -7 -7 -2 -5 -6  0 -8  9 -5 -3 -9 -8 -5    1   0   0   0   0   0   0   0   0   3   1   0   2   0  90   0   1   0   0   0  2.97 0.99
   76 A    2 -2 -2 -2 -3  0 -1 -4  2 -1  2  1  0  1 -3 -2 -2 -1  3  0   18   2   1   2   0   4   4   0   6   3  20   8   3   6   1   2   0   1  14   5  0.24 0.20
   77 I   -5 -7 -7 -7 -5 -7 -7 -8 -7  7 -1 -7 -2  0 -7 -6 -2 -6 -3  5    0   0   0   0   0   0   0   0   0  55   3   0   0   4   0   0   2   0   1  35  1.71 0.63
   78 I   -5 -7 -7 -8 -5 -7 -7 -8 -8  6 -3 -7 -3 -5 -7 -6 -5 -7 -6  6    0   0   0   0   0   0   0   0   0  39   0   0   0   0   0   0   0   0   0  60  2.03 0.73
   79 F   -8 -8 -8 -9 -8 -9 -9 -9 -7 -5 -4 -9 -4 10 -9 -8 -8 -4 -2 -6    0   0   0   0   0   0   0   0   0   0   0   0   0  99   0   0   0   0   0   0  3.57 1.07
   80 A    3 -5 -5 -6 -1 -5 -5 -4 -6  2 -1 -5 -3 -5 -5 -2  3 -6 -5  4   28   0   0   0   1   0   0   0   0  12   5   0   0   0   0   3  18   0   0  33  0.87 0.44
   81 T   -5 -6 -5 -6 -6 -6 -6 -7 -7 -6 -6 -6 -6 -7 -6 -2  8 -8 -7 -5    0   0   0   0   0   0   0   0   0   0   0   0   0   0   0   1  99   0   0   0  2.91 1.04
   82 A    7 -6 -7 -7 -5 -4 -6 -4 -7 -6 -6 -6 -6 -7 -6 -4 -5 -8 -7 -5   99   0   0   0   0   0   0   1   0   0   0   0   0   0   0   0   0   0   0   0  2.51 0.93
   83 H   -7 -7 -7 -8 -4 -6 -7 -8  4 -6 -6 -7 -6  5 -8 -7 -7  3  9 -6    0   0   0   0   0   0   0   0   9   0   0   0   0  19   0   0   0   3  68   0  2.75 0.91
   84 D   -5 -3  0  7 -7 -2  1 -4 -5 -7 -7  2 -7 -8 -1  0 -4 -8 -7 -7    0   1   3  64   0   1   9   1   0   0   0  11   0   0   4   6   0   0   0   0  1.64 0.64
   85 Q   -4 -2  1  3 -5  5  5 -5  1 -5 -6 -1 -4 -6 -5 -2 -2 -7 -5 -5    1   2   5  13   0  24  42   0   3   1   0   3   0   0   0   2   3   0   0   1  1.15 0.54
   86 Y   -7 -3 -6 -7 -7 -6 -6 -5  6 -6 -6 -4 -6  4 -8 -6 -7 -3  9 -6    0   2   0   0   0   0   0   1  19   0   0   1   0  16   0   0   0   0  61   0  2.55 0.87
   87 A    7 -6 -7 -7 -5 -6 -6 -3 -7 -6 -6 -6 -6 -7 -6 -4 -5 -8 -7 -5   99   0   0   0   0   0   0   1   0   0   0   0   0   0   0   0   0   0   0   0  2.52 0.93
   88 V   -2 -6 -7 -7 -4 -6 -6 -7 -7  4  3 -6 -1 -3 -6 -5 -4 -6 -4  5    4   0   0   0   0   0   0   0   0  21  27   0   0   0   0   0   0   0   0  46  1.29 0.52
   89 Q   -3  2 -2  3 -7  4  4 -5 -3 -7 -6  5 -5 -7 -5 -3 -3 -7 -6 -6    1  10   1  14   0  17  23   0   0   0   0  31   0   0   0   1   1   0   0   0  1.09 0.51
   90 A    7 -6 -6 -7 -5 -6 -6 -4 -7 -6 -6 -6 -6 -7 -6 -2 -5 -8 -7 -5   98   0   0   0   0   0   0   1   0   0   0   0   0   0   0   2   0   0   0   0  2.45 0.91
   91 F   -8 -8 -8 -9 -8 -9 -9 -9 -7 -5 -5 -9 -5 10 -9 -8 -8 -4 -1 -6    0   0   0   0   0   0   0   0   0   0   0   0   0 100   0   0   0   0   0   0  3.60 1.08
   92 E   -4 -1 -1  3 -4  0  7 -4 -4 -8 -7 -1 -6 -8 -5 -2 -4 -7 -6 -7    1   3   3  13   1   3  70   1   0   0   0   4   0   0   0   2   0   0   0   0  1.70 0.69
   93 L    0 -3 -4 -2 -3 -2  1 -5 -2  2  3 -2 -1 -1 -5 -3 -1 -4  1  4    7   1   0   3   0   1   9   0   1   9  25   2   0   2   0   1   2   0   4  32  0.46 0.28
   94 N   -3 -2  6  2 -4  1  2  0  5 -7 -7 -2 -5 -6 -3 -1 -4 -6 -2 -6    2   2  36  11   0   5  15   7  14   0   0   2   0   0   1   4   0   0   1   0  1.00 0.47
   95 A    7 -6 -6 -7 -5 -6 -6 -5 -7 -5 -6 -6 -6 -7 -6 -3 -4 -8 -7 -3   97   0   0   0   0   0   0   0   0   0   0   0   0   0   0   0   0   0   0   2  2.42 0.90
   96 T   -2 -4 -4 -6 -4 -4 -6 -6 -5  2  3 -4 -1  5 -6 -4  0 -4 -1  4    4   1   1   0   0   1   0   0   0  13  23   1   1  25   0   0   5   0   1  25  0.84 0.38
   97 D   -7 -7 -2  9 -9 -5 -3 -4 -3 -8 -9 -6 -8 -9 -7 -5 -6-10 -8 -8    0   0   1  97   0   0   0   1   1   0   0   0   0   0   0   0   0   0   0   0  3.05 1.00
   98 Y   -7 -7 -8 -9 -8 -7 -8 -9 -4 -7 -7 -7 -7 -1 -9 -7 -7 -3 10 -7    0   0   0   0   0   0   0   0   0   0   0   0   0   1   0   0   0   0  99   0  3.84 1.19
   99 I   -5 -6 -7 -8 -5 -6 -7 -8 -7  5  5 -7 -2 -4 -7 -6 -5 -6 -5  1    0   0   0   0   0   0   0   0   0  31  61   0   0   0   0   0   0   0   0   8  1.61 0.61
  100 L   -6 -4 -8 -8 -4 -4 -7 -8 -7 -2  6 -7  2 -4 -7 -7 -2 -6 -5 -1    0   1   0   0   0   1   0   0   0   1  86   0   5   0   0   0   2   0   0   4  1.88 0.70
  101 K   -6 -3 -5 -6 -8 -4 -4 -7 -6 -8 -8  8 -7 -8 -6 -5 -6 -8 -7 -8    0   0   0   0   0   0   0   0   0   0   0 100   0   0   0   0   0   0   0   0  2.99 1.02
  102 P   -6 -8 -8 -7 -8 -7 -7 -8 -8 -8 -9 -7 -8 -9  9 -6 -7 -9 -9 -8    0   0   0   0   0   0   0   0   0   0   0   0   0   0 100   0   0   0   0   0  3.63 1.15
  103 F   -4 -6 -7 -7 -5 -6 -7 -7 -5  3  0 -6 -3  6 -6 -6 -4 -2  5  3    1   0   0   0   0   0   0   0   0  18   6   0   0  35   0   0   1   0  19  19  1.35 0.53
  104 G   -4  0  1  5 -6  0  4 -4  1 -6 -6 -3 -5 -7 -5  3 -1 -7 -5 -5    0   5   6  31   0   3  28   1   3   0   0   0   0   0   0  19   3   0   0   1  0.99 0.48
  105 Q   -1 -1 -3  1 -5  3  5 -5 -1 -4 -3  0 -3 -4  3 -2 -1 -6 -4 -5    5   3   0   8   0  11  39   0   1   1   3   6   0   1  15   2   4   0   0   0  0.78 0.41
  106 K    1 -2 -1  2 -1  2  5 -2 -1 -3 -5  2 -2 -6 -2  1 -1 -6 -5 -4   10   1   3   9   2   7  34   3   1   1   0  12   1   0   2  10   3   0   0   1  0.58 0.34
  107 R   -7  9 -5 -4 -9 -1 -5 -7 -5 -8 -7 -2 -7 -8 -7 -5 -6 -8 -7 -8    0  95   0   1   0   2   0   0   0   0   0   1   0   0   0   0   0   0   0   0  2.98 0.99
  108 I   -5 -6 -7 -7 -5 -6 -7 -7 -6  4  5 -6  0  4 -7 -6 -5 -5 -4  1    0   0   0   0   0   0   0   0   0  25  49   0   1  15   0   0   0   0   0  10  1.29 0.51
  109 E    2  1  1  1 -3  1  1 -1  0  0 -2  1 -2 -3 -3  0 -1 -4 -2 -1   22   7   6   8   0   8  11   3   3   6   2  11   1   0   0   5   3   0   1   4  0.19 0.17
  110 Q   -1  1 -1  0 -5  4  3 -2 -1 -3 -3  4 -1 -6 -4 -1 -1 -5 -4 -3    5   6   2   4   0  21  18   2   1   1   2  25   2   0   0   4   4   0   0   2  0.59 0.34
  111 A    5 -4 -4 -5 -1 -4 -5 -4 -5 -3 -2 -4  3 -6 -5  1  5 -6 -5 -1   41   0   0   0   1   0   0   0   0   1   3   0   6   0   0   8  35   0   0   3  1.08 0.54
  112 V   -4 -6 -7 -7 -5 -6 -6 -7 -6  5  4 -6  2 -2 -6 -6 -4 -6 -4  4    0   0   0   0   0   0   0   0   0  28  43   0   5   1   0   0   0   0   0  23  1.26 0.50
  113 N    0  1  2  2 -3  3  3 -2  0 -4 -4  2 -2 -5 -4  0 -1 -5 -4 -4   10   7  11  12   0  13  21   3   2   0   1  11   1   0   0   4   2   0   0   1  0.47 0.28
  114 K   -5  7 -3 -5 -3 -2 -3 -6 -2 -7 -6  6 -6 -7 -6 -3 -4 -7 -5 -7    0  49   1   0   1   0   1   0   1   0   1  45   0   0   0   1   0   0   0   0  1.96 0.73
  115 V    2 -5 -6 -6 -2 -5 -5 -6 -5  3  4 -5 -1 -1 -5 -4 -3 -2 -1  4   15   0   0   0   1   0   0   0   0  15  37   0   1   2   0   0   0   0   2  25  0.84 0.39
  116 R   -1  4 -1 -2 -4  2  2 -4  0  0  0  2  0 -3 -3 -1 -1 -3 -3 -1    4  26   2   1   0   7  15   1   2   5   8  14   2   1   1   4   3   0   1   5  0.39 0.25
  117 A    1  2  1 -1 -3  2  1 -1 -1 -4 -3  3 -1 -4 -3  0  0 -5 -4 -2   15  10   7   3   0  12   9   4   1   1   2  21   1   0   0   7   4   0   0   2  0.35 0.23
  118 T    1  3 -1 -2 -3  1  0 -1  1 -1  0  1  0 -2 -2  0  0 -1 -1 -1   14  18   2   2   0   7   6   4   3   4  11   6   3   1   1   7   6   1   2   3  0.14 0.13
  119 K   -1  2 -2 -2 -2  1 -1 -3  1  0  2  1  1  0 -3 -1 -1  2  1 -1    4  11   1   1   0   6   3   2   5   6  28   8   3   4   1   3   2   4   4   3  0.18 0.15
  120 A    1  1  0  0 -3  3  1 -1  1 -2 -2  2 -2 -4 -1  1 -1 -4 -3 -1   14   7   4   5   0  16  10   4   4   1   3  11   0   0   3  10   3   0   1   3  0.24 0.18
  121 K    1  1  0 -1 -2  2  1 -1 -1 -2 -1  2 -1 -3  1  0  0 -4 -3 -1   10   9   4   3   1  13  10   3   1   2   6  13   1   0   7   6   7   0   0   4  0.18 0.14
  122 D    0  1  1  1 -4  3  1 -1  1 -2 -3  1 -2 -4  1  1  0 -4 -3 -1    6   7   6   6   0  16  11   5   3   2   2  10   1   0   7   9   5   0   0   4  0.24 0.17
  123 D    0  1  2  2 -3  2  1 -1  0 -2 -3  1 -2 -3  0  0  1 -1 -2 -1    7   6   9  10   0  11  10   4   2   2   2  10   0   1   5   7   9   1   1   3  0.18 0.13
  124 N    0  0  2  1 -3  2  1  0  0 -1 -1  0  0 -3  1  0  0 -2 -2 -1    8   4  10   6   0  13  10   7   2   3   4   5   2   1   6   8   6   0   1   4  0.13 0.10
  125 N    0  0  1  0 -2  2  1 -1  0 -1 -1  0 -1 -2  2  1  0  0 -2 -1    7   4   9   5   1   9  12   4   3   2   6   6   1   1   9   8   6   2   1   4  0.13 0.09
  126 A    1 -1  0  0 -1  1  1 -1  0  0  0  0 -1 -2  1  0  0 -3 -2  0   15   2   3   4   1   7  10   3   2   5  10   7   1   1   7   8   7   0   1   6  0.08 0.07
  127 S    1 -1  1  0 -3  1  2 -1  1 -1 -1  0 -1 -2  1  1  1 -3 -2  0   10   3   6   3   0   7  14   3   3   3   8   4   2   1   6  12   8   0   1   6  0.11 0.10
  128 A    2 -1 -1  0 -2  1  1 -1 -2 -1 -1  1 -1 -2  3  0  0 -3 -1  0   18   3   3   5   1   7   9   3   1   3   6   7   1   1  13   6   5   0   2   6  0.16 0.12
  129 I    1 -1 -1 -1 -2  0  0 -1 -1  1  0  0  0 -1  1  0  1 -2 -2  1   11   2   3   2   0   4   8   4   1   9  12   5   1   2   8   6   9   0   1  10  0.07 0.07
  130 A    2  0  0 -1 -2  1  1 -1 -2 -1  0  1 -1 -2  2  1  0 -3 -2 -1   19   4   3   3   0   5   9   3   1   4   9  10   1   1   8   9   6   0   1   4  0.12 0.10
  131 N    0  0  2  1 -3  1  1  0  0 -1 -1  1 -2 -3  2  1  1 -3 -2 -2    7   4   9   7   0   5  10   6   2   4   7   7   1   0   9  11   8   0   0   2  0.14 0.09
  132 D    1  0  0  1 -3  1  1 -1  0 -1 -1  1 -1 -3  2  1  0 -3 -2  0   10   3   5   8   0   5  12   3   3   3   5   8   2   1  12   9   4   0   1   6  0.14 0.09
  133 M    0  0 -1  0 -2  1  1 -1 -1  0  1  0  0 -1  1  0  0 -3 -2  0   10   5   2   4   0   6   9   4   1   4  15   7   2   2   7   7   6   0   0   7  0.06 0.06
  134 S    1  0  0  0 -2  1  0 -1 -1 -1 -2  1 -1 -3  2  1  1 -3 -2 -1   14   6   5   3   0   6   7   3   1   4   4   8   1   1  10  12  10   0   1   4  0.16 0.11
  135 A    1  0  0  0 -2  1  1  0  0 -1 -1  1 -1 -2  1  1  0 -3 -2 -1   13   5   5   5   0   7  11   7   2   2   8   8   1   1   7   8   6   0   0   3  0.11 0.08
  136 N    0  2  1  0 -2  2  1  0  0 -3 -3  1 -2 -3  2  0  0 -2 -2 -2    9  10   9   4   1   8  11   6   2   1   2  10   0   1   9   8   7   0   1   1  0.20 0.13
  137 F    0  0  0 -1 -1  1  0 -1  0  0  0  0  0  0  2  0  0  0  2 -1    9   5   4   2   1   7   6   3   2   5   9   6   1   4   9   8   5   1  10   3  0.06 0.06
  138 D    0 -1  1  1  0  0  0 -2  0  0  2 -1  0 -1  2  0 -1 -2 -2 -1    7   2   8   9   2   4   4   2   3   6  22   3   2   2  12   6   3   1   1   4  0.12 0.10
  139 Q   -2  1  1  3 -4  2  3  0  2 -4 -4  3 -3 -5 -1  0 -1 -5 -3 -3    3   8   5  14   0   9  18   6   5   0   1  17   0   0   3   6   2   0   0   2  0.42 0.24
  140 S   -2  4 -3 -4 -4  2 -3 -5  1 -3 -2  5 -2 -1 -3 -1  1 -2 -1 -1    2  26   0   0   0   7   0   0   3   1   3  32   1   3   1   4   8   1   2   6  0.70 0.37
  141 L   -5 -7 -7 -7 -5 -6 -7 -8 -7  6  4 -6 -1 -2 -7 -6 -5 -6 -4  3    0   0   0   0   0   0   0   0   0  52  31   0   1   1   0   0   0   0   0  15  1.55 0.58
  142 P    2 -5  2 -4 -1 -4 -4 -4 -4 -3 -2 -3 -2  1  5  0  0 -5 -4  0   19   0  11   0   2   0   0   0   0   1   5   1   1   8  32   7   7   0   0   8  0.74 0.39
  143 V   -2 -6 -6 -7  5 -6 -6 -5 -6  4  2 -6 -2 -2 -6 -5 -4 -6 -5  5    4   0   0   0  12   0   0   1   0  23  20   0   0   1   0   0   0   0   0  39  1.16 0.48
  144 E   -3  1 -1 -1 -3  1  4 -4  0  0 -3  3 -1 -5 -3 -1  1  1 -1 -1    1   6   2   2   1   5  27   0   2   5   1  23   2   0   1   5  10   2   2   4  0.47 0.30
  145 I   -1  0  0  3 -3  0  0  1 -1 -1 -1  3  0 -3 -3 -1  0 -4 -2  0    3   4   3  19   0   4   6  11   2   3   6  20   2   0   0   4   5   0   1   8  0.22 0.18
  146 D   -1  0  3  4 -5 -1  0  3  4 -5 -4 -1 -3 -5 -4 -1 -3 -6 -4 -5    5   6  14  21   0   3   6  27   9   0   2   3   0   0   0   4   0   0   0   0  0.64 0.33
  147 D   -3 -4  3  3 -6 -3  4  4 -2 -7 -7 -3 -6 -7 -5  0 -3 -3 -6 -6    1   0  12  17   0   0  27  32   1   0   0   1   0   0   0   7   1   0   0   0  1.00 0.47
  148 K   -4  6 -2 -3 -4  0  1 -5 -2 -5 -5  4 -5 -6 -5 -1 -3 -7 -4 -1    1  46   2   1   0   4   7   0   1   0   1  28   0   0   0   4   1   0   0   4  1.24 0.54
  149 I   -4 -5 -4 -6  4 -5 -6 -7 -3  7  0 -2  1 -3 -6 -3  2 -6 -3  1    0   0   1   0   7   0   0   0   1  58   7   3   3   1   0   1  11   0   1   6  1.27 0.52
  150 H   -2  0 -3 -4 -4 -2 -3 -5  2  3  0  0  0  1 -5 -2  0  5  3  2    2   5   0   0   0   1   0   0   5  20   8   7   2   6   0   3   5   8   9  18  0.44 0.26
  151 M   -4  0 -5 -6 -4 -5 -6 -6 -5  2  4 -5  2  3 -1 -5 -3 -4  0  3    0   5   0   0   0   0   0   0   0  12  40   0   4  10   3   0   0   0   2  22  0.82 0.38
  152 L   -4 -6 -6 -7 -3 -6 -6 -7 -6  5  3 -5  1 -3 -6 -5  1 -6 -5  4    0   0   0   0   0   0   0   0   0  29  26   0   3   0   0   0   9   0   0  33  1.12 0.47
  153 K    0  0  2  4 -3  1 -1 -3 -1 -6 -5  2 -5 -6  4  1 -3 -6 -5 -5    7   6  10  22   0   6   3   1   2   0   0  13   0   0  22   8   0   0   0   0  0.71 0.37
  154 Q   -1 -1 -4 -4  0 -1 -2 -4 -3  2  1 -1  1  1  3 -2  0 -4 -1  3    3   4   0   0   2   3   2   0   0  15  12   3   3   5  15   2   7   0   2  20  0.31 0.21
  155 Q    0 -1  2  3 -5  2  3 -1  0 -5 -5  1 -4 -5 -2  1 -1 -6 -4 -3    9   2  11  19   0   9  17   5   2   0   0   9   0   0   1  13   3   0   0   1  0.49 0.29
  156 N   -2 -2  0  6 -7  1  4 -5 -2 -6 -7  0 -6 -7 -5  0  0 -7 -5 -5    3   2   4  46   0   5  22   0   1   0   0   4   0   0   0   7   5   0   0   0  1.15 0.51
  157 I   -5 -7 -8 -8 -6 -7 -8 -8 -8  8 -1 -7 -2 -5 -7 -7 -5 -7 -6  4    0   0   0   0   0   0   0   0   0  75   3   0   0   0   0   0   0   0   0  21  2.18 0.75
  158 I   -1  1 -2  0  0  0  1 -4  0  2  1 -2 -1  0 -3 -1 -2 -3  3  2    3   9   1   5   2   4  10   0   2  13  11   1   1   3   0   5   2   0  15  14  0.20 0.18
  159 G   -2 -3 -6 -7 -2 -6 -6 -5  0 -4  0 -6 -2  4 -7 -3 -6  7  8 -3    4   2   0   0   1   0   0   1   2   0   8   0   1  15   0   2   0  12  49   2  1.73 0.65
  160 I    3 -6 -6 -6  3 -5 -5 -4 -6  4  1 -5 -2  2 -5 -4 -3 -5 -4  3   27   0   0   0   7   0   0   0   0  26  10   0   0   8   0   0   0   0   0  21  0.84 0.41
  161 G   -1 -1 -2  1  0 -1  5 -1 -2 -5 -4 -2 -1  0 -4  1  0 -3  3 -1    4   3   1   6   2   2  41   4   1   0   0   1   2   4   0  10   6   0   9   5  0.58 0.36
  162 T    5  0 -4 -5 -3 -4 -4 -4 -5  0 -3 -3 -3 -4 -3  3  1 -6 -4  0   47   6   0   0   0   0   0   0   0   6   2   1   0   0   1  19   9   0   0   7  0.80 0.45
  163 H    0  1  1  3 -1  2  4 -3  2 -4 -4  0  0 -5 -4 -1 -3 -5 -2 -1    9   7   6  17   1  10  25   0   5   1   1   5   2   0   0   4   0   0   2   6  0.45 0.28
  164 N   -2 -3  1  4 -4  0  3  4 -3 -2 -2 -1 -1 -6 -4 -2 -4 -6 -5 -5    2   1   5  20   0   3  23  31   0   3   4   4   2   0   0   1   0   0   0   0  0.74 0.38
  165 G   -3  2  2  4 -4 -3 -2  3 -2 -6 -6  3 -5 -6 -4  1 -3 -6 -2 -5    1  12  10  27   0   0   1  19   1   0   0  18   0   0   0   9   0   0   1   0  0.76 0.39
  166 I   -3  0 -1 -2 -5 -2  0  1 -1  0 -1  1  1 -1 -5 -2 -2 -2  7  0    1   4   3   2   0   2   6  10   1   4   5   9   3   1   0   2   2   0  38   6  0.67 0.37
  167 T    1 -5 -3 -5 -1 -5 -5 -5 -6  1 -1 -4  3 -4 -5  0  4 -6 -5  5    9   0   1   0   1   0   0   0   0   7   5   0   6   0   0   6  26   0   0  37  0.84 0.44
  168 T   -2  2  0 -4  4  0 -1 -4  2 -2 -1  1  0  1 -4 -1  1  0  3 -1    2  13   3   0   9   3   4   0   6   2   6  10   2   7   0   5   9   1  12   4  0.28 0.21
  169 I   -2 -6 -7 -7 -5 -6 -7 -7 -7  5  2 -6 -2 -3 -6 -6 -4 -6 -5  5    3   0   0   0   0   0   0   0   0  34  19   0   0   1   0   0   0   0   0  43  1.41 0.55
  170 H   -3 -1 -2 -5 -1  0 -4 -6  7 -2 -4  2 -3  2 -5 -2 -1 -1  6  0    2   3   2   0   1   4   0   0  26   2   0  12   0   7   0   3   3   1  24   9  0.95 0.45
  171 T    0 -4 -3 -5  1 -4 -5 -3 -4 -4 -3 -5 -4  1 -5  1  7 -6 -5 -2    7   1   1   0   3   0   0   2   0   1   3   0   0   7   0   8  66   0   0   2  1.40 0.64
  172 T    0  1  0  1 -3  1  1  0  0 -2 -2  2 -2 -2 -1  0  0 -4  0 -2    9  10   4  10   0   7  11   7   3   2   3  12   1   2   2   4   7   0   3   2  0.16 0.12
  173 N   -2  1  2  4 -4  1  2  1  0 -5 -4  2 -4 -5 -3  0  1 -5 -3 -4    3   6  10  22   0   7  11  11   2   0   1  11   0   0   0   7   8   0   1   0  0.45 0.26
  174 H   -2 -1  1  2 -6  3  3  3  1 -5 -5  2 -3 -5 -4 -2 -2 -6 -4 -5    3   3   7  12   0  12  17  23   4   0   1  13   0   0   0   2   2   0   0   0  0.57 0.32
  175 K   -1  2 -1 -1 -2  0  2 -3 -2 -1 -3  3 -1 -4 -2  2  2 -2 -3 -1    5  10   2   2   1   4  16   1   1   3   1  18   2   1   1  15  13   1   0   4  0.33 0.24
  176 Y   -2 -4 -5 -6 -1 -4 -4 -1  5 -2 -1 -5 -4  4  1 -5 -5 -1  7 -3    4   1   0   0   1   0   1   5  13   3   6   0   0  15   7   0   0   1  43   1  1.32 0.55
  177 E   -2 -2 -3 -3 -2 -1  0 -4  0  2  2 -2  2  1 -1 -1  1 -3  0  1    2   2   0   0   1   3   7   0   2  14  24   2   6   7   3   4  11   0   4  10  0.22 0.17
  178 T   -2 -4 -3 -4  1 -3 -3 -5 -3  1  1  0  3 -2 -4  2  4 -5 -1  2    2   0   0   0   2   0   1   0   0   8  10   6   9   1   0  16  27   0   2  14  0.50 0.33
  179 T   -2  4  2 -1 -5  2  0 -3  3 -5 -3  2 -3 -4  1  1  1 -5 -1 -5    2  25  11   3   0   7   5   1   7   0   2  10   0   0   7   9   8   0   2   0  0.49 0.29
  180 E   -2  0 -1 -1 -1  1  1 -2  0  0  1  2  3  1 -4 -1 -1 -3  1 -1    0   6   2   4   2   5  13   3   2   5  12  14  10   7   0   2   4   0   6   4  0.15 0.16
  181 P   -2 -3  1 -5 -3 -2 -5 -3 -5 -5 -5 -2 -5 -6  1  3  6 -7 -6 -4    2   1   6   0   0   1   0   2   0   0   1   3   0   0   8  22  54   0   0   0  1.28 0.61
  182 L   -6 -6 -7 -8 -5 -6 -7 -8 -7  3  6 -7  5 -4 -7 -7 -5 -6 -5 -3    0   0   0   0   0   0   0   0   0  14  71   0  15   0   0   0   0   0   0   0  1.78 0.67
  183 N    0  1  3 -2 -3  2 -2 -2 -2 -4 -5  3 -4 -5 -4  3  1 -6 -3 -2    7   7  14   1   0   9   2   3   1   1   0  22   0   0   0  20  10   0   1   3  0.50 0.32
  184 R    0 -1 -1  1 -5  1  4 -4  0 -3 -4  0 -3 -2 -4  0  1  2  1 -1    8   2   3   8   0   7  33   0   2   2   0   5   0   2   0   5  11   3   4   4  0.44 0.29
  185 Y   -5 -6 -7 -7 -5 -6 -7 -7 -6  1  6 -6  0  4 -7 -5 -5  3  1 -1    0   0   0   0   0   0   0   0   0   7  65   0   1  15   0   0   0   3   5   3  1.39 0.55
  186 E   -3 -4 -5 -2  2  0  7 -6 -2 -4 -4 -1 -1 -6 -6 -3 -4 -7 -1 -4    2   0   0   2   5   3  75   0   1   1   1   3   1   0   0   1   1   0   2   1  1.72 0.71
  187 K    0  0  0  1 -5  2  4 -2 -2 -5 -4  3 -2 -6 -4  2  0 -6 -5 -4    8   3   4   6   0   9  28   2   0   0   1  16   1   0   0  17   4   0   0   1  0.59 0.35
  188 R   -4  6 -2 -4 -5  1 -1 -6 -3 -2 -3  5  1 -6 -5 -3 -3 -6 -5 -3    0  43   2   0   0   5   4   0   1   2   3  32   3   0   0   2   1   0   0   1  1.21 0.53
  189 L   -3 -4 -5 -5 -4 -4 -5 -5 -5 -1  6 -5 -1 -2 -5 -5 -4  3 -4 -2    2   1   1   1   0   1   1   1   0   2  81   1   1   1   1   1   1   4   0   2  1.55 0.55
  190 N    0 -1  2  4 -3  0 -1 -1 -3 -4 -4  0 -3 -3  4  0 -1 -4 -4 -3    8   3  10  26   1   4   3   3   0   1   2   4   0   1  22   6   4   0   0   2  0.57 0.27
  191 P    0 -1  0  1 -4  0  2  1 -2 -4 -3  0 -3 -4  5  0  0 -4 -3 -3    6   2   3   7   0   5  12  10   1   1   3   5   1   0  30   8   5   0   1   1  0.54 0.25
  192 T    0  1  1  1 -4  1  1 -2  2 -4 -3  1 -3 -1 -1  0  2 -4  1 -3    9   7   7   9   0   7  10   2   5   0   1   9   0   3   3   6  17   0   5   1  0.24 0.19
  193 Y   -1  0  1  0 -3  2 -1  1  2 -1 -1  0  0 -2  2  0  0 -4  0 -1    3   6   8   5   0  11   2  13   5   3   7   3   2   1  13   8   4   0   3   4  0.16 0.13
  194 F   -7 -8 -8 -9 -7 -8 -8 -8 -6 -3  0 -8 -3  9 -9 -7 -7 -4 -1 -5    0   0   0   0   0   0   0   0   0   1   9   0   0  88   0   0   0   0   0   0  2.99 0.94
  195 I   -2 -6 -6 -7 -4 -1 -6 -6 -5  1  2 -5  2  7 -6 -5 -3  0  1  3    3   0   0   0   0   3   0   0   0   8  16   0   4  40   0   0   1   1   3  19  1.08 0.45
  196 R   -6  9 -5 -7 -9  1 -5 -7 -5 -8 -7  0 -6 -8 -7 -6 -6 -8 -7 -8    0  91   0   0   0   5   0   0   0   0   0   4   0   0   0   0   0   0   0   0  2.82 0.95
  197 I    1 -6 -5 -6  7 -6 -6 -6 -6  3 -3 -6 -3 -5 -2 -3  2 -6 -5  5   10   0   0   0  23   0   0   0   0  16   0   0   0   0   2   1  11   0   0  36  1.20 0.51
  198 H   -7 -6  1 -6 -8 -3 -5 -6 11 -9 -8 -6 -7 -7 -8 -3 -6 -8 -4 -9    0   0   7   0   0   1   0   0  89   0   0   0   0   0   0   2   0   0   0   0  3.72 1.13
  199 R   -6  8 -5 -6 -8 -3 -5 -7 -4 -8 -7  2 -6 -8 -7 -6 -6 -8 -5 -8    0  88   0   0   0   0   0   0   0   0   0  11   0   0   0   0   0   0   0   0  2.74 0.93
  200 S    0 -3 -1 -5  1  3 -4 -1 -5 -7 -7 -1 -6 -7 -5  6 -3 -7 -6 -6    6   1   2   0   3  13   0   5   0   0   0   3   0   0   0  66   0   0   0   0  1.44 0.67
  201 Y   -1 -6 -4 -6 -3 -1 -5 -7  2 -5 -5 -5 -5  4 -7 -3  1 -2  8 -3    6   0   1   0   1   3   1   0   5   0   0   0   0  16   0   2   8   0  56   2  1.77 0.68
  202 I   -5 -6 -7 -7  3 -6 -7 -7 -7  6  4 -6  1 -4 -7 -6 -4 -6 -5  0    0   0   0   0   7   0   0   0   0  46  38   0   3   0   0   0   1   0   0   5  1.47 0.56
  203 I   -2 -7 -7 -8 -5 -7 -7 -8 -8  4 -2 -7 -3 -4 -7 -6 -4 -7 -6  7    3   0   0   0   0   0   0   0   0  18   2   0   0   0   0   0   0   0   0  76  1.97 0.72
  204 N   -2 -1  9 -4 -8 -3 -5 -5  0 -8 -8 -3 -7 -8 -7 -3 -5 -9 -7 -8    4   3  88   0   0   1   0   0   2   0   0   1   0   0   0   2   0   0   0   0  2.68 0.93
  205 T   -4 -3 -5 -6 -5 -3 -6 -7 -6  3  5 -2  3 -2 -3 -5  0 -5 -4  1    1   1   0   0   0   1   0   0   0  16  54   2   7   1   1   0   6   0   0  10  0.98 0.44
  206 K    0  0  4  4 -4  1  2 -2  0 -5 -5  1 -4 -5 -1  1  0 -6 -3 -4    7   4  20  22   0   5  11   2   3   0   0   9   0   0   2   8   4   0   1   1  0.54 0.30
  207 H    0  2  0 -3  0  2  0 -4  5 -4 -2  3  2  0 -4 -2 -3  3  2 -4    8  10   3   1   2  11   4   1  13   0   4  20   5   4   0   1   1   3   9   0  0.49 0.30
  208 I   -4 -7 -7 -7 -5 -7 -7 -8 -7  7  0 -7  0 -4 -7 -6 -4 -7 -5  5    1   0   0   0   0   0   0   0   0  60   5   0   2   0   0   0   1   0   0  32  1.83 0.66
  209 K   -1  3 -1  0 -4  2  1 -3  1 -3 -3  4 -3 -3 -4  0  1 -5 -3 -2    6  18   2   5   0   7  10   1   3   1   2  24   0   1   0   6  11   0   0   3  0.44 0.27
  210 E   -2  0 -2 -1 -7  0  7 -1 -3 -7 -6  2 -6 -7 -5 -2 -2 -7 -5 -5    3   5   1   2   0   3  64   6   1   0   0  10   0   0   0   2   2   0   0   1  1.36 0.60
  211 V   -4 -7 -7 -7 -5 -6 -7 -7 -7  7  3 -6  1 -1 -7 -6 -4 -6 -4  3    1   0   0   0   0   0   0   0   0  54  22   0   3   3   0   0   0   0   0  18  1.47 0.55
  212 Q   -2  1 -3 -2 -2  3  4 -5 -1  2 -2  0 -2 -3 -4 -2 -1 -5 -1  2    1   9   1   1   1  14  28   0   1  12   3   6   0   1   0   3   3   0   2  13  0.46 0.30
  213 Q   -3 -4 -4 -6 -6 -2 -5 -5  0 -6  0 -3 -3 -2  8  0  0 -7 -6 -4    2   1   1   0   0   2   0   0   2   0   9   1   1   2  65   7   5   0   0   1  1.75 0.68
  214 W   -4 -5 -5 -4 -7 -2 -2 -2  1 -4  0 -5 -3 -1 -7 -2 -4 11  3 -2    1   1   0   1   0   2   3   3   4   1  10   0   0   3   0   4   1  54   8   3  2.17 0.75
  215 F   -3 -6 -5  0 -6 -2  1 -1 -5 -3 -4 -5 -3  8 -3 -2 -1 -4 -1 -1    2   0   0   6   0   2  10   5   0   1   0   0   0  58   2   4   4   0   1   4  1.34 0.56
  216 N   -3 -3  8 -3 -7 -2 -4 -2  2 -6 -7  2 -6 -7 -5  1 -3 -7 -3 -7    2   1  63   0   0   1   0   3   4   0   0  12   0   0   0  10   1   0   1   0  1.67 0.67
  217 Y   -3 -3  2 -1 -4  0 -2  6  2 -7 -7 -4 -6 -6 -5  2 -3 -6 -1 -6    1   1  10   4   0   4   2  56   5   0   0   0   0   0   0  14   1   0   2   0  1.20 0.51
  218 T    1 -3 -1 -2 -4  0  1  0 -3 -3 -2  0 -4 -5 -4  1  5 -6 -5 -3    9   1   2   2   0   4  10   7   0   1   4   5   0   0   0  11  44   0   0   1  0.71 0.41
  219 Y    0 -5 -6 -7  2 -6 -6 -6  1 -2  1 -5 -1  1 -7 -4 -5  1  8 -2   10   0   0   0   4   0   0   0   3   2  14   0   1   5   0   1   0   1  56   2  1.60 0.64
  220 M   -2 -2  2 -1 -3  3  1 -4  0  1  1  0  1 -1 -4 -2 -1  2 -2  1    1   1  10   2   0  17  10   0   3   9  15   6   3   3   0   1   3   3   0  12  0.26 0.22
  221 V   -1 -4 -7 -7 -1 -6 -6 -7 -6  3  5 -6 -1 -3 -6 -5 -4 -6 -5  3    5   1   0   0   1   0   0   0   0  14  57   0   1   0   0   0   0   0   0  20  1.19 0.49
  222 I   -3  2 -3 -4 -3 -2 -1 -3  1  3  0  1 -1 -3 -4 -2  2 -5 -3  3    0  11   1   0   0   1   4   2   4  18   7  11   1   0   0   1  16   0   0  24  0.44 0.29
  223 L   -5 -2 -7 -7 -5 -5 -6 -6 -6  1  5 -6  7 -3 -7 -6  0 -6 -5  0    0   3   0   0   0   0   0   0   0   5  50   0  31   0   0   0   6   0   0   5  1.49 0.60
  224 T   -1  2  1  1 -2  2  1 -2  1 -4 -4  3 -3 -5 -2  0  1 -5 -4 -3    4  13   8   9   1   8   8   2   3   1   1  24   0   0   2   7   7   0   0   1  0.41 0.25
  225 N   -3 -4  5  6 -6 -3 -2  2  0 -6 -7 -3 -6 -7 -5  1 -1 -7 -6 -5    2   1  23  39   0   0   2  15   2   0   0   1   0   0   0  12   4   0   0   1  1.11 0.50
  226 G   -3  0  0  3 -2 -1  1  5 -2 -6 -6  1 -5 -4 -2 -1 -2 -6 -3 -6    1   5   5  14   1   2   9  46   1   0   0   7   0   1   2   3   2   0   1   0  0.84 0.40
  227 V    0 -2 -2  0 -3  2  2 -2  0 -1 -2  0 -2  1 -3  1  2 -4 -1  0    8   1   1   5   0  10  18   2   2   3   3   6   1   7   0  11  15   0   1   6  0.22 0.20
  228 K   -2  2 -4 -2 -6  2  4 -5  0 -4 -5  5 -3 -6 -2 -3  0 -3 -5 -4    3  10   0   1   0   9  31   0   2   1   1  33   0   0   2   1   5   0   0   1  0.93 0.47
  229 M   -4 -6 -7 -7 -5 -6 -7 -7 -7  6  2 -6 -1 -1 -6 -6 -4 -6 -4  5    1   0   0   0   0   0   0   0   0  38  21   0   1   2   0   0   0   0   0  37  1.39 0.54
  230 Q   -3 -1 -4 -4 -7  0  0 -6 -3 -5 -6  1 -3 -8  8 -2 -1 -8 -7 -6    2   3   1   1   0   4   6   0   1   1   0   9   1   0  66   3   3   0   0   0  1.85 0.71
  231 V   -4 -7 -7 -8 -5 -7 -7 -8 -8  1 -1 -7 -1 -5 -7 -4 -3 -2 -6  7    1   0   0   0   0   0   0   0   0   6   5   0   1   0   0   1   1   1   0  85  2.07 0.76
  232 G   -3 -6 -3 -5 -6 -5 -5  0 -6 -7 -7 -5 -6 -7 -6  7 -2 -8 -7 -7    1   0   0   0   0   0   0   6   0   0   0   0   0   0   0  92   1   0   0   0  2.30 0.92
  233 R   -6  9 -5 -6 -8 -2 -5 -7 -5 -8 -7  1 -6 -8 -7 -5 -6 -8 -7 -8    0  91   0   0   0   1   0   0   0   0   0   7   0   0   0   0   0   0   0   0  2.80 0.94
  234 S   -1  4  3 -4 -5 -3 -3 -2 -1 -5 -5 -3 -5 -6 -5  4  2 -6 -2 -4    4  25  12   0   0   0   1   3   1   0   1   0   0   0   0  38  12   0   1   0  0.91 0.49
  235 F   -3  1  2 -5 -6  3 -4  0  3 -5 -5  1 -4  0 -6 -3 -5 -3  7 -4    2   8   9   0   0  16   0   6   6   0   0   9   0   2   0   1   0   0  40   1  1.14 0.53
  236 M    1  1 -4 -5 -4 -3 -4 -4 -4  2  1 -1  3 -3 -4 -1 -1 -4  1  3   15   8   0   0   0   0   0   0   0   9  16   3   7   0   0   5   4   0   6  27  0.41 0.27
  237 K   -1  2 -2  2 -6 -1 -2 -4 -2 -3 -5  6 -5 -5 -2 -2 -3 -6 -2 -1    5  10   1  10   0   2   2   0   1   2   0  56   0   0   2   3   1   0   1   4  1.06 0.50
  238 D    0  2  0  1 -5  1  4 -3 -2 -3 -3  2 -3 -5  0  0  0 -5 -4 -2    9  10   3   9   0   4  25   1   1   1   2  16   0   0   4   7   6   0   0   3  0.39 0.25
  239 F   -5 -6 -7 -7 -5 -6 -7 -7 -6  1  5 -6 -1  6 -7 -6 -3 -4 -3  1    0   0   0   0   0   0   0   0   0   8  52   0   1  31   0   0   1   0   0   8  1.43 0.55
  240 K   -5  5 -2 -4 -7 -2 -3 -5 -4 -6 -3  7 -4 -6 -6 -4 -5 -7 -6 -6    0  25   2   0   0   1   1   0   0   0   2  67   0   0   0   0   0   0   0   0  1.86 0.72
  241 A    0  0 -1  2 -6  4  4 -4 -1 -5 -4  2 -3 -6 -4  0 -2 -6 -5 -4    9   5   2  10   0  18  31   0   1   0   2  14   0   0   0   5   1   0   0   1  0.72 0.39
  242 S    1  2 -4 -4 -4  0 -1 -4  0  2  2  1  2 -1 -4 -2 -2 -3 -1  0   15  14   0   0   0   5   3   0   3  10  26   8   5   2   0   1   1   0   1   6  0.29 0.22
  243 I   -4 -6 -7 -7 -5 -6 -7 -7 -6  2  5 -6  6  2 -7 -5 -4 -5 -3 -2    0   0   0   0   0   0   0   0   0  10  61   0  18   8   0   0   0   0   0   2  1.45 0.57
  244 G   -3  1  2 -1 -6 -2  0  6  2 -6 -5 -2 -5 -6 -5  0 -3 -6 -5 -6    0   7  10   2   0   1   6  55   5   0   1   2   0   0   0   8   1   0   0   0  1.07 0.45
  245 L   -5 -6 -7 -7 -5 -6 -6 -7 -6  4  5 -6  2  2 -6 -6 -4 -5 -4 -1    0   0   0   0   0   0   0   0   0  24  59   0   5   9   0   0   0   0   0   3  1.34 0.50
  246 L   -1 -3 -4 -4 -2 -3 -3 -4 -4  4  2 -3  2 -1 -3 -3 -1 -3 -2  4    0   0   0   0   0   0   0   0   0  48   8   0   5   0   0   0   0   0   0  38  0.51 0.08

                      K         Lambda
Standard Ungapped    0.1350     0.3181
Standard Gapped      0.0636     0.2670
PSI Ungapped         0.2069     0.3163
PSI Gapped           0.0636     0.2670
