
Last position-specific scoring matrix computed, weighted observed percentages rounded down, information per position, and relative weight of gapless real matches to pseudocounts
           A  R  N  D  C  Q  E  G  H  I  L  K  M  F  P  S  T  W  Y  V   A   R   N   D   C   Q   E   G   H   I   L   K   M   F   P   S   T   W   Y   V
    1 M   -2 -2 -3 -4 -3  3 -2 -4 -3  3  1 -2  7 -2 -4 -3 -2 -3 -3  1    0   0   0   0   0  21   0   0   0  19   4   0  46   0   0   0   0   0   0  10  0.79 0.26
    2 K   -2  3  2  0 -4  2  1 -2 -1 -4 -4  4 -2 -4  0  0 -1 -4 -3 -4    1  15  11   4   0  10   7   1   1   0   0  39   0   0   4   4   2   0   0   0  0.56 0.20
    3 D   -1  0  1  1 -4  2  3 -2 -1 -2 -3  2 -2 -3  0  1  2 -4 -3 -2    3   2   9   4   0  10  28   0   0   2   0  12   1   1   3   9  14   0   0   1  0.36 0.17
    4 V   -1  0  1 -1 -2  0  1 -2  1  1 -2  3 -1 -2  1 -1  0 -3 -1  0    2   4   6   2   1   3   7   2   5  10   2  27   1   0   7   3   8   0   2   8  0.15 0.11
    5 R   -3  6 -3 -3 -5  0 -1 -4 -2 -4 -3  5 -3 -5  0 -3 -2 -5 -4 -3    0  46   0   0   0   3   1   0   1   1   1  39   0   0   5   0   1   0   0   1  1.12 0.36
    6 L   -1  2 -1 -1 -3  2  1 -3 -2 -1  0  3  0 -3 -1  0  0 -4 -2 -2    4  13   2   1   0  11  11   0   0   4  14  24   2   0   2   5   5   0   0   1  0.25 0.15
    7 P   -1 -5 -4 -4 -5 -3 -4 -5 -3 -1 -1 -4 -2 -4  8 -3 -2 -6 -5 -3    4   0   0   0   0   0   0   0   1   4   8   0   1   1  78   0   2   0   0   1  2.03 0.50
    8 T   -1 -2  1 -2 -3 -2 -2  0 -2 -4 -4  0 -3 -4 -1  5  3 -5 -3 -3    0   1   7   0   0   0   0   6   0   0   0   5   0   0   2  54  23   0   1   0  0.79 0.34
    9 L   -2 -4 -5 -5 -3 -4 -5 -5 -4  2  4 -3  1  5 -2 -4 -2 -3 -1  0    2   0   0   0   0   0   0   0   0  11  47   1   3  26   3   0   2   0   1   4  0.72 0.27
   10 F    0 -2 -3 -4 -3 -3 -3  2 -3  0  2 -2  1  3 -1 -2 -1  5  0  0    9   2   0   0   0   0   0  16   0   5  25   2   3  14   2   1   4  11   1   5  0.30 0.16
   11 E   -1 -2 -2  2 -3  3  4 -3  0 -1  1 -1  1 -2 -2 -1 -2  1  0 -1    4   0   0  11   0  14  34   0   2   3  14   1   4   1   1   1   0   2   3   5  0.36 0.20
   12 I    5 -4 -3 -4 -2 -3 -3 -2 -4 -1 -3 -3 -3 -4 -3  3 -1 -5 -4  0   63   0   0   0   0   0   0   0   0   4   1   0   0   0   0  27   1   0   0   5  0.96 0.38
   13 I   -1 -4 -5 -5 -2 -4 -5 -4 -4  3  4 -4  2  2 -4 -3 -2 -3 -2  1    5   0   0   0   1   0   0   1   0  17  55   0   3   8   0   1   1   0   0   8  0.70 0.26
   14 I   -1 -4 -4 -4 -2 -4 -4 -3 -4  4  3 -4  0  1 -2 -1  0 -3 -2  2    4   0   0   0   1   0   0   2   0  32  28   0   0   6   2   6   5   0   0  15  0.44 0.20
   15 V   -1 -4 -4 -4  0 -4 -4 -4 -4 -1 -1 -3 -2 -4  7 -1  1 -3 -4  1    4   0   0   0   2   0   0   1   0   2   7   0   1   0  58   5   9   0   0  10  1.30 0.37
   16 L   -2 -4 -5 -5 -3 -4 -5 -5 -5  5  3 -4  2  2 -5 -4 -2 -3 -2  3    1   0   0   0   0   0   0   0   0  37  23   0   5  11   0   0   1   0   0  21  0.74 0.26
   17 G    1 -4 -4 -4 -2 -3 -4  1 -4  3  2 -3  0  1 -4 -2 -1 -3 -2  3   11   0   0   0   0   0   0  11   0  24  20   0   1   7   0   2   2   0   0  21  0.35 0.17
   18 V    2 -3 -3 -4 -1 -3 -3  0 -3  1  1 -3  0  3 -3 -1  0 -3 -1  2   19   0   0   0   1   0   0   8   0   7  16   0   2  14   0   4   6   0   1  22  0.25 0.15
   19 F   -1 -4 -4 -5 -2 -3 -4 -4 -4  1  4 -4  6  2 -2 -2 -1 -3 -2  0    3   0   0   0   0   0   0   0   0   7  39   0  30   8   2   2   4   0   0   4  0.75 0.30
   20 L   -1 -4 -5 -5 -2 -4 -4 -4 -5  5  2 -4  2  1 -4 -3 -2 -4 -2  4    5   0   0   0   0   0   0   0   0  38  19   0   4   5   0   1   1   0   0  27  0.70 0.25
   21 A    2 -3 -3 -4  1 -3 -3  1 -4  2  1 -3  0  1 -3 -1  0 -3 -2  2   24   0   0   0   3   0   0  12   0  15  13   0   2   6   0   2   4   0   0  20  0.27 0.16
   22 L   -1 -4 -4 -4  0 -3 -3 -3 -4  2  3 -3  3  2 -4 -1 -1 -3 -2  2    4   0   0   0   2   0   1   2   0  14  34   0  11  10   0   4   3   0   0  15  0.42 0.19
   23 V   -1 -4 -5 -5 -3 -3 -4 -3 -4  3  4 -4  5 -2 -4 -3 -2 -4 -3  1    6   0   0   0   0   1   0   2   0  16  46   0  20   0   0   0   1   0   0   8  0.75 0.29
   24 L    2 -3 -3 -3  0 -3 -3  2 -3  1  1 -3 -1  2 -3  0  0 -3 -1  1   19   0   0   0   2   0   0  18   0   9  14   0   0  13   0   9   5   0   1  11  0.21 0.14
   25 S    0 -3 -3 -3 -1 -1 -3 -1 -2  1  0 -3  0  2 -3  0  0 -1  3  2   10   0   0   0   1   4   0   6   0  11   9   0   1  11   0   9   6   0  13  18  0.18 0.13
   26 F    1 -3  1 -3  1 -1 -3  5 -3 -2 -3 -3 -3  1 -3  2  0 -3 -3 -2    9   0   6   0   3   2   0  43   0   2   1   0   0   9   0  15   6   0   0   2  0.53 0.23
   27 T   -1 -3 -2 -2 -1 -3 -3 -3 -3  3  1 -3  1  2 -4 -1  1 -3  2  3    2   0   1   3   1   0   0   1   0  26   7   1   3  11   0   5   8   0   7  25  0.34 0.17
   28 V    0 -2 -1 -1 -3 -2 -3  0 -2  2  1 -3  0  3 -3 -1 -1 -2  2  2    9   2   2   5   0   1   0   9   0  17  11   0   1  14   0   2   1   0   9  17  0.17 0.12
   29 F    0 -1 -3 -3 -3 -1 -2 -1 -2  1  1  0 -1  3 -3 -2 -1  2  2  2    9   2   0   0   0   4   0   4   1   9  11   8   0  13   0   1   3   2   9  24  0.18 0.13
   30 L   -2 -4 -4 -3 -4 -4 -4 -2 -2 -1  3 -3  0  6 -4 -2 -2  3  3 -1    4   0   0   1   0   0   1   3   0   1  29   1   2  38   0   2   2   4  10   3  0.71 0.26
   31 D   -1 -2  1  3 -4 -1  2  4  0 -5 -5  1 -4 -4 -3  0 -2 -4 -2 -4    3   0   5  19   0   1  14  36   2   0   0  11   0   0   0   7   0   0   2   0  0.59 0.23
   32 L    0 -2 -2 -2 -2 -1 -2  2 -3  1  2 -2  0  1 -3  0  0 -3 -1  1    8   1   0   2   0   3   2  21   0   8  24   1   1   5   0   6   5   0   2  11  0.15 0.11
   33 P    0 -1 -1  4 -4 -1  1 -1 -3 -4 -4 -1 -4 -5  5  2  0 -5 -4 -3    6   3   1  24   0   1   7   3   0   0   0   2   0   0  27  17   6   0   0   1  0.64 0.24
   34 I    1 -4  3 -3 -4 -3 -3 -3 -3  3 -1 -3  0 -4  5 -2 -2 -5 -4  0   11   0  18   0   0   0   1   0   0  19   6   0   3   0  33   1   1   0   0   6  0.69 0.27
   35 Q   -3 -2 -2 -3 -6  6  2 -5  8 -6 -4 -2 -4 -4 -4 -3 -3 -5 -2 -4    1   0   0   0   0  44  11   0  40   0   1   1   0   0   0   0   1   0   0   1  1.58 0.49
   36 L   -1 -4 -4 -5 -3 -4 -4 -4 -4  5  1 -4  3  2  1 -3 -1 -3 -2  2    4   0   0   0   0   0   0   0   0  40  12   0   7   9   9   1   2   0   1  14  0.56 0.23
   37 A    2 -4 -4 -4 -3 -3 -3 -4 -4  0  1 -3  0 -4  6 -1 -1 -5 -4 -1   20   0   0   0   0   0   0   0   0   6  18   0   2   0  43   3   3   0   0   4  0.91 0.30
   38 L   -4 -5 -5 -6 -4 -4 -5 -6 -5  2  6 -5  4 -1 -4 -5 -3 -4 -3 -1    0   0   0   0   0   0   0   0   0  11  78   0  10   1   0   0   0   0   0   1  1.24 0.39
   39 F   -1 -4 -5 -5 -3 -3 -4 -5 -4  3  3 -4  2  3 -4 -3 -2 -2  0  2    6   0   0   0   0   0   0   0   0  21  36   0   5  15   0   0   0   0   2  14  0.59 0.22
   40 V   -1 -4 -4 -4  2 -3 -4 -3 -4  4  2 -4  2  1 -4 -2  0  4 -2  1    3   0   0   0   5   0   0   1   0  31  23   0   6   7   0   3   5   6   0   8  0.46 0.20
   41 S    3 -4 -2 -3  3 -3 -3  4 -4 -4 -4 -3 -3 -4 -3  3  0 -5 -4 -2   24   0   0   0   6   0   0  37   0   0   0   0   0   0   0  26   4   0   0   2  0.74 0.29
   42 W    2 -3 -3 -3  0 -3 -3  0 -3  2  0 -3  0 -2 -3  1  2  5 -2  0   25   0   0   0   1   0   0   8   0  16   8   0   3   1   0   9  15   8   0   6  0.30 0.18
   43 F    3 -3 -3 -4  2 -3 -3  0 -3  2  0 -3  0  2 -3 -1  0 -3 -2  2   32   0   0   0   4   0   0   8   0  13   9   0   2   9   0   3   5   0   0  15  0.29 0.17
   44 I   -1 -4 -5 -5 -2 -4 -4 -4 -4  4  1 -4  0  3 -4 -3 -1  1  1  4    4   0   0   0   0   0   0   0   0  28  11   0   1  14   0   1   3   2   4  33  0.59 0.23
   45 A    5 -4 -3 -4  2 -3 -3 -1 -4  0 -2 -3 -2 -3 -3  0  2 -5 -4  0   60   0   0   0   4   0   0   2   0   5   3   0   0   0   0   3  16   0   0   6  0.71 0.31
   46 M    3 -3 -3 -3  2 -3 -3  3 -3  1 -1 -3  1 -3 -3  1 -1 -4 -3  0   35   0   0   0   5   0   0  23   0  10   3   0   4   1   0  10   3   0   0   5  0.41 0.21
   47 L    0 -4 -4 -5 -1 -3 -4 -1 -4  3  3 -4  1  1 -2 -3 -1  0 -2  1    7   0   0   0   1   0   0   5   0  23  41   0   1   7   2   0   2   1   0  10  0.44 0.19
   48 L   -1 -4 -3 -5 -1 -3 -4 -5 -3  4  2 -4  2  2 -4 -3 -2  0  0  4    3   0   1   0   1   1   0   0   0  29  15   0   5   8   0   0   0   1   2  34  0.59 0.23
   49 G    4 -4 -3 -4  0 -3 -4  5 -4 -4 -3 -3 -2 -5 -4  0 -2 -5 -4 -2   36   0   0   0   2   0   0  51   0   0   2   0   1   0   0   4   1   0   0   2  0.98 0.33
   50 I   -2  0 -3 -4 -1 -2 -3 -3 -1  2  2  0  3  2 -4 -3 -2  4  3  1    2   5   0   0   1   1   0   1   1  13  22   8   9   9   0   0   1   7  10  10  0.32 0.16
   51 R   -2  3 -3 -3 -3 -1 -2 -3  0  0 -1  3  0  2 -2 -1 -1  4  3 -1    2  20   0   0   0   0   0   1   3   7   5  20   2  12   1   4   2   6  12   3  0.36 0.19
   52 L   -2  0  2 -2  1  0 -2 -4  1  0  3 -1  1  0 -4 -2 -1 -2  0  0    1   5  16   1   4   4   1   0   3   4  39   2   2   3   0   2   2   0   3   7  0.24 0.16
   53 G   -2 -2 -2 -3 -5 -3 -4  7 -1 -6 -6  2 -5 -6 -4 -2 -4 -5 -5 -6    0   2   1   0   0   0   0  80   2   0   0  14   0   0   0   0   0   0   0   0  1.59 0.43
   54 Y   -3 -1 -3 -4  0 -2 -4 -5  4  1  1 -2  0  3 -5 -3 -3  0  6  1    0   2   1   0   3   1   0   0  12   8  11   2   1  10   0   1   0   1  36  11  0.69 0.26
   55 S   -1  2  0  0 -1 -1 -1 -1 -2 -4 -4  2 -3 -4  1  4  2 -5 -4 -3    1  10   4   5   1   1   1   3   0   0   0  15   0   0   7  37  14   0   0   0  0.47 0.23
   56 Y   -5 -5 -5 -7 -6 -5 -6 -6 -4 -4 -4 -6 -4  2 -7 -6 -6 12  5 -6    0   0   0   0   0   0   0   0   0   1   0   0   0   7   0   0   0  71  20   0  3.27 0.68
   57 K    0  0  1  3 -4  1  2 -2 -1 -4 -3  3 -2 -4 -2  1 -1 -3 -3 -3    7   3   5  19   0   6  16   1   1   0   2  23   1   0   1  14   1   0   0   0  0.41 0.18
   58 D   -2  0 -1  5 -5  1  4 -3  0 -4 -4  0 -3 -3 -3  0  0 -5 -2 -2    2   3   1  34   0   5  30   1   2   0   0   4   0   1   0   6   7   0   1   2  0.64 0.25
   59 L   -3 -4 -5 -5 -3 -4 -5 -6 -5  5  3 -4  5 -1 -5 -4 -2 -4 -1  1    1   0   0   0   0   0   0   0   0  40  31   0  19   0   0   0   0   0   1   7  0.92 0.31
   60 Q   -3  0 -3 -1 -5  3  5 -4 -2  0  0 -1  1 -3 -4 -2 -2 -4  1 -2    0   3   0   0   0  14  54   0   0   6   8   1   4   0   0   1   0   0   5   3  0.74 0.31
   61 N    0 -1  1  3 -4  1  4 -1 -2 -3 -3  2 -2 -4 -3  0 -1 -5 -4 -3    8   1   7  18   0   5  30   4   0   1   2  18   1   0   0   4   1   0   0   1  0.47 0.20
   62 A    2 -2 -2 -3 -1 -1  0  5 -3 -4 -3 -2  1 -2 -3  1 -2 -4 -2 -3   19   2   0   0   1   2   6  49   0   0   1   1   4   2   0  11   1   0   1   0  0.66 0.25
   63 I    0 -4 -5 -5 -3 -4 -5 -4 -5  5  0 -4  6 -1 -5 -4 -3 -4 -3  2    7   0   0   0   0   0   0   1   0  46   4   0  29   1   0   0   0   0   0  12  1.00 0.35
   64 V    0 -2 -3 -3 -1 -2 -3 -3 -3  3  1 -2  1  1 -3 -1  2 -1  1  2    8   1   0   0   1   1   0   1   0  21  14   3   3   8   0   4  14   1   5  17  0.22 0.13
   65 H   -1  1  2  3 -4  2  2 -2  3 -4 -4  3 -3 -4 -3  0 -1 -4 -1 -4    4   5  10  18   0   8  16   2   8   0   0  19   0   0   0   6   2   0   1   0  0.43 0.18
   66 G    0  1  2 -2 -3 -1 -2  4 -3 -3 -4  1 -2 -4 -3  2  0 -4 -4 -1    4   7   9   0   0   1   0  41   0   0   0  10   1   0   0  16   5   0   0   6  0.53 0.22
   67 I   -3 -5 -3 -5 -2 -4 -5 -3 -5  6  3 -5  1 -2 -5 -4 -2 -3 -3  2    0   0   2   0   1   0   0   2   0  58  22   0   2   0   0   0   1   0   0  11  0.94 0.32
   68 S    1  1  1 -2 -3  0 -1  0  2 -2 -1  1  0 -2 -2  2  1 -3  0 -2   15  10   6   1   0   2   1   5   6   1   5  12   3   0   0  21   8   0   3   0  0.19 0.13
   69 N    0  1  1 -1 -3  0 -1 -1 -1  0  0  1  2 -2 -2  0  0 -3 -2  0    5   6  11   2   0   5   1   4   1   5  10  14  10   1   0   8   7   0   1   8  0.08 0.08
   70 G    4 -3 -2 -3 -3 -3 -3  3 -3 -2 -3 -3 -2 -4 -3  1  2 -4 -4  0   41   0   0   0   0   0   0  25   0   2   1   0   0   0   0  12  13   0   0   6  0.59 0.26
   71 L   -1 -4 -4 -5 -3 -2 -4 -5 -3  1  4 -4  7  0 -4 -2  0  0 -3  0    3   0   0   0   0   1   0   0   0   7  40   0  33   3   0   2   5   1   0   4  0.79 0.30
   72 E   -1 -2 -2 -2 -4  3  1  2 -3 -3 -3 -1 -3 -5  5 -1 -1 -5 -4 -3    2   1   1   1   0  19   9  17   0   2   2   3   0   0  34   4   3   0   0   2  0.73 0.26
   73 A    6 -4 -3 -4 -3 -3 -3 -2 -4 -3 -4 -3 -3 -5  2  2 -1 -5 -4  0   68   0   0   0   0   0   0   0   0   0   0   0   0   0  10  13   2   0   0   6  0.97 0.37
   74 V   -2 -4 -2 -5  1 -4 -5 -5 -5  6  2 -4  2 -2 -5 -3 -2 -4 -3  3    1   0   3   0   3   0   0   0   0  53  14   0   5   0   0   1   1   0   0  19  0.84 0.29
   75 L   -2 -4 -5 -5 -1 -4 -4 -5 -4  2  4 -4  3  3 -4 -2 -3 -3  0  1    3   0   0   0   1   0   0   0   0  12  53   0   6  13   0   2   0   0   2   7  0.67 0.24
   76 I   -4 -6 -6 -6 -4 -6 -6 -7 -6  8 -1 -5 -1 -2 -6 -5 -3 -5 -4  1    0   0   0   0   0   0   0   0   0  93   1   0   0   1   0   0   1   0   0   5  1.86 0.51
   77 L   -3 -4 -6 -6 -3 -4 -5 -6 -5  2  6 -5  2  1 -5 -5 -3 -4 -3  0    0   0   0   0   0   0   0   0   0  11  78   0   3   6   0   0   0   0   0   1  1.14 0.36
   78 V   -1 -4 -5 -5  0 -4 -4 -5 -4  3  4 -4  3  2 -4 -3 -2 -1  0  1    5   0   0   0   2   0   0   0   0  24  39   0  10  11   0   1   1   1   3   4  0.57 0.22
   79 S    1 -3 -3 -4  2 -3 -3 -2 -3  2  2 -3  3 -1 -3  0  1 -3 -2  1   16   0   0   0   5   0   0   1   0  17  20   0   9   2   0   8  11   0   0  11  0.28 0.16
   80 V   -3 -5 -6 -6 -3 -5 -5 -6 -6  5 -1 -5 -1 -3 -5 -4 -3 -5 -4  6    0   0   0   0   0   0   0   0   0  31   0   0   0   0   0   0   0   0   0  68  1.39 0.42
   81 G   -3 -5 -3 -4 -5 -5 -5  7 -4 -6 -6 -4 -5 -5 -5 -3 -4 -5  1 -6    0   0   0   0   0   0   0  94   0   0   0   0   0   0   0   0   0   0   6   0  2.06 0.51
   82 A    3 -3 -3 -4  0 -3 -3 -1 -3  2  1 -3  5 -1 -3  0  0 -4 -3  1   30   0   0   0   2   0   0   3   0  12  11   0  21   1   0   7   4   0   0   9  0.38 0.21
   83 L   -3 -4 -5 -6 -3 -4 -5 -6 -5  3  5 -4  1 -2 -5 -4 -1 -4 -3  1    1   0   0   0   0   0   0   0   0  17  69   0   3   0   0   0   3   0   0   7  1.00 0.32
   84 I   -1 -5 -5 -5 -3 -5 -5 -5 -5  7 -1 -5  0 -3 -5 -1 -2 -5 -4  3    6   0   0   0   0   0   0   0   0  66   0   0   1   0   0   5   0   0   0  21  1.11 0.37
   85 G    1 -5 -3 -4 -5 -4 -4  7 -4 -6 -6 -4 -5 -6 -3  0 -3 -5 -5 -5   10   0   0   0   0   0   0  81   0   0   0   0   0   0   0   8   0   0   0   0  1.62 0.43
   86 T    1 -3 -2 -3 -2 -3 -3 -3 -4  0 -3 -3 -2 -4 -3  3  5 -5 -3  1   12   0   0   0   0   0   0   0   0   5   0   0   0   0   0  27  43   0   0  12  0.69 0.31
   87 W   -6 -6 -8 -8 -6 -6 -7 -6 -6 -6 -4 -7 -3  1 -8 -7 -6 13 -1 -6    0   0   0   0   0   0   0   0   0   0   1   0   0   5   0   0   0  93   0   0  4.27 0.82
   88 I   -3 -4 -4 -5 -4 -4 -5 -6 -5  6  2 -4  6 -2 -5 -4 -2 -4 -3  1    1   0   0   0   0   0   0   0   0  53  12   0  28   0   0   0   1   0   0   5  1.17 0.38
   89 A    2 -2 -2 -2 -1  0 -2  0 -2  1  2 -2  1  1 -2  0 -1  0  0  1   23   1   0   2   1   5   2   5   1  12  23   1   2   5   1   5   0   1   4   7  0.11 0.10
   90 G    3 -3 -1 -3 -1 -3 -3  3 -3 -5 -5 -3 -4 -5 -3  5 -1 -5 -4 -4   22   0   1   0   1   0   0  24   0   0   0   0   0   0   0  52   0   0   0   0  0.92 0.35
   91 G   -3 -5 -3 -4 -5 -5 -5  8 -5 -7 -7 -4 -6 -6 -5 -3 -4 -5 -6 -6    0   0   0   0   0   0   0 100   0   0   0   0   0   0   0   0   0   0   0   0  2.29 0.54
   92 V   -2 -4 -3 -4 -3 -4 -4 -4 -5  3 -2 -4 -2 -4 -4 -1  6 -5 -4  3    2   0   0   0   0   0   0   0   0  21   0   0   0   0   0   1  56   0   0  20  1.01 0.38
   93 V   -3 -5 -6 -6 -3 -5 -5 -6 -6  5 -1 -5 -1 -3 -5 -4 -3 -5 -4  6    0   0   0   0   0   0   0   0   0  40   1   0   0   0   0   0   0   0   0  60  1.35 0.41
   94 P   -1 -5 -5 -4 -6 -2 -4 -4 -5 -6 -6 -4 -5 -7  9 -2 -4 -7 -6 -5    5   0   0   0   0   2   0   1   0   0   0   0   0   0  90   2   0   0   0   0  2.65 0.59
   95 T    2 -3 -2 -3 -2 -3 -3 -1 -3 -3 -2 -3  3 -2 -3  2  5 -4  0 -2   22   0   0   0   0   0   0   4   0   0   2   0   8   1   0  16  44   0   3   0  0.66 0.30
   96 L   -4 -4 -5 -6 -4 -4 -5 -6 -5  2  4 -4  8 -2 -5 -4 -3 -4 -3  0    0   0   0   0   0   0   0   0   0  13  43   0  42   0   0   0   0   0   0   2  1.28 0.40
   97 I   -3 -5 -6 -6 -4 -5 -6 -6 -6  7  0 -5  3 -3 -5 -4 -2 -5 -4  2    0   0   0   0   0   0   0   0   0  80   3   0   7   0   0   0   2   0   0   8  1.46 0.43
   98 Y   -4 -5 -5 -5 -5 -5 -5 -6 -1 -4 -4 -5 -4  1 -6 -4 -4  0 10 -1    0   0   0   0   0   0   0   0   1   0   0   0   0   3   0   1   0   1  89   5  2.45 0.61
   99 Y   -5 -5 -5 -6 -5 -5 -5 -6 -1 -2 -3 -5 -3  2 -6 -4 -5  6  9 -4    0   0   0   0   0   0   0   0   0   2   1   0   0   6   0   0   0   9  82   0  2.37 0.59
  100 G   -2 -5 -3 -4 -5 -5 -5  7 -5 -7 -7 -4 -6 -6 -5 -3 -4 -5 -6 -5    1   0   0   0   0   0   0  98   0   0   0   0   0   0   0   0   0   0   0   0  2.21 0.53
  101 L   -4 -5 -6 -6 -4 -4 -5 -6 -5  0  6 -5  2  1 -5 -5 -3 -4 -2  0    0   0   0   0   0   0   0   0   0   3  85   0   5   4   0   0   0   0   0   4  1.27 0.39
  102 E   -2  0  0  1 -4  4  2 -2 -1 -4 -3  4  0 -4 -3  1 -1 -4 -3 -3    1   1   2   7   0  24  14   2   1   0   1  30   2   0   0  10   2   0   0   0  0.54 0.24
  103 F   -2 -4 -5 -5 -3 -4 -5 -5 -4  5  4 -4  1  2 -5 -4 -2  0 -1  2    3   0   0   0   0   0   0   0   0  36  38   0   2   9   0   0   1   1   1   9  0.72 0.25
  104 I   -3 -5 -5 -6 -3 -4 -5 -6 -5  5  4 -5  1  0 -5 -4 -3 -4 -3  1    0   0   0   0   0   0   0   0   0  41  50   0   3   3   0   0   0   0   0   3  1.02 0.33
  105 H   -1 -2  5  0 -4 -1 -1 -3  4 -3 -4 -1 -3 -4 -3  4  2 -5 -3 -4    2   1  27   4   0   1   2   0  11   1   0   2   0   0   0  38  11   0   0   0  0.72 0.30
  106 P   -2 -5 -5 -5 -6 -4 -4 -5 -5 -6 -6 -4 -6 -7  9 -4 -4 -7 -6 -6    2   0   0   0   0   0   0   0   0   0   0   0   0   0  97   0   0   0   0   0  3.00 0.65
  107 S    0  0  0  0 -3  2  1 -1  0 -4 -4  2 -3 -4 -2  3  1 -4 -3 -3    7   3   4   4   0  12  10   3   2   0   0  13   0   0   0  32   9   0   0   0  0.39 0.20
  108 I   -3 -4 -5 -5 -3 -3 -4 -4 -1  4  1 -4  0  4 -5 -3 -3  4  5  1    0   0   0   0   0   0   0   0   1  33   9   0   2  15   0   1   0   7  21   9  0.73 0.26
  109 F   -5 -6 -6 -6 -5 -6 -6 -6 -4  0  0 -6 -2  9 -7 -5 -5 -2  1 -3    0   0   0   0   0   0   0   0   0   4   7   0   1  87   0   0   0   0   1   0  2.15 0.53
  110 L   -2 -4 -5 -6 -4 -4 -5 -6 -4  0  5 -5  0  0 -4 -4 -3 -3  3  0    3   0   0   0   0   0   0   0   0   3  76   0   0   1   1   0   0   0  13   4  1.05 0.36
  111 L    2 -4 -4 -4 -2 -3 -3 -4 -4  2  1 -3 -1 -1  5 -2 -2 -4 -3  3   20   0   0   0   0   0   0   0   0   9  15   0   1   3  26   0   1   0   0  25  0.59 0.23
  112 A    4 -3 -3 -3 -1 -3 -3 -2 -4  0 -2 -3 -2 -2 -3  2  3 -4 -3  1   47   0   0   0   1   0   0   0   0   6   2   0   1   1   0  16  20   0   0   8  0.58 0.27
  113 T    4 -3 -2 -3  3 -3 -3  1 -3 -1 -2 -3 -2 -4 -3  2  3 -4 -3  0   36   0   0   0   8   0   0   8   0   3   1   0   0   0   0  12  25   0   0   6  0.51 0.25
  114 L    0 -4 -4 -5  7 -4 -4 -4 -4  0  2 -4  3  3 -3 -2 -2 -3 -2  1    9   0   0   0  25   0   0   0   0   1  23   0   9  17   1   1   2   0   0  12  0.67 0.25
  115 I   -2 -4 -5 -5 -3 -4 -5 -5 -5  5  3 -4  1  1 -5 -4 -2 -4 -2  3    1   0   0   0   0   0   0   0   0  39  33   0   1   6   0   0   0   0   0  18  0.79 0.27
  116 I   -2 -5 -5 -5 -3 -4 -5 -6 -5  6  3 -4  1 -1 -5 -3 -2 -4 -3  2    1   0   0   0   0   0   0   0   0  52  27   0   2   1   0   1   0   0   0  14  0.94 0.31
  117 C   -1 -5 -4 -5 10 -5 -5 -4 -5 -3 -4 -5 -4 -5 -5  1  3 -5 -5 -3    4   0   0   0  67   0   0   0   0   1   0   0   0   0   0  11  16   0   0   0  2.11 0.52
  118 S    5 -3 -3 -3  0 -3 -3  0 -3 -2 -3 -3 -1 -4 -3  4  0 -5 -4 -2   51   0   0   0   2   0   0   7   0   2   0   0   2   0   0  31   3   0   0   2  0.76 0.32
  119 I   -3 -5 -5 -5 -3 -5 -5 -6 -5  6  2 -5  0 -1 -5 -4 -3 -5 -3  4    1   0   0   0   0   0   0   0   0  48  17   0   1   1   0   0   0   0   0  33  1.01 0.32
  120 M   -1 -4 -4 -5 -2 -4 -4 -5 -5  3  0 -4  1 -3 -4 -2  3 -5 -3  5    3   0   0   0   0   0   0   0   0  16   3   0   3   0   0   1  19   0   0  56  0.84 0.32
  121 S    3 -3 -2 -3 -3 -3 -3  0 -4 -5 -5 -3 -4 -5 -3  6  0 -5 -4 -4   21   0   0   0   0   0   0   4   0   0   0   0   0   0   0  72   2   0   0   0  1.19 0.43
  122 V   -3 -4 -4 -5 -3 -4 -4 -5 -4  3  4 -4  2  2 -4 -3  0 -3 -2  3    0   0   0   0   0   0   0   0   0  13  40   0   5   8   0   0   7   0   0  27  0.63 0.24
  123 A    5 -3 -3 -3  4 -3 -3 -2 -4 -2 -2 -3  0  0 -3  3 -1 -4 -3 -1   50   0   0   0   9   0   0   0   0   1   3   0   3   4   0  26   2   0   0   2  0.69 0.30
  124 T   -2 -4 -3 -4  1 -4 -4 -4 -5  4 -1 -4 -2 -4 -4 -1  6 -5 -4  0    1   0   0   0   3   0   0   0   0  24   5   0   0   0   0   1  62   0   0   4  1.04 0.39
  125 G   -3 -5 -3 -4 -5 -5 -5  8 -5 -7 -7 -4 -6 -6 -5 -3 -4 -5 -6 -6    0   0   0   0   0   0   0 100   0   0   0   0   0   0   0   0   0   0   0   0  2.29 0.54
  126 T   -2 -3 -1 -3 -3 -3 -3 -3 -4 -4 -4 -3 -4 -5 -3  5  5 -5 -4 -3    0   0   1   0   0   0   0   0   0   0   0   0   0   0   0  57  40   0   0   0  1.25 0.44
  127 S    1 -4 -2 -3 -4 -3 -3 -3 -4 -5 -5 -3 -4 -5 -4  7 -1 -6 -5 -4   10   0   0   0   0   0   0   0   0   0   0   0   0   0   0  90   0   0   0   0  1.61 0.53
  128 W   -6 -6 -7 -8 -6 -6 -7 -6 -6 -6 -4 -7 -5  3 -7 -6 -6 13  0 -6    0   0   0   0   0   0   0   0   0   0   1   0   0   9   0   0   0  89   1   0  4.08 0.79
  129 G   -1 -4 -2 -3 -4 -3 -3  5 -4 -4 -4 -3 -4 -5 -4  2  5 -5 -4 -3    1   0   0   0   0   0   0  42   0   0   0   0   0   0   0  13  43   0   0   0  1.06 0.37
  130 T    1 -3 -2 -3 -3 -3 -3 -3 -4 -3 -4 -3 -3 -5 -3  3  6 -5 -4  0   10   0   0   0   0   0   0   0   0   0   0   0   0   0   0  20  64   0   0   5  1.11 0.41
  131 V    4 -3 -3 -4 -1 -3 -3 -2 -4  2 -1 -3  3 -3 -3  0  0 -4 -3  2   45   0   0   0   1   0   0   1   0  12   2   0   8   0   0   7   5   0   0  19  0.51 0.25
  132 G    3 -4 -3 -4 -4 -4 -4  6 -4 -5 -5 -3 -4 -5 -4  0 -3 -5 -5 -4   30   0   0   0   0   0   0  63   0   0   0   0   0   0   0   7   0   0   0   0  1.28 0.38
  133 T   -3 -4 -3 -4 -4 -4 -4 -5 -5 -4 -4 -4 -4 -5 -4 -1  8 -6 -5 -3    0   0   0   0   0   0   0   0   0   0   0   0   0   0   0   2  98   0   0   0  2.05 0.60
  134 A    1 -4 -5 -5 -3 -4 -4 -4 -5  4  1 -4  3 -2 -4 -3 -2 -4 -3  4   14   0   0   0   0   0   0   0   0  30  11   0   9   0   0   1   0   0   0  35  0.67 0.26
  135 G   -3 -5 -3 -4 -5 -5 -5  8 -5 -7 -7 -4 -6 -6 -5 -3 -4 -5 -6 -6    0   0   0   0   0   0   0 100   0   0   0   0   0   0   0   0   0   0   0   0  2.29 0.54
  136 I   -2 -5 -5 -5 -3 -5 -5 -6 -5  5  2 -5 -1 -2 -5 -4 -2 -5 -3  5    1   0   0   0   0   0   0   0   0  41  13   0   0   0   0   0   1   0   0  44  1.03 0.33
  137 A    7 -4 -4 -4 -3 -3 -4 -1 -4 -4 -4 -3 -4 -5 -4 -1 -3 -5 -4 -1   92   0   0   0   0   0   0   3   0   0   0   0   0   0   0   1   0   0   0   4  1.49 0.48
  138 M   -2 -4 -5 -5 -2 -4 -5 -3 -4  0  5 -4  5  4 -5 -3 -3 -3 -2 -1    2   0   0   0   1   0   0   3   0   2  60   0  15  16   0   1   0   0   0   1  0.91 0.32
  139 I   -3 -4 -5 -6 -4 -4 -5 -6 -5  4  1 -4  9 -2 -5 -4 -3 -4 -4  1    0   0   0   0   0   0   0   0   0  22  10   0  58   1   0   0   0   0   0   8  1.48 0.45
  140 A    0 -5 -3 -4 -5 -4 -4  7 -5 -5 -6 -4 -5 -6 -5 -1 -2 -5 -5 -5    6   0   0   0   0   0   0  87   0   1   0   0   0   0   0   4   2   0   0   0  1.75 0.45
  141 I   -3 -5 -6 -6 -3 -5 -5 -6 -6  7 -1 -5  0 -3 -5 -5 -2 -5 -4  4    0   0   0   0   0   0   0   0   0  69   0   0   2   0   0   0   1   0   0  28  1.42 0.42
  142 G    3 -4 -3 -4 -4 -4 -4  6 -4 -5 -5 -4 -4 -5 -4 -1 -3 -5 -5 -4   30   0   0   0   0   0   0  67   0   0   0   0   0   0   0   3   0   0   0   0  1.39 0.40
  143 E    1 -1  1 -1 -2  2  1 -1  1  0 -1  0  0 -2 -2  1  1 -3 -1 -1   17   1   6   1   0  11  12   3   5   7   4   4   4   1   0  12   9   0   1   3  0.13 0.10
  144 G    3 -4 -2 -3 -4  0 -3  6 -3 -4 -5 -3 -4 -5 -4  1 -1 -5 -4 -3   22   0   0   0   0   4   0  59   0   0   0   0   0   0   0   9   4   0   0   1  1.02 0.32
  145 L   -3 -4 -5 -6 -4 -1 -5 -6 -4  0  5 -4  6  2 -5 -4 -3 -3 -2 -1    1   0   0   0   0   3   0   0   0   1  63   0  23   8   0   0   0   0   0   1  1.08 0.36
  146 G   -2 -4  0  2 -5 -3 -2  7 -2 -6 -6 -3 -5 -6 -4 -2 -4 -3 -5 -6    0   0   4  11   0   0   3  78   1   0   0   1   0   0   0   1   0   0   0   0  1.50 0.41
  147 I   -1 -4 -5 -5 -3 -4 -4 -5 -4  5  2 -4  2  2 -4 -3 -2 -3  0  3    6   0   0   0   0   0   0   0   0  45  13   0   7   9   0   0   0   0   3  16  0.68 0.25
  148 P   -2 -4  3  1 -5 -3 -1 -3 -1 -5 -5 -3 -5 -6  7  2 -2 -6 -5 -5    1   0  14   7   0   0   3   1   1   0   0   0   0   0  55  19   1   0   0   0  1.40 0.39
  149 L    2 -2 -3 -1 -3 -1  0 -3 -3 -1  2 -2  1 -3  4 -1 -2 -4 -3  0   24   1   0   3   0   2   6   1   0   1  25   0   4   0  25   2   1   0   0   5  0.46 0.21
  150 P    3 -4 -3 -3 -4 -2 -1  3 -3 -4 -4 -3 -4 -4  5 -1 -2 -4  0 -2   32   0   0   0   0   0   4  24   0   0   0   0   0   0  31   1   1   0   5   1  0.86 0.30
  151 L    0 -4 -5 -5 -3 -3 -4 -5 -4  3  2 -4  7 -1 -4 -4 -3  5 -2  1    7   0   0   0   0   1   0   0   0  20  20   0  34   1   0   0   0   9   0   8  0.86 0.31
  152 V    1 -4 -3 -4 -2 -3 -3 -4 -4  2 -2 -3 -2 -4 -4 -1  5 -5 -4  3   13   0   0   0   0   0   0   0   0  10   0   0   0   0   0   1  51   0   0  24  0.83 0.34
  153 A    7 -4 -4 -4 -3 -4 -4 -1 -4 -4 -4 -3 -4 -5 -4 -1 -3 -5 -4 -1   92   0   0   0   0   0   0   3   0   0   0   0   0   0   0   0   0   0   0   4  1.50 0.49
  154 G   -2 -5 -3 -4 -5 -5 -5  7 -5 -7 -7 -4 -6 -6 -5 -3 -4 -5 -6 -6    1   0   0   0   0   0   0  99   0   0   0   0   0   0   0   0   0   0   0   0  2.24 0.53
  155 A    6 -4 -4 -4 -1 -3 -3 -2 -4 -2 -4 -3  2 -4 -3 -1 -2 -5 -4 -1   87   0   0   0   1   0   0   0   0   1   0   0   6   0   0   2   0   0   0   2  1.35 0.46
  156 I   -3 -5 -5 -6 -2 -5 -5 -6 -6  5 -1 -5 -1 -3 -5 -4 -3 -5 -4  6    1   0   0   0   1   0   0   0   0  42   1   0   0   0   0   0   0   0   0  56  1.30 0.40
  157 L   -3 -5 -5 -5 -3 -5 -5 -6 -5  6  2 -5 -1 -2 -5 -4 -3 -5 -3  4    1   0   0   0   0   0   0   0   0  48  18   0   0   0   0   0   0   0   0  33  1.05 0.33
  158 S    1 -4 -2 -3  2 -3 -3 -3 -4 -5 -5 -3 -4 -5 -3  7  0 -5 -4 -4   10   0   0   0   4   0   0   0   0   0   0   0   0   0   0  82   3   0   0   0  1.37 0.48
  159 G   -3 -5 -3 -4 -5 -5 -5  8 -5 -7 -7 -4 -6 -6 -5 -3 -4 -5 -6 -6    0   0   0   0   0   0   0 100   0   0   0   0   0   0   0   0   0   0   0   0  2.29 0.54
  160 A    6 -4 -4 -4  1 -3 -3 -2 -4 -4 -4 -3 -3 -5 -3  1 -2 -5 -4 -2   88   0   0   0   3   0   0   1   0   0   0   0   0   0   0   7   0   0   0   1  1.39 0.46
  161 Y   -3 -5 -5 -6  0 -4 -5 -6 -1 -2 -3 -5 -2  3 -6 -3 -3  0  9  0    1   0   0   0   2   0   0   0   0   1   1   0   1  10   0   1   1   0  75   6  1.88 0.51
  162 F   -4 -6 -6 -6 -5 -6 -6 -6 -4 -2 -1 -6 -1  9 -6 -5 -1 -2  0 -1    1   0   0   0   0   0   0   0   0   1   2   0   1  86   0   0   4   0   0   4  2.04 0.52
  163 G   -3 -5 -3 -4 -5 -5 -5  8 -5 -7 -7 -4 -6 -6 -5 -3 -4 -5 -6 -6    0   0   0   0   0   0   0 100   0   0   0   0   0   0   0   0   0   0   0   0  2.29 0.54
  164 D   -5 -5 -2  8 -7 -3 -1 -4 -4 -6 -7 -4 -6 -7 -5 -3 -4 -8 -6 -6    0   0   0  99   0   0   1   0   0   0   0   0   0   0   0   0   0   0   0   0  2.44 0.60
  165 K   -4 -1 -3 -4 -6 -1 -2 -5 -4 -4 -5  8 -4 -6 -4 -3 -4 -6 -5 -5    0   0   0   0   0   0   0   0   0   1   0  99   0   0   0   0   0   0   0   0  2.07 0.58
  166 L   -3 -4 -3 -5 -4  0 -4 -5 -4  3  3 -4  8  0 -5 -4 -3 -4 -3  0    0   0   1   0   0   4   0   0   0  15  29   0  44   3   0   0   0   0   0   3  1.08 0.37
  167 S   -2 -4 -2 -3 -4 -3 -3 -3 -4 -5 -6 -3 -5 -5 -4  7 -1 -6 -5 -5    0   0   0   0   0   0   0   0   0   0   0   0   0   0   0 100   0   0   0   0  1.89 0.59
  168 P   -4 -5 -5 -5 -6 -5 -4 -5 -5 -6 -6 -4 -6 -7  9 -3 -4 -7 -6 -6    0   0   0   0   0   0   0   0   0   0   0   0   0   0  99   1   0   0   0   0  3.09 0.66
  169 L   -4 -5 -6 -6 -4 -4 -5 -6 -5  0  6 -5  3  0 -5 -5 -3 -4 -3  0    0   0   0   0   0   0   0   0   0   1  86   0   6   3   0   0   0   0   0   4  1.31 0.40
  170 S   -2 -4 -2 -3 -4 -3 -3 -3 -4 -5 -6 -3 -5 -5 -4  7 -1 -6 -5 -5    0   0   0   0   0   0   0   0   0   0   0   0   0   0   0 100   0   0   0   0  1.90 0.59
  171 D   -5 -4 -1  8 -7 -3  2 -3 -4 -6 -7 -3 -6 -7 -4 -3 -4 -7 -6 -6    0   0   0  90   0   0   9   1   0   0   0   0   0   0   0   0   0   0   0   0  2.12 0.54
  172 S   -2 -4 -2 -2 -4 -3 -3 -4 -4 -4 -4 -3 -3 -5 -4  3  7 -5 -4 -3    1   0   0   1   0   0   0   0   0   0   0   0   0   0   0  19  78   0   0   0  1.52 0.50
  173 T   -3 -4 -3 -4 -2 -4 -4 -5 -5 -4 -4 -4 -4 -5 -4 -1  8 -6 -5 -1    0   0   0   0   1   0   0   0   0   0   0   0   0   0   0   0  97   0   0   3  1.99 0.59
  174 V   -4 -3  8 -2 -5 -3 -3 -3 -2 -1 -5 -3 -5 -6 -5 -2 -2 -7 -5  0    0   0  89   0   0   0   0   0   0   4   0   0   0   0   0   0   0   0   0   7  1.99 0.56
  175 L   -4 -5 -6 -6 -4 -4 -5 -6 -5  1  6 -5  2  1 -5 -5 -3 -4 -3  0    0   0   0   0   0   0   0   0   0   6  82   0   3   6   0   0   0   0   0   3  1.21 0.37
  176 A    7 -4 -4 -4 -3 -3 -3 -2 -4 -4 -4 -3 -4 -5 -3  0  0 -5 -4 -3   90   0   0   0   0   0   0   0   0   0   0   0   0   0   0   4   6   0   0   0  1.46 0.48
  177 S    4 -4 -4 -4 -4 -3 -3 -3 -4 -4 -5 -3 -4 -5  6  2 -2 -6 -5 -4   39   0   0   0   0   0   0   0   0   0   0   0   0   0  44  17   0   0   0   0  1.33 0.40
  178 S    5 -3 -3 -3 -3 -3 -3  1 -4 -1 -1 -3  1 -4 -3  2 -1 -4 -4 -1   57   0   0   0   0   0   0  12   0   4   6   0   3   0   0  13   1   0   0   3  0.64 0.29
  179 L    0 -4 -4 -5 -1 -3 -4 -4 -4  2  0 -4  5 -2 -4 -2 -1 -4 -3  5    9   0   0   0   1   0   0   0   0  10   6   0  21   0   0   2   3   0   0  47  0.76 0.30
  180 S    4 -3 -3 -3  2 -3 -3 -2 -4 -2 -3 -3 -3 -4 -3  2  4 -5 -4  0   48   0   0   0   5   0   0   1   0   1   0   0   0   0   0  12  29   0   0   4  0.76 0.32
  181 K   -2 -1  2  1 -5 -1  1  6 -2 -6 -5  1 -4 -5 -4 -2 -3 -5 -5 -5    0   2  10   6   0   1  11  58   1   0   0  10   0   0   0   1   0   0   0   0  0.95 0.30
  182 V    1 -2 -2 -4 -1 -3 -3 -2 -4  0 -2 -3 -2 -4 -3  0  5 -5 -4  3    9   1   1   0   1   0   0   3   0   3   0   0   0   0   0   6  48   0   0  28  0.70 0.31
  183 D   -3 -3  4  6 -5 -1  1 -1 -3 -5 -5 -1 -4 -5  1 -1  1 -6 -5 -5    0   0  19  48   0   1   9   4   0   0   0   2   0   0   8   1   8   0   0   0  0.93 0.31
  184 V   -3 -5 -6 -6 -3 -4 -5 -6 -5  2  5 -5  0 -2 -5 -5 -3 -4 -3  2    0   0   0   0   0   0   0   0   0  11  75   0   0   0   0   0   0   0   0  14  1.13 0.36
  185 L   -5 -5 -5 -6 -5 -5 -6 -6 -3  0 -1 -5  1  8 -6 -5 -4  2  5 -2    0   0   0   0   0   0   0   0   0   5   1   0   4  69   0   0   0   2  17   2  1.72 0.45
  186 A    0 -1 -1  4 -4  0  3 -2 -2 -4 -4  0 -3 -4 -2  2  2 -5 -4 -3    8   3   0  27   0   3  22   1   0   0   1   3   0   0   0  14  17   0   0   1  0.52 0.23
  187 H   -5 -4 -3 -5 -7 -3 -3 -6 11 -7 -6 -4 -5 -5 -6 -4 -5 -6 -1 -4    0   0   0   0   0   0   0   0  99   0   0   0   0   0   0   0   0   0   0   1  3.33 0.74
  188 V   -4 -6 -6 -6 -4 -5 -6 -6 -6  7 -1 -5  0 -3 -5 -5 -3 -5 -4  3    0   0   0   0   0   0   0   0   0  81   0   0   2   0   0   0   0   0   0  17  1.60 0.46
  189 R   -2  6  0 -3 -4  1 -1 -1 -1 -5 -4  4 -3 -5 -4 -2 -1 -5 -1 -4    2  46   3   0   0   6   0   5   1   0   0  31   0   0   0   0   3   0   2   0  0.92 0.32
  190 A    2 -1  2 -3 -3 -2 -3  0  7 -4 -4 -3 -3 -1 -4  1 -2 -3  4 -4   19   2  10   0   0   0   0   5  37   0   0   0   0   2   0  10   1   0  14   0  0.84 0.32
  191 M   -4 -5 -6 -6 -5 -3 -5 -6 -5 -2  1 -5 10 -3 -6 -5 -3 -5 -4 -2    0   0   0   0   0   1   0   0   0   0   8   0  90   0   0   0   1   0   0   0  2.58 0.67
  192 L   -2  0 -4 -5  0 -3 -4 -4 -4  1  4 -3  5  1 -4 -2 -1 -1 -2  1    3   6   0   0   2   0   0   1   0   5  44   0  20   7   0   2   4   1   0   6  0.55 0.24
  193 Y   -2 -2 -3 -4 -4 -3 -4 -4 -2 -1 -1 -1 -3  1  2 -2 -2  9  6 -1    3   2   1   0   0   0   0   1   0   3   4   5   0   4  10   3   2  31  27   4  1.16 0.35
  194 L   -2 -4 -3 -1 -3 -3 -3 -1 -4 -1 -2 -3 -3 -4 -2  0  7 -5 -4  0    1   0   0   2   0   0   0   5   0   2   4   0   0   0   1   2  75   0   0   6  1.16 0.42
  195 S    0 -4 -3 -3 -4 -3 -3 -3 -4 -3 -4 -3 -3 -5 -4  1  7 -5 -4 -2    5   0   0   1   0   0   0   1   0   0   0   0   0   0   0   9  83   0   0   0  1.52 0.50
  196 I    0 -4 -4 -4 -3 -4 -4  1 -4  4  2 -4  0 -1 -4 -2 -1 -4 -3  4    5   0   0   0   0   0   0  14   0  25  17   0   1   1   0   1   2   0   0  33  0.49 0.21
  197 P   -3 -5 -5 -5 -5 -4 -4 -5 -5  0 -3 -4 -5 -5  8 -3 -3 -6 -6 -1    1   0   0   0   0   0   0   0   0   6   2   0   0   0  84   1   1   0   0   4  2.32 0.54
  198 A    4 -3 -2 -3 -3 -3 -3  1 -3 -3 -4 -3 -3 -4 -3  4  2 -5 -4 -1   46   0   0   0   0   0   0   7   0   0   0   0   0   0   0  32  11   0   0   3  0.75 0.32
  199 Y   -2 -4 -4 -5 -3 -4 -4 -5 -2  2  2 -4  3  6 -5 -1 -2  2  4 -1    3   0   0   0   0   0   0   0   0  12  16   0   8  34   0   5   2   2  18   1  0.72 0.26
  200 V    0 -4 -4 -4 -1 -4 -4 -1 -4  4  2 -4  0 -1 -3 -2 -1 -4 -3  3    6   0   0   0   1   0   0   5   0  31  24   0   0   2   1   2   3   0   0  26  0.50 0.21
  201 I   -3 -5 -5 -5 -3 -5 -5 -4 -5  7  2 -5 -1 -2 -5 -4 -2 -5 -3  2    1   0   0   0   0   0   0   1   0  67  17   0   0   1   0   0   2   0   0  12  1.14 0.36
  202 T    4 -3 -2 -3  2 -3 -3  0 -3 -3 -3 -3 -3 -3 -3  3  4 -5 -4 -1   39   0   0   0   4   0   0   5   0   0   0   0   0   0   0  21  27   0   0   4  0.66 0.29
  203 A    1 -4 -4 -4  0 -3 -3 -1 -4  2  4 -4  1  0 -4 -2 -2 -3 -2  1   12   0   0   0   2   0   1   4   0   9  56   0   3   3   0   3   0   0   0   7  0.51 0.22
  204 I    1 -4 -5 -5 -2 -4 -4 -3 -5  5  1 -4 -1 -2 -4 -3 -1 -4 -3  4   10   0   0   0   0   0   0   2   0  43  10   0   0   1   0   1   2   0   0  31  0.72 0.27
  205 L    0 -4 -4 -5 -2 -4 -4 -1 -4  4  3 -4  1  1 -4 -3 -2 -3 -2  3    8   0   0   0   0   0   0   5   0  26  28   0   3   5   0   0   0   0   0  23  0.50 0.20
  206 F   -4 -5 -5 -6 -4 -5 -5 -6 -2 -3 -2 -5 -1  7 -6 -5 -3  4  7 -4    1   0   0   0   0   0   0   0   0   0   1   0   1  54   0   0   1   4  37   0  1.82 0.47
  207 T    1 -3 -3 -3 -2 -3 -3  0 -2  1  2 -3  0  3 -3  0  3  1  0  0   12   0   0   0   0   0   0   8   0   8  20   0   1  14   0   4  24   2   3   6  0.25 0.16
  208 V   -1 -4 -5 -5 -2 -4 -5 -3 -4  5  1 -4  0  4 -4 -3 -2  1  0  3    4   0   0   0   0   0   0   2   0  36   8   0   1  18   0   0   1   2   1  27  0.66 0.25
  209 V    1 -4 -4 -5 -3 -3 -4 -4 -4  3  3 -4  3  1 -4 -3 -1 -1 -1  2   13   0   0   0   0   0   0   0   0  19  39   0   7   5   0   0   2   1   2  13  0.50 0.20
  210 G   -2 -5 -2 -4 -5 -4 -4  7 -5 -6 -6 -4 -5 -6 -5 -1 -4 -5 -6 -6    1   0   0   0   0   0   0  93   0   0   0   0   0   0   0   5   0   0   0   0  1.99 0.49
  211 F   -2  0 -3 -4 -3 -1 -3 -3  0  0  3 -3  3  5 -4 -2 -2  1  0 -1    2   5   1   0   0   2   0   1   3   5  29   0   9  33   0   4   2   1   1   1  0.50 0.21
  212 M   -1  2  3 -1 -2  2 -1  0  1 -2 -2  1  0 -1 -2  2  1 -3 -2 -2    1  12  16   2   0  10   1   7   4   2   1  10   4   3   0  16   9   0   1   3  0.21 0.13
  213 Y    0 -3 -1 -3 -3  0 -2 -1  2  0 -1 -2  1  3 -3  0  0 -1  5 -1   10   0   3   1   0   4   1   3   5   7   5   0   3  14   0   6   5   0  27   4  0.32 0.16
  214 G    2 -1  0  2 -3  0  0  2  0 -2 -3 -1 -1 -4 -2  2  0 -4 -3 -1   19   1   4  13   0   3   6  14   2   1   1   3   1   0   0  24   5   0   0   4  0.26 0.14
  215 G    1 -2  0  0 -3 -1 -1  4 -3 -2 -3 -1 -3 -3 -2  1  1 -4 -3 -1   10   1   4   5   0   2   3  42   0   2   1   2   0   1   1  12   9   0   0   6  0.44 0.18
  216 K    1 -1  1  1 -2  1  1  2  0 -2 -3  0 -2 -3 -1  1  1 -3 -2 -1    9   2   5   9   0   7   8  19   2   1   1   3   0   1   2  15  11   0   0   4  0.20 0.09
  217 N    1 -2  3  1 -3  0  0  1  0 -3 -3 -1 -2 -4 -1  2  1 -4 -3 -2   12   0  20   7   0   2   6  13   2   1   1   0   1   0   2  19  11   0   0   3  0.30 0.15
  218 I    1 -2 -1 -2 -2 -2 -2  0 -1  2  1 -2  0  0 -2  0  1 -2  0  2   18   2   2   2   0   0   2   6   1  13  10   1   2   3   1   5   7   0   4  21  0.11 0.08
  219 D   -1 -2  2  5 -4 -1  1  0 -2 -3 -4 -1 -3 -4  1  2  0 -4 -3 -3    2   1   9  39   0   2   6   5   0   1   1   1   0   0   8  16   5   0   0   2  0.55 0.20
  220 L    1 -2 -1 -2 -2 -1 -1 -2 -2  0  1 -2  1  0  3  0  2 -3 -1  0   13   0   2   2   0   2   1   1   0   5  13   1   5   6  14   8  17   0   2   7  0.17 0.10
  221 D    1 -2  0  2 -3  2  3  1 -1 -3 -4  0 -3 -4 -2  2  1 -4 -3 -2   12   0   3  12   0   9  21  13   0   1   0   4   0   0   0  15   7   0   0   2  0.33 0.16
  222 K   -1  3  1  1 -4  4  0 -1  0 -2 -3  2 -2 -3 -3  0  1 -4 -3 -2    3  16   6   9   0  22   4   3   1   2   0  16   0   1   0   7   9   0   0   2  0.36 0.17
  223 V   -1 -4 -4 -5 -3 -4 -4 -5 -5  5  0 -4  0 -2 -3 -3  0 -4 -3  4    6   0   0   0   0   0   0   0   0  47   5   0   1   1   1   0   5   0   0  34  0.83 0.29
  224 E    1 -1  3  2 -3  2  2 -1 -1 -2 -2  0 -2 -3 -2  0  0 -4 -2 -2   13   1  15  13   0   9  19   4   1   2   2   5   0   1   0   6   7   0   1   2  0.28 0.14
  225 F    1 -1  0  0 -3  1  2  0 -1 -1 -1  0  0 -1 -1  1  1 -3 -2 -1   17   1   2   4   0   9  21   5   1   4   6   2   2   2   1  10  10   0   0   1  0.16 0.11
  226 L   -2 -4 -5 -5 -3 -4 -5 -5 -4  5  2 -4  3  1 -4 -3  0 -4 -1  2    1   0   0   0   0   0   0   0   0  46  22   0   9   6   0   0   4   0   2  10  0.74 0.26
  227 K   -1  0 -2 -3 -3  3 -1 -4 -3  1  2  1  3 -2 -3 -1  1 -3 -3  0    2   4   1   0   0  19   1   0   0   8  27   8  11   0   0   5  12   0   0   3  0.28 0.18
  228 S    1 -1  2  1 -3  1  1  1  0 -3 -3  0 -2 -4 -2  2  2 -4 -3 -2   17   2  11   7   0   7   6   8   2   1   2   4   0   0   0  16  16   0   0   1  0.25 0.14
  229 S    3 -2 -1 -1 -2 -1  0  2 -3 -1 -1 -2 -2 -3 -3  1  2 -4 -2  0   32   0   1   2   0   2   5  16   0   4   5   0   0   0   0  11  14   0   1   7  0.28 0.16
  230 L   -4 -5 -6 -6 -3 -4 -5 -6 -5  4  5 -5  3 -1 -5 -5 -3 -4 -3  0    0   0   0   0   0   0   0   0   0  25  67   0   6   1   0   0   0   0   0   0  1.14 0.36
  231 Q    1  0  1  2 -3  2  3 -1 -1 -3 -2  1 -2 -4 -2  1  0 -4 -3 -3   17   2   8  14   0  11  20   2   1   1   3   7   1   0   0  11   3   0   0   0  0.32 0.16
  232 N    1 -1  2  1 -3  2  1  2 -1 -3 -3  1 -3 -4 -2  2  0 -4 -3 -3   13   1   9   9   0  10  11  16   1   0   0   7   0   0   0  18   5   0   0   0  0.31 0.15
  233 T    0 -1  3 -1 -3  2  1 -2  2  0 -1  0  0 -3 -3  1  1 -4 -2 -1    8   2  17   0   0  10   8   1   6   7   7   3   3   0   0  14  10   0   1   2  0.18 0.13
  234 F   -4 -5 -6 -6 -5 -6 -6 -6 -3 -3 -2 -6 -3  8 -6 -5 -4 -1  5 -3    1   0   0   0   0   0   0   0   0   0   1   0   0  76   0   0   1   0  21   0  2.08 0.52
  235 D   -1 -1  5  1 -4  0 -1 -3  4 -2 -2  0 -2 -2 -2  0  1 -2 -1  0    2   3  33   5   0   2   2   0  14   1   2   4   1   1   1   6  11   1   2   9  0.41 0.20
  236 I   -3 -5 -5 -5 -3 -5 -5 -6 -5  6  2 -5  0  1 -2 -4 -2  3 -2  2    0   0   0   0   0   0   0   0   0  57  17   0   1   5   2   0   1   4   0  12  0.93 0.31
  237 H   -1 -3  4 -2 -3 -2 -2  1  1 -4 -5 -2 -4 -5 -3  4  2 -5 -4 -4    3   0  27   0   0   0   0  11   4   0   0   0   0   0   0  42  13   0   0   0  0.76 0.31
  238 I   -3 -4 -5 -4 -4 -4 -4 -2 -5  2  1 -4 -2  0  6 -3 -3  5 -3  0    1   0   0   0   0   0   0   4   0  13  16   0   0   4  48   0   0   7   0   7  1.10 0.33
  239 W   -2 -4 -5 -5 -3 -4 -4 -4  1  2  3 -4  0  2 -5 -4 -2  8  1  1    2   0   0   0   0   0   1   0   4  14  31   0   2   7   0   0   1  25   4   9  0.89 0.28
  240 M    0 -3 -2 -4 -1 -3 -3 -3 -3  0  4 -3  3 -2 -1 -1  2 -3 -2  1    6   0   2   0   1   0   0   2   1   2  47   0   8   0   2   4  13   0   0  11  0.40 0.20
  241 L   -3 -5 -6 -6 -4 -5 -5 -6 -5  1  5 -5  1  5 -5 -5 -3  3 -1 -1    0   0   0   0   0   0   0   0   0   6  64   0   2  24   0   0   0   4   0   0  1.06 0.34
  242 I   -2 -4 -5 -5 -3 -4 -5 -5 -5  5  4 -4  0  0 -5 -4 -2 -4 -3  2    1   0   0   0   0   0   0   0   0  37  44   0   1   2   0   0   1   0   0  14  0.86 0.29
  243 P   -2 -5 -5 -4 -5 -4 -4 -5 -5 -1 -3 -4 -3 -5  8 -2 -3 -6 -5  2    1   0   0   0   0   0   0   0   0   3   1   0   1   0  75   3   0   0   0  16  2.02 0.50
  244 A    0 -4 -4 -4 -3 -4 -4 -4 -4  1  2 -3  1 -3  6 -3 -2 -5 -4  1    8   0   0   0   0   0   0   0   0  10  22   0   4   0  45   0   0   0   0   9  0.99 0.31
  245 V    1 -4 -5 -5 -3 -4 -4 -4 -5  3  3 -4  0 -1 -4 -3 -2 -4 -3  4   11   0   0   0   0   0   0   1   0  21  28   0   0   2   0   0   0   0   0  37  0.65 0.25
  246 L    0 -4 -5 -5 -2 -4 -4 -4 -5  4  2 -4  0  0 -4 -3 -2 -4 -2  4    7   0   0   0   0   0   0   1   0  26  24   0   1   4   0   1   1   0   0  36  0.64 0.24
  247 V   -2 -4 -4 -5 -3 -4 -4 -5 -5  3  1 -4  2 -3 -4 -3  2 -5 -3  5    0   0   0   0   0   0   0   0   0  13  13   0   5   0   0   0  13   0   0  56  0.85 0.31
  248 I   -2 -4 -5 -5 -3 -4 -5 -3 -5  5  3 -4  1  3 -5 -4 -2 -3 -2  2    1   0   0   0   0   0   0   3   0  43  29   0   2  12   0   0   1   0   0   9  0.74 0.26
  249 V    1 -3 -3 -4 -2 -3 -3  1 -3  3  1 -3  0  2 -3 -2  0  3  0  3   15   0   0   0   0   0   0  12   0  18  11   0   0   9   0   1   5   4   2  24  0.28 0.15
  250 L   -1 -4 -4 -5  3 -4 -4  1 -4  0  4 -4  4 -1 -4 -3 -2 -4 -3  0    4   0   0   0   8   0   0  11   0   1  57   0  13   2   0   1   1   0   0   3  0.70 0.28
  251 L    3 -3 -2 -4  2 -3 -3 -3 -4  3  1 -3  0 -3 -3  1 -2 -4 -3  1   36   0   1   0   4   0   0   0   0  21  14   0   2   0   0  12   0   0   0  10  0.41 0.22
  252 A    2 -3 -4 -4 -2 -3 -4 -3 -3  3  2 -3  1  1 -4 -2 -1  0  1  3   19   0   0   0   0   0   0   1   0  24  18   0   4   7   0   0   1   1   6  19  0.39 0.18
  253 M   -2  2 -2 -3 -1 -1 -2 -4 -2 -1  1  4  4  1 -3 -2  0 -1  1 -2    2  13   1   0   1   0   0   0   0   1  18  32  13   8   0   1   4   1   4   1  0.38 0.22
  254 K   -3  4 -2 -3 -6  0 -2 -1 -2 -5 -5  7 -4 -6 -4 -3 -3 -5 -4 -5    0  23   0   0   0   2   0   6   0   0   0  68   0   0   0   0   0   0   0   0  1.35 0.43
  255 K   -2 -2 -3 -4 -2 -2 -3 -4 -3  2  0  2  3  1 -4 -2  0  0  1  3    2   1   0   0   0   1   0   0   0  14   7  15  11   7   0   0   5   2   6  30  0.34 0.19
  256 P   -2 -5 -3 -3 -6 -3 -3 -5 -5 -6 -6 -3 -5 -7  8  0 -4 -7 -6 -5    2   0   1   1   0   1   1   0   0   0   0   1   0   0  86   8   0   0   0   0  2.44 0.56
  257 S    5 -3 -3 -3 -3 -3 -3 -1 -4 -3 -3 -3 -3 -4  3  1  2 -5 -4  0   55   0   0   0   0   0   0   3   0   0   0   0   0   0  13   9  14   0   0   5  0.76 0.31
  258 M   -3 -4 -5 -5 -3 -4 -3 -5 -4  5  3 -4  1  3 -5 -4 -3 -3  0  2    0   0   0   0   0   0   2   0   0  41  29   0   3  11   0   0   0   0   2  13  0.74 0.26
  259 P   -1 -5 -5 -4 -5 -4 -4 -5 -5  0 -4 -4 -3 -4  8 -3 -3 -6 -5 -1    4   0   0   0   0   0   0   0   0   5   1   0   0   1  83   0   0   0   0   4  2.26 0.53
  260 V    3 -3 -2 -3 -2 -3 -3  2 -3 -1 -2 -3 -2 -4 -3  2  3 -4 -3  2   31   0   0   0   0   0   0  14   0   1   3   0   0   0   0  15  19   0   0  17  0.43 0.23
  261 I   -3 -4 -5 -6 -3 -4 -5 -6 -5  4  4 -4  6 -2 -5 -4 -3 -4 -3  1    0   0   0   0   0   0   0   0   0  25  45   0  23   0   0   0   0   0   0   7  0.98 0.32
  262 V    0 -3 -3 -4 -1 -3 -3 -1 -3  1  3 -3  2  3 -4  0  0 -2 -1  1    7   0   0   0   1   0   0   5   0   9  34   0   7  16   0   7   7   0   0   7  0.30 0.16
  263 I    2 -4 -4 -4  0 -3 -4 -1 -4  4  1 -3  0  1 -3 -1 -1 -3 -2  2   21   0   0   0   2   0   0   4   0  32  14   0   1   6   0   3   3   0   0  13  0.36 0.18
  264 G    0 -4 -2 -3 -2 -3 -4  6 -4 -4 -5 -3 -4 -5 -4  3 -3 -5 -5 -2    7   0   0   0   1   0   0  65   0   0   0   0   0   0   0  24   0   0   0   2  1.22 0.37
  265 A    2 -3 -3 -3  2 -3 -3 -1 -3  2 -1 -3 -1 -1 -3  2  2 -4 -3  2   23   0   0   0   4   0   0   3   0  15   1   0   0   2   0  18  15   0   0  18  0.34 0.20
  266 L    0 -4 -5 -5 -3 -4 -4 -3 -4  3  4 -4  0  3 -4 -3 -2 -3 -2  3    8   0   0   0   0   0   0   2   0  15  40   0   1  12   0   0   1   0   0  20  0.55 0.22
  267 L    1 -3 -3 -4 -1 -3 -3 -3 -4  2  3 -3  1 -1 -3  0  0 -4 -3  2   17   0   0   0   1   0   0   0   0   9  39   0   3   1   0  10   6   0   0  14  0.38 0.19
  268 G    3 -4 -3 -4 -4 -4 -4  6 -4 -5 -5 -4 -4 -5 -4 -1 -3 -5 -5 -4   30   0   0   0   0   0   0  68   0   0   0   0   0   0   0   2   0   0   0   0  1.42 0.40
  269 A    2 -3 -3 -4  0 -3 -3  3 -3  2  0 -3  1  0 -3 -1 -1 -1 -2  2   23   0   0   0   2   0   0  21   0  16   8   0   4   5   0   3   1   1   0  17  0.29 0.16
  270 I    0 -4 -4 -5 -2 -4 -4 -1 -4  4  2 -4  0  1 -3 -3 -2 -4 -2  3    7   0   0   0   0   0   0   5   0  29  23   0   0   7   1   0   1   0   0  27  0.51 0.21
  271 W   -1 -4  0 -4  3 -3 -3 -4 -3  2  1 -3  2  4 -4 -1  1  6 -1  1    5   0   5   0   7   0   1   0   0  14   9   0   5  19   0   3   9  12   0   8  0.41 0.18
  272 A    5 -3 -3 -3 -2  0 -3  2 -2 -3 -3 -3 -2 -3 -3  1 -1 -4 -4 -3   66   0   0   0   0   4   0  15   1   1   2   0   1   1   0   6   2   0   0   0  0.83 0.33
  273 V    0 -3 -4 -4  0 -3 -3 -4 -4  3  2 -3  3  1 -2 -2  0  0 -1  3   10   0   0   0   2   0   0   0   0  20  17   0  10   6   2   1   4   1   1  24  0.36 0.16
  274 V   -1 -4 -4 -5 -3 -4 -4 -3 -3  4  2 -4  1  4 -3 -3 -1  0  0  2    5   0   0   0   0   0   0   2   0  28  18   0   2  24   1   0   2   1   1  16  0.53 0.21
  275 F   -2 -4 -1 -4 -2 -3 -4 -4 -2  1  0 -4  2  6 -4 -3 -1 -1  3  2    2   0   5   0   1   1   0   0   1   8   7   0   5  42   0   1   4   0   7  17  0.66 0.25
  276 Q   -4 -2  0 -3 -6  8  0 -3  1 -6 -5 -1 -3 -6 -2 -3 -4 -5 -3 -5    0   0   3   0   0  87   2   1   2   0   0   1   0   0   2   0   0   0   0   0  1.98 0.58
  277 G   -2 -3 -1  0 -5 -2 -3  6  2 -5 -5 -2 -4 -3  3 -1 -3 -4 -4 -5    1   1   1   7   0   2   0  61   6   0   0   2   0   2  15   3   0   0   0   0  1.05 0.32
  278 M    1 -2  0  1 -1  0  0 -1 -1 -1 -1 -1  1  2 -2  0  1 -2  0  1   17   1   3  10   1   3   8   3   1   2   3   1   5  12   1   8   8   0   2  13  0.07 0.08
  279 D    0 -2  2  1 -3 -1 -1  2 -1 -1 -1 -1 -1 -3 -1  3  1 -4 -3 -1    7   0  13   9   0   1   1  15   2   4   5   2   1   0   2  29   6   0   0   3  0.27 0.16
  280 I   -2 -4 -5 -5 -3 -4 -4 -5 -4  3  3 -4  1  4 -1 -4 -2 -1  0  2    1   0   0   0   0   0   0   0   0  17  34   0   4  21   4   0   1   1   1  17  0.58 0.22
  281 A    1 -1  0 -1 -2  1 -1  2  2 -1 -1  2 -1 -3 -1  0  0 -3 -2  0   17   1   2   1   0   6   2  15   6   4   5  15   0   0   1   7   7   0   0   9  0.12 0.10
  282 H    1 -1  1  4 -3  1  2  0 -1 -3 -3 -1 -2 -4 -2  1  1 -4 -3 -2   10   1   6  27   0   7  13   6   1   0   1   2   1   0   1  13   8   0   0   3  0.35 0.16
  283 A    2 -4 -4 -4  0 -3 -4  0 -4  4  1 -3  1 -1 -3 -2 -1 -2 -3  3   18   0   0   0   2   0   0  10   0  28  11   0   3   2   0   2   2   1   0  23  0.37 0.18
  284 I   -2 -4 -5 -5 -3 -4 -5 -4 -4  2  2 -4  3  4 -5 -3 -2  7  0  1    3   0   0   0   0   0   0   0   0  14  21   0   9  23   0   1   1  16   0  10  0.76 0.26
  285 A    0  0  3  1 -3  1  0  0  0 -1 -2  1  0 -3 -2  1  2 -4 -2 -2    5   2  20   7   0   5   5   6   1   3   2  12   3   0   0  12  13   0   1   2  0.22 0.12
  286 T    4 -3 -2 -3  0 -2 -3 -2 -3  1 -2 -3 -1 -1 -3  1  2 -4  0  1   38   0   0   0   2   1   0   1   0   8   0   0   1   3   0  12  17   0   4  13  0.38 0.21
  287 A    2 -3 -3 -4 -3 -3 -3 -1 -3  0  3 -3  5  1 -3 -1  0 -3 -2  0   26   0   0   0   0   0   0   4   0   4  27   0  18   7   0   3   7   0   1   3  0.39 0.21
  288 Y   -2 -2  0 -3 -4  3 -1 -4  4 -1 -1 -2  1  3 -4 -1  0  4  4  0    3   0   5   0   0  17   2   0  11   3   4   0   4  15   0   3   6   5  15   7  0.37 0.19
  289 N    0 -2  3  3 -3 -1  0  0 -1 -3 -3  0 -3 -1 -3  2  0 -1  2 -2    7   1  21  17   0   2   6   8   0   1   1   4   0   2   0  16   4   1  10   2  0.31 0.16
  290 G   -2 -5 -1 -1 -5 -3 -4  7 -4 -6 -6 -4 -5 -6 -1 -1 -3 -5 -6 -6    0   0   2   3   0   1   1  87   0   0   0   0   0   0   3   3   1   0   0   0  1.73 0.45
  291 F   -3 -4 -1 -5 -4 -4 -4 -5 -2  0 -2 -4 -2  6 -1 -3  2 -1  6 -1    0   0   3   0   0   0   0   0   0   5   0   0   0  37   3   0  14   0  33   4  1.05 0.35
  292 S    1 -1  2 -1 -2  0  0 -1 -1 -1 -2  1 -1 -3 -1  2  1 -4 -2  2   10   1  10   2   0   4   6   2   1   1   0   8   1   0   2  22  11   0   1  18  0.19 0.14
  293 I    0 -3 -3 -3 -1 -2 -2 -1 -2  3  1 -2  2  0  1  1 -1 -3 -2  1   10   0   0   0   1   1   1   4   1  28   8   1   5   4   8  15   1   0   1  10  0.19 0.14
  294 K    0 -1  2  2 -4  1  3 -2 -1 -3 -3  1 -3 -4 -1  2  0 -4 -3 -3    5   1  12  12   0   6  28   0   1   1   1   7   0   0   2  17   5   0   0   1  0.42 0.19
  295 T   -2 -4 -2 -3 -3 -3 -3 -4 -4 -3 -2 -3  4 -3 -4  3  6 -5 -4 -2    0   0   0   0   0   0   0   0   0   0   2   0  12   0   0  20  65   0   0   0  1.19 0.43
  296 D   -1 -4 -1  1 -3 -2 -2  6 -4 -1 -4 -3 -3 -4 -1  0 -1 -5 -5 -1    2   0   2   7   0   1   2  65   0   5   1   0   0   0   2   5   3   0   0   4  0.91 0.29
  297 V   -1 -3  4  1 -3 -1 -2 -2  1  2 -1 -2  1 -1 -3  0 -1 -4 -2  2    2   0  29   6   0   2   0   1   3  14   3   0   4   2   1   6   2   0   0  23  0.33 0.20
  298 E    1 -2 -1  1 -4  1  5 -2 -1 -4 -4  1 -3 -4  2  0 -1 -5 -3 -2   15   0   1   8   0   3  42   1   1   0   0   9   0   1   9   5   3   0   0   2  0.56 0.24
  299 F    0 -2  0  1 -2  0  0 -2 -2  0  1 -1  2  2 -2  0  0 -3 -1  0   11   0   5  10   0   4   8   1   0   5  15   2  10  11   0   6   4   0   0   7  0.09 0.09
  300 L   -1 -4 -5 -5 -3 -4 -4 -5 -5  4  3 -4  1 -2 -4 -3 -1 -4 -3  4    4   0   0   0   0   0   0   0   0  25  29   0   3   0   0   0   3   0   0  36  0.73 0.26
  301 N   -2 -3  4  6 -5 -1 -1 -3 -3 -3 -4 -1 -3 -5 -1  0 -1 -6 -5 -4    3   0  18  59   0   1   1   1   0   1   1   2   1   0   3   6   4   0   0   0  1.07 0.34
  302 G    1  1  1  2 -3  0  2  0 -2 -4 -4  2 -3 -4 -2  2  1 -4 -3 -3    9   6   5  12   0   1  14   8   0   0   0  16   0   0   1  20   7   0   0   0  0.33 0.16
  303 L   -2 -5 -6 -6 -4 -5 -5 -6 -5  1  6 -5  0 -2 -5 -5 -4 -4 -4 -1    2   0   0   0   0   0   0   0   0   5  93   0   0   0   0   0   0   0   0   0  1.46 0.44
  304 L   -4 -5 -6 -6 -4 -5 -5 -6 -5  1  6 -5  0  3 -5 -5 -3 -3 -2  0    0   0   0   0   0   0   0   0   0   6  77   0   1  12   0   0   0   0   0   4  1.15 0.36
  305 N    1 -2  5 -1 -2  0  1 -1 -1 -4 -4 -2 -3 -4 -3  3  2 -5 -3 -3    9   0  30   0   0   3   8   3   1   0   1   0   0   0   0  30  14   0   0   0  0.60 0.27
  306 R    0  6 -1 -3 -3  1 -2 -1 -2 -4 -4  2 -3 -5 -4  0  1 -5 -4 -4    7  54   2   0   0   6   0   5   0   0   1   8   0   0   0   7   8   0   0   0  0.82 0.30
  307 G   -2 -2 -3 -3 -5 -4 -5  7 -5 -7 -6 -3 -5 -6 -5 -2 -4 -5 -6 -6    0   3   0   1   0   0   0  93   0   0   0   1   0   0   0   2   0   0   0   0  1.97 0.49
  308 G   -3 -5 -3 -4 -5 -5 -5  8 -5 -7 -7 -4 -6 -6 -5 -3 -4 -5 -6 -6    0   0   0   0   0   0   0 100   0   0   0   0   0   0   0   0   0   0   0   0  2.29 0.54
  309 I   -3 -4 -5 -6 -4 -4 -5 -6 -5  3  3 -4  8 -2 -5 -4 -3 -4 -3  0    1   0   0   0   0   0   0   0   0  18  26   0  50   0   0   0   0   0   0   5  1.32 0.42
  310 V    1 -1  2  1 -3  2  1 -2 -2 -2 -1 -1  2 -1 -3  2  0 -3 -2 -1   11   1  10   6   0  14   8   1   0   1   5   1  10   3   0  17   6   0   1   4  0.19 0.14
  311 G    0 -3  1 -2 -4 -2 -2  3 -1 -5 -5 -2 -3 -3 -3  6 -1 -5 -4 -4    4   0   4   1   0   0   1  21   2   0   0   1   0   1   0  64   1   0   0   0  0.95 0.37
  312 M   -4 -5 -5 -6 -5 -1 -5 -3 -5 -1 -1 -4 10 -3 -6 -2 -3 -5 -4 -2    0   0   0   0   0   3   0   3   0   2   0   0  89   0   0   3   0   0   0   1  2.41 0.65
  313 L   -1 -4 -2 -5 -3 -3 -4 -3 -4 -1  3 -4  7 -1 -4 -2  1 -4 -2  0    6   0   2   0   0   0   0   1   0   1  32   0  41   2   0   2   8   0   1   3  0.85 0.33
  314 D   -2 -3  3 -1 -4 -1 -1  2 -3 -4 -4 -3 -2  0 -2  0 -1  9  2 -4    1   0  19   2   0   3   4  16   0   0   0   0   1   4   2   9   3  28   7   0  0.87 0.29
  315 S   -2 -4 -2 -3 -3 -3 -3 -3 -4  0 -3 -3 -2 -4 -4  2  6 -5 -4  1    1   0   0   0   0   0   0   0   0   6   1   0   1   0   0  14  68   0   0   8  1.10 0.41
  316 L   -2 -5 -5 -5 -1 -4 -5 -5 -5  5  1 -4  0 -1 -5 -3  0 -5 -3  4    2   0   0   0   1   0   0   0   0  44   9   0   1   1   0   0   4   0   0  38  0.90 0.30
  317 V    1 -3 -1 -3 -3 -3 -3 -2 -3 -2  1 -3  0 -1 -4  3  1  8 -1  0   10   0   3   0   0   0   0   3   0   1  14   0   2   1   0  30   8  22   0   7  0.66 0.27
  318 V   -3 -4 -5 -6 -3 -4 -5 -6 -5  3  5 -4  2 -2 -5 -4 -1 -4 -3  1    0   0   0   0   0   0   0   0   0  14  70   0   4   0   0   0   4   0   0   7  0.99 0.33
  319 I    0 -4 -4 -5  1 -4 -4 -3 -5  6  0 -4  1 -1 -4 -2  1 -4 -3  2    8   0   0   0   3   0   0   2   0  53   4   0   3   1   0   2  10   0   0  13  0.68 0.27
  320 I   -3 -4 -5 -5  0 -4 -5 -5 -4  4  3 -4  3  4 -5 -4 -1 -3 -1  1    0   0   0   0   2   0   0   0   0  34  26   0   8  20   0   0   3   0   0   8  0.70 0.25
  321 F    0 -4 -4 -5  8 -4 -4 -4 -4  2  1 -4  0  2 -4  0 -1 -4 -2  1    8   0   0   0  36   0   0   0   0  14  11   0   2  12   0   7   3   0   0   8  0.81 0.27
  322 G    6 -4 -4 -4 -3 -3 -3  2 -4 -4 -4 -3 -4 -5 -3  0 -2 -5 -4 -2   82   0   0   0   0   0   0  13   0   0   0   0   0   0   0   3   0   0   0   2  1.27 0.43
  323 L   -3 -4 -5 -5 -3 -3 -5 -5 -4  1  4 -4  7  2 -5 -4 -1 -3  1  0    0   0   0   0   0   0   0   0   0   5  40   0  37   7   0   0   4   0   5   3  0.97 0.34
  324 G    3 -3 -2 -3  3 -2 -3  2 -3 -1 -2 -2  2 -1 -3  2  1 -4 -3  0   28   0   0   0   6   0   0  15   0   2   1   0   6   3   0  21   9   0   0   8  0.36 0.20
  325 F   -5 -5 -6 -6 -5 -5 -6 -6 -4 -1  2 -6  1  8 -6 -5 -4 -2  2 -3    0   0   0   0   0   0   0   0   0   1  18   0   4  73   0   0   0   0   3   0  1.72 0.46
  326 G    2 -5 -2 -4 -4 -4 -4  7 -4 -4 -5 -4 -5 -5 -4 -2 -3 -5 -5 -3   18   0   0   0   0   0   0  79   0   1   0   0   0   0   0   0   1   0   0   1  1.59 0.43
  327 G    0 -5 -3 -4 -5 -4 -5  7 -5 -6 -6 -4 -5 -6 -5 -2 -4 -5 -6 -6    5   0   0   0   0   0   0  94   0   0   0   0   0   0   0   1   0   0   0   0  2.04 0.50
  328 L    1 -4 -4 -4 -3 -4 -4 -4 -4  5  2 -4  1 -1 -4 -2  0 -4 -3  3   16   0   0   0   0   0   0   0   0  37  16   0   4   1   0   2   4   0   0  21  0.55 0.23
  329 L   -3 -4 -5 -6 -3 -4 -5 -6 -5  1  5 -4  7 -1 -5 -4 -3 -4 -3  1    1   0   0   0   0   0   0   0   0   6  51   0  33   1   0   0   0   0   0   8  1.11 0.36
  330 E   -1 -2 -1  2 -5  1  6 -4  0 -5 -5  0 -3 -5 -3  0  0 -5 -4 -4    3   1   1   9   0   6  63   0   2   0   0   3   0   0   0   6   6   0   0   0  1.01 0.35
  331 K    1  3 -1 -2 -3  0  0  0  2 -3 -1  3 -1 -3 -3 -1 -1 -4  0 -1   12  23   1   0   0   2   6   7   6   0   5  25   1   0   0   2   1   0   3   5  0.30 0.16
  332 L    1 -3 -2 -3  3 -3 -3 -2 -3  2 -1 -3  0 -2 -3  2  4 -4 -1  1   12   0   0   0   8   0   0   2   0  15   3   0   2   1   0  15  34   0   2   8  0.42 0.22
  333 G   -2 -2 -1 -4 -5 -3 -4  7 -2 -6 -6 -1 -5 -6 -5 -3 -4 -5 -4 -6    0   2   1   0   0   0   0  90   1   0   0   4   0   0   0   0   0   0   1   0  1.82 0.46
  334 V    1 -3 -3 -4  4  0 -3 -3 -3  2  1 -3  4  2 -4 -1 -1 -3 -1  2   13   0   0   0  12   5   0   0   0  13  10   0  14  10   0   5   2   0   1  14  0.32 0.17
  335 L   -3 -4 -6 -6 -3 -4 -5 -6 -5  2  6 -5  2  0 -5 -4 -2 -4 -3  0    0   0   0   0   0   0   0   0   0   8  80   0   3   2   0   0   2   0   0   4  1.14 0.36
  336 K    0  1  0  2 -4  2  4 -1  0 -4 -4  2 -2 -4 -2  0  0 -4 -3 -3   10   6   4  14   0   7  30   4   2   0   0  13   1   0   1   4   5   0   0   0  0.41 0.17
  337 V    2  1 -2 -3 -1 -1 -2 -3 -3  0 -1  0 -1 -2 -3  0  1 -4 -2  4   17  10   1   0   1   2   1   0   0   2   1   6   0   1   0   6  11   0   1  39  0.32 0.20
  338 I   -3 -5 -5 -5 -2 -4 -5 -6 -5  6  3 -5  1  0 -5 -4 -3 -3 -3  2    0   0   0   0   0   0   0   0   0  51  34   0   3   2   0   0   0   0   0   9  0.98 0.31
  339 V    1 -3 -3 -4 -2 -3 -3 -3 -4  3  3 -3  2  0 -3 -1  1 -3 -2  2   14   0   0   0   0   0   0   1   0  17  29   0   4   3   0   5   8   0   0  19  0.34 0.17
  340 S    0  1  3  1 -4  2  2  0  2 -4 -4  1 -2 -4 -3  1 -1 -4 -1 -3    7   6  15   7   0   8  19   6   7   0   0  10   0   0   0  10   2   0   1   1  0.33 0.15
  341 T    1  1  0 -2 -2  0 -1  0  1 -1 -1  2 -1 -2  0  1  1 -1 -2 -1   17   8   4   0   0   4   0   7   5   2   4  16   1   1   4  11   8   1   1   5  0.13 0.09
  342 F   -2 -4 -5 -5 -2 -4 -5 -5 -4  5  3 -4  2  3 -5 -3 -2 -3 -2  2    2   0   0   0   0   0   0   0   0  38  32   0   5  11   0   0   1   0   0  11  0.72 0.25
  343 E   -1 -2 -2 -3 -3 -1 -1 -1 -2  1  3  0  3 -1 -3  0 -1 -3 -2  1    2   1   1   0   0   1   5   4   0   9  43   8   8   1   0   7   2   0   0   6  0.27 0.16
  344 K   -1  3  1 -1 -4  0  0 -1  1 -4 -3  4 -2 -3 -2  1  0 -4 -2 -3    4  16   5   2   0   3   4   3   4   0   0  39   0   1   1  11   5   0   0   1  0.47 0.21
  345 K   -1  2 -1 -3 -3 -1 -2  0  1  0  1  2  1  2 -2 -1 -1  2  0  0    3  12   2   0   0   0   0  10   4   5  16  16   3  11   1   2   1   3   3   7  0.10 0.10
  346 L    2 -4 -4 -4 -1 -3 -4 -3 -4  3  0 -3  1 -1 -4 -1  0 -4 -3  4   25   0   0   0   1   0   0   0   0  21   7   0   2   3   0   3   4   0   0  35  0.49 0.22
  347 T   -2  3  2 -1 -3  0 -1 -3  5 -4 -4  5 -3 -4 -3  0  0 -5 -2 -4    0  15  10   3   0   2   1   0  15   0   0  41   0   0   0   4   6   0   0   1  0.70 0.28
  348 S   -1  0  2 -2 -3 -2 -2  1 -2 -4 -4 -1 -3 -5 -3  5  3 -5 -4 -4    0   5   8   0   0   0   0   8   0   0   0   3   0   0   0  54  21   0   0   0  0.80 0.34
  349 A    1  0 -1 -1 -3 -1 -2 -2 -2 -1 -2 -1 -2  0  0  0  3 -4 -2  2   11   7   1   4   0   2   1   1   0   2   0   2   0   5   4   5  30   0   0  24  0.26 0.18
  350 G    1  0 -2 -3 -4 -3 -3  5 -4 -3 -4 -1 -3  2 -3 -2 -1 -4 -3 -2   12   5   0   0   0   0   0  57   0   0   0   4   0  11   1   1   5   0   0   4  0.79 0.28
  351 N    0  0  0 -1 -3  1 -2  3 -1 -4 -4  0 -1 -4 -2  4  0 -4 -4 -3    4   5   4   3   0   7   0  26   2   0   1   4   1   0   1  37   6   0   0   0  0.48 0.22
  352 V   -3 -4 -6 -6 -4 -4 -5 -6 -5  0  6 -5  2 -2 -5 -5 -3 -4 -3  1    1   0   0   0   0   0   0   0   0   2  85   0   5   0   0   0   1   0   0   6  1.25 0.39
  353 T   -1 -4 -3 -4 -3 -1 -4 -4 -4  5  0 -4  0  1 -4 -2  1 -4 -2  4    2   0   1   0   0   4   0   0   0  44   2   0   1   6   0   2   9   0   0  27  0.64 0.26
  354 L    3 -3 -3 -3  0 -3 -3  0 -3  1  1 -3 -1  0 -1  0  2 -3 -2  0   32   0   0   0   2   0   0   7   0   7  18   0   1   4   2   5  15   0   0   6  0.25 0.16
  355 S    3 -2 -2 -3 -1 -2 -2  0 -3 -1 -2 -2 -1 -3 -3  4  2 -4 -3  1   25   1   0   0   1   0   0   5   0   2   3   0   1   0   0  37  15   0   0   9  0.46 0.24
  356 T    0 -4 -2 -4 -4 -3 -4 -4 -3 -3 -4 -3 -3 -5 -4  0  7 -5 -4  0    5   0   1   0   0   0   0   0   1   0   0   0   0   0   0   3  84   0   0   6  1.50 0.49
  357 L    0 -4 -4 -4 -3 -3 -2 -3 -2  4  1 -4  2 -2 -4 -3 -1 -2 -2  4   10   0   0   0   0   0   3   2   1  35  13   0   4   0   0   0   1   0   1  29  0.52 0.22
  358 I    2 -3 -3 -4  0 -3 -3  1 -3  1  2 -3  0  1 -3 -1 -1 -3 -2  2   27   0   0   0   2   0   0  11   0  10  21   0   0   8   0   2   3   0   0  14  0.27 0.16
  359 V    0 -3 -2 -3  2 -3 -3 -1 -3 -2 -2 -3 -1 -2 -3  4  5 -5 -4  0    6   0   0   0   4   0   0   5   0   1   2   0   1   1   0  34  41   0   0   6  0.68 0.31
  360 A    2 -4 -3 -4  8 -3 -3  2 -4 -4 -4 -3 -3 -4 -3  2  2 -5 -4 -2   18   0   0   0  33   0   1  16   0   0   0   0   0   0   0  20  12   0   0   1  0.91 0.32
  361 F   -3 -4 -5 -5 -3 -4 -5 -5 -4  4  3 -4  1  4 -5 -4 -2 -3  1  2    1   0   0   0   0   0   0   0   0  34  24   0   2  21   0   0   1   0   5  12  0.71 0.25
  362 L    2 -3 -3 -3 -2 -3 -3  2 -3  1  1 -3  1  3 -3  0  0 -3 -1  0   20   0   0   0   0   0   0  19   0   9  14   0   5  17   0   5   8   0   0   4  0.26 0.15
  363 A    0 -3 -2 -3  2 -2 -3  0 -3  1  1 -3  4  0 -3  0  3 -3 -2  2    7   0   1   0   6   0   0   9   0   8  11   0  14   3   0   7  21   0   0  13  0.25 0.16
  364 N   -1 -3  7  0 -1 -3 -3 -1 -2  0 -2 -3 -4 -5 -4 -1  0 -6 -4 -1    4   0  69   4   1   0   0   2   0   5   3   0   0   0   0   1   4   0   0   6  1.18 0.40
  365 I    1 -3 -4 -4 -1 -3 -4  0 -4  2  2 -3  1  3 -4 -2 -1 -3 -1  2   12   0   0   0   1   0   0   7   0  15  26   0   3  15   0   1   4   0   0  17  0.31 0.16
  366 F    1 -3 -3 -4  0 -3 -3 -2 -4  2  2 -3  0  2 -3 -1  3 -3 -2  2   16   0   0   0   1   0   0   1   0  13  17   0   1  11   0   2  22   0   0  16  0.31 0.17
  367 G    3 -3 -3 -3  2 -3 -3  1 -3 -1  0 -3  3 -3 -3  0  4 -4 -3 -1   28   0   0   0   4   0   0  10   0   3   8   0   9   0   0   5  30   0   0   2  0.43 0.23
  368 C    3 -4 -2 -3  4 -3 -3  4 -4 -4 -4 -3 -4 -5  0  3 -1 -5 -4 -3   25   0   1   0  10   0   0  35   0   0   0   0   0   0   5  23   1   0   0   0  0.73 0.28
  369 A    0 -3  1  6 -5 -1  3 -3 -3 -4 -5 -2 -4 -5 -3  1 -2 -5 -4 -1    9   0   6  45   0   1  24   0   0   0   0   0   0   0   0   9   1   0   0   5  0.84 0.30
  370 M    0 -2 -3 -3 -3  7 -1  0 -1 -4 -4 -2  3 -4  0 -1 -3 -5 -4 -2    8   0   0   0   0  63   0   8   1   0   0   0   9   0   4   2   0   0   0   3  1.09 0.42
  371 Y   -4 -4 -3 -5 -5  0 -4 -5 -1 -3 -3 -1  0  3 -5 -1 -3 -1  9 -4    0   0   1   0   0   5   0   0   0   1   0   3   2  10   0   6   0   0  71   0  1.70 0.48
  372 V   -3 -4 -5 -5 -2 -4 -5 -5 -5  4  4 -4  4 -1 -5 -4 -2 -4 -3  2    0   0   0   0   0   0   0   0   0  26  43   0  11   2   0   0   2   0   0  15  0.78 0.27
  373 S    3 -3 -2 -3 -3 -3 -3  0 -3 -4 -4 -3 -3 -4 -3  5  1 -5 -4 -1   29   0   0   0   0   0   0   5   0   0   0   0   0   0   0  56   5   0   0   5  0.87 0.36
  374 L   -3 -5 -4 -5 -4 -5 -5 -6 -1  7  2 -5  0 -2 -5 -4 -3 -5 -3  1    0   0   1   0   0   0   0   0   2  73  18   0   1   1   0   0   0   0   1   3  1.25 0.39
  375 I    0 -4 -5 -5 -3 -4 -4 -2 -5  4  2 -4 -1 -2 -4 -2 -2 -4 -3  5    7   0   0   0   0   0   0   3   0  29  17   0   0   0   0   1   0   0   0  42  0.72 0.27
  376 L   -3 -4 -5 -5 -3 -4 -5 -5 -5  3  3 -4  4 -1 -5 -4 -2 -4 -3  4    0   0   0   0   0   0   0   0   0  19  35   0  11   1   0   0   1   0   0  33  0.79 0.27
  377 T   -2 -5 -2 -4 -5 -4 -4 -3 -5 -3 -5 -4 -5 -6  8 -2  2 -6 -5 -1    1   0   2   0   0   0   0   2   0   1   0   0   0   0  73   1  15   0   0   5  1.93 0.48
  378 P    1 -5 -3 -4  0 -4 -4  7 -4 -4 -6 -4 -5 -5  1 -1 -3 -5 -5 -5    9   0   0   0   2   0   0  77   0   1   0   0   0   0   6   4   0   0   0   0  1.44 0.40
  379 K   -3  5  0 -2 -5  2  1 -3 -2 -3 -3  3  1 -4  0 -1 -1 -5 -3 -1    0  41   3   0   0   8  11   1   0   1   0  18   5   0   3   2   2   0   0   4  0.65 0.26
  380 I   -1 -4 -4 -5 -4 -3 -4 -5 -4  1  3 -4  8 -2 -5 -2  1 -4 -3 -1    5   0   0   0   0   0   0   0   0   8  22   0  52   0   0   3   8   0   0   1  1.12 0.39
  381 M   -4 -4 -5 -6  0 -4 -5 -5 -2 -2  2 -5  3  6 -5 -4 -3  1  6 -3    0   0   0   0   2   0   0   0   0   0  16   0  10  40   0   0   1   1  29   0  1.22 0.37
  382 E    2  2 -2 -2 -3  1  1 -1 -2 -3 -3  4  0 -4 -2  0 -1 -4 -2 -2   21  12   1   1   0   4   7   2   0   1   1  35   2   0   1   7   1   0   1   3  0.41 0.20
  383 D   -1 -1  2  3 -4  1  2 -1 -1 -4 -4  2 -3 -4  3  0 -2 -5 -3 -3    3   1  12  22   0   4  13   5   1   0   0  15   0   0  15   6   0   0   0   1  0.47 0.18
  384 S    3 -1  0 -2 -2 -1  2 -2 -2  0  0  1  1 -2 -2  1  0 -4 -2  0   30   1   4   0   0   1  15   0   0   5   9   9   5   1   0   8   4   0   0   8  0.18 0.14
  385 Y   -5 -5 -5 -6 -6 -5 -5 -6 -1 -4 -4 -5 -4  4 -6 -5 -5 -1  9 -4    0   0   0   0   0   0   0   0   0   0   0   0   0  16   0   0   0   0  84   0  2.51 0.61
  386 D   -1  3  0  3 -4  1  3 -3 -1 -1 -3  3 -3 -4 -2 -1 -1 -5 -3 -2    4  15   2  22   0   4  21   0   1   4   1  20   0   0   1   1   2   0   0   2  0.48 0.20
  387 R   -2  3 -1  2 -5  1  4 -1 -2 -5 -4  4 -3 -5 -3 -2 -3 -2 -4 -4    2  15   1  12   0   5  29   3   0   0   0  31   0   0   0   1   0   1   0   0  0.71 0.27
  388 L   -2  4 -2 -3 -4  1 -2 -4  0 -2  1  3  5  0 -4 -2 -2 -3  0 -2    2  28   1   0   0   6   1   0   3   1  13  18  18   3   0   1   0   0   3   1  0.48 0.23
  389 H   -2 -3  3  0 -5 -2 -3  6 -1 -6 -6  0 -5 -5 -4 -2 -3 -5 -5 -5    0   1  13   5   0   1   0  70   2   0   0   6   0   0   0   1   0   0   0   0  1.25 0.36
  390 L   -4 -4 -5 -6 -4 -4 -5 -6 -4  2  5 -5  1 -1 -5 -4 -3 -3  3  0    0   0   0   0   0   0   0   0   0  10  73   0   2   1   0   0   0   0  12   3  1.06 0.35
  391 D    2 -1 -1  3 -4  0  1 -2  6 -4 -3  1 -3 -4 -3  1 -2 -5 -2 -3   20   2   0  21   0   4   7   0  21   0   2  11   0   0   0  11   0   0   0   0  0.52 0.23
  392 R    0  4 -1 -3 -4 -1 -2 -3 -3 -4 -3 -1 -3 -5  6  1  1 -5 -4 -4    6  23   2   0   0   2   0   1   0   0   2   2   0   0  42  12   9   0   0   0  0.99 0.31
  393 R   -1  3  0 -2 -2  1  2 -3 -2 -2 -1  4 -2 -4 -3  0  0 -4 -2 -1    2  15   4   0   1   4  14   0   0   1   9  32   0   0   0   6   5   0   1   6  0.36 0.18
  394 V   -3 -3  7 -2 -1 -2 -2 -3 -2 -2 -1 -3  3 -3 -4 -2 -1 -5 -2  2    1   0  61   0   1   0   1   0   0   1   5   0   8   1   0   1   3   0   1  16  1.03 0.38
  395 L   -4 -5 -6 -6 -2 -5 -6 -6 -5 -1  6 -5  1 -2 -6 -5 -4 -4 -4 -1    0   0   0   0   1   0   0   0   0   0  97   0   1   0   0   0   0   0   0   1  1.59 0.46
  396 S   -1 -4 -2 -3 -4 -3 -3 -3 -4 -5 -5 -3 -4 -5 -4  7 -1 -6 -5 -5    2   0   0   0   0   0   0   1   0   0   0   0   0   0   0  96   1   0   0   0  1.75 0.56
  397 R   -4  8 -1 -4 -7 -2 -3 -5 -3 -6 -5 -1 -4 -6 -5 -3 -4 -6 -5 -6    0  96   3   0   0   0   0   0   0   0   0   0   0   0   0   1   0   0   0   0  2.25 0.58
  398 N    3 -3  1 -3  1 -2 -3 -2 -3 -1 -3 -3 -3 -4 -3  1  5 -5 -4 -1   24   0   8   0   3   0   0   1   0   3   1   0   0   0   0  10  47   0   0   3  0.68 0.30
  399 S   -1 -4 -5 -5  0 -4 -4 -5 -5  2  5 -4  1 -2 -4 -2 -1 -4 -3  2    5   0   0   0   2   0   0   0   0  12  60   0   1   0   0   3   4   0   0  13  0.70 0.26
  400 E   -4 -3 -3 -1 -7 -1  8 -5 -3 -6 -4 -2 -5 -6 -4 -3 -4 -6 -5 -5    0   0   0   0   0   0  99   0   0   0   1   0   0   0   0   0   0   0   0   0  2.14 0.59
  401 V    0 -4 -1  7 -3 -2  1 -2 -3 -4 -5 -3 -5 -1 -4 -1 -3 -6 -5 -2    9   0   0  70   1   0   7   2   0   0   0   0   0   3   0   4   1   0   0   3  1.25 0.39
  402 G    3 -3 -2 -3  1 -3 -3  4 -3 -4 -4 -3 -3 -4 -3  4 -1 -1 -4 -3   26   0   0   0   3   0   0  30   0   0   0   0   1   0   0  36   2   1   0   0  0.75 0.30
  403 G    1 -5 -3 -4 -3 -4 -4  7 -4 -4 -5 -4 -4 -5 -4 -1 -3 -5 -5 -2   13   0   0   0   0   0   0  78   0   1   0   0   0   0   0   3   0   0   0   4  1.47 0.40
  404 T   -2 -4 -3 -4 -2 -4 -4 -5 -5 -4 -4 -4 -4 -5 -4 -1  8 -6 -5 -3    2   0   0   0   0   0   0   0   0   0   0   0   0   0   0   2  96   0   0   0  1.95 0.58
  405 L   -2 -4 -5 -5 -1 -3 -4 -5 -4  3  3 -4  4 -2 -3 -3  0 -4 -3  4    0   0   0   0   1   1   0   0   0  13  34   0  12   0   1   0   4   0   0  33  0.68 0.25
  406 T   -2 -4 -3 -4 -3 -3 -3 -1 -4  2 -2 -3  0 -2 -2  0  6  3 -3  1    1   0   0   0   0   0   0   5   0  11   2   0   2   2   1   5  59   5   0   8  0.80 0.34
  407 S    0 -3  0 -2  2 -1  1 -1 -2 -1 -2 -2 -3 -4 -3  5  0 -5 -4 -2    5   0   4   0   4   1   9   3   1   4   3   0   0   0   0  61   3   0   0   2  0.68 0.32
  408 G    1 -4 -2 -4 -1 -3 -3  1 -4 -2 -3 -3 -3 -4  6 -1 -2 -5 -4  3   14   0   2   0   2   0   0   9   0   0   1   0   0   0  43   4   1   0   0  24  0.92 0.30
  409 M   -3 -4 -6 -6 -4 -4 -5 -6 -5  1  6 -5  4  1 -5 -5 -3 -4 -3 -1    1   0   0   0   0   0   0   0   0   4  76   0  12   6   0   0   0   0   0   1  1.17 0.37
  410 V   -3 -5 -5 -5 -3 -5 -5 -6 -5  6  1 -5  0  1 -4 -4 -3 -4 -3  4    0   0   0   0   0   0   0   0   0  51   7   0   1   4   0   0   0   0   0  37  1.08 0.34
  411 P   -4 -5 -5 -5 -6 -4 -4 -5 -5 -6 -6 -4 -6 -7  9 -4 -4 -7 -6 -6    0   0   0   0   0   0   0   0   0   0   0   0   0   0 100   0   0   0   0   0  3.12 0.67
  412 W   -6 -7 -8 -8 -6 -6 -7 -6 -6 -7 -5 -7 -5 -3 -8 -7 -6 13 -1 -7    0   0   0   0   0   0   0   0   0   0   0   0   0   0   0   0   0  99   1   0  4.66 0.87
  413 S   -3 -3  6 -2 -4 -2 -3  2  0 -5 -5 -3 -4 -5 -4  2  2 -5 -4 -4    0   0  50   0   0   0   0  15   2   0   0   0   0   0   0  17  16   0   0   0  1.02 0.36
  414 D    2 -3 -2  1 -3 -3 -2 -2 -4 -2 -2 -3  0 -4 -2  1  5 -5 -4  1   17   0   0   7   0   0   0   2   0   1   3   0   2   0   1   9  47   0   0  10  0.57 0.28
  415 N    1 -4  1 -3  9 -4 -4  2 -1 -4 -4 -4 -4 -5 -2  1 -2 -5 -4 -3   13   0   8   1  48   0   0  14   1   0   0   0   0   0   2  10   1   0   0   0  1.26 0.38
  416 G    1 -5 -3 -4 -5 -4 -5  7 -5 -6 -6 -4 -5 -6 -5 -2 -4 -5 -6 -5    9   0   0   0   0   0   0  90   0   0   0   0   0   0   0   1   0   0   0   0  1.90 0.48
  417 I    4 -4 -4 -4 -2 -3 -3 -2 -4  3 -1 -3  1 -2 -3 -1 -2 -4 -3  3   50   0   0   0   0   0   0   1   0  16   3   0   3   1   0   3   0   0   0  22  0.63 0.28
  418 Y   -4 -5 -5 -6 -5 -5 -5 -6 -2 -3 -3 -5 -3  7 -6 -4 -1 -1  8 -3    0   0   0   0   0   0   0   0   0   0   0   0   0  42   0   0   5   0  51   1  1.83 0.49
  419 M    0 -3 -3 -4  0  2 -3 -4  1  2  0 -3  7  0 -4 -3 -2 -3  2  1    6   0   1   0   2  13   0   0   4  10   3   0  42   2   0   0   1   0   7   7  0.74 0.32
  420 A    4 -3 -2 -3 -2  0 -2 -2 -1 -1 -1 -2  1  0 -3  2  1 -4 -1 -2   46   0   0   0   0   4   0   1   1   3   4   1   5   4   0  19   9   0   2   0  0.45 0.24
  421 G    2 -2  0 -2 -3  0 -2  4 -2 -4 -4 -1 -3 -4 -3  3  2 -4 -4 -3   20   1   4   1   0   3   0  33   1   0   0   2   0   0   0  24  11   0   0   0  0.56 0.23
  422 I    1 -3 -3 -4 -2  0 -3 -4 -4  2 -1 -3  0 -3 -3 -1  5 -4 -3  3   13   0   0   0   0   4   0   0   0  10   2   0   2   0   0   0  44   0   0  24  0.62 0.29
  423 L   -4 -5 -6 -6 -4 -5 -6 -6 -5  0  6 -5  0 -1 -6 -5 -3 -4 -3 -2    0   0   0   0   0   0   0   0   0   1  97   0   0   1   0   0   1   0   0   0  1.57 0.46
  424 G   -2 -5  0 -2 -5 -3 -4  7 -3 -6 -4 -3 -4 -5 -5 -1 -4 -5 -5 -5    2   0   4   1   0   1   0  85   1   0   2   0   0   0   0   3   0   0   0   0  1.63 0.43
  425 V   -2 -5 -6 -6 -3 -5 -5 -6 -6  3 -1 -5  0 -3 -5 -4 -2 -5 -4  7    0   0   0   0   0   0   0   0   0  11   2   0   2   0   0   0   0   0   0  84  1.46 0.44
  426 S    2 -3  1  0 -3 -2 -1  1  0 -4 -4 -2 -3 -4  4  4 -1 -4 -2 -3   20   0   5   4   0   0   3   9   3   0   1   1   0   0  18  34   1   0   1   0  0.53 0.24
  427 T    1 -3 -1 -3 -2 -2 -3 -3 -4 -1 -3 -3 -2 -3  3 -1  5 -4 -3  2   11   0   3   0   0   1   0   0   0   1   0   0   0   0  14   1  46   0   1  20  0.70 0.30
  428 F   -1 -4 -4 -2 -3 -3 -3 -2 -3  2  3 -4  1  4 -4 -2 -2  1  0  0    3   0   0   2   0   0   1   3   0  10  42   0   3  22   0   3   1   2   1   5  0.47 0.20
  429 S    1 -2 -1  3 -3  2  2 -2 -1 -2 -2 -1 -1 -4 -3  2  1 -4 -2 -1   14   0   1  21   0  10  18   1   1   0   4   0   1   0   0  15   7   0   1   6  0.32 0.17
  430 Y   -5 -5 -5 -6 -6 -5 -5 -6 -1 -4 -3 -5 -4  3 -6 -5 -5 -1  9 -4    0   0   0   0   0   0   0   0   0   0   2   0   0  11   0   0   0   0  87   0  2.55 0.62
  431 L    3 -4 -4 -4 -3 -3 -4 -1 -4  2  3 -3  1  3 -4 -2 -2  0 -2  0   30   0   0   0   0   0   0   4   0  13  33   0   2  12   0   0   0   1   0   4  0.43 0.21
  432 P   -4 -4 -5 -5 -5 -4 -4 -4 -5  0 -3 -3 -2 -2  8 -4 -4 -6 -5 -2    0   1   0   0   0   0   0   1   0   6   2   1   1   2  83   0   0   0   0   2  2.25 0.53
  433 F   -5 -5 -5 -6 -5 -5 -5 -6 -2 -4 -1 -5 -3  6 -6 -5 -5  7  8 -4    0   0   0   0   0   0   0   0   0   0   4   0   0  28   0   0   0  17  51   0  1.93 0.49
  434 M    5 -4 -3 -4  4 -3 -3 -2 -1 -3 -1 -3  2 -3 -3  0  0 -4  1 -2   61   0   0   0  10   0   0   0   1   0   4   0   6   0   0   4   6   0   6   1  0.76 0.32
  435 W   -4 -5 -5 -6 -2 -5 -5 -6 -4  3  0 -5 -1  7 -6 -5 -4  5  1  2    0   0   0   0   1   0   0   0   0  18   4   0   1  55   0   0   0   7   1  14  1.24 0.37
  436 L   -1 -4 -5 -5 -3 -1 -4 -5 -4 -1  3 -4  1  6  0 -3 -3 -2  0  0    6   0   0   0   0   3   0   0   0   1  31   0   4  45   4   1   0   0   1   4  0.81 0.29
  437 S   -1 -3  6 -2  7 -3 -3  0 -1 -3 -3 -3 -4 -5 -3  0 -2 -5 -4 -3    3   0  52   0  23   0   0   8   1   2   2   0   0   0   1   8   0   0   0   1  1.13 0.38
  438 F   -4 -4 -5 -6 -4 -4 -5 -5 -3  1  3 -5  0  4 -5 -4 -4  8  5 -2    0   0   0   0   0   0   0   0   0   9  26   0   2  17   0   0   0  21  25   1  1.16 0.34
  439 V    0 -4 -4 -4 -1 -4 -4 -4 -4  4  4 -4  1  0 -4 -1  0 -4 -2  2    6   0   0   0   1   0   0   0   0  27  42   0   1   3   0   4   6   0   0  10  0.53 0.22
  440 A    1 -3  3 -2  5 -2 -3  0 -3 -2 -3 -2  0 -4 -3  3  0 -4 -4  1    8   0  18   0  14   0   0   8   0   1   0   0   3   0   0  32   5   0   0  11  0.48 0.24
  441 I   -2 -5 -5 -4 -4 -4 -4 -4 -5  2 -3 -4  0 -3  8 -4 -3 -3 -5 -1    3   0   0   0   0   0   0   1   0  14   2   0   2   1  71   0   0   0   0   5  1.82 0.46
  442 G   -1 -4 -5 -5 -2 -4 -4 -2 -4  4  3 -4  1  3 -4 -4 -2 -3 -2  2    3   0   0   0   1   0   0   3   0  32  31   0   1  14   0   0   0   0   0  15  0.61 0.23
  443 L   -2 -4 -5 -5 -3 -4 -4 -5 -4  4  2 -4  4  3 -4 -4 -2 -3  0  3    1   0   0   0   0   0   0   0   0  31  15   0  11  16   0   0   1   0   3  22  0.66 0.24
  444 A    4 -3  0 -3 -2 -2 -2  0 -3 -3 -1 -2 -2 -4 -3  3  2 -4 -3 -1   39   0   3   0   0   0   0   7   0   0   6   0   0   0   0  24  16   0   0   2  0.50 0.25
  445 I   -1 -4 -5 -5 -2 -4 -5 -5 -5  6  3 -4  2  0 -5 -4 -2 -3 -3  2    5   0   0   0   1   0   0   0   0  51  28   0   4   3   0   0   1   0   0   8  0.81 0.28
  446 I    0 -4 -4 -5 -3 -4 -4 -4 -4  5  3 -4  0  2 -4 -2 -1 -3 -2  2    7   0   0   0   0   0   0   1   0  38  25   0   0  11   0   1   4   0   0  14  0.58 0.23
  447 Y   -3 -4 -4 -5  2 -4 -4 -5 -2 -1  0 -4  3  4 -5 -3  0  5  7 -1    1   0   0   0   4   0   0   0   0   3   8   0  10  16   0   1   6   9  39   3  0.97 0.32
  448 G    4 -4 -3 -4 -3 -3 -3  5 -4 -4 -4 -3 -4 -5 -3  0 -1 -5 -4 -3   45   0   0   0   0   0   0  47   0   0   0   0   0   0   0   4   4   0   0   1  1.05 0.35
  449 Y    1 -4 -4 -5 -2 -2 -4 -4 -1  0  0 -4  0  5 -4 -3 -3  3  6  0   14   0   0   0   1   1   0   0   1   5   9   0   3  28   0   0   0   3  29   5  0.73 0.27
  450 T   -1 -3 -3 -4 -1 -3 -3 -4 -4  0  2 -3  2  2 -4  0  5 -3 -1 -1    3   0   0   0   1   0   0   0   0   5  22   0   5  10   0   4  48   0   1   1  0.62 0.29
  451 G   -2 -3  2 -1 -3 -2 -4  7 -2 -6 -5  0 -4 -5 -4 -2 -4 -5 -5 -5    0   1   9   3   0   1   0  78   1   0   1   5   0   0   0   1   0   0   0   0  1.45 0.40
  452 K   -3 -1 -4 -5 -4 -4 -4 -5 -4  4  0  0  0  5 -5 -4 -3  7  1  0    0   4   0   0   0   0   0   0   0  34   7   7   1  24   0   0   1  14   4   3  0.77 0.28
  453 F    0  0  0 -3 -3 -1 -2  3 -3 -3 -3  2 -3  3 -3  0  1 -3 -1 -3    6   4   4   0   0   2   0  29   0   0   1  20   0  16   0   5  12   0   1   0  0.38 0.19
  454 I   -3 -5 -5 -5 -2 -2 -5 -6 -5  7  1 -4  3 -1 -5 -2 -2 -5 -3  2    0   0   0   0   1   2   0   0   0  68   6   0   7   1   0   4   1   0   0  11  1.06 0.35
  455 W    1  0 -1 -1 -3 -1  0 -2 -2 -1  0  1 -1  1  1 -1  0  5 -1  0   15   6   2   3   0   1   6   1   0   2   8  13   1   9   6   2   7   9   1   6  0.13 0.09
  456 Y   -3  4 -2 -2 -5  0 -1 -3 -1 -4 -4  5 -2 -2  1 -2 -1  5  3 -4    0  21   0   1   0   4   1   1   1   0   0  39   1   1   6   0   3   8  11   0  0.71 0.28
  457 T    1  0 -2 -3  0 -1 -1 -2 -2  1  2  1  1 -1 -3 -1  1 -2 -1  0   13   5   1   0   3   1   3   1   0  12  26  12   2   0   0   2   9   0   2   5  0.11 0.10
  458 K   -1  0  1  3 -3  0  2  0 -1 -3 -3  2 -3 -4  0  1  2 -4 -3 -2    4   2   6  18   0   3  15   5   1   0   1  16   0   0   5   9  14   0   0   2  0.30 0.14
  459 N   -1  0  1  2 -4  0  2  0 -2 -3 -3  2 -3 -4  4  0  0 -4 -3 -3    3   3   5  12   0   3  16   8   0   1   1  16   0   0  20   7   4   0   1   1  0.41 0.15
  460 N    0  0  1  1 -3  1  3 -1 -1 -3 -3  2 -2 -4  1  1  1 -4 -3 -2    6   2   6   8   0   5  27   3   0   1   1  14   0   0   6  10   8   0   0   1  0.33 0.15
  461 T    0 -1  1  2 -4  1  4 -2 -1 -3 -3  2 -2 -4  1  1  1 -4 -3 -2    6   1   6   9   0   6  30   1   1   1   0  12   1   0   8   8   9   0   0   2  0.38 0.16
  462 V    0  0  0  0 -3  2  2 -2 -2  0 -1  1  0 -3  1  0  1 -3 -1  0   10   4   2   4   0  10  15   2   0   5   3  11   3   0   6   3   9   0   2  11  0.12 0.08
  463 K    1  1  0  0 -3  1  2  0 -1 -2 -2  2 -1 -3  0  0  0 -4 -3 -2   14   8   2   4   0   5  20   5   1   2   3  19   1   0   4   6   6   0   0   1  0.23 0.10
  464 A    1  0  0  0 -3  2  2 -1 -1 -1 -2  1 -2 -3 -1  1  1 -3 -1 -1   13   3   4   2   0   8  17   3   0   3   2  13   0   0   2  15   8   0   2   5  0.18 0.09
  465 E    0  0  1  1 -3  2  3 -2 -1 -1 -1  1 -2 -3 -1  0  1  2 -2 -1    5   2   5   5   0  11  29   1   0   3   5   6   0   0   2   6  12   4   0   3  0.25 0.11
  466 K   -1  2  1  1 -4  1  2 -3 -1 -3 -3  3 -2 -4  2  0  0 -4 -3 -2    1  12   8   5   0   6  19   0   0   0   1  29   0   0   8   4   4   0   0   3  0.40 0.13
  467 L   -1 -2 -1 -2 -2 -1 -1 -3 -3  2  2 -1  2 -1 -1 -2 -1 -3 -2  2    2   0   4   2   0   3   5   0   0  18  27   4   6   0   3   0   0   0   0  25  0.20 0.07
  468 G    1 -3 -1 -2 -3 -2 -3  6 -3 -4 -4 -2 -3 -4 -3 -1 -2 -3 -4 -3   16   0   0   0   0   0   0  84   0   0   0   0   0   0   0   0   0   0   0   0  1.12 0.12

                      K         Lambda
Standard Ungapped    0.1437     0.3269
Standard Gapped      0.0601     0.2670
PSI Ungapped         0.1964     0.3171
PSI Gapped           0.0601     0.2670
