
Last position-specific scoring matrix computed, weighted observed percentages rounded down, information per position, and relative weight of gapless real matches to pseudocounts
           A  R  N  D  C  Q  E  G  H  I  L  K  M  F  P  S  T  W  Y  V   A   R   N   D   C   Q   E   G   H   I   L   K   M   F   P   S   T   W   Y   V
    1 M   -2 -2 -3 -4 -2 -1 -3 -3 -2  1  2 -2  7  0 -3 -2 -1 -2 -2  1    0   0   0   0   0   0   0   0   0   0  11   0  85   0   0   0   0   0   0   4  0.66 0.08
    2 T    0 -1  1 -1 -1 -1 -1  0 -2 -1 -2 -1 -1 -3 -2  2  5 -3 -2  0    0   3   4   0   0   0   0   4   0   0   0   0   0   0   0  15  68   0   0   5  0.43 0.05
    3 G    2 -1 -1 -1 -1 -1 -1  0 -2 -2 -2  0 -1  0  1  2  3 -3 -1 -1   27   0   0   3   0   0   0   5   0   0   0   5   0   6   7  19  28   0   0   0  0.24 0.03
    4 N    0  0  2  2 -2  0  1  0 -1 -2 -3  0 -1 -3 -1  2  2 -3 -2 -2    8   3  17  10   0   0  10   3   0   0   0   0   2   0   2  21  24   0   0   0  0.27 0.04
    5 L    1 -1 -2 -2 -2  0 -1 -2 -2  0  1 -1  4 -1  2  0  2 -3 -2  0   11   2   0   0   0   3   2   0   0   4  11   0  27   2  11   5  18   0   0   5  0.19 0.05
    6 V    0 -2 -1 -3 -2 -1 -2 -2 -2  1  0 -2  4 -2  0  0  2 -3 -2  2    7   0   3   0   0   1   0   1   0   1   4   0  27   0   5   5  18   0   0  26  0.22 0.07
    7 T    2  0  0 -1 -2  1 -1 -1 -2 -1 -2  0 -1 -2 -1  2  3 -3 -2  0   26   5   2   1   0   7   0   0   0   3   0   5   0   1   1  16  29   0   0   4  0.23 0.06
    8 K    2 -1  1  2 -2  0  1  0 -1 -2 -2  1 -1 -3  0  1  1 -3 -2 -1   23   1   8  11   0   3   9   5   0   0   0  10   1   0   2   7  15   0   0   4  0.19 0.04
    9 N    1 -1  3  0 -2  1  0 -1  0 -2 -2  0  0 -3  2  2  1 -3 -2 -1   15   1  21   3   0   5   3   0   2   1   1   4   3   0   9  17  12   0   0   2  0.24 0.05
   10 S    2 -1  1  0 -1 -1  0  0 -1 -2 -2  0 -1 -3  1  1  2 -3 -2  0   25   2   7   2   1   1   5   4   1   0   1   5   0   0   6  11  21   0   0   7  0.19 0.05
   11 L    0 -2 -3 -3 -2 -1 -2 -2 -2  1  2 -1  4 -1  1 -1  0 -3 -2  1   11   2   0   0   0   1   1   2   0   4  28   2  24   0   8   3   3   0   0  10  0.24 0.08
   12 T    1 -1  1 -1 -2  0 -1 -2 -2  0 -1  0  0 -2 -1  1  3 -3 -2  2    9   1   8   1   0   3   1   1   0   1   4   5   1   0   2  12  28   0   1  22  0.18 0.08
   13 P    2 -1 -1 -1 -2  1  1 -2 -2 -1 -1  1 -1 -3  2  0  1 -3 -2  0   26   1   2   2   0   5  12   1   0   3   4   8   1   0  11   3  12   0   0  10  0.18 0.06
   14 D    0  0  1  3 -3  1  1 -1 -2 -2 -2  2 -2 -3  2  1  0 -4 -3 -1    8   1   4  23   0   5   7   2   0   0   1  17   1   0   9   8   5   0   0   8  0.25 0.06
   15 V    1 -1 -1 -2 -2 -1 -1 -2 -1  0  1 -1  1 -1 -1  1  3 -3 -2  1   11   2   2   1   0   1   1   1   1   3  15   3   5   2   2   9  27   0   0  14  0.14 0.06
   16 R    1  2  1  2 -2  0  0 -1 -1 -1 -2  1 -1 -2  0  1  2 -3 -2 -1   12  13   5  14   0   2   3   2   1   2   2   7   1   1   4  10  17   0   0   5  0.15 0.05
   17 N    1 -1  3  0 -2  0 -1  0  0 -2 -1 -1 -1 -2  1  2  1 -3 -2 -2   10   0  23   3   0   3   1   7   2   1   8   2   1   0   8  16  13   0   0   1  0.21 0.07
   18 G    1 -1  1  0 -2 -1 -1  3 -1 -3 -2 -1 -2  1 -1  1  0 -3 -2 -2   17   2   6   5   0   1   3  29   1   0   1   3   0  10   3  12   7   0   0   0  0.25 0.07
   19 I   -1  1 -1 -2 -1  2 -1 -2  0  1  1  0  1  1 -2 -1  1 -2 -1  0    2  10   3   1   1  18   1   2   2  10  21   2   4   7   1   2  11   0   0   2  0.10 0.07
   20 D   -2 -3  0  7 -5 -1  3 -3 -2 -5 -5 -2 -4 -5  1 -1 -2 -6 -4 -5    2   0   2  70   0   2  15   0   0   0   0   1   0   0   6   1   1   0   0   0  1.25 0.25
   21 F   -4 -4 -3 -5 -1 -3 -4 -5  2 -3 -3 -4 -3  5 -5 -3 -3  0  8 -3    0   0   1   0   1   0   0   0   4   0   0   0   0  23   0   1   0   0  69   0  1.68 0.32
   22 K    0  1 -2 -3 -3  0 -1 -3 -1  1 -1  5 -2 -2 -3 -2 -1 -4 -2  1    8   7   1   0   0   1   1   0   1  13   2  50   0   1   0   0   1   0   1  14  0.44 0.17
   23 I   -2 -5 -5 -5 -3 -4 -4 -5 -5  4 -1 -4 -1 -2 -4 -4 -2 -5 -3  6    0   0   0   0   0   0   0   0   0  21   0   0   0   0   0   0   0   0   0  79  1.19 0.28
   24 A    5  1 -2 -3 -3 -1 -2 -2 -2 -3 -3  4 -3 -4 -3 -1 -1 -4 -3 -2   59   9   0   0   0   0   0   0   0   0   0  30   0   0   0   0   1   0   0   0  0.76 0.23
   25 D   -4 -4 -1  8 -6 -2  0 -4 -3 -6 -6 -3 -5 -6 -4 -2 -3 -7 -5 -6    0   0   0  99   0   0   0   0   0   0   0   0   0   0   0   1   0   0   0   0  2.11 0.37
   26 L   -3 -4 -5 -5 -3 -4 -4 -5 -4  5  4 -4  4 -1 -3 -4 -2 -4 -3  0    0   0   0   0   0   0   0   0   0  47  38   0  13   0   1   0   0   0   0   0  0.85 0.21
   27 S    2 -2  1 -1 -3 -1 -1  1 -2 -4 -4 -1 -3 -4 -2  5  1 -4 -3 -3   13   0   5   1   0   0   1  12   0   0   0   2   0   0   0  60   4   0   0   0  0.68 0.21
   28 L   -3 -3 -5 -5 -3  1 -2 -5 -4  0  6 -3  1 -1 -4 -4 -3 -3 -3 -1    1   0   0   0   0   9   3   0   0   0  87   0   1   0   0   0   0   0   0   0  1.01 0.26
   29 A    6 -3 -3 -4 -2 -3 -3 -2  0 -3 -4 -3 -3 -4 -3  0 -2 -4 -4 -2   96   0   0   0   0   0   0   0   2   0   0   0   0   0   0   1   0   0   0   0  1.31 0.32
   30 D    1 -2 -1  5 -4  0  4 -1 -1 -4 -4 -1 -3 -5 -1 -1 -2 -5 -4 -3   14   1   0  39   0   1  34   5   1   0   0   1   0   0   2   1   1   0   0   1  0.74 0.19
   31 F    0 -4 -5 -4 -4 -4 -3 -4 -2 -3 -1 -4 -2  6 -5 -3 -4  9  3 -3   10   0   0   0   0   0   1   0   0   0   4   0   0  44   0   2   0  29  10   0  1.39 0.27
   32 G   -2 -4 -2 -3 -5 -4 -4  7 -4 -6 -6 -4 -5 -5 -4 -2 -4 -5 -5 -5    0   0   0   0   0   0   0 100   0   0   0   0   0   0   0   0   0   0   0   0  2.01 0.34
   33 R   -4  8 -1 -3 -6 -1 -2 -4  0 -4 -4  1 -3 -5 -4 -3 -3 -3 -3 -5    0  93   1   0   0   0   0   0   2   1   0   1   0   0   0   0   0   0   0   0  1.78 0.35
   34 K   -2  2 -2 -2 -4  0 -1 -3  3 -3 -1  6 -1 -4 -3 -2 -1 -4 -3 -3    1   5   0   1   0   1   1   0  10   1   8  69   2   0   0   0   2   0   0   0  0.88 0.24
   35 E   -3 -1 -2  0 -6  3  7 -4 -2 -5 -5 -1 -4 -5 -3 -2 -3 -5 -3 -5    0   1   0   2   0  12  84   0   0   0   0   0   0   0   0   0   0   0   0   0  1.48 0.32
   36 L   -3 -4 -5 -5 -3 -4 -5 -5 -5  6  3 -4  3 -1 -5 -4 -2 -4 -3  1    0   0   0   0   0   0   0   0   0  68  24   0   8   0   0   0   0   0   0   0  1.04 0.24
   37 R    0  3  0  3 -4  2  3 -2 -1 -3 -3  0 -2 -4 -2  0  0 -4 -3 -3   11  23   4  19   0   7  20   0   0   1   1   3   0   0   0   4   7   0   0   1  0.41 0.12
   38 I   -3 -4 -5 -5 -3 -4 -5 -5 -5  5  4 -4  2 -1 -4 -4 -2 -4 -3  1    0   0   0   0   0   0   0   0   0  48  46   0   5   0   0   0   0   0   0   1  0.91 0.22
   39 A    6 -3 -3 -4 -2 -3 -3 -2 -4 -3 -4 -3 -3 -4 -3  1 -2 -5 -4 -2   94   0   0   0   0   0   0   0   0   0   0   0   0   0   0   6   0   0   0   0  1.29 0.31
   40 E   -3 -2 -2 -1 -6  1  7 -4 -2 -6 -5 -1 -4 -6 -3 -2 -3 -5 -4 -5    0   0   0   0   0   2  98   0   0   0   0   0   0   0   0   0   0   0   0   0  1.81 0.37
   41 H   -1  0  0 -2 -3  0 -1 -2  6 -1 -3  0 -2 -3 -3 -1  4 -4  0  0    2   4   3   0   0   2   2   1  30   2   0   7   0   0   0   2  33   0   3   9  0.53 0.18
   42 E   -3 -2 -2 -1 -6  0  7 -4 -2 -6 -5 -1 -4 -6 -3 -2 -3 -5 -4 -5    0   0   0   0   0   0 100   0   0   0   0   0   0   0   0   0   0   0   0   0  1.87 0.38
   43 M   -4 -4 -5 -6 -4 -3 -5 -5 -4 -1  0 -4 10 -3 -5 -4 -3 -4 -4 -2    0   0   0   0   0   0   0   0   0   0   0   0 100   0   0   0   0   0   0   0  2.50 0.47
   44 P   -3 -5 -4 -4 -5 -4 -4 -5 -5 -5 -5 -3 -5 -6  9 -3 -3 -6 -5 -5    0   0   0   0   0   0   0   0   0   0   0   0   0   0 100   0   0   0   0   0  2.92 0.42
   45 G   -1 -4 -2 -3 -5 -4 -4  7 -4 -6 -6 -4 -5 -5 -4 -2 -4 -5 -5 -5    1   0   0   0   0   0   0  99   0   0   0   0   0   0   0   0   0   0   0   0  1.98 0.33
   46 L   -3 -4 -5 -6 -3 -4 -5 -6 -5  0  6 -4  0 -1 -5 -4 -3 -4 -3 -1    0   0   0   0   0   0   0   0   0   0 100   0   0   0   0   0   0   0   0   0  1.38 0.30
   47 M   -3 -4 -5 -6 -4 -3 -5 -5 -4  0  0 -4 10 -2 -5 -4 -3 -4 -4 -1    0   0   0   0   0   0   0   0   0   3   0   0  95   0   0   0   0   0   0   2  2.31 0.45
   48 S    5 -3 -2 -3 -2  0 -1 -1 -3 -3 -3 -2 -2 -4 -2  2 -1 -4 -3 -2   74   0   1   0   0   5   3   0   0   0   0   1   0   0   0  14   1   0   0   0  0.85 0.24
   49 L   -2 -4 -4 -4  5 -3 -4 -4 -4  3  3 -3  1 -1 -4 -1  1 -3 -3  1    1   0   0   0  15   0   0   0   0  23  40   0   2   0   0   3  12   0   0   5  0.53 0.15
   50 R   -4  8 -3 -4 -6 -1 -2 -5 -2 -2 -4  0 -3 -5 -4 -3 -3 -5 -4 -3    0  95   0   0   0   0   0   0   0   4   0   0   0   0   0   0   0   0   0   1  1.83 0.36
   51 R    1  3 -1  0 -4  1  4 -3 -1 -4 -4  2 -3 -4 -2 -1  0 -4 -3 -3   14  18   1   4   0   2  42   0   1   0   0  11   0   0   0   2   5   0   0   0  0.56 0.16
   52 E   -3  0 -2 -1 -5  1  6 -4 -2 -5 -5  3 -3 -5 -3 -2 -2 -5 -4 -4    0   3   0   0   0   2  73   0   0   0   0  21   0   0   0   0   0   0   0   0  1.25 0.29
   53 Y   -4 -4 -4 -5 -5 -4 -4 -5  1 -3 -2 -4 -3  6 -5 -4 -4  0  8 -3    0   0   0   0   0   0   0   0   2   0   1   0   0  36   0   0   0   0  61   0  1.75 0.33
   54 A    3 -2 -2 -2 -3 -2 -2  5 -1 -4 -4 -1 -3 -4 -2  0 -2 -4 -4 -3   37   2   0   0   0   1   1  50   1   0   0   3   0   0   1   4   0   0   0   0  0.82 0.20
   55 E    2 -1 -1  2 -3  0  2  0 -1 -3 -3  1 -3 -3  4  0 -1 -4 -3 -2   24   0   1  10   0   2  18   6   1   0   0   7   0   1  21   6   2   0   0   1  0.43 0.12
   56 V    2 -1 -1  0 -2  2  2 -2 -2 -2 -2  1 -2 -3 -2  3  0 -4 -3  0   16   1   0   2   0  12  13   1   0   0   1   8   0   0   0  33   4   0   0   7  0.31 0.13
   57 Q   -2  0 -2 -2 -5  7  0 -4 -1 -4 -3  4 -2 -4 -3 -2 -3 -4 -2 -4    1   2   0   0   0  56   0   0   1   0   2  36   0   1   0   0   0   0   1   0  1.13 0.29
   58 P   -3 -5 -4 -4 -5 -4 -3 -5 -5 -4 -5 -3 -5 -6  9 -3 -3 -6 -5 -4    1   0   0   0   0   0   0   0   0   1   0   0   0   0  97   0   0   0   0   1  2.77 0.41
   59 L   -3 -4 -5 -6 -3 -4 -5 -6 -5  0  6 -4  0  2 -5 -4 -3 -3 -2 -1    0   0   0   0   0   0   0   0   0   0  93   0   0   7   0   0   0   0   0   1  1.22 0.28
   60 K    2  2 -2 -2 -3  0 -1 -3 -2 -4 -4  6 -3 -5 -3 -1 -2 -5 -3 -3   21   7   0   0   0   3   1   0   0   0   0  66   0   0   0   1   1   0   0   0  0.89 0.24
   61 G   -2 -4 -2 -3 -5 -4 -4  7 -4 -6 -6 -4 -5 -5 -4 -2 -4 -5 -5 -5    0   0   0   0   0   0   0  99   0   0   0   0   0   0   0   0   0   0   0   0  1.99 0.34
   62 A    6 -3 -3 -4 -2 -2 -3 -2 -4 -2 -2 -2 -1 -2 -3  0 -2 -4 -3  1   84   0   0   0   0   1   0   0   0   0   3   0   1   2   0   2   0   0   0   8  0.97 0.27
   63 R   -3  7 -1 -3 -4 -1 -2 -4 -2 -5 -4  3 -3 -4 -4 -3 -3 -5 -4 -5    0  84   1   0   0   0   0   0   0   0   0  14   0   0   0   0   0   0   0   0  1.62 0.32
   64 I   -3 -5 -5 -5 -3 -5 -5 -6 -5  7  0 -5 -1 -2 -5 -4 -2 -5 -3  3    0   0   0   0   0   0   0   0   0  86   2   0   0   0   0   0   0   0   0  13  1.37 0.30
   65 S    3 -3 -2 -3 -2 -2 -2 -2 -3 -2 -2 -2  2 -3 -2  2  4 -4 -3  0   32   0   0   0   0   0   0   0   0   0   0   0   9   0   0  20  34   0   0   4  0.55 0.19
   66 G   -2 -4 -2 -3 -3 -4 -4  7 -4 -6 -6 -4 -5 -5 -4 -2 -4 -5 -5 -5    0   0   0   0   1   0   0  99   0   0   0   0   0   0   0   0   0   0   0   0  1.99 0.34
   67 S   -1 -3 -1 -2 -1 -2 -2 -2 -3 -5 -5 -2 -4 -5 -3  7 -1 -5 -4 -4    0   0   0   0   1   0   0   0   0   0   0   0   0   0   0  99   0   0   0   0  1.52 0.37
   68 L   -3 -4 -5 -6 -3 -4 -5 -6 -5  1  6 -4  0 -1 -5 -4 -3 -4 -3 -1    0   0   0   0   0   0   0   0   0   5  95   0   0   0   0   0   0   0   0   0  1.28 0.28
   69 H   -4 -3 -2 -4 -6 -2 -3 -5 11 -6 -6 -3 -4 -4 -5 -3 -4 -5 -1 -6    0   0   0   0   0   0   0   0 100   0   0   0   0   0   0   0   0   0   0   0  2.95 0.47
   70 M   -4 -4 -5 -6 -4 -3 -5 -5 -4 -1  0 -4 10 -3 -5 -4 -3 -4 -4 -2    0   0   0   0   0   0   0   0   0   0   0   0  99   0   0   0   0   0   0   0  2.50 0.48
   71 T   -2 -3 -2 -3 -3 -3 -3 -4 -4 -3 -4 -3 -3 -4 -3 -1  8 -5 -4 -2    0   0   0   0   0   0   0   0   0   0   0   0   0   0   0   0 100   0   0   0  1.77 0.39
   72 V   -3 -4 -5 -5 -3 -4 -5 -5 -5  6  0 -3 -1 -2 -4 -4 -2 -5 -3  4    0   0   0   0   0   0   0   0   0  69   0   2   0   0   0   0   1   0   0  28  1.11 0.26
   73 Q   -3 -1 -2 -3 -6  8  0 -4 -2 -5 -5 -1 -3 -6 -4 -2 -3 -4 -4 -5    0   0   0   0   0  98   2   0   0   0   0   0   0   0   0   0   0   0   0   0  2.10 0.43
   74 T   -2 -3 -2 -3 -3 -3 -3 -4 -4 -3 -4 -3 -3 -4 -3 -1  8 -5 -4 -2    0   0   0   0   0   0   0   0   0   0   0   0   0   0   0   0 100   0   0   0  1.77 0.39
   75 A    6 -3 -3 -4 -2 -3 -3  1 -4 -3 -4 -3 -3 -4 -3 -1 -2 -5 -4 -2   93   0   0   0   0   0   0   7   0   0   0   0   0   0   0   0   0   0   0   0  1.27 0.31
   76 V   -2 -4 -5 -5 -2 -4 -4 -5 -5  1 -1 -4  2 -2 -4 -4 -2 -5 -3  7    1   0   0   0   0   0   0   0   0   1   0   0   6   0   0   0   0   0   0  92  1.32 0.31
   77 L   -3 -4 -5 -6 -3 -4 -5 -6 -5  0  6 -4  0 -1 -5 -4 -3 -4 -3 -1    0   0   0   0   0   0   0   0   0   0 100   0   0   0   0   0   0   0   0   0  1.39 0.30
   78 I   -3 -5 -5 -5 -3 -5 -5 -6 -5  7  0 -5  0 -2 -5 -4 -3 -5 -3  1    0   0   0   0   0   0   0   0   0  97   0   0   0   0   0   0   0   0   0   1  1.62 0.34
   79 E   -3 -2 -2  0 -6  1  7 -4 -2 -5 -5  0 -4 -5 -3 -2 -3 -5 -4 -5    0   0   0   1   0   3  92   0   0   0   0   3   0   0   0   0   0   0   0   0  1.65 0.34
   80 T   -2 -3 -2 -3 -1 -3 -3 -4 -4 -3 -3 -3 -3 -4 -3 -1  7 -5 -4 -2    0   0   0   0   1   0   0   0   0   0   0   0   0   0   0   0  98   0   0   0  1.71 0.38
   81 L   -3 -4 -5 -6 -3 -4 -5 -6 -5  0  6 -4  1 -1 -5 -4 -3 -4 -3 -1    0   0   0   0   0   0   0   0   0   0 100   0   0   0   0   0   0   0   0   0  1.38 0.30
   82 T   -1 -1 -2 -3 -3  0 -1 -3 -1  0 -1  2 -1 -3 -3 -1  3 -4  0  4    3   1   0   0   0   5   4   0   2   1   0  16   0   0   0   0  24   0   3  40  0.34 0.16
   83 A    5 -3 -2  1 -3 -2  2 -2 -1 -3 -3 -1 -3 -4 -2  0 -1 -4 -3 -2   70   0   0   7   0   0  15   0   1   0   0   2   0   0   0   3   1   0   0   1  0.74 0.23
   84 L   -3 -4 -5 -6 -2 -4 -5 -6 -5  1  6 -4  0 -1 -5 -4 -3 -4 -3 -1    0   0   0   0   0   0   0   0   0   4  95   0   0   0   0   0   0   0   0   0  1.28 0.28
   85 G   -2 -4 -2 -3 -5 -4 -4  7 -4 -6 -6 -4 -5 -5 -4 -2 -4 -5 -5 -5    0   0   0   0   0   0   0 100   0   0   0   0   0   0   0   0   0   0   0   0  2.00 0.34
   86 A    6 -3 -4 -4 -2 -3 -3 -1 -4 -3 -4 -3 -3 -4 -3 -1 -2 -5 -4 -2   98   0   0   0   0   0   0   2   0   0   0   0   0   0   0   0   0   0   0   0  1.39 0.33
   87 E   -3 -1  0  5 -5  2  5 -3 -2 -5 -5 -1 -4 -5 -3 -1 -2 -5 -4 -4    0   2   3  36   0  11  43   0   0   0   0   2   0   0   0   2   1   0   0   0  0.95 0.22
   88 V   -2 -4 -5 -5 -3 -4 -4 -5 -5  3  0 -4 -1 -3 -4 -4 -2 -5 -3  6    0   0   0   0   0   0   0   0   0  11   4   0   0   0   0   0   0   0   0  86  1.22 0.29
   89 R   -4  8 -3 -4 -6 -1 -2 -5 -2 -5 -5  0 -4 -5 -4 -3 -3 -5 -4 -5    0  99   0   0   0   0   0   0   0   0   0   1   0   0   0   0   0   0   0   0  2.05 0.38
   90 W   -6 -6 -7 -7 -5 -5 -6 -6 -5 -6 -5 -6 -4 -2 -7 -6 -5 13 -1 -6    0   0   0   0   0   0   0   0   0   0   0   0   0   0   0   0   0 100   0   0  4.33 0.56
   91 A    5 -3 -3 -4  5 -3 -3 -2 -4 -2 -3 -3 -3 -4 -3  0 -2 -4 -4  1   71   0   0   0  16   0   0   0   0   0   0   0   0   0   0   3   0   0   0   9  0.96 0.26
   92 S   -1 -3 -1 -2 -3 -2 -2 -2 -3 -5 -5 -2 -4 -5 -3  7  1 -5 -4 -4    0   0   0   0   0   0   0   0   0   0   0   0   0   0   0  96   4   0   0   0  1.45 0.35
   93 C   -3 -6 -5 -6 11 -6 -6 -5 -6 -4 -4 -6 -4 -5 -5 -2 -3 -5 -5 -3    0   0   0   0  97   0   0   0   0   0   0   0   0   0   0   3   0   0   0   0  3.19 0.47
   94 N   -4 -3  8 -1 -5 -2 -3 -3 -2 -6 -6 -2 -5 -6 -4 -2 -2 -6 -5 -5    0   0 100   0   0   0   0   0   0   0   0   0   0   0   0   0   0   0   0   0  2.17 0.41
   95 I   -3 -5 -6 -5 -3 -5 -5 -6 -6  8  0 -5 -1 -2 -5 -5 -3 -5 -3  1    0   0   0   0   0   0   0   0   0  99   0   0   0   0   0   0   0   0   0   1  1.69 0.35
   96 F   -4 -5 -5 -6 -5 -5 -5 -5 -3 -2 -2 -5 -2  8 -6 -5 -4 -1  4 -3    0   0   0   0   0   0   0   0   0   0   0   0   0  86   0   0   0   0  14   0  1.99 0.35
   97 S   -1 -3 -1 -2 -3 -2 -2 -2 -3 -5 -5 -2 -4 -5 -3  7 -1 -5 -4 -4    0   0   0   0   0   0   0   0   0   0   0   0   0   0   0 100   0   0   0   0  1.57 0.37
   98 T   -2 -3 -2 -3 -3 -3 -3 -4 -4 -3 -4 -3 -3 -4 -3 -1  7 -5 -4 -2    0   0   0   0   0   0   0   0   0   0   0   0   0   0   0   0 100   0   0   0  1.76 0.39
   99 Q   -3 -1 -2 -2 -5  8  0 -4 -2 -5 -5 -1 -3 -6 -4 -2 -3 -4 -4 -5    0   0   0   1   0  97   1   0   0   0   0   0   0   0   0   0   0   0   0   0  2.07 0.43
  100 D   -4 -4 -1  8 -6 -2  0 -3 -3 -5 -6 -3 -5 -6 -4 -2 -3 -6 -5 -5    0   0   0  98   0   0   0   0   0   0   0   0   0   0   0   0   0   0   0   0  2.07 0.37
  101 H   -3 -2 -1 -2 -5 -1  1 -4 10 -5 -5 -3 -4 -4 -4 -3 -3 -4 -1 -5    1   0   1   1   0   1  11   0  83   0   0   0   0   0   0   0   1   0   0   0  2.14 0.38
  102 A    4 -1 -1 -1  0 -1 -1  0 -1 -1 -1 -1 -1 -1  0  0  0 -1 -1 -1   53   3   2   3   1   2   3   4   1   3   5   3   1   2   3   4   3   1   2   3  0.27 0.06
  103 A    4 -1 -1 -1 -1 -1 -1  0 -1 -1 -1 -1 -1 -1  0  0  0 -1 -1 -1   53   3   2   3   1   2   3   4   1   3   5   3   1   2   3   4   3   1   2   3  0.27 0.06
  104 A    4 -1 -1 -1 -1 -1 -1  0 -1 -1 -1 -1 -1 -1  0  0  0 -1 -1 -1   52   3   2   3   1   2   3   4   1   3   5   3   1   2   3   4   3   1   2   3  0.26 0.06
  105 A    4 -1 -1 -1 -1 -1 -1  0 -1 -1 -1 -1 -1 -1  0  0  0 -1 -1 -1   52   3   2   3   1   2   3   4   1   3   5   3   1   2   3   4   3   1   2   3  0.26 0.06
  106 V    0 -1 -1 -1 -1 -1 -1 -1 -1  3  0 -1  0 -1 -1 -1  0 -1 -1  2    4   3   2   3   1   2   3   4   1  28   6   3   1   2   3   4   4   1   2  23  0.12 0.03
  107 V    2 -1 -1 -1 -1 -1 -1 -1 -1  0  0 -1  0 -1 -1  0  0 -1 -1  2   26   3   2   3   1   2   3   4   1   3   5   3   1   2   3   4   3   1   2  30  0.11 0.04
  108 V    0  0 -1 -1 -1  0  0 -1 -1  1  0  0  0 -1  0  0  0 -1 -1  2    8   6   3   4   1   3   5   5   1   3   6   5   1   2   3   4   4   1   2  33  0.05 0.02
  109 G    0 -1  0  0 -1  0  0  3 -1 -1 -1  0 -1 -1  0  0  0 -1 -1 -1    6   3   3   5   1   3   4  33   2   3   7   4   1   3   3   5   4   1   2   5  0.16 0.02
  110 P    0  0  0  0 -1  0  0  0 -1 -1 -1  0 -1 -1  4  0  0 -1 -1 -1    9   5   4   4   1   4   4   7   1   3   6   6   1   3  24   5   4   1   2   4  0.23 0.02
  111 H    4 -2  1  1 -2 -1  0 -1  2 -2 -2 -1 -2 -2 -1  0  0 -3 -1 -1   52   1   7   7   0   1   4   2   7   1   2   1   1   1   1   3   4   0   2   2  0.34 0.12
  112 G    4 -2 -2 -2 -2 -2 -2  4 -2 -2 -3 -2 -2 -3 -2  0 -1 -3 -3 -2   54   1   1   1   0   1   1  30   0   1   2   1   0   1   1   1   1   0   1   1  0.62 0.15
  113 T    4 -2 -1 -2 -2 -1 -2 -1 -2 -2 -2 -1 -2 -3 -2  0  3 -3 -2 -1   52   1   1   1   0   1   1   1   0   1   2   2   0   1   1   3  29   0   1   1  0.53 0.15
  114 P    4 -2 -2 -2 -2 -2 -2 -1 -2 -1 -2 -1 -2 -3  4  0 -1 -3 -2  0   51   1   1   1   0   1   1   2   1   4   2   2   0   1  20   1   1   0   1   9  0.52 0.13
  115 D   -1 -2 -2  1 -2 -1  2 -2 -2  4  0 -2  0 -2 -2 -1 -1 -3 -2  1    5   1   1  10   0   1  18   2   0  46   2   1   1   1   1   2   1   0   1   3  0.29 0.11
  116 E    4 -1  0  1 -2  0  1 -1 -2 -2 -2  0 -2 -3 -2  0 -1 -3 -2 -1   54   2   5   9   0   3   9   1   1   1   2   5   0   1   1   2   1   0   1   2  0.38 0.12
  117 P    3  1 -2  0 -3 -1  0 -2 -2 -3 -3  1 -2 -4  5  0 -1 -4 -3 -2   36   7   1   5   0   2   7   0   0   0   1   7   0   0  29   2   1   0   0   1  0.58 0.15
  118 K    2  1  0  1 -2  2  0  1 -1 -3 -3  1 -2 -3 -2  1  1 -3 -3 -2   28   6   3   9   0  13   3   8   0   0   1   9   0   0   0   7  11   0   0   0  0.24 0.09
  119 G   -1 -4 -1 -2 -4 -3 -3  6 -3 -5 -4 -3 -2 -4 -3  1 -2 -4 -4 -4    1   0   1   1   0   0   1  80   0   0   1   0   1   0   0  12   2   0   0   0  1.32 0.25
  120 V    1 -3 -3 -3 -1 -3 -3 -3 -4  3 -1 -3 -1 -2 -2 -1  3 -4 -3  4   15   0   0   0   0   0   0   0   0  21   1   0   0   0   1   1  23   0   0  37  0.48 0.17
  121 P    1 -4 -3 -3 -4 -3 -3 -3 -4 -4 -5 -1 -4 -5  8 -1 -3 -5 -5 -4   15   0   0   0   0   0   0   0   0   0   0   3   0   0  77   4   0   0   0   0  1.96 0.32
  122 V   -2 -5 -5 -5 -2 -4 -5 -5 -5  1 -1 -4 -1 -3 -5 -4 -2 -5 -3  7    0   0   0   0   0   0   0   0   0   0   0   0   0   0   0   0   0   0   0  99  1.51 0.34
  123 F   -5 -5 -5 -6 -5 -5 -6 -6 -3 -2 -2 -5 -2  9 -6 -5 -4 -1  3 -3    0   0   0   0   0   0   0   0   0   0   0   0   0  95   0   0   0   0   5   0  2.18 0.38
  124 A    7 -4 -4 -4 -2 -3 -3 -2 -4 -3 -4 -3 -3 -4 -3 -1 -2 -5 -4 -2  100   0   0   0   0   0   0   0   0   0   0   0   0   0   0   0   0   0   0   0  1.44 0.34
  125 W   -4 -4 -5 -6 -4 -4 -5 -5 -2  1 -3 -3 -3  1 -5 -5 -3 11  2  1    0   0   0   0   0   0   0   0   1  11   0   2   0   4   0   0   1  62   5  13  2.17 0.35
  126 K   -3  0 -2 -3 -5 -1 -1 -4 -3 -5 -5  7 -4 -5 -3 -2 -3 -5 -4 -5    0   0   0   0   0   0   0   0   0   0   0 100   0   0   0   0   0   0   0   0  1.75 0.37
  127 G   -2 -4 -2 -3 -5 -4 -4  7 -4 -6 -6 -4 -5 -5 -4 -2 -4 -5 -5 -5    0   0   1   0   0   0   0  99   0   0   0   0   0   0   0   0   0   0   0   0  1.98 0.34
  128 E   -3 -2 -2 -1 -6  1  7 -4 -2 -5 -5 -1 -3 -6 -3 -2 -3 -5 -4 -5    0   0   0   0   0   4  96   0   0   0   0   0   0   0   0   0   0   0   0   0  1.75 0.36
  129 T   -2 -3 -1 -3 -3 -2 -3 -3 -3 -3 -3 -2 -3 -4 -3  3  6 -5 -4 -2    0   0   2   0   0   0   0   0   0   0   0   0   0   0   0  25  73   0   0   0  1.19 0.30
  130 L   -3 -4 -5 -6 -3 -4 -5 -6 -5  0  6 -4  0 -1 -5 -4 -3 -4 -3 -1    0   0   0   0   0   0   0   0   0   1  98   0   0   0   0   0   0   0   0   1  1.33 0.29
  131 E    0 -1 -1  2 -5  2  6 -3 -2 -4 -4  0 -3 -5 -1 -1 -1 -4 -3 -3    7   1   0  11   0   8  63   0   0   0   0   2   0   0   2   1   3   0   0   2  0.87 0.22
  132 E   -3 -2 -2  3 -6  0  7 -4 -2 -5 -5 -1 -4 -5 -3 -2 -3 -5 -4 -5    0   0   0  17   0   1  82   0   0   0   0   0   0   0   0   0   0   0   0   0  1.51 0.32
  133 Y   -4 -4 -4 -6 -5 -4 -4 -6  2 -4 -4 -4 -3  1 -5 -4 -4  0  9 -4    0   0   0   0   0   0   0   0   4   0   0   0   0   2   0   0   0   0  94   0  2.39 0.42
  134 W   -6 -6 -7 -7 -5 -5 -6 -6 -5 -6 -5 -6 -4 -2 -7 -6 -5 13 -1 -6    0   0   0   0   0   0   0   0   0   0   0   0   0   0   0   0   0 100   0   0  4.33 0.56
  135 W   -1 -3 -2  4 -5 -1  2 -4 -3 -4 -4 -3 -4 -2 -4 -2 -2 10 -1 -4    5   0   0  27   0   2  13   0   0   1   0   0   0   0   0   1   2  48   0   0  1.69 0.31
  136 A    0 -4 -3 -5  9 -4 -4 -4 -2 -3 -2 -4 -3  1 -5 -3 -2 -2  6 -3    6   0   1   0  51   0   0   0   0   0   2   0   0   6   0   0   2   0  32   0  1.54 0.30
  137 A    1 -3 -2 -3 -1 -2 -3 -3 -4  0 -1 -3 -1 -3 -3  0  6 -4 -3  0   12   0   0   0   1   0   0   0   0   4   6   0   0   0   0   2  69   0   0   5  0.86 0.25
  138 E   -1  0  0  3 -4  0  4 -2  5 -3 -1  0 -2 -2 -3 -1 -2  0 -1 -3    3   3   2  19   0   1  34   3  20   0   7   3   1   1   0   1   0   1   1   1  0.51 0.16
  139 Q   -1  4 -1 -1 -4  5  0 -3 -1 -4 -3  3  1 -4 -3 -1 -2 -4 -2 -4    4  31   2   3   0  36   1   0   1   0   0  15   4   0   0   2   0   0   1   0  0.75 0.21
  140 M    3 -3 -4 -4 -1 -3 -3 -3 -4  4  0 -3  3 -2 -3 -1 -1 -4 -3  1   36   0   0   0   1   0   0   0   0  41   5   0   9   0   0   4   1   0   0   3  0.52 0.18
  141 L   -3 -4 -5 -5 -3 -4 -5 -5 -4  0  4 -4  1  6 -5 -4 -3 -1  0 -1    0   0   0   0   0   0   0   0   0   3  51   0   3  43   0   0   0   0   0   1  1.02 0.23
  142 T   -1  0  1  3 -3  2  2 -3 -1 -2 -2 -1  0 -3 -2  0  3 -4 -3 -2    3   3   4  20   0   8  19   0   0   0   2   1   2   0   0   6  29   0   0   2  0.39 0.14
  143 W   -5 -5 -5 -7 -5 -5 -6 -5 -1 -4 -3 -6 -4  5 -6 -5 -5 12  0 -5    0   0   0   0   0   0   0   0   1   0   0   0   0  25   0   0   0  73   0   0  3.09 0.44
  144 P    0 -2 -2 -2 -4 -2  0  2  0 -4 -4 -2 -3 -4  6  0 -1 -4 -3 -3    7   2   0   1   0   0   6  18   3   0   1   1   0   0  51   5   3   0   0   0  1.04 0.19
  145 D   -1 -2  1  6 -4 -1  2  2 -2 -4 -4 -2 -3 -4  1 -1 -2 -4 -4 -3    3   0   7  51   0   0  10  16   0   1   1   1   0   0   6   2   1   0   0   1  0.73 0.17
  146 P    0 -3 -1  0 -2 -2  0  6 -2 -4 -4 -2 -3 -4  1 -1 -2 -4 -4 -4    6   1   1   6   1   1   5  67   1   0   0   1   1   0   6   1   0   0   0   1  0.94 0.19
  147 D    0 -1  0  2 -3  1  1  3 -1 -2 -2  1 -2 -3 -2  1  0 -3 -2 -2    5   2   4  12   0   8   9  26   1   1   3   9   0   1   1   8   7   0   1   2  0.23 0.07
  148 K    0 -1 -1 -1 -1  0  1  5 -1 -3 -2 -1 -2 -1 -2 -1  0 -2  0 -2    4   2   1   2   1   3  10  49   2   1   4   2   1   2   1   2   6   0   4   1  0.44 0.11
  149 P   -2 -3 -2 -2 -3 -2 -2  2 -2 -3 -3 -2 -3 -2  7 -1  0 -4 -3 -3    1   1   1   1   0   1   1  20   1   1   2   1   0   2  57   2   6   0   1   1  1.20 0.20
  150 A    2 -1 -1 -1  0 -1 -1 -1 -1 -1 -1 -1 -1 -2  4  1  0 -2 -1 -1   22   2   2   2   3   2   4   3   1   2   4   2   1   2  27  12   5   1   1   3  0.37 0.06
  151 N   -3 -2  7  3 -5  1 -1 -2 -1 -5 -5 -2 -4 -5 -4 -1 -2 -5 -4 -5    0   0  69  19   0   7   2   0   1   0   0   0   0   0   0   0   1   0   0   0  1.32 0.28
  152 M   -3 -4 -5 -5 -3 -3 -4 -5 -4  1  4 -4  8 -2 -5 -4 -3 -3 -3 -1    0   0   0   0   0   0   0   0   0   4  39   0  56   0   0   0   0   0   0   1  1.28 0.30
  153 I   -3 -5 -5 -5 -3 -5 -5 -6 -5  7  1 -5 -1 -2 -5 -4 -3 -5 -3  2    0   0   0   0   0   0   0   0   0  89   6   0   0   0   0   0   0   0   0   5  1.42 0.30
  154 L   -3 -4 -5 -5 -3 -4 -4 -5 -5  1  5 -4  0 -1 -4 -4 -2 -4 -3  4    0   0   0   0   0   0   0   0   0   1  66   0   0   0   0   0   0   0   0  33  0.91 0.23
  155 D   -4 -4 -1  8 -6 -3 -1 -4 -3 -6 -6 -3 -5 -6 -4 -2 -3 -7 -6 -6    0   0   0 100   0   0   0   0   0   0   0   0   0   0   0   0   0   0   0   0  2.17 0.38
  156 D   -4 -4 -1  8 -6 -3 -1 -4 -3 -6 -6 -3 -5 -6 -4 -2 -3 -7 -6 -6    0   0   0 100   0   0   0   0   0   0   0   0   0   0   0   0   0   0   0   0  2.17 0.38
  157 G   -2 -4 -2 -3 -5 -4 -4  7 -4 -6 -6 -4 -5 -5 -4 -2 -4 -5 -5 -5    0   0   0   0   0   0   0 100   0   0   0   0   0   0   0   0   0   0   0   0  2.02 0.34
  158 G   -1 -4 -2 -3 -5 -4 -4  7 -4 -6 -6 -4 -5 -5 -4 -2 -4 -5 -5 -5    2   0   0   0   0   0   0  98   0   0   0   0   0   0   0   1   0   0   0   0  1.93 0.33
  159 D   -4 -4 -1  8 -6 -3 -1 -4 -3 -6 -6 -3 -5 -6 -4 -2 -3 -7 -6 -6    0   0   0 100   0   0   0   0   0   0   0   0   0   0   0   0   0   0   0   0  2.17 0.38
  160 A    6 -3 -4 -4 -2 -3 -3 -2 -4 -3 -3 -3  0 -4 -3 -1 -2 -5 -4  0   92   0   0   0   0   0   0   0   0   0   0   0   2   0   0   0   0   0   0   4  1.22 0.31
  161 T   -2 -3 -2 -3 -3 -3 -3 -4 -4 -3 -3 -3 -3 -4 -3  0  7 -5 -4 -2    0   0   0   0   0   0   0   0   0   0   0   0   0   0   0   1  99   0   0   0  1.74 0.38
  162 M   -3 -4 -2 -4 -3 -3 -4 -3 -3  0  5 -4  6 -1 -4 -3 -2 -3 -3 -1    1   0   2   0   0   0   0   3   0   0  66   0  26   0   0   0   1   0   0   0  0.92 0.24
  163 L   -2 -4 -5 -5 -3 -3 -4 -5 -3  0  5 -4  3  2 -4 -4 -3 -2  3 -1    3   0   0   0   0   0   0   0   0   1  66   0   8   8   0   0   0   0  13   0  0.79 0.21
  164 V   -1 -4 -4 -5 -1 -4 -4 -5 -4  5  2 -4  1 -1 -4 -3 -2 -4 -3  4    4   0   0   0   1   0   0   0   0  38  13   0   4   1   0   0   0   0   0  39  0.70 0.18
  165 L   -3 -3 -2 -4 -4 -2 -3 -4  9  1  2 -3 -1 -3 -4 -3 -2 -4 -1 -2    0   0   0   0   0   0   0   0  64   8  23   0   1   0   0   0   1   0   0   1  1.40 0.31
  166 R   -2  2 -2 -2 -3  0  2 -3 -1 -1  2  3  0 -2 -3 -2 -1  3 -2 -1    0  10   0   0   0   4  14   0   1   2  33  27   1   0   0   0   2   4   0   1  0.31 0.13
  167 G   -2 -4 -2 -3 -5 -4 -4  7 -4 -6 -6 -4 -5 -5 -4 -2 -4 -5 -5 -5    1   0   0   0   0   0   0  99   0   0   0   0   0   0   0   0   0   0   0   0  2.00 0.34
  168 M    2 -1 -2 -3  0 -2 -2 -2 -2  0 -1 -1  0  0 -2  0  0 -2  2  3   29   2   0   0   1   1   1   0   0   0   3   3   2   3   1   7   5   0  11  30  0.23 0.12
  169 Q   -2  4 -1 -1 -2  2  4 -3 -1 -4 -4  4 -2 -4 -3 -2 -2 -4 -3 -4    2  27   0   2   1   9  31   0   0   0   0  27   0   0   0   0   0   0   0   0  0.73 0.19
  170 Y    4 -3 -3 -4 -1 -3 -3 -2 -2  0  0 -3  0  3 -3 -1 -2  2  3  0   45   1   0   0   1   0   0   0   0   4   7   0   2  18   0   1   0   2  13   6  0.45 0.16
  171 E   -2 -2 -2  0 -6  0  7 -4 -2 -5 -5 -1 -4 -6 -3 -2 -3 -5 -4 -5    1   1   0   0   0   1  97   0   0   0   0   0   0   0   0   0   0   0   0   0  1.77 0.37
  172 K    2  1  2 -1 -3  1  0 -2 -2 -3 -3  4 -2 -4 -2  0  0 -4 -3 -2   20   4   9   2   0   7   5   1   0   1   1  44   0   0   0   2   4   0   0   1  0.44 0.15
  173 A    2 -2  2  4 -3 -1 -1  2 -2 -3 -3 -2 -3 -4 -2  0  0 -4 -3 -3   27   1  11  33   0   1   1  17   1   0   1   0   0   0   0   3   5   0   0   0  0.49 0.14
  174 G    0 -2 -2 -1 -4 -1  1  5 -2 -1 -2 -1 -3 -4  3 -1 -2 -4 -3 -3    6   2   0   3   0   1  10  48   0   4   3   4   0   0  15   3   0   0   0   0  0.59 0.15
  175 V    1 -1  0  2 -2  0  1 -1 -2 -2 -2  1 -2 -3 -2  2  1 -4 -3  0   16   1   2  11   0   2   7   2   0   1   1   9   0   0   0  26  11   0   0  10  0.23 0.10
  176 V   -1 -3 -4 -2 -2 -3 -3 -4 -4  3  2 -3  1 -1 -3 -2  0  2 -2  4    2   1   0   3   0   0   0   0   0  14  16   0   2   2   0   1   4   3   0  52  0.52 0.16
  177 P   -1 -3 -4 -3 -3 -3 -3 -3 -3  0  3 -3 -1 -1  6 -2 -2  1 -3 -1    4   0   0   0   0   0   1   2   0   5  33   0   0   2  46   1   0   3   0   4  0.92 0.19
  178 P    0 -2  0  4 -2  0  1 -1 -1 -2 -2 -1 -2 -1  3  0 -1 -3 -2 -1    9   1   4  32   0   3  10   2   1   2   2   2   0   4  13   8   2   0   0   4  0.34 0.09
  179 A    1 -1  0  0 -2 -1 -1 -1  0  0 -1  0 -1 -2  4  0  0 -3 -1  0   12   1   7   4   0   2   2   3   2   7   6   4   0   1  27   4   7   0   2   8  0.30 0.06
  180 E    1 -1  1  2 -2  0  2 -1 -1 -3 -3  0 -2 -3  3  1  1 -4 -3 -2   15   1   5  14   0   3  17   2   1   0   0   4   0   0  13  13  10   0   0   1  0.31 0.09
  181 E    0 -1  2  1 -3  0  2 -2  0 -3 -3  1 -2 -3  2  2  1 -4 -2 -2    7   1  14   6   0   3  13   1   2   1   1  10   0   0  11  19  10   0   1   1  0.28 0.09
  182 D    1 -2  0  1 -1 -1  1  0 -1 -2 -3 -1 -2 -2  4  1  2 -3 -1 -2   15   1   3  11   1   1   8   6   2   1   1   1   0   1  22   6  19   0   2   1  0.36 0.09
  183 D   -1 -1  0  5 -3  0  2  1  0 -3 -3 -1 -3 -3 -2  0  0 -3 -2 -3    3   2   2  40   0   2  16  14   3   0   1   3   0   0   0   4   7   0   1   1  0.50 0.12
  184 P   -1 -2  5 -1 -2 -1  0 -1 -1 -4 -4 -2 -3 -4  1  4  0 -4 -3 -3    1   0  32   1   1   0   7   2   1   0   1   0   0   0   6  46   1   0   0   1  0.70 0.21
  185 A    1 -1 -1  2 -4  0  5 -3  2 -2 -3  1 -3 -4 -1 -1 -1 -4 -2 -1   13   1   0  10   0   1  50   0   7   1   2   6   0   0   2   1   1   0   0   4  0.55 0.17
  186 E   -3 -2 -2  1 -6  0  7 -4 -2 -5 -5 -1 -4 -5 -3 -2 -3 -5 -4 -5    0   0   0   5   0   0  95   0   0   0   0   0   0   0   0   0   0   0   0   0  1.72 0.35
  187 W   -2 -2 -2 -1 -4  0  4 -4  1 -2 -1 -2  1  4 -3 -2 -2  3  3 -2    2   0   0   0   0   1  43   0   3   1   3   0   5  19   0   0   0   5  14   2  0.58 0.18
  188 K    0  2 -1 -1 -3  3  2 -1 -1  0 -2  2 -1 -3 -2 -1  0 -3 -2 -1    5  15   1   0   0  19  12   5   1   7   1  19   0   0   0   2   7   0   0   5  0.27 0.10
  189 I    1 -3 -3 -3  3 -2 -1 -3 -2  3  0 -3  0 -1 -3 -1 -1 -3 -1  3   17   0   1   0   9   1   5   0   1  21   5   0   1   2   0   1   0   0   1  34  0.32 0.12
  190 F   -2 -3 -4 -4 -2 -3 -4 -4 -4  3  3 -3  1  3 -4 -3 -2 -2 -1  3    1   0   0   0   0   1   0   0   0  22  31   0   1  18   0   0   0   0   0  24  0.54 0.14
  191 L   -3 -2 -2 -3 -3 -2 -3 -4 -1  0  3  1  2  5 -4 -3 -2 -1  2 -1    0   1   2   1   0   1   0   0   1   2  39  11   4  28   0   0   0   0   6   1  0.45 0.14
  192 N    3  1  2  2 -3  0  1  0 -2 -3 -3  1 -2 -4 -2  0  0 -4 -3 -2   32   7  10  13   0   2  10   6   0   0   0  10   0   0   0   3   7   0   0   0  0.28 0.10
  193 L    1  0 -2 -3 -2  2 -2 -3 -2  1  2 -1  1 -1 -3  0  1 -3 -2  1   14   6   0   0   0  13   0   0   0  11  27   0   4   1   0   7  10   0   0   8  0.17 0.09
  194 L   -3 -4 -5 -5 -2 -4 -5 -5 -5  5  4 -4  1 -1 -4 -4 -2 -4 -3  1    0   0   0   0   0   0   0   0   0  43  52   0   2   0   0   0   0   0   0   3  0.89 0.21
  195 R    0  5  0 -2 -4  1 -1 -2 -1 -3 -4  5 -3 -4 -3 -1 -2 -4 -3 -3    8  32   3   0   0   4   1   2   1   1   0  46   0   0   0   1   1   0   0   0  0.76 0.20
  196 T    1  4  0  1 -3  1  2 -2 -1 -3 -2  3 -2 -4 -2  0 -1 -4 -3 -2   16  24   2   6   0   4  12   1   0   0   2  26   0   0   0   2   2   0   0   1  0.40 0.13
  197 R   -1  3 -1 -2 -2  0 -1  0  0  0 -1  1 -1 -1 -2  2  1 -2 -1  0    2  22   1   0   0   2   2   5   2   5   2   9   1   3   0  21  13   0   1   8  0.17 0.09
  198 F   -2 -3 -4 -4 -3 -2 -4 -4  0  1  4 -3  3  2 -4 -3 -2 -2  1  0    3   1   0   0   0   2   0   0   4   8  58   0   8   7   0   1   0   0   5   4  0.54 0.16
  199 E    3 -1 -1  0 -3  1  2 -1 -2 -2 -2  3 -2 -4 -1  0  0 -4 -3 -1   39   0   2   4   0   6  13   3   0   1   1  22   0   0   2   3   4   0   0   2  0.33 0.13
  200 T    1  1 -1  0 -3  2  3 -2 -1 -2 -3  1 -2 -4 -2  0  1 -4 -3 -1   18   6   1   3   0   7  31   0   0   2   1   9   0   0   0   4  12   0   0   5  0.31 0.11
  201 D   -2  0  2  6 -4  0  0 -2  0 -4 -4  1 -3 -4 -3  1  0 -4 -3 -4    1   4   8  52   0   4   3   1   1   0   0   8   0   1   0  10   7   0   0   0  0.72 0.18
  202 K   -1 -3 -1 -2 -3 -2 -3 -1 -3 -4 -5  0 -4 -5  8  0 -1 -5 -4 -4    5   1   3   1   0   0   0   4   0   0   0   7   0   0  71   5   2   0   0   0  1.66 0.28
  203 D   -1  0  1  0 -3  2 -1  4 -1 -3 -2  0 -2 -4 -2  0  2 -4 -2 -3    0   4   6   6   0  14   2  34   1   0   4   6   0   0   0   4  16   0   1   0  0.36 0.12
  204 K   -3  3 -3 -3 -4 -1 -2 -4  2 -3 -3  3 -2  3 -4 -3 -3  8  2 -3    0  20   0   1   0   0   0   0   5   1   1  27   0  16   0   0   0  22   7   0  0.85 0.21
  205 W   -4 -5 -5 -6 -5 -4 -5 -5 -2 -4 -1 -5 -3  4 -6 -5 -4 10  6 -4    0   0   0   0   0   0   0   0   0   0   4   0   0  20   0   0   0  50  26   0  2.21 0.35
  206 T   -1 -1 -1 -2 -3  0 -1 -2  4 -3 -3 -1 -3 -4 -3  2  5 -4 -2 -2    3   3   1   0   0   3   1   1  14   0   0   1   0   0   0  20  51   0   0   0  0.69 0.22
  207 K    0  4  0 -1 -3  1  1 -1 -1 -4 -3  4 -2 -4 -3 -1  1 -4 -3 -3    6  33   4   2   0   3   6   3   0   0   0  33   0   0   0   1   9   0   0   1  0.57 0.16
  208 I   -1  1 -1 -3 -1  1 -2 -4 -3  3  1 -1  3 -2 -3 -1  1 -2 -1  2    3   8   2   0   1   7   0   0   0  27   7   3  13   0   0   2   9   0   1  17  0.23 0.11
  209 A    4  1 -2 -3 -2 -1 -2 -1 -2 -1  0  1 -1 -3 -2  0 -1 -4 -2  1   45  11   0   0   0   0   0   4   0   2  11  10   0   0   0   5   0   0   0  11  0.29 0.13
  210 E    3 -1  0  1 -3  0  3 -1 -2 -3 -3  2 -2 -4 -1  1 -1 -4 -3 -2   32   1   2   9   0   3  20   1   0   0   0  19   0   0   2   9   2   0   0   0  0.37 0.13
  211 S    1  1  1  1 -2  1  2  1  1 -3 -3  1 -2 -3 -2  1  0 -4 -2 -3   18  11   8   7   0   8  13   9   4   0   0   6   0   0   0  12   3   0   0   0  0.24 0.08
  212 V   -3 -4 -5 -5  1 -4 -5 -5 -5  6  2 -4  1 -1 -4 -4 -2  4 -2  3    0   0   0   0   3   0   0   0   0  58  13   0   3   1   0   0   0   8   0  15  0.84 0.21
  213 K   -2  4 -2 -3 -4  1 -1 -3 -2 -1 -1  5 -1 -4 -3 -2 -2 -4 -2  1    1  24   0   0   0   7   0   1   0   4   4  46   1   0   0   0   0   0   0  11  0.59 0.18
  214 G   -2 -4 -2 -3 -5 -4 -4  7 -4 -6 -6 -4 -5 -5 -4 -2 -4 -5 -5 -5    0   0   0   0   0   0   0 100   0   0   0   0   0   0   0   0   0   0   0   0  2.02 0.34
  215 V   -2 -5 -5 -5 -2 -4 -5 -5 -5  1 -1 -4 -1 -3 -5 -4 -2 -5 -3  7    0   0   0   0   0   0   0   0   0   1   0   0   0   0   0   0   0   0   0  99  1.50 0.34
  216 T   -1 -3 -1 -2 -3 -2 -2 -3 -3 -3 -4 -2 -3 -4 -3  5  5 -5 -4 -3    0   0   0   0   0   0   0   0   0   0   0   0   0   0   0  54  46   0   0   0  1.08 0.29
  217 E   -3 -2 -2 -1 -6  0  7 -4 -2 -6 -5 -1 -4 -6 -3 -2 -3 -5 -4 -5    0   0   0   0   0   0 100   0   0   0   0   0   0   0   0   0   0   0   0   0  1.88 0.38
  218 E   -3 -2 -2 -1 -6  0  7 -4 -2 -6 -5 -1 -4 -6 -3 -2 -3 -5 -4 -5    0   0   0   0   0   0 100   0   0   0   0   0   0   0   0   0   0   0   0   0  1.88 0.38
  219 T   -2 -3 -2 -3 -3 -3 -3 -4 -4 -3 -4 -3 -3 -4 -3 -1  8 -5 -4 -2    0   0   0   0   0   0   0   0   0   0   0   0   0   0   0   0 100   0   0   0  1.77 0.39
  220 T   -2 -3 -2 -3 -3 -3 -3 -4 -4 -3 -4 -3 -3 -4 -3 -1  8 -5 -4 -2    0   0   0   0   0   0   0   0   0   0   0   0   0   0   0   0 100   0   0   0  1.77 0.39
  221 T   -2 -3 -2 -3 -3 -3 -3 -4 -4 -3 -3 -3 -3 -4 -3 -1  7 -5 -4 -2    0   0   1   0   0   0   0   0   0   0   0   0   0   0   0   0  99   0   0   0  1.73 0.38
  222 G   -2 -4 -2 -3 -5 -4 -4  7 -4 -6 -6 -4 -5 -5 -4 -2 -4 -5 -5 -5    0   0   0   0   0   0   0 100   0   0   0   0   0   0   0   0   0   0   0   0  2.02 0.34
  223 V   -2 -5 -5 -5 -3 -4 -5 -5 -5  1 -1 -4 -1 -3 -5 -4 -2 -5 -3  7    0   0   0   0   0   0   0   0   0   1   0   0   0   0   0   0   0   0   0  99  1.52 0.34
  224 L   -2 -2  1 -3 -3 -1 -2 -4  9 -4  0  1 -1 -3 -4 -3 -3 -4 -1 -4    3   0   5   0   0   0   0   0  71   0  10   9   2   0   0   0   0   0   0   0  1.57 0.32
  225 R   -3  8 -3 -4 -6 -1 -2 -5 -2 -5 -5  0 -4 -5 -4 -3 -3 -5 -4 -5    0  99   0   0   0   0   0   0   0   0   0   0   0   0   0   0   0   0   0   0  2.04 0.38
  226 L   -3 -4 -5 -6 -3 -4 -5 -6 -5  0  6 -4  0 -1 -5 -4 -3 -4 -3 -1    0   0   0   0   0   0   0   0   0   0 100   0   0   0   0   0   0   0   0   0  1.39 0.30
  227 Y   -4 -4 -2 -5 -5 -3 -4 -5  0 -3 -3 -2 -3  1 -5 -4 -3  0  9 -3    0   0   2   0   0   1   0   0   1   1   1   2   0   0   0   0   0   0  91   0  2.15 0.40
  228 Q   -2  0 -2  0 -5  6  4 -4  3 -4 -4  1 -2 -5 -3 -2 -2 -4 -3 -3    1   2   0   4   0  53  24   0   8   0   1   4   1   0   0   0   1   0   0   1  0.97 0.25
  229 F   -3 -3 -4 -5 -3 -3 -4 -5 -4  1  3 -3  8  2 -5 -4 -3 -1 -1 -1    0   1   0   0   0   0   0   0   0   4  30   0  54   9   0   0   0   1   1   0  1.11 0.27
  230 A    3 -1 -2 -2 -2  4  1 -2  3 -3 -2 -1  1 -2 -2  1 -1 -4 -2 -1   36   1   0   0   0  23  10   0  11   0   1   1   6   2   0   7   0   0   0   3  0.40 0.16
  231 A    2  2 -1 -1 -4  1  3 -3 -2 -4 -4  4 -3 -4 -2 -1 -1 -4 -3 -3   20  11   2   1   0   5  21   0   0   0   0  38   0   0   0   1   1   0   0   0  0.55 0.17
  232 A    2  1  1  2 -3  1  2 -2 -1 -3 -3  3 -2 -4 -2  0 -1 -4 -3 -2   21   6   8  10   0   7  17   1   0   0   1  21   0   0   0   6   2   0   0   0  0.34 0.11
  233 G   -2 -4 -1 -3 -5 -3 -3  7 -4 -6 -6 -1 -3 -5 -4 -2 -3 -5 -5 -5    0   0   3   0   0   0   1  92   0   0   0   3   0   0   0   0   0   0   0   0  1.69 0.30
  234 D   -1  1 -1  0 -3  1  4 -2 -1 -2 -1  2 -2 -3 -2  0  2 -4 -3 -1    2   5   1   3   0   5  32   1   0   0   7  15   0   0   0   5  19   0   0   4  0.35 0.13
  235 L   -3 -4 -5 -6 -3 -4 -5 -6 -5  0  6 -4  0 -1 -5 -4 -3 -4 -3 -1    0   0   0   0   0   0   0   0   0   0 100   0   0   0   0   0   0   0   0   0  1.39 0.30
  236 A    0 -2 -4 -4 -2 -3 -3 -4 -3 -1  4 -1  0 -2  5 -2 -2 -4 -3 -1    7   1   0   0   0   0   0   0   0   0  55   4   1   0  27   1   1   0   0   1  0.70 0.19
  237 F   -4 -5 -5 -6 -4 -5 -5 -5 -4 -1 -1 -5 -2  8 -6 -4 -3  2  1  0    0   0   0   0   0   0   0   0   0   3   1   0   0  87   0   0   0   2   0   7  1.82 0.34
  238 P   -2 -1 -4 -4 -5 -3 -3 -4 -4 -5 -5 -3 -5 -6  8 -3 -3 -6 -5 -5    1   4   0   0   0   0   0   0   0   0   0   0   0   0  94   0   0   0   0   0  2.61 0.39
  239 A    6 -3 -4 -4 -2 -3 -3 -1 -4 -3 -4 -3 -3 -4 -2 -1 -2 -5 -4 -2   98   0   0   0   0   0   0   1   0   0   0   0   0   0   0   0   0   0   0   0  1.40 0.33
  240 I   -3 -5 -5 -5 -3 -5 -5 -6 -5  7  0 -5  2  0 -5 -4 -3 -4 -3  1    0   0   0   0   0   0   0   0   0  89   0   0   6   4   0   0   0   0   0   1  1.39 0.31
  241 N   -4 -3  8 -1 -5 -2 -3 -3 -2 -6 -6 -2 -5 -6 -4 -2 -2 -6 -5 -5    0   0 100   0   0   0   0   0   0   0   0   0   0   0   0   0   0   0   0   0  2.17 0.41
  242 V   -2 -5 -5 -5 -3 -4 -5 -5 -5  1 -1 -4 -1 -3 -5 -4 -2 -5 -3  7    0   0   0   0   0   0   0   0   0   1   0   0   0   0   0   0   0   0   0  99  1.52 0.34
  243 N   -4 -3  8 -1 -5 -2 -3 -3 -2 -6 -6 -2 -5 -6 -4 -2 -2 -6 -5 -5    0   0 100   0   0   0   0   0   0   0   0   0   0   0   0   0   0   0   0   0  2.17 0.41
  244 D   -4 -4 -1  8 -6 -3 -1 -4 -3 -6 -6 -3 -5 -6 -4 -2 -3 -7 -6 -6    0   0   0 100   0   0   0   0   0   0   0   0   0   0   0   0   0   0   0   0  2.17 0.38
  245 S    1 -3 -1 -2 -1 -2 -2 -2 -3 -4 -4 -2 -3 -4 -3  6 -1 -5 -4 -4   10   0   0   0   1   0   0   0   0   0   0   0   0   0   0  89   0   0   0   0  1.28 0.33
  246 V   -2 -5 -5 -5 -1 -4 -5 -5 -5  1 -1 -4 -1 -3 -5 -4 -2 -5 -3  7    0   0   0   0   1   0   0   0   0   0   0   0   0   0   0   0   0   0   0  99  1.50 0.34
  247 T   -2 -3 -2 -3 -3 -3 -3 -4 -4 -3 -4 -3 -3 -4 -3 -1  8 -5 -4 -2    0   0   0   0   0   0   0   0   0   0   0   0   0   0   0   0 100   0   0   0  1.77 0.39
  248 K   -3  0 -2 -3 -5 -1 -1 -4 -3 -5 -5  8 -4 -5 -3 -2 -3 -5 -4 -5    0   0   0   0   0   0   0   0   0   0   0 100   0   0   0   0   0   0   0   0  1.77 0.37
  249 S   -1 -3 -1 -2 -2 -2 -2 -2 -3 -5 -5 -2 -4 -5 -3  7 -1 -5 -4 -4    0   0   0   0   1   0   0   0   0   0   0   0   0   0   0  99   0   0   0   0  1.53 0.37
  250 K   -3  0 -2 -3 -5 -1 -1 -4 -3 -5 -5  8 -4 -5 -3 -2 -3 -5 -4 -5    0   0   0   0   0   0   0   0   0   0   0 100   0   0   0   0   0   0   0   0  1.77 0.37
  251 F   -5 -5 -5 -6 -5 -6 -6 -6 -4 -2 -2 -6 -2  9 -6 -5 -5 -1  1 -3    0   0   0   0   0   0   0   0   0   0   0   0   0 100   0   0   0   0   0   0  2.33 0.40
  252 D   -4 -4 -1  8 -6 -3 -1 -4 -3 -6 -6 -3 -5 -6 -4 -2 -3 -7 -6 -6    0   0   0 100   0   0   0   0   0   0   0   0   0   0   0   0   0   0   0   0  2.17 0.38
  253 N   -4 -3  8 -1 -5 -2 -3 -3 -2 -6 -6 -2 -5 -6 -4 -2 -2 -6 -5 -5    0   0 100   0   0   0   0   0   0   0   0   0   0   0   0   0   0   0   0   0  2.17 0.41
  254 K   -3  1 -3 -4 -3 -2 -2 -4 -3  0  4  4  0 -2 -4 -3 -2 -4 -3  0    0   6   0   0   0   0   0   0   0   4  53  33   0   0   0   0   0   0   0   4  0.57 0.19
  255 Y   -4 -4 -5 -6 -5 -4 -5 -6 -1 -4 -4 -4 -4  1 -6 -4 -4  0 10 -4    0   0   0   0   0   0   0   0   0   0   0   0   0   0   0   0   0   0 100   0  2.61 0.45
  256 G   -2 -4 -2 -3 -5 -4 -4  7 -4 -6 -6 -4 -5 -5 -4 -2 -4 -5 -5 -5    0   0   0   0   0   0   0 100   0   0   0   0   0   0   0   0   0   0   0   0  2.02 0.34
  257 T   -3 -6 -5 -6 11 -5 -6 -5 -5  1 -3 -5 -3 -5 -5 -3  1 -5 -5 -2    0   0   0   0  83   0   0   0   0   8   0   0   0   0   0   0   9   0   0   0  2.48 0.40
  258 R   -3  8 -2 -4 -6 -1 -2 -4 -2 -5 -4  3 -3 -5 -4 -3 -3 -5 -4 -5    0  87   0   0   0   0   0   0   0   0   0  13   0   0   0   0   0   0   0   0  1.73 0.34
  259 H   -3 -2 -2 -1 -6 -1  6 -4  8 -5 -5 -2 -4 -4 -4 -2 -3 -5 -2 -5    0   0   0   0   0   0  57   0  43   0   0   0   0   0   0   0   0   0   0   0  1.58 0.33
  260 S   -1 -3 -1 -2 -3 -2 -2 -2 -3 -5 -5 -2 -4 -5 -3  7 -1 -5 -4 -4    0   0   0   0   0   0   0   0   0   0   0   0   0   0   0 100   0   0   0   0  1.57 0.37
  261 L   -3 -4 -5 -6 -3 -4 -5 -6 -5  0  6 -4  0 -1 -5 -4 -3 -4 -3  0    0   0   0   0   0   0   0   0   0   0  96   0   0   0   0   0   0   0   0   3  1.29 0.29
  262 I    1 -4 -4 -4 -2 -3 -3 -4 -4  3  0 -3 -1 -2  3 -2 -2 -4 -3  4   14   0   0   0   0   0   0   0   0  21   3   0   0   0  17   0   0   0   0  45  0.62 0.18
  263 D   -4 -4 -1  8 -6 -3 -1 -4 -3 -6 -6 -3 -5 -6 -4 -2 -3 -7 -6 -6    0   0   0 100   0   0   0   0   0   0   0   0   0   0   0   0   0   0   0   0  2.17 0.38
  264 G    1 -4 -2 -3 -4 -4 -4  7 -4 -5 -5 -3 -4 -5 -4 -1 -3 -5 -5 -5    9   0   0   0   0   0   0  89   0   0   0   0   0   0   0   3   0   0   0   0  1.64 0.29
  265 I   -3 -5 -5 -5 -3 -5 -5 -6 -5  7  2 -5  0 -2 -5 -4 -3 -4 -3  1    0   0   0   0   0   0   0   0   0  83  17   0   0   0   0   0   0   0   0   0  1.30 0.29
  266 N   -3  3  4 -2 -2 -1 -1 -3 -2 -4 -3  4  3 -2 -3 -2 -2 -4 -3 -3    0  20  28   0   1   0   0   0   0   0   0  37  12   1   0   0   0   0   0   0  0.73 0.22
  267 R   -4  8 -3 -4 -6 -1 -2 -5 -2 -5 -5  0 -4 -5 -4 -3 -3 -5 -4 -5    0 100   0   0   0   0   0   0   0   0   0   0   0   0   0   0   0   0   0   0  2.07 0.39
  268 G    6 -3 -3 -4 -3 -3 -3  3 -4 -4 -4 -3 -3 -4 -3 -1 -2 -4 -4 -2   80   0   0   0   0   0   0  20   0   0   0   0   0   0   0   0   0   0   0   0  1.10 0.28
  269 T   -2 -3 -2 -3 -3 -3 -3 -4 -4 -3 -3 -3  0 -4 -3 -1  7 -5 -4 -2    0   0   0   0   0   0   0   0   0   0   0   0   2   0   0   0  97   0   0   0  1.65 0.37
  270 D   -4 -4 -1  8 -6 -3 -1 -4 -3 -6 -6 -3 -5 -6 -4 -2 -3 -7 -6 -6    0   0   0 100   0   0   0   0   0   0   0   0   0   0   0   0   0   0   0   0  2.17 0.38
  271 A   -2 -4 -5 -5 -3 -4 -4 -5 -5  1 -1 -4  1 -3 -4 -3  0 -5 -3  6    1   0   0   0   0   0   0   0   0   3   1   0   3   0   0   0   5   0   0  86  1.13 0.28
  272 L   -3 -4 -5 -6 -4 -3 -5 -5 -4 -1  3 -4  9 -2 -5 -4 -3 -4 -3 -1    0   0   0   0   0   0   0   0   0   0  25   0  75   0   0   0   0   0   0   0  1.75 0.37
  273 I   -3 -4 -5 -5 -3 -4 -4 -5 -4  6  2 -4  4 -2 -4 -4 -2 -4 -3  3    0   0   0   0   0   0   0   0   0  56  13   0  16   0   0   0   1   0   0  15  0.88 0.22
  274 G    5 -3 -3 -3 -3 -3 -3  4 -3 -4 -4 -3 -3 -4 -3  0 -2 -4 -4 -2   66   0   0   0   0   0   0  29   0   0   0   0   0   0   0   5   0   0   0   0  0.95 0.24
  275 G   -2 -4 -2 -3 -5 -4 -4  7 -4 -6 -6 -4 -5 -5 -4 -2 -4 -5 -5 -5    0   0   0   0   0   0   0 100   0   0   0   0   0   0   0   0   0   0   0   0  2.00 0.34
  276 K   -3  0 -2 -3 -5 -1 -1 -4 -3 -5 -5  8 -4 -5 -3 -2 -3 -5 -4 -5    0   0   0   0   0   0   0   0   0   0   0 100   0   0   0   0   0   0   0   0  1.77 0.37
  277 K   -1 -2 -2 -4 -2 -2 -3 -4 -3  2 -1  0  0 -2 -3 -2  1 -4 -2  5    2   2   2   0   0   1   0   0   0  11   1   8   1   0   0   1  11   0   0  59  0.54 0.18
  278 V    6 -3 -4 -4  1 -3 -3 -1 -4 -2 -3 -3 -2 -4 -3 -1 -2 -4 -3  2   77   0   0   0   2   0   0   1   0   0   0   0   0   0   0   0   0   0   0  18  0.93 0.26
  279 L   -2 -4 -5 -5  2 -4 -4 -5 -4  2  2 -4  1  0 -4 -3 -2 -1 -2  5    0   0   0   0   5   0   0   0   0   4  18   0   3   4   0   0   0   1   0  64  0.75 0.21
  280 I   -2 -5 -5 -5 -3 -4 -5 -5 -5  3 -1 -4 -1 -3 -4 -4 -2 -5 -3  6    0   0   0   0   0   0   0   0   0  18   0   0   0   0   0   0   0   0   0  82  1.22 0.28
  281 C    3 -5 -4 -5  9 -4 -4 -3 -4 -2 -1 -4  0 -2 -4 -2 -2 -4 -4 -1   28   0   0   0  58   0   0   0   0   1   5   0   3   1   0   0   0   0   0   3  1.50 0.30
  282 G   -2 -4 -2 -3 -5 -4 -4  7 -4 -6 -6 -4 -5 -5 -4 -2 -4 -5 -5 -5    0   0   0   0   0   0   0 100   0   0   0   0   0   0   0   0   0   0   0   0  2.02 0.34
  283 Y   -4 -4 -5 -6 -5 -4 -5 -6 -1 -4 -3 -4 -3  4 -5 -4 -4  0  9 -4    0   0   0   0   0   0   0   0   0   0   0   0   0  12   0   0   0   0  88   0  2.26 0.40
  284 G   -2 -4 -2 -3 -5 -4 -4  7 -4 -6 -6 -4 -5 -5 -4 -2 -4 -5 -5 -5    0   0   0   0   0   0   0 100   0   0   0   0   0   0   0   0   0   0   0   0  2.02 0.34
  285 D   -4 -4 -1  8 -6 -2  0 -4 -3 -6 -6 -3 -5 -6 -4 -2 -3 -7 -5 -6    0   0   0  99   0   0   1   0   0   0   0   0   0   0   0   0   0   0   0   0  2.12 0.38
  286 V   -2 -5 -5 -5 -3 -4 -5 -5 -5  1 -1 -4 -1 -3 -5 -4 -2 -5 -3  7    0   0   0   0   0   0   0   0   0   0   0   0   0   0   0   0   0   0   0 100  1.54 0.34
  287 G   -2 -4 -2 -3 -5 -4 -4  7 -4 -6 -6 -4 -5 -5 -4 -2 -4 -5 -5 -5    0   0   0   0   0   0   0 100   0   0   0   0   0   0   0   0   0   0   0   0  2.02 0.34
  288 K   -3  0 -2 -3 -5 -1 -1 -4 -3 -5 -4  7 -4 -5 -3 -2 -3 -5 -4 -5    0   0   0   0   0   0   0   0   0   0   0 100   0   0   0   0   0   0   0   0  1.75 0.37
  289 G   -2 -4 -2 -3 -5 -4 -4  7 -4 -6 -6 -4 -5 -5 -4 -2 -4 -5 -5 -5    0   0   0   0   0   0   0 100   0   0   0   0   0   0   0   0   0   0   0   0  2.01 0.34
  290 C    0 -4 -3 -4  9 -3 -3 -3 -4 -4 -4 -3 -3 -4 -4  4 -1 -5 -4 -2    7   0   0   0  50   0   0   0   0   0   0   0   0   0   0  42   0   0   0   1  1.47 0.31
  291 A    6 -3 -4 -4 -1 -3 -3 -2 -4 -3 -3 -3 -3 -4 -3  0 -2 -5 -4 -1   95   0   0   0   1   0   0   0   0   0   0   0   0   0   0   2   0   0   0   2  1.31 0.32
  292 E    2 -1 -2 -1 -4  5  4 -3  2 -4 -3 -1 -1 -3 -3 -1 -2 -4 -3 -3   25   2   0   1   0  33  29   0   6   0   0   0   1   1   0   2   0   0   0   1  0.65 0.20
  293 A    4 -3 -2 -2 -2 -2 -2 -2 -3 -4 -4 -2 -3 -4 -2  5 -1 -4 -3 -3   38   0   0   0   0   0   0   0   0   0   0   0   0   0   0  60   0   0   0   0  0.94 0.26
  294 M   -3 -4 -5 -5 -3 -3 -4 -5 -4  0  5 -4  5  0 -4 -4 -3 -3 -2 -1    0   0   0   0   0   0   0   0   0   0  74   0  21   3   0   0   0   0   0   0  1.05 0.25
  295 K    1  6 -2 -2 -4  0 -1 -3 -1 -4 -3  3 -3 -4 -3  0 -2 -4 -3 -2   12  61   0   1   0   1   0   0   1   0   0  16   0   0   0   5   0   0   0   2  0.93 0.23
  296 G    2 -3  1 -2 -3  0 -3  6 -3 -4 -4 -2 -3 -4 -3  0 -2 -4 -4 -3   18   0   7   0   0   5   0  64   0   0   0   0   0   0   0   4   1   0   0   0  0.97 0.21
  297 Q    2 -2 -2 -3  0  4 -1  0 -1 -2  1 -1  1  1 -3 -1 -2 -2  1 -2   23   0   0   0   2  32   1   5   1   0  19   0   3   7   0   0   0   0   6   0  0.31 0.15
  298 G   -1 -2 -2 -3 -4 -2 -3  7 -4 -5 -5 -2 -4 -5 -4  0 -3 -4 -5 -5    1   2   0   0   0   1   0  86   0   0   0   1   0   0   0   8   0   0   0   0  1.52 0.28
  299 A    6 -3 -3 -4  2 -3 -3 -1 -4 -3 -3 -3 -3 -4 -3  0 -2 -4 -4 -2   91   0   0   0   5   0   0   1   0   0   0   0   0   0   0   2   0   0   0   0  1.22 0.30
  300 R   -3  7 -2 -3 -5  2 -2 -4 -2 -2 -3  0 -2 -4 -4 -2  0 -4 -3 -3    0  75   0   0   0  11   0   0   0   3   0   1   0   0   0   1   6   0   0   1  1.26 0.28
  301 V   -2 -4 -5 -5 -3 -4 -4 -5 -5  1 -1 -4 -1 -3 -4 -4 -1 -5 -3  7    0   0   0   0   0   0   0   0   0   1   0   0   0   0   0   0   1   0   0  97  1.41 0.32
  302 S   -2 -2 -3 -4 -1 -1 -3 -4 -3  4  1  1  2 -1 -3 -2 -1  6  0  1    1   0   0   0   1   3   0   0   0  35  10  12   5   0   0   3   3  15   2   9  0.45 0.14
  303 V   -2 -4 -5 -5 -3 -4 -4 -5 -5  3 -1 -4 -1 -3 -4 -4 -2 -5 -3  6    0   0   0   0   0   0   0   0   0  14   0   0   0   0   0   0   0   0   0  85  1.23 0.28
  304 T   -1 -3 -2 -3 -2 -3 -3 -3 -4 -3 -3 -3 -3 -4 -3  1  7 -4 -4 -2    3   0   0   0   0   0   0   1   0   0   0   0   0   0   0   8  86   0   0   1  1.32 0.32
  305 E   -3 -2 -2 -1 -6  0  7 -4 -2 -5 -5 -1 -4 -5 -3 -2 -3 -5 -4 -5    0   0   0   0   0   0  99   0   0   0   0   0   0   0   0   0   0   0   0   0  1.82 0.37
  306 I   -1 -4 -5 -5 -2 -4 -4 -5 -5  6  0 -4 -1 -2 -4 -3 -2 -4 -3  3    4   0   0   0   0   0   0   0   0  70   0   0   0   0   0   0   0   0   0  24  1.05 0.25
  307 D   -4 -4 -1  8 -6 -2 -1 -3 -3 -5 -6 -3 -5 -6 -4 -2 -3 -6 -5 -5    0   0   0  99   0   0   0   0   0   0   0   0   0   0   0   0   0   0   0   0  2.10 0.37
  308 P   -3 -4 -4 -4 -5 -4 -3 -4 -5 -5 -5 -3 -5 -6  9 -3 -3 -6 -5 -5    0   0   0   0   0   0   0   0   0   0   0   0   0   0  99   0   0   0   0   0  2.85 0.41
  309 I   -3 -5 -5 -5 -3 -5 -5 -6 -5  8  0 -5 -1 -2 -5 -4 -3 -5 -3  1    0   0   0   0   0   0   0   0   0  98   0   0   0   0   0   0   0   0   0   0  1.64 0.34
  310 N   -3 -5  3 -4 11 -4 -5 -4 -4 -4 -4 -5 -4 -5 -5 -3 -3 -5 -5 -3    0   0  19   0  80   0   0   0   0   0   0   0   0   0   0   0   0   0   0   0  2.44 0.39
  311 A    6 -3 -4 -4 -2 -3 -3 -2 -4 -3 -3 -3 -3 -4 -3 -1 -2 -5 -4 -2   99   0   0   0   0   0   0   0   0   0   0   0   0   0   0   0   0   0   0   0  1.41 0.33
  312 L   -3 -4 -5 -5 -3 -4 -5 -5 -5  0  6 -4  0 -1 -5 -4 -3 -3 -3 -1    0   0   0   0   0   0   0   0   0   0  99   0   0   0   0   0   0   0   0   0  1.34 0.29
  313 Q   -3 -1 -2 -3 -5  9  0 -4 -2 -5 -5 -1 -3 -6 -4 -2 -3 -4 -4 -5    0   0   0   0   0  99   0   0   0   0   0   0   0   0   0   0   0   0   0   0  2.10 0.43
  314 A    7 -4 -4 -4 -2 -3 -3 -2 -4 -3 -4 -3 -3 -4 -3 -1 -2 -5 -4 -2  100   0   0   0   0   0   0   0   0   0   0   0   0   0   0   0   0   0   0   0  1.45 0.34
  315 M    5 -3 -3 -4  2 -3 -3 -2 -3 -2  1 -3 -1 -3 -3  0  0 -4 -3 -1   72   0   0   0   5   0   0   0   0   0  13   0   1   0   0   5   3   0   0   1  0.75 0.23
  316 M   -4 -4 -5 -6 -4 -3 -5 -5 -4 -1  0 -4 10 -3 -5 -4 -3 -4 -4 -2    0   0   0   0   0   0   0   0   0   0   1   0  99   0   0   0   0   0   0   0  2.48 0.47
  317 E   -3 -2 -1  5 -6  0  6 -4 -2 -5 -5 -1 -4 -5 -3 -2 -2 -5 -4 -5    1   0   0  36   0   0  61   0   0   0   0   1   0   0   0   0   0   0   0   0  1.30 0.28
  318 G   -2 -4 -2 -3 -5 -4 -4  7 -4 -6 -6 -4 -5 -5 -4 -2 -4 -5 -5 -5    0   0   0   0   0   0   0 100   0   0   0   0   0   0   0   0   0   0   0   0  2.02 0.34
  319 F   -4 -4 -5 -5 -4 -4 -4 -5 -1 -2  0 -4 -2  6 -5 -4 -4  0  7 -3    0   0   0   0   0   0   0   0   0   0   8   0   0  37   0   0   0   0  54   0  1.55 0.30
  320 D   -2  3 -1  1 -5  4  4 -3 -1 -5 -4  1 -3 -5 -1 -1 -2 -4 -3 -4    1  16   0   8   0  28  39   0   0   0   0   3   0   0   3   2   1   0   0   0  0.78 0.20
  321 V   -2 -5 -5 -5 -3 -4 -5 -5 -5  1 -1 -4 -1 -3 -5 -4 -2 -5 -3  7    0   0   0   0   0   0   0   0   0   1   0   0   0   0   0   0   0   0   0  99  1.50 0.34
  322 V    1 -2 -1 -3 -1 -2 -2 -3 -3  0  0  0  0 -2 -3 -1  2 -4 -3  4   11   1   2   0   1   1   1   0   0   0   8   6   2   0   0   2  18   0   0  48  0.36 0.15
  323 T   -2  2 -1 -2 -3 -1 -2 -3 -3 -3 -2 -1 -2 -3  0 -1  6 -4 -3 -1    0  12   1   1   0   1   1   0   0   0   3   2   0   0   5   1  70   0   0   2  0.87 0.26
  324 V   -2 -4 -4 -5 -3 -3 -4 -5 -4  2  4 -4  6 -1 -4 -3 -2 -3 -3  2    0   0   0   0   0   0   0   0   0   7  45   0  30   0   0   0   0   0   0  18  0.82 0.21
  325 E   -2 -2 -1  4 -6  0  6 -4 -2 -5 -5 -1 -4 -5 -3 -2 -3 -5 -4 -5    1   0   1  28   0   0  68   0   0   0   0   1   0   0   0   0   0   0   0   0  1.30 0.29
  326 E   -2 -2  0  6 -5  1  3 -3 -2 -4 -4 -1 -4 -3 -3  0 -1 -1  2 -4    0   0   2  51   0   6  21   0   0   0   0   2   0   0   0   7   2   1   9   0  0.85 0.21
  327 A    4 -3 -3 -4  0 -2 -3 -2 -4  0 -2 -3 -1 -2 -3 -1  1 -4 -3  4   45   0   0   0   1   1   1   2   0   1   0   0   0   1   0   1   7   0   0  40  0.56 0.20
  328 I    2 -3 -4 -4  1 -3 -3 -3 -4  3  2 -3  0 -2 -3 -2 -1 -4 -3  4   25   0   0   0   4   0   0   0   0  15  19   0   0   0   0   0   1   0   0  37  0.45 0.15
  329 G    1 -1 -1  2 -3  0  2  2 -1 -4 -4  1 -3 -4  2  1  0 -4 -3 -3   10   1   0  16   0   1  15  19   1   0   0   8   0   0  11  16   3   0   0   0  0.37 0.11
  330 D   -1  2  0  1 -3  2  2 -2  1 -1 -2  2 -1 -2 -2  0  1  0 -1 -1    1  12   2  10   0   9  18   0   4   3   2  13   1   1   0   7  12   2   2   3  0.23 0.08
  331 A    5 -3 -3 -3 -1 -3 -3  3 -3 -2 -3 -3 -1 -4 -3  0 -1 -4 -4  0   67   0   0   0   1   0   0  22   0   1   0   0   1   0   0   1   1   0   0   6  0.78 0.22
  332 D   -4 -4  1  8 -6 -2  0 -3 -2 -5 -6 -3 -5 -6 -4 -2 -3 -7 -5 -5    0   0   3  95   0   0   1   0   1   0   0   0   0   0   0   0   0   0   0   0  1.99 0.36
  333 I   -3 -5 -5 -5 -3 -5 -5 -6 -5  7  0 -5 -1 -1 -5 -4 -3 -5 -3  1    0   0   0   0   0   0   0   0   0  95   1   0   0   2   0   0   0   0   0   2  1.55 0.33
  334 V   -4 -5 -5 -5 -4 -5 -5 -5 -3  1 -1 -5 -2  8 -5 -4 -3 -1  4  1    0   0   0   0   0   0   0   0   0   5   1   0   0  69   0   0   0   0  12  13  1.38 0.28
  335 V   -2 -5 -5 -5 -1 -4 -5 -5 -5  5  0 -4 -1 -2 -4 -4 -2 -5 -3  6    0   0   0   0   1   0   0   0   0  36   0   0   0   0   0   0   0   0   0  63  1.08 0.26
  336 T   -2 -3 -2 -3 -3 -3 -3 -4 -4 -3 -3 -3 -3 -4 -3  0  7 -5 -4 -2    0   0   0   0   0   0   0   0   0   0   0   0   0   0   0   2  98   0   0   0  1.72 0.38
  337 A    4 -3 -2 -3  3 -2 -3 -2 -3 -3 -3 -2 -2 -4 -3  0  5 -4 -3 -2   39   0   0   0   7   0   0   1   0   0   0   0   0   0   0   4  50   0   0   0  0.83 0.24
  338 T   -2 -3 -2 -3 -3 -3 -3 -4 -4 -3 -4 -3 -3 -4 -3 -1  8 -5 -4 -2    0   0   0   0   0   0   0   0   0   0   0   0   0   0   0   0 100   0   0   0  1.77 0.39
  339 G   -2 -4 -2 -3 -5 -4 -4  7 -4 -6 -6 -4 -5 -5 -4 -2 -4 -5 -5 -5    0   0   0   0   0   0   0 100   0   0   0   0   0   0   0   0   0   0   0   0  2.02 0.34
  340 N   -4 -3  8 -1  1 -2 -3 -2 -2 -6 -6 -2 -4 -5 -4 -2 -2 -6 -4 -5    0   0  95   0   4   0   0   2   0   0   0   0   0   0   0   0   0   0   0   0  1.95 0.38
  341 K   -2  1 -2 -3  2 -1 -1 -3 -1 -2 -1  5 -1  1 -3 -2 -1 -2  3 -1    1   7   0   0   5   0   2   0   0   1   7  49   1   7   0   0   2   0  12   6  0.44 0.17
  342 D   -3 -1  1  6 -5 -1  0  1  4 -5 -5 -1 -4 -5 -3 -1 -3 -5 -4 -5    1   2   6  66   0   2   0  10  11   0   0   2   0   0   0   1   0   0   0   0  1.12 0.25
  343 I   -2 -5 -5 -5 -3 -4 -5 -5 -5  5  0 -4 -1 -2 -4 -4 -2 -5 -3  5    0   0   0   0   0   0   0   0   0  48   0   0   0   0   0   0   0   0   0  52  1.08 0.25
  344 I   -3 -5 -5 -5 -3 -5 -5 -6 -5  7  0 -5 -1 -2 -5 -4 -3 -5 -3  2    0   0   0   0   0   0   0   0   0  87   3   0   0   0   0   0   0   0   0  10  1.39 0.30
  345 M   -2  3 -1 -3 -2 -2 -2 -2 -3 -2 -1 -1  4 -3 -3  0  5 -4 -3 -2    0  18   2   0   0   0   0   2   0   0   2   0  17   0   0   4  54   0   0   0  0.73 0.24
  346 L    2 -1 -2 -3 -2 -2 -2 -1  3  1  1 -2  0  1 -3 -1 -1 -3  0  2   21   2   1   0   0   0   1   5  13  12  16   0   0   6   0   0   2   0   2  18  0.17 0.09
  347 E    0 -2 -1  5 -5  0  5 -2 -1 -5 -5 -1 -4 -5 -3  0 -2 -5 -4 -4    7   1   0  34   0   1  48   1   1   0   0   2   0   0   0   5   1   0   0   0  0.91 0.22
  348 H   -4 -3 -1  1 -5  1 -2 -4 10 -5 -5 -3 -3 -4 -4 -3 -4 -5 -1 -5    0   0   1   8   0   4   0   0  84   0   0   0   0   0   0   0   0   0   0   1  2.21 0.40
  349 I   -3 -4 -5 -6 -4 -3 -5 -5 -4  0  1 -4 10 -2 -5 -4 -3 -4 -3 -1    0   0   0   0   0   0   0   0   0   3   9   0  88   0   0   0   0   0   0   0  2.05 0.41
  350 K    2  4 -1 -1 -3  1  1 -2 -2 -2 -1  2 -1 -3 -2  0 -1 -4 -3 -1   22  27   1   1   0   7   8   1   0   1   6  14   1   0   0   7   1   0   0   4  0.29 0.11
  351 A    2  3 -1 -2 -3  2  1 -1 -1 -3 -3  4 -1 -4 -2  0 -1 -4 -3 -2   28  15   2   0   0  12   6   3   1   0   1  30   1   0   0   2   0   0   0   1  0.43 0.15
  352 M   -3 -4 -5 -6 -4 -3 -5 -5 -4 -1  0 -4 10 -2 -5 -4 -3 -4 -4  0    0   0   0   0   0   0   0   0   0   0   1   0  95   0   0   0   0   0   0   3  2.32 0.45
  353 K   -3  2 -2 -3 -5 -1 -1 -4 -3 -5 -5  7 -4 -5 -3 -2 -3 -5 -4 -4    0   5   0   0   0   0   0   0   0   0   0  95   0   0   0   0   0   0   0   0  1.62 0.35
  354 D   -3 -3  4  6 -5 -2 -1 -3  5 -5 -5 -2 -4 -5 -2 -2 -3 -6 -3 -5    0   0  26  53   0   0   0   0  19   0   0   0   0   0   2   0   0   0   0   0  1.24 0.27
  355 H   -2  1  4 -1 -3  5  2 -2  2 -3 -2  1  4 -4 -3 -2 -2 -4 -3 -3    0   4  21   0   0  34  12   1   4   0   1   7  15   0   0   0   0   0   0   0  0.62 0.20
  356 A    6 -3 -3 -4  1 -3 -3 -2 -4 -3 -3 -3 -3 -4 -3  0 -1 -5 -4 -2   93   0   0   0   3   0   0   0   0   0   0   0   0   0   0   3   1   0   0   1  1.25 0.31
  357 I   -3 -5 -5 -5 -3 -5 -5 -6 -5  7  0 -5 -1 -2 -5 -4 -3 -5 -3  2    0   0   0   0   0   0   0   0   0  92   2   0   0   0   0   0   0   0   0   6  1.50 0.32
  358 L   -2 -4 -5 -5 -3 -4 -4 -5 -5  2  2 -4  0 -2 -4 -4 -2 -4 -3  6    0   0   0   0   0   0   0   0   0   4  15   0   0   0   0   0   0   0   0  81  1.09 0.27
  359 G   -1 -5 -3 -4  9 -4 -5  5 -5 -4 -4 -4 -4 -5 -4 -2 -3 -4 -5 -4    2   0   0   0  53   0   0  43   0   0   0   0   0   0   0   2   0   0   0   0  1.74 0.31
  360 N   -4 -3  8 -1 -5 -2 -3 -3 -2 -6 -6 -2 -5 -6 -4 -2 -2 -6 -5 -5    0   0 100   0   0   0   0   0   0   0   0   0   0   0   0   0   0   0   0   0  2.17 0.41
  361 I   -3 -5 -5 -5 -3 -5 -5 -6 -5  7  0 -5 -1 -2 -5 -4 -3 -5 -3  2    0   0   0   0   0   0   0   0   0  96   0   0   0   0   0   0   0   0   0   4  1.60 0.33
  362 G   -2 -4 -2 -3 -5 -4 -4  7 -4 -6 -6 -4 -5 -5 -4 -2 -4 -5 -5 -5    0   0   0   0   0   0   0 100   0   0   0   0   0   0   0   0   0   0   0   0  2.02 0.34
  363 H   -4 -3 -2 -4 -6 -2 -3 -5 11 -6 -6 -3 -4 -4 -5 -3 -4 -5 -1 -6    0   0   0   0   0   0   0   0 100   0   0   0   0   0   0   0   0   0   0   0  2.95 0.48
  364 F   -5 -5 -5 -6 -5 -6 -6 -6 -4 -2 -2 -6 -2  9 -6 -5 -5 -1  1 -3    0   0   0   0   0   0   0   0   0   0   0   0   0 100   0   0   0   0   0   0  2.33 0.40
  365 D   -4 -4 -1  8 -6 -3 -1 -4 -3 -6 -6 -3 -5 -6 -4 -2 -3 -7 -6 -6    0   0   0 100   0   0   0   0   0   0   0   0   0   0   0   0   0   0   0   0  2.17 0.38
  366 N   -3 -3  8  0 -5 -2 -2 -2 -1 -5 -5 -2 -4 -5 -4  2 -2 -6 -4 -5    0   0  84   2   0   0   0   0   0   0   0   0   0   0   0  13   0   0   0   0  1.64 0.34
  367 E   -3 -2 -2 -1 -6  0  7 -4 -2 -6 -5 -1 -4 -6 -3 -2 -3 -5 -4 -5    0   0   0   0   0   0 100   0   0   0   0   0   0   0   0   0   0   0   0   0  1.88 0.38
  368 I   -3 -5 -6 -5 -3 -5 -5 -6 -6  8  0 -5 -1 -2 -5 -5 -3 -5 -3  1    0   0   0   0   0   0   0   0   0  98   1   0   0   0   0   0   0   0   0   1  1.66 0.34
  369 D   -3 -2 -1  6 -5  5  2 -3 -2 -5 -5 -1 -4 -5 -3 -2 -3 -5 -4 -5    1   0   0  55   0  36   8   0   0   0   0   0   0   0   0   0   0   0   0   0  1.27 0.28
  370 M   -2 -4 -4 -5 -3 -3 -4 -5 -4  2  0 -4  7 -2 -4 -3 -2 -4 -2  4    0   0   0   0   0   0   0   0   0  12   1   0  43   0   0   0   1   0   1  43  1.05 0.27
  371 A    5 -3 -1  1 -2 -1  0 -1  2 -3 -2 -2 -2 -4 -2  1 -1 -4 -3 -2   65   0   2   8   0   1   6   1   5   0   3   1   0   0   0   6   1   0   0   0  0.59 0.20
  372 G    2  0 -1 -2 -3 -1 -2  4 -1 -4 -4  0 -3 -2 -2  2 -1 -1  0 -3   20   4   1   0   0   1   1  41   1   0   0   5   0   1   1  19   0   1   4   0  0.52 0.15
  373 L   -3 -4 -5 -5 -3 -4 -5 -6 -5  1  6 -4  1 -1 -5 -4 -2 -3 -3  0    0   0   0   0   0   0   0   0   0   3  92   0   1   0   0   0   1   0   0   2  1.19 0.27
  374 E    1  2  1  0 -3  1  3 -2  1 -3 -3  2 -1 -3 -2  0 -1 -4 -2 -2   16  10   8   2   0   2  30   1   4   0   0  18   1   0   0   3   1   0   1   1  0.36 0.12
  375 R    0  2  4  0 -3  2  0 -2  0 -3 -3  2 -2 -4 -2  0  1 -2 -2 -3    8  14  29   3   0   9   1   1   1   0   1  18   1   0   0   4   9   0   0   0  0.41 0.13
  376 S    0 -3 -2 -1 -1 -2 -1 -3  2 -2 -1 -2 -1  0  5  0 -1 -2  4 -2    7   0   1   4   1   0   2   0   5   1   8   1   1   3  35   8   3   0  20   1  0.61 0.15
  377 G   -1 -1  0  1 -4  1  0  5 -2 -4 -4  2 -3 -4  0 -1 -2 -3 -3 -4    2   1   2   8   0   8   6  46   1   0   1  18   0   0   4   1   1   0   0   0  0.57 0.14
  378 A    0 -4 -3 -5  2 -3 -4 -4 -4  3 -1 -4  0 -2 -4 -3 -1  9 -1  3    9   0   1   0   5   0   0   0   0  19   2   0   2   0   0   0   2  33   0  26  1.01 0.22
  379 T   -1  1 -1 -1 -3  1  2 -3 -2 -1 -2  3 -2 -3 -2  0  3 -3 -3  0    1   5   2   1   0   4  18   0   0   1   1  22   0   0   0   3  30   0   0  10  0.35 0.13
  380 R   -1  4 -1 -1  0  0  0 -2  1 -2 -2  3 -1 -2 -1 -1 -1  3 -1 -2    3  30   1   2   2   2   3   2   3   2   3  29   1   1   2   2   2   6   1   3  0.39 0.09
  381 V   -1 -1 -1  1 -2  0  0 -2  0  2  0 -1  0 -1 -1 -1  1 -2 -1  1    2   2   2  11   1   3   8   2   2  21   9   3   2   1   1   2  11   0   1  15  0.08 0.04
  382 N   -3 -2  6  0 -4  0  4 -2 -1 -5 -5 -1 -4 -5 -2 -1  1 -5 -4 -4    0   0  54   0   0   1  31   0   0   0   0   0   0   0   1   1  10   0   0   0  1.00 0.25
  383 V   -3 -5 -5 -5 -3 -5 -5 -6 -5  7  0 -5 -1 -2 -5 -4 -2 -5 -3  3    0   0   0   0   0   0   0   0   0  85   1   0   0   0   0   0   0   0   0  14  1.37 0.30
  384 K   -3  0 -2 -3 -5 -1 -1 -4 -3 -5 -5  7 -4 -5 -3 -2 -3 -5 -4 -5    0   0   0   0   0   0   0   0   0   0   0 100   0   0   0   0   0   0   0   0  1.76 0.37
  385 P   -3 -4 -4 -1 -5 -3 -1 -4 -4 -5 -5 -3 -5 -6  8 -3 -3 -6 -5 -5    0   0   0   3   0   0   3   0   0   0   0   0   0   0  93   0   0   0   0   0  2.61 0.39
  386 Q   -3 -1 -2 -2 -5  8  0 -2 -2 -5 -4 -1 -3 -6 -4 -2 -3 -4 -4 -5    0   0   0   0   0  96   0   3   0   0   1   0   0   0   0   0   0   0   0   0  1.98 0.42
  387 V   -2 -4 -4 -5  0 -4 -4 -5 -5  1 -1 -4 -1 -3 -4 -3  1 -4 -1  6    0   0   0   0   2   0   0   0   0   0   0   0   0   0   0   0   9   0   2  87  1.16 0.29
  388 D   -4 -3 -1  7 -6 -2  0 -4  5 -5 -6 -3 -5 -5 -4 -2 -3 -6 -4 -5    0   0   0  85   0   0   0   0  14   0   0   0   0   0   0   0   0   0   0   0  1.79 0.34
  389 L   -2  2 -1 -2 -4  1  3 -3  5 -2 -1  2  3 -3 -3 -2 -1 -4 -2 -2    0  13   0   0   0   6  22   0  19   1   6  16  11   0   0   0   4   0   0   1  0.43 0.15
  390 W   -3 -4 -5 -5 -4 -4 -5 -5 -3  3 -1 -4 -2  3 -5 -4 -3  9  4  2    0   0   0   0   0   0   0   0   0  23   0   0   0  13   0   0   0  34  14  15  1.29 0.25
  391 T   -1  0 -2 -2 -3 -1  2 -3 -2  3 -1 -1 -1 -2 -3 -1  4 -4 -2  2    1   5   0   0   0   1  15   0   1  21   1   2   0   0   0   1  33   0   0  18  0.34 0.15
  392 F   -4 -5 -5 -5 -4 -5 -5 -5 -3 -2  1 -4  2  8 -5 -4 -4  0  1 -2    0   0   0   0   0   0   0   0   0   0  13   1   6  79   0   0   0   1   0   0  1.56 0.30
  393 G    0 -3 -3 -3 -4 -2 -1 -2 -3 -4 -4 -1 -4 -5  8 -1 -2 -5 -4 -3   10   1   0   1   0   1   4   2   0   0   1   3   0   0  73   3   1   0   0   0  1.69 0.27
  394 D   -2 -1  2  6 -3 -1  1 -2 -1 -3 -3 -1 -3 -3 -2 -1 -2 -4 -3 -3    3   2   9  65   0   1   7   2   1   1   2   2   0   1   2   1   1   0   1   1  0.95 0.18
  395 T    0  0  1  1 -1  0  0  0 -1 -1 -1  0 -1 -1  0  2  1 -1 -1 -1    7   3   5   7   1   3   4   6   1   3   5   5   1   2   4  23  13   1   2   4  0.10 0.02
  396 G   -1 -4  0 -2 -4 -3 -2  7 -4 -5 -5 -2 -3 -5 -4 -2 -3 -4 -5 -5    1   0   4   1   0   0   2  87   0   0   0   2   0   0   0   0   0   0   0   0  1.53 0.28
  397 R   -2  3  3 -2 -4 -1 -1 -3  6 -4 -4  4 -3 -4 -3  0 -1 -4 -2 -4    1  14  15   0   0   0   0   0  25   0   0  38   0   0   0   6   1   0   0   0  0.78 0.21
  398 S    0  4 -1 -2 -1  0 -1  1 -2 -3 -3  1 -3 -4 -3  3  0 -4 -3 -2    8  31   1   0   2   2   2  12   0   0   0   7   0   0   0  32   2   0   0   2  0.45 0.15
  399 I   -3 -5 -5 -5 -3 -4 -5 -5 -5  7  1 -4  2 -2 -4 -4 -2 -4 -3  2    0   0   0   0   0   0   0   0   0  76   8   0   5   0   0   0   0   0   0  11  1.13 0.26
  400 I   -3 -5 -5 -5 -3 -4 -5 -5 -4  6  1 -4  0  1 -5 -4 -1 -3  2  1    0   0   0   0   0   0   0   0   0  75   9   0   0   5   0   0   2   0   7   3  1.01 0.25
  401 V   -2 -4 -5 -5 -2 -4 -4 -5 -4  2  4 -4  3 -1 -4 -3 -2 -4 -3  4    0   0   0   0   0   0   0   0   0   8  43   0   6   0   0   0   0   0   0  42  0.74 0.19
  402 L   -3 -4 -5 -6 -3 -4 -5 -6 -5  0  6 -4  1 -1 -5 -4 -3 -4 -3 -1    0   0   0   0   0   0   0   0   0   0 100   0   0   0   0   0   0   0   0   0  1.38 0.30
  403 S    5 -3 -2 -3 -2 -2 -2 -2 -3 -4 -4 -2 -3 -4 -3  4 -1 -4 -4 -2   56   0   0   0   0   0   0   0   0   0   0   0   0   0   0  43   0   0   0   0  0.94 0.26
  404 E   -2 -1 -2  0 -6  2  7 -4 -2 -5 -5  2 -4 -5 -3 -2 -3 -5 -4 -4    1   1   0   1   0   5  80   0   0   0   0  12   0   0   0   0   0   0   0   0  1.33 0.30
  405 G   -2 -4 -2 -3 -5 -4 -4  7 -4 -6 -6 -4 -5 -5 -4 -2 -4 -5 -5 -5    0   0   0   0   0   0   0 100   0   0   0   0   0   0   0   0   0   0   0   0  2.02 0.34
  406 R   -4  8 -3 -4 -6 -1 -2 -5 -2 -5 -5  0 -4 -5 -4 -3 -3 -5 -4 -5    0 100   0   0   0   0   0   0   0   0   0   0   0   0   0   0   0   0   0   0  2.07 0.39
  407 L   -3 -4 -5 -6 -3 -4 -5 -6 -5  0  6 -4  0 -1 -5 -4 -3 -4 -3 -1    0   0   0   0   0   0   0   0   0   0 100   0   0   0   0   0   0   0   0   0  1.39 0.30
  408 L   -2 -4 -5 -5 -2 -3 -4 -5 -4  1  4 -4  3 -1 -4 -3 -2 -4 -3  4    0   0   0   0   0   0   0   0   0   0  41   0  10   1   0   0   0   0   0  48  0.79 0.21
  409 N   -4 -3  8 -1 -5 -2 -3 -3 -2 -6 -6 -2 -5 -6 -4 -2 -2 -6 -5 -5    0   0 100   0   0   0   0   0   0   0   0   0   0   0   0   0   0   0   0   0  2.17 0.41
  410 L   -3 -4 -5 -6 -3 -4 -5 -6 -5  0  6 -4  0 -1 -5 -4 -3 -4 -3 -1    0   0   0   0   0   0   0   0   0   0 100   0   0   0   0   0   0   0   0   0  1.39 0.30
  411 G   -2 -4 -2 -3 -5 -4 -4  7 -4 -6 -6 -4 -5 -5 -4 -2 -4 -5 -5 -5    1   0   0   0   0   0   0  99   0   0   0   0   0   0   0   0   0   0   0   0  2.00 0.34
  412 N   -3 -4  6 -3  9 -3 -4 -4 -3 -4 -4 -4 -4 -5 -5 -2 -3 -5 -5 -4    0   0  43   0  56   0   0   0   0   0   1   0   0   0   0   0   0   0   0   0  1.94 0.36
  413 A    6 -3 -3 -4 -2 -3 -3  0 -4 -3 -4 -3 -3 -4 -3 -1 -2 -5 -4 -2   94   0   0   0   0   0   0   6   0   0   0   0   0   0   0   0   0   0   0   0  1.29 0.31
  414 T   -2 -3 -2 -3 -3 -3 -3 -4 -2 -3 -3 -3 -1 -4 -3 -1  7 -5 -4 -2    0   0   1   0   0   0   0   0   1   0   0   0   2   0   0   0  96   0   0   0  1.63 0.37
  415 G   -2 -4 -2 -3 -5 -4 -4  7 -4 -6 -6 -4 -5 -5 -4 -2 -4 -5 -5 -5    0   0   0   0   0   0   0 100   0   0   0   0   0   0   0   0   0   0   0   0  2.02 0.34
  416 H   -4 -3 -2 -4 -6 -2 -3 -5 11 -6 -6 -3 -4 -4 -5 -3 -4 -5 -1 -6    0   0   0   0   0   0   0   0 100   0   0   0   0   0   0   0   0   0   0   0  2.95 0.48
  417 P   -3 -5 -4 -4 -5 -4 -4 -5 -5 -5 -5 -3 -5 -6  9 -3 -3 -6 -5 -5    1   0   0   0   0   0   0   0   0   0   0   0   0   0  99   0   0   0   0   0  2.85 0.42
  418 S   -1 -3 -1 -2 -3 -2 -2 -2 -3 -5 -5 -2 -4 -5 -3  7 -1 -5 -4 -4    1   0   0   0   0   0   0   0   0   0   0   0   0   0   0  99   0   0   0   0  1.54 0.37
  419 F   -4 -5 -5 -6 -5 -5 -5 -5 -3 -2 -2 -5 -2  9 -6 -5 -4 -1  3 -3    0   0   0   0   0   0   0   0   0   0   0   0   0  93   0   0   0   0   7   0  2.11 0.37
  420 V   -2 -5 -5 -5 -3 -4 -5 -5 -5  1 -1 -4 -1 -3 -5 -4 -2 -5 -3  7    0   0   0   0   0   0   0   0   0   0   0   0   0   0   0   0   0   0   0 100  1.53 0.34
  421 M   -4 -4 -5 -6 -4 -3 -5 -5 -4 -1  0 -4 10 -3 -5 -4 -3 -4 -4 -2    0   0   0   0   0   0   0   0   0   0   0   0 100   0   0   0   0   0   0   0  2.55 0.48
  422 S   -1 -3 -1 -2 -3 -2 -2 -2 -3 -5 -5 -2 -4 -5 -3  7 -1 -5 -4 -4    0   0   0   0   0   0   0   0   0   0   0   0   0   0   0 100   0   0   0   0  1.57 0.37
  423 N    2 -2  6 -1  4 -2 -2 -2 -2 -4 -4 -2 -2 -4 -3  1  0 -5 -3 -3   25   0  49   0  10   0   0   0   0   0   0   0   0   0   0  11   4   0   0   0  0.79 0.22
  424 S   -1 -3 -1 -2 -3 -2 -2 -2 -3 -5 -5 -2 -4 -5 -3  7 -1 -5 -4 -4    0   0   0   0   0   0   0   0   0   0   0   0   0   0   0 100   0   0   0   0  1.56 0.37
  425 F   -5 -5 -5 -6 -5 -6 -6 -6 -4 -2 -2 -6 -2  9 -6 -5 -5 -1  1 -3    0   0   0   0   0   0   0   0   0   0   0   0   0 100   0   0   0   0   0   0  2.33 0.40
  426 A    3 -3 -2 -3 -2 -2 -2 -3 -3 -3 -3 -2 -3 -4 -3  2  6 -4 -3 -2   27   0   0   0   0   0   0   0   0   0   0   0   0   0   0  13  60   0   0   0  0.91 0.26
  427 N   -4 -3  8  2 -5 -2 -2 -3 -2 -6 -6 -2 -5 -5 -4 -2 -2 -6 -4 -5    0   0  93   7   0   0   0   0   0   0   0   0   0   0   0   0   0   0   0   0  1.94 0.37
  428 Q   -3 -1 -2 -3 -6  9  0 -4 -2 -5 -5 -1 -3 -6 -4 -3 -3 -5 -4 -5    0   0   0   0   0 100   0   0   0   0   0   0   0   0   0   0   0   0   0   0  2.17 0.44
  429 T   -1 -4 -3 -4  0 -3 -3 -4 -4  0 -2 -3 -2 -3 -3 -1  5 -4 -3  5    3   0   0   0   1   0   0   0   0   0   0   0   0   0   0   0  47   0   0  49  0.88 0.26
  430 I   -3 -4 -5 -5 -3 -4 -5 -5 -5  4  5 -4  2 -1 -5 -4 -3 -4 -3  0    0   0   0   0   0   0   0   0   0  34  63   0   3   0   0   0   0   0   0   0  0.96 0.23
  431 A    7 -4 -4 -4 -2 -3 -3 -1 -4 -3 -4 -3 -3 -4 -3 -1 -2 -5 -4 -2   99   0   0   0   0   0   0   1   0   0   0   0   0   0   0   0   0   0   0   0  1.43 0.34
  432 Q   -3 -1 -2 -3 -6  9  0 -4 -2 -5 -5 -1 -3 -6 -4 -3 -3 -5 -4 -5    0   0   0   0   0 100   0   0   0   0   0   0   0   0   0   0   0   0   0   0  2.17 0.44
  433 I   -3 -5 -5 -5 -3 -4 -5 -6 -5  7  2 -4  2 -2 -5 -4 -3 -4 -3  1    0   0   0   0   0   0   0   0   0  77  18   0   4   0   0   0   0   0   0   1  1.16 0.26
  434 E   -3 -2 -2  3 -6  0  7 -4 -2 -5 -5 -1 -4 -5 -3 -2 -3 -5 -4 -5    0   0   0  13   0   0  84   0   0   0   0   2   0   0   0   0   0   0   0   0  1.49 0.32
  435 L   -3 -4 -5 -6 -3 -4 -5 -6 -5  1  6 -4  1 -1 -5 -4 -3 -4 -3 -1    0   0   0   0   0   0   0   0   0   3  96   0   0   0   0   0   0   0   0   0  1.30 0.29
  436 W   -2 -5 -5 -6 -4 -4 -5 -5 -2 -3 -3 -5 -3  6 -5 -4 -4 10  2 -4    5   0   0   0   0   0   0   0   1   0   0   0   0  41   0   0   0  47   4   0  2.10 0.34
  437 T    0 -1  2 -1  0  1  0 -2 -2 -2 -2  1 -2 -3 -2  0  5 -4 -3 -1    6   1  10   1   2   7   4   1   0   1   2  10   0   0   0   2  51   0   0   3  0.48 0.17
  438 K   -1  2  4 -1 -4  0  1 -2  1 -4 -4  4 -3 -4 -3 -1 -2 -4 -3 -4    3  10  28   0   0   2   9   0   4   0   0  42   0   0   0   1   1   0   0   0  0.68 0.19
  439 N    0  1  1 -1 -2  0 -1  2  0 -3 -3  1 -2 -3  3  1  1 -3 -2 -2    6   9   8   1   0   3   1  16   3   0   1  12   0   0  17   7  13   0   1   1  0.31 0.08
  440 D    0 -1  1  4 -4  0  3  3 -2 -4 -4  0 -3 -4 -2 -1 -1 -4 -3 -3    6   2   4  34   0   1  20  23   0   0   1   4   0   0   0   2   2   0   0   1  0.54 0.13
  441 E    0  1  1  2 -3  2  3 -2  0 -3 -3  3 -2 -3 -2  0  0 -4 -2 -3    6   4   5   9   0  12  24   1   2   0   0  27   0   0   0   4   3   0   1   1  0.41 0.12
  442 Y   -4 -3 -4 -5 -5 -4 -4 -5  0 -3 -2 -4 -3  1 -5 -4 -4  0  9 -3    0   1   0   0   0   0   0   0   1   0   4   0   0   0   0   0   0   0  93   0  2.24 0.40
  443 D    0 -1 -1  3 -4  1  4 -1 -2 -4 -4  2 -3 -4  4 -1 -1 -4 -3 -3    8   0   1  15   0   6  32   3   0   0   0  14   0   0  18   1   1   0   0   1  0.57 0.15
  444 N   -2  0  4 -1 -3 -1 -2 -2 -2  0 -2  3 -2 -3  0 -1  0 -4 -3  1    0   3  33   0   0   0   0   2   0   7   2  24   0   0   5   1   7   0   0  15  0.38 0.15
  445 E   -1  0  0  2 -4  2  3  3 -2 -4 -4  3 -3 -4 -3 -1 -1 -4 -3 -4    2   2   3  10   0   9  20  30   0   0   0  22   0   0   0   1   2   0   0   0  0.50 0.14
  446 V   -2 -5 -5 -5 -2 -4 -5 -5 -5  1 -1 -4 -1 -3 -5 -4 -2 -5 -3  7    0   0   0   0   0   0   0   0   0   0   0   0   0   0   0   0   0   0   0  99  1.51 0.34
  447 Y   -3 -4 -4 -5 -5 -4 -4 -5  2 -3 -3 -4 -1  1 -5 -3 -1  0  9 -3    1   0   0   0   0   0   0   0   4   0   0   0   2   1   0   0   4   0  88   0  2.05 0.38
  448 R   -2  3 -3 -4 -1 -2 -3 -4 -3  2 -1 -1  0 -3 -3 -2  2 -4 -3  4    0  21   0   0   1   0   0   0   0  11   2   1   1   0   0   0  18   0   0  45  0.51 0.18
  449 L   -3 -4 -5 -6 -3 -4 -5 -6 -5  0  6 -4  0 -1 -5 -4 -3 -4 -3 -1    0   0   0   0   0   0   0   0   0   0 100   0   0   0   0   0   0   0   0   0  1.39 0.30
  450 P   -2 -4 -4 -4 -5 -4 -3 -4 -5 -5 -5 -3 -5 -6  9 -2 -3 -6 -5 -5    2   0   0   0   0   0   0   0   0   0   0   0   0   0  95   3   0   0   0   0  2.69 0.40
  451 K   -3  1 -2 -3 -5 -1 -1 -4 -3 -5 -5  7 -4 -5 -3 -2 -3 -5 -4 -5    0   1   0   0   0   0   0   0   0   0   0  98   0   0   0   0   0   0   0   0  1.72 0.36
  452 H   -2 -1 -1 -3 -4  0  1 -4  9  0 -3  2 -3 -3 -4 -2 -2 -4  0 -2    2   2   0   0   0   3   7   0  58   7   1  13   0   0   0   1   2   0   1   3  1.10 0.26
  453 L   -3 -4 -5 -6 -3 -4 -5 -6 -5  0  6 -4  0 -1 -5 -4 -3 -4 -3 -1    0   0   0   0   0   0   0   0   0   0 100   0   0   0   0   0   0   0   0   0  1.39 0.30
  454 D   -4 -4 -1  8 -6 -3 -1 -4 -3 -6 -6 -3 -5 -6 -4 -2 -3 -7 -6 -6    0   0   0 100   0   0   0   0   0   0   0   0   0   0   0   0   0   0   0   0  2.17 0.38
  455 E   -3 -2 -2 -1 -6  0  7 -4 -2 -6 -5 -1 -4 -6 -3 -2 -3 -5 -4 -5    0   0   0   0   0   0 100   0   0   0   0   0   0   0   0   0   0   0   0   0  1.88 0.38
  456 K   -2  0 -2 -2 -5  0  3 -4 -1 -4 -4  6  0 -5 -3 -2 -3 -5 -4 -4    0   1   0   1   0   1  22   0   1   0   0  71   4   0   0   0   0   0   0   0  1.12 0.28
  457 V   -2 -5 -5 -5 -3 -4 -5 -5 -5  1 -1 -4 -1 -3 -5 -4 -2 -5 -3  7    0   0   0   0   0   0   0   0   0   1   0   0   0   0   0   0   0   0   0  99  1.52 0.34
  458 A    7 -4 -4 -4 -2 -3 -3 -2 -4 -3 -4 -3 -3 -4 -3 -1 -2 -5 -4 -2  100   0   0   0   0   0   0   0   0   0   0   0   0   0   0   0   0   0   0   0  1.46 0.34
  459 R    1  7 -2 -3 -5 -1 -2 -4 -2 -4 -3  1 -2 -4 -4 -2 -2 -5 -4 -3   14  77   0   0   0   1   0   0   0   0   1   3   1   0   0   1   0   0   0   1  1.25 0.28
  460 I   -3 -4 -5 -5 -3 -4 -5 -6 -5  2  6 -4  0 -1 -5 -4 -3 -4 -3  0    0   0   0   0   0   0   0   0   0  10  88   0   0   0   0   0   0   0   0   1  1.15 0.26
  461 H   -4 -3 -2 -4 -6  1 -2 -5 10 -6 -5 -3 -4 -4 -5 -3 -4 -5 -1 -6    0   0   0   0   0   7   0   0  93   0   0   0   0   0   0   0   0   0   0   0  2.65 0.44
  462 V   -3 -4 -5 -6 -3 -4 -5 -6 -5  0  6 -4  0 -1 -5 -4 -3 -4 -3  1    0   0   0   0   0   0   0   0   0   0  89   0   0   0   0   0   0   0   0  10  1.15 0.26
  463 E    0 -1  0  4 -4  0  3  1 -2 -4 -4  1 -3 -4  0 -1 -2 -4 -3 -3   11   1   1  25   0   1  29  13   0   0   0  12   0   0   3   2   1   0   0   0  0.49 0.14
  464 A    3  3 -1 -2 -3  1 -1 -2 -1 -3 -3  5 -3 -4 -2  0 -1 -4 -3 -3   27  13   2   0   0   4   0   0   1   0   0  46   0   0   0   4   2   0   0   0  0.61 0.19
  465 L   -3 -4 -5 -5 -2 -4 -5 -5 -5  4  5 -4  0 -1 -4 -4 -3 -3 -3  1    0   0   0   0   0   0   0   0   0  23  71   0   0   1   0   0   0   0   0   4  0.95 0.22
  466 G   -2 -4  1 -2 -5 -3 -4  7 -4 -6 -6 -3 -5 -5 -4 -2 -3 -5 -5 -5    0   0   7   1   0   0   0  91   0   0   0   0   0   0   0   0   0   0   0   0  1.70 0.30
  467 G    3 -4 -3 -4 -1 -3 -3  1 -4  0 -2 -3 -1 -3 -3 -2 -2 -4 -3  4   38   0   0   0   1   0   0  11   0   2   0   0   0   0   0   0   0   0   0  48  0.61 0.21
  468 H   -2  2  0 -2 -4  2  1 -3  1 -4 -4  5  0 -4 -3 -1  0 -4 -3 -3    0   9   3   0   0  10   9   0   3   0   0  54   2   0   0   2   5   0   0   1  0.67 0.19
  469 L   -3 -4 -5 -6 -3 -4 -5 -6 -5  0  6 -4  0 -1 -5 -4 -3 -4 -3 -1    0   0   0   0   0   0   0   0   0   2  98   0   0   0   0   0   0   0   0   0  1.33 0.29
  470 T   -2 -3 -2 -3 -3 -3 -2 -4 -4 -3 -3 -3 -3 -4 -3  2  7 -5 -4 -2    0   0   0   0   0   0   2   0   0   0   0   0   0   0   0  10  87   0   0   0  1.40 0.34
  471 K   -1  1 -2 -1 -4  1  3 -3 -2 -2 -3  4 -2 -4 -2 -1  2 -4 -3  0    1   6   0   0   0   3  26   0   0   1   0  33   0   0   0   1  20   0   0   8  0.48 0.17
  472 L   -3 -4 -5 -6 -3 -4 -5 -6 -5  0  6 -4  1 -1 -5 -4 -3 -4 -3 -1    0   0   0   0   0   0   0   0   0   0  98   0   2   0   0   0   0   0   0   0  1.35 0.30
  473 T   -1  1  0 -2 -3 -2 -2 -3 -3 -3 -3 -1 -3 -4 -3  4  5 -4 -3 -2    1   8   2   1   0   0   0   0   0   0   0   1   0   0   0  36  52   0   0   0  0.85 0.25
  474 K   -1  0 -1  2 -4  2  1 -2 -2 -4 -4  4 -3 -5  4 -1 -1 -4 -3 -3    5   0   1  13   0  12  10   1   0   0   0  36   0   0  19   1   2   0   0   0  0.62 0.17
  475 E   -1 -1 -1  3 -5  1  5 -3 -2 -4 -4  2 -3 -5 -2 -1 -2 -5 -3 -3    5   1   0  19   0   3  56   1   0   0   0  11   0   0   0   2   1   0   0   1  0.84 0.21
  476 Q   -3 -1 -2 -3 -6  9  0 -4 -2 -5 -5 -1 -3 -6 -4 -3 -3 -5 -4 -5    0   0   0   0   0 100   0   0   0   0   0   0   0   0   0   0   0   0   0   0  2.17 0.44
  477 A    6 -3 -3 -4 -2 -3 -3 -2 -4 -3 -4 -3 -3 -4 -3  0 -2 -5 -4 -2   97   0   0   0   0   0   0   0   0   0   0   0   0   0   0   3   0   0   0   0  1.36 0.32
  478 E    2 -2  0  5 -3  0  3 -2 -2 -4 -4 -1 -3 -4 -2  0 -1 -5 -4 -3   27   0   2  37   0   1  22   1   0   0   0   3   0   0   0   5   1   0   0   0  0.63 0.18
  479 Y   -4 -4 -5 -6 -5 -4 -5 -6 -1 -4 -4 -4 -4  1 -6 -4 -4  0 10 -4    0   0   0   0   0   0   0   0   0   0   0   0   0   0   0   0   0   0 100   0  2.61 0.44
  480 L   -3 -5 -5 -5 -3 -5 -5 -6 -5  7  2 -5  0 -2 -5 -4 -3 -4 -3  1    0   0   0   0   0   0   0   0   0  81  18   0   0   0   0   0   0   0   0   1  1.26 0.28
  481 G   -1 -4  2 -1 -4 -3 -3  6 -2 -5 -5 -3 -4 -5 -4  0 -3 -4 -4 -5    1   0  10   3   0   0   0  77   1   0   0   0   0   0   0   7   0   0   0   0  1.29 0.25
  482 V   -2 -5 -5 -5 -3 -4 -5 -5 -5  2  0 -4 -1 -2 -4 -4 -2 -5 -3  7    0   0   0   0   0   0   0   0   0   7   2   0   0   1   0   0   0   0   0  90  1.28 0.30
  483 D   -1 -2 -1  3 -4 -1  0 -2 -2 -4 -4  1 -4 -5  6  1  0 -5 -4 -4    2   0   2  22   0   2   4   1   0   0   0   8   0   0  42   9   7   0   0   0  0.91 0.19
  484 V   -1 -2 -3 -4 -3  1 -2 -4 -3  1 -1  1 -1 -3  2 -2 -1 -4 -3  5    3   1   0   0   0   7   1   0   0   5   1  11   0   0  10   0   2   0   0  59  0.52 0.18
  485 E    0 -1  1  3 -4  2  5 -2 -1 -4 -4  0 -3 -5 -3  0 -1 -4 -3 -3    9   0   7  15   0   8  52   1   1   0   0   2   0   0   0   3   3   0   0   0  0.72 0.19
  486 G   -2 -4 -2 -3 -5 -4 -4  7 -4 -6 -6 -4 -5 -5 -4 -2 -4 -5 -5 -5    0   0   0   0   0   0   0 100   0   0   0   0   0   0   0   0   0   0   0   0  2.02 0.34
  487 P   -3 -5 -5 -4 -5 -4 -4 -5 -5 -5 -5 -3 -5 -6  9 -3 -4 -6 -6 -5    0   0   0   0   0   0   0   0   0   0   0   0   0   0 100   0   0   0   0   0  2.93 0.42
  488 Y   -4 -4 -5 -5 -5 -4 -5 -5 -1 -3 -3 -4 -3  6 -5 -4 -4  0  8 -3    0   0   0   0   0   0   0   0   0   0   0   0   0  34   0   0   0   0  66   0  1.90 0.34
  489 K   -3  0 -2 -3 -5 -1 -1 -4 -3 -5 -5  7 -4 -5 -3 -2 -3 -5 -4 -5    0   0   0   0   0   0   0   0   0   0   0 100   0   0   0   0   0   0   0   0  1.76 0.37
  490 P    1 -4 -3 -3 -4 -2 -3 -3 -3 -4 -3 -3 -4 -5  8  1 -1 -5 -4 -3   12   0   1   0   0   1   0   0   0   0   2   0   0   0  71  10   2   0   0   0  1.72 0.29
  491 D    0 -2  0  5 -5 -1  5 -3 -2 -5 -5 -1 -4 -5 -2 -1 -2 -5 -4 -4    8   0   4  42   0   0  42   1   0   0   0   0   0   0   1   1   0   0   0   0  0.97 0.23
  492 H   -2 -2 -1 -2 -5  0 -2 -4 10 -4 -3 -3 -1 -3 -4 -2  0 -4  0 -5    2   0   1   1   0   3   0   0  79   1   2   0   1   1   0   1   7   0   1   0  1.86 0.35
  493 Y   -4 -4 -5 -6 -5 -4 -5 -6 -1 -4 -4 -4 -4  1 -6 -4 -4  0 10 -4    0   0   0   0   0   0   0   0   0   0   0   0   0   0   0   0   0   0 100   0  2.61 0.44
  494 R   -4  8 -3 -4 -6 -1 -2 -5 -2 -5 -4  1 -4 -5 -4 -3 -3 -5 -4 -5    0  98   0   0   0   0   0   0   0   0   0   2   0   0   0   0   0   0   0   0  2.00 0.37
  495 Y   -4 -4 -5 -6 -5 -4 -5 -6 -1 -4 -4 -4 -4  1 -6 -4 -4  0 10 -4    0   0   0   0   0   0   0   0   0   0   0   0   0   0   0   0   0   0 100   0  2.61 0.44

                      K         Lambda
Standard Ungapped    0.1347     0.3164
Standard Gapped      0.0620     0.2670
PSI Ungapped         0.2028     0.3152
PSI Gapped           0.0620     0.2670
