
Last position-specific scoring matrix computed, weighted observed percentages rounded down, information per position, and relative weight of gapless real matches to pseudocounts
           A  R  N  D  C  Q  E  G  H  I  L  K  M  F  P  S  T  W  Y  V   A   R   N   D   C   Q   E   G   H   I   L   K   M   F   P   S   T   W   Y   V
    1 M   -3 -3 -4 -5 -3 -3 -4 -5 -4  1  1 -3  9 -2 -5 -4 -3 -3 -3  1    0   0   0   0   0   0   0   0   0   4   8   0  82   0   0   0   0   0   0   6  1.57 0.36
    2 Q   -2  1  1  0 -4  4  2 -1  3 -4 -4  1 -3 -4 -3  2  0 -4 -3 -4    0   6   7   3   0  26  14   3   7   0   0   9   0   0   0  21   4   0   0   0  0.48 0.20
    3 N   -1  0  3  0 -3  1  1 -2  1 -3 -4  1 -3 -4  2  2  2 -4 -3 -3    2   4  17   2   0   6   9   1   4   1   0   8   0   0  12  17  18   0   0   0  0.38 0.18
    4 L    0 -2 -1 -1 -3  1  0 -2 -2  0  0  0  0 -3  3  2  2 -4 -3  0    8   0   1   2   0   6   7   1   0   8   8   5   3   0  14  19  14   0   0   5  0.22 0.14
    5 N    1  0  1 -1 -2  2  1 -2 -1 -2 -3  1 -2 -4  2  1  2 -4 -3 -1   13   4   7   1   0   9   9   1   1   1   0   9   0   0  11  13  16   0   0   4  0.27 0.16
    6 K    0  2  1  1 -3  2  1 -2  0 -2 -3  1 -1 -4  1  1  1 -4 -3 -1    6  11   6   7   0  10   7   2   2   1   1   9   2   0   8  12  10   0   0   4  0.21 0.13
    7 T    0  0  2  1 -2  1  1 -1  0 -3 -2  1 -1 -3  1  1  1 -4 -2 -3    6   3  10   9   0   8   8   3   3   1   5  11   1   0   6  14  11   0   1   0  0.20 0.13
    8 E   -2  0  0  5 -5  4  3  0 -2 -5 -5 -1 -4 -5 -2  0 -1 -5 -4 -5    1   3   2  34   0  19  20   6   0   0   0   3   0   0   1   5   4   0   0   0  0.77 0.33
    9 K   -2  4 -1 -3 -5 -1 -1 -3  1 -5 -5  5 -4 -5 -1 -1  2 -5 -4 -4    3  21   1   1   0   2   1   1   4   0   0  43   0   0   3   3  16   0   0   1  0.84 0.37
   10 T    1  1 -1 -1 -4  0  1  3 -3 -4 -3 -1 -1 -4 -3  1  4 -5 -3 -3    9   7   1   3   0   3   8  21   0   0   1   2   2   0   0   8  33   0   0   0  0.49 0.28
   11 F   -5 -6 -6 -7 -5 -6 -6 -7 -5 -1  0 -6 -1  8 -7 -4 -5  1 -1  1    0   0   0   0   0   0   0   0   0   2   9   0   1  76   0   1   0   2   0   8  1.99 0.60
   12 F   -4 -6 -5 -7 -5 -6 -6 -6 -5 -2  2 -6  1  8 -6 -4 -5  1 -1 -2    1   0   1   0   0   0   0   0   0   1  22   0   3  67   0   1   0   1   0   2  1.76 0.56
   13 G   -3 -5 -4 -5 -6 -5 -6  8 -2 -8 -7 -5 -6 -7 -6 -4 -5 -6 -7 -7    1   1   0   0   0   0   0  97   1   0   0   0   0   0   0   0   0   0   0   0  2.45 0.70
   14 Q   -6 -3 -3 -5 -7  4 -4 -6 11 -8 -7 -4 -6 -6 -6 -5 -6 -7 -3 -7    0   1   0   0   0  18   0   0  81   0   0   0   0   0   0   0   0   0   0   0  3.11 0.88
   15 P   -5 -7 -6 -6 -7 -6 -5 -7 -7 -7 -7 -5 -7 -8  9 -5 -5 -8 -7 -7    0   0   0   0   0   0   0   0   0   0   0   0   0   0 100   0   0   0   0   0  3.42 0.94
   16 R   -1  5 -2 -4 -5  0 -2 -2  0 -1 -2  4 -1 -2 -2 -1 -3  2  0 -2    5  32   1   0   0   2   0   3   2   5   3  29   1   2   1   4   0   3   3   3  0.59 0.31
   17 G   -1 -5 -4 -5 -6 -1 -5  7 -5 -6 -6 -5 -2 -6  2 -2 -4  1 -6 -4    5   0   0   0   0   4   0  76   0   0   0   0   1   0  10   1   0   2   0   1  1.65 0.56
   18 L   -5 -6 -7 -7 -5 -6 -7 -7 -6 -1  7 -6  1 -1 -7 -6 -5 -5 -4 -2    0   0   0   0   0   0   0   0   0   1  95   0   2   2   0   0   0   0   0   1  1.90 0.64
   19 L    2 -1 -3 -4 -4 -1 -3  1 -3 -3 -2 -2  1  4  0  2 -1  2  2 -2   18   3   0   0   0   2   0  10   0   0   3   2   5  23   4  17   2   3   7   1  0.39 0.26
   20 T   -2 -4  2 -4 -4 -3 -4 -3 -3  0 -1 -3 -1 -3 -2  0  5  2  0  3    2   0   9   0   0   0   0   1   0   4   5   0   1   1   1   7  41   3   3  20  0.61 0.35
   21 L   -5 -6 -7 -7  2 -5 -6 -7 -6  0  6 -6  2 -3 -6 -6 -2 -5 -4 -2    0   0   0   0   3   0   0   0   0   3  86   0   4   0   0   0   2   0   0   1  1.62 0.57
   22 F   -2 -6 -6 -7 -2 -7 -7 -7 -5 -3 -2 -7 -3  9 -7  0 -5 -3  0 -3    3   0   0   0   1   0   0   0   0   1   3   0   0  84   0   7   0   0   1   1  2.32 0.71
   23 Q   -1 -5 -2 -5 -5 -1 -5  1  0 -3 -1 -4  4  7 -5 -1 -1 -1  1 -2    5   0   2   0   0   3   0  12   2   0   6   0  10  48   0   4   4   0   2   1  0.90 0.39
   24 T    0 -5 -4 -5 -4 -4 -4 -5 -5  1 -2 -4 -3 -5 -5 -2  6 -6 -5  3    9   0   0   0   0   0   0   0   0   7   2   0   0   0   0   1  60   0   0  20  1.24 0.53
   25 E   -5 -4 -4 -1 -8 -2  8 -6 -4 -3 -7 -3 -6 -7 -5 -4 -5 -7 -6 -5    0   0   0   2   0   0  95   0   0   2   0   0   0   0   0   0   0   0   0   1  2.40 0.80
   26 F   -3 -5 -6 -7 -5 -5 -6 -7 -6 -2  3 -5  9  3 -6 -5 -4 -5 -4 -1    2   0   0   0   0   0   0   0   0   1  23   0  61  12   0   0   0   0   0   2  1.99 0.68
   27 W   -7 -8 -9 -9 -7 -7 -8 -6 -7 -8 -7 -8 -6 -2 -9 -4 -7 13 -3 -8    0   0   0   0   0   0   0   0   0   0   0   0   0   1   0   2   0  97   0   0  4.89 1.20
   28 E   -5 -4 -4 -2 -8  0  8 -6 -4 -8 -7 -3 -6 -8 -5 -4 -5 -7 -6 -7    0   0   0   0   0   2  98   0   0   0   0   0   0   0   0   0   0   0   0   0  2.57 0.84
   29 R   -3  9 -5 -6 -8 -3 -4 -7 -4 -7 -6 -2 -6 -7 -6 -5 -5 -7 -6 -7    2  98   0   0   0   0   0   0   0   0   0   0   0   0   0   0   0   0   0   0  2.79 0.86
   30 F   -6 -7 -7 -8 -7 -7 -8 -7 -5 -4 -4 -7  2  9 -8 -7 -6 -3  0 -5    0   0   0   0   0   0   0   0   0   0   0   0   4  95   0   0   0   0   1   0  3.03 0.86
   31 S   -1 -5 -3 -4 -3 -4 -4 -3 -5 -7 -7 -4 -6 -7 -5  7 -3 -7 -6 -6    2   0   1   0   1   0   0   2   0   0   0   0   0   0   0  95   0   0   0   0  2.15 0.81
   32 Y   -6 -6 -3 -7 -6 -6 -6 -7 -3 -5 -4 -6 -4  7 -7 -6 -6  2  8 -5    0   0   2   0   0   0   0   0   0   0   0   0   0  38   0   0   0   2  58   0  2.46 0.76
   33 Y   -6 -6 -7 -8 -7 -6 -7 -8 -3 -6 -3 -6 -5  0 -8 -6 -6 -2 10 -6    0   0   0   0   0   0   0   0   0   0   2   0   0   1   0   0   0   0  97   0  3.40 0.99
   34 G   -3 -6 -4 -5 -6 -6 -6  8 -6 -8 -8 -5 -7 -7 -6 -2 -4 -7 -7 -7    1   0   0   0   0   0   0  97   0   0   0   0   0   0   0   2   1   0   0   0  2.51 0.76
   35 M   -5 -6 -7 -8 -6 -5 -7 -5 -6  1 -1 -6 11 -4 -7 -6 -5 -6 -5 -3    0   0   0   0   0   0   0   1   0   7   3   0  89   0   0   0   0   0   0   1  3.14 0.97
   36 R   -5  7 -3 -5 -7  4 -3 -5 -2 -6 -3  2 -5 -6 -5 -3 -3 -6 -5 -6    0  67   0   0   0  18   0   0   1   0   2   9   0   0   0   2   1   0   0   0  1.76 0.64
   37 A    6 -5 -5 -5 -3 -4 -4  1 -5 -5 -5 -4 -4 -5  1 -1 -2 -2 -2 -3   76   0   0   0   0   0   0   9   0   0   0   0   0   0   7   3   2   1   2   0  1.37 0.57
   38 I   -4 -6 -6 -6 -4 -5 -5 -7 -6  6  5 -6  1 -3 -6 -5 -4 -5 -4 -1    1   0   0   0   0   0   0   0   0  47  48   0   2   0   0   0   0   0   0   0  1.44 0.53
   39 L   -4 -6 -7 -7 -5 -6 -6 -7 -6 -2  7 -6 -1  0 -6 -6 -5 -5 -4 -2    1   0   0   0   0   0   0   0   0   0  95   0   0   3   0   0   0   0   0   1  1.93 0.67
   40 V    0 -4 -4 -5 -3 -4 -4 -2 -5  4  2 -4  1 -2 -1 -2  1 -4 -3  4    8   0   0   0   0   0   0   3   0  23  21   0   2   1   3   1   7   0   0  30  0.55 0.28
   41 Y   -4 -5 -5 -6 -4 -5 -5 -6 -3  1  4 -5 -2  4 -5 -5 -3 -2  6 -1    0   0   0   0   0   0   0   0   0   5  44   0   0  17   0   0   1   0  28   2  1.16 0.45
   42 Y   -5 -6 -6 -7 -6 -6 -6 -7 -3 -5 -5 -6 -5  6 -7 -6 -6 -2  9 -5    0   0   0   0   0   0   0   0   0   0   0   0   0  27   0   0   0   0  71   0  2.70 0.82
   43 L   -5 -5 -6 -7 -5 -5 -6 -7 -6  1  5 -5  8 -2 -6 -5 -4 -5 -4 -2    0   0   0   0   0   0   0   0   0   5  49   0  43   1   0   0   0   0   0   1  1.76 0.63
   44 Y   -2 -4 -4 -4 -4 -4 -4 -4 -2  0 -2 -4 -3  0 -4 -2  4  1  7  2    4   0   0   0   0   0   1   1   0   5   3   1   0   1   0   2  23   2  40  16  0.99 0.42
   45 A    2 -1  0  0 -1  0 -1 -1  0 -1 -1  1  0  0 -1  1  0 -1  2 -1   25   2   4   5   1   4   3   3   2   2   5  13   2   4   2   8   4   1   8   3  0.11 0.08
   46 L    1  0  0 -1 -1  0  0  0  1  0  0  0  0  0  0  0  0 -1  0  0   15   3   4   3   1   4   6   5   6   6   8   5   2   3   4   8   6   1   4   5  0.03 0.02
   47 T    0 -2 -2  1 -2 -1 -1 -2  1  0 -1 -1 -1  2 -2 -1  1  2  4  1    6   1   1  10   0   2   2   3   4   5   5   2   1   8   2   4  12   3  20  10  0.22 0.13
   48 T    2 -2 -2 -2 -2 -1  0 -1 -3 -2  0 -2 -1  0 -1  3  4 -3 -3 -2   15   1   1   1   0   2   6   3   0   1  12   1   1   4   3  22  26   0   0   2  0.32 0.22
   49 A    1 -3 -2 -2 -2 -2 -1 -1 -3  2  1 -2  0  0 -2 -1  0 -3 -1  4   10   1   1   3   1   1   3   4   0  14  10   1   1   5   1   4   4   0   2  34  0.25 0.15
   50 D    3 -2  0  0 -2  1  0  0 -1 -1 -1 -1 -1 -1 -1  1  0 -2 -1 -1   28   1   5   5   0   7   5   5   1   3   6   3   1   3   2  14   4   0   3   4  0.15 0.12
   51 N   -2  0  2  4 -4  2  2 -1 -1 -3 -3  2 -2 -4 -1 -1 -1 -4 -3 -3    2   4  12  28   0   9  11   4   1   1   2  14   1   1   3   3   2   0   1   1  0.47 0.21
   52 A   -1 -4 -1 -2 -4 -3 -2  7 -1 -4 -4 -3 -4 -4 -1 -2 -3 -4 -4 -4    5   1   3   1   0   1   3  72   2   1   2   1   0   1   3   2   1   0   0   1  1.33 0.42
   53 G   -2 -4 -3 -3 -4 -3 -4  7 -4 -4 -4 -3 -4 -4 -2 -3 -3 -4 -3 -4    2   1   1   1   0   1   1  82   0   1   2   1   0   1   2   1   1   0   1   1  1.69 0.49
   54 L   -4 -4 -5 -5 -4 -4 -4 -5 -3 -1  6 -4  3  1 -4 -4 -3  4 -3 -2    1   1   0   1   0   0   1   1   1   1  72   1   7   5   1   1   1   6   0   1  1.20 0.44
   55 G    0 -4 -1 -2 -4 -2 -2  6 -1 -5 -3 -3 -3 -3 -3 -2 -3 -4 -4 -3    9   0   2   2   0   2   3  68   2   0   3   1   1   1   1   1   1   0   0   1  1.21 0.43
   56 L   -4 -4 -4 -5 -4 -3 -4 -5 -4  3  3 -4  5  5 -5 -4 -3  5  1 -1    0   0   1   0   0   1   1   1   0  14  27   1  17  22   0   0   1   9   3   1  0.90 0.37
   57 P    0 -1  0  5 -4 -2  1 -2 -3 -4 -5 -1 -4 -5  2  3  1 -5 -4 -4    7   3   3  33   0   0   7   1   0   0   0   2   0   0  10  21  10   0   0   0  0.65 0.33
   58 K   -1  2 -1  3 -4  4  2 -3 -2 -3 -4  3 -2 -5  0 -1 -1 -5 -4 -2    5  12   2  15   0  18  14   0   1   1   1  17   0   0   4   2   3   0   0   4  0.46 0.25
   59 A    3 -2  0 -1 -3 -1  1  1 -1 -3 -3 -1 -2 -2  1  1  2 -4 -2 -1   28   1   3   3   0   2  10  11   1   1   1   2   0   1   6  10  15   0   1   3  0.28 0.20
   60 Q    0 -2  0  1 -3  1  1 -3  0 -2 -1 -1  0 -3 -3  0  4 -4 -2  0    7   1   4   7   0   6   9   0   2   2   7   3   2   1   0   7  35   0   1   5  0.34 0.25
   61 A    7 -5 -5 -5 -4 -4 -4  1 -5 -5 -5 -4 -5 -6 -4  0 -2 -6 -5 -4   83   0   0   0   0   0   0   9   0   0   0   0   0   0   0   6   1   0   0   0  1.66 0.64
   62 M    2 -3 -1 -3 -3  0 -2  0 -3 -1  1 -2  2 -1 -3  1  2 -4  0 -1   24   0   3   0   0   5   1   8   0   1  15   0   6   2   0  13  15   0   3   4  0.25 0.21
   63 A    4 -2 -1 -3 -3  1 -1  1 -1 -2 -3 -2 -2 -4 -3  3 -1 -5 -3 -1   35   1   2   0   0   6   3  12   1   2   2   1   1   0   0  27   1   0   1   5  0.51 0.31
   64 I   -3 -6 -6 -6 -4 -6 -6 -7 -6  7  2 -6 -1 -1 -6 -5 -2 -5 -4  3    1   0   0   0   0   0   0   0   0  63  18   0   1   2   0   0   2   0   0  14  1.41 0.51
   65 V   -4 -5 -6 -6 -5 -5 -6 -6 -3  0 -1 -5  6  0 -6 -3 -4 -3  7  4    1   0   0   0   0   0   0   0   0   3   3   0  20   3   0   2   0   0  39  29  1.41 0.56
   66 S    3 -5 -2 -4 -5 -3 -5  6 -5 -6 -6 -4 -5 -6 -5  2 -4 -6 -6 -5   20   0   2   0   0   0   0  60   0   0   0   0   0   0   0  18   0   0   0   0  1.39 0.53
   67 I    3 -4 -3 -5 -3 -4 -4 -3 -5  4  1 -4 -1 -2 -4  1 -1  4 -3  2   26   0   1   0   0   0   0   1   0  28  13   0   0   1   0   9   3   6   0  12  0.54 0.30
   68 Y   -6 -6 -7 -8 -7 -6 -7 -8 -3 -6 -5 -6 -5  3 -8 -6 -6 -2 10 -6    0   0   0   0   0   0   0   0   0   0   0   0   0   9   0   0   0   0  91   0  3.22 0.95
   69 G    1 -4 -1 -4 -4 -3 -4  5 -4 -2 -3 -4  0 -4 -4  0  3 -5 -5 -1   11   0   2   0   0   0   0  47   0   2   2   0   2   1   0   5  23   0   0   3  0.87 0.40
   70 A    3 -4 -3 -4 -3 -4 -4  4 -4 -5 -5 -4  2 -4 -4  4 -1 -5 -5 -4   23   0   0   0   0   0   0  36   0   0   0   0   6   1   0  32   3   0   0   0  0.98 0.45
   71 L    1 -4 -5 -5  0 -4 -5 -1 -5 -2  5 -4  3  0 -5  1 -1 -4 -4 -2   10   0   0   0   2   0   0   4   0   0  57   0   8   3   0  13   2   0   0   1  0.78 0.39
   72 V   -3 -6 -5 -7 -4 -6 -6 -7 -6  2 -1 -6  1 -4 -6 -2 -3 -6 -5  7    1   0   0   0   0   0   0   0   0   9   4   0   3   0   0   3   1   0   0  79  1.63 0.60
   73 Y   -6 -6 -7 -8 -7 -6 -7 -8 -3 -6 -4 -6 -5  3 -8 -6 -6 -2 10 -6    0   0   0   0   0   0   0   0   0   0   1   0   0   8   0   0   0   0  91   0  3.17 0.93
   74 L    0 -5 -6 -6 -4 -5 -6 -5 -5  1  5 -5  5  0 -6 -5 -4 -5 -4  0    8   0   0   0   0   0   0   0   0   7  58   0  17   4   0   0   0   0   0   5  1.11 0.46
   75 S    1 -4 -3 -4  0 -3 -4 -4 -4 -2  1 -3  3 -1 -4  4  3 -5 -4 -1   14   0   0   0   2   0   0   0   0   1  13   0  10   3   0  31  22   0   0   4  0.61 0.37
   76 T    2 -4 -3 -4  0 -2 -4  2 -4 -4 -5 -3 -4 -5  4  3  3 -6 -5 -3   20   0   0   0   2   1   0  15   0   0   0   0   0   0  22  19  20   0   0   0  0.78 0.40
   77 I   -3 -5 -6 -6 -4 -5 -6 -6 -6  5  3 -5  2 -1 -5 -4 -2 -5 -4  4    1   0   0   0   0   0   0   0   0  32  27   0   6   2   0   0   1   0   0  31  1.03 0.41
   78 V   -1 -5 -5 -5 -4 -5 -5 -5 -5  4  2 -5 -1  0  5 -4 -3 -5 -4  2    6   0   0   0   0   0   0   1   0  26  23   0   1   4  28   0   0   0   0  11  0.89 0.39
   79 G   -2 -6 -4 -5 -7 -6 -6  8 -6 -8 -8 -6 -7 -7 -6 -4 -5 -7 -7 -7    3   0   0   0   0   0   0  97   0   0   0   0   0   0   0   0   0   0   0   0  2.55 0.78
   80 G    1 -6 -4 -5 -6 -6 -6  7 -6 -7 -7 -5 -6 -7 -6 -2 -5 -6 -7 -7    9   0   0   0   0   0   0  89   0   0   0   0   0   0   0   2   0   0   0   0  2.25 0.72
   81 W   -6 -3 -7 -8 -6 -5 -7 -7 -5  1 -1 -6  0  3 -8 -7 -6 11  4 -3    0   2   0   0   0   0   0   0   0   7   6   0   3  10   0   0   0  58  13   1  2.65 0.79
   82 V   -3 -5 -6 -6 -4 -5 -6 -6 -6  5  4 -5  2  2 -6 -5 -3 -5 -3  3    1   0   0   0   0   0   0   0   0  36  34   0   3   8   0   0   0   0   0  18  1.03 0.41
   83 A    6 -5 -4 -5 -2 -4 -4  0 -5 -5 -5 -4 -5 -6 -4  2 -3 -6 -5 -4   75   0   0   0   1   0   0   7   0   0   0   0   0   0   0  17   1   0   0   0  1.50 0.62
   84 D   -6 -6 -3  9 -8 -5 -3 -6 -5 -8 -8 -5 -8 -8 -6 -5 -5 -9 -8 -8    0   0   0 100   0   0   0   0   0   0   0   0   0   0   0   0   0   0   0   0  2.98 0.91
   85 R   -5  8  2 -5 -4 -2 -4 -5 -1 -7 -6  2 -5 -7 -6 -4 -3 -7 -5 -6    0  75   9   0   0   0   0   0   2   0   0  12   0   0   0   0   1   0   0   0  1.99 0.70
   86 L   -4 -5 -6 -6 -4 -5 -5 -6 -4  4  3 -5  0  2 -6 -5 -3  5  3  3    0   0   0   0   0   0   0   0   0  22  28   0   1   7   0   0   0   7  12  22  0.88 0.38
   87 L   -4 -5 -6 -6 -4 -5 -6 -6 -6  2  5 -5  0  2 -6 -5  0  6 -3 -2    0   0   0   0   0   0   0   0   0  13  58   0   1   7   0   0   8  12   0   1  1.20 0.48
   88 G   -3 -6 -4 -5 -7 -6 -6  8 -6 -8 -8 -6 -7 -7 -6 -3 -6 -7 -7 -7    1   0   0   0   0   0   0  98   0   0   0   0   0   0   0   1   0   0   0   0  2.61 0.81
   89 A    2 -3  0 -3 -4  3 -2 -1 -2 -2 -2 -2  2 -1  2  2  2 -4  1 -3   18   0   4   0   0  17   0   4   0   2   2   0   5   2  12  14  12   0   6   0  0.36 0.28
   90 S   -2  6 -2 -4 -6  2  3 -5  0 -6 -5  3 -4 -4 -5 -1 -3  2 -1 -5    3  47   1   0   0   7  17   0   2   0   0  14   0   1   0   4   0   3   2   0  1.10 0.47
   91 R   -4  6  0 -4 -6 -1 -3 -3 -1 -6 -3  5 -2 -6 -4 -2 -4 -4 -3 -5    0  42   4   0   0   2   0   2   1   0   3  42   1   0   0   2   0   0   1   0  1.34 0.54
   92 T    5 -4 -4 -5 -4 -4 -4 -4 -5 -4 -5 -4 -1 -5 -4  3  5 -6 -5 -2   45   0   0   0   0   0   0   0   0   0   0   0   1   0   0  17  34   0   0   2  1.16 0.54
   93 I   -4 -5 -5 -6 -4 -5 -6 -6 -6  3  2 -5  0 -3 -6 -5  1 -6 -4  6    0   0   0   0   0   0   0   0   0  16  19   0   2   0   0   0   7   0   0  55  1.17 0.48
   94 F   -2 -5 -6 -6 -5 -5 -5 -4 -5  1  3 -5  0  6 -6 -5 -2  6 -1  0    4   0   0   0   0   0   0   2   0   6  30   0   2  37   0   0   2  11   1   5  1.07 0.43
   95 L   -3 -5 -5 -6 -2 -5 -5 -3 -2  3  1 -5 -2  3 -6 -3 -1  5  7  0    2   0   0   0   1   0   0   2   1  19  14   0   0   9   0   1   3   8  36   5  1.01 0.43
   96 G    0 -6 -4 -5 -6 -5 -6  7 -6 -7 -7 -5 -6 -7 -6  1 -5 -6 -7 -7    6   0   0   0   0   0   0  84   0   0   0   0   0   0   0  10   0   0   0   0  2.05 0.68
   97 G    4 -5 -4 -5 -2 -5 -5  6 -5 -6 -6 -4 -5 -6 -5  0 -3 -6 -2 -4   34   0   0   0   1   0   0  55   0   0   0   0   0   0   0   7   1   0   2   1  1.39 0.54
   98 I   -2 -5 -5 -6 -1 -5 -5 -3 -6  5  2 -5  0  1 -5 -3 -2 -3 -4  4    3   0   0   0   1   0   0   2   0  41  15   0   1   5   0   2   1   0   0  30  0.94 0.40
   99 L   -3 -5 -5 -6 -3 -5 -5 -5 -5  4  4 -5  2  1 -5 -4  0 -4 -3  3    2   0   0   0   0   0   0   1   0  22  43   0   3   5   0   1   5   0   0  19  0.85 0.37
  100 I   -4 -6 -6 -7 -5 -5 -6 -7 -6  7  1 -3  5 -3 -6 -6 -4 -6 -5  2    0   0   0   0   0   0   0   0   0  61  11   2  17   0   0   0   0   0   0   9  1.56 0.57
  101 T    3 -5 -5 -6  0 -4 -5 -5 -5  0 -2 -5  8 -3 -5 -2  2 -5 -5  1   27   0   0   0   2   0   0   0   0   4   2   0  44   0   0   2  12   0   0   7  1.30 0.57
  102 L    2 -5 -5 -6  3 -5 -5 -4 -5  3  4 -5 -1  3 -5 -3 -2 -4 -3  0   16   0   0   0   7   0   0   1   0  17  40   0   1  11   0   1   1   0   0   6  0.68 0.33
  103 G   -4 -7 -5 -6 -7 -6 -6  8 -6 -8 -8 -6 -7 -7 -6 -4 -6 -7 -7 -7    0   0   0   0   0   0   0 100   0   0   0   0   0   0   0   0   0   0   0   0  2.71 0.83
  104 H   -6 -5 -3 -6 -8  1 -3 -7 11 -8 -7 -5 -6 -6 -7 -5 -5 -7 -1 -8    0   0   1   0   0   5   1   0  91   0   0   0   0   0   0   0   1   0   2   0  3.50 1.00
  105 V    0 -5 -6 -6 -3 -5 -5 -2 -5  5  3 -5 -1  4 -5 -4 -3 -4  0  1    8   0   0   0   0   0   0   3   0  40  24   0   0  15   0   0   0   0   3   6  0.85 0.38
  106 A    3 -4 -3 -4  4 -3 -4 -1 -4  1  0 -3 -1  1 -4  2  0 -4 -3  2   25   0   0   0   9   0   0   5   0   8  10   0   1   5   0  15   6   0   0  16  0.37 0.25
  107 L   -5 -6 -7 -7 -5 -5 -6 -7 -6  1  6 -6  6 -3 -6 -6 -5 -5 -5 -2    0   0   0   0   0   0   0   0   0   6  72   0  22   0   0   0   0   0   0   0  1.73 0.63
  108 A    6 -5 -4 -5 -4 -4 -4 -1 -5 -4 -4 -4 -4 -1 -4  3 -2 -6 -5 -2   68   0   0   0   0   0   0   4   0   0   1   0   0   3   0  19   2   0   0   3  1.26 0.56
  109 T   -1 -5 -4 -5 -4 -4 -5 -4 -5  3  4 -5  1  3 -5 -4 -1 -2  0  2    5   0   0   0   0   0   0   1   0  20  36   0   3  11   0   0   4   0   3  16  0.66 0.31
  110 P   -2 -5 -5 -3 -3 -3  2 -5 -5  1  0 -4 -2 -1  7 -1 -3 -3 -5  0    2   0   0   1   1   0  17   0   0   8   8   0   1   2  48   4   0   0   0   7  1.11 0.46
  111 F    0 -3  0 -2 -3 -2 -1  3  0 -2 -1 -3  0  3  4 -1  0  1 -2 -2    6   0   4   1   0   2   3  21   3   1   7   0   3  15  19   5   6   2   0   3  0.33 0.20
  112 G    1 -3  1  1 -4 -2 -2  5 -1 -4 -5 -3 -3 -5 -1  1 -1 -3 -2 -4   14   1   8   8   0   1   2  44   2   1   0   1   1   0   2  11   3   0   1   0  0.68 0.31
  113 L    0 -2  0 -1 -2  1 -1 -1  0  1  1 -1  1  0 -1 -1  0 -2  0  1   10   1   5   2   0   7   3   5   2  10  17   3   4   3   2   2   8   0   4  13  0.05 0.08
  114 S    1 -2  1 -2 -3 -1 -2  0 -2 -1 -2 -2 -1  0  1  1  3  3  0  0   16   1   6   1   0   3   1   5   0   3   2   1   2   4   7  10  24   5   4   6  0.24 0.20
  115 S    2 -3 -3 -4 -2 -3 -3  3 -4 -1  0 -3  2  2 -3  0  1 -1 -2  0   22   0   0   0   1   0   1  24   0   3   9   0   5   9   1   8  10   1   0   5  0.33 0.22
  116 L   -4 -5 -5 -6 -4 -5 -5 -6 -5 -1  4 -5  1  7 -4 -3 -3 -3 -1  0    1   0   0   0   0   0   0   0   0   2  34   0   3  47   1   1   1   0   0   7  1.27 0.47
  117 F   -1 -5 -4 -6 -4 -5 -5 -1 -3 -1 -1 -5 -1  7 -6 -4 -3  5  6 -2    5   0   1   0   0   0   0   6   0   2   5   0   2  40   0   1   1   8  27   2  1.33 0.50
  118 V    1 -4 -4 -5  0 -4 -4 -1 -4  3  3 -4  0  1 -3 -1  0 -4 -3  3   12   0   0   0   2   0   0   4   0  22  25   0   1   5   0   4   6   0   0  18  0.44 0.25
  119 A    1 -5 -4 -4 -5 -5 -5  6 -5 -6 -6 -4 -6 -6 -5  3 -4 -6 -6 -6   11   0   0   0   0   0   0  63   0   0   0   0   0   0   0  25   0   0   0   0  1.55 0.59
  120 L   -5 -6 -7 -7 -5 -5 -5 -7 -6  2  6 -6  5 -3 -6 -3 -4 -5 -4 -2    0   0   0   0   0   0   1   0   0  12  73   0  12   0   0   2   0   0   0   0  1.50 0.57
  121 F    3 -4 -4 -4 -2 -2 -4  1 -4  2  0 -3  0  1 -2 -1  0 -4 -3  3   25   0   0   0   1   2   0  13   0  12   9   0   2   5   1   2   4   0   0  23  0.37 0.24
  122 L   -3 -5 -6 -7  2 -5 -6 -5 -5  0  5 -6 -1  5 -4 -4 -2 -4 -3 -2    1   0   0   0   5   0   0   1   0   2  64   0   1  22   1   1   2   0   0   1  1.22 0.49
  123 I   -4 -6 -7 -7 -4 -4 -6 -7 -6  7  1 -6  1 -3 -6 -6 -4 -6 -5  3    0   0   0   0   0   1   0   0   0  62  12   0   3   0   0   0   0   0   0  21  1.54 0.55
  124 I    3 -5 -5 -5 -4 -5 -5 -3 -5  5 -1 -5 -2 -4 -5 -2 -2 -6 -4  4   29   0   0   0   0   0   0   2   0  32   2   0   0   0   0   2   2   0   0  30  0.94 0.43
  125 L   -1 -5 -5 -6  0 -5 -5 -5 -5  4  4 -5  1  0 -5 -3 -1 -4 -3  3    5   0   0   0   2   0   0   0   0  22  39   0   3   4   0   2   3   0   0  20  0.74 0.33
  126 G   -4 -6 -4 -5 -7 -6 -6  8 -6 -8 -8 -6 -7 -7 -6 -4 -6 -7 -7 -4    0   0   0   0   0   0   0  98   0   0   0   0   0   0   0   0   0   0   0   2  2.59 0.80
  127 T   -2 -4  3 -4 -4 -4 -4 -4 -4 -4 -5 -4 -4 -6 -5  4  6 -6 -5  0    2   0  16   0   0   0   0   0   0   0   0   0   0   0   0  30  45   0   0   7  1.19 0.56
  128 G   -3 -6 -5 -5 -7 -6 -6  8 -6 -8 -8 -6 -7 -7 -6 -4 -6 -7 -7 -7    1   0   0   0   0   0   0  99   0   0   0   0   0   0   0   0   0   0   0   0  2.67 0.82
  129 M   -2 -5 -6 -6 -3 -5 -6  1 -5 -2  4 -5  3  5 -6 -4 -3 -4 -1 -2    4   0   0   0   0   0   0  10   0   0  49   0   7  27   0   1   1   0   1   0  1.02 0.45
  130 L   -5 -6 -6 -7  0 -5 -6 -7 -5  0  5 -6  1  5 -6 -5 -4 -4 -2  0    0   0   0   0   2   0   0   0   0   3  60   0   3  26   0   0   0   0   0   7  1.30 0.50
  131 K   -5 -2 -3 -5 -7 -3 -3 -6 -5 -7 -7  8 -1 -7 -5 -4 -5 -7 -6 -7    0   0   1   0   0   0   0   0   0   0   0  98   2   0   0   0   0   0   0   0  2.58 0.87
  132 P    2 -5 -5 -5 -5 -5 -5 -2 -6 -5 -6 -4 -5 -7  7  0  2 -7 -6 -5   16   0   0   0   0   0   0   3   0   0   0   0   0   0  60   6  15   0   0   0  1.73 0.63
  133 N   -1 -5  8 -3  4 -4 -4 -4 -4 -7 -7 -4 -6 -7 -6  0  0 -8 -6 -6    5   0  78   0   7   0   0   0   0   0   0   0   0   0   0   5   5   0   0   0  2.14 0.75
  134 I    2 -6 -6 -6 -2 -5 -6 -6 -6  6  0 -5  0 -4 -5 -3 -2 -6 -4  3   17   0   0   0   1   0   0   0   0  55   5   0   2   0   0   1   1   0   0  18  1.16 0.48
  135 S    0 -4 -1 -4 -5 -1 -4 -2 -5 -2 -6 -4 -5 -6 -3  7  1 -7 -5 -4    5   0   2   0   0   2   0   2   0   3   0   0   0   0   1  78   7   0   0   0  1.51 0.66
  136 N    2 -4  1 -1 -4 -3 -1 -2 -4 -3 -4 -3 -3 -5 -4  3  4 -5 -4  2   14   0   6   3   0   0   4   2   0   0   0   0   0   0   0  27  28   0   0  15  0.61 0.37
  137 M   -4 -5 -5 -7 -5 -4 -6 -6 -6  4  2 -5  8  0 -6 -4 -2 -5 -4  2    0   0   0   0   0   0   0   0   0  21  15   0  46   4   0   0   2   0   0  10  1.46 0.56
  138 V   -3 -6 -7 -7 -5 -6 -6 -7 -7 -1  1 -6 -3 -2 -6 -5 -4 -7 -5  7    2   0   0   0   0   0   0   0   0   0   9   0   0   1   0   0   0   0   0  87  1.95 0.70
  139 G   -4 -6 -4 -3 -7 -6 -6  8 -6 -8 -8 -6 -7 -7 -6 -4 -6 -7 -7 -7    0   0   0   1   0   0   0  98   0   0   0   0   0   0   0   0   0   0   0   0  2.60 0.80
  140 H    0  1  0  1 -4  4  1  1  2 -4 -4  1  0 -3 -3  1  1 -4 -3 -4    5   6   3   8   0  21   6  11   6   0   0   7   2   1   0  12  11   0   0   0  0.36 0.24
  141 L   -3 -6 -7 -7 -5 -4 -6 -7 -6 -1  6 -6  2  0 -6 -5 -5 -5 -4 -2    1   0   0   0   0   0   0   0   0   2  87   0   4   3   0   0   0   0   0   2  1.70 0.62
  142 Y   -6 -6 -3 -8 -7 -6 -7 -8 -3 -6 -5 -7 -6 -1 -8 -6 -6 -2 10 -6    0   0   1   0   0   0   0   0   0   0   1   0   0   1   0   0   0   0  97   0  3.43 1.03
  143 S    0  0 -2  2 -4 -1  2 -1 -1 -5 -4  2 -4 -5  3  2  0 -5 -4 -4    9   4   1  11   0   2  11   5   1   0   0  17   0   0  17  17   4   0   0   0  0.47 0.27
  144 K    0  1 -2  3 -5  1  3 -3  0 -4 -4  3 -2 -5  2 -1  0 -5 -3 -2    7   8   0  15   0   5  20   1   2   0   1  19   1   0  11   4   4   0   0   2  0.46 0.26
  145 D   -2 -3  3  4 -5  1  2  3 -2 -5 -5 -1 -4 -5 -3 -1  1 -5 -4 -4    1   0  16  24   0   7  13  21   1   0   0   4   0   0   0   3   9   0   0   1  0.64 0.32
  146 D   -4 -5 -3  8 -7 -4 -2 -1 -3 -7 -8 -4 -7 -7 -3  0 -5 -8 -7 -7    1   0   0  84   0   0   1   5   1   0   0   0   0   0   1   7   0   0   0   0  2.19 0.74
  147 S    1  0 -1  0 -4 -1  1 -2 -2 -1 -1  0 -1 -4  5  1  1 -5 -4 -1   11   6   3   4   0   2   8   2   1   4   5   6   2   0  26   8   9   0   0   4  0.37 0.20
  148 R   -3  8 -4 -5 -7 -2 -1 -6 -2 -7 -6  1 -5 -7 -6 -4 -5 -7 -6 -7    2  85   0   0   0   1   3   0   1   0   0   8   0   0   0   0   0   0   0   0  2.30 0.77
  149 R   -4  8 -4 -5 -2 -3 -4 -6 -4 -2 -5  2 -1 -7 -6 -4 -5 -7 -6 -4    1  80   0   0   1   0   0   0   0   3   1  11   2   0   0   0   0   0   0   1  2.07 0.73
  150 D   -6 -6 -3  8 -8 -2 -1 -6 -5 -8 -8 -5 -7 -8 -6 -4 -5 -9 -7 -8    0   0   0  95   0   1   3   0   0   0   0   0   0   0   0   0   0   0   0   0  2.77 0.87
  151 T    5 -3 -3 -4 -4 -2 -4  3 -4 -5 -5 -2 -4 -6 -1  3 -1 -6 -5 -4   48   1   0   0   0   1   0  18   0   0   0   2   0   0   3  24   2   0   0   0  0.94 0.46
  152 G    2 -6 -4 -5 -6 -5 -6  7 -6 -7 -7 -5 -6 -7 -6 -4 -5 -6 -7 -6   18   0   0   0   0   0   0  82   0   0   0   0   0   0   0   0   0   0   0   0  2.07 0.69
  153 F   -6 -7 -7 -8 -7 -7 -7 -8 -5 -4 -4 -7 -4  9 -8 -7 -6 -3  5 -5    0   0   0   0   0   0   0   0   0   0   0   0   0  84   0   0   0   0  16   0  2.86 0.85
  154 N   -1 -4 -1 -4 -4  0 -4 -4 -5 -4 -4 -4 -4 -6 -4  5  5 -6 -5 -1    4   0   2   0   0   5   0   0   0   0   1   0   0   0   0  45  40   0   0   4  1.22 0.57
  155 I   -5 -6 -7 -7 -5 -6 -7 -7 -6  7  3 -6  0 -1 -6 -6 -4 -5 -1  0    0   0   0   0   0   0   0   0   0  66  25   0   2   2   0   0   0   0   3   2  1.60 0.57
  156 F   -6 -7 -7 -8 -7 -7 -7 -8 -5 -4 -4 -7 -1  9 -8 -7 -6 -3  4 -5    0   0   0   0   0   0   0   0   0   0   0   0   2  88   0   0   0   0  10   0  2.90 0.86
  157 V   -6 -6 -7 -8 -7 -6 -7 -8 -3 -5 -5 -6 -5 -1 -7 -6 -5 -2 10  1    0   0   0   0   0   0   0   0   0   0   0   0   0   0   0   0   0   0  89  10  3.06 0.95
  158 V   -5 -6 -6 -7 -5 -5 -6 -7 -6  1  1 -6 10  2 -7 -6 -2 -5 -4  0    0   0   0   0   0   0   0   0   0   7   9   0  69   9   0   0   2   0   0   4  2.22 0.77
  159 G    0 -6 -4 -5 -3 -5 -5  7 -6 -7 -6 -5 -1 -7 -6  1 -5 -6 -7 -6    6   0   0   0   1   0   0  81   0   0   0   0   2   0   0  11   0   0   0   0  1.91 0.65
  160 I   -5 -7 -3 -7 -5 -6 -7 -7 -7  8 -2 -6 -2 -3 -7 -6 -4 -6 -5  3    0   0   2   0   0   0   0   0   0  80   0   0   0   1   0   0   0   0   0  17  2.04 0.69
  161 N   -6 -5  9 -3 -7 -1 -5 -5 -4 -8 -8 -4 -7 -8 -7 -3 -4 -8 -7 -7    0   0  97   0   0   3   0   0   0   0   0   0   0   0   0   0   0   0   0   0  2.95 0.94
  162 M    0 -5 -5 -6 -4 -4 -5 -5 -5  4  4 -5  4  0 -5 -3 -1 -5 -3  2    7   0   0   0   0   0   0   0   0  29  35   0   9   3   0   1   3   0   0  12  0.80 0.35
  163 G   -3 -6 -4 -5 -7 -6 -6  8 -6 -8 -8 -6 -7 -7 -6 -2 -6 -7 -7 -7    1   0   0   0   0   0   0  97   0   0   0   0   0   0   0   2   0   0   0   0  2.57 0.80
  164 S    6 -5 -4 -5 -4 -4 -4  2 -5 -4 -5 -4 -5 -6 -4  3 -3 -6 -5 -4   58   0   0   0   0   0   0  16   0   1   0   0   0   0   0  25   0   0   0   0  1.26 0.56
  165 L    0 -5 -6 -6 -5 -5 -6 -6 -5 -2  3 -6 -1  7 -6 -4 -2  0 -1 -1    8   0   0   0   0   0   0   0   0   1  29   0   1  53   0   0   2   1   0   4  1.35 0.51
  166 I    0 -5 -5 -6 -2 -5 -5 -5 -5  5  4 -5  0  2 -5 -3 -2 -4 -3  2    7   0   0   0   1   0   0   1   0  31  35   0   1   8   0   1   2   0   0  14  0.78 0.35
  167 A    5 -5 -4 -5 -4 -4 -4  5 -5 -6 -6 -4 -5 -6 -5  1 -4 -6 -6 -4   51   0   0   0   0   0   0  38   0   0   0   0   0   0   0  11   0   0   0   0  1.35 0.56
  168 P   -3 -6 -5 -5 -6 -4 -5 -5 -6 -1 -6 -5  0 -5  8 -1  0 -7  0 -5    2   0   0   0   0   0   0   0   0   5   0   0   2   0  77   4   5   0   3   0  2.23 0.75
  169 L   -3 -5 -6 -7 -4 -5 -6 -6 -6  3  5 -5  1  1 -5 -4 -3  1 -1 -1    1   0   0   0   0   0   0   0   0  19  66   0   2   5   0   1   1   2   2   1  1.19 0.47
  170 I   -1 -5 -6 -6 -4 -5 -5 -6 -6  5  4 -5 -1 -2 -5 -4 -1 -3 -4  4    5   0   0   0   0   0   0   0   0  29  35   0   0   1   0   0   3   0   0  26  0.93 0.39
  171 V   -2 -5 -5 -6  8 -5 -5 -5 -6  1 -2 -5 -3 -5 -5 -2  4 -6 -5  4    3   0   0   0  29   0   0   0   0   6   3   0   0   0   0   2  31   0   0  26  1.26 0.52
  172 G   -2 -6 -2 -3 -6 -2 -5  7 -6 -7 -7 -5 -6 -7 -1 -1 -3 -6 -5 -7    2   0   2   1   0   2   0  84   0   0   0   0   0   0   4   5   1   0   0   0  1.93 0.65
  173 T   -1 -4 -4 -6 -5 -2 -4 -4 -1 -1  1 -4 -2  2 -4 -4  2  8  6 -2    6   0   0   0   0   2   0   1   1   3  13   0   1   7   1   0  14  23  25   2  1.07 0.44
  174 V   -1 -5 -6 -6 -4 -5 -5 -5 -5  2  5 -5  0  2 -5 -4 -2 -3 -3  3    4   0   0   0   0   0   0   1   0  10  53   0   2   9   0   0   2   0   0  19  0.89 0.38
  175 G    1 -1 -3 -4 -5  4 -3  5 -2 -3 -3 -2 -1 -5 -4 -2 -4  3 -4 -2   13   4   0   0   0  19   0  46   1   2   2   2   2   0   0   2   0   4   0   3  0.86 0.41
  176 Q   -1  0  1  1 -5  3  4 -1 -2 -3 -2  0 -1 -4 -2  0  0 -5 -4 -1    4   4   5   7   0  16  32   4   0   1   3   6   1   0   1   4   6   0   0   4  0.45 0.27
  177 G   -1  1  3 -1 -4  1  1 -2  2 -3 -3  2  0 -4 -3  1  2  2 -3 -1    2   8  13   3   0   5  11   2   5   1   1  15   3   0   0   8  14   3   0   5  0.30 0.21
  178 V   -1 -3 -3 -4 -4 -2 -3 -1  2  2 -1 -2  1  1 -5 -3 -2  4  5  3    4   1   1   0   0   1   1   5   6  13   4   3   4   4   0   0   1   6  26  19  0.57 0.30
  179 N   -3 -4  5  1 -6 -4 -4  6 -4 -7 -7 -4 -3 -6 -5  0 -4 -6 -6 -6    0   0  26   7   0   0   0  59   0   0   0   0   1   0   0   6   0   0   0   0  1.50 0.56
  180 Y   -7 -7 -8 -8 -7 -7 -7 -7 -5 -6 -5 -7 -4  7 -8 -7 -6 11  5 -6    0   0   0   0   0   0   0   0   0   0   0   0   0  37   0   0   0  46  17   0  2.95 0.86
  181 H   -3 -1 -2 -5 -7 -3 -3 -5 11 -8 -7 -1 -6 -6 -6 -1 -6 -7 -3 -7    3   3   2   0   0   0   1   0  83   0   0   4   0   0   0   4   0   0   0   0  2.95 0.90
  182 L    1 -5 -6 -6 -5 -4 -5 -3 -4 -2  2 -5 -1  0 -5 -4 -3  8  6  0   15   0   0   0   0   0   0   2   0   2  23   0   1   3   0   0   1  21  25   7  1.12 0.47
  183 G    0 -6 -4 -5 -6 -6 -6  7 -6 -7 -7 -5 -7 -7 -6 -3 -5 -7 -7 -5    7   0   0   0   0   0   0  92   0   0   0   0   0   0   0   1   0   0   0   1  2.34 0.75
  184 F   -7 -7 -8 -8 -7 -8 -8 -8 -6 -5 -4 -8 -4 10 -8 -7 -7 -3 -1 -5    0   0   0   0   0   0   0   0   0   0   0   0   0 100   0   0   0   0   0   0  3.34 0.96
  185 S    1 -5 -4 -4 -5 -4 -5  6 -5 -3  0 -4 -3 -4 -5  2 -3 -2 -5 -4   11   0   0   0   0   0   0  59   0   1  11   0   0   1   0  16   0   0   0   1  1.14 0.48
  186 L    4 -5 -5 -5 -1 -4 -5 -4 -5  2  4 -4  0 -3 -5 -2 -2 -5 -4  1   33   0   0   0   1   0   0   1   0  13  39   0   1   0   0   2   2   0   0   8  0.73 0.37
  187 A    7 -5 -5 -6 -3 -5 -5  1 -6 -5 -5 -5 -5 -6 -5 -2 -4 -7 -6 -3   89   0   0   0   0   0   0   8   0   0   0   0   0   0   0   1   0   0   0   1  1.89 0.72
  188 A    5 -5 -4 -5  0 -5 -5  5 -5 -5 -6 -4 -3 -6 -5 -1 -3 -6 -6 -4   56   0   0   0   2   0   0  38   0   0   0   0   1   0   0   2   1   0   0   1  1.42 0.57
  189 I   -2 -6 -6 -6 -4 -6 -6 -4 -6  6  1 -6 -2  1 -6 -5 -3 -5 -4  5    2   0   0   0   0   0   0   1   0  45  10   0   0   5   0   0   0   0   0  37  1.26 0.49
  190 G   -2 -6 -4 -5 -6 -6 -6  7 -6 -6 -3 -5 -5  1 -6 -4 -5 -6 -6 -3    3   0   0   0   0   0   0  86   0   0   3   0   0   6   0   0   0   0   0   2  2.03 0.68
  191 M   -6 -6 -7 -8 -6 -2 -7 -8 -6 -3 -3 -6 11 -5 -7 -6 -5 -6 -6 -4    0   0   0   0   0   2   0   0   0   1   0   0  97   0   0   0   0   0   0   0  3.66 1.10
  192 I    3 -4 -5 -5 -2 -4 -4  0 -4  0  3 -4 -1  4 -4 -3  0 -4 -2  1   28   0   0   0   1   0   0   6   0   4  26   0   1  20   0   0   5   0   0   8  0.55 0.32
  193 F   -1 -5 -6 -6  0 -5 -5 -5 -5  4  4 -5  0  4 -5 -4 -3 -4 -2  1    6   0   0   0   2   0   0   0   0  23  39   0   1  19   0   0   1   0   0   9  0.85 0.37
  194 A    2 -6 -4 -5 -3 -5 -6  7 -6 -7 -7 -5 -6 -7 -6 -1 -5 -6 -7 -6   15   0   0   0   1   0   0  80   0   0   0   0   0   0   0   4   0   0   0   0  1.95 0.66
  195 L   -3 -5 -7 -7 -1 -4 -6 -7 -6 -1  6 -6  3 -2 -6 -5 -3  1 -4  1    2   0   0   0   1   0   0   0   0   1  78   0   7   0   0   0   1   2   0   7  1.44 0.55
  196 F    0 -5 -5 -6 -3 -5 -5 -3 -5  5  3 -5  0  0 -5 -4 -1  1 -3  3    7   0   0   0   0   0   0   2   0  34  24   0   1   3   0   0   2   2   0  24  0.78 0.35
  197 A   -1 -2 -3 -4 -3  6 -3 -4 -2  3 -1 -3  0  0 -5 -3  0  3 -3  2    4   1   0   0   0  38   0   1   1  15   6   0   2   4   0   1   5   5   0  16  0.68 0.39
  198 Y   -6 -6 -7 -7 -7 -6 -7 -7 -3 -5 -3 -5 -4  7 -7 -6 -6 -2  8 -5    0   0   0   0   0   0   0   0   0   0   2   1   0  45   0   0   0   0  52   0  2.50 0.79
  199 W    0  1 -4 -4 -3 -2 -3 -4 -1  1  1 -1  0 -1 -4 -1 -1  5  3  3    8   9   0   0   0   1   0   0   1   9  14   3   2   2   0   4   3   8  13  21  0.34 0.22
  200 Y    0  0 -3 -4 -3 -2 -4 -4 -1  2  3 -3  1  4 -4 -2 -1  3  1  1    7   6   0   0   0   1   0   1   2  11  29   1   2  17   0   3   2   4   5   8  0.37 0.21
  201 G   -1 -3 -1  0 -1 -2 -3  5 -2 -4 -2 -1  1  2 -3 -1  2 -4 -1 -4    4   1   2   5   1   2   1  44   1   0   4   4   4  10   1   2  15   0   2   0  0.60 0.31
  202 R   -1  4  0 -3 -4  3 -1  2 -1 -2 -3  1  1 -3 -3 -1  0 -4 -3 -3    5  29   4   0   0  15   2  15   1   3   1   9   5   1   0   3   6   0   0   1  0.47 0.26
  203 L    0  2  1 -1 -3  0  0 -1  0 -2 -1  4  0 -2  0  0 -1 -3 -2 -2    5  13   6   2   0   3   5   4   2   2   6  28   4   2   4   8   2   0   1   2  0.23 0.13
  204 R   -3  4 -1 -3 -5 -1 -2 -3  0 -5 -4  6 -4 -4  1 -2 -2 -2 -1 -5    1  25   2   1   0   2   1   2   2   0   2  49   0   0   6   2   2   1   2   0  1.01 0.43
  205 H   -2 -3  3 -1 -3  0 -2 -2  4  0  0 -2 -1 -1 -3 -1  1 -2  4 -1    3   0  18   3   0   3   1   3  12   6   8   2   2   2   1   4   8   0  20   4  0.37 0.23
  206 F   -4 -5 -5 -1 -4 -4 -5 -6 -5  1  5 -4  0  3 -3 -5 -4 -2 -1 -1    0   0   0   4   0   0   0   0   0   6  66   1   1  14   1   0   0   0   1   3  1.06 0.44
  207 P    0  0  0 -1 -3 -1 -1  4  0 -4 -4  1 -4 -2  3  1 -1 -5 -4 -3    7   4   4   3   0   2   4  35   2   0   1   8   0   2  13  10   3   0   0   1  0.47 0.24
  208 E    0 -1  0  2 -4  0  3  2  0 -2 -1  1 -2 -4  1  0  0 -4 -3 -2    8   2   3  13   0   4  19  15   2   2   8   7   0   0   6   4   6   0   0   1  0.23 0.16
  209 I    2  0 -1  0 -2 -1  0 -1  0  1  0  0 -1  0 -1  0  0 -2 -1  2   21   5   3   6   0   2   5   3   3  10   6   5   1   4   2   4   4   0   1  17  0.07 0.09
  210 G    1 -1 -1 -2 -2 -3 -3  6  0 -4 -4 -1 -4 -4 -3  2 -2 -3 -4 -3    9   3   2   2   1   0   1  54   2   1   1   3   0   0   1  15   1   0   0   2  0.86 0.36
  211 R   -1  1  1  0 -3  0  1  0  2 -1  1  0  1  0 -2  0  1 -2 -1 -1    4   8   7   5   0   2   9   7   6   2  19   3   4   4   1   6   8   0   1   4  0.05 0.08
  212 E    0  0  0  1 -3  1  2 -1  1 -1 -1  1 -2 -2  1  0  0 -3  1  0    8   5   4   8   0   7  13   3   3   3   4  10   0   1   7   5   7   0   6   7  0.11 0.09
  213 P    1 -4 -3 -4 -4 -3 -3 -4 -5  0 -3 -3 -4 -5  6 -1 -3 -6 -4  3   10   1   1   1   0   1   2   1   0   4   1   1   0   0  46   5   1   0   0  26  1.18 0.47
  214 S    0 -2  0  0 -4 -1  1 -1 -2 -4 -3 -1 -3 -5  5  1  2 -5 -4 -1    8   2   5   6   0   2   9   3   0   0   2   4   0   0  30  11  13   0   0   4  0.56 0.28
  215 N   -2 -1  5  3 -5  0  0 -2 -1 -3 -4  0 -2 -3 -1  0 -1  4 -2 -2    2   3  35  17   0   3   5   2   1   1   1   5   1   1   3   4   4   6   1   4  0.60 0.31
  216 P   -1 -4 -2 -1 -6 -3  0 -3 -5 -4 -4 -2 -5 -5  8 -1 -2 -1 -5 -2    4   1   2   4   0   1   6   2   0   1   2   3   0   0  65   4   2   1   0   3  1.62 0.57
  217 M    0 -1 -1 -1 -1 -1 -1 -3 -2  1  3 -1  2 -1 -2 -1 -1 -2 -2  0   10   3   3   3   1   2   4   1   1  10  40   3   4   2   1   3   4   0   1   3  0.23 0.18
  218 D    0  1 -1  1 -4  0  1 -3 -2 -2 -2  0 -2 -4  4  2  2 -5 -3 -3    7   6   2   7   0   4   7   0   1   2   5   4   1   1  23  17  14   0   1   1  0.43 0.25
  219 A    1  0 -1 -1 -3  0  0 -1 -1 -2 -1  1 -2 -4  4  0  0 -4 -3 -2   16   4   2   4   0   3   6   4   1   2   7  11   1   0  24   6   7   0   0   2  0.36 0.20
  220 K    1  0  1  0 -3  1  2  0 -1 -2 -3  2 -3 -3  0  1  0 -4 -3 -1   15   4   5   5   0   5  18   6   1   2   1  15   0   1   5   8   4   0   0   5  0.22 0.15
  221 A    1  0 -1  1 -4  2  4 -1  0 -3 -2  1 -3 -4 -1  0 -1 -1 -3 -1   11   3   1   6   0   8  33   4   2   1   3  10   0   0   2   5   2   1   1   6  0.36 0.23
  222 K   -1  4 -1 -3 -4  0 -1 -1 -2 -1  0  3  0 -3 -1 -1 -1 -3  0  0    5  26   2   0   0   4   2   5   1   3   8  21   2   1   2   4   2   0   3   9  0.30 0.20
  223 R    0  4 -1 -3 -3  1 -1 -1 -2 -2 -2  4 -2 -2 -1  0 -1 -1 -2 -1    6  21   3   0   0   7   2   4   0   2   3  29   1   2   3   8   3   1   1   4  0.38 0.23
  224 N    0  3  1 -1 -3  0  0  1 -1 -2 -1  3 -1 -2  1  0  0 -2 -2 -2    7  17   7   3   0   2   3  10   1   1   6  19   2   2   6   6   5   0   1   1  0.20 0.14
  225 F    0  0 -1 -2 -2 -2 -2  0 -2  0  1 -1  0  1 -1  0  0  3  1  1    9   5   3   1   0   1   1   6   1   5  14   3   2   7   2   6   8   5   6  15  0.08 0.09
  226 I    0 -2 -2 -3 -2 -2 -3  1 -2  2  2 -1  1  0 -2 -1  0  3  0  1    9   2   1   0   0   1   1  13   0  15  19   3   3   4   2   3   5   5   3  11  0.16 0.12
  227 I    0  2 -1 -2 -2 -1 -2 -1 -2  2  1  1  1  1 -2 -1  1 -1  0  1    8  12   1   1   0   2   1   4   0  13  14  11   3   6   1   3   9   1   2   8  0.09 0.10
  228 T    0  0 -1 -2 -3  0 -1  0 -1  1  0  1 -1 -1  0 -1  0  4  1  0    6   6   3   2   0   3   3  10   1  12   6  13   1   2   4   4   4   6   5   9  0.08 0.08
  229 L    1 -1 -3 -2 -1 -2 -2  0 -3  3  1 -2  0  1 -2 -1  0  3 -1  2   12   3   1   1   1   0   2   7   0  19  13   2   2   5   1   5   4   4   1  17  0.16 0.13
  230 T    1 -2 -2 -3 -1 -2 -2  1 -2  1  1 -2  0 -1 -2  0  1  2 -2  2   16   1   0   1   1   1   1  13   1   7  15   2   2   2   1   8   8   4   1  16  0.15 0.14
  231 I    2 -3 -3 -4 -2 -2 -3  1 -2  3  2 -3  0 -1 -3 -1 -1  2 -2  2   19   1   1   0   0   1   0  11   1  17  18   0   1   2   0   4   3   3   1  16  0.26 0.18
  232 V    1 -3 -3 -4 -2 -3 -2  2 -4  2  1 -3 -1  1 -2 -1 -1  3 -1  2   14   0   0   0   1   1   2  15   0  17  14   0   1   7   2   4   2   5   1  15  0.25 0.18
  233 L    1 -3 -3 -4 -2 -3 -3  1 -3  2  2 -3  2  0 -3 -1 -1  1  0  2   13   0   1   0   0   0   1  11   0  13  23   0   5   2   0   4   4   2   3  17  0.26 0.18
  234 I    2 -3 -3 -4 -2 -2 -3  0 -4  3  1 -3  0 -1 -3 -1  0 -1 -1  3   19   0   1   0   0   1   1   6   0  16  14   1   1   3   1   5   4   1   1  26  0.30 0.19
  235 V    2 -4 -4 -4 -3 -3 -3  0 -4  3  1 -3 -1 -1 -3 -2 -1 -4 -3  4   22   0   0   1   0   0   1   7   0  16  15   0   1   2   1   2   2   0   0  29  0.44 0.25
  236 A    3 -3 -3 -3 -1 -2 -3  0 -3  1  1 -3  0  0 -1  0 -1 -3 -1  2   29   0   0   1   1   1   0   6   0   9  15   0   1   4   3   6   2   0   2  17  0.26 0.18
  237 L    2 -4 -4 -4 -3 -3 -3 -1 -4  3  2 -3  0  1 -3 -2 -1 -2 -2  3   21   0   0   0   0   1   0   4   0  18  17   0   2   5   0   2   3   0   0  24  0.41 0.23
  238 I    2 -4 -4 -4 -1 -3 -4  0 -4  3  2 -3  0 -1 -3 -2 -1 -3 -2  3   18   0   0   0   1   1   0   7   0  18  16   0   1   2   1   1   4   0   1  27  0.39 0.22
  239 G    3 -3 -3 -3 -2 -3 -3  0 -3  2  2 -3 -1  1 -3 -1 -2  1 -2  2   25   0   1   1   0   0   1   9   0  10  18   1   1   6   0   2   1   2   1  18  0.29 0.19
  240 F    0 -4 -4 -5 -3 -3 -4 -2 -4  3  2 -4  0  4 -4 -3  0  1  0  3    7   0   0   0   0   0   0   3   0  17  17   0   1  18   0   1   5   2   3  24  0.47 0.25
  241 F    1 -4 -4 -4 -1 -3 -4 -1 -3  2  2 -3  1  2 -2 -2 -1  1  2  2   12   0   0   0   1   0   0   5   0  13  26   0   2   9   1   2   4   2   7  14  0.29 0.18
  242 L    2 -3 -3 -3 -2 -2 -3  1 -4  2  2 -3  0 -1 -3 -1  0 -1 -1  2   20   0   1   1   0   1   0  12   0  10  25   1   2   2   1   3   4   1   1  15  0.27 0.19
  243 I    1 -3 -3 -4 -1 -1 -3  0 -3  3  2 -3  1  1 -3 -1 -1 -1 -2  3   13   1   1   0   1   2   1   6   0  20  16   1   2   6   0   4   4   1   0  20  0.26 0.17
  244 Y    1 -2 -2 -2 -1 -2 -1 -1 -1  0  2 -2  3  2 -2  0  0  3  1  0   11   1   2   2   1   1   3   3   1   3  20   1  10   9   2   7   6   5   6   7  0.15 0.13
  245 Q    1 -2 -1 -2 -2  1 -1  0 -1  1  0 -1  1  1 -1  0  0  3  0  1   12   1   3   2   1  11   2   8   2   9  10   3   3   6   2   5   5   4   3  10  0.06 0.08
  246 A    2 -2 -1 -3 -2 -1 -2  2 -3  0  1 -1  0  0 -1 -1  0 -1 -2  1   21   1   2   1   0   2   2  19   0   4  17   2   2   5   2   2   5   1   1  10  0.16 0.14
  247 S    1 -2  0 -3 -2 -1 -2 -1 -1  1  1 -2  2  0 -3  1  3  0 -2  1   10   1   4   0   1   1   1   5   1   8  11   0   6   5   0  11  22   2   1  10  0.17 0.16
  248 P   -2 -2  0 -1 -4 -1 -3  5  0  1 -1 -2  0 -2  0 -2 -1 -1 -4 -1    1   1   5   2   0   3   1  47   3   9   5   2   3   2   4   2   4   1   0   5  0.53 0.27
  249 A    0 -2 -1 -1 -2 -1 -1  0  1  1  1 -1  0  0  0  0  1  4 -1  1    9   0   2   3   0   3   2   8   4  10  14   3   1   4   4   6  10   7   1  11  0.09 0.09
  250 N   -2 -3  1 -3 -3 -1 -2 -2 -1  3  3 -3  1  2 -4 -1 -1  0  0  1    2   0   8   1   0   2   2   2   2  17  29   1   2   9   0   4   3   1   3  11  0.26 0.18
  251 F   -1 -1  3  1 -3 -1 -2 -2  0 -3 -1 -1 -1  1  0  1  3  1 -1 -2    4   4  17   7   0   2   1   3   2   0   5   3   2   7   5   8  26   2   1   2  0.28 0.21
  252 I    1 -4 -3 -3 -3 -3 -3 -3 -4  3  2 -3  1  0  3 -2 -1 -1 -1  2   11   0   1   1   0   1   1   2   0  17  22   1   3   4  15   2   4   1   2  13  0.34 0.20
  253 N    0  0  2  3 -3  1  1  0 -1 -1 -2 -1 -2 -1 -1  0  1  0 -3  0    7   4  13  16   0   6  10   6   1   2   3   3   1   2   2   6   8   2   0   9  0.17 0.13
  254 N    0  0  4  0 -3 -1 -1  0  0 -1 -1 -2  1 -1 -1  0  1  5 -2  0    9   5  23   4   0   2   2   6   3   4   5   0   4   2   2   7   7   9   0   7  0.24 0.18
  255 F    0 -3 -4 -3 -3 -3 -3 -3 -3  3  2 -3  1  4 -3 -3 -2 -1  0  2    7   1   0   2   0   1   1   1   0  17  21   1   2  21   1   1   1   1   3  18  0.46 0.24
  256 I    2 -3 -2 -2  0 -2 -2 -1 -3  2  0 -2  0 -2 -2  2  1 -4 -2  1   21   0   1   2   2   1   2   3   0  18   8   2   1   1   1  18   7   0   1  11  0.23 0.19
  257 N   -1 -1  3  1 -3  1 -1  0  0 -1 -1  0 -1  0 -3  0  1  1  1 -1    4   1  19   8   0   8   3   6   2   2   8   5   2   4   0   8   8   2   5   5  0.14 0.13
  258 V    0 -2 -1 -4 -2 -2 -3 -1 -3  2  2 -2  0  0  0 -1  0  4  1  2    9   2   4   0   0   1   0   5   0  14  20   1   1   4   4   3   6   6   4  15  0.19 0.15
  259 L   -1 -4 -4 -3 -1 -4 -4 -2 -4  3  3 -4  2  0 -4 -2  0 -4 -1  3    3   0   0   2   1   0   0   3   0  18  27   0   6   4   0   2   6   0   2  27  0.51 0.26
  260 S    1 -3 -1 -3 -3 -3 -3  1 -3  0  1 -2 -1  0 -3  1  3 -2 -1  1   11   1   2   1   0   0   0  12   0   4  17   1   0   4   0  13  23   0   2   9  0.25 0.21
  261 I    0 -3 -3 -3 -3 -3 -3  1 -3  3  1 -3  0  0 -3 -1  0  1  2  2    8   1   0   1   0   0   1  12   0  25  11   1   2   4   0   5   5   2   7  16  0.27 0.19
  262 I    0 -5 -4 -5 -2 -4 -5 -2 -5  4  3 -4  1  1 -4 -3 -1 -4 -2  3   10   0   0   0   1   0   0   3   0  25  30   0   2   6   0   0   3   0   1  20  0.59 0.29
  263 G    2 -4 -3 -4 -1 -3 -4  3 -4  2 -1 -3 -2  1 -2  1  1 -4 -2  1   20   0   0   0   1   0   0  22   0  16   3   0   0   8   2   9   8   0   1  10  0.34 0.23
  264 I    1 -4 -4 -5 -1 -4 -4 -1 -4  4  2 -3  0  0 -3 -1  0 -4 -1  3   10   0   0   0   1   0   0   4   0  32  17   1   1   3   1   4   7   0   2  18  0.47 0.26
  265 V    2 -4 -3 -4 -1 -4 -4  0 -4  3  1 -4 -1  2 -4 -2 -1 -3 -3  3   20   0   1   0   1   0   0   9   0  15  16   0   1   9   0   2   4   0   0  23  0.39 0.24
  266 V    3 -4 -4 -5  1 -4 -4 -1 -4  3  2 -4  0 -2 -4 -1  0 -4 -3  2   26   0   0   0   3   0   0   5   0  20  20   0   1   1   0   3   6   0   0  15  0.45 0.27
  267 P    3 -4 -4 -4 -4 -4 -4 -1 -4 -2 -2 -3 -1  0  6  0  0 -1 -3  0   25   0   0   0   0   0   0   3   0   2   3   0   1   4  37   7   7   1   1   7  0.82 0.37
  268 I    0 -4 -5 -3 -3 -4 -5 -3 -5  4  2 -4  1  1 -4 -3  0 -4 -3  4    6   0   0   1   0   0   0   2   0  31  17   0   3   5   0   1   5   0   0  27  0.64 0.30
  269 I    2 -3 -3 -4  0 -3 -4  1 -3  2  1 -3  0  1 -4 -1 -1  2  2  2   18   0   0   0   2   0   0  12   0  15  14   1   1   5   0   3   3   3   7  15  0.26 0.18
  270 Y   -3 -5 -5 -6 -3 -5 -5 -4 -2  1  0 -5  0  0 -6 -4 -2  3  8  1    2   0   0   0   1   0   0   1   0   6   8   0   2   2   0   1   3   3  61   8  1.59 0.58
  271 F   -3 -4 -5 -3 -4 -5 -5 -3 -3  0  1 -4 -1  8 -2 -5 -4  2  1 -1    2   1   0   1   0   0   0   3   0   4  11   1   1  62   2   0   0   2   4   4  1.41 0.50
  272 V    2 -1 -3 -4 -1 -3 -3  0 -4  3  0 -3  0  0 -3 -2  1  1 -1  3   20   3   0   0   1   0   0   6   0  20   9   0   2   4   1   1   8   2   2  21  0.30 0.20
  273 M   -2  1 -1 -4 -3  0 -3 -3 -2  1  1 -1  3  1 -4 -1  0  2  4  2    2   9   2   0   0   4   1   1   0   9  10   2   8   4   0   3   6   3  18  17  0.30 0.21
  274 M   -2 -3 -5 -4 -4 -4 -5 -5 -5  4  2 -3  8 -1 -5 -4 -3  0 -3  0    2   1   0   1   0   0   0   0   0  23  21   1  39   1   0   0   1   2   0   5  1.16 0.46
  275 F   -3 -3 -4 -4 -3 -4 -3 -5 -2  2  3 -1  1  5 -5 -3 -3 -1  4 -2    1   1   0   1   0   0   2   1   1  12  30   5   3  24   0   2   1   1  15   1  0.67 0.31
  276 T    0  4 -2 -3 -1 -1 -2 -1 -2  0 -1  0 -1  1 -3  0  2 -3 -1  0    8  28   1   0   1   1   1   5   0   4   6   4   1   7   0   8  16   0   1   7  0.27 0.20
  277 S    0 -3 -1  2 -2 -3 -2 -2 -2 -3 -2 -1 -1  2 -4  5 -1 -4 -1 -3    6   1   2  12   1   0   1   3   1   1   4   3   1  11   0  48   3   0   2   1  0.60 0.36
  278 K    0  1 -1 -2 -4 -1 -1  1 -1 -3 -1  3 -3 -3  4  1 -1 -4 -3 -2    8   7   3   2   0   1   1  10   1   1   5  26   0   1  19   9   3   0   0   3  0.38 0.23
  279 K   -1  2  1  1 -3  1  1  1  0 -4 -2  4 -3 -3 -3  0 -1 -5 -3 -3    3   8   6   7   0   7   6  10   2   0   5  34   0   1   0   7   3   0   0   1  0.41 0.25
  280 V   -1 -3 -4 -4  1 -3 -4 -5 -4  2  3 -3  1 -2 -3 -2  2 -3 -3  4    3   1   0   0   3   0   0   0   0   8  34   1   2   1   1   1  14   0   0  29  0.60 0.31
  281 E   -2 -3  2  2 -4 -1  0 -2 -2 -3 -4 -1 -4 -4 -1  3  5 -5 -4 -3    2   0   8  11   0   2   4   3   1   1   0   2   0   1   3  19  42   0   0   0  0.72 0.39
  282 S    2  2 -1  0 -4  0  0  0 -2 -2 -3  3 -3 -2  2  1  0 -4 -3 -2   17  10   2   6   0   3   4   5   1   2   1  19   0   1  11  12   4   0   0   2  0.28 0.19
  283 D    0 -1  0  2 -3  0  2 -2  1  1 -2  0 -2 -2 -1  0  1 -4 -3  1   10   2   3  14   0   3  15   2   4   8   2   5   0   1   2   3  11   0   0  14  0.16 0.15
  284 E   -1 -4 -2  2 -6 -1  7 -5 -3 -4 -6 -2 -2 -5 -4 -3 -4 -6 -2 -4    4   0   1   9   0   1  76   0   0   1   0   1   1   0   1   1   0   0   1   1  1.62 0.63
  285 R   -2  7 -4 -5 -6  1 -3 -4 -1 -5 -4  4 -4 -4 -4 -4 -3 -1 -5 -5    4  56   0   0   0   5   0   1   1   1   1  27   0   1   1   0   1   1   0   0  1.45 0.56
  286 R   -1  2  0  1 -4  1 -1 -1  0 -4 -3  2 -3 -2 -2  3 -1 -5 -3 -3    4  14   4   8   0   6   2   3   2   1   2  15   0   1   1  31   3   0   0   1  0.39 0.26
  287 K   -5  7 -1 -5 -7  0 -3 -5  3 -5 -6  3 -5 -6 -5 -3 -1 -6 -1 -6    0  65   3   0   0   3   0   1   7   1   0  14   0   0   0   1   4   0   2   0  1.59 0.60
  288 L   -3 -5 -6 -6 -4 -5 -5 -6 -5  4  3 -5  4 -1 -4 -4 -3 -5 -1  4    0   0   0   0   0   0   0   0   0  21  31   0  11   1   1   1   1   0   2  32  0.96 0.40
  289 T   -1  1 -4 -4 -3 -2 -4 -1 -3  3  2 -1  0  1 -4 -2  0  5  0  1    4   8   0   0   0   1   0   7   0  19  24   4   2   7   0   3   5   8   3   7  0.30 0.20
  290 A    5 -3 -3 -4 -3 -4 -4  1 -5  0 -3 -3 -2 -3 -1  0  0 -5 -3  3   52   1   1   0   0   0   0   8   0   4   1   1   1   1   3   5   4   0   0  19  0.73 0.39
  291 Y   -1 -5 -4 -6  3 -5 -5 -6 -3  2  1 -5 -1  5 -6 -4 -3 -2  7  0    7   0   1   0   6   0   0   0   0  10  11   0   1  21   0   0   1   0  36   6  1.08 0.45
  292 I   -2 -4 -6 -6 -4 -5 -6 -4 -5  6  1 -5  0  3 -5 -5 -3 -4 -1  3    2   0   0   0   0   0   0   2   0  48  13   0   1  14   0   0   0   0   1  17  1.02 0.41
  293 P   -3 -3 -6 -5 -4 -5 -5 -6 -5  3  0 -5 -3  1  7 -4 -4  4 -2  1    1   1   0   0   0   0   0   0   0  14  10   0   0   7  47   1   0   7   1  10  1.26 0.49
  294 L   -4 -5 -6 -6 -3 -5 -6 -6 -5  1  5 -5  3  2 -6 -2 -3 -4 -2  1    0   0   0   0   0   0   0   0   0   7  64   0   8   9   0   3   1   0   1   7  1.12 0.46
  295 F   -1 -6 -6 -6  2 -6 -6 -5 -5  1  0 -6 -1  8 -6 -3 -1  3  0 -2    5   0   0   0   5   0   0   1   0   7   9   0   1  60   0   1   5   4   1   1  1.43 0.53
  296 L   -1 -5 -6 -6 -1 -5 -5 -5 -5  5  2 -5  0  3 -5 -4 -3 -4 -3  4    5   0   0   0   1   0   0   0   0  35  21   0   1  11   0   0   1   0   0  25  0.89 0.38
  297 S    4 -4 -4 -4 -1 -4 -4  1 -4  0 -1 -4 -1  3 -2  1  0 -4 -3 -1   45   0   0   0   1   0   0  10   0   5   6   0   2  13   1   9   5   0   0   3  0.56 0.33
  298 A    3 -4  2 -3 -2 -1 -3  0 -2 -1 -4 -3  1 -2 -4  4  1 -5 -4  0   29   0   8   0   0   2   0   6   1   3   0   0   4   1   0  31   6   0   0   7  0.53 0.33
  299 I    3 -4 -4 -5  3 -4 -4 -3 -5  3 -1 -4  2 -3 -1 -2  1  1 -3  3   30   0   0   0   6   0   0   1   0  16   2   0   5   0   3   1   9   2   1  24  0.56 0.32
  300 V    0 -5 -5 -6  1 -4 -5 -5 -5  3  3 -5  3  3 -5 -4 -3 -4 -2  3   10   0   0   0   2   0   0   0   0  17  25   0   7  14   0   0   0   0   0  24  0.68 0.32
  301 F   -4 -7 -7 -8 -7 -7 -8 -7 -5 -3 -2 -7 -4  9 -8 -7 -6 -3  1 -5    2   0   0   0   0   0   0   0   0   1   3   0   0  92   0   0   0   0   3   0  2.87 0.86
  302 W   -6 -8 -4 -9 -7 -7 -8 -4 -7 -7 -6 -8 -1  2 -9 -6 -4 13 -3 -6    1   0   1   0   0   0   0   2   0   0   0   0   2   8   0   1   1  85   0   1  4.11 1.10
  303 A    4 -4 -3 -4 -3 -3 -4  2 -4 -3 -2 -3  5 -2 -4  4 -1 -5 -4 -2   32   0   0   0   0   0   0  13   0   0   2   1  16   1   0  29   3   0   0   1  0.78 0.43
  304 I    1 -5 -4 -5 -2 -5 -5  0 -5  5  3 -5  1  1 -5 -3 -2 -4 -3  1   11   0   0   0   1   0   0   9   0  40  24   0   3   5   0   1   1   0   0   5  0.68 0.33
  305 E   -4 -4 -3 -5 -5  2  1 -6  0 -4 -2 -4 -2  7 -6 -3 -4  3  5 -4    0   0   1   0   0  12  11   0   2   0   3   0   1  47   0   2   1   4  16   0  1.27 0.50
  306 E   -3 -3 -1  1 -6  3  7 -3 -3 -6 -4 -1 -5  0 -3 -3 -4 -6 -4 -5    1   1   3   7   0  11  65   1   0   0   2   2   0   5   1   1   0   0   0   0  1.31 0.55
  307 Q   -4 -3 -4 -5 -7  9 -2 -6 -4 -7 -3 -3 -5 -7 -5 -1 -4 -6 -6 -6    1   0   0   0   0  90   0   0   0   0   3   0   0   0   0   4   1   0   0   0  2.58 0.90
  308 S    3 -3 -2 -3 -3  2 -3  3 -3 -1 -3  0 -2 -4 -3  1  1 -5 -4 -1   29   0   1   0   0  11   0  25   0   4   1   6   1   0   0  10   7   0   0   4  0.49 0.29
  309 S    1 -4 -3 -4 -4 -4 -4  4 -3 -3 -4 -4 -3  3  1  2 -2 -3  3 -4   11   0   0   0   0   0   0  35   0   1   0   0   1  15   8  18   2   0   9   0  0.71 0.36
  310 T    0 -4  0 -3 -4 -3 -3  2 -4 -2 -4 -2 -4 -5 -4  4  5 -2 -4  0    5   0   4   0   0   0   0  14   0   2   0   1   0   0   0  32  33   1   0   8  0.74 0.41
  311 I   -1 -4 -3 -4 -3 -3 -4 -4 -4  2 -1  0 -2 -2 -4  3  2 -5 -3  4    3   0   0   0   0   0   0   0   0  10   4   6   0   1   0  29  13   0   0  32  0.61 0.36
  312 I   -3 -5 -6 -6 -4 -5 -5 -6 -5  2  5 -5  4  3 -6 -5 -4  0  0  0    1   0   0   0   0   0   0   0   0   8  55   0  12  13   0   0   0   1   2   6  1.04 0.42
  313 A    4 -4  5 -3 -4 -2 -3 -2 -4 -3 -4 -3 -3 -5 -2  1  3 -6 -5 -3   39   0  26   0   0   1   0   1   0   1   1   1   1   0   1   8  19   0   0   1  0.86 0.44
  314 V   -1 -4 -3 -5 -3 -3 -5 -5 -5  3  4 -4  0  0 -5 -2  0 -4 -2  2    4   0   2   0   0   1   0   0   0  18  46   0   1   4   0   2   6   0   1  15  0.68 0.32
  315 W   -6 -6 -6 -7 -6 -6 -6 -7 -4 -3 -2 -6 -4  8 -7 -6 -6  4  7 -4    0   0   0   0   0   0   0   0   0   1   3   0   0  59   0   0   0   5  31   1  2.24 0.71
  316 G    6 -4 -4 -5 -4 -3 -4  0 -5 -2 -4 -2 -4  0 -4  1  0 -5 -4 -3   67   0   0   0   0   0   0   7   0   2   0   1   0   4   0  11   7   0   0   0  1.11 0.51
  317 E    0  1  0  5 -5  1  3 -3 -2 -2 -3  0 -4 -3 -4 -1 -2 -5 -4 -4   10   7   4  40   0   6  17   1   1   3   2   5   0   1   0   3   1   0   0   0  0.70 0.34
  318 S   -2  3  0  3 -5  2  3 -3 -1 -3 -4  2 -3 -5 -3 -1  0 -5 -3 -1    1  16   5  18   0  10  22   1   1   1   1  10   0   0   0   4   6   0   0   5  0.50 0.27
  319 R   -3  4  2 -2 -4  2 -2 -3  2 -1 -2  1 -1  1 -4 -1 -1 -3  3 -2    1  28  12   1   0  10   0   1   5   4   3   7   1   6   0   4   4   0  12   2  0.44 0.27
  320 S   -2 -4 -4 -5 -4 -3 -4 -5 -5 -1  1 -4  1 -4 -4 -1  6  3 -4  2    3   0   0   0   0   0   0   0   0   2  11   0   4   0   0   3  56   3   0  17  1.05 0.49
  321 N   -3  0  4  6 -6  2 -1 -4 -3 -4 -5 -2  1 -6 -2 -2 -3 -6 -5 -2    2   5  21  49   0   8   3   0   0   1   0   2   4   0   1   1   1   0   0   3  1.12 0.46
  322 L   -3  6  0 -3 -2 -3 -3 -3 -3 -3  3 -1  2 -4 -5 -3 -2 -5 -4 -3    1  47   4   1   1   0   0   2   0   0  32   2   4   0   0   1   2   0   0   1  0.95 0.43
  323 N   -1 -1  3  1 -3  0  1 -2  4 -2 -2 -1  3 -3 -3  1  2 -3  0 -1    4   2  14   8   0   4   7   2  11   1   2   3   9   1   0  11  14   0   3   4  0.26 0.19
  324 P   -3  0 -4 -4 -3 -3 -4 -2 -4  4  3 -3  1  3 -3 -3 -2 -1 -1  2    1   6   0   1   0   0   1   4   0  25  25   1   3  13   1   1   1   1   1  15  0.48 0.23
  325 T    1 -1  1 -1 -1  0  0  3 -1 -1 -1 -1 -1 -1  0  0  0 -1 -1 -1   11   3   7   3   1   4   7  26   1   3   5   3   1   2   5   6   5   1   2   4  0.16 0.05
  326 W    0  0  0  0 -1  0  0  0 -1  0  0  0  0  2  0  0  0  3  0  0    6   4   4   4   1   3   5   7   2   6  12   5   2  11   4   6   4   5   3   6  0.03 0.01
  327 F    0  0  0  0 -1  0  0  0  0  0  0  0  0  1  0  0  0  0  0  0    7   4   4   4   1   5   5   6   2   6  12   4   2  11   4   8   7   1   2   5  0.01 0.01
  328 G    0  0  0  0 -1  0  0  1 -1  0  0  0  0 -1  0  0  0 -1 -1  0    9   4   4   5   1   3   5  16   2   6   8   4   2   3   4   7   6   1   2   7  0.03 0.00
  329 F   -2 -2 -1 -1 -2 -2 -1 -1 -1  0  1 -2  1  5 -1 -2 -2  4  0 -1    3   2   3   4   1   2   3   4   1   4  17   2   4  33   3   3   2   5   1   3  0.41 0.16
  330 T   -1 -4 -1  0 -4 -1 -2  6 -2 -4 -4 -2 -4 -4 -3  1  0 -4 -4 -4    4   1   2   6   0   2   2  61   1   1   1   2   0   0   1   9   6   0   0   1  1.02 0.38
  331 F   -3 -4 -3 -5 -4 -4 -4 -4 -2  0 -1 -4  1  6 -3 -3  1  9  2 -1    1   1   1   0   0   0   1   1   1   6   5   1   3  33   2   2   8  25   5   3  1.21 0.42
  332 H   -2 -2  1  1 -4  0  5 -3  4 -3 -4 -1 -4 -4 -3 -1  2 -2 -2 -3    2   1   5   5   0   3  43   2   9   1   1   2   0   1   1   4  14   1   1   2  0.68 0.34
  333 I   -2 -5 -6 -6 -4 -5 -5 -6 -5  5  1 -5  4  4 -5 -5 -3 -2 -2  3    2   0   0   0   0   0   0   0   0  33  10   0  11  19   0   0   0   1   0  22  0.97 0.40
  334 D   -1 -5 -1 -1 -6 -1 -3 -2 -4 -6 -5 -3 -5 -7  8 -1  1 -7 -6 -5    4   0   3   3   0   3   1   3   0   0   1   1   0   0  67   5   9   0   0   0  1.74 0.61
  335 P    5 -4 -4 -4 -4 -4 -2 -3 -4 -1 -4 -3 -3 -5  4  1  2 -6 -5  1   45   0   0   0   0   0   2   0   0   3   0   0   0   0  18  10  13   0   0   8  0.82 0.42
  336 S    3 -4 -1 -3 -4 -3 -1  0 -4 -2 -4 -3 -4 -5 -1  5  0 -5 -4  0   27   0   3   0   0   0   4   6   0   2   0   0   0   0   2  44   5   0   0   6  0.72 0.40
  337 W   -2 -6  0 -6 -6  2 -6 -6 -5 -3 -1 -6  2  0 -7 -6 -4 11  2 -3    3   0   4   0   0   8   0   0   0   2   7   0   4   3   0   0   1  60   5   2  2.50 0.77
  338 Y   -4 -6 -6 -6 -5 -6 -6 -6 -4 -1  0 -3 -3  8 -6 -4  0 -3  4  0    1   0   0   0   0   0   0   0   0   3   7   2   0  61   0   1   6   0  11   8  1.56 0.56
  339 Q   -2 -3  1 -2 -7  8 -1 -1 -4 -6 -6 -3 -4 -7 -5 -2 -2 -6 -5 -4    2   0   5   2   0  77   1   5   0   0   0   0   0   0   0   2   3   0   0   1  1.92 0.75
  340 L    0 -4 -1 -4 -4 -4 -4 -3 -5 -1 -3 -4 -2 -4 -4  6  1 -4 -5 -2    5   0   2   0   0   0   0   1   0   3   2   0   1   1   0  74   7   0   0   2  1.32 0.60
  341 L    0 -5 -6 -6 -4 -5 -5 -5 -5  4  4 -5  1  2 -5 -4 -3 -4 -2  2    9   0   0   0   0   0   0   0   0  26  39   0   2   8   0   0   0   0   1  15  0.80 0.35
  342 N   -5 -4  8 -2 -7  0 -2 -2 -1 -5 -5 -4 -6 -7 -2 -2 -4 -8 -6 -7    0   0  83   0   0   5   2   3   1   0   1   0   0   0   2   2   0   0   0   0  2.17 0.76
  343 P    2 -5 -5 -5 -5 -5 -4 -2 -5 -6 -6 -4 -6 -7  7  3 -4 -7 -6 -5   17   0   0   0   0   0   0   3   0   0   0   0   0   0  60  19   0   0   0   0  1.81 0.65
  344 L    0 -5 -5 -6 -4 -4 -5 -3 -5  3  4 -5  3  3 -5 -4 -3 -4 -3  2    7   0   0   0   0   0   0   2   0  19  40   0   7  12   0   0   1   0   0  12  0.74 0.33
  345 F   -2 -6 -6 -7 -6 -6 -6 -6 -4 -3 -2 -6  0  8 -7 -3 -3  4  3 -2    4   0   0   0   0   0   0   0   0   1   3   0   2  70   0   2   1   5   9   2  1.94 0.64
  346 I   -2 -6 -7 -7 -5 -6 -4 -7 -7  8 -1 -6 -2 -4 -6 -6 -4 -6 -5  3    3   0   0   0   0   0   1   0   0  76   2   0   0   0   0   0   0   0   0  17  1.82 0.63
  347 V   -4 -6 -6 -6 -3 -5 -6 -7 -6  6  1 -5  5 -1 -6 -5 -3 -5 -4  4    0   0   0   0   0   0   0   0   0  49  12   0  13   2   0   0   0   0   0  23  1.25 0.47
  348 L    1 -5 -5 -5 -2 -4 -5 -4 -5  4  4 -4  1 -1 -5 -3  0 -4 -3  2   11   0   0   0   1   0   0   1   0  27  37   0   2   1   0   1   6   0   0  13  0.69 0.32
  349 L   -5 -6 -6 -7 -3 -6 -6 -6 -5 -2  5 -6  0  6 -6 -6 -5 -3  2 -2    0   0   0   0   1   0   0   0   0   1  58   0   1  32   0   0   0   0   6   0  1.43 0.53
  350 S    6 -4 -4 -4 -4 -4 -4  0 -5 -4 -5 -4 -4 -5 -4  2  2 -6 -5 -2   62   0   0   0   0   0   0   7   0   0   0   0   0   0   0  17  12   0   0   2  1.14 0.52
  351 P   -2 -6 -5 -5 -6 -5 -5  0 -6 -1 -3 -5 -3 -5  8 -1 -4 -7 -6 -3    2   0   0   0   0   0   0   8   0   4   3   0   1   0  76   4   1   0   0   2  2.11 0.69
  352 I   -1 -5 -5 -5 -4 -4 -5 -4 -5  3  2 -5  0  3  1 -2 -2 -4 -2  4    3   0   0   0   0   0   0   1   0  15  23   0   1  13   6   2   1   0   0  35  0.68 0.32
  353 F   -2 -6 -6 -7 -1 -6 -6 -6 -5  1  0 -6  3  8 -7 -4 -5 -3  0  0    3   0   0   0   2   0   0   0   0   9   6   0   7  66   0   1   0   0   1   7  1.68 0.58
  354 V    6 -5 -4 -5 -4 -4 -4  0 -5 -4 -5 -4 -4 -5 -4  3 -2 -6 -5  0   63   0   0   0   0   0   0   7   0   0   0   0   0   0   0  23   1   0   0   7  1.18 0.53
  355 R    3 -2 -2 -5 -4 -4 -4 -1 -4 -1 -1  0  2  0 -5 -2 -1  9  0 -2   26   2   2   0   0   0   0   4   0   3   6   6   6   3   0   2   4  30   2   2  0.99 0.42
  356 I   -2 -5 -6 -6 -4 -5 -5 -4 -5  3  5 -5  4  1 -5 -4 -3 -1 -2  0    4   0   0   0   0   0   0   1   0  15  56   0  12   6   0   0   1   1   1   4  0.98 0.41
  357 W   -7 -8 -9 -9 -7 -7 -8 -8 -7 -7 -5 -8 -2  0 -9 -8 -7 13 -2 -8    0   0   0   0   0   0   0   0   0   0   1   0   1   4   0   0   0  94   0   0  4.74 1.18
  358 N    0 -2 -1 -2 -3  0  0 -2 -3  1  0 -2  1 -3  0  0  3 -4 -3  2    9   1   3   1   0   3   5   3   0  10   9   1   4   0   5   3  28   0   0  14  0.24 0.20
  359 K    0  3  0 -3 -5 -1 -2 -4  0 -3 -3  5 -2  1 -4 -2 -1  5  0 -3    6  17   4   0   0   1   0   0   2   1   1  43   1   6   0   2   3   8   2   1  0.75 0.36
  360 L   -3  0 -6 -6 -2 -4 -5 -6 -5 -1  5 -4  4 -2 -5 -5 -3  4 -3 -1    1   5   0   0   1   0   0   0   0   1  69   0  12   0   0   0   1   7   0   2  1.24 0.48
  361 G    3 -2  0 -2 -4 -3 -3  5 -4 -4 -5 -1 -4 -5 -4  0 -3  1 -3 -4   22   2   5   2   0   1   1  53   0   1   0   3   0   0   0   7   0   2   1   0  0.95 0.39
  362 D   -1  3  2  2 -5 -1 -1  0 -1 -5 -5  5 -4 -5 -2  0 -1 -5 -4 -5    4  14  10   9   0   1   2   5   1   0   0  41   0   0   2   6   3   0   0   0  0.66 0.33
  363 R   -4  7  0 -4 -6 -2 -3 -5  1 -5 -3  4 -2 -3 -5 -3 -4 -5  0 -5    1  58   3   0   0   1   0   0   3   0   2  25   1   1   0   1   0   0   3   0  1.38 0.52
  364 Q   -1 -2  3  0 -5  6  4 -3 -3 -5 -4 -1  0 -1 -4 -2 -3 -5 -4 -3    4   1  15   3   0  39  25   2   0   0   1   1   3   4   0   1   0   0   0   1  0.94 0.44
  365 P   -2 -6 -6 -5 -6 -5 -5 -6 -6 -2 -5 -5 -2 -7  9 -4 -5  1 -6 -5    3   0   0   0   0   0   0   0   0   3   1   0   1   0  88   0   0   2   0   0  2.71 0.80
  366 S   -1  0  1 -3 -4 -3 -3 -1  0 -5 -5 -1 -4 -5 -2  6  2 -6 -4 -4    3   4   5   0   0   0   0   4   2   0   0   2   0   0   2  67   9   0   0   0  1.10 0.52
  367 T    1 -2 -3 -4 -4 -3 -3  0 -4 -1 -2 -3 -3 -4 -3  3  5 -5  1 -2   10   1   0   0   0   0   0   6   0   3   3   1   0   0   1  24  43   0   6   2  0.72 0.40
  368 I    0 -3 -4 -5 -5 -3 -4 -2 -5  1 -3 -4 -1 -4  7 -1 -1 -6 -5 -1    9   1   1   0   0   1   0   2   0  10   2   0   2   0  59   5   3   0   0   5  1.41 0.52
  369 V    1  0 -2 -3 -3  0 -2 -2 -1  1  0  0  2  1 -3 -1  1 -3  0  2   11   6   2   0   0   3   0   3   1   9   8   5   8   5   0   4   9   0   4  22  0.14 0.14
  370 K   -5 -2 -4 -5 -7 -3 -3 -6 -5 -7 -4  8 -5 -7 -5 -4 -5 -7 -6 -6    0   0   0   0   0   0   0   0   0   0   1  99   0   0   0   0   0   0   0   0  2.53 0.84
  371 F   -4 -6 -7 -7  1 -3 -7 -7 -5 -2 -3 -7  3  9 -7 -5 -6 -3  0 -3    1   0   0   0   3   2   0   0   0   2   0   0   8  83   0   0   0   0   1   1  2.40 0.75
  372 G    5 -4 -4 -4 -3 -4 -4  3 -4 -2 -4 -4 -3 -5 -4  2 -1 -3 -4  0   52   0   0   0   0   0   0  20   0   2   0   0   0   0   0  13   4   0   0   8  0.86 0.42
  373 L   -1 -4 -5 -5 -1 -4 -5 -3 -4  4  3 -4  2  1 -5 -2 -2  0  1  1    6   0   0   0   1   0   0   2   0  28  36   0   4   6   0   2   1   1   5   8  0.61 0.29
  374 G    2 -6 -4 -5 -5 -5 -5  7 -5 -7 -7 -5 -6 -6 -5 -1 -4 -6 -6 -6   17   0   0   0   0   0   0  79   0   0   0   0   0   0   0   4   0   0   0   0  1.87 0.62
  375 L   -2 -5 -2 -6 -4 -5 -5 -6 -5  2  5 -5  2 -3 -5 -4  0 -5 -4  2    2   0   2   0   0   0   0   0   0  13  59   0   5   0   0   0   7   0   0  12  0.94 0.40
  376 M    0 -5 -5 -5 -3 -4 -5 -2 -5  4  3 -4  2  2 -5 -3 -1 -1 -2  2    7   0   0   0   0   0   0   4   0  29  29   0   4  10   0   0   2   1   0  14  0.62 0.29
  377 L   -2 -4 -4 -5  1  1 -4 -1 -4  3  3 -4  0  5 -5 -4 -2 -3 -2  1    2   0   0   0   3   8   0   5   0  15  32   0   2  25   0   0   1   0   0   7  0.61 0.31
  378 T    4 -4 -3 -5 -2 -3 -4 -1 -4  2  1 -4  4 -3 -4 -2 -1  0 -4  2   35   0   1   0   0   0   0   4   0  11  13   0  12   0   0   1   3   1   0  16  0.53 0.31
  379 G    3 -5 -4 -5 -5 -5 -5  7 -5 -5 -6 -5 -6 -6 -5 -2 -4 -6 -6 -6   20   0   0   0   0   0   0  77   0   0   0   0   0   0   0   2   0   0   0   0  1.82 0.61
  380 A    2 -4 -4 -5  0 -4 -4 -1 -4  2  4 -4  0  1 -3 -1 -1 -4 -3  1   18   0   0   0   2   0   0   6   0  12  42   0   1   5   0   4   2   0   0   8  0.47 0.27
  381 S    2 -5 -3 -4 -3 -4 -4  5 -5 -6 -6 -4 -5 -6 -4  5 -2 -6 -5 -4   13   0   0   0   0   0   0  45   0   0   0   0   0   0   0  40   1   0   0   0  1.24 0.52
  382 Y   -2 -6 -6 -6 -6 -6 -6 -5 -4 -4 -3 -6  0  8 -3 -5 -5 -2  6 -4    4   0   0   0   0   0   0   1   0   0   1   0   2  68   2   0   0   0  22   0  2.10 0.66
  383 L    0 -4 -5 -5 -3 -4 -5  0 -4  2  4 -4  1  2 -5 -4 -3  0 -1  1    8   0   0   0   0   0   0   9   0   8  49   0   2   8   0   0   1   1   2  11  0.59 0.30
  384 I    0 -5 -5 -5  0 -4 -5 -4 -5  3  2 -4  1  2 -5 -3 -3  4 -2  4    6   0   0   0   2   0   0   1   0  14  21   0   3   9   0   1   0   6   0  34  0.65 0.31
  385 M   -4 -5 -6 -6 -5 -5 -6 -6 -5  1  3 -5  8  4 -6 -5 -4 -4 -3 -2    0   0   0   0   0   0   0   0   0   7  28   0  44  19   0   0   0   0   0   1  1.53 0.57
  386 T    2 -3 -3 -3 -3 -3 -3  0 -3  1  1 -3  3  1 -3  0 -1 -3  0  3   19   0   0   1   0   0   1   7   0   8  14   1   9   6   1   6   2   0   3  23  0.27 0.19
  387 L   -1 -3 -3 -4 -3 -3 -3 -3 -3  3  2 -3  1  4 -1 -2 -2  3  2  1    6   1   1   1   0   1   1   2   0  18  24   1   3  18   3   1   1   4   7   7  0.40 0.19
  388 P    3 -3 -3 -3 -3 -3 -3  3 -4 -2 -3 -3 -2 -3  5  0 -3 -3 -3 -2   27   1   0   1   0   0   1  19   0   2   2   1   1   1  33   6   1   0   1   3  0.82 0.33
  389 G    3 -3 -2 -2 -3 -2 -3  2 -3 -1 -1 -2 -1  1  1  2 -1 -3 -1  0   27   0   0   1   0   1   0  17   0   3   6   1   2   7   8  15   2   0   1   7  0.29 0.20
  390 L    0 -1  0 -2 -3  2 -1  0  0  0  1  0  4  1 -2  0 -1  0  2 -1   10   3   4   1   0  10   2   6   3   4  11   6  14   7   1   5   3   1   7   3  0.11 0.13
  391 L    1 -2 -1 -1 -2 -1 -2 -1  0  1  2 -2  1  1 -2  1  0 -3  0  0   11   0   2   2   0   3   1   5   3   9  22   1   4   6   1  13   5   0   3   6  0.10 0.11
  392 N    2 -3  0 -3 -3 -1 -3  2  0 -2 -1 -3 -2  2  0  0 -1  2  2  0   25   0   5   1   0   2   0  16   3   1   4   0   1   9   4   8   3   3   8   6  0.24 0.19
  393 G    2 -3  0  1 -3 -2  0  4 -3 -1 -2 -2 -2 -4  0  0 -1 -4 -3 -2   19   0   4   9   0   1   5  38   0   4   3   1   1   0   4   6   3   0   0   3  0.46 0.23
  394 T    0 -2  0  1 -3  0  0  2 -1 -3 -3  0 -2 -4  1  1  2 -4 -3 -1    8   0   4   7   0   3   7  19   2   1   1   7   1   0   8  11  18   0   0   4  0.26 0.17
  395 S    0 -3  1  1 -3 -1  0  4 -1 -4 -3 -2 -2 -4  1  1  1 -4 -4 -2    9   0   8  10   0   2   6  30   1   0   1   0   1   0   7  10  12   0   0   2  0.39 0.21
  396 G    1 -2  2 -1 -3 -1  0  3  1 -2 -1 -1  0 -3 -2  0  0 -3 -2  0   16   1  11   3   0   2   5  24   4   2   5   1   2   0   1   6   7   0   1   7  0.20 0.14
  397 R   -1  2 -1 -2 -3  0 -1 -1 -1 -2  1  3  1 -3  0  2  0 -4 -3 -2    3  11   1   1   0   4   1   3   1   1  20  23   5   0   5  16   3   0   0   1  0.25 0.20
  398 A    0 -5 -5 -5 -3 -4 -4 -5 -4  2 -1 -4  2 -1 -4 -2  2 -5 -4  6    8   0   0   0   0   0   0   0   0   8   3   0   4   3   0   2  13   0   0  56  0.86 0.39
  399 S    2 -4  1 -3 -4 -3 -3 -2 -2 -4 -4 -3 -3 -5  4  5 -1 -4 -5 -3   14   0   6   0   0   0   0   2   1   1   1   0   1   0  23  50   2   0   0   1  1.00 0.47
  400 A    0 -5 -5 -5 -4 -4 -4 -4 -5 -1  0 -4  5  1  6 -4 -3 -5 -4  1    9   0   0   0   0   0   0   1   0   3   9   0  15   7  43   0   0   0   0  12  1.10 0.44
  401 L   -2 -4 -2 -5 -4 -3 -5 -3 -3  1  3 -4  4  3 -4 -3 -2  7  1  0    3   0   2   0   0   0   0   2   0   9  33   0  10  11   0   2   1  15   5   4  0.69 0.30
  402 W    0 -6 -7 -8 -4 -6 -7 -3 -6 -5 -3 -7 -2  3 -7 -5 -5 12  2 -1    8   0   0   0   0   0   0   2   0   0   3   0   1   9   0   0   0  67   5   5  2.90 0.80
  403 L   -4 -5 -6 -7 -4 -5 -6 -7 -6  2  6 -5  2 -2 -6 -5 -4 -5 -4  1    0   0   0   0   0   0   0   0   0  12  77   0   3   0   0   0   0   0   0   7  1.39 0.50
  404 V    1 -5 -5 -5 -3 -4 -5 -4 -5  4  1 -5  1  0 -5 -4 -1 -3 -3  5   10   0   0   0   0   0   0   1   0  20   9   0   3   5   0   0   3   0   0  48  0.82 0.36
  405 L    0 -4 -4 -4 -3 -4 -4  3 -4  1  3 -4  1  0 -4 -1 -1  0 -3  1   10   0   0   0   0   0   0  21   0   6  37   0   4   5   0   5   4   1   0   9  0.41 0.24
  406 M    1 -3 -3 -3 -1 -3 -3 -2 -4  2  0 -3  1 -1 -3  3  2 -4 -3  2   13   0   0   0   1   0   0   2   0  16   8   0   4   2   0  30  11   0   0  12  0.38 0.26
  407 F   -5 -5 -4 -6 -5 -5 -5 -6 -2  1  1 -5  1  4 -6 -5 -4  6  8 -3    0   0   1   0   0   0   0   0   0   7  13   0   3  14   0   0   0   9  50   1  1.53 0.53
  408 A    1 -5 -5 -6 -3 -5 -5 -4 -4  0  4 -5  1  6 -5 -4 -3 -1 -1  0   13   0   0   0   0   0   0   1   0   4  39   0   3  32   0   0   1   1   0   6  0.85 0.37
  409 V   -2 -5 -6 -6  1 -5 -5 -5 -5  4  4 -5  1  3 -5 -4 -3 -4 -3  2    2   0   0   0   3   0   0   0   0  23  45   0   3  12   0   0   0   0   0  12  0.86 0.35
  410 Q   -2 -3 -3 -4  3  2 -3 -5  7  1  1 -3  2  3 -5 -4 -3 -4 -2  2    2   0   0   0   6  13   0   0  27   8  12   0   5  11   0   0   1   0   0  15  0.71 0.36
  411 M   -1 -4 -3 -4 -4 -3  0 -2 -5  0 -4 -4 -1 -5 -4  0  6 -5 -5  1    4   0   0   0   0   0   7   2   0   6   0   0   1   0   0   5  63   0   0  11  1.10 0.50
  412 A   -2 -4 -4 -5  1 -4 -5 -5 -5  4  2 -4  3  1 -5 -2  0  1 -3  3    2   0   0   0   3   0   0   0   0  27  20   0  10   5   0   2   7   2   0  21  0.60 0.28
  413 G    2 -5 -4 -5 -5 -5 -5  7 -5 -6 -6 -5 -6 -6 -5 -1 -4 -6 -6 -6   17   0   0   0   0   0   0  79   0   0   0   0   0   0   0   4   0   0   0   0  1.82 0.60
  414 E   -5 -4 -4 -1 -8 -2  8 -6 -4 -7 -7 -3 -6 -7 -5 -4 -5 -7 -6 -6    0   0   0   2   0   0  98   0   0   0   0   0   0   0   0   0   0   0   0   0  2.47 0.81
  415 L   -3 -5 -6 -7 -4 -5 -6 -7 -6 -1  6 -5  4 -3 -6 -5 -4 -5 -4  0    1   0   0   0   0   0   0   0   0   2  82   0  11   0   0   0   0   0   0   3  1.56 0.56
  416 L   -2 -6 -5 -6  9 -5 -6 -6 -5 -2  2 -6  3  3 -6 -1 -2 -2 -3 -2    2   0   0   0  46   0   0   0   0   0  23   0   6  13   0   5   2   0   0   2  1.51 0.52
  417 V   -3 -5 -5 -6 -4 -5 -5 -6 -5  4  5 -5  2  0 -5 -4 -2 -4 -4  1    1   0   0   0   0   0   0   0   0  21  62   0   4   2   0   1   2   0   0   7  1.07 0.41
  418 S   -2 -4 -2 -4 -5 -4 -2  0 -5 -6 -6 -4 -5 -6 -4  7 -1 -7 -5 -5    1   0   1   0   0   0   2   5   0   0   0   0   0   0   0  89   1   0   0   0  1.84 0.71
  419 P   -5 -6 -6 -6 -7 -5 -5 -6 -6 -7 -7 -5 -7 -8  9 -5 -3 -8 -7 -7    0   0   0   0   0   0   0   0   0   0   0   0   0   0  98   0   2   0   0   0  3.29 0.92
  420 V   -3 -6 -6 -6 -4 -5 -6 -6 -6  5 -2 -5 -2 -4 -6 -3  0 -6 -4  6    0   0   0   0   0   0   0   0   0  31   0   0   0   0   0   2   4   0   0  62  1.46 0.54
  421 G    0 -6 -4 -5 -6 -5 -5  7 -5 -7 -7 -5 -6 -7 -6 -1 -4 -6 -6 -6    6   0   0   0   0   0   0  90   0   0   0   0   0   0   0   4   0   0   0   0  2.14 0.66
  422 L   -5 -5  0 -6 -5 -3 -6 -6 -6 -1  6 -5  3 -3 -6 -4 -4 -5 -4 -2    0   0   5   0   0   1   0   0   0   1  84   0   7   0   0   1   0   0   0   0  1.50 0.56
  423 S    2 -4 -3 -4 -4 -4 -4 -4 -5 -6 -6 -4 -5 -6 -4  7 -2 -7 -5 -5   13   0   0   0   0   0   0   0   0   0   0   0   0   0   0  87   0   0   0   0  1.87 0.72
  424 V    3 -3 -4 -4 -3 -3 -3 -3 -3  1  1 -1  2  1 -4 -1  1 -3  1  2   29   0   0   0   0   0   0   0   0   6  15   3   6   5   0   3  11   0   5  16  0.35 0.24
  425 S    2 -4 -3 -4 -3 -3 -4 -4 -4  1 -2 -4  4 -2 -4  1  4 -5 -3  3   15   0   0   0   0   0   0   0   0   7   0   0  13   1   0   9  34   0   1  20  0.69 0.38
  426 T    0 -4 -1 -4 -4 -4 -4 -5 -5 -4 -5 -4 -4 -5 -4  2  7 -6 -3 -1    5   0   3   0   0   0   0   0   0   0   0   0   0   0   0  16  72   0   1   3  1.50 0.61
  427 K   -2  2 -3 -2 -6  0 -1 -5 -4 -5 -2  7 -4 -6 -4 -3 -3 -6 -5 -5    4  11   0   2   0   2   3   0   0   0   4  73   0   0   0   1   1   0   0   0  1.44 0.56
  428 L   -4 -5 -6 -6 -4 -5 -6 -7  0  1  6 -5  2 -2 -6 -4 -4 -5 -3  1    0   0   0   0   0   0   0   0   3   7  78   0   4   0   0   1   0   0   1   7  1.33 0.50
  429 A    6 -5 -4 -5 -4 -4 -4 -3 -5 -5 -5 -4 -4 -6 -4  3 -2 -6 -5 -4   79   0   0   0   0   0   0   1   0   0   0   0   0   0   0  20   1   0   0   0  1.59 0.62
  430 P   -4 -6 -6 -6 -7 -5 -5 -6 -6 -5 -6 -5 -6 -8  9 -5 -5 -8 -7 -2    1   0   0   0   0   0   0   0   0   0   0   0   0   0  96   0   0   0   0   3  3.13 0.88
  431 V    2  1 -1  0 -4  1  1 -2 -2 -2 -2  4 -2 -4  1 -1 -1 -4 -3  0   18   7   3   3   0   4  10   1   1   1   3  29   0   0   6   3   3   0   0   8  0.30 0.21
  432 A    4  3 -1 -3 -4 -1 -2 -1  1 -4 -3  3 -1 -5 -3  0 -1 -5 -3 -2   38  19   2   0   0   1   0   3   4   0   2  19   1   0   0   5   2   0   0   3  0.57 0.32
  433 F   -5 -5 -6 -6 -5 -5 -6 -6 -1  1  0 -6  4  7 -6 -5 -4 -2  5 -1    0   0   0   0   0   0   0   0   1   9   7   0  10  53   0   0   0   0  17   3  1.49 0.51
  434 Q    2  2  0 -2 -3  1 -1 -1  0 -1 -2  1 -1 -3  0  1  1 -4 -2  1   20  12   4   0   0   7   2   4   2   1   3   9   1   0   3   9   8   0   0  14  0.17 0.16
  435 S    2 -4 -2 -3 -4 -3 -3  4 -4 -5 -5 -3 -4 -5 -4  4  2 -5 -5 -2   18   0   1   0   0   0   0  26   0   0   0   0   0   0   0  39  13   0   0   2  0.86 0.42
  436 Q   -4  1 -3 -4 -6  8 -2 -6 -3 -3  1 -2  0  1 -5 -4 -3 -5 -4 -3    0   7   1   0   0  64   0   0   0   1  17   0   2   6   0   0   1   0   0   2  1.43 0.60
  437 M   -2 -5 -4 -6 -4 -4 -5 -5 -5  1  1 -5  9  0 -6 -4  1 -5 -4  0    3   0   1   0   0   0   0   0   0   6   8   0  64   3   0   0   9   0   0   7  1.73 0.63
  438 M   -4 -5 -6 -7 -5 -4 -6 -7 -5 -1  0 -5 10  2 -6 -2 -4 -5 -4  2    0   0   0   0   0   0   0   0   0   2   4   0  71   7   0   3   0   0   0  13  2.16 0.73
  439 A    3 -4 -3 -4 -4 -4 -4  5 -4 -5 -6 -4 -5 -6 -4  3 -1 -5 -5 -5   24   0   0   0   0   0   0  51   0   0   0   0   0   0   0  21   4   0   0   0  1.18 0.47
  440 M   -1 -4 -5 -6 -2 -4 -5 -5 -5  2  4 -4  3  0 -5 -4 -1 -4 -3  3    4   0   0   0   0   0   0   0   0  11  48   0   8   3   0   0   4   0   0  21  0.77 0.33
  441 W   -7 -7  0 -8 -7 -5 -7 -7 -5 -5 -5 -7 -5  3 -8 -7 -6 12  3 -7    0   0   5   0   0   0   0   0   0   0   1   0   0  11   0   0   0  74   9   0  3.51 0.92
  442 F   -5 -6 -3 -7 -6 -3 -6 -7 -4 -3  0 -5  0  8 -7 -6 -5  2  2 -2    0   0   2   0   0   1   0   0   0   0   7   0   3  75   0   0   0   2   6   3  1.98 0.63
  443 L   -2 -5 -6 -6  2 -5 -5 -4 -5  0  6 -5  2  1 -5 -4 -1 -4 -2  0    3   0   0   0   4   0   0   1   0   2  72   0   4   4   0   1   4   0   1   4  1.07 0.43
  444 A    4 -4 -3 -4 -3 -3 -3  1 -4 -4 -5 -3 -2 -4 -4  4  2 -5 -5 -3   43   0   0   0   0   0   0   8   0   0   0   0   1   0   0  34  14   0   0   0  0.95 0.46
  445 D   -1 -3  2  1 -3 -1 -2 -3 -3  0  0 -2  0 -2 -2  2  2 -4  0  1    4   0  14  10   0   1   0   0   0   5   7   0   3   1   1  21  14   0   3  14  0.26 0.21
  446 S    6 -4 -4 -4 -4 -4 -4  0 -4 -5 -5 -4 -4 -1 -4  3  0 -5 -4 -3   63   0   0   0   0   0   0   5   0   0   0   0   0   3   0  24   5   0   0   0  1.13 0.50
  447 T    2 -4 -4 -4  0 -3 -4 -3 -4  2  3 -3  2  0 -4 -1  1 -3  0  1   19   0   0   0   2   0   0   1   0  14  28   0   5   4   0   5  10   0   4   8  0.34 0.21
  448 S    3 -5 -4 -5 -5 -5 -5  6 -5 -6 -6 -4 -5 -6 -5 -1 -4 -6 -6 -5   29   0   0   0   0   0   0  67   0   0   0   0   0   0   0   4   0   0   0   0  1.60 0.55
  449 Q   -2 -3  5  0 -5  4  0 -2  0 -4 -5 -2 -4  1 -4  0  2 -5 -4 -5    1   0  35   5   0  25   4   2   2   0   0   0   0   6   0   7  13   0   0   0  0.85 0.41
  450 A    3 -2 -2 -3  0 -1 -2  1 -2 -1  0  0 -2  1 -3  1  0 -2  1 -1   30   0   1   0   2   2   0  10   0   2  12   8   0   7   0  11   7   0   5   3  0.21 0.19
  451 I    0 -4 -5 -5 -2 -4 -5 -4 -5  4  3 -4  3  1 -5 -3 -1 -4 -3  3    9   0   0   0   1   0   0   1   0  25  31   0   8   6   0   0   3   0   0  18  0.63 0.29
  452 N    5 -4  4 -3 -4 -2 -3  1 -3 -4 -5 -3 -3 -5 -4  2  0 -5 -4 -2   46   0  22   0   0   2   0  11   0   0   0   0   0   0   0  12   4   0   0   2  0.81 0.40
  453 A    3 -5 -3 -4 -5 -4 -5  6 -5 -6 -6 -4 -5 -6 -5  0 -3 -6 -6 -5   27   0   0   0   0   0   0  67   0   0   0   0   0   0   0   5   0   0   0   0  1.55 0.54
  454 Q   -2 -1 -3 -3 -4  4 -1 -4 -2  0  2 -1  0  1 -4 -1  0  2 -2  1    3   2   0   1   0  26   2   0   0   6  26   2   1   7   0   5   7   2   0   9  0.36 0.26
  455 I   -2 -5 -5 -6 -2 -5 -5 -6 -5  5  4 -5  1  0 -5 -3  0 -4 -2  1    2   0   0   0   1   0   0   0   0  31  46   0   3   4   0   1   5   0   0   8  0.86 0.35
  456 T    3 -3 -3 -2 -3 -3 -3  3 -4  0 -3 -3 -3 -3 -3  2 -1 -5 -3  2   30   1   0   1   0   0   0  22   0   4   1   0   0   1   0  14   3   0   0  21  0.48 0.29
  457 P    0  2  0 -2 -4  1  0  3 -1 -3 -3  3 -3 -4 -2  0 -1 -4 -4 -3    6   9   3   1   0   6   7  27   1   2   1  22   0   0   2   8   4   0   0   1  0.40 0.22
  458 I    0 -2  0 -4 -3 -1 -2 -2  2  0  2 -2 -1  4 -3 -2 -2 -2  4 -1    9   2   4   0   0   3   2   3   6   3  28   1   0  18   1   2   0   0  14   3  0.35 0.22
  459 F    0 -4 -3 -4 -4 -3 -3 -2 -1  1 -1 -4  0  3 -5 -2  2 -2  7  1    7   0   1   0   0   0   1   3   0   8   5   0   2  11   0   2  13   0  39   8  0.77 0.36
  460 K    0 -1  1  3 -3 -1  1  0 -1 -3 -4  0 -3 -4  0  2  2 -5 -4 -1    8   2   5  21   0   2   7   7   1   1   0   6   0   0   4  18  13   0   0   5  0.31 0.20
  461 A    1 -2 -1  0 -4 -1  1  0  0 -1 -3  0 -3 -4  5  0  0 -5 -3  0   16   1   2   5   0   1  11   7   2   4   1   5   0   0  26   5   6   0   0   7  0.41 0.21
  462 A    0 -2  0  3 -3  0  2  1 -2  0  0 -1  0 -2 -2  0 -1 -2 -1 -1    7   0   2  17   0   3  16  14   0   7  11   3   2   1   1   6   2   0   2   5  0.15 0.13
  463 T    0 -2  3  0 -3  0 -2  1  0 -3 -4 -2 -2 -3  0  3  3 -5 -4 -2    7   2  17   5   0   3   1  13   2   0   1   1   1   1   4  22  20   0   0   2  0.39 0.25
  464 E   -1 -2  1  1 -4  1  5 -2 -1 -3  0 -1  2 -2  0 -2 -1 -4  0 -1    4   1   5   9   0   4  39   3   1   0  11   1   6   1   4   1   2   0   4   3  0.41 0.26
  465 V    1 -1 -1 -2 -3 -1 -1 -2 -2  1  0 -1  1 -1  3  0  2  0 -1  1   11   3   2   2   0   2   2   2   0   7   6   2   5   3  16   7  14   1   1  15  0.19 0.14
  466 H    2 -2  2  1 -3  0 -1  1 -1 -1 -2 -1  0 -3  1  0  2 -3 -2 -1   18   1  10  10   0   3   3  11   1   3   2   1   3   1   5   6  16   0   0   4  0.18 0.15
  467 F   -3 -5 -5 -6 -5 -4 -5 -3 -3  0  2 -5 -2  4 -6 -4 -4 -1  7  1    1   0   0   0   0   0   0   3   0   4  18   0   1  19   0   1   0   0  44   8  1.22 0.47
  468 F   -5 -6 -6 -7 -6 -6 -7 -7 -4 -2 -1 -6 -3  8 -7 -6 -5  0  5 -2    0   0   0   0   0   0   0   0   0   1   4   0   0  71   0   0   0   1  19   3  2.19 0.67
  469 A    1 -3 -3 -3 -3 -1 -2  3 -2  1  2 -3  3 -1 -3  0  0  1  0 -1   10   1   0   1   0   3   1  21   1   8  21   0   9   1   0   8   6   2   4   2  0.22 0.18
  470 I   -1  0 -2 -2 -2  0 -2  0 -1  2  1 -1  1  1 -3 -1  0  2  0  1    4   5   1   1   0   6   1   9   1  18  11   2   3   8   0   5   7   3   3  12  0.09 0.10
  471 T   -3 -4 -2 -4  3 -2 -2 -3 -4  4  2 -4  1  2 -4 -2 -1 -2 -2  3    0   0   2   0   6   2   3   1   0  26  22   0   3  10   0   2   3   0   0  18  0.46 0.24
  472 G    2 -4 -3 -4 -1 -4 -4  5 -4 -2 -3 -4 -1 -1 -4  0  0 -5 -3  0   17   0   0   0   1   0   0  53   0   2   2   0   2   4   0   5   7   0   0   8  0.85 0.37
  473 I    1 -3 -4 -4 -2 -2 -4  2 -3  3  1 -2  0  0 -4 -1 -1  4  1  1   15   0   0   0   0   1   0  15   0  18  16   1   2   3   0   2   2   7   4  12  0.30 0.19
  474 I    1 -4 -4 -5 -2 -4 -4 -3 -4  4  1 -4  1  2 -4 -2  0 -1  0  3   15   0   0   0   0   0   0   2   0  24  11   0   4   9   0   1   5   1   3  23  0.45 0.25
  475 G    4 -4 -3 -4 -1 -3 -3  1 -4 -3  0 -3 -2 -4  1  3  3 -5 -4 -1   33   0   0   0   1   0   0   9   0   0   8   0   0   0   6  22  17   0   0   3  0.53 0.32
  476 I    0 -5 -5 -5 -2 -5 -5 -2 -5  5  2 -5  0  0 -5 -4 -2 -5 -3  4    7   0   0   0   1   0   0   4   0  36  15   0   2   3   0   0   1   0   0  32  0.78 0.34
  477 I    2 -4 -4 -4 -1 -4 -4  3 -4  2  1 -4 -2 -3 -4 -1 -2 -5 -4  3   20   0   0   0   1   0   0  21   0  15  12   0   0   0   0   2   2   0   0  27  0.50 0.28
  478 V    3 -4 -4 -4  2 -3 -4 -1 -4  2  1 -3  0  2 -4 -1  0 -4 -2  2   27   0   0   0   6   0   0   4   0  15  12   0   1  10   0   3   5   0   0  16  0.37 0.23
  479 G    3 -5 -4 -4 -3 -4 -4  6 -5 -6 -6 -4 -5 -4 -5  0 -2 -6 -5 -4   29   0   0   0   0   0   0  60   0   0   0   0   0   1   0   7   2   0   0   1  1.36 0.50
  480 I    1 -5 -5 -5 -2 -4 -5 -2 -5  4  3 -4 -1 -1 -5 -3 -2 -4 -3  4   11   0   0   0   0   0   0   4   0  22  29   0   0   2   0   0   1   0   0  29  0.65 0.31
  481 I    1 -5 -5 -5 -1 -4 -5 -2 -5  4  2 -4  0 -1 -5 -3 -2 -5 -3  4   12   0   0   0   1   0   0   3   0  26  21   0   1   1   0   0   1   0   0  34  0.71 0.32
  482 L   -2 -5 -5 -6 -4 -4 -5 -6 -5  2  5 -5  4  0 -5 -4 -1 -4 -3  3    3   0   0   0   0   0   0   0   0   7  56   0  10   3   0   0   3   0   0  18  0.93 0.38
  483 L    0 -4 -5 -5 -2 -4 -5 -4 -4  1  3 -4  2  5 -5 -4 -3  4  0  0   10   0   0   0   1   0   0   1   0   8  36   0   5  25   0   0   1   6   3   5  0.70 0.31
  484 I    2 -4 -5 -5 -2 -4 -4 -3 -4  2  3 -4  2  2 -4 -2 -2 -4 -2  2   20   0   0   0   0   0   0   1   0  13  33   0   6  10   0   1   1   0   0  14  0.53 0.27
  485 I    0 -4 -4 -5 -1 -4 -4 -1 -4  2  3 -4  2  3 -4 -2 -2  0  1  1   10   0   0   0   1   0   0   4   0  14  36   0   6  12   0   2   1   1   5   8  0.45 0.23
  486 K    2  1  0 -3 -2 -2 -2 -2 -3  0 -2  0 -1 -4 -3  4  1 -3 -3  1   16   9   5   0   0   0   0   1   0   5   2   6   1   0   0  33   7   0   0  14  0.35 0.26
  487 K   -3  1 -2 -4 -6 -2 -3 -1 -2 -3 -5  4 -3 -3  7 -2 -3 -6 -5 -2    1   8   1   0   0   1   0   4   1   1   1  24   0   1  51   1   1   0   0   2  1.32 0.49
  488 P   -2  1 -4 -3 -4 -2 -3 -4 -3 -1  1  2  1  1  4 -2 -2  7 -2 -1    1   9   0   1   0   1   0   0   0   4  12  18   5   5  21   1   2  16   0   4  0.63 0.30
  489 I   -3 -5 -5 -5 -4 -5 -5 -6 -5  5  3 -5  2 -2 -5 -4  0 -5 -4  3    0   0   0   0   0   0   0   0   0  42  28   0   4   0   0   0   6   0   0  19  0.99 0.39
  490 L   -2  3  1 -2 -4  2  0 -1  0 -1 -2  4 -3 -4 -3  0 -1 -5 -3 -1    2  17   8   1   0   8   4   4   2   3   4  34   0   0   0   6   2   0   1   4  0.46 0.26
  491 K   -1  6 -1 -4 -6 -1 -2 -2 -2 -5 -5  5 -4 -6 -4 -1 -2 -6 -5 -3    5  41   3   0   0   1   1   3   0   0   0  39   0   0   0   3   1   0   0   2  1.12 0.46
  492 L   -1 -1 -4 -5 -4 -1 -4 -3 -1 -1  4  0  5  0 -5 -3 -2  5 -1 -2    5   3   0   0   0   2   0   2   1   1  48   6  17   2   0   0   2   8   2   0  0.70 0.35
  493 M   -5 -5 -6 -7 -5 -4 -6 -7 -5 -2  2 -5 10  0 -6 -4 -1 -5 -5 -3    0   0   0   0   0   0   0   0   0   1  13   0  78   3   0   1   4   0   0   0  2.43 0.77
  494 G    0  2  0 -2 -5  1  1  2  6 -4 -4  2 -3 -4 -4 -1 -3 -2 -3 -3    8  11   4   1   0   5  10  18  22   1   0  15   0   0   0   3   0   0   0   1  0.53 0.27
  495 D   -3 -4  3  3 -5 -4 -2  6 -3 -6 -6 -3 -5 -6 -2 -2 -2 -6 -6 -6    0   0  12  19   0   0   1  61   0   0   0   1   0   0   2   2   1   0   0   0  1.29 0.45
  496 V   -2 -5 -5 -4 -3 -5 -5 -6 -6  5 -1 -5 -2 -2 -5 -4 -1 -5 -4  6    2   0   0   1   0   0   0   0   0  29   2   0   0   1   0   1   2   0   0  62  1.24 0.44
  497 R   -4  5  3 -3 -6  1  1 -4  7 -6 -5  2 -4 -5 -4 -3 -3 -5 -2 -5    0  31  12   0   0   4   7   0  32   0   0  14   0   0   0   0   0   0   0   0  1.14 0.40

                      K         Lambda
Standard Ungapped    0.1428     0.3281
Standard Gapped      0.0565     0.2670
PSI Ungapped         0.1846     0.3174
PSI Gapped           0.0565     0.2670
