
Last position-specific scoring matrix computed, weighted observed percentages rounded down, information per position, and relative weight of gapless real matches to pseudocounts
           A  R  N  D  C  Q  E  G  H  I  L  K  M  F  P  S  T  W  Y  V   A   R   N   D   C   Q   E   G   H   I   L   K   M   F   P   S   T   W   Y   V
    1 M   -4 -5 -5 -6 -4 -4 -5 -6 -5  2 -1 -5 10 -3 -6 -5 -4 -5 -4 -2    0   0   0   0   0   0   0   0   0   9   0   0  91   0   0   0   0   0   0   0  2.60 0.73
    2 K   -3  1  2 -3 -5  0 -2 -4 -2 -3 -5  7 -4 -6 -4  0 -1 -6 -4 -5    0   6  11   0   0   3   0   0   1   1   0  70   0   0   0   5   3   0   0   0  1.28 0.50
    3 K   -2  5 -1 -3 -5  0 -2 -3  1 -5 -4  5 -4 -4 -4 -1 -1  1  0 -4    2  35   1   0   0   3   0   1   3   0   1  42   0   0   0   4   3   2   3   0  0.99 0.42
    4 I    1  0 -2 -3 -1 -2 -2 -3 -1  2  1  0  1  2 -1  0  0  0  0  1   12   4   1   0   1   1   0   0   1  20  12   7   2  13   2   5   4   1   3   9  0.13 0.12
    5 S    0  1 -1 -3 -2 -2 -2 -1 -2  0  2  2 -1  0 -1  1 -1  3 -1 -1    6   8   3   0   1   0   0   5   0   7  28  15   0   4   2  12   2   5   2   0  0.14 0.15
    6 S    1  1  0 -2 -3  0 -2  0 -2 -1 -1  1 -2 -1  2  2  1 -3  2 -1   11   9   4   0   0   3   0   8   0   3   4   8   0   1  11  19   7   0   8   3  0.18 0.15
    7 V   -2 -1 -3 -4  0 -3 -3 -3 -3  2  2 -1  2  3 -4 -3 -2  2  2  1    1   3   1   0   2   0   0   2   0  14  25   4   6  18   0   1   1   3   6  11  0.36 0.20
    8 F   -2 -3 -4 -4  1 -4 -4 -3 -4  3  2 -3  1  4  0 -1 -2  4 -1  1    2   1   0   0   3   0   0   1   0  18  25   1   4  20   4   6   1   6   0   8  0.45 0.24
    9 T    1 -3 -3 -4  2 -3 -3 -1 -2  2  2 -3  0  0 -3  0  1 -3 -1  1   12   1   0   0   6   0   0   5   1  17  20   0   1   5   0   7  12   0   2  12  0.23 0.17
   10 M    1 -2 -3 -4 -2 -2 -3  1 -3  2  2 -2  3  0 -3 -2 -2 -1  0  2   11   1   0   0   1   1   0  12   0  13  27   3   8   4   0   1   1   1   3  13  0.26 0.18
   11 F    2 -4 -3 -4 -1 -3 -4  0 -4  2  3 -3  1  2 -4 -2 -1 -1 -1  1   19   0   1   0   1   0   0   6   0  13  27   0   4  12   0   1   4   1   1   9  0.33 0.23
   12 A    2 -4 -4 -4  0 -2 -4  0 -4  2  2 -3  0  1 -4 -1 -2  2 -2  2   22   0   0   0   2   2   0   6   0  14  23   0   2   6   0   3   0   3   0  16  0.33 0.24
   13 L   -1 -5 -5 -6 -4 -4 -5 -3 -5  2  4 -5  4 -1 -5 -3 -2 -4 -2  2    5   0   0   0   0   0   0   2   0  12  51   0  11   1   0   1   2   0   1  15  0.85 0.41
   14 I    1 -4 -3 -4 -3 -3 -4 -4 -4  4  2 -4  1  1 -4  1 -1 -4 -3  2   11   0   1   0   0   0   0   0   0  24  23   0   4   6   0  11   2   0   0  18  0.46 0.29
   15 A    3 -4 -4 -4  1 -4 -4 -1 -4  2  2 -4  1  2 -4 -2 -2 -4 -2  1   35   0   0   0   3   0   0   4   0  12  19   0   2  11   0   1   1   0   0  10  0.47 0.31
   16 A    3 -4 -3 -4  2 -3 -3  2 -4  2  0 -3  0  1 -3  1 -1 -1 -3  1   25   0   0   0   5   0   0  17   0  12   6   0   2   6   0  11   2   1   0  12  0.32 0.25
   17 I    1 -4 -4 -4 -1 -3 -4 -2 -4  1  3 -3  2  0 -3  0  0 -4 -1  3   12   0   0   0   1   0   0   2   0   8  30   0   6   3   1   9   6   0   1  21  0.37 0.26
   18 L    1 -3 -3 -3  0 -3 -3  0 -3  1  2 -3  1  2 -2  1  0 -1  0  1   13   0   0   0   2   0   0   7   0   8  22   0   3  10   1  11   5   1   4  13  0.19 0.17
   19 F    1 -4 -3 -4 -3 -3 -4  1 -3  0  1 -3  2  3 -4 -1 -1  5  2 -1   14   0   0   0   0   0   0  14   0   6  16   0   7  15   0   5   4   8   8   3  0.38 0.25
   20 S    1 -3 -2 -3  5 -1 -3  0 -3  0 -1 -2 -1  3 -3  0  1  1  1 -1   14   1   2   0  13   3   0   8   0   5   5   2   1  18   0   5  11   2   4   4  0.28 0.22
   21 G    1 -3  1 -2 -2 -2 -3  4 -3 -1 -1 -1 -1  0 -2  1 -1 -4 -2 -1   14   0   9   1   1   1   0  36   0   3   6   3   1   5   1   8   4   0   1   5  0.37 0.24
   22 F    1 -2 -1  1  3 -1 -1  1 -2  0  1  0  1  1 -1 -1  0 -3 -2  0   12   1   2   8   8   1   2  10   0   5  16   7   6   7   3   3   4   0   0   5  0.07 0.10
   23 I    0  0 -1  0  1 -1 -1  1 -2  1  0  0 -1  0  0  0  0 -1 -1  1    4   5   1   4   5   2   3  12   0   8  12   6   0   3   3   9   7   1   1  13  0.03 0.06
   24 P    0 -1  1  1  0  0  0  2 -2 -2 -2  0 -2 -1  3  0  0 -3 -1 -2    9   1   9   6   3   5   5  15   0   2   4   8   0   3  14   5   6   0   2   2  0.18 0.12
   25 Q    0  0  0  0  1  2  1  0  0 -2 -1  1 -1 -1 -1  1  0  0  0 -1    5   5   2   6   4  11   7   8   2   1   5   9   2   4   2  13   7   1   3   4  0.08 0.08
   26 Q   -1  1 -1  1 -1  3  1 -1  0 -2 -1  1 -2 -2  2  1  1 -3 -2 -1    3   6   2   6   2  17   6   3   3   0   7   8   0   2   9  13   8   0   0   5  0.19 0.16
   27 A    2 -1  2  0 -2  0 -1  1 -1 -2 -2  0 -2 -1 -1  1  1 -3 -2 -1   26   2   9   6   1   4   3   9   1   2   2   5   0   3   2  12   9   0   1   3  0.18 0.17
   28 Y    1 -1 -1  0 -1  1  0  0  1 -1 -2 -1 -1  1  1  1  0 -2  2  0   13   3   2   5   1   7   5   6   5   2   0   2   2   6   8  11   6   0   9   7  0.10 0.11
   29 A    3  0  1  0 -3 -1  0  1 -3 -3 -3 -1 -3 -3  0  2  0 -4 -3 -1   33   5   6   6   0   2   4   9   0   1   1   3   0   1   5  14   5   0   0   5  0.29 0.22
   30 E    0 -1  1  3 -3  1  2  0  0 -3 -3  0 -3 -4  0  1  0 -2 -2 -1   10   3   6  20   0   6  15   6   2   1   1   4   0   0   4  11   7   1   1   5  0.28 0.19
   31 T    2  0  0  0 -2  1  0 -2 -2  0  0  0 -1 -3 -1  2  1 -3 -2  1   18   4   4   4   0   6   4   1   0   5   7   6   1   0   2  18   6   0   1  10  0.12 0.14
   32 P    2 -1  1 -1 -3  2  1 -1 -2 -3 -3 -1 -2 -2  4  0  0 -4 -3 -2   20   2   6   3   0  10   8   4   1   1   1   2   1   2  24   7   5   0   0   3  0.43 0.25
   33 L    1 -1  0  1  0  0  0 -1  0  0 -1  0 -2 -1  2  1  1 -3 -2  0   14   2   4   8   2   4   6   2   2   6   4   4   0   3   9  13   9   0   0   6  0.11 0.10
   34 T    1 -1  0 -1  2  1 -1 -1 -1 -2 -1 -1 -2 -3  0  2  2 -4 -3 -1   12   3   5   3   5   7   1   4   1   2   6   3   0   0   5  22  18   0   0   2  0.23 0.21
   35 Q   -1 -2  1  2 -2  2  2  0 -1 -1 -2  0 -1 -3  2  1  0 -1 -3 -1    4   1   6  10   1  11  17   7   1   4   2   3   1   1  10  10   7   1   0   4  0.22 0.17
   36 T    1 -1  0  0 -2  0  0 -1 -2 -1  0 -1 -1 -3  2  2  2 -2 -2  1   12   2   3   4   0   4   5   4   0   3   9   1   1   0   8  15  16   1   1  10  0.14 0.15
   37 A    2 -2  0  0  1  0  1  0 -2 -2 -2 -1 -2 -3  3  1  0 -2 -3  0   19   1   3   6   3   4   9   8   0   1   4   2   0   0  13  13   6   1   0   6  0.22 0.17
   38 T    2 -1 -1 -2 -2  0  0 -1  0 -1 -1  1 -1 -3 -1  2  2 -4 -3  1   17   2   2   1   0   3   4   3   2   4   5   9   1   0   3  18  15   0   0  10  0.17 0.17
   39 N    1 -1  2 -1 -1  3  0 -1  2 -2 -2  0 -2 -3  1  1  1 -4 -2 -1   11   2  12   2   1  15   4   4   5   2   2   5   0   0   6  14   7   0   1   4  0.21 0.18
   40 E    1  0  1  0 -3  1  2 -1  0 -2 -2  0 -2 -1  0  2  0 -3 -2 -1   11   3   7   4   0   7  14   4   2   1   2   6   0   4   3  21   5   0   1   4  0.18 0.16
   41 T    2 -1  0 -1 -1  0  0 -2  4 -2 -3  0  0 -3  1  1  2 -4 -3  0   24   2   4   2   1   4   4   1  11   1   0   4   2   0   8   9  14   0   0   7  0.27 0.22
   42 A    2  0  1  0  2  0  1 -1 -2 -1 -2  1 -2 -3  0  2  0 -4 -3  0   19   4   8   4   5   2   8   3   0   2   2   8   0   0   4  19   5   0   0   7  0.18 0.16
   43 T    1  1  0  0 -2  1  0 -1  0 -1 -1  0 -2 -1 -2  1  2 -3 -1  0   13   9   5   5   0   7   6   4   2   2   4   3   0   2   0  11  15   0   2   9  0.12 0.13
   44 I    1 -1 -1 -1  2  1  0 -1 -1  0 -1  0  0 -1  0  1  1 -3  0  0   17   2   1   2   5   6   5   4   1   8   4   4   3   2   4  15   8   0   3   6  0.08 0.10
   45 Q    1  1  1  0 -3  2  1  0 -2 -2 -1  1 -2 -3  1  0  1 -3 -3 -1   12   6   7   3   0  13  12   7   0   1   7   8   0   0   6   3   8   0   0   5  0.16 0.14
   46 L    1 -1 -1 -1 -2  0  0 -1  0  0  0  0 -1 -2  1  2  2 -3 -1  0    9   2   1   3   0   3   4   5   3   7  11   4   1   1   6  17  14   0   2   6  0.09 0.11
   47 T    1  0  2  0  0  2  1 -1 -2 -2 -3  1 -2 -1 -1  1  2 -3 -1 -2   14   5  11   5   2   9   9   3   0   1   1   9   0   3   2   9  13   0   2   1  0.18 0.15
   48 S    1  0 -1  0 -3  2  1 -1  0 -1  0  1  0 -3  2  1  0 -3 -2 -1   10   4   2   3   0  10   7   2   2   3  10   9   2   0  11  11   5   0   1   5  0.14 0.11
   49 D    0  0  2  2 -3  0  0  1  1 -1 -2  1  0 -2 -1  0  0 -3 -2 -1    9   6  12  15   0   3   3   9   4   3   4  10   4   1   1   8   4   0   1   3  0.14 0.11
   50 V    1 -1 -1 -1 -2  0  0 -1  0  1  1  0 -1 -2  1  1  0 -3 -2  1   13   1   3   1   0   3   8   2   2   8  14   7   0   0   6  13   3   0   1  13  0.09 0.11
   51 H    1  2 -1  1 -3  2  1 -1  0 -3 -3  2 -2 -3  0  0  0 -3 -1 -1   16  11   1   7   0  10   9   2   2   0   1  17   0   1   3   6   7   0   2   5  0.23 0.17
   52 T    0 -1  1  1  0  0  2 -1 -2 -3 -2  0 -2 -3  2  1  2 -4 -2 -1    6   2   6   7   2   4  15   4   0   0   4   6   0   1  11  12  17   0   1   4  0.24 0.19
   53 L    0 -1  1  0 -1 -2 -2 -1 -3  3  0  0  0 -2  0  0  1 -4 -2  0    7   2  10   6   1   1   0   5   0  25   9   5   2   0   4   9   8   0   1   5  0.13 0.16
   54 A    2 -1 -1  1 -3  1  1  1 -2 -3 -2  0 -2 -3  0  0  1 -4 -2 -1   24   3   1   7   0   6  10  13   0   1   4   6   0   0   5   6  10   0   1   2  0.21 0.18
   55 V    1 -1  0  0 -2  1  0  0  0  0 -1  0 -1 -1  0  0  0 -2 -1  0   16   2   3   6   0   8   6   9   3   8   4   5   1   2   5   6   6   0   1  10  0.06 0.07
   56 I    1  0 -1  0 -3 -1 -2 -2 -2  0  1 -2 -1  0  1 -1  0 -2  3  0   15   5   2   5   0   2   2   3   0   7  20   1   0   2   7   4   7   0  15   5  0.13 0.15
   57 N    0 -2  3 -1 -2 -1 -1  0 -3 -3 -3 -1 -3 -4  0  1  4 -4 -1 -3    7   2  16   3   0   2   3   8   0   1   2   2   0   0   4   9  37   0   2   0  0.47 0.31
   58 T    1  0  0  2 -3  2  1 -1 -1 -3 -2  1 -1 -3 -1  2  1 -4 -1 -3   11   3   3  14   0  13   8   4   1   0   2  10   1   0   3  14  12   0   2   0  0.26 0.18
   59 F    1  0 -2 -1 -3  2  1 -3  0  0  0  1 -1  1  0  0 -1 -3 -1  1   12   4   0   1   0  12   8   1   2   4  10  13   0   8   5   4   2   0   2  12  0.10 0.12
   60 D    1  1  2  3 -3  1  1 -1 -1 -2 -2  0 -2 -3 -1  0  0 -4 -2 -2   14   6   9  24   0   9   7   2   1   1   2   4   0   1   2   6   7   0   1   2  0.28 0.18
   61 G    0  1  1  2 -3  1  2  2  0 -3 -3 -1 -1 -4  1  0  1 -4 -3 -1    5   8   6  12   0   5  16  18   2   1   0   1   2   0   7   4  10   0   0   4  0.26 0.18
   62 V   -1 -4 -2 -2 -3 -2 -3 -4 -4  1  1 -3 -1 -3 -4 -1  3 -4 -3  5    5   0   2   3   0   2   0   0   0   5  16   0   0   0   0   3  19   0   0  43  0.58 0.34
   63 A    4 -3 -1 -4 -3 -3 -2 -2 -4  1  1 -3 -1 -3 -1  0 -1 -4 -3  3   41   0   3   0   0   0   2   2   0   6  11   0   1   0   3   4   3   0   0  23  0.47 0.31
   64 D    1  1  1  3 -3  1  1 -1 -1 -2 -1  1 -2 -3  0  1  0 -4 -3 -2   11  10   5  21   0   6   6   3   1   2   7   7   0   0   3  10   4   0   0   2  0.21 0.15
   65 Y   -1 -3  0 -3 -3 -1 -3 -3  2 -2 -1 -3 -2  0 -3  2  1  1  6 -1    4   1   4   1   0   2   1   2   4   2   7   1   0   2   1  17   9   2  37   3  0.63 0.33
   66 L   -1 -3 -3 -3 -2 -2 -3 -3 -3  4  3 -3  1 -1 -3 -1 -1  1 -2  2    6   1   1   1   0   2   1   1   0  25  36   1   2   1   1   5   2   2   0  12  0.44 0.23
   67 I   -1  2  1 -1  0  2  0 -2  3 -1 -2  2  0 -2  0 -1 -1 -3  1 -1    4  16   8   2   3  11   3   2   8   4   3  12   2   1   4   3   3   0   5   5  0.17 0.13
   68 R   -1  1  2 -1 -3  4  2 -3  0 -2 -3  2 -2 -4 -2  0  1 -3 -3 -2    4   5   9   2   0  25  15   1   2   1   1  16   0   0   0   4  11   0   0   3  0.42 0.23
   69 Y    0 -2  2 -1 -3 -2 -1  0  4 -2 -2 -1 -2  1 -2 -1  2 -2  5 -2    7   2  12   3   0   0   3   7  13   1   3   2   0   4   2   1  14   0  23   2  0.36 0.22
   70 K    1 -1  0  0 -3  1 -1  5  2 -4 -3  0 -3 -4 -3  0 -1 -3 -3 -3   11   2   4   6   0   6   2  46   7   1   2   5   0   0   1   6   2   0   0   1  0.56 0.24
   71 R   -1  2  1  0 -3  2  1 -1  1 -3 -3  2 -2 -3  1  0  0 -1 -1 -2    4  16   6   6   0  13   6   5   4   1   1  16   0   0   7   3   6   1   2   3  0.24 0.12
   72 L   -1 -3 -4 -4 -2 -3 -3 -4 -3  2  4 -3  0  1 -3 -3 -2 -2  0  2    4   1   1   1   0   1   1   1   0   8  61   1   0   4   1   1   1   0   2  13  0.59 0.23
   73 P   -3 -3 -3 -3 -4 -3 -3 -3 -3 -4 -4 -3 -4 -4  8 -3 -3 -4 -4 -4    1   1   1   1   0   1   1   1   0   1   1   1   0   1  87   1   1   0   0   1  2.34 0.51
   74 D    0  0  1  3 -2  1  0  0  0 -2 -2  0 -2 -1  1  2  0 -2 -2 -2    7   4   7  19   0   6   5   6   2   1   3   3   1   3   7  18   4   0   1   2  0.18 0.08
   75 N   -1  1  3  0 -2  1  0  0  1 -2 -2  0 -1  1 -2  0 -1 -1  2 -2    5  11  21   3   0   8   6   7   4   2   3   3   1   5   1   4   1   0  11   3  0.17 0.10
   76 Y   -1 -2 -3 -3 -3 -2 -3 -3  3 -2 -2 -2 -2  2 -3 -2 -2  3  7  0    6   1   1   1   0   1   1   1   6   1   2   1   0   8   1   1   1   4  57   6  0.99 0.32
   77 I    0 -2 -2 -1 -2 -1 -2 -3 -3  3  1  0  1 -1  0 -2 -1  2 -2  2   10   1   1   3   0   2   1   1   0  26  13   7   3   1   5   1   3   3   0  18  0.18 0.13
   78 T   -1 -1  0 -1 -2 -2 -2  0 -3 -1 -2 -2 -2 -3  1  1  5 -3 -3  0    1   3   4   3   0   1   1   8   0   3   1   1   0   0   7   5  56   0   0   5  0.57 0.30
   79 K   -1  2 -2 -2 -3 -1  0  0 -2 -2  1  5 -2 -3 -2 -1 -1 -3 -3 -2    4   8   1   1   0   0   5   9   0   1  18  43   0   0   1   4   4   0   0   1  0.42 0.26
   80 S    1  2  1  1 -2  0  1  0  0 -2 -2  1  0 -3 -2  1  0 -3 -2 -1   17  12   6   7   0   3  10   5   2   3   1  11   2   0   0  13   4   0   0   3  0.17 0.13
   81 Q    0  0  0  1 -2  1  2 -2 -1  0 -1  1 -1 -2  1  0  0 -2  0  0    9   4   4   6   0   8  19   1   0   9   7   7   0   0   6   4   4   0   4   6  0.12 0.10
   82 A    3  0 -3 -3 -2 -2 -3 -1 -2  2  0 -2 -1  2 -3 -1  1  3  2  0   30   5   0   0   0   0   0   5   0  17   5   0   0   8   0   0   8   5   7   6  0.26 0.22
   83 S   -1  2  0  1 -3  1  1 -1 -2  0  0  1  2 -2 -2  0  0 -3 -2 -1    5  14   4   9   0   8   8   4   0   5  10  11   9   0   0   4   4   0   0   4  0.12 0.13
   84 A    0  1  1  1 -2  1  1  0 -1  0 -2  1 -1 -3  1  0  0 -3 -2  0    8   8   7   8   0   7   8   8   0   8   1   8   0   0   8   8   8   0   0   8  0.12 0.09
   85 L    0  0  0  0 -3  1 -1  2 -2  0  1  0  1 -2 -2 -1  0 -3 -2 -1    5   4   3   4   0   8   3  23   0   6  19   5   5   0   0   3   6   0   0   3  0.14 0.13
   86 G   -1 -1  1 -1 -4  0  1  5 -3 -1 -4 -1 -3 -4 -3 -1 -1 -4 -4 -4    4   3   5   3   0   4  10  55   0   6   1   3   0   0   0   3   3   0   0   0  0.78 0.36
   87 W   -1  1 -4 -5 -4 -4 -4 -4 -4 -4 -4 -4 -4  2  2  0  0 10  2 -4    7  10   0   0   0   0   1   1   0   0   1   0   0   7  10   7   6  43   6   1  1.60 0.55
   88 V    0  0  1  0 -3  1  0  0  2  0 -2  0 -2  0  1  0  0 -2  1  0    6   6   6   6   0   6   6   6   6   6   1   6   0   6   6   6   6   0   6   6  0.07 0.09
   89 A    1 -1  0 -1 -3 -1 -2  1 -3 -1 -2  0 -3 -1  5  0  0  3 -3 -2   12   2   6   4   0   3   0  11   0   4   2   7   0   3  29   5   4   4   0   3  0.44 0.25
   90 S    0  0  0 -1 -3  0 -1  3 -1 -3 -2  1 -2  0 -2  2  0  1  0 -2    6   6   3   3   0   4   3  25   1   0   5   9   0   5   1  16   6   2   3   1  0.21 0.16
   91 K   -1  2  0  1 -3  1  1 -1 -2 -3 -2  3 -2 -3 -1  1 -1 -3 -1 -3    4  10   3   9   0   5   9   5   0   1   4  27   0   1   3  13   2   0   2   1  0.30 0.20
   92 G    1 -2 -1  1 -1 -1  0  4 -2 -3 -3 -2 -3 -3 -2 -1 -1  4  0 -1   13   2   2   7   1   3   5  40   0   1   1   2   0   1   2   3   4   5   3   4  0.47 0.24
   93 N   -1 -1  4  2  1 -1 -1  0 -2 -3 -1 -1 -2 -3  2  1  0  3 -2 -3    3   2  25  12   3   1   3   6   0   1   6   3   0   1  12  12   4   5   1   1  0.34 0.20
   94 L   -1  0 -2 -1 -2  0  0 -2 -2  1  3 -1  0  1  1 -1 -1  0  1  0    4   6   2   3   1   4   6   2   1   6  35   2   1   7   6   3   2   1   6   3  0.14 0.12
   95 A    2 -2  1 -1  3 -1 -1  1  0 -1 -2 -1 -2 -1  0  0 -1  6 -1 -1   21   1   6   4   8   1   5   9   2   3   4   4   1   2   5   7   1  13   1   4  0.28 0.16
   96 E    0  0  2  1 -3  1  2 -1  1 -2 -2  2 -2 -2  0  0 -1  3  0 -1    8   4  10   8   0   7  14   3   3   1   2  14   0   1   5   5   2   5   3   4  0.20 0.12
   97 V    0 -1  0 -1 -2 -1 -1 -1 -1  0  0 -2  0  2  0  0  0 -2  1  2    5   4   7   2   0   3   3   4   1   4   6   1   3  10   4   9   5   0   6  23  0.07 0.10
   98 A    2 -2 -1 -1  0 -1 -2 -1 -2  0  1 -1  0 -1  0  0  0  1  0  0   30   1   3   3   2   3   1   4   0   3  19   4   2   2   4   5   7   2   3   4  0.12 0.11
   99 P   -2 -1  1  1 -4 -1 -1 -1 -3 -4 -4 -1 -1 -4  7 -2 -1 -4 -4 -3    2   4   6   9   0   3   3   5   0   1   1   3   2   1  54   1   3   0   0   1  1.14 0.36
  100 G   -1 -2  0 -1 -3  1  0  4  1 -2 -3  2 -3 -2 -1 -1 -2 -3  0 -3    4   1   5   2   0   7   7  42   4   2   1  13   0   2   2   1   1   0   4   1  0.46 0.21
  101 K   -1  1 -2 -1  0 -1  0  2 -1 -2 -2  4  0 -1  0 -1 -1 -2  2 -1    3   7   1   4   2   1   4  15   0   2   1  31   3   2   4   1   3   0  11   3  0.26 0.18
  102 S    0  0  0 -1  1  1 -1 -2 -1 -1 -1 -1  3 -1 -2  1  1  0  1  0    9   4   5   4   4   8   1   1   0   3   4   2  13   1   1  15  12   1   7   6  0.13 0.13
  103 I    0  0  0  0 -2 -1 -1 -2 -1  3  1  0  0 -1 -2 -1 -1 -2  1  1    8   5   6   5   0   2   3   1   2  29  11   6   2   1   1   3   3   0   6   7  0.10 0.10
  104 G    0 -2 -1  1 -2 -1 -1  4 -2 -2 -1 -1  2 -2 -1  0  1 -2 -2 -1    8   1   1   8   0   1   1  37   0   1   2   1  12   1   1   6  15   0   1   1  0.29 0.10
  105 G   -1 -2 -2 -2 -3 -2 -2  5 -3 -3 -3  1  3 -3 -3  1 -2 -3 -3 -3    1   1   1   1   0   1   1  57   0   1   1  11  10   0   1  11   1   0   0   1  0.79 0.23
  106 D    0  0  2  1 -3  0  0  3 -1 -1 -2  0 -2 -3 -2  0  0 -3 -2 -1    5   7  14  10   0   4   5  25   0   5   1   5   0   0   1   6   6   0   0   6  0.22 0.09
  107 V    0  1  0 -2 -2  0  0 -2  1  1 -1  0 -1 -2  1  0  0 -2  0  2    7  11   4   1   0   4   4   1   4   7   5   5   0   1   6   5   7   0   4  24  0.10 0.08
  108 F   -2 -2 -2 -3 -2 -2 -2 -2 -1  0  1 -2  0  3 -2 -2 -1  7  4 -1    2   1   1   1   0   1   1   1   0   1  22   1   0  21   1   1   1  20  21   1  0.46 0.03
  109 S    1  1  0 -1 -3  1  0  2  1 -3 -3  1 -1 -2 -3  0  1  1  0 -3   11  10   2   3   0   9   7  21   3   1   1   9   2   1   0   6   8   2   3   0  0.22 0.14
  110 N   -4 -4  8  1 -5 -3 -3  1 -3 -6 -6 -3 -5 -6 -5 -3 -3 -6 -5 -5    0   0  78   7   0   0   0  10   0   0   1   0   0   0   0   0   0   0   0   0  2.02 0.65
  111 R    0  4  1  0 -4  0 -1 -2 -1 -3 -2  0 -3  0  0  0  0 -3  2 -3   11  33   8   6   0   3   2   1   1   0   4   4   0   4   5   5   5   0   7   0  0.37 0.22
  112 E   -1 -2  0  2 -4  0  5 -1 -2 -2 -4 -1 -3 -1  0  0  0 -4 -1 -3    5   1   4  12   0   2  43   5   0   2   1   3   0   3   4   5   7   0   2   1  0.54 0.26
  113 G   -1  3  1 -1 -3 -1 -1  3  0 -3 -3  2 -1 -4  0  1 -1 -3 -3 -2    4  16   6   3   0   2   2  29   2   1   1  13   2   0   4  11   2   0   0   2  0.38 0.19
  114 R   -1  2 -1 -1 -3  2 -1 -2  0  1  1  0  1 -1 -2 -1 -1 -3 -1  0    5  15   1   3   0  11   2   3   3  12  17   6   4   2   1   3   2   0   1   8  0.12 0.11
  115 L   -3 -1 -5 -5 -4 -4 -4 -5 -5  0  6 -4 -1 -2 -5 -1 -3 -4 -3  0    1   3   0   0   0   0   0   1   0   3  78   0   0   0   0   5   0   0   0   6  1.20 0.45
  116 P   -4 -6 -5 -5 -6 -5 -3 -6 -6 -6 -4 -5 -6 -7  9 -4 -5 -7 -6 -6    0   0   0   0   0   0   1   0   0   0   2   0   0   0  94   0   0   0   0   0  3.02 0.87
  117 S    1  1  0  2 -3  2  1 -1  0 -2 -1  1 -1 -3 -1  1  1 -3 -2 -1   12   7   4  12   0  10   8   3   2   2   6   8   1   1   2  13   7   0   0   4  0.14 0.11
  118 A    1  1 -1 -2 -1  2  1 -1  3 -2 -2  2 -1 -3  1  0  0 -3 -2 -1   17   9   2   1   1  10   8   4   8   3   2  15   1   0   6   4   4   0   0   3  0.21 0.14
  119 S    0  0  0  1 -3  1  1  0 -1 -3 -3  0 -3 -4  4  2 -1 -4 -2 -3    7   5   5   7   0   6   9   6   1   1   1   6   0   0  24  15   3   0   1   2  0.41 0.19
  120 G   -1  3  1  0 -3 -1  0  4 -1 -3 -3  0 -3 -4  0  0 -1 -4 -2 -3    3  19   6   4   0   2   4  34   1   1   2   4   0   0   5   8   4   0   1   1  0.43 0.22
  121 R   -2  4  0  0 -4  0 -2  4 -1 -2 -3  0 -3 -4 -3 -2 -2 -4 -2 -1    2  27   3   6   0   3   1  37   1   3   1   4   0   0   0   1   1   0   1   6  0.58 0.28
  122 T   -2  1 -1 -2 -3  1 -1 -3  0  0 -2  1 -2  0 -2 -1  3  1  5  1    2   6   2   1   0   6   2   0   2   5   1   8   0   2   1   4  20   2  27   9  0.40 0.25
  123 W   -5 -5 -6 -6 -2 -5 -5 -6 -2 -5 -2 -5 -4  0 -6 -5 -5  9  8 -5    0   0   0   0   1   0   0   0   0   0   3   0   0   2   0   0   0  27  65   0  2.59 0.73
  124 R   -2  4 -2 -3 -4  1 -2 -3  4 -3 -3  2 -3  1 -4 -2 -1  0  5 -4    2  26   1   0   0   8   0   1  13   1   2  13   0   7   0   1   4   1  20   0  0.69 0.32
  125 E   -3 -1 -3 -2 -6  2  7 -2 -3 -6 -6 -2 -5 -6 -4 -1 -1 -6 -5 -4    1   2   0   0   0   6  80   2   0   0   0   0   0   0   0   4   3   0   0   1  1.63 0.61
  126 A    3 -4 -2 -5  4 -4 -4 -2  0 -4 -4 -4 -4  2 -5 -3 -4  6  6 -3   33   0   2   0  10   0   0   3   2   0   0   0   0   7   0   0   0  11  33   0  1.14 0.47
  127 D   -3 -4 -2  6 -5 -3 -1 -4 -4 -4 -5 -1 -4 -5 -4 -1  4 -6 -5 -1    0   0   0  59   0   0   2   0   0   0   0   3   0   0   0   3  27   0   0   4  1.32 0.50
  128 I   -1 -3 -5 -6 -3 -3 -5 -6 -1  4  0 -5 -1 -3 -5 -4 -3 -5 -2  5    3   1   0   0   0   1   0   0   2  30   6   0   0   0   0   0   0   0   1  55  1.10 0.43
  129 N   -2  1  4  4 -4 -1  0  0  1 -3 -4  0 -4 -4  2 -1 -2 -4  0 -3    1   8  26  24   0   0   3   6   3   2   0   6   0   0  10   3   1   0   3   1  0.53 0.26
  130 Y   -2 -1 -3  0 -3 -2 -2 -3 -2 -1 -1 -1 -2 -1  2  0  4 -2  5 -1    1   2   0   6   0   1   1   1   0   2   6   2   0   1   9   8  30   0  25   4  0.51 0.31
  131 V   -1  2  0  0 -4  0 -2 -2 -1 -2 -3  0 -3 -2  5  0  1 -4  0  0    3  11   5   4   0   3   1   3   1   1   1   4   0   1  33   4  11   0   4   8  0.53 0.24
  132 S   -1  1  1 -2  4 -1 -3  5 -3 -4 -3  0 -3 -4 -2  1 -2 -4 -4 -2    3  10   7   1   9   2   1  46   0   0   3   4   0   0   2   9   1   0   0   2  0.63 0.28
  133 G    1  0  0 -1 -3 -1  0  4  0 -4 -3  0 -3 -4 -1  1  0 -4 -3 -2   11   4   5   1   0   1   6  40   2   0   1   6   0   0   2  11   5   0   0   2  0.47 0.22
  134 F   -1  2  1  0 -2 -1 -1  0  4 -1 -1  0  1  0 -2  0 -1 -3  1 -2    2  16   8   6   1   1   1   9  13   4   5   4   6   4   1   9   3   0   5   1  0.16 0.14
  135 R   -2  7  0 -2 -5  0 -1 -4  0 -4 -4  0 -3 -4 -2  1 -1 -5 -3 -3    2  68   4   1   0   3   1   0   2   0   0   1   0   0   1  10   2   0   0   1  1.13 0.39
  136 N   -2  1  2  1 -4 -1 -2  5 -3 -5 -5 -1 -4 -5 -3  1 -1 -5 -4 -4    0   7  12   9   0   2   1  53   0   0   0   2   0   0   0  11   4   0   0   0  0.81 0.28
  137 A    4 -2  0 -1 -3  0 -1  1 -1 -1 -3  0 -3 -4  2  1  0 -4 -3 -2   45   0   4   2   0   3   2  11   1   4   0   5   0   0   8   8   6   0   0   1  0.40 0.21
  138 D   -1  4  0  3 -4  1  1 -2  0 -3 -2  2 -1 -2 -3 -2 -2 -4  0 -3    5  25   2  22   0   6   8   2   2   0   4  16   1   1   0   0   1   0   4   1  0.41 0.19
  139 R   -4  8 -3 -4 -6  0 -3 -2  2 -6 -5  0 -4 -5 -5 -3 -4 -5 -4 -5    0  86   0   0   0   4   0   3   4   0   0   3   0   0   0   0   0   0   0   0  1.88 0.53
  140 L   -3 -1 -5 -5 -3 -4 -4 -5 -4  5  4 -4  1  1 -4 -2 -2 -4 -2  1    0   3   0   0   0   0   0   0   0  38  39   0   2   5   0   4   0   0   0   8  0.71 0.27
  141 V   -3 -5 -5 -5  1 -4 -5 -5 -5  4  2 -4 -1 -2 -5 -4 -2 -4 -3  5    0   0   0   0   3   0   0   0   0  31  20   0   0   0   0   0   0   0   0  46  0.94 0.32
  142 Y   -2 -1 -3 -4  2 -2 -4 -3 -2  0 -1 -3 -1  3 -4 -2  2  1  6  0    2   3   0   0   5   1   0   1   0   6   4   0   1  14   0   1  17   2  36   7  0.66 0.27
  143 S    0 -3  0  0  1 -2 -2  3 -1 -4 -4 -2 -3 -4 -2  4  1 -4 -4 -3    3   0   3   4   4   0   0  29   1   0   0   0   0   0   1  46   8   0   0   2  0.70 0.30
  144 S   -1  0  4  0 -4  2  0  1 -1 -4 -4  0 -3 -4  1  2 -1 -5 -4 -3    4   6  22   5   0   9   6  12   1   1   1   4   0   0   7  18   3   0   0   1  0.40 0.23
  145 D   -2 -3  1  6 -3  0  1  1 -1 -5 -5 -2 -3 -5 -1  0  0 -6 -3 -4    2   1   6  51   0   3   8  10   1   0   0   1   1   0   3   7   5   0   1   1  0.90 0.37
  146 W   -1 -2 -1 -1 -2 -1 -2  6 -1 -4 -4 -3 -2 -3  0  1 -1  1 -3 -5    4   2   2   3   1   3   3  59   2   1   1   1   1   1   4   9   3   2   1   0  0.90 0.36
  147 L    0  0  0  0 -3  1  2 -3 -2 -1  2  0  1 -2 -1 -1 -1 -4 -3 -1    7   6   4   5   0   8  18   0   0   1  30   4   3   1   2   5   3   0   0   3  0.22 0.18
  148 I    0  1 -2 -2  3  0 -2 -4 -2  3  0 -1  0  0 -3 -2 -1  1  1  2    8  10   1   2   7   4   2   0   1  26   7   3   2   2   0   1   4   2   5  13  0.23 0.17
  149 Y   -6 -3 -6 -7 -6 -5 -6 -7 -3 -5 -5 -6 -1  4 -7 -6 -6  6  9 -5    0   1   0   0   0   0   0   0   0   0   0   0   1  13   0   0   0  10  74   0  2.64 0.78
  150 K   -4 -5 -5 -6 -5 -5 -5 -2 -2  1  0 -1 -3  1 -6 -3 -3  2  8  1    0   0   0   0   0   0   0   3   0   6  10   3   0   5   0   1   1   3  56  12  1.38 0.51
  151 T   -3 -5 -4 -5 -5 -4 -4 -5 -5 -5 -5 -4  0 -6 -5  2  7 -6 -5 -4    0   0   0   0   0   0   0   0   0   0   0   0   2   0   0  16  82   0   0   0  1.99 0.72
  152 T    1 -1  0  2 -3  0  0  0 -1 -2 -2  0 -2 -3  2  1  2 -4  0 -1   11   2   3  16   0   2   6   8   2   1   3   6   0   0   9   9  15   0   4   4  0.20 0.14
  153 D   -4 -5  1  8 -7 -4 -2 -5 -4 -7 -7 -4 -6 -7 -5 -2 -3 -8 -7 -7    1   0   6  89   0   0   0   0   0   0   0   0   0   0   0   2   1   0   0   0  2.33 0.65
  154 H   -5 -4  0  0 -7 -3 -4 -4 10 -7 -5 -2 -5 -5 -6 -5 -5 -6  0 -7    0   0   5   5   0   0   0   1  85   0   1   2   0   0   0   0   0   0   2   0  2.96 0.77
  155 Y   -5 -6 -6 -1 -6 -5 -6 -1 -2 -5 -5 -6 -5  0 -7 -5 -5 -2  9 -5    0   0   0   5   0   0   0   5   0   0   0   0   0   2   0   0   0   0  89   0  2.79 0.76
  156 A    2  2  1  0 -4  2  2 -2 -1 -3 -3  2 -2 -4 -2 -1 -1 -4 -3 -2   21  13   5   5   0  12  16   2   1   0   1  16   1   0   0   3   3   0   0   2  0.39 0.21
  157 T   -2 -3  1  0 -4 -3 -3 -4  2 -5 -5 -2 -4 -5 -4  5  5 -6 -4 -4    1   1   5   4   0   0   0   0   6   0   0   2   0   0   0  42  40   0   0   0  1.10 0.46
  158 F   -3 -6 -6 -7 -5 -6 -6 -6 -5 -3 -2 -6 -1  9 -7 -5 -1  0  0  0    2   0   0   0   0   0   0   0   0   0   2   0   1  83   0   0   4   1   0   6  2.16 0.61
  159 T   -1  2 -1 -1  2  1  1 -3  0  2 -1  1 -1 -1 -3 -1  1 -2  0  1    3  11   2   3   6   6   9   0   3  14   1   9   1   2   0   2  10   0   3  15  0.13 0.13
  160 R   -1  4 -2 -2 -5  2  3 -4 -1 -4 -1  2 -1 -2 -1 -1  0 -4 -3 -2    4  30   1   0   0   9  19   0   1   0   6  14   1   2   3   2   5   0   0   3  0.51 0.26
  161 I   -4 -5 -6 -6 -4 -5 -5 -6 -5  6  2 -5  3  0 -5 -5 -3 -5 -3  3    0   0   0   0   0   0   0   0   0  52  17   0   7   3   0   0   0   0   0  21  1.16 0.38
  162 R   -3  5 -2 -2 -5  3  3 -4  0 -5 -4  3 -3 -5 -3 -2 -3 -4 -3 -4    0  37   0   0   0  16  24   0   2   0   0  22   0   0   0   0   0   0   0   0  0.94 0.29

                      K         Lambda
Standard Ungapped    0.1317     0.3190
Standard Gapped      0.0424     0.2670
PSI Ungapped         0.1378     0.3081
PSI Gapped           0.0424     0.2670
