
Last position-specific scoring matrix computed, weighted observed percentages rounded down, information per position, and relative weight of gapless real matches to pseudocounts
           A  R  N  D  C  Q  E  G  H  I  L  K  M  F  P  S  T  W  Y  V   A   R   N   D   C   Q   E   G   H   I   L   K   M   F   P   S   T   W   Y   V
    1 M   -4 -4 -5 -6 -4 -3 -5 -6 -4 -1  2 -4 10 -2 -5 -4 -3 -4 -4 -2    0   0   0   0   0   0   0   0   0   0  18   0  82   0   0   0   0   0   0   0  2.08 0.46
    2 M    2  0 -2 -4 -3 -1 -3 -3 -2 -1 -1 -1  7 -2 -3 -1 -2 -1  0  1   21   6   2   0   0   2   0   1   1   1   1   4  40   1   1   4   1   1   3   9  0.62 0.28
    3 I   -2 -4 -3 -5  2 -2 -5 -5 -5  3  2 -4  5 -1 -5 -4 -2 -4 -3  4    1   0   2   0   4   2   0   0   0  19  17   0  16   1   0   0   1   0   0  37  0.80 0.29
    4 R   -5  7 -4 -5 -1  0 -3 -6  1 -4 -5  0 -4  1 -5 -4 -3 -2 -1 -2    0  75   0   0   1   3   0   0   4   1   0   4   0   6   0   0   1   1   2   3  1.64 0.49
    5 G    5 -5 -4 -4 -4 -4 -4  5 -5 -5 -5 -4 -5 -6 -4  0 -4 -6 -5 -3   44   0   0   0   0   0   0  49   0   0   0   0   0   0   0   5   0   0   0   2  1.35 0.43
    6 I   -4 -6 -6 -6 -4 -6 -6 -7 -6  7  2 -6 -2 -3 -6 -5 -4 -6 -4  4    0   0   0   0   0   0   0   0   0  61  14   0   0   0   0   0   0   0   0  25  1.50 0.44
    7 R   -6  9 -5 -6 -8 -3 -4 -7 -4 -7 -6 -2 -6 -7 -6 -5 -5 -7 -6 -7    0 100   0   0   0   0   0   0   0   0   0   0   0   0   0   0   0   0   0   0  2.89 0.77
    8 G   -2 -6 -4 -5 -6 -6 -6  8 -6 -8 -8 -5 -7 -7 -6 -4 -5 -6 -7 -7    3   0   0   0   0   0   0  97   0   0   0   0   0   0   0   0   0   0   0   0  2.50 0.66
    9 A    7 -5 -5 -6 -4 -5 -5 -1 -5 -5 -5 -5 -5 -6 -5 -3 -4 -6 -6 -4   97   0   0   0   0   0   0   3   0   0   0   0   0   0   0   0   0   0   0   0  2.10 0.66
   10 T   -3 -5 -2 -5 -1 -5 -5 -5 -5  4 -3 -5 -3 -4 -5 -3  6 -6 -5  3    0   0   1   0   1   0   0   0   0  24   0   0   0   0   0   0  54   0   0  19  1.31 0.48
   11 T   -3 -4 -2 -3  4  3 -4 -2 -5 -4 -5 -3 -4 -6 -5 -1  7 -6 -5 -2    0   0   1   1   9  14   0   4   0   0   0   1   0   0   0   3  65   0   0   2  1.40 0.52
   12 V    1 -5 -5 -5  4 -4 -5 -5 -5  2  1 -5 -2 -3 -5 -2 -2 -5 -4  5   12   0   0   0   9   0   0   0   0  12   9   0   0   0   0   3   1   0   0  53  0.93 0.35
   13 E   -1 -2  0  2 -4  1  4 -2 -1 -4 -3  0 -2 -5  0  2  1 -5 -4 -3    3   1   3  13   0   4  35   3   1   1   3   5   1   0   4  14   8   0   0   2  0.51 0.31
   14 R    2  3  0  0 -1  1  4 -2  0 -4 -3  1 -2 -4 -3  0 -1 -4 -2 -1   17  15   4   4   1   4  28   2   2   0   1   7   1   0   0   4   4   0   1   4  0.38 0.25
   15 D   -6 -5  8  6 -7 -4 -3 -5 -4 -7 -8 -4 -7 -7 -6 -4 -4 -8 -6 -7    0   0  63  37   0   0   0   0   0   0   0   0   0   0   0   0   0   0   0   0  2.24 0.80
   16 T   -2 -1  0  2  0  0  3 -3 -1 -3 -5 -1 -4 -5 -4  2  4 -5 -4 -2    1   2   4  13   2   2  21   1   2   1   0   2   0   0   0  17  30   0   0   2  0.63 0.38
   17 E    2  2 -3 -1 -2  0  2 -3 -3 -1 -3  2 -3 -4  3 -1 -1 -5 -2  0   21  12   0   2   1   2  15   1   0   4   1  14   0   0  12   4   3   0   1   8  0.32 0.24
   18 E   -1 -1 -1  2 -3  1  5  0 -3 -3 -4  1 -3 -5 -2 -1 -1 -5 -5 -2    5   2   2  10   1   6  49   7   0   1   1   7   1   0   1   2   3   0   0   2  0.74 0.39
   19 E    3 -3 -1  1 -5  1  5 -4  4 -3 -2 -2 -4 -3 -3 -1 -3 -5 -1 -3   26   0   3   8   0   5  36   0   9   1   3   0   0   1   1   4   0   0   2   1  0.68 0.39
   20 I   -5 -6 -7 -7 -5 -6 -7 -7 -7  7  0 -6  4 -4 -6 -6 -4 -6 -5  2    0   0   0   0   0   0   0   0   0  73   5   0  12   0   0   0   0   0   0  10  1.85 0.67
   21 L   -1  1 -2  0 -2  0  0 -2  0  1  2 -1  0  0 -3 -1 -1  3  0  0    4  12   0   6   1   3   8   2   2   9  25   2   1   3   0   4   4   5   3   7  0.13 0.14
   22 Q    1  0 -1  2 -2  2  4 -2  0 -3 -3  1 -3 -5 -3  1 -1 -5 -4 -3   14   5   2  10   1   9  31   1   3   1   1   6   0   0   0  11   3   0   0   2  0.47 0.29
   23 K    5  0  0 -2 -1  1  0 -1 -2 -3 -5  0 -4 -5 -4  0 -2 -5 -5 -3   58   6   4   2   1   5   6   4   1   1   0   5   0   0   0   4   1   0   0   1  0.77 0.43
   24 T   -1 -5 -4 -5 -4 -5 -5 -5 -6 -1 -4 -5 -3 -5 -5  0  6 -6 -5  5    5   0   0   0   0   0   0   0   0   2   0   0   0   0   0   5  52   0   0  36  1.34 0.61
   25 K    0  2 -1 -2  1  1  1 -1  0  0 -1  2 -1 -2 -3  0  1 -4 -2  0    9  13   2   1   3   8   8   5   2   5   3  14   1   1   0   7  10   0   1   7  0.14 0.13
   26 Q    0  1  1  0 -3  1  0  0 -2  0  0  0  1 -2 -3  0  0  4 -2  0    7   7   7   7   0   7   7   7   0   7   7   7   7   0   0   7   7   7   0   7  0.10 0.13
   27 L   -3 -5 -6 -7 -4 -5 -6 -7 -6 -1  6 -5  3 -3 -6 -5 -4 -5 -4 -2    2   0   0   0   0   0   0   0   0   1  91   0   7   0   0   0   0   0   0   0  1.68 0.53
   28 L   -3 -4 -5 -6  1 -4 -5 -6 -4  2  5 -5  3  2 -5 -4 -3 -1  2  2    1   0   0   0   3   0   0   0   0   8  54   0   8   7   0   0   0   1   6  12  0.83 0.32
   29 E    0  1  1  3 -3  2  2 -2  0 -3 -2  0 -1 -3 -2  1  2 -4 -3 -2    6   8   5  17   0   8  15   1   2   1   4   6   1   1   1   9  14   0   0   2  0.27 0.15
   30 K    2  0 -2 -1 -2  2  5 -2 -1 -4 -2  1 -2 -5 -3  0 -1 -5 -4 -2   19   4   0   2   1   8  40   3   1   0   3   9   1   0   0   5   3   0   0   2  0.53 0.27
   31 I   -4 -5 -6 -6 -4 -4 -5 -6 -5  5  3 -5  6 -1 -5 -5 -3 -5 -4  2    0   0   0   0   0   0   0   0   0  42  26   0  21   1   0   0   1   0   0   9  1.14 0.39
   32 I   -2 -4 -4 -3  0 -2  1 -5 -3  3  3 -3  3  0 -4 -3 -2 -4 -2  2    2   0   0   0   2   2  13   0   0  22  29   0   8   4   0   0   1   0   0  18  0.49 0.23
   33 E    0  2  0  0 -3  1  3 -2  0 -2 -3  2 -2 -4 -3  1  0 -4 -3 -2    9  14   4   4   0   6  26   1   2   2   2  12   1   0   0   9   6   0   0   2  0.35 0.19
   34 E    1  4 -1 -2 -3  2  2 -3  1 -3 -2  1 -2 -4 -3 -1 -1 -4 -2 -2   15  31   2   0   0   9  17   0   3   1   4   9   1   0   0   1   2   0   1   3  0.48 0.24
   35 N   -5 -4  9 -2 -7 -4 -4 -4 -3 -7 -7 -4 -6 -7 -6 -3 -4 -8 -6 -7    0   0 100   0   0   0   0   0   0   0   0   0   0   0   0   0   0   0   0   0  2.86 0.77
   36 H   -1  0  2  2 -3  3  2  2  0 -4 -4  2 -3 -5 -2  1 -2 -5 -4 -4    5   3  12  14   1  14  12  16   2   0   0  12   0   0   1   8   0   0   0   0  0.41 0.20
   37 T   -3 -5 -6 -6 -2 -5 -5 -6 -5  5  4 -5 -1  0 -5 -5 -3 -4 -3  2    1   0   0   0   1   0   0   0   0  34  49   0   0   3   0   0   1   0   0  10  1.02 0.36
   38 K    0 -1  1  3 -2  2  1 -2  1 -2 -3  2 -2 -4 -1  1  1 -4 -3 -1    6   2   7  17   1  10  10   1   4   3   1  14   0   0   1  10   9   0   0   4  0.26 0.15
   39 P    0 -1 -2 -3 -4 -2  1 -2 -2 -1 -2  0 -2 -2  5  0  0 -5 -3  0   10   3   1   0   0   0  13   2   1   4   4   5   0   1  35   6   6   0   1   7  0.57 0.23
   40 E    0 -1  0  4 -5  0  5 -3 -2 -5 -5  0 -3 -5 -2  0  0 -5 -3 -4    6   1   2  23   0   3  42   1   1   0   0   6   1   0   1   6   5   0   1   0  0.76 0.31
   41 D   -3 -2  1  7 -4  2  2 -4 -2 -5 -5 -2 -4 -6 -4 -2 -3 -3 -4 -5    1   2   5  64   0   9  13   0   0   0   1   1   0   0   0   2   0   0   0   1  1.37 0.44
   42 V   -3 -5 -6 -6 -4 -5 -5 -6 -6  6  2 -5  2 -1 -5 -5 -3 -5 -4  4    0   0   0   0   0   0   0   0   0  51  17   0   4   1   0   0   0   0   0  26  1.18 0.39
   43 V    2 -4 -4 -4  1 -4 -3  0 -2  4  0 -4 -1 -2 -4 -1 -1 -5 -3  4   18   0   0   0   3   0   1   7   1  28   4   0   0   1   0   4   2   0   0  32  0.52 0.26
   44 Q    1 -4  0 -3  1  1 -2 -3 -1 -5 -5 -3 -3 -1 -4  6 -1 -2 -4 -4    8   0   3   0   3   5   1   0   1   0   0   0   1   3   0  73   1   1   0   0  1.20 0.49
   45 M    1 -5 -5 -5  0 -4 -5 -5 -5  5  0 -4  1 -2 -4 -3 -2 -5 -3  5   13   0   0   0   2   0   0   0   0  34   7   0   3   1   0   0   1   0   0  40  0.84 0.31
   46 L   -3 -4 -4 -5 -4  0 -4 -5  0  4  2 -4 -1  4 -5 -3  2  5 -1  0    0   0   0   0   0   6   0   0   3  30  16   0   0  19   0   0  15   8   1   1  0.65 0.28
   47 L   -4 -6 -6 -6  0 -6 -6 -6 -5  3 -1 -6 -1  8 -6 -5 -3 -2  0 -2    1   0   0   0   2   0   0   0   0  16   2   0   1  75   0   0   2   0   0   2  1.87 0.52
   48 S   -2 -4 -3 -4 -4 -3 -3 -3 -4 -4 -5 -3 -4 -5 -4  4  6 -6 -5 -3    0   0   0   0   0   0   0   1   0   0   0   0   0   0   0  38  60   0   0   0  1.48 0.52
   49 A    3 -4 -4 -4  3 -1 -4 -4 -4  0 -1 -3  2 -3 -4 -1  1 -5 -3  5   23   0   0   0   6   3   0   0   0   0   3   0   7   0   0   3   9   0   0  45  0.63 0.30
   50 T   -3 -5 -3 -4 -4 -4 -4 -5 -5 -4 -5 -4 -4 -6 -4 -1  8 -6 -5 -3    0   0   0   0   0   0   0   0   0   0   0   0   0   0   0   3  97   0   0   0  2.23 0.67
   51 P    0  1  0  1 -4  1  1 -2  0 -4 -4  2 -3 -5  5  1 -1 -5 -4 -3    7   8   4   7   0   4  10   2   2   0   0  14   0   0  30   9   2   0   0   1  0.59 0.22
   52 D   -5 -5 -1  8 -7 -4 -1 -5 -4 -7 -7 -4 -7 -7 -5 -4 -4 -8 -7 -7    0   0   1  97   0   0   2   0   0   0   0   0   0   0   0   0   0   0   0   0  2.55 0.66
   53 L   -4 -5 -6 -6 -4 -5 -6 -6 -6  4  5 -5 -1 -2 -3 -5 -4 -4 -4  0    0   0   0   0   0   0   0   0   0  25  72   0   0   0   1   0   0   0   0   2  1.30 0.42
   54 H   -3  0  4  5 -3 -1 -1 -3  4 -4 -4  0 -4 -3 -4  0  3 -5 -3 -3    0   4  20  31   0   1   1   0  10   0   0   6   0   1   0   3  20   0   0   2  0.71 0.30
   55 A    5 -2 -3 -3 -1 -1 -3 -3 -4 -4 -4  0 -3 -5 -3  3 -1 -5 -4 -1   61   1   0   1   1   2   0   0   0   0   1   5   0   0   0  25   1   0   0   3  0.95 0.39
   56 V    2 -1 -2  1  3 -1  1 -1 -3  1 -1 -1  0 -3 -3 -1  1 -4 -1  1   27   3   0   8   6   1  12   5   0   8   6   1   2   0   0   2   8   0   2   9  0.16 0.13
   57 F   -5 -5  3 -5 -5 -5 -6 -6 -1 -3 -3 -5 -3  8 -6 -5 -5 -2  4 -3    0   0  13   0   0   0   0   0   1   0   0   0   0  73   0   0   0   0  11   1  1.97 0.54
   58 P   -2 -5 -5 -5 -6 -5 -4 -5 -5 -6 -6 -4 -6 -7  9 -4 -4 -7 -6 -5    3   0   0   0   0   0   0   0   0   0   0   0   0   0  95   0   0   0   0   0  2.96 0.68
   59 A    6 -4 -4 -5 -3 -4 -4  0 -5 -3 -4 -4 -4 -5  0  0 -2 -5 -5 -3   85   0   0   0   0   0   0   6   0   1   0   0   0   0   4   3   1   0   0   0  1.41 0.49
   60 K    3  0 -2 -2 -3  0  0 -2 -2 -2 -1  3 -2 -3 -3  1  1 -4 -1  0   29   5   0   0   0   4   6   0   0   1   7  20   0   1   0   8  10   0   2   8  0.26 0.18
   61 A    5 -3 -4 -4 -3 -4 -3  0 -4  3 -2 -4 -2 -1 -2 -1 -2 -5 -1  0   60   1   0   0   0   0   1   5   0  17   2   0   0   3   1   2   1   0   2   3  0.80 0.38
   62 V    5 -4 -5 -5 -2 -4 -4 -3 -5  1  2 -4  0 -2 -4 -2 -3 -5 -4  1   56   0   0   0   1   0   0   0   0   7  22   0   2   1   0   0   0   0   0  11  0.83 0.38
   63 R   -3  8 -4 -5 -7 -3 -4 -6 -4 -7 -6 -1 -5 -7 -6 -4 -5 -7 -6 -6    2  98   0   0   0   0   0   0   0   0   0   0   0   0   0   0   0   0   0   0  2.66 0.76
   64 E   -1  3  0 -1 -4  3  4 -2  1 -4 -3  3 -2 -4 -2  0 -1 -4 -3 -2    3  14   3   2   0  15  26   2   4   0   1  17   0   1   1   6   3   0   0   2  0.50 0.24
   65 L   -1  2  0 -3  0 -1 -2 -1 -1  2  3 -1  3  0 -4 -2 -1 -2 -2  0    4  16   4   1   2   1   1   4   1  11  30   3   8   4   0   1   3   0   1   3  0.22 0.16
   66 S    0 -1  0  0 -2 -1  0  0  0 -1 -1  0  0  1  4  0 -1 -2 -1 -1    7   3   4   7   1   2   8   9   2   3   8   4   3   6  20   4   3   0   2   2  0.18 0.07
   67 G   -2 -1  1  0 -2 -2 -2  6  1 -5 -3 -2 -4  0 -4 -2 -4 -5 -2 -5    0   3   7   4   1   1   1  67   3   0   2   3   0   5   0   1   0   0   1   0  1.11 0.38
   68 W   -1 -5 -6 -6 -1 -3 -5 -4 -5  1  1 -5  2  3 -6 -5 -3 10  1 -2    6   0   0   0   1   1   0   1   0   8  16   0   5  12   0   0   1  45   4   1  1.69 0.48
   69 Q   -1 -1  1  3 -2  1  1  0  0 -2 -2  1 -2 -4 -2  0  2 -4 -3  0    3   1   7  23   0   7   9   5   2   1   3   7   0   0   1   7  16   0   0   8  0.28 0.17
   70 Y   -1 -1  3  3 -3  0  1 -2  2 -3  0 -1 -1 -1 -3  1  0  0  3 -3    2   2  18  18   0   3   7   2   5   1   9   3   1   1   0  11   4   1  11   0  0.28 0.18
   71 V   -1 -5 -5 -6  1 -5 -5 -6 -6  2 -1 -5 -2 -4 -5 -4  2 -5 -4  6    3   0   0   0   2   0   0   0   0   9   3   0   0   0   0   0  13   0   0  71  1.23 0.45
   72 P    3 -5 -5 -5 -5 -4 -4 -2 -5 -5 -6 -4 -5 -6  8 -1 -4 -7 -6 -2   23   0   0   0   0   0   0   2   0   0   0   0   0   0  69   3   0   0   0   3  1.99 0.57
   73 V   -3 -5 -6 -6 -4 -4 -5 -6 -5  1  5 -5  3  1 -5 -5 -3 -4 -2  2    1   0   0   0   0   0   0   0   0   6  67   0   8   4   0   0   0   0   1  13  1.07 0.38
   74 T   -4 -4 -5 -6 -4 -4 -5 -6 -4  2  3 -4  7  4 -5 -4 -2  0 -2 -1    0   0   0   0   0   0   0   0   0  13  33   0  32  18   0   0   2   1   0   1  1.05 0.39
   75 C   -2 -4 -2  4  9 -4 -4 -1  1 -5 -5 -4 -5 -5 -5 -1 -2 -6 -5 -3    2   1   2  27  54   0   0   6   3   0   0   0   0   0   0   4   1   0   0   1  1.73 0.52
   76 M    3 -3 -2 -4  4 -3 -3 -2 -3 -1  0 -3  4  1 -3  1  0 -3 -2  1   30   0   2   0   8   0   0   2   0   1   9   0  14   8   0   8   6   0   0  12  0.36 0.23
   77 Q   -1  2  1 -3 -2  6  0 -3  1 -3 -1 -1 -1 -4 -3 -1  0 -4 -1 -2    3  12   5   0   1  48   2   1   3   0   8   1   1   0   0   2   7   0   2   2  0.73 0.35
   78 E   -3 -3 -3 -2 -6  4  7 -5  0 -6 -6 -2 -4 -6 -4 -3 -4 -6 -5 -4    2   0   0   0   0  22  74   0   1   0   0   0   0   0   0   0   0   0   0   1  1.69 0.57
   79 M   -1 -4 -5 -5  0 -4 -5 -5 -5  4  1 -3  7 -3  1 -3 -2 -5 -4  0    6   0   0   0   2   0   0   0   0  28   9   1  40   0   9   1   1   0   0   4  1.02 0.41
   80 D    1 -2  1  3 -2 -1  1 -2  3 -3 -3 -1 -2 -2  3  0 -2 -4  2 -2   11   1   9  22   1   1   7   2   8   1   1   2   1   1  15   6   1   0   8   3  0.36 0.19
   81 V   -2 -2 -3 -6 -4 -5 -5 -6 -5  3 -1 -5  0 -1 -5 -4 -3 -1 -1  6    1   2   1   0   0   0   0   0   0  14   1   0   2   3   0   1   0   1   2  72  1.21 0.45
   82 T   -1 -1 -1  1 -5  0  3 -4 -2 -3 -3  1 -4 -5  5 -1 -1 -2 -4 -2    5   1   3   7   0   3  24   0   1   1   1  10   0   0  32   3   4   1   0   4  0.71 0.28
   83 G   -2 -3  3  1 -2 -2 -2  6  2 -6 -6 -1 -5 -5 -3 -2 -3 -5 -5 -5    1   1  16   8   1   1   2  61   5   0   0   3   0   0   1   1   1   0   0   0  1.14 0.39
   84 G    3 -2 -2  1 -3 -3 -2  1 -3 -4 -4 -3  0 -5 -3  5 -1 -5 -2 -4   24   1   0   9   0   0   1  11   0   0   0   0   3   0   0  49   1   0   1   0  0.76 0.37
   85 L   -3 -3 -5 -5 -3 -2 -4 -5 -5  1  5 -4  4 -2  1 -2 -2 -4 -3  0    0   1   0   0   0   1   0   0   0   4  70   0  11   0   7   3   1   0   0   2  0.95 0.35
   86 K   -1  0  0  0 -3  1  2 -2 -2 -4 -4  1 -2 -5  6  0 -2 -5 -4 -3    3   4   5   4   1   7  17   2   1   0   1   9   1   0  40   4   1   0   0   1  0.82 0.27
   87 K   -2  5 -1 -3 -5  0 -2 -2  1 -4 -1  4  2 -1 -4 -2 -3 -4 -1 -3    1  41   2   0   0   3   0   3   3   0   5  27   8   3   0   2   0   0   2   0  0.71 0.28
   88 C   -2 -6 -5 -6 10 -5 -6 -5 -6  0 -3 -5  0 -5 -5 -2  0 -5 -5  2    2   0   0   0  68   0   0   0   0   6   0   0   3   0   0   1   5   0   0  16  2.07 0.50
   89 I   -4 -5 -6 -6 -4 -5 -6 -6 -6  7  0 -5 -1 -3 -5 -5 -3 -5 -4  3    0   0   0   0   0   0   0   0   0  79   4   0   0   0   0   0   0   0   0  17  1.53 0.44
   90 R   -4  8 -3 -5 -7 -2 -3 -5 -3 -6 -5 -1 -4 -6 -5 -4 -4 -6 -5 -6    0 100   0   0   0   0   0   0   0   0   0   0   0   0   0   0   0   0   0   0  2.42 0.61
   91 V   -1 -4 -5 -5  1 -4 -4 -5 -4  3  2 -4  1  2 -4 -3 -1 -3 -2  5    2   0   0   0   3   0   0   0   0  16  17   0   3  12   0   0   2   0   0  46  0.67 0.25
   92 M   -2 -4 -5 -3 -3 -3 -4 -5 -4  0  5 -4  6 -2 -5 -4 -3 -4 -3  0    3   0   0   2   0   0   0   0   0   2  60   0  29   0   0   0   0   0   0   3  1.10 0.36
   93 M    2 -4 -4 -4 -2 -3 -4 -4 -4  4  2 -3  4 -1 -4 -2 -2 -4 -3  3   18   0   0   0   0   0   0   0   0  28  13   0  14   2   0   0   0   0   0  23  0.54 0.22
   94 T   -3 -3 -1 -4 -4  1 -3 -4  8 -2  0 -3 -1  2 -4 -2  1 -3  2 -2    0   0   1   0   0   6   0   0  48   2  12   0   1   8   0   1  12   0   6   2  1.01 0.35
   95 V    1 -4 -4 -4  2 -4 -4 -4 -4  2  0 -4 -1  0 -4 -2  0  3  2  4   13   0   0   0   5   0   0   0   0  14   4   0   0   4   0   0   6   4   7  44  0.52 0.23
   96 Q   -3 -1  6  2 -4  0  2 -3  1 -2 -3 -1 -3 -3 -4 -2 -1  2  3 -4    1   2  44   9   0   3  15   0   3   3   2   1   0   0   0   0   2   3  12   0  0.71 0.28
   97 T   -1 -1 -2 -2  2 -2 -3  0 -3  0  1 -1  0 -2 -3  1  5 -1 -1 -1    3   2   0   1   4   1   0   6   0   3  13   2   3   1   0  11  45   1   2   2  0.41 0.22
   98 D   -1 -2  1  4 -2  0  2 -1  2 -4 -4 -1 -3 -3  4  0  0 -4 -2 -3    3   1   5  28   1   3  14   3   6   0   1   3   0   1  19   6   4   0   1   1  0.51 0.18
   99 V    0  2  0 -1 -1  1  0 -2 -1 -1  0  3  0 -2 -2 -1  0 -3 -2  0    7  12   4   2   2   5   6   2   1   3  11  25   2   1   1   3   7   0   0   5  0.16 0.10
  100 P    0 -1 -1  1 -2  0  0 -1 -2 -4 -2  1 -3 -4  4  2  0 -5 -4 -3    9   3   2  10   1   2   6   3   1   0   3  11   0   0  24  20   4   0   0   1  0.47 0.21
  101 Q   -1  2  1  0 -4  6  0 -1  1 -3 -2  1 -3 -3  0 -2 -2 -4 -3 -3    3  11   6   3   0  42   4   5   3   1   4   9   0   1   4   1   1   0   0   1  0.63 0.29
  102 D    1  1  0  1 -3  1  1 -2  3 -2 -3  2 -1 -2 -1  1  1 -2 -2 -1   12   7   5   7   0   5   8   2   9   1   1  14   1   1   1  13   9   0   1   3  0.19 0.12
  103 Q    0 -1  0  2 -4  2  5 -2 -1 -4 -4  1 -3 -4  1 -1 -1 -4 -4 -3    7   1   3  13   0   8  43   2   1   0   1   7   0   0   8   2   2   0   0   1  0.63 0.26
  104 I   -2 -5 -5 -5 -3 -4 -5 -5 -5  6  0 -4  2 -2  2 -3 -3 -5 -3  4    1   0   0   0   0   0   0   0   0  49   5   0   5   1  10   1   0   0   0  27  0.95 0.34
  105 R   -1  2  0 -2  0  2  1 -3  4 -1 -3  3 -2 -3 -3 -1 -1 -2  0 -1    5  14   5   1   3  13   7   0  12   5   1  19   0   0   0   4   2   0   4   5  0.31 0.18
  106 H   -4 -4 -1 -5 -1 -3 -4 -6 11 -6 -6 -4 -5  0 -1 -4 -5 -5  1 -6    1   0   2   0   2   0   0   0  84   0   0   0   0   4   3   1   0   0   3   0  2.82 0.73
  107 V   -2 -4 -5 -5 -2 -2 -4 -5 -5  3 -1 -3 -2 -3  2 -3 -1 -5 -4  6    2   1   0   0   1   2   0   0   0  19   2   1   0   0  11   2   2   0   0  59  0.98 0.38
  108 Y   -6 -6 -6 -7 -1 -5 -6 -7  1 -5 -5 -6 -5  2 -7 -6 -5 -1 10 -5    0   0   0   0   1   0   0   0   2   0   0   0   0   4   0   0   0   0  92   0  2.97 0.78
  109 L   -4 -2 -6 -6 -4 -2 -5 -6 -1  1  6 -5  2 -2 -6 -5 -3 -4 -4 -1    0   2   0   0   0   2   0   0   2   5  82   0   4   0   0   0   1   0   0   2  1.31 0.45
  110 E   -3  5  2  0 -5 -1  0  2  2 -5 -5  2 -4 -3 -4 -2 -3 -5 -2 -5    0  38  10   4   0   1   7  20   5   0   0  13   0   1   0   1   0   0   1   0  0.74 0.31
  111 K    0  0  1  1 -3  0  2  4  0 -5 -5  1 -4 -5 -3 -2 -3 -5 -4 -4    7   6   7   9   1   4  16  38   3   0   0  10   0   0   0   0   0   0   0   0  0.60 0.26
  112 V    7 -5 -5 -5 -4 -4 -4 -2 -5 -5 -5 -4 -4 -6 -4 -1 -1 -6 -5 -3   95   0   0   0   0   0   0   1   0   0   0   0   0   0   0   1   3   0   0   1  1.82 0.61
  113 V    1  2 -2 -2 -3  1  1 -2 -2  0 -3  3 -1 -4 -3  0  0 -4 -3  1   14  10   1   0   0   8  11   2   1   5   0  22   1   0   0   6   5   0   0  15  0.26 0.18
  114 V    1  2  2 -1 -1  1 -1 -1  0 -1 -2  2 -1 -3 -3  0  0 -4 -3  1   14  12  13   3   1   5   1   2   2   2   3  15   2   0   0   4   5   0   0  16  0.17 0.14
  115 L   -5 -5 -6 -3 -4 -5 -6 -7 -6 -1  7 -6 -1 -3 -6 -6 -4 -5 -4 -2    0   0   0   2   0   0   0   0   0   0  98   0   0   0   0   0   0   0   0   0  1.84 0.57
  116 R   -5  9 -4 -5 -7 -3 -4 -6 -4 -7 -6 -1 -5 -7 -6 -4 -5 -6 -5 -6    0 100   0   0   0   0   0   0   0   0   0   0   0   0   0   0   0   0   0   0  2.71 0.74
  117 P   -2 -1 -4 -3 -6 -3 -2 -5 -5 -5 -2  1 -5 -6  8 -2 -1 -6 -6 -4    2   3   0   1   0   1   2   0   0   0   4  11   0   0  70   3   3   0   0   0  1.82 0.52
  118 D   -5 -5 -2  8 -7 -4  0 -5 -4 -7 -7 -4 -7 -7 -5 -3 -4 -8 -7 -7    0   0   0  95   0   0   4   0   0   0   0   0   0   0   0   1   0   0   0   0  2.49 0.66
  119 L   -4  1 -5 -6 -4 -4 -5 -6 -4  3  5 -4  0  0 -5 -4 -3  6 -1 -1    0  11   0   0   0   0   0   0   0  15  56   0   1   3   0   0   0  12   2   1  0.95 0.35
  120 S    3 -2  1 -2 -1  0 -1  0  0 -3 -3 -1 -3 -2 -3  3  1 -4 -3 -1   33   1   6   1   1   4   3   4   2   0   1   1   0   2   0  31   7   0   0   5  0.42 0.22
  121 L    0 -1 -2 -1 -1 -1 -1 -2 -2  1  2  1  1  0 -3  1  0 -3  0  0    5   1   1   3   1   1   2   2   0   7  34  11   2   5   0  15   4   0   2   4  0.12 0.10
  122 T    2 -2 -1 -1 -2 -1  1 -2  0 -1 -2 -2 -2 -3  2  1  3 -4 -2  0   24   1   1   2   0   1   9   2   2   4   2   0   0   0   9  11  27   0   1   6  0.32 0.17
  123 K   -2  1  0  0 -5  5  1 -3 -2 -4 -3  4 -1 -5  1  0 -2 -4 -3 -4    2   5   2   4   0  31   7   0   0   0   1  33   1   0   8   5   0   0   0   0  0.69 0.25
  124 N    0 -1  3  2 -3  0  0  1 -2 -3 -4  1 -3 -4 -1  2  1 -4 -3 -2    3   1  20  15   0   1   2  10   0   0   0  12   0   0   2  24   6   0   0   2  0.36 0.13
  125 T    1 -2 -1 -1 -2 -1  1 -2 -2 -1  0 -1 -1 -3 -2  2  3 -3 -2  1   13   0   1   0   0   0  12   0   0   0  12   3   0   0   0  17  33   0   0  10  0.26 0.11
  126 E   -2 -1  2  4 -4  4  4 -2 -1 -4 -4  0 -2 -4 -2 -1 -1 -4 -3 -3    0   0   8  33   0  28  31   0   0   0   0   0   0   0   0   0   0   0   0   0  0.71 0.10
  127 L   -2 -3 -3 -4 -2 -2 -3 -4 -3  2  3 -3  3  3 -3 -2 -1 -1  0  2    0   0   0   0   0   0   0   0   0  10  39   0  20  16   0   0   0   0   0  14  0.35 0.04

                      K         Lambda
Standard Ungapped    0.1331     0.3184
Standard Gapped      0.0602     0.2670
PSI Ungapped         0.1965     0.3126
PSI Gapped           0.0602     0.2670
