
Last position-specific scoring matrix computed, weighted observed percentages rounded down, information per position, and relative weight of gapless real matches to pseudocounts
           A  R  N  D  C  Q  E  G  H  I  L  K  M  F  P  S  T  W  Y  V   A   R   N   D   C   Q   E   G   H   I   L   K   M   F   P   S   T   W   Y   V
    1 M   -3 -4 -4 -5 -3 -3 -4 -5 -4  3  3 -4  7 -2 -4 -4 -2 -4 -3  2    0   0   0   0   0   0   0   0   0  21  25   0  43   0   0   0   0   0   0  11  0.95 0.24
    2 K   -2  1  2 -1 -4  1  0 -3 -2 -4 -3  5 -3 -4 -3 -1  3 -5 -3 -3    0   6  10   1   0   3   3   0   0   0   1  47   0   0   0   2  25   0   0   0  0.71 0.24
    3 F   -5 -6 -6 -7 -5 -6 -6 -6 -4 -3 -2 -6 -3  9 -7 -5 -5 -2  1 -4    0   0   0   0   0   0   0   0   0   0   0   0   0 100   0   0   0   0   0   0  2.69 0.53
    4 N    0  1  2  0 -3  1  2 -1 -1 -3 -3  2 -2 -3 -2  2  1 -4 -1 -3    8   5  12   5   0   4  13   4   0   0   1  15   0   1   0  19  11   0   2   0  0.27 0.12
    5 E   -2 -3  0  5 -5  0  6 -4 -2 -5 -5 -1 -4 -5 -3 -1 -2 -5 -4 -5    2   0   4  30   0   3  55   0   0   0   0   1   0   0   0   4   1   0   0   0  1.16 0.32
    6 L   -4 -4 -6 -6 -4 -4 -5 -6 -5  1  6 -5  2  3 -5 -4 -3 -3 -2 -1    0   0   0   0   0   0   0   0   0   3  82   0   3  10   0   0   0   0   0   0  1.25 0.33
    7 N   -1 -3  4  0 -4  0  0  5 -1 -5 -5 -1 -3 -5 -1 -1 -2 -5 -4 -4    3   0  25   4   0   5   5  49   1   0   0   2   0   0   2   2   1   0   0   0  0.85 0.24
    8 L   -3 -4 -6 -6 -3 -4 -5 -6 -5  3  5 -5  0 -2 -5 -5 -3 -4 -3  1    0   0   0   0   0   0   0   0   0  16  77   0   0   0   0   0   0   0   0   7  1.17 0.31
    9 S    0 -2  1  1 -1 -1 -1 -2  0 -4 -4  0 -4 -4  0  5  0 -5 -3 -4    3   0   7   7   1   1   2   2   2   0   0   6   0   0   3  63   2   0   0   0  0.75 0.28
   10 A    0  0  0  2 -4  1  4 -3 -1 -4 -4  1 -3 -5  3  0 -1 -5 -4 -4    9   3   3  14   0   6  32   0   1   0   0  10   0   0  15   5   2   0   0   0  0.56 0.18
   11 D    0  0  1  2 -3  1  3 -2 -1 -4 -4  2 -3 -4  2  1 -1 -4 -3 -3    8   4   5  13   0   4  29   1   0   0   0  12   0   0   9  11   2   0   1   1  0.41 0.15
   12 L   -3 -4 -4 -5 -3 -4 -4 -5 -5  5  3 -4  1 -2 -4 -3  1 -4 -3  3    0   0   0   0   0   0   0   0   0  43  26   0   2   0   0   0   9   0   0  20  0.78 0.23
   13 L   -2 -3 -4 -4 -2  1 -2 -4 -4  1  4 -1  3 -1 -4 -3 -2 -4 -3  1    2   0   0   0   0   7   2   0   0   7  59   4   7   0   0   0   1   0   0  10  0.61 0.21
   14 A   -1  3  0 -1 -5  3  1 -3 -1 -4 -4  5 -3 -5 -3  0 -1 -5 -3 -4    3  18   4   3   0  15   6   0   1   0   1  43   0   0   0   4   2   0   0   0  0.73 0.23
   15 E    6 -4 -3 -4 -3 -3 -2 -1 -4 -3 -4 -3 -2 -5 -3  1  0 -5 -4 -2   79   0   0   0   0   0   1   2   0   0   0   0   1   0   0  11   5   0   0   1  1.12 0.34
   16 I   -2 -5 -5 -5 -3 -4 -5 -5 -5  5  3 -4  0 -2 -5 -4 -2 -4 -3  4    1   0   0   0   0   0   0   0   0  44  27   0   0   0   0   0   1   0   0  28  0.93 0.26
   17 E    0  0  1  2 -3  1  3 -2  0 -2 -2  2 -2 -3 -2  1  1 -4 -3 -1   10   2   5  10   0   3  27   1   3   1   4  14   0   0   0   8   8   0   0   4  0.28 0.12
   18 K   -1  2  1  4 -4  0  3 -2 -1 -4 -4  2 -3 -4 -3  0 -1 -5 -3 -4    4  10   7  27   0   2  23   1   1   0   1  17   0   0   0   4   2   0   0   0  0.56 0.18
   19 A    0 -3 -3 -5 -4 -2 -4 -4  0  0  1  0  8 -2 -4 -1 -3 -4 -3  0    6   0   1   0   0   0   0   0   3   3  11   7  56   0   0   6   0   0   0   6  1.04 0.33
   20 G   -2 -5 -2 -4 -5 -4 -5  7 -5 -7 -6 -4 -5 -6 -5 -3 -4 -5 -6 -6    0   0   1   0   0   0   0  98   0   0   0   0   0   0   0   0   0   0   0   0  2.17 0.43
   21 F   -5 -5 -6 -6 -5 -6 -6 -6 -3 -3 -2 -6 -3  8 -6 -5 -5 -1  5 -4    0   0   0   0   0   0   0   0   0   0   0   0   0  80   0   0   0   0  20   0  2.21 0.45
   22 V   -3 -3 -2  0 -5  0  7 -4 -3 -4 -4 -1 -4 -5 -4 -2  0 -5 -4 -1    1   0   0   2   0   0  80   0   0   1   0   2   0   0   0   1   6   0   0   6  1.36 0.37
   23 E   -2 -2 -1 -1 -5  1  6 -4 -1 -5 -5  1 -4 -4 -3  0  0 -5 -3 -4    2   0   2   1   0   3  71   0   1   0   0   8   0   0   0   5   6   0   1   1  1.16 0.33
   24 A    4 -4 -4 -4 -4 -3 -3 -3 -4 -4 -4 -3 -1 -5  7 -1  0 -5 -5 -3   38   0   0   0   0   0   0   0   0   0   0   0   2   0  54   2   4   0   0   0  1.49 0.35
   25 S   -2 -3 -2 -3 -3 -3 -3 -3 -4 -4 -4 -3 -3 -5 -3  4  6 -5 -4 -3    0   0   0   0   0   0   0   0   0   0   0   0   0   0   0  41  59   0   0   0  1.33 0.39
   26 P   -2 -4 -4 -3 -6  0 -2 -3 -3 -6 -6 -1 -5 -6  8 -3 -3 -6 -6 -5    2   0   0   1   0   5   1   1   1   0   0   3   0   0  86   0   1   0   0   0  2.40 0.46
   27 I   -4 -6 -6 -6 -4 -6 -6 -7 -6  8 -1 -6 -1 -3 -6 -5 -3 -5 -4  0    0   0   0   0   0   0   0   0   0 100   0   0   0   0   0   0   0   0   0   0  2.05 0.46
   28 Q   -4 -2 -3 -3 -6  9 -1 -5 -3 -6 -5 -2 -4 -6 -4 -3 -4 -5 -5 -5    0   0   0   0   0 100   0   0   0   0   0   0   0   0   0   0   0   0   0   0  2.51 0.57
   29 E    4 -1 -1 -1 -3  0  3 -2 -2 -3 -3  1 -2 -4 -3  2  0 -4 -3 -1   39   1   1   1   0   3  25   1   0   0   0   7   0   0   0  14   4   0   0   3  0.47 0.20
   30 Q    0  0 -2  0 -4  5  3 -2 -2 -3 -1  2  0 -4 -3 -1 -2 -4 -3 -3    8   2   1   3   0  31  25   2   0   0   8  16   3   0   0   1   0   0   0   0  0.57 0.22
   31 T    4 -3 -2 -3  1 -3 -3 -2 -3 -2 -3 -3 -3 -4 -3  2  5 -4 -4  0   35   0   0   0   3   0   0   1   0   1   0   0   0   0   0  17  38   0   0   4  0.73 0.26
   32 I   -4 -6 -6 -6 -4 -6 -6 -7 -6  8 -1 -5 -1 -3 -6 -5 -3 -5 -4  1    0   0   0   0   0   0   0   0   0  98   0   0   0   0   0   0   0   0   0   2  1.97 0.44
   33 P   -4 -4 -5 -4 -6 -4 -3 -5 -5 -5 -6 -4 -5 -7  9 -3 -3 -7 -6 -5    0   0   0   0   0   0   1   0   0   0   0   0   0   0  97   0   1   0   0   0  2.91 0.53
   34 L    0 -3 -3 -3 -1 -1 -2 -4  1  2  3 -2  1  0  0 -2 -1 -3  1  3    6   0   0   0   1   2   1   0   4  10  32   2   3   3   4   0   2   0   5  24  0.27 0.12
   35 A    3 -3 -3 -4 -2 -2 -3 -1 -4  2  2 -3  1 -1 -3 -1  0 -4 -3  2   30   0   0   0   0   1   1   3   0  17  22   0   4   1   0   2   4   0   0  15  0.34 0.15
   36 L   -3 -3 -5 -6 -3 -3 -4 -6 -4  1  5 -3  5 -1 -5 -4 -3 -4 -2 -1    0   1   0   0   0   1   0   0   0   3  76   1  16   0   0   0   0   0   0   1  1.17 0.31
   37 E    2 -1  0  1 -4  3  4 -3 -1 -4 -4  1 -2 -4 -3  1  0 -4 -3 -3   18   0   4   5   0  12  33   0   0   0   0  10   0   0   0  10   6   0   0   0  0.49 0.19
   38 G   -2 -3 -1 -2 -5 -4 -4  7 -3 -6 -6 -3 -5 -6 -5 -2 -4 -5 -6 -6    0   1   2   2   0   0   0  93   0   0   0   1   0   0   0   0   0   0   0   0  1.92 0.40
   39 K   -1  3  0 -1 -3  1  0 -2  2 -1 -2  4 -2 -1 -3 -1 -2 -4 -1 -1    3  19   4   2   0   3   3   2   7   3   2  40   0   2   0   1   0   0   2   4  0.46 0.18
   40 D   -5 -4 -1  8 -6 -3 -1 -4 -4 -6 -7 -4 -6 -7 -4 -3 -4 -7 -6 -6    0   0   1  99   0   0   0   0   0   0   0   0   0   0   0   0   0   0   0   0  2.42 0.49
   41 V   -2 -4 -5 -5 -3 -4 -5 -5 -5  4  2 -4  2 -2 -4 -4 -2 -4 -3  5    2   0   0   0   0   0   0   0   0  26  21   0   4   0   0   0   0   0   0  47  0.87 0.25
   42 I   -3 -5 -5 -5 -3 -5 -5 -6 -5  7  2 -5  0 -2 -5 -4 -1 -5 -3  2    0   0   0   0   0   0   0   0   0  76  13   0   1   1   0   0   3   0   0   6  1.30 0.33
   43 G    0 -5 -3 -4 -5 -4 -5  7 -5 -6 -6 -4 -5 -6 -5 -3 -4 -5 -6 -5    5   0   0   0   0   0   0  95   0   0   0   0   0   0   0   0   0   0   0   0  2.03 0.41
   44 Q   -4 -2 -3 -3 -6  9 -1 -5  1 -6 -4 -2 -2 -6 -4 -3 -3 -5 -4 -5    0   0   0   0   0  95   0   0   2   0   1   0   1   0   0   0   0   0   0   0  2.28 0.54
   45 A    7 -4 -4 -4 -3 -3 -3 -2 -4 -4 -4 -3 -4 -5 -3  0 -3 -5 -4 -3   98   0   0   0   0   0   0   0   0   0   0   0   0   0   0   2   0   0   0   0  1.66 0.43
   46 Q   -4 -1 -3 -3 -6  9  0 -5  0 -6 -5 -2 -3 -6 -3 -3 -4 -5 -4 -5    0   1   0   0   0  96   1   0   1   0   0   0   0   0   1   0   0   0   0   0  2.31 0.54
   47 T   -3 -4 -3 -4 -4 -4 -4 -5 -5 -4 -4 -4 -4 -5 -4 -1  8 -5 -5 -3    0   0   0   0   0   0   0   0   0   0   0   0   0   0   0   0 100   0   0   0  2.08 0.50
   48 G   -2 -5 -3 -4 -5 -4 -5  7 -5 -7 -6 -4 -5 -6 -5 -3 -4 -5 -6 -6    0   0   0   0   0   0   0 100   0   0   0   0   0   0   0   0   0   0   0   0  2.25 0.44
   49 T   -3 -4 -3 -4 -4 -3 -4 -4 -5 -4 -4 -3 -3 -5 -4 -1  8 -5 -4 -3    0   0   0   0   0   0   0   0   0   0   0   0   0   0   0   2  98   0   0   0  2.01 0.49
   50 G   -2 -5 -3 -4 -5 -4 -5  7 -5 -7 -6 -4 -5 -6 -5 -3 -4 -5 -6 -6    0   0   0   0   0   0   0 100   0   0   0   0   0   0   0   0   0   0   0   0  2.25 0.44
   51 K   -4  0 -3 -3 -6 -1 -2 -4 -4 -6 -5  8 -4 -6 -4 -3 -3 -6 -5 -5    0   0   0   0   0   0   0   0   0   0   0 100   0   0   0   0   0   0   0   0  2.07 0.48
   52 T   -3 -4 -3 -4 -4 -4 -4 -5 -5 -4 -4 -4 -4 -5 -4 -1  8 -5 -5 -3    0   0   0   0   0   0   0   0   0   0   0   0   0   0   0   0 100   0   0   0  2.08 0.50
   53 A    6 -4 -4 -4  0 -3 -3  0 -4 -3 -2 -3 -3 -4 -3 -1 -1 -5 -4 -1   83   0   0   0   1   0   0   6   0   0   4   0   0   0   0   0   3   0   0   2  1.16 0.34
   54 A    7 -4 -4 -4 -3 -3 -3 -2 -4 -4 -4 -3 -4 -5 -3  0 -2 -5 -4 -3   97   0   0   0   0   0   0   0   0   0   0   0   0   0   0   3   0   0   0   0  1.63 0.42
   55 F   -5 -6 -6 -7 -5 -6 -6 -6 -4 -3 -2 -6 -3  9 -7 -5 -5 -2  2 -4    0   0   0   0   0   0   0   0   0   0   0   0   0  96   0   0   0   0   4   0  2.54 0.50
   56 G    2 -4 -3 -4 -4 -4 -4  6 -4 -5 -5 -3 -3 -5 -4  0 -3 -5 -5 -5   18   0   0   0   0   0   0  76   0   0   0   0   1   0   0   6   0   0   0   0  1.46 0.33
   57 L   -1 -4 -5 -5 -2 -4 -5 -5 -5  6  4 -4  0 -1 -5 -3 -3 -4 -3  1    5   0   0   0   1   0   0   0   0  53  37   0   0   1   0   1   0   0   0   3  0.94 0.27
   58 P   -3 -5 -5 -5 -6 -4 -4 -5 -5 -5 -6 -4 -6 -7  9 -4 -4 -7 -6 -4    1   0   0   0   0   0   0   0   0   0   0   0   0   0  98   0   0   0   0   1  3.01 0.54
   59 T    0 -4 -4 -5 -2 -3 -4 -5 -4  4  3 -4  4 -2 -4 -3  1 -4 -2  2    6   0   0   0   1   0   0   0   0  33  29   0  13   0   0   0   9   0   0   9  0.62 0.21
   60 L   -3 -4 -5 -5 -2 -4 -5 -6 -5  5  4 -4  0 -2 -5 -4 -2 -4 -3  2    1   0   0   0   0   0   0   0   0  34  53   0   1   0   0   0   1   0   0  10  0.96 0.27
   61 E   -2 -2  2  1 -5  3  6 -3  0 -5 -5 -1 -3 -5 -3  1 -2 -5 -4 -4    2   0   9   7   0  12  57   0   1   0   0   0   1   0   0  10   1   0   0   0  0.98 0.30
   62 K   -1  3  2 -2 -4  1 -1 -2  2 -3 -2  5  1 -4 -3 -1 -1 -4 -3 -3    2  14  12   0   0   4   1   1   5   1   5  42   5   0   0   3   3   0   0   0  0.54 0.21
   63 I   -2 -5 -5 -5 -2 -4 -5 -5 -5  6  2 -4  1 -1 -5 -4 -2 -4 -3  4    1   0   0   0   0   0   0   0   0  50  17   0   3   2   0   0   1   0   0  26  0.92 0.26
   64 R   -2  0  2  6 -3 -1  2 -3 -1 -4 -4 -1 -3 -4 -2 -1 -1 -5 -4 -2    2   4   7  59   1   2   9   1   1   0   1   2   0   1   1   3   3   0   0   3  0.93 0.25
   65 T    0 -1 -1 -2 -1 -1 -1 -1 -1  0  0  0 -1 -1  4  0  2 -3 -2  0    6   3   1   1   1   1   4   3   2   5   8   7   0   3  27   4  14   0   0  10  0.33 0.12
   66 E   -1  1  3  2 -4  1  2 -1  0 -4 -4  3 -3 -4 -2  1  0 -4 -3 -3    3   5  14  13   0   5  13   4   3   0   0  21   0   0   0  13   6   0   0   0  0.38 0.14
   67 E   -1  0  4  2 -3  1  2 -1  0 -2 -2  1 -2 -1 -2  2  0 -4 -2 -2    4   3  23  10   0   8  12   2   1   2   3   7   0   3   1  17   3   0   0   2  0.29 0.13
   68 A   -2  3  1  0 -3  0  1  0  0 -4 -3  4 -2 -4  2 -1 -1 -4 -2 -3    1  17   8   3   0   3   9   7   3   0   1  31   0   0   9   3   2   0   1   0  0.41 0.15
   69 T    1  0  2  0 -2  1  0  1  2 -2 -2  2 -2 -2 -2  1  0 -2  0 -1   13   5  11   6   0   5   5   9   8   1   1  15   1   2   0   8   4   1   2   4  0.15 0.07
   70 I   -2 -4 -4 -5 -3 -4 -4 -5 -5  4  1 -4 -1 -2  3 -3  0 -4 -3  4    0   0   0   0   0   0   0   0   0  31  12   0   0   0  15   0   7   0   0  35  0.74 0.24
   71 Q   -3 -1 -3 -3 -6  8 -1 -4 -3 -6 -5  0 -3 -4 -4 -2 -4 -5 -4 -3    1   1   0   0   0  90   0   1   0   0   0   4   0   1   0   2   0   0   0   2  2.09 0.52
   72 A    5 -4 -3 -4 -1 -3 -3  2 -4 -1 -2 -3 -2 -4 -3  1 -1 -5 -4  0   64   0   0   0   1   0   0  14   0   2   3   0   0   0   0   7   1   0   0   8  0.78 0.27
   73 L   -3 -4 -5 -6 -3 -4 -5 -6 -5  4  5 -5  1 -2 -5 -4 -3 -4 -3  1    0   0   0   0   0   0   0   0   0  26  65   0   1   0   0   0   0   0   0   8  1.06 0.29
   74 V   -2 -5 -5 -6 -3 -5 -5 -6 -6  6 -1 -5 -1 -3 -5 -4 -3 -5 -4  5    1   0   0   0   0   0   0   0   0  46   0   0   0   0   0   0   0   0   0  53  1.32 0.35
   75 I   -3 -4 -5 -6 -3 -4 -5 -6 -5  4  5 -4  2 -2 -5 -4 -3 -4 -3  1    0   0   0   0   0   0   0   0   0  21  65   0   4   0   0   0   0   0   0   9  1.03 0.28
   76 A    4 -4 -3 -3  7 -3 -1 -3 -4 -3 -3 -3 -3 -4 -3  2  3 -5 -4 -2   37   0   0   0  24   0   3   0   0   0   0   0   0   0   0  13  20   0   0   2  0.86 0.28
   77 P   -4 -5 -5 -5 -6 -4 -4 -5 -5 -6 -6 -4 -6 -7  9 -4 -4 -7 -6 -6    0   0   0   0   0   0   0   0   0   0   0   0   0   0 100   0   0   0   0   0  3.14 0.58
   78 T   -3 -4 -3 -4 -4 -4 -4 -5 -5 -4 -4 -4 -4 -5 -4 -1  8 -6 -5 -3    0   0   0   0   0   0   0   0   0   0   0   0   0   0   0   0 100   0   0   0  2.13 0.53
   79 R   -4  8 -3 -5 -7 -2 -3 -5 -3 -6 -5 -1 -4 -6 -5 -4 -4 -6 -5 -6    0 100   0   0   0   0   0   0   0   0   0   0   0   0   0   0   0   0   0   0  2.43 0.53
   80 E   -4 -3 -3 -1 -7 -1  8 -5 -3 -6 -6 -2 -5 -6 -4 -3 -4 -6 -5 -6    0   0   0   0   0   0 100   0   0   0   0   0   0   0   0   0   0   0   0   0  2.20 0.52
   81 L   -4 -5 -6 -6 -4 -5 -6 -6 -5 -1  6 -5  0 -2 -6 -5 -4 -4 -4 -2    0   0   0   0   0   0   0   0   0   0 100   0   0   0   0   0   0   0   0   0  1.69 0.42
   82 A    7 -4 -4 -4 -1 -3 -3 -2 -4 -4 -4 -3 -3 -5 -3 -1 -2 -5 -4 -1   93   0   0   0   1   0   0   0   0   0   0   0   0   0   0   1   2   0   0   3  1.52 0.42
   83 V   -3 -5 -2 -5 -3 -3 -5 -6 -5  6  0 -5  2 -2 -5 -4 -3 -5 -3  3    1   0   2   0   0   1   0   0   0  67   4   0   6   0   0   0   0   0   0  20  1.18 0.32
   84 Q   -4 -2 -3 -3 -6  9 -1 -5 -3 -6 -5 -2 -4 -7 -5 -3 -4 -5 -5 -6    0   0   0   0   0 100   0   0   0   0   0   0   0   0   0   0   0   0   0   0  2.56 0.60
   85 S   -2 -4 -3 -5 -2 -4 -4 -4 -5  1 -2 -4 -2 -3 -4 -1  2 -5 -4  6    1   0   1   0   0   0   0   1   0   4   0   0   0   0   0   5  13   0   0  75  1.12 0.34
   86 Q    4 -2  0 -3 -1  3 -1 -1  0 -4 -4 -1 -3 -4 -3  2  0 -4 -2 -3   49   0   4   0   1  15   2   3   2   0   0   1   0   0   0  19   3   0   1   0  0.62 0.25
   87 E   -2 -2 -2  2 -6  1  7 -1 -3 -6 -5 -1 -5 -6 -4 -2 -3 -6 -5 -5    1   0   1  11   0   3  78   4   0   0   0   1   0   0   0   0   1   0   0   0  1.46 0.39
   88 E    1 -3 -3 -1 -6  2  7 -4 -3 -6 -5 -2 -4 -6 -4 -2 -3 -5 -5 -5   10   0   0   0   0   6  82   0   0   0   0   0   0   0   0   1   0   0   0   0  1.57 0.42
   89 L   -3 -4 -5 -5 -2 -4 -5 -5 -4  4  4 -4  2  3 -5 -4 -3 -3 -2  0    0   0   0   0   0   0   0   0   0  27  50   0   5  14   0   1   0   0   0   3  0.86 0.25
   90 F   -1  2  3 -1 -4  2 -1 -1  1 -3 -3  1 -2  2 -3  0  0 -2  3 -2    4  16  19   1   0  10   2   3   3   0   0   6   0  11   0   7   5   0  11   3  0.28 0.14
   91 R   -2  5 -1 -2 -4  0 -1 -3  0 -4 -3  5 -3 -5 -3  1 -1 -5 -3 -3    2  33   2   1   0   1   2   0   2   0   2  40   0   0   0  11   3   0   0   2  0.78 0.25
   92 F   -3 -4 -5 -5 -3 -4 -5 -5 -4  3  4 -4  1  3 -5 -4 -3 -3  3  0    0   0   0   0   0   0   0   0   0  20  56   0   1  11   0   0   0   0  10   2  0.85 0.25
   93 G    3 -2 -2 -3 -3 -3 -3  4 -3 -3 -3 -1 -1 -4 -3  2 -1 -4 -4 -3   28   1   1   0   0   0   0  41   0   1   2   4   2   0   0  18   2   0   0   0  0.70 0.23
   94 R   -2  4 -1 -2 -5  2  0 -1  0 -4 -4  5 -3 -3 -3 -1 -2 -4 -1 -4    2  24   1   0   0   9   3   5   2   0   0  45   0   1   0   3   1   0   2   1  0.75 0.25
   95 S   -2 -2  0  2 -3 -2 -1 -1  3 -2 -3 -2 -2  4 -4 -1 -2 -1  6 -1    2   1   3  14   0   0   3   6   9   1   1   2   0  16   0   4   1   0  34   4  0.60 0.22
   96 K   -2  2 -1 -2 -3  1  1 -4  2 -4 -2  6  1 -4 -1 -1 -1 -5 -3 -3    1   8   2   1   0   5   6   0   4   0   3  56   4   0   2   2   4   0   0   1  0.72 0.25
   97 G   -2  3  1  0 -5 -1 -2  4  2 -5 -5  3 -4 -5 -2 -1 -3 -5 -4 -5    0  18   6   4   0   0   0  42   7   0   0  20   0   0   2   1   0   0   0   0  0.73 0.23
   98 V    0 -4 -4 -4 -2 -4 -4 -4 -4  4  2 -4  0  2 -4 -2  0 -3 -2  4    9   0   0   0   0   0   0   0   0  31  14   0   1   8   0   1   4   0   0  30  0.54 0.19
   99 K   -2  4  1 -2 -5  1  0 -3  4 -4 -4  4 -3 -2 -3 -1 -1 -3 -1 -4    1  30   5   1   0   5   4   0  11   0   1  31   0   1   0   4   2   0   2   1  0.66 0.22
  100 V    0 -4 -4 -4 -3 -3 -3 -4 -4  3  0 -4 -1 -3 -2  0  2 -5 -3  5    8   0   0   0   0   0   0   0   0  15   3   0   0   0   2   7  11   0   0  53  0.67 0.24
  101 R   -2  0 -4 -4 -3  2 -2 -5 -3  0  4 -3  0 -1 -4 -2 -1 -3 -2  2    2   5   0   0   0  12   1   0   0   2  56   0   1   1   0   2   3   0   1  14  0.55 0.22
  102 S    1 -4 -4 -4  0 -3 -3 -4 -4 -3 -4 -3 -4 -5  7  0  0 -6 -5  1   14   0   0   0   2   0   0   0   0   1   0   0   0   0  61   8   4   0   0  10  1.46 0.34
  103 V   -3 -5 -5 -6 -3 -5 -5 -6 -6  6 -1 -5 -1 -3 -5 -4 -3 -5 -4  5    0   0   0   0   0   0   0   0   0  48   1   0   0   0   0   0   0   0   0  51  1.33 0.35
  104 Y   -5 -5 -5 -6 -6 -5 -5 -6 -1 -4 -4 -5 -4  3 -6 -5 -5 -1 10 -4    0   0   0   0   0   0   0   0   0   0   0   0   0   8   0   0   0   0  92   0  2.73 0.56
  105 G   -3 -5 -3 -4 -5 -5 -5  7 -5 -7 -7 -4 -6 -6 -5 -3 -4 -5 -6 -6    0   0   0   0   0   0   0 100   0   0   0   0   0   0   0   0   0   0   0   0  2.29 0.47
  106 G   -3 -5 -3 -4 -5 -5 -5  7 -5 -7 -7 -4 -6 -6 -5 -3 -4 -5 -6 -6    0   0   0   0   0   0   0 100   0   0   0   0   0   0   0   0   0   0   0   0  2.29 0.47
  107 S    1 -2 -2  0 -5  7  1 -4 -2 -5 -4 -1  0 -5 -4  1 -1 -5 -3 -3   12   0   0   3   0  66   4   0   0   0   0   0   3   0   0   8   2   0   1   1  1.21 0.38
  108 S   -2 -3 -1  4 -4 -1  1 -2 -3 -5 -5 -2 -3 -5  4  4 -2 -5 -4 -4    1   0   2  29   0   2   9   1   0   0   0   0   0   0  22  34   0   0   0   0  0.87 0.27
  109 I   -4 -5 -6 -6 -4 -5 -6 -6 -5  7 -1 -5  2 -1 -5 -5 -3 -4  3  0    0   0   0   0   0   0   0   0   0  81   1   0   6   2   0   0   0   0  10   0  1.54 0.40
  110 E   -2  1  1  4 -4  0  3  1 -1 -4 -4 -1 -3 -4 -3  0 -1 -5 -3 -2    1   9   4  28   0   3  26  14   1   0   0   1   0   0   0   4   3   0   0   5  0.51 0.18
  111 K   -3  7 -1 -4 -5  1 -2 -4  1 -2 -3  2 -3 -3 -3 -2 -2  0 -4 -4    0  67   2   0   0   5   1   0   3   3   2  12   0   1   1   1   1   1   0   0  1.17 0.33
  112 Q   -4 -2 -3 -3 -6  9 -1 -5 -3 -6 -5 -2 -4 -7 -5 -3 -4 -5 -5 -6    0   0   0   0   0 100   0   0   0   0   0   0   0   0   0   0   0   0   0   0  2.56 0.60
  113 I   -3 -3 -6 -6 -4 -5 -5 -6 -5  7  2 -5  0  1 -5 -5 -3 -4 -3  1    0   1   0   0   0   0   0   0   0  74  17   0   1   5   0   0   0   0   0   2  1.28 0.34
  114 K   -3  6  0 -2 -5  0 -2 -4  0 -4 -4  4 -2 -5 -4 -1 -3 -5 -3 -4    1  54   4   1   0   3   1   0   1   1   0  30   1   0   0   3   0   0   0   0  1.11 0.31
  115 A    4  0 -1 -1 -3  1 -1  0 -3 -3 -3 -1 -1 -4 -2  2 -1 -4 -3 -2   51   4   2   4   0   7   2   5   0   0   1   1   1   0   0  17   2   0   0   1  0.52 0.22
  116 L   -4 -5 -6 -6 -4 -5 -5 -6 -5  1  6 -5  0 -2 -5 -5 -4 -4 -4 -1    0   0   0   0   0   0   0   0   0   4  96   0   1   0   0   0   0   0   0   0  1.56 0.39
  117 K   -2  4 -1 -3 -5  0 -1 -4 -3 -5 -5  6 -4 -5 -4 -2 -3 -5 -4 -5    2  23   1   0   0   3   2   0   0   0   0  67   0   0   0   2   0   0   0   0  1.31 0.36
  118 S   -1  4  1  0 -4  2  0 -2  1 -4 -4  4 -1 -3 -3  1 -2 -4 -3 -4    2  24   6   5   0   7   2   2   3   0   0  33   2   1   0  10   1   0   0   0  0.54 0.19
  119 G   -2  1  1 -2 -4 -2 -3  6  3 -5 -4  0 -4 -5 -3 -2 -2 -5 -3 -4    1  10   8   1   0   1   0  61   9   0   1   5   0   0   1   0   1   0   0   1  0.98 0.27
  120 A    1 -4 -4 -4 -3 -4 -4 -4 -4  0 -3 -3 -2 -4  6 -2 -1 -5 -2  4   14   0   0   0   0   0   0   0   0   3   0   0   0   0  42   1   4   0   1  35  1.07 0.30
  121 H   -2 -2  0  2 -3  7  0 -4  6 -5 -5 -1 -3 -5 -3 -2 -3 -5 -3 -5    2   0   3  11   0  55   2   0  24   0   0   0   0   0   1   2   0   0   0   0  1.36 0.39
  122 I   -3 -5 -6 -6 -3 -5 -5 -6 -6  7 -1 -5 -1 -3 -5 -5 -3 -5 -4  4    0   0   0   0   0   0   0   0   0  70   1   0   0   0   0   0   0   0   0  28  1.45 0.37
  123 V   -3 -5 -5 -5 -3 -5 -5 -6 -5  5  1 -5 -1 -3 -5 -4 -2 -5 -3  6    0   0   0   0   0   0   0   0   0  32   7   0   0   0   0   0   0   0   0  61  1.19 0.32
  124 V   -2 -5 -5 -6 -3 -5 -5 -6 -6  4 -1 -5 -1 -3 -5 -3 -2 -5 -4  6    1   0   0   0   0   0   0   0   0  22   0   0   0   0   0   1   0   0   0  76  1.40 0.37
  125 G    1 -5 -3 -4 -5 -4 -5  7 -5 -6 -6 -4 -5 -6 -5 -3 -4 -5 -5 -5   13   0   0   0   0   0   0  87   0   0   0   0   0   0   0   0   0   0   0   0  1.86 0.40
  126 T   -3 -4 -3 -4 -4 -4 -4 -5 -5 -4 -4 -4 -4 -5 -4 -1  8 -6 -5 -3    0   0   0   0   0   0   0   0   0   0   0   0   0   0   0   0 100   0   0   0  2.13 0.53
  127 P   -4 -5 -5 -5 -6 -4 -4 -5 -5 -6 -6 -4 -6 -7  9 -4 -4 -7 -6 -6    0   0   0   0   0   0   0   0   0   0   0   0   0   0 100   0   0   0   0   0  3.14 0.58
  128 G   -3 -5 -3 -4 -5 -5 -5  7 -5 -7 -7 -4 -6 -6 -5 -3 -4 -5 -6 -6    0   0   0   0   0   0   0 100   0   0   0   0   0   0   0   0   0   0   0   0  2.29 0.47
  129 R   -4  8 -3 -5 -7 -2 -3 -5 -3 -6 -5 -1 -4 -6 -5 -4 -4 -6 -5 -6    0 100   0   0   0   0   0   0   0   0   0   0   0   0   0   0   0   0   0   0  2.43 0.53
  130 L   -3 -4 -5 -5 -2 -4 -5 -5 -5  3  3 -4  2 -1 -4 -4 -2 -4 -2  4    0   0   0   0   0   0   0   0   0  19  36   0   5   1   0   0   1   0   0  38  0.82 0.24
  131 L   -3 -3 -5 -5 -3 -2 -5 -6 -4  3  4 -4  7 -2 -5 -4 -3 -4 -3 -1    0   1   0   0   0   1   0   0   0  20  41   0  35   0   0   0   0   0   0   1  1.12 0.32
  132 D   -5 -5 -2  8 -7 -3 -1 -4 -4 -6 -7 -4 -6 -7 -4 -3 -4 -7 -5 -6    0   0   0  99   0   0   1   0   0   0   0   0   0   0   0   0   0   0   0   0  2.44 0.51
  133 L   -5 -3 -3 -4 -6 -3 -3 -5 11 -5  0 -4 -4 -3 -5 -4 -5 -5 -1 -5    0   0   0   0   0   0   0   0  88   0  11   0   0   0   0   0   0   0   0   0  2.75 0.56
  134 I   -3 -4 -5 -6 -3 -4 -5 -6 -5  5  3 -4  6 -2 -5 -4 -3 -4 -3  0    0   0   0   0   0   0   0   0   0  44  27   0  28   0   0   0   0   0   0   0  1.16 0.32
  135 K   -3  5  4  1 -5  1  1 -2 -1 -5 -5  3 -3 -5 -4 -1 -2 -5 -4 -4    0  34  25   5   0   3   7   1   1   0   0  21   0   0   0   2   0   0   0   0  0.82 0.25
  136 R   -4  8 -3 -5 -6 -1 -3 -5 -3 -6 -5  0 -4 -6 -5 -4 -4 -6 -5 -6    0  97   0   0   0   1   0   0   0   0   0   2   0   0   0   0   0   0   0   0  2.31 0.51
  137 K   -2  3  0 -2 -5 -1 -1  4  1 -5 -5  5 -4 -5 -3 -2 -3 -5 -4 -5    0  17   3   0   0   1   1  30   4   0   0  42   0   0   0   1   0   0   0   0  0.85 0.27
  138 A    0 -4 -2 -4 -1 -3 -3 -4 -4 -2 -3 -3 -3 -4 -4  1  7 -5 -3 -1    5   0   1   0   1   0   0   0   0   1   1   0   0   0   0   7  79   0   1   3  1.36 0.40
  139 L   -3 -4 -5 -6 -3 -4 -5 -6 -5  4  5 -5  1 -2 -5 -4 -3 -4 -3  1    0   0   0   0   0   0   0   0   0  27  62   0   2   0   0   0   0   0   0   9  1.03 0.28
  140 K   -3  4  2  2 -5 -1 -1 -3  0 -4 -5  5 -4 -4 -3  0 -3 -5 -4 -4    0  22   8  13   0   1   0   0   3   0   0  47   0   0   1   4   0   0   0   1  0.86 0.27
  141 L   -3 -4 -5 -5 -2 -4 -5 -5 -5  0  5 -4  2  1 -3 -4  0 -4 -3 -1    1   0   0   0   1   0   0   1   0   3  79   0   3   5   1   0   6   0   0   0  1.05 0.30
  142 Q   -2 -2  2  5 -4  1  2  0  0 -5 -5 -1 -4 -5 -3  2 -2 -5 -4 -4    2   1  11  35   0   7  16   5   2   0   0   2   0   0   0  18   0   0   0   0  0.68 0.22
  143 D   -1 -1  3  2 -4  2  0 -1  5 -4 -4  0 -3 -2 -3  0  0 -4 -1 -4    3   1  19  14   0  11   5   5  22   0   0   6   0   1   1   6   5   0   2   0  0.51 0.18
  144 I   -2 -5 -5 -5 -3 -4 -5 -5 -5  4  2 -4 -1 -2 -4 -4 -2 -4 -3  5    2   0   0   0   0   0   0   0   0  28  21   0   0   0   0   0   1   0   0  49  0.93 0.27
  145 E   -2  2  1 -1 -4  2  2 -2  3 -4 -4  4 -3 -4 -3  0 -1 -4 -3 -3    1  10   8   2   0   8  13   1   9   0   0  37   0   0   0   7   2   0   0   0  0.56 0.20
  146 T   -1 -3 -3 -4 -1 -2 -3 -3  0  1 -1 -3  5  2 -4 -2  5 -3  2  0    4   0   0   0   1   1   0   1   2   9   1   0  18  10   0   0  42   0   8   4  0.63 0.26
  147 L   -1 -4 -5 -5 -3 -4 -4 -5 -4  2  4 -4  1  1 -4 -3 -2 -4 -2  4    6   0   0   0   0   0   0   0   0   8  41   0   3   5   0   0   1   0   0  36  0.69 0.22
  148 I   -3 -5 -5 -6 -3 -5 -5 -6 -6  4 -1 -5 -1 -3 -5 -4 -2 -5 -4  6    0   0   0   0   0   0   0   0   0  22   0   0   0   0   0   0   1   0   0  77  1.44 0.38
  149 L   -4 -5 -6 -6 -4 -5 -5 -6 -5  0  6 -5  1 -2 -5 -5 -4 -4 -4 -2    0   0   0   0   0   0   0   0   0   1  97   0   1   0   0   0   0   0   0   0  1.61 0.40
  150 D   -5 -5 -2  8 -7 -3 -1 -4 -4 -6 -7 -4 -6 -7 -4 -3 -4 -7 -6 -6    0   0   0 100   0   0   0   0   0   0   0   0   0   0   0   0   0   0   0   0  2.49 0.52
  151 E   -4 -3 -3 -1 -7 -1  8 -5 -3 -6 -6 -2 -5 -6 -4 -3 -4 -6 -5 -6    0   0   0   0   0   0 100   0   0   0   0   0   0   0   0   0   0   0   0   0  2.20 0.52
  152 A    7 -4 -4 -5 -3 -3 -4 -2 -4 -4 -4 -3 -4 -5 -4 -1 -3 -5 -5 -3   98   0   0   0   0   0   0   1   0   0   0   0   0   0   0   1   0   0   0   0  1.72 0.45
  153 D   -5 -5 -2  8 -7 -3 -1 -4 -4 -6 -7 -4 -6 -7 -4 -3 -4 -7 -6 -6    0   0   0 100   0   0   0   0   0   0   0   0   0   0   0   0   0   0   0   0  2.49 0.52
  154 E   -4 -2 -3 -1 -7  1  7 -5 -3 -6 -6 -1 -5 -6 -4 -3 -4 -6 -5 -4    0   0   0   1   0   3  94   0   0   0   0   1   0   0   0   0   0   0   0   1  1.96 0.48
  155 M   -4 -5 -6 -7 -5 -4 -5 -6 -5 -2 -1 -5 11 -3 -6 -5 -4 -5 -4 -3    0   0   0   0   0   0   0   0   0   0   0   0 100   0   0   0   0   0   0   0  3.07 0.65
  156 L   -4 -5 -6 -6 -4 -5 -5 -6 -5 -1  6 -5  2 -1 -5 -5 -4 -4 -3 -1    0   0   0   0   0   0   0   0   0   0  95   0   3   1   0   0   0   0   0   1  1.55 0.39
  157 N   -4  1  6  6 -5 -2 -1 -3 -2 -6 -6 -1 -5 -6 -4 -1 -3 -6 -5 -5    0   8  47  42   0   0   0   0   0   0   0   1   0   0   0   2   0   0   0   0  1.41 0.36
  158 M   -4 -5 -6 -7 -5 -4 -5 -6 -5 -2 -1 -5 11 -3 -6 -5 -4 -5 -4 -3    0   0   0   0   0   0   0   0   0   0   0   0 100   0   0   0   0   0   0   0  3.07 0.65
  159 G   -3 -5 -3 -4 -5 -5 -5  7 -5 -7 -7 -4 -6 -6 -5 -3 -4 -5 -6 -6    0   0   0   0   0   0   0 100   0   0   0   0   0   0   0   0   0   0   0   0  2.29 0.47
  160 F   -5 -6 -6 -7 -6 -6 -6 -6 -4 -3 -3 -6 -3  9 -7 -6 -5 -2  0 -4    0   0   0   0   0   0   0   0   0   0   0   0   0 100   0   0   0   0   0   0  2.73 0.54
  161 L   -2  3 -4 -5 -3 -2 -4 -5 -4  5  2 -2  1 -2 -4 -3 -3 -4 -3  1    1  22   0   0   0   1   0   0   0  49  16   1   2   0   0   0   0   0   0   8  0.76 0.25
  162 E   -4 -3 -2  6 -6  0  6 -4 -3 -6 -6 -2 -5 -6 -2 -2 -3 -6 -5 -5    0   0   0  43   0   3  53   0   0   0   0   0   0   0   1   0   0   0   0   0  1.49 0.38
  163 D   -5 -5 -1  8 -7 -3  0 -4 -4 -6 -7 -4 -6 -7 -4 -3 -4 -7 -6 -6    0   0   0  98   0   0   2   0   0   0   0   0   0   0   0   0   0   0   0   0  2.40 0.51
  164 I   -3 -5 -6 -6 -4 -5 -5 -6 -5  7  0 -5  4 -3 -5 -5 -3 -5 -4  2    1   0   0   0   0   0   0   0   0  76   2   0  10   0   0   0   0   0   0  12  1.44 0.37
  165 E   -3  1 -1  0 -6  1  7 -5 -1 -6 -5  0 -4 -6 -4 -3 -2 -5 -3 -5    0   6   2   1   0   3  80   0   1   0   0   5   0   0   0   0   1   0   1   0  1.50 0.40
  166 A    1 -1  0 -1 -3 -1  1 -2 -1 -2 -1  1 -1  1 -2  2  2  3  0 -2   16   1   3   2   0   1  12   0   1   1   5   9   0   8   0  15  19   5   2   1  0.21 0.13
  167 I   -4 -6 -6 -6 -4 -5 -6 -7 -6  8 -1 -5 -1 -3 -6 -5 -3 -5 -4  2    0   0   0   0   0   0   0   0   0  93   1   0   0   0   0   0   0   0   0   6  1.86 0.44
  168 I   -3 -4 -5 -6 -3 -4 -5 -6 -5  3  5 -5  3 -1 -5 -4 -3 -4 -3  0    0   0   0   0   0   0   0   0   0  19  71   0   7   2   0   0   0   0   0   1  1.12 0.30
  169 S   -1  1  0  1 -4  2  2 -1 -1 -4 -4  3 -3 -4 -3  2  0 -4 -3 -3    3   6   4   6   0   7  16   5   1   0   0  28   0   0   0  19   4   0   0   0  0.44 0.17
  170 R    0  1  1  1 -4  3  2 -1  3 -4 -3  2 -2 -2 -3  0 -1 -3  1 -3    8   7   7   8   0  16  11   4  10   0   2  12   0   1   0   7   1   0   5   0  0.28 0.12
  171 V    0 -3 -3 -4  1 -3 -3 -4 -4  2  1 -3  2 -2 -3 -1  4 -4 -3  3    7   0   0   0   3   0   0   0   0  12  10   0   6   0   0   1  33   0   0  29  0.53 0.21
  172 P   -3 -4  1 -3 -6 -3 -3 -3 -4 -6 -6 -1 -5 -6  8 -2 -2 -6 -6 -5    0   0   8   1   0   0   1   1   0   0   0   4   0   0  81   3   1   0   0   0  2.22 0.45
  173 E    1 -1  0  1 -4  1  4 -1 -1 -3 -4  1 -2 -4  0  1  0 -4 -3 -3   12   2   4   8   0   5  36   3   1   1   0   8   0   0   4   9   4   0   0   1  0.41 0.16
  174 N   -2  0  1  3 -4  2  5 -2 -2 -4 -4  1 -3 -5 -2  0  0 -5 -4 -3    1   5   6  19   0   7  43   3   0   0   0   6   0   0   0   4   6   0   0   1  0.67 0.22
  175 R   -4  7 -3 -4 -2 -1 -2 -5  3 -5 -4  2 -4 -5 -5 -3 -3 -5 -4 -5    0  80   0   0   1   0   0   0   6   0   0  10   0   0   0   0   0   0   0   0  1.72 0.42
  176 Q   -4  1 -3 -3 -6  9 -1 -5 -1 -4 -5 -1 -3 -6 -4 -3 -4 -5 -4 -5    0   6   0   0   0  91   0   0   1   1   0   1   0   0   0   0   0   0   0   0  2.20 0.54
  177 T   -3 -3 -3 -4 -4 -3 -4 -4 -4 -1 -3 -3  2 -3 -4 -1  7 -5 -4  0    0   1   0   0   0   0   0   0   0   3   1   0   5   0   0   1  83   0   0   6  1.48 0.42
  178 L    1 -4 -5 -5 -2 -3 -4 -4 -4  2  4 -4  4 -1 -4 -3 -1 -4 -3  2   11   0   0   0   0   0   0   0   0   8  55   0  11   1   0   0   2   0   0  12  0.68 0.22
  179 L   -4 -4 -6 -6 -2 -4 -5 -6 -5 -1  6 -5  3  2 -5 -5 -3 -4 -3 -1    0   0   0   0   0   0   0   0   0   0  82   0   8  10   0   0   0   0   0   0  1.30 0.35
  180 F   -5 -6 -6 -7 -6 -6 -6 -6 -4 -3 -3 -6 -3  9 -7 -6 -5 -2  0 -4    0   0   0   0   0   0   0   0   0   0   0   0   0 100   0   0   0   0   0   0  2.71 0.54
  181 S   -2 -4 -2 -3 -4 -3 -3 -3 -4 -5 -5 -3 -4 -5 -4  7 -1 -6 -5 -5    0   0   0   0   0   0   0   0   0   0   0   0   0   0   0 100   0   0   0   0  1.90 0.51
  182 A    7 -4 -4 -5 -3 -4 -4 -3 -4 -4 -4 -3 -4 -5 -4 -1 -3 -5 -5 -3  100   0   0   0   0   0   0   0   0   0   0   0   0   0   0   0   0   0   0   0  1.78 0.47
  183 T   -3 -4 -3 -4 -4 -4 -4 -5 -5 -4 -4 -4 -4 -5 -4 -1  8 -6 -5 -3    0   0   0   0   0   0   0   0   0   0   0   0   0   0   0   0 100   0   0   0  2.13 0.53
  184 M   -4 -5 -5 -6 -5 -4 -5 -6 -5  0  1 -5 10 -2 -6 -5 -4 -5 -4 -2    0   0   0   0   0   0   0   0   0   4   6   0  88   1   0   0   0   0   0   1  2.48 0.56
  185 P   -2 -5 -5 -4 -6 -4 -4 -4 -5 -6 -6 -4 -5 -7  8  0 -2 -7 -6 -5    2   0   0   0   0   0   0   0   0   0   0   0   0   0  89   6   2   0   0   0  2.58 0.50
  186 D    0  1 -1  2 -4  1  1 -1 -1 -4 -4  4 -2 -5  4 -1 -2 -5 -4 -3   10   7   2  14   0   5   5   4   1   0   0  30   0   0  18   2   1   0   0   0  0.51 0.18
  187 A    2 -1 -1  0 -4  1  3 -2 -3 -4 -4 -1 -3 -5  5 -1 -1 -5 -4 -3   22   3   2   4   0   7  19   2   0   0   0   1   0   0  33   3   2   0   0   1  0.73 0.22
  188 I   -4 -6 -6 -6 -4 -6 -6 -7 -6  8 -1 -5 -1 -2 -6 -5 -3 -5 -4  1    0   0   0   0   0   0   0   0   0  94   0   0   0   0   0   0   0   0   0   5  1.91 0.45
  189 K   -1  3 -2 -3 -4  3 -1 -4 -1 -1  2  4  3 -3 -3 -2 -2 -4 -3 -2    5  16   0   0   0  13   2   0   1   1  23  28   9   0   0   0   1   0   0   1  0.43 0.19
  190 R   -1  4  1  1 -4  1  2 -2 -1 -3 -4  3 -2 -4 -3  0  0 -4 -3 -3    4  26   6   8   0   5  13   2   0   1   0  25   1   0   0   5   4   0   0   0  0.49 0.17
  191 I   -3 -5 -5 -5 -3 -4 -5 -6 -5  5  4 -5  1 -1 -5 -4 -3 -4 -3  1    1   0   0   0   0   0   0   0   0  44  48   0   1   1   0   0   0   0   0   5  1.04 0.28
  192 G    4 -3 -3 -3 -3 -3 -3  2 -3 -2 -3 -2  0 -4 -3  1  2 -4 -4 -1   51   0   0   0   0   0   0  16   0   1   0   1   2   0   0  11  14   0   0   4  0.64 0.24
  193 V   -2  2  0 -1 -4  3  2 -2 -1 -3 -3  4 -2 -4 -3 -1 -1 -4 -3  1    0  10   4   2   0  18  16   1   1   0   1  29   0   0   0   3   2   0   0  12  0.47 0.19
  194 Q   -3  4  1 -2 -5  3 -1 -4 -2 -4 -4  5 -3 -4 -3 -1  1 -5 -3 -4    0  24   5   1   0  13   1   0   0   0   0  43   0   0   0   2   8   0   1   0  0.81 0.26
  195 F   -5 -5 -5 -6 -5 -5 -5 -6  1 -3 -2 -5 -2  7 -6 -5 -4 -1  7 -4    0   0   0   0   0   0   0   0   4   0   2   0   1  53   0   0   0   0  41   0  1.89 0.42
  196 M   -3 -3 -4 -5 -4  4 -3 -5 -4 -2  2 -3  8 -3 -5 -4 -2 -4 -4 -2    0   0   0   0   0  22   0   0   0   0  21   1  55   0   0   0   1   0   0   0  1.44 0.41
  197 K   -3  2  3 -1 -4  1 -1 -2  3 -4 -4  5 -3 -5 -3 -1  1 -5 -3 -3    0  10  15   2   0   4   2   1   8   0   0  46   0   0   0   2  10   0   0   1  0.69 0.24
  198 A   -2 -2  4  5 -5  0  3 -2  1 -5 -5  0 -4 -5 -3  0 -1 -5 -4 -4    1   0  24  37   0   3  17   1   3   0   0   4   0   0   0   6   3   0   0   0  0.82 0.24
  199 P    0 -5 -5 -3 -5 -4 -3 -5 -3 -5 -5 -4 -5 -3  8 -2 -3 -5  1 -3    7   0   0   1   0   0   0   0   0   0   0   0   0   1  81   1   1   0   6   1  2.20 0.45
  200 E   -1  0 -2 -1 -4  3  5 -4  0 -2 -3  3 -3 -4 -3 -2 -1 -4 -3  0    5   3   0   1   0  13  41   0   2   2   1  20   0   0   0   0   2   0   0  10  0.60 0.23
  201 H   -2 -1 -1 -3 -3  0  0 -4  6  2  1 -2  1  1 -4 -1  0 -3  0  0    0   2   1   0   0   3   7   0  25  19  12   1   4   8   0   3   6   0   1   6  0.34 0.16
  202 V   -3 -5 -5 -5 -3 -5 -5 -6 -5  5  0 -5 -1 -2 -5 -4 -2 -5 -3  5    0   0   0   0   0   0   0   0   0  39   5   0   0   0   0   0   0   0   0  55  1.21 0.32
  203 K    0  2 -1 -1 -4  2 -1 -2 -1 -3 -3  5 -2 -4 -3  1  1 -4 -3 -3    9   9   1   3   0   8   1   1   1   1   1  45   1   0   0  10  10   0   0   0  0.57 0.22
  204 I   -3 -5 -5 -5 -3 -4 -5 -5 -5  5 -1 -4  0 -2 -5 -4  0 -5 -3  5    0   0   0   0   0   1   0   0   0  46   0   0   2   1   0   0   6   0   0  44  1.09 0.31
  205 A    1 -1 -1 -2 -3  1  1 -3 -2 -1 -2  4  1 -3 -2  0  0 -4 -3  1   15   0   2   0   0   5  10   0   0   3   3  34   4   0   0   5   7   0   0  11  0.29 0.16
  206 A    3  2  0 -2 -2  0 -1 -2  3 -3 -3  2 -3 -4  1  1  0 -4 -2 -2   29  11   5   0   0   4   1   1   9   0   0  16   0   0   6  13   4   0   1   1  0.36 0.16
  207 K   -2  1  1  0 -5  1  2 -2 -2 -5 -5  6 -3 -5 -2 -1 -1 -5 -4 -4    1   3   6   4   0   6  11   2   1   0   0  60   0   0   1   3   4   0   0   0  0.86 0.28
  208 E   -2 -1 -1 -1 -5  3  5 -2 -1 -3 -4  1 -2 -5 -3  0  1 -5 -3 -2    2   1   2   0   0  11  54   2   1   1   0   6   1   0   0   5  12   0   1   2  0.77 0.26
  209 L   -2 -3 -4 -3 -3 -3 -4 -4 -4  1  4 -4  5 -2 -4 -2 -1 -4 -3  2    1   1   0   1   0   0   0   0   0   4  55   0  16   0   0   3   4   0   0  14  0.71 0.24
  210 T   -2 -4 -2 -3 -4 -3 -3 -4 -3 -3 -3 -3 -3 -5 -4  1  7 -5 -4 -3    2   0   1   0   0   0   0   0   0   0   1   1   0   0   0   9  87   0   0   0  1.63 0.45
  211 T    2 -3  0 -1 -3 -3 -3 -3 -4  0 -2 -3  0 -3 -3 -1  2 -5 -3  5   21   0   6   3   0   0   0   0   0   2   0   0   3   0   0   3  14   0   0  47  0.52 0.23
  212 E   -1 -3  0  3 -4 -2  1 -3 -3 -4 -4 -1 -4 -5  6  1  0 -5 -4 -2    4   0   4  21   0   1  10   1   0   0   0   2   0   0  41  11   4   0   0   2  0.96 0.25
  213 L   -1 -1  3 -1 -3  1 -1 -2 -2 -2  2  1  0 -3 -3  1  1 -4 -3 -2    3   2  22   2   0   7   1   1   0   0  31   9   1   0   0   9  11   0   0   0  0.28 0.16
  214 V   -3 -5 -5 -5 -3 -5 -5 -6 -5  7 -1 -5 -1 -3 -5 -4  1 -5 -4  3    0   0   0   0   0   0   0   0   0  71   0   0   0   0   0   0   9   0   0  19  1.32 0.35
  215 D   -3  1 -1  4 -5  1  5 -4 -2 -5 -5  0 -4 -5 -3 -1  0 -3 -4 -4    1   7   2  29   0   4  45   0   0   0   0   5   0   0   0   3   4   0   0   1  0.91 0.27
  216 Q   -4 -2 -3 -3 -6  9  0 -5 -1 -6 -5 -2 -4 -6 -4 -3 -4 -5 -5 -5    0   0   0   0   0  95   4   0   1   0   0   0   0   0   0   0   0   0   0   0  2.37 0.57
  217 Y   -2  1 -2 -4 -3 -1 -2 -4  0  1 -2 -2 -2  3 -4 -1 -1 -1  6  1    3   9   1   0   0   2   2   0   2  12   1   2   0  14   0   5   2   0  36   9  0.56 0.21
  218 Y   -4 -5 -5 -6 -2 -5 -5 -6 -1 -4 -3 -5 -4  5 -6 -5 -5 -1  9 -4    1   0   0   0   1   0   0   0   0   0   0   0   0  18   0   0   0   0  80   0  2.34 0.50
  219 I   -3 -4 -4 -5  0 -4 -4 -5 -2  2  0 -4  0  4 -5 -3  0  4  5  3    0   0   0   0   2   0   0   0   0  14   7   0   1  17   0   1   5   6  27  21  0.70 0.22
  220 R   -2  2 -1  0 -5  1  6 -4 -2 -1 -3  1 -1 -4 -3 -2 -3 -1 -4 -3    1  14   1   3   0   5  57   0   0   5   2   8   1   0   1   0   0   1   0   0  0.84 0.27
  221 V    0 -4 -4 -5  1 -4 -4 -5 -5  2  0 -4  1 -3 -4 -2  0 -5 -3  6    8   0   0   0   2   0   0   0   0  11   5   0   2   0   0   2   6   0   0  63  0.83 0.27
  222 K   -1  3  0 -2 -4  2 -1 -2  2 -4 -2  4 -2 -3  1  0 -1 -4 -3 -3    3  21   4   1   0   8   0   2   6   0   3  34   0   1   8   7   1   0   0   1  0.51 0.19
  223 E   -2  0  1  2 -5  1  5  0  0 -5 -5 -1 -4 -4  2 -1 -2 -5 -4 -4    2   5   5  10   0   4  50   7   2   0   0   1   0   0  10   3   0   0   0   1  0.73 0.24
  224 Q   -2  3  2 -2 -4  1 -1 -2  2 -3 -1  3 -1  0 -2  1 -2 -3  0 -2    1  20  11   1   0   4   1   2   6   1   5  21   2   5   1  13   0   0   4   1  0.28 0.14
  225 E   -1 -1  2  3 -4  2  3 -2  3 -3 -2  0 -1 -3 -3 -1 -1 -4 -2 -3    6   2  11  17   0  12  28   1   9   2   3   3   2   1   0   2   2   0   1   0  0.44 0.17
  226 K   -4  2 -3 -3 -6 -1 -2 -4 -2 -6 -5  8 -4 -6 -4 -3 -3 -6 -5 -5    0   7   0   0   0   0   0   0   0   0   0  93   0   0   0   0   0   0   0   0  1.91 0.47
  227 F   -3 -4 -5 -5 -4 -4 -3 -3 -3  0  3 -4  0  7 -3 -4 -2 -2  0  0    0   0   0   0   0   0   2   2   0   3  25   0   2  53   1   0   3   0   0   7  0.95 0.27
  228 D   -3 -3 -1  6 -6 -1  5 -4 -3 -6 -6 -2 -5 -6 -4 -3 -3 -6 -5 -5    1   0   0  51   0   1  46   0   0   0   0   1   0   0   0   0   0   0   0   0  1.55 0.39
  229 T    3 -3 -3 -4 -2 -3 -3 -2 -4  2  0 -3 -1 -3 -3  0  2 -4 -3  3   37   0   0   0   0   0   0   1   0  12   5   0   0   0   0   6  15   0   0  22  0.45 0.20
  230 M   -4 -4 -5 -6 -4 -4 -5 -6 -5  0  5 -5  5  0 -5 -5 -3 -4 -3 -1    0   0   0   0   0   0   0   0   0   1  76   0  18   4   0   0   1   0   0   1  1.28 0.34
  231 T   -1 -4 -3 -4  8 -4 -4 -3 -4 -2 -4 -4 -3 -5 -4  1  5 -5 -4 -1    4   0   0   0  40   0   0   1   0   1   0   0   0   0   0  12  39   0   0   3  1.36 0.36
  232 R   -4  8  0 -4 -5 -1 -3 -4 -3 -6 -5  0 -4 -6 -5 -3 -4 -6 -5 -5    0  92   5   0   0   1   0   1   0   0   0   1   0   0   0   1   0   0   0   0  2.07 0.47
  233 L   -3 -4 -5 -5 -1 -4 -5 -5 -3  4  4 -4  1  1 -5 -4 -2 -4 -2  1    0   0   0   0   1   0   0   0   1  31  52   0   1   7   0   0   1   0   0   8  0.86 0.25
  234 M   -3 -3 -5 -5 -3 -4 -5 -6 -5  4  4 -4  3  1 -5 -4 -3 -4 -3  0    0   1   0   0   0   0   0   0   0  32  54   0   7   5   0   0   0   0   0   2  0.94 0.27
  235 D   -4 -4  0  8 -6 -2  2 -4 -3 -6 -6 -3 -6 -6 -4 -2 -4 -7 -6 -6    0   0   2  84   0   0  13   0   0   0   0   0   0   0   0   1   0   0   0   0  1.95 0.44
  236 V   -1 -4 -3 -4 -2 -2 -4 -4 -3  3  1 -3  4  0 -4 -1  0 -3  1  4    4   0   0   0   0   1   0   0   0  19   9   0  12   2   0   4   5   0   5  37  0.49 0.19
  237 A   -2  0  1  1 -5  4  4 -4  3 -4 -4 -1 -2 -3 -3 -1 -1 -3  3 -3    2   3   6   8   0  26  28   0   8   0   0   1   1   0   0   1   3   0  15   1  0.66 0.24
  238 Q    0 -1  3  3 -2  2  1 -1 -1 -3 -3  0 -2 -4  0  1  0 -4 -3 -3    7   1  19  16   1  12  10   4   1   0   1   5   1   0   3  13   5   0   0   1  0.35 0.14
  239 P   -3 -4 -4 -1 -5 -4 -1 -4 -4  0 -2 -3 -2  2  7 -2 -2 -3 -2  0    1   0   0   3   0   0   3   0   0   6   4   0   1  10  62   1   2   0   1   6  1.40 0.33
  240 E   -2 -1  0  3 -3  1  4 -1 -2 -4 -4  3 -3  0 -1  0 -1 -4 -3 -4    2   1   2  19   0   4  31   4   0   0   0  21   0   6   2   4   2   0   0   0  0.52 0.19
  241 L   -1 -1 -4 -4 -2  0 -3  0 -3 -1  5 -1  0 -1 -4  0 -2 -3  1 -1    3   4   0   0   0   4   0   7   0   1  62   3   0   0   0   8   1   0   7   1  0.53 0.22
  242 A    4 -3 -2 -3 -1 -2 -3  2 -3 -2 -2 -2  2 -4 -3  2  1 -4 -3 -1   45   0   0   0   1   0   0  14   0   2   1   0   7   0   0  19   8   0   0   3  0.55 0.22
  243 I   -3 -5 -6 -6 -3 -5 -5 -6 -5  7  2 -5  0 -2 -5 -5 -3 -5 -3  2    0   0   0   0   0   0   0   0   0  71  20   0   0   0   0   0   0   0   0   9  1.31 0.34
  244 V   -3 -5 -5 -5 -3 -5 -5 -6 -5  5 -1 -5  0 -3 -5 -4 -2 -5 -3  6    0   0   0   0   0   0   0   0   0  39   1   0   1   0   0   0   0   0   0  58  1.26 0.34
  245 F   -5 -6 -6 -7 -6 -6 -6 -6 -4 -3 -3 -6 -3  9 -7 -6 -5 -2  0 -4    0   0   0   0   0   0   0   0   0   0   0   0   0 100   0   0   0   0   0   0  2.73 0.54
  246 G    0 -5 -4 -5  9 -5 -5  4 -5 -3 -4 -5 -4 -5 -5 -2 -2 -5 -5  1    5   0   0   0  49   0   0  33   0   0   0   0   0   0   0   1   2   0   0  10  1.57 0.37
  247 R   -3  7  4 -3 -6 -2 -2 -4 -2 -6 -5  1 -4 -5 -4 -2 -3 -5 -4 -5    1  67  24   0   0   0   0   0   0   0   0   6   0   0   0   1   0   0   0   0  1.51 0.39
  248 T   -3 -4 -3 -4 -4 -4 -4 -5 -5 -4 -4 -4 -2 -5 -4 -1  8 -6 -5 -3    0   0   0   0   0   0   0   0   0   0   0   0   1   0   0   0  99   0   0   0  2.11 0.53
  249 K   -4  1 -3 -4 -6 -1 -2 -4 -3 -6 -5  8 -4 -6 -4 -3 -3 -6 -5 -5    0   5   0   0   0   0   0   0   0   0   0  95   0   0   0   0   0   0   0   0  1.97 0.48
  250 R   -1  6 -1 -3 -5 -1 -2 -4 -2 -3 -4  3 -2 -5 -4 -1  0 -5 -4 -2    5  58   3   0   0   1   0   0   0   1   0  19   1   0   0   2   6   0   0   3  1.02 0.30
  251 R    0  5 -1  0 -4  1  0  2 -2 -4 -4  1  1 -4 -4 -1 -2 -4 -4 -3    6  46   2   6   0   7   3  17   0   0   0   4   4   0   0   3   1   0   0   1  0.65 0.23
  252 V   -1 -5 -5 -5  0 -4 -5 -5 -5  0 -2 -4 -2 -3 -5 -3  1 -5 -4  7    4   0   0   0   2   0   0   0   0   0   0   0   0   0   0   0  10   0   0  84  1.36 0.39
  253 D   -3 -4  0  8 -6 -3  1 -3 -4 -4 -4 -3 -4 -6 -4 -2 -3 -7 -5 -2    1   0   3  84   0   0   5   1   0   1   1   0   0   0   0   1   0   0   0   4  1.75 0.41
  254 E   -3 -2 -2  2 -6  0  7 -5 -3 -5 -4 -1 -4 -6 -4 -2 -1 -3 -5 -5    1   0   0   7   0   1  84   0   0   0   1   2   0   0   0   0   3   0   0   0  1.58 0.41
  255 L   -3 -4 -5 -6 -3 -4 -5 -6 -5  1  5 -5  0 -2 -5 -4 -3 -4 -3  3    0   0   0   0   0   0   0   0   0   6  75   0   0   0   0   0   0   0   0  18  1.12 0.31
  256 T    3 -3 -2 -3 -1 -2 -3 -1 -3 -1 -2 -3 -1 -3 -3  2  3 -4 -2  3   24   0   1   0   1   1   0   3   0   1   0   0   1   0   0  14  27   0   1  26  0.47 0.21
  257 R   -1  3  0  0 -4  1  4 -1 -1 -2 -4  1 -3 -4 -2  1 -1 -4 -3 -2    4  16   4   4   0   6  38   3   1   2   0   5   0   0   0  12   3   0   0   2  0.49 0.18
  258 G    2  0  0 -1 -3  0  0  3  1 -3 -2  2 -2 -4 -3  0 -1 -4 -3 -2   26   4   2   2   0   3   6  26   4   0   3  14   1   0   0   6   2   0   0   1  0.33 0.14
  259 L   -4 -5 -6 -6 -4 -5 -5 -6 -5 -1  6 -5  3 -2 -5 -5 -4 -4 -3 -1    0   0   0   0   0   0   0   0   0   0  93   0   6   0   0   0   0   0   0   0  1.53 0.39
  260 K   -2  0  1 -1 -3  5  2 -2 -2  0 -1  2 -1 -4 -3  0 -1 -4 -3 -1    1   3   8   0   0  35  11   1   0   7   5  15   1   0   0   7   3   0   0   3  0.45 0.20
  261 I    3 -1 -1  0 -2 -1  0  0 -3 -1  0  1 -1 -3 -2  1  0 -4 -3 -1   37   1   1   4   0   2   4   7   0   4  10   9   1   0   0  14   3   0   0   1  0.24 0.14
  262 R   -4  8 -3 -4 -6 -1 -2 -5 -2 -6 -4  2 -4 -5 -5 -3 -4 -5 -3 -5    0  87   0   0   0   0   1   0   0   0   1   9   0   0   0   0   0   0   1   0  1.91 0.45
  263 G   -2 -5 -2 -3 -5 -5 -5  7 -5 -7 -7 -4 -5 -6 -5 -3 -4 -5 -6 -6    0   0   1   1   0   0   0  98   0   0   0   0   0   0   0   0   0   0   0   0  2.19 0.45
  264 F   -5 -5 -5 -6 -5 -5 -5 -6  0 -2 -3 -5 -3  3 -6 -5 -5 -1  9 -4    0   0   0   0   0   0   0   0   1   2   1   0   0   8   0   0   0   0  87   0  2.47 0.52
  265 R    1  1  2  0 -3  0 -1 -1  0 -1  0  0  1  2 -2  1  0 -3 -1 -1   12  10  13   5   0   4   1   1   2   1   8   6   5  13   1  14   2   0   0   2  0.11 0.09
  266 A    6 -4 -4 -4 -2 -3 -3 -2 -4 -2 -3 -3 -3 -4 -3  0 -2 -5 -4  1   81   0   0   0   0   0   0   0   0   1   0   0   0   0   1   6   1   0   0  11  1.19 0.36
  267 E    1 -3 -2  3 -5 -1  6 -3 -3 -4 -4 -1 -4 -5 -3 -1 -3 -5 -4 -3   15   0   0  19   0   0  59   1   0   1   1   1   0   0   0   3   0   0   0   1  1.05 0.32
  268 G    2 -4 -3 -3 -4 -3 -3  6 -3 -5 -4 -3 -3 -5 -1 -1 -3 -5 -5 -4   22   0   0   0   0   0   1  68   0   0   1   0   1   0   3   4   0   0   0   0  1.24 0.31
  269 I   -3 -5 -5 -6 -3 -4 -5 -6 -5  5  5 -5  3 -2 -5 -4 -3 -4 -3  0    0   0   0   0   0   0   0   0   0  37  56   0   7   0   0   0   0   0   0   0  1.11 0.30
  270 H   -5 -3  2 -4 -6 -3 -3 -5 11 -7 -6 -4 -5 -5 -5 -4 -5 -6 -1 -6    0   0   8   0   0   0   0   0  92   0   0   0   0   0   0   0   0   0   0   0  3.03 0.59
  271 G   -3 -5 -3 -4 -5 -5 -5  7 -5 -7 -7 -4 -6 -6 -5 -3 -4 -5 -6 -6    0   0   0   0   0   0   0 100   0   0   0   0   0   0   0   0   0   0   0   0  2.29 0.47
  272 D   -5 -5 -1  8 -7 -3 -1 -3 -4 -6 -7 -4 -6 -7 -4 -3 -4 -7 -6 -6    0   0   1  98   0   0   0   1   0   0   0   0   0   0   0   0   0   0   0   0  2.38 0.51
  273 L   -3 -4 -5 -6 -3 -4 -5 -6 -5  2  5 -4  6 -2 -5 -4 -3 -4 -3 -1    0   0   0   0   0   0   0   0   0  13  60   1  26   0   0   0   0   0   0   1  1.16 0.32
  274 D    0  0  2  0 -3 -1 -1 -1 -2 -3 -3  2 -3 -4  0  3  3 -4 -3 -2    4   3  10   6   0   1   0   2   0   0   1  14   0   0   3  30  24   0   0   1  0.45 0.19
  275 Q   -4 -2 -3 -3 -6  9 -1 -5 -3 -6 -5 -2 -4 -7 -5 -3 -4 -5 -5 -6    0   0   0   0   0 100   0   0   0   0   0   0   0   0   0   0   0   0   0   0  2.56 0.60
  276 N    3 -1  3 -1 -3  3 -1 -1 -1 -2 -3  0 -2 -4 -2  1  0 -4 -1 -1   29   2  18   2   0  17   2   2   1   1   1   5   0   0   1  11   3   0   2   3  0.33 0.16
  277 K   -1  2 -2 -2 -5  6  0 -4  1 -4 -3  4  1 -5 -3 -2 -2 -4 -2 -3    4   8   0   1   0  45   2   0   4   0   2  28   3   0   0   1   1   0   1   1  0.92 0.30
  278 R   -4  8 -3 -5 -7 -2 -3 -5 -3 -6 -5 -1 -4 -6 -5 -4 -4 -6 -5 -6    0 100   0   0   0   0   0   0   0   0   0   0   0   0   0   0   0   0   0   0  2.43 0.53
  279 L   -3 -3  1  5 -4 -1  3 -4 -3 -1  1 -2  3 -3 -3 -1  0 -5 -4 -3    0   0   6  38   0   0  18   0   0   2  14   0  12   0   0   3   5   0   0   0  0.62 0.23
  280 R   -1  5  2 -2 -4  1  0 -3 -1 -2 -3  2 -2 -4 -3  2  0 -4 -3 -2    2  37   9   1   0   6   5   1   1   2   1  12   1   0   0  17   3   0   0   2  0.54 0.20
  281 V   -2 -5 -4 -5 -3 -4 -4 -5 -5  2 -2 -4 -2 -3 -4 -3  3 -5 -4  6    2   0   0   0   0   0   0   0   0  10   0   0   0   0   0   0  18   0   0  70  1.15 0.34
  282 L   -3 -4 -5 -6 -4 -4 -5 -6 -5  2  4 -4  8 -2 -5 -4 -3 -4 -3  1    0   0   0   0   0   0   0   0   0  11  41   0  43   0   0   0   0   0   0   6  1.25 0.34
  283 R   -1  4  3  1 -4  0  0 -1  0 -4 -4  3 -3 -4 -3  0 -1 -4 -3 -4    6  29  16   6   0   3   6   3   1   0   0  22   0   0   0   7   1   0   0   0  0.54 0.19
  284 D   -1  3 -1  0 -5  3  0  0 -1 -5 -4  5 -2 -5 -3  0 -2 -5 -4 -4    3  18   2   6   0  15   1   7   0   0   1  42   0   0   0   5   0   0   0   0  0.68 0.23
  285 F   -5 -6 -6 -7 -5 -6 -6 -6 -4 -3  0 -6 -1  9 -7 -5 -5 -2  0 -3    0   0   0   0   0   0   0   0   0   0   8   0   1  91   0   0   0   0   0   0  2.31 0.48
  286 K   -3  6 -3 -4 -6 -1 -2 -4 -3 -5 -5  6 -4 -6 -4 -3 -3 -5 -4 -5    0  44   0   0   0   0   0   0   0   0   0  56   0   0   0   0   0   0   0   0  1.57 0.40
  287 N    0  0  4  2 -4  1  3 -1  0 -4 -4  2 -3 -4 -3  1  0 -5 -3 -4    7   4  24   9   0   4  21   2   1   0   0  14   0   0   0  10   4   0   0   0  0.47 0.17
  288 G   -2 -1  0  0 -5 -1 -2  6 -1 -6 -6  0 -5 -5 -4 -1 -3 -5 -5 -5    1   3   4   6   0   2   2  72   2   0   0   6   0   0   0   3   0   0   0   0  1.23 0.30
  289 N   -1  1  2 -1 -3  2  1 -1  1 -2 -2  3 -2 -4 -2  1  2 -4 -2 -2    4   8  10   1   0  11   7   3   3   2   2  20   0   0   0  13  15   0   0   1  0.29 0.13
  290 L   -2 -4 -5 -5 -1 -4 -5 -5 -5  5  3 -4  0 -1 -4 -3  1 -4 -3  2    2   0   0   0   1   0   0   0   0  50  27   0   0   1   0   1   9   0   0   9  0.80 0.25
  291 D   -3 -2  3  6 -5  0  4 -3 -2 -5 -5 -1 -4 -5 -3 -1 -1 -6 -5 -5    0   0  13  48   0   3  27   0   0   0   0   3   0   0   1   3   2   0   0   0  1.09 0.29
  292 V   -3 -5 -5 -5 -3 -5 -5 -6 -5  6  1 -5  0  2 -5 -4 -2 -4 -1  3    0   0   0   0   0   0   0   0   0  60   8   0   1   9   0   0   1   0   1  19  1.03 0.28
  293 L   -4 -5 -6 -6 -4 -5 -5 -6 -5 -1  6 -5  1 -2 -5 -5 -4 -4 -4 -1    0   0   0   0   0   0   0   0   0   1  96   0   2   0   0   0   0   0   0   2  1.57 0.39
  294 V   -2 -5 -6 -6 -3 -5 -5 -6 -6  3 -1 -5 -2 -3 -5 -4 -3 -5 -4  7    1   0   0   0   0   0   0   0   0  15   0   0   0   0   0   0   0   0   0  84  1.53 0.39
  295 A    7 -4 -4 -5 -2 -4 -4 -3 -4 -4 -4 -3 -4 -5 -4 -1 -3 -5 -5 -3  100   0   0   0   0   0   0   0   0   0   0   0   0   0   0   0   0   0   0   0  1.77 0.46
  296 T   -3 -4 -3 -4 -4 -4 -4 -5 -5 -4 -4 -4 -4 -5 -4 -1  8 -6 -5 -3    0   0   0   0   0   0   0   0   0   0   0   0   0   0   0   0 100   0   0   0  2.13 0.53
  297 D   -5 -5 -2  8 -7 -3 -1 -4 -4 -6 -7 -4 -6 -7 -4 -3 -4 -7 -6 -6    0   0   0 100   0   0   0   0   0   0   0   0   0   0   0   0   0   0   0   0  2.49 0.52
  298 V   -3 -5 -6 -6 -4 -5 -5 -6 -6  0 -2 -5 -2 -4 -5 -4 -3 -6 -4  7    0   0   0   0   0   0   0   0   0   1   1   0   0   0   0   0   0   0   0  99  1.86 0.46
  299 A    7 -4 -4 -5 -3 -4 -4 -2 -4 -4 -4 -3 -4 -5 -4 -1 -3 -5 -5 -1   98   0   0   0   0   0   0   0   0   0   0   0   0   0   0   0   0   0   0   2  1.69 0.45
  300 A    7 -4 -4 -4 -3 -3 -4 -1 -4 -4 -4 -3 -4 -5 -3 -1 -3 -5 -5 -3   96   0   0   0   0   0   0   3   0   0   0   0   0   0   0   1   0   0   0   0  1.64 0.44
  301 R   -4  8 -3 -5 -7 -2 -3 -5 -3 -6 -5 -1 -4 -6 -5 -4 -4 -6 -5 -6    0 100   0   0   0   0   0   0   0   0   0   0   0   0   0   0   0   0   0   0  2.43 0.53
  302 G   -3 -5 -3 -4 -5 -5 -5  7 -5 -7 -7 -4 -6 -6 -5 -3 -4 -5 -6 -6    0   0   0   0   0   0   0 100   0   0   0   0   0   0   0   0   0   0   0   0  2.29 0.47
  303 L   -4 -5 -6 -6 -3 -5 -5 -6 -5  5  5 -5  0 -2 -5 -5 -3 -4 -3  0    0   0   0   0   0   0   0   0   0  45  55   0   0   0   0   0   0   0   0   0  1.22 0.33
  304 D   -5 -5 -2  8 -7 -3 -1 -4 -4 -6 -7 -4 -6 -7 -4 -3 -4 -7 -6 -6    0   0   0 100   0   0   0   0   0   0   0   0   0   0   0   0   0   0   0   0  2.49 0.52
  305 I   -3 -5 -5 -6 -3 -5 -5 -6 -6  6 -1 -5 -1 -3 -5 -4 -3 -5 -4  5    0   0   0   0   0   0   0   0   0  48   0   0   0   0   0   0   0   0   0  52  1.36 0.35
  306 S   -1 -2  2  3 -4  0  3 -2 -2 -4 -5 -1 -2 -5 -2  4  0 -5 -4 -4    1   0   9  19   0   2  19   2   0   0   0   3   1   0   1  41   3   0   0   0  0.66 0.24
  307 G   -3  1  4  4 -5 -2 -1  5 -2 -5 -5 -2 -4 -5 -4 -1 -3 -5 -5 -5    0   9  19  26   0   0   2  41   0   0   1   0   0   0   0   1   0   0   0   0  0.91 0.26
  308 V   -3 -5 -5 -6 -3 -5 -5 -6 -6  3  1 -5 -1 -3 -5 -4 -2 -5 -3  6    0   0   0   0   0   0   0   0   0  16   7   0   1   0   0   0   1   0   0  76  1.29 0.35
  309 T   -2 -3 -2  1 -4 -2  2 -3 -3 -4 -4 -2 -3 -5 -3  3  5 -5 -4 -3    0   0   0   9   0   0  17   1   0   0   0   0   0   0   0  23  49   0   0   0  0.87 0.31
  310 H    2 -3 -3 -4 -2 -2 -3 -3 10 -3 -4 -4 -1 -4 -5 -3 -3 -5 -1 -2   18   0   0   0   1   0   0   1  72   1   1   0   2   0   0   0   1   0   1   3  1.95 0.46
  311 V   -3 -5 -6 -6 -4 -5 -5 -6 -6  0 -2 -5 -2 -4 -5 -4 -3 -6 -4  7    0   0   0   0   0   0   0   0   0   1   0   0   0   0   0   0   0   0   0  99  1.87 0.46
  312 Y   -4 -5 -5 -5 -3 -4 -5 -6 -2  4 -1 -5 -1  5 -5 -4 -3 -1  6  1    0   0   0   0   0   0   0   0   0  31   2   0   0  24   0   0   0   0  36   7  1.17 0.31
  313 N   -5 -3  9 -2 -6 -3 -3 -3 -2 -6 -7 -3 -5 -6 -5 -2 -3 -7 -5 -6    0   0 100   0   0   0   0   0   0   0   0   0   0   0   0   0   0   0   0   0  2.55 0.55
  314 Y   -5 -5 -5 -6 -5 -5 -5 -6 -2 -4 -3 -5 -3  6 -6 -5 -5 -1  9 -4    0   0   0   0   0   0   0   0   0   0   0   0   0  31   0   0   0   0  68   0  2.25 0.48
  315 D   -3 -4 -1  8 -6 -3  0 -4 -4 -6 -6 -3 -6 -6 -4 -1 -4 -7 -6 -6    2   0   1  91   0   0   3   0   0   0   0   0   0   0   0   4   0   0   0   0  2.10 0.46
  316 I   -3 -5 -5 -5 -2 -5 -5 -6 -5  6  3 -5  1 -2 -5 -4 -3 -4 -3  2    0   0   0   0   0   0   0   0   0  59  28   0   2   0   0   0   0   0   0  11  1.11 0.30
  317 P   -4 -5 -5 -5 -6 -4 -4 -5 -5 -6 -6 -4 -6 -7  9 -3 -2 -7 -6 -5    0   0   0   0   0   0   0   0   0   0   0   0   0   0  98   0   2   0   0   0  3.02 0.56
  318 Q   -3  0 -1 -3 -5  8  0 -4  0 -5 -2 -1 -2 -4 -4 -1 -2 -4  2 -4    0   4   2   0   0  72   2   0   2   0   5   0   0   0   0   3   1   0   7   0  1.40 0.41
  319 D   -4 -4  1  8 -6 -3  0 -4 -4 -6 -7 -3 -6 -6 -4 -3 -4 -7 -6 -6    0   0   4  94   0   0   2   0   0   0   0   0   0   0   0   0   0   0   0   0  2.24 0.48
  320 P   -1 -3 -2  0 -4 -2  1 -2 -2 -1 -3 -3 -2 -4  6 -1  2 -5 -4  0    3   0   1   6   0   0   9   2   1   3   1   0   1   1  48   3  15   0   0   7  0.96 0.26
  321 E   -4 -3 -3  2 -6 -1  7 -5 -3 -6 -6 -2 -5 -6 -4 -3 -4 -6 -5 -4    0   0   0  10   0   0  89   0   0   0   0   0   0   0   0   0   0   0   0   1  1.86 0.46
  322 S    0 -3  0  0 -4 -3 -3 -2 -2 -4 -4 -2 -4 -2 -3  6 -1 -3  4 -4    4   0   2   4   0   0   0   2   0   1   0   1   0   1   0  68   0   0  17   0  1.03 0.35
  323 Y   -5 -5 -5 -6 -6 -5 -5 -6 -1 -5 -4 -5 -4  0 -6 -5 -5 -1 10 -4    0   0   0   0   0   0   0   0   0   0   0   0   0   0   0   0   0   0 100   0  3.00 0.61
  324 V   -3 -5 -5 -6 -3 -5 -5 -6 -6  1 -2 -5 -2 -3 -5 -4  0 -6 -4  7    0   0   0   0   0   0   0   0   0   3   0   0   0   0   0   0   5   0   0  92  1.62 0.42
  325 H   -5 -4 -3 -5 -7 -3 -3 -5 11 -7 -6 -4 -5 -5 -6 -4 -5 -6 -1 -7    0   0   0   0   0   0   0   0 100   0   0   0   0   0   0   0   0   0   0   0  3.41 0.64
  326 R   -4  8 -3 -5 -7 -2 -3 -5 -3 -6 -5 -1 -4 -6 -5 -4 -4 -6 -5 -6    0 100   0   0   0   0   0   0   0   0   0   0   0   0   0   0   0   0   0   0  2.43 0.53
  327 I   -4 -6 -6 -6 -4 -6 -6 -7 -6  8 -1 -5 -1 -3 -6 -5 -3 -5 -4  1    0   0   0   0   0   0   0   0   0  95   0   0   0   0   0   0   0   0   0   5  1.93 0.45
  328 G   -3 -5 -3 -4 -5 -5 -5  7 -5 -7 -7 -4 -6 -6 -5 -3 -4 -5 -6 -6    0   0   0   0   0   0   0 100   0   0   0   0   0   0   0   0   0   0   0   0  2.29 0.47
  329 R   -4  8 -3 -5 -7 -2 -3 -5 -3 -6 -5 -1 -4 -6 -5 -4 -4 -6 -5 -6    0 100   0   0   0   0   0   0   0   0   0   0   0   0   0   0   0   0   0   0  2.43 0.53
  330 T   -3 -4 -3 -4 -4 -4 -4 -5 -5 -4 -4 -4 -4 -5 -4 -1  8 -6 -5 -3    0   0   0   0   0   0   0   0   0   0   0   0   0   0   0   0 100   0   0   0  2.13 0.53
  331 G   -1 -5 -3 -4 -5 -5 -5  7 -5 -7 -6 -4 -5 -6 -5 -3 -4 -5 -6 -6    3   0   0   0   0   0   0  97   0   0   0   0   0   0   0   0   0   0   0   0  2.17 0.45
  332 R   -4  8 -3 -5 -7 -2 -3 -5 -3 -6 -5 -1 -4 -6 -5 -4 -4 -6 -5 -6    0 100   0   0   0   0   0   0   0   0   0   0   0   0   0   0   0   0   0   0  2.43 0.53
  333 A    7 -4 -4 -5 -3 -4 -4 -2 -4 -3 -4 -3 -4 -5 -4 -1 -3 -5 -5 -2   99   0   0   0   0   0   0   0   0   1   0   0   0   0   0   0   0   0   0   1  1.72 0.46
  334 G   -2 -5  1 -2 -5 -4 -5  7 -4 -6 -6 -4 -5 -6 -5 -3 -4 -5 -6 -6    0   0   6   1   0   0   0  93   0   0   0   0   0   0   0   0   0   0   0   0  2.02 0.43
  335 K   -2  5  0 -3 -5  1 -2 -4  1 -5 -4  5 -2 -5 -4 -2 -3 -5 -4 -4    3  35   5   0   0   5   0   0   3   0   0  48   1   0   0   0   0   0   0   0  1.08 0.31
  336 S   -1 -1  0 -1 -3  1  3 -2  2 -3 -3  2 -2 -4 -2  3  2 -4 -3 -2    3   1   3   1   0   4  19   1   5   0   1  15   1   0   0  24  18   0   0   2  0.38 0.17
  337 G   -3 -5 -3 -4 -5 -5 -5  7 -5 -7 -7 -4 -6 -6 -5 -3 -4 -5 -6 -6    0   0   0   0   0   0   0 100   0   0   0   0   0   0   0   0   0   0   0   0  2.29 0.47
  338 Q   -1  1 -1 -1 -3  1  0 -3 -2  2  0  1  2 -2 -3 -1  2 -3 -1  2    2   7   1   4   0   6   7   0   0  16   7   9   9   0   0   2  15   0   1  14  0.15 0.10
  339 S    6 -4 -3 -4 -3 -3 -3 -2 -4 -4 -4 -3 -3 -5 -3  3 -2 -5 -4 -3   74   0   0   0   0   0   0   0   0   0   0   0   0   0   0  26   0   0   0   0  1.27 0.38
  340 I   -3 -4 -4 -5 -3 -4 -5 -5 -2  5  0 -4  1  4 -5 -4 -1  1  3  3    0   0   0   0   0   0   0   0   0  39   5   0   4  19   0   0   2   2  10  18  0.73 0.23
  341 T   -2 -4 -2 -3 -3 -3 -3 -4 -4 -3  0 -3 -2 -4 -4  3  6 -5 -4 -3    0   0   1   0   0   0   0   0   0   0  10   0   0   0   0  21  68   0   0   0  1.20 0.38
  342 F   -5 -5 -6 -6 -5 -6 -6 -6 -4 -1  2 -6 -2  8 -6 -5 -5 -2  0 -3    0   0   0   0   0   0   0   0   0   2  18   0   0  81   0   0   0   0   0   0  1.97 0.43
  343 V   -1 -5 -5 -5 -3 -5 -5 -5 -5  4 -1 -5 -1 -3 -5 -4 -2 -5 -4  6    5   0   0   0   0   0   0   0   0  19   1   0   0   0   0   0   0   0   0  75  1.29 0.35
  344 A    0 -3  1 -3 -3 -1 -1 -2 -2 -1 -3 -2 -2 -2 -3  2  5 -4 -2  0    8   0   5   0   0   2   2   2   1   2   0   1   0   2   0  18  49   0   1   7  0.60 0.24
  345 P   -3 -2 -2 -4 -5 -3 -3  3  1 -5 -5 -2 -3 -4  7  0 -3 -6 -4 -4    0   2   2   0   0   0   0  21   4   0   0   1   1   1  63   5   0   0   0   0  1.60 0.36
  346 N   -3  6  3 -1 -5  0 -1 -3 -2 -2 -4  3 -3 -5 -3 -1 -2 -2 -4 -3    1  48  15   2   0   1   1   1   0   3   0  21   0   0   0   3   1   1   0   1  0.88 0.27
  347 E   -3 -3 -3  2 -6  1  7 -5 -3 -6 -6 -2 -5 -6 -4 -3 -4 -6 -4 -5    0   0   0   8   0   4  86   0   0   0   0   0   0   0   0   0   0   0   0   0  1.77 0.44
  348 M   -3  0 -4 -4 -3 -2 -3 -5 -2  3  0  1  6  2 -4 -2 -2 -2  3  1    0   6   0   0   0   1   0   0   0  20   4  10  30   9   0   1   1   0  12   6  0.56 0.23
  349 G   -1  3  0  2 -4 -1  0  2  0 -3 -3  0 -2 -1 -1  0 -1  0  4 -3    2  21   3  14   0   0   3  19   2   1   0   3   0   2   3   6   2   1  18   0  0.34 0.16
  350 Y   -2  1 -1 -3 -4  2 -2 -3  4 -3 -1  3  3  0 -4 -2 -2 -2  5 -3    1   8   3   0   0  11   0   0  10   0   6  19  11   2   0   2   1   0  24   0  0.51 0.21
  351 L   -4 -4 -6 -6 -4 -4 -5 -6 -5  2  6 -5  2  0 -5 -5 -3 -4 -3 -1    0   0   0   0   0   0   0   0   0   9  84   0   5   2   0   0   0   0   0   1  1.29 0.34
  352 Q   -2  6 -1 -3 -5  1 -1 -4  2 -4 -2  4 -1 -2 -4 -1 -2 -4 -2 -4    2  46   2   0   0   5   1   0   6   0   3  27   1   2   0   2   1   0   1   0  0.87 0.27
  353 I    0 -1  0  2 -3  2  1 -2 -1  0  0  0  0  0 -2  0  1 -3  0  0    9   2   2  17   0  13   7   0   1   5   9   3   3   4   0   5  11   0   3   4  0.12 0.08
  354 I   -4 -6 -6 -6 -4 -5 -6 -7 -6  8  0 -5 -1 -3 -6 -5 -3 -5 -4  1    0   0   0   0   0   0   0   0   0  93   3   0   0   0   0   0   0   0   0   4  1.85 0.43
  355 E   -3 -2 -3 -1 -6  4  7 -5 -3 -3 -5  0  0 -6 -4 -3 -3 -5 -4 -5    0   0   0   0   0  16  75   0   0   1   0   4   3   0   0   0   0   0   0   0  1.48 0.40
  356 N   -2  5  2  0 -5  2  0 -4  0 -5 -4  4 -3 -5 -3 -1 -2 -5 -3 -4    1  41  10   5   0   8   2   0   2   0   0  26   0   0   0   2   1   0   1   0  0.84 0.25
  357 L    1 -3 -3 -2 -1 -2 -2 -3  0  1  2 -3  0  1 -3 -1  1 -2  4  1   12   0   0   1   1   1   2   0   2  10  24   0   1   5   0   3   8   0  18  13  0.25 0.13
  358 T    0 -3  0 -3  2 -3 -3 -4 -4  2 -3 -3 -3 -3 -4  0  6 -5 -4 -1    5   1   5   0   5   0   0   0   0  11   0   0   0   0   0   5  65   0   0   2  0.95 0.32
  359 K   -3  3  1 -2 -5 -1 -2  0  0 -5 -5  6 -4 -5 -4 -2 -3 -5 -4 -5    1  13   6   1   0   1   0   7   2   0   0  69   0   0   0   0   0   0   0   0  1.18 0.34
  360 K    0  2 -1 -2 -1  1 -1 -2  1 -1 -2  3 -1 -3 -3  1  2 -4 -3  0    6  12   1   0   1   6   1   2   4   5   1  20   1   0   0  14  19   0   0   7  0.26 0.14
  361 R   -2  5 -1 -1 -5  2  0 -3  0 -4 -4  5 -3 -5  0 -1 -1 -5 -4 -3    1  33   2   3   0   7   4   0   1   0   0  37   0   0   4   3   4   0   0   1  0.76 0.24
  362 M   -4 -5 -5 -6 -4 -4 -5 -6 -5  6  0 -5  7 -2 -5 -4 -3 -5 -4  1    0   0   0   0   0   0   0   0   0  58   3   0  34   0   0   0   0   0   0   5  1.46 0.38
  363 K   -1  1 -1  0 -3  1  2 -2 -1 -1 -1  2 -1 -3  0  0  2 -3 -1 -1    4   7   2   4   0   4  18   1   1   4   6  17   1   0   4   7  14   0   1   5  0.18 0.10
  364 G    0  4 -2 -3 -2  1  0 -1 -2 -3 -3  3 -1 -4  3 -1 -2 -4 -3 -3   10  32   0   0   1   6   3   4   0   0   2  17   1   0  18   3   1   0   0   1  0.56 0.19
  365 L   -1  2 -2 -3 -2  1  0  0  1 -1  2  2  5 -2 -3 -2 -2 -3 -2 -1    3  11   0   0   1   8   5   7   4   2  23  14  20   0   0   1   0   0   0   1  0.28 0.16
  366 K   -1  3  0  0 -4  2  2 -3  0 -4 -3  3 -3 -4  3  0 -1 -4 -3 -2    4  15   3   5   0   9  13   0   1   0   1  25   0   0  14   4   2   0   0   2  0.47 0.16
  367 P   -1 -4 -3 -4 -3 -3 -3 -4 -4  3  2 -3  1 -2  5 -3 -2 -4 -3  2    5   0   1   0   0   0   0   0   0  22  20   1   3   0  28   0   1   0   0  19  0.68 0.21
  368 A   -1 -5 -5 -5 -6 -4 -4 -5 -5 -6 -6 -4 -5 -6  9 -4 -4 -7 -2 -5    5   0   0   0   0   0   0   0   0   0   0   0   0   0  93   0   0   0   2   0  2.79 0.54
  369 S   -1 -3 -2 -2 -3 -3 -1 -2  0 -4 -4 -2 -3 -5 -3  4  6 -5 -4 -3    1   0   0   1   0   0   2   2   3   0   0   1   0   0   0  34  55   0   0   0  1.04 0.34
  370 V    0  0 -2 -1 -2 -1 -1 -2 -2  2  2 -1  1  0 -1 -1 -1 -1 -1  2   12   5   1   4   0   2   5   1   0  12  26   1   2   3   2   3   3   1   2  15  0.10 0.07
  371 E    1 -1  1  3 -4  1  3 -1 -1 -3 -4  2 -2 -4 -2  1 -1 -4 -3 -3   16   1   6  19   0   7  21   2   1   0   0  13   0   0   0  11   1   0   0   0  0.41 0.16
  372 E   -2 -3 -1  6 -6  1  5 -4 -3 -4 -5 -2 -5 -5 -4 -2 -3 -6 -5 -4    2   0   1  42   0   5  49   0   0   1   0   0   0   0   0   0   1   0   0   0  1.35 0.37
  373 S    3 -4 -4 -5 -3 -4 -4 -3 -4  3  0 -4  0 -3 -4 -2 -2 -4 -3  4   33   0   0   0   0   0   0   0   0  20   8   0   1   0   0   1   0   0   0  36  0.67 0.25
  374 F    0 -1  1 -1 -3 -1  1 -3 -1  2  1 -1  0  2 -3 -1  0 -2  0  1    8   2   8   2   0   2  12   0   1  14  17   3   1  14   0   2   5   0   2   7  0.11 0.08
  375 Q    0  0  1  1 -4  2  4 -2  0 -2 -3  1 -2 -4 -3 -1 -1 -4 -3 -2   10   3   7   6   0  11  41   2   2   2   1  10   0   0   0   2   2   0   0   3  0.51 0.20
  376 S    2  2 -1 -3 -3 -1 -2  3 -3  0 -2  1 -2 -3 -3  0  1 -4 -2 -1   18  11   1   0   0   2   1  29   0   6   1  10   1   1   0   6   9   0   1   5  0.30 0.14
  377 K   -3  4 -1 -3 -5  5 -1 -4 -1 -4 -4  5 -3 -5 -4 -2 -3 -5 -4 -4    1  26   3   0   0  30   0   0   1   1   0  38   0   0   0   1   0   0   0   0  1.11 0.34
  378 K    0  1 -2 -2 -3  3  0 -3  0  1  0  2  1  0 -3 -1  0 -3  0  0    6   6   0   0   0  18   4   0   2  11  11  16   5   4   0   2   4   0   4   8  0.16 0.11
  379 Q    0  2  1  1 -3  1  2 -1  0 -3 -3  2 -2 -2 -2  1  0 -4 -3 -2    9  11   8   9   0   7  17   3   3   1   2  17   0   1   0   9   3   0   0   1  0.28 0.12
  380 V    0  2  2  0 -3  1 -1 -2 -1  0  0  1  0 -2 -2  1  0 -3 -2  0   10  13  11   4   0   9   1   1   1   6   8  11   3   1   0  10   3   0   0  10  0.12 0.08
  381 A    2 -3 -4 -4 -2 -3 -3 -3 -3  3  1 -3  1  3 -3 -2  0  1  1  1   25   0   0   0   0   0   0   0   0  19  16   0   4  16   0   1   5   2   3   8  0.34 0.16
  382 L    0 -1 -2 -3 -2 -1 -2 -2 -2  2  2  2  2  0 -3 -1  0 -1 -1  1    8   3   2   0   0   1   1   2   0  15  20  16   8   4   0   2   5   1   1  12  0.14 0.10
  383 K   -1 -1  2  3 -4  1  4 -1 -1 -4 -4  1 -3 -4 -3  1 -1 -4 -4 -4    5   1   8  18   0   6  34   3   1   0   1  10   1   0   0  10   2   0   0   0  0.55 0.19
  384 K   -2  3  0  1 -3  2  2 -2 -2 -4 -3  4 -3 -4 -3  0 -1 -4 -3 -3    2  15   4   9   0  12  16   1   0   1   1  30   0   0   0   6   2   0   0   0  0.54 0.19
  385 I   -2 -4 -5 -5 -3 -4 -5 -5 -5  5  3 -4  1 -2 -4 -4 -2 -4 -3  4    1   0   0   0   0   0   0   0   0  34  27   0   2   0   0   0   1   0   0  34  0.86 0.26
  386 E    0  2  0  0 -3  1  1 -2  0  0  0  2  0 -2 -2  0  0 -3 -1  0    5  12   3   3   0   6  13   2   1   7   9  16   2   1   0   6   8   0   1   5  0.12 0.07
  387 R    0  1  1  2 -3  1  3 -1  0 -3 -3  2 -3 -4 -2  1  0 -4 -3 -3    6  10   7  11   0   7  26   3   1   0   1  11   0   0   0  10   6   0   0   1  0.35 0.13
  388 D    0 -2 -1  0 -2 -1 -1 -3 -1  2  0 -1  0 -2 -2  0  2  2 -1  1    9   1   2   7   0   2   4   0   1  19  10   3   2   0   0   3  21   3   1  11  0.15 0.10
  389 F   -1 -4 -4 -4 -2 -3 -3 -4 -4  5  3 -3  3  1 -4 -3 -2 -3 -2  2    3   0   0   0   0   0   1   0   0  38  25   0   9   5   0   1   1   0   0  14  0.61 0.19
  390 A    1 -1  1  2 -3  1  4 -1 -2 -3 -3  0 -3 -4 -2  1 -1 -4 -2 -2   17   1   8  11   0   7  31   4   0   1   1   6   0   0   0   8   3   0   1   2  0.39 0.16
  391 D    0 -1  2  3 -2  2  3 -1 -1 -2 -2  1 -2 -3 -1  0  0 -3 -2 -2    8   2   9  18   0   8  23   3   1   1   2   7   1   1   1   8   4   0   1   2  0.30 0.10
  392 E   -1 -1  2  2 -2  1  3 -1 -1 -2 -1  0 -2 -2  0  0  0 -2 -1 -2    5   2  11  13   1   4  27   4   1   3   5   5   1   1   4   3   5   0   2   3  0.23 0.07
  393 T    0  0  0  1 -1  0  1  0  0  0  0  0  0 -1  0  1  1 -1 -1  0    8   5   5  10   1   3   8   6   2   6   9   5   2   2   3  11   8   1   2   5  0.04 0.01
  394 I    0  0  0  0 -1  0  0  0  0  0  1  0  0  0  0  0  0 -1  0  0    6   4   3   7   1   5   6   6   2  10  16   5   3   3   3   5   5   1   2   6  0.00 0.00
  395 R    1  1  1  0 -1  0  0  0  0 -1 -1  1 -1 -2 -1  1  0 -2 -1 -1   13   9   6   5   1   3   5   7   2   3   4  14   1   1   2  11   7   1   1   3  0.09 0.03
  396 A    0  0  0  0 -1 -1  0  3 -1 -2 -2  0 -1 -2 -1  1  0 -2 -2 -2    7   3   4   6   1   2   5  32   1   2   3   6   1   2   3  10   8   0   1   3  0.22 0.07
  397 N   -2 -2  3  3 -3  0  1  1  2 -2 -2  0  0 -2 -2 -1 -1 -3 -1 -2    1   1  20  23   0   3  10  10   7   1   2   5   4   2   1   2   2   0   2   2  0.35 0.14
  398 F   -2 -2 -2 -3 -2 -2 -2 -3  0  2  3 -2  0  2 -2 -2 -1 -2  3  0    2   1   2   1   0   1   3   1   2  11  40   1   1  11   1   2   4   0  10   5  0.33 0.14
  399 E    0 -1  1  3 -3  1  3  1 -1 -3 -3  0 -3 -4  0  1  0 -4 -3 -2    5   2   6  16   0   4  22  13   1   0   1   6   0   0   3  12   6   0   0   2  0.31 0.12
  400 K   -1  2  0  0 -3  0  1 -2  0 -1 -1  3  0  0  0 -1 -1 -1  0 -1    3  11   5   5   0   3   9   1   1   5   6  26   2   6   4   3   3   1   3   2  0.16 0.09
  401 F   -3 -4 -5 -5  0 -3 -4 -5 -1  1 -1 -4 -1  5 -4 -4 -4  1  8 -1    1   0   0   0   2   1   1   0   0   8   5   0   1  21   0   0   0   1  53   4  1.33 0.36
  402 G   -1  2 -1 -1 -3  1  2 -2 -1  0  0  2  0 -3 -2 -1  0 -3 -2  0    5  14   2   3   0   6  17   2   1   8   7  15   3   0   0   2   6   0   1   7  0.16 0.10
  403 K    0  1  1  2 -3  1  2  0  0 -3 -3  1 -1 -4  2  0  0 -4 -3 -2    9   7   7  12   0   7  12   7   2   1   1  11   1   0  10   7   5   0   0   1  0.24 0.10
  404 D    0 -2 -2  0 -2  0 -1 -3 -2  3  2 -1  2  0 -3 -1 -1  1 -1  1    7   1   1   6   0   6   4   1   0  21  24   2   8   3   0   3   3   2   2   6  0.18 0.11
  405 A    4 -4 -4 -4  0 -2 -3 -2 -4  2 -1 -3 -1 -3 -3  0 -2 -2 -3  3   48   0   0   0   2   1   0   2   0  11   5   1   1   0   0   4   0   1   0  24  0.59 0.25
  406 R   -1  0  2  1 -4  2  4 -2 -2 -1 -3  1 -1 -4 -3  0  0 -4 -3 -2    4   3   9   8   0   9  36   3   0   4   1   9   1   0   0   8   5   0   0   1  0.45 0.19
  407 K   -1  1  0  2 -4  3  4 -2 -1 -3 -3  2 -1 -4 -2  0 -1 -4 -2 -3    3   5   4  11   0  13  32   2   1   1   2  16   2   0   0   5   2   0   1   0  0.48 0.19
  408 L   -3 -4 -5 -4 -3 -4 -3 -5 -4  1  5 -4  2  0 -4 -4 -3 -2  0 -1    1   0   0   1   0   0   1   1   0   4  76   0   5   4   0   1   1   0   3   2  1.02 0.30
  409 A    0 -3 -2 -1  0 -1  0 -3 -2  1  4 -2  2 -2 -3 -1  0 -3 -2  0   10   0   1   4   2   2   7   1   1   5  49   1   6   0   0   4   4   0   0   4  0.33 0.16
  410 A    1 -2  2  2 -4  1  5 -2 -1 -4 -4 -1 -4 -5 -3  0 -1 -5 -4 -3   11   0   9  13   0   5  45   2   1   0   0   2   0   0   0   6   4   0   0   1  0.68 0.25
  411 E   -3 -1  1  4 -5  2  5 -1  0 -5 -5  0 -3 -5 -3 -1 -2 -5 -3 -4    0   1   6  20   0   9  46   4   2   0   0   5   1   0   0   2   2   0   1   0  0.85 0.29
  412 F   -2 -3  1 -4 -3 -2 -2 -3  4 -1 -2 -3 -3  3 -5 -3 -1 -1  7 -1    3   1   8   0   0   2   1   2  10   3   3   0   0  11   0   1   3   0  48   3  1.00 0.32
  413 T   -2 -3  2  5 -4 -2  0 -2 -3 -4 -5 -2 -4 -4 -1  2  3 -6 -4 -4    1   0   8  44   0   1   4   1   0   0   0   0   0   0   3  16  20   0   0   0  0.86 0.30
  414 P    3 -3 -3 -1 -3 -2 -2 -2 -3 -2 -1 -3 -1 -4  4  3  0 -5 -3 -2   31   0   0   2   0   0   1   0   0   1   6   0   2   0  20  28   6   0   0   2  0.60 0.25
  415 E   -1 -1 -1 -1 -3  0  2 -4 -2  2  1 -1  2 -2 -3 -1  0 -4 -3  3    3   2   2   3   0   2  20   0   1  10  11   4   7   0   0   3   6   0   0  27  0.24 0.15
  416 E   -2 -2  0  5 -5  2  3 -3 -2 -4 -4  0 -2 -5 -3 -1  1 -5 -4 -2    2   0   2  40   0  11  20   0   1   1   1   5   1   0   0   3  12   0   0   2  0.75 0.27
  417 L   -2 -4 -5 -5 -3 -4 -5 -5 -5  4  4 -4  1 -2 -5 -4 -3 -4 -3  3    1   0   0   0   0   0   0   0   0  32  40   0   2   0   0   0   0   0   0  22  0.88 0.28
  418 A    4 -4 -4 -4 -1 -3 -3 -3 -4  1  1 -3  0 -3 -3 -1 -1 -5 -3  3   49   0   0   0   1   0   0   0   0   7  11   0   2   0   0   2   2   0   0  27  0.66 0.27
  419 M    6 -4 -3 -4 -3 -3 -3 -2 -4 -3 -1 -3 -1 -4 -3  2 -1 -5 -4 -2   76   0   0   0   0   0   0   0   0   1   5   0   2   0   0  11   2   0   0   1  1.13 0.39
  420 Y    6 -4 -4 -4 -2 -3 -3  0 -4 -3 -3 -3 -3 -4 -4  0 -2 -5  0 -2   80   0   0   0   0   0   0   4   0   1   2   0   0   0   0   6   1   0   4   1  1.21 0.40
  421 I    3 -4 -5 -5 -2 -4 -4 -4 -4  0  4 -4  1  1 -4 -3 -2 -4 -2  0   26   0   0   0   1   0   0   0   0   4  56   0   3   5   0   0   1   0   0   3  0.72 0.27
  422 L   -1 -4 -5 -6 -3 -4 -5 -5 -5  2  5 -4  3  1 -5 -4 -2 -2 -3  0    6   0   0   0   0   0   0   0   0   8  69   0   7   4   0   0   1   0   0   4  0.97 0.31
  423 S   -2  1  1 -2 -5  2 -1 -3 -1 -5 -4  6 -4 -4 -3  1 -2 -5 -2 -4    2   6   6   1   0   7   0   1   1   0   1  63   0   1   0   9   1   0   1   0  0.99 0.34
  424 L   -1 -2 -1 -1 -3 -1  0 -3  0  2  3 -1  5 -1 -4 -1 -1 -3  0  0    3   1   4   3   0   2   6   1   3  11  28   3  22   1   0   4   2   0   4   2  0.31 0.17
  425 T    0 -2 -2 -3 -1  0 -2 -3 -2  1  3 -1  3 -1 -3  0  1 -3  0  1   10   1   2   0   1   4   1   0   0   5  32   3  10   1   0   7   9   0   3  10  0.22 0.13
  426 V    0 -2 -2 -3 -3  1 -2 -3 -3  1  1 -2  3  2 -3  0  3 -3  1  1    6   0   0   0   0   8   0   1   0   9   9   0  12   8   0   6  23   0   6  11  0.26 0.16
  427 Q   -1  0  1  1 -4  2  2  2 -1 -4 -3  4 -3 -4 -2 -1 -2 -4 -3 -3    3   3   5   7   0   9  13  18   1   0   3  32   0   0   1   4   1   0   1   1  0.43 0.18
  428 D   -1 -1  1  5 -4  0  3  0 -2 -3 -3  0 -3 -4 -3 -1 -1 -5 -4 -3    4   2   5  36   0   4  26   6   0   1   3   6   0   0   0   3   2   0   0   1  0.63 0.22
  429 P    0  0  1  2 -3  0  2 -2 -2 -3 -3  1 -3 -4  4  0 -1 -4 -3 -2    8   3   7  13   0   3  18   2   0   1   1   7   0   0  24   7   2   0   0   2  0.48 0.16
  430 D    0 -1  1  4 -3  0  2 -1 -2 -2 -2  1 -2 -3  0  1  0 -4 -3 -2    7   1   7  32   0   2  12   2   0   1   5  10   1   1   4   9   3   0   0   1  0.38 0.15
  431 S    0  0  1  1 -2  1  2 -1 -1 -2 -1  0  0 -2  0  1  1 -3 -2 -1    8   4   5   9   0   5  18   2   1   1   4   6   3   2   3  13  10   0   0   6  0.15 0.08
  432 L    0 -1  0 -1 -2  0  1 -2 -2  0  0 -1  0  0 -1  0  2 -2  0  1    6   2   3   3   0   4  10   2   0   4  13   3   1   4   2   5  21   0   3  14  0.09 0.07
  433 P    0 -1 -1  0 -2  0  1 -1 -2 -1 -2 -1  0  0  5 -1  0 -3 -2  0    7   2   2   6   0   3  10   3   1   2   2   3   2   5  31   4   5   0   1   9  0.40 0.11
  434 E   -1 -1  0  2 -3  0  3 -2 -1 -1 -2  1 -1 -2  2  0 -1 -2  1 -1    4   2   3  12   0   4  24   2   1   4   3   9   1   1  12   4   2   0   8   3  0.24 0.09
  435 V   -1 -3 -2  0 -2 -2 -2 -3 -3  2  0 -2  0  0  0 -1  0 -3 -2  5    2   1   2   5   0   1   1   2   0  11   3   1   1   3   4   3   5   0   1  53  0.46 0.20
  436 E   -1  2  0  0 -4  2  3 -2  0 -3 -3  3 -2 -4 -2  0  0 -4 -3 -3    2   9   4   4   0  11  26   1   2   1   3  22   0   0   0   8   4   0   0   1  0.43 0.16
  437 I   -2 -2 -2  0 -2 -3 -1 -3 -2  4  3 -2  1 -1 -2 -2 -2 -3 -2  1    1   1   2   5   0   0   5   2   1  37  30   1   2   1   2   1   1   0   1   5  0.39 0.16
  438 A    1 -2  0 -1 -3  0 -1 -2 -3 -2 -2  0 -2 -2 -2  2  5 -4 -3 -2   11   1   4   2   0   4   2   1   0   1   4   6   1   2   1  13  48   0   0   2  0.52 0.22
  439 R    0  2 -2  0 -3  0  2 -1 -1 -2 -2  0 -2  2  4  0 -2 -2 -2 -2    7  13   1   4   0   2  21   4   1   1   4   4   1  10  22   6   0   0   0   1  0.36 0.14
  440 E   -2 -1 -2  0 -5  1  6 -3 -1 -3 -3 -1 -3 -4 -3 -2 -3 -4 -4  0    2   2   1   3   0   3  72   1   1   2   2   1   0   0   0   2   1   0   0   7  1.12 0.34
  441 K    1  4 -1  0 -2  1  1 -2 -2 -3 -3  3 -2 -4  0  0 -1 -4 -3 -2   15  25   1   6   1   3   8   1   0   1   2  23   1   0   4   7   2   0   0   1  0.37 0.15
  442 P   -2 -2 -2  1 -5 -2 -1 -4 -4 -4 -4 -3 -4 -3  8 -2 -2 -5 -3 -4    2   2   2   9   0   1   3   1   0   0   1   0   0   1  73   1   2   0   1   0  1.82 0.39
  443 L   -1  1 -3 -3 -3 -2 -1 -3 -3  1  4 -2  1  1 -2 -2 -2 -3 -1  1    3  10   0   1   0   1   3   2   0   9  50   2   2   5   2   2   1   0   1   7  0.37 0.16
  444 P    0  2 -1 -2 -3  0  0 -2 -2 -3 -3  1 -2 -3  6  0 -2 -3 -3 -2    7  16   2   1   0   3   5   3   1   1   1   8   1   1  40   8   1   0   0   2  0.74 0.20
  445 F   -1  2  0 -1 -3 -1 -1 -1  0 -1 -1  0  0  2 -2  0 -1 -2  2  0    4  17   4   3   0   1   3   5   2   2   5   3   3  13   1  11   1   0   8  12  0.09 0.08
  446 K   -1  4 -1 -1 -4  0  1 -1  0 -3 -2  5 -3 -4 -3 -1 -1 -4 -2 -2    3  24   2   2   0   0   7   5   2   1   3  42   0   0   0   3   2   0   1   2  0.58 0.21
  447 P   -2  3  2  0 -4  0  1  1  1 -3 -4  3 -2 -2  3  0 -2 -4 -2 -3    1  18  11   5   0   2   7  11   3   1   0  19   0   2  14   4   0   0   1   0  0.37 0.14
  448 S    0  2  0  1 -3  0  0  1  0 -2 -3  1 -2 -2  0  1  0 -3 -1 -2    7  16   4  11   0   1   6   9   3   1   1   9   1   2   4  16   5   0   2   2  0.17 0.08
  449 G   -1  2  1  0 -3  0  0  3  1 -3 -3  2 -2 -1 -2  0 -2 -3 -2 -2    1  16   8   4   0   4   5  24   3   1   1  16   1   3   1   9   0   0   1   2  0.29 0.12
  450 N    0  3  2  0 -3  1  0  2  0 -3 -3  1 -2 -2  1  1 -1 -3 -1 -2    5  18  14   4   0   4   4  15   2   0   1   7   1   2   7  10   2   0   2   2  0.24 0.10
  451 G    0  2  1  1 -3  0  1  1  1 -3 -2  1 -2 -1  0  1 -1 -3  0 -2    5  15   8   9   0   3   8  14   3   1   2   9   1   3   4   9   2   0   3   1  0.17 0.07
  452 F   -1  4  0 -1 -3  0  0  2  0 -2 -2  1 -2  1  0  0 -1 -2  0 -2    3  28   4   3   0   2   5  16   3   1   1   8   0   9   4   7   1   0   3   2  0.24 0.12
  453 G   -1  2  1  1 -3  0  0  3  0 -3 -2  1 -2 -2 -1  0 -1 -3 -1 -2    2  14   6   9   0   4   5  25   2   1   3  10   1   1   2   8   2   0   2   2  0.24 0.10
  454 G   -1  3  1  1 -3 -1 -1  3  0 -4 -3  0 -2 -1 -1  1 -1 -3 -1 -3    3  18   8   9   0   2   2  29   2   0   1   6   1   3   2   9   1   0   2   0  0.34 0.13
  455 K   -1  2  1  1 -3  0  0  1  1 -2 -2  2 -1 -2  0  1 -1 -3  0 -2    3  16   9   6   0   3   4  12   5   2   2  14   1   2   5  11   1   0   3   2  0.19 0.09
  456 A    0  3  1  0 -3 -1  0  3  0 -4 -3  0 -3 -1 -1  1 -1 -3 -1 -3    5  20   7   4   0   1   6  27   2   0   1   5   0   3   3  12   2   0   2   1  0.31 0.13
  457 K   -1  5  1  0 -4  1  0  1  0 -4 -3  2 -2 -2 -2  0 -2 -3  0 -3    2  36   8   5   0   4   3  14   2   0   1  13   1   2   1   4   1   0   3   0  0.45 0.17
  458 G   -1  2  2  1 -4 -1  0  3  0 -4 -3  1 -3  0  0  0 -2 -3 -1 -3    2  15  10  11   0   1   4  27   3   0   1   7   0   6   3   8   0   0   1   1  0.31 0.13
  459 G   -1  3  1  1 -3 -1  0  3  1 -3 -3  1 -2 -2  0  1 -1 -3 -1 -3    2  19   9   8   0   1   5  25   3   1   1   6   1   2   4   9   2   0   3   1  0.30 0.13
  460 R   -2  5  2  1 -3  0 -1  1  0 -4 -4  1 -3 -3 -3  0 -2 -3 -1 -4    1  44  10   6   1   1   2  11   2   0   0   7   0   0   1   8   1   0   2   0  0.60 0.22
  461 G   -1  2  2  1 -3 -1 -1  3  1 -3 -3  0 -3 -1 -1  0 -2 -3  0 -3    5  17  14   9   0   1   2  26   4   1   1   3   0   4   3   7   0   0   4   1  0.32 0.14
  462 G   -1  3  2  2 -4 -1  0  3  0 -4 -4  0 -3 -2  0  0 -2 -4 -1 -4    2  21   9  12   0   1   4  29   2   0   1   3   0   2   3   7   1   0   2   0  0.40 0.16
  463 R   -2  4  2  1 -4 -1 -1  1  0 -4 -3  2 -2 -1 -1  0 -1 -3  1 -3    2  32   9   7   0   1   2  11   2   0   1  12   0   3   2   8   1   0   6   1  0.37 0.16
  464 R   -1  4  2  1 -4  0  0  1 -1 -4 -3  1 -2 -2  0  0 -1 -3  0 -3    2  31  10   7   0   2   5  11   1   0   0   8   1   2   4   8   4   0   4   0  0.34 0.14
  465 G   -1  2  2  1 -4 -1 -1  4  1 -4 -4  0 -3  0 -2  1 -1 -3 -1 -3    1  14   9   7   0   1   3  34   3   0   0   7   0   4   1  10   1   0   3   0  0.40 0.15
  466 D   -1  3  2  1 -3  0  0  3  0 -3 -3  0 -3 -1 -1  0 -1 -3  0 -3    3  18  13   8   0   2   5  23   2   0   0   4   0   4   2   7   2   0   5   2  0.28 0.12
  467 D   -1  2  2  2 -4 -1  0  2  0 -3 -3  1 -2 -2  0  0 -1 -3  1 -2    2  18  10  14   0   1   5  19   2   1   0   6   1   1   3   7   1   0   6   2  0.27 0.12
  468 R   -1  4  1  0 -4  0  0  1  1 -4 -3  2 -3 -2 -1  0 -1 -2  0 -3    3  33   8   4   0   2   3  14   3   0   0  12   0   2   3   8   2   1   3   1  0.37 0.16
  469 R   -1  4  2  1 -4  0  0  2  0 -4 -3  2 -3 -1 -1  1 -2 -3 -1 -3    4  27   9   8   0   1   3  14   3   0   0  12   0   4   3  10   0   0   2   1  0.33 0.14
  470 E   -1  3  1  1 -3  0  1  1  0 -4 -3  1 -3  0  1  1  0 -3 -1 -3    2  21   8   9   0   2  10  12   2   0   0   6   0   5   6  12   4   0   1   0  0.26 0.12
  471 R   -2  5  1  0 -4  0  0  1  0 -4 -3  2 -3 -1 -2  0 -1 -2  0 -3    0  38   6   6   0   2   4  12   2   0   1  10   0   3   1   8   3   1   3   1  0.44 0.18
  472 D   -1  2  2  2 -3 -1  0  2  0 -2 -3  0 -3 -3  0  0 -1 -3  0 -2    2  13  13  16   0   1   3  19   2   3   1   4   0   1   3   8   3   0   3   2  0.25 0.11
  473 R   -1  4  1  1 -3  0  0  1  1 -3 -3  1 -3 -1  0  0 -1 -3 -1 -2    3  27   9   6   0   1   5  12   3   0   0   9   0   3   5   9   2   0   3   2  0.28 0.13
  474 R   -2  5  1  1 -4  0  0  1 -1 -3 -3  2 -3 -3 -1  0 -2 -1 -2 -3    1  38   8   7   0   1   5  11   1   2   1  11   0   0   3   7   0   1   1   0  0.47 0.19
  475 G   -1  2  1  1 -4 -1  0  4 -1 -4 -4  0 -3 -1  0  1 -2 -2 -1 -4    3  16   6   7   0   1   4  35   1   0   0   5   0   3   4  11   1   1   3   0  0.40 0.15
  476 N   -1  3  3  1 -4  0  1  2  1 -3 -4  1 -3 -2 -1  1 -1 -2 -2 -3    1  18  20   6   0   3   8  17   3   1   0   7   0   2   2   9   1   1   1   1  0.32 0.13
  477 G   -1  3  1 -1 -2 -1  0  3  0 -4 -4  1 -2 -3 -1  1 -1 -1 -2 -2    2  19   7   2   1   1   4  31   2   0   0  10   1   1   2  11   1   1   1   3  0.37 0.15
  478 R   -1  3  1  1 -3  0  0  1  1 -3 -3  2 -2 -3  0  1 -1 -3  0 -3    2  22   6  10   0   3   4  12   3   1   1  15   1   0   3  13   1   0   3   0  0.29 0.12
  479 R   -1  4  1  0 -4  0  0  1  1 -4 -3  2 -2 -1  0  0 -1 -2  0 -3    2  33   6   4   0   3   4  11   4   0   1  11   0   4   4   6   2   0   4   0  0.34 0.14
  480 D   -1  2  2  3 -3  0  1  2  1 -3 -3  0 -3 -2  1  0 -2 -4 -2 -3    3  16  12  17   0   2   8  14   3   2   0   3   0   2   6   8   0   0   1   0  0.29 0.12
  481 E   -1  3  1  2 -3  0  1  2  0 -4 -3  1 -3 -2 -2  1 -1 -3 -1 -3    4  20   8  15   0   2   7  18   1   0   1   7   0   2   1   9   1   0   2   1  0.30 0.12
  482 F   -1  2  0  0 -3 -1 -1  1 -1 -2 -2  1 -1  2 -1  1 -1 -2  1 -1    4  16   4   6   0   0   2  15   1   1   3  11   2  12   2  12   0   0   6   4  0.14 0.09
  483 K   -1  3  1  1 -4  0  0  1  0 -3 -3  3 -1 -3  0  0 -1 -4 -2 -2    2  15   8   8   0   3   5  11   2   1   0  26   1   1   3   6   2   0   1   2  0.29 0.13
  484 K   -1  4  0  1 -4  0  0  1  1 -3 -3  3 -3 -3  0  0 -2 -4 -1 -3    3  28   5   8   0   3   2  11   3   2   1  19   0   0   5   8   1   0   2   0  0.35 0.15
  485 G   -1  3  1 -1 -4  0  0  4 -1 -4 -4  1 -3 -1 -1  0 -1 -4 -2 -3    2  20   8   3   0   2   5  33   1   0   0  10   0   3   3   6   2   0   1   1  0.41 0.15
  486 S    0  2  2  1 -3  0  0  2  0 -3 -3  0 -3 -1  0  2 -1 -2  0 -3    5  12  10   9   0   2   5  16   2   0   0   6   0   4   4  18   2   0   5   0  0.22 0.10
  487 R   -1  4  1 -1 -4  0  0  0 -1 -2 -3  3 -2 -2 -2  1 -1 -4 -2 -3    3  29   8   3   0   3   4   9   1   3   0  19   0   2   1  11   2   0   1   1  0.36 0.15
  488 G   -1  1  2  0 -3 -1 -1  4  1 -4 -4  2 -2 -4 -1  1 -2 -4 -3 -3    2   9  10   5   0   1   3  33   3   0   1  14   1   0   2  14   0   0   0   2  0.40 0.14
  489 N   -1  2  3  1 -3  0  0  1  2 -3 -3  0 -1 -1  1  0 -1 -3 -1 -3    4  14  16   9   0   3   5  14   8   0   0   4   1   4   6   7   2   0   1   1  0.24 0.10
  490 D   -1  1  1  3 -3  0  1  1  0 -2 -3  1 -1 -3  1  1 -1 -3 -1 -2    3   7   5  18   0   3   9   9   2   4   2  13   1   1   7  13   2   0   2   0  0.22 0.09
  491 R   -1  5  1  0 -4  0 -1  0  0 -4 -3  2 -3  0  0  0  0 -3 -1 -3    2  40   8   4   0   1   2   7   1   0   0   9   0   6   4   8   4   0   2   0  0.44 0.17
  492 F    0  1  1  1 -3  0  0  1  0 -2 -2  1 -2  1  1  0 -1 -2  1 -1    6   7   5  11   0   2   6  15   2   2   1   8   0  10   6   7   1   0   5   4  0.12 0.06
  493 D    0  2  1  3 -3  0  1  1 -1 -2 -3  1 -2 -2  0  1 -1 -3 -2 -2    8  13   9  19   0   2   7  11   1   3   1   8   1   1   5   9   1   0   1   2  0.21 0.08
  494 K   -2  4  1  1 -4  0  0  0 -1 -3 -2  3 -1  1 -3  0 -2 -3 -1 -3    1  27   6   9   0   1   4   9   1   0   2  23   1   7   0   5   0   0   1   1  0.35 0.14
  495 E   -1  1  1  1 -3  0  1  1 -1 -2 -2  2  1 -1 -1  1 -1 -3 -1 -2    3   7   6   9   0   1  10   9   1   2   2  18   7   3   3  12   1   0   2   2  0.13 0.08
  496 K   -1  2  2  1 -3  1  1  0  0 -3 -3  3 -2 -2 -1  0 -1 -3 -2 -3    3   9  10  10   0   7   9   7   3   2   1  28   0   2   1   6   2   0   1   1  0.29 0.11
  497 R   -1  4  1 -1 -3  0 -1 -1 -1 -3 -2  2 -2  0 -1  1  0 -3 -1 -2    2  33   8   3   0   3   1   3   1   0   2  15   0   4   3  11   6   0   2   3  0.34 0.14
  498 Y   -1  1  1  0 -3  0  0  1  2 -2 -2 -1 -2  2 -1  1  0  0  4 -2    3   8   8   5   0   2   5  10   5   1   1   2   0  12   3  12   4   1  18   2  0.18 0.10
  499 R   -1  4  1  1 -3  1 -1 -1  0 -2 -3  2 -2  0 -1  0 -1 -3 -1 -2    5  35   8   8   0   4   1   5   2   2   1  10   0   5   2   6   1   0   2   4  0.31 0.13
  500 K   -1  3  0  0 -3  1  0  0 -1 -1 -2  4 -1 -3 -2  1 -1 -3 -2 -2    4  16   3   5   0   6   3   6   1   6   1  33   2   0   0  10   1   0   1   0  0.31 0.13
  501 D   -1  0  1  4 -3  0  1  1  1 -2 -3  1 -3 -2 -1  1 -1 -3 -1 -3    2   5   8  28   0   2   7  14   4   2   1   8   0   2   3  11   1   0   2   1  0.30 0.11
  502 N   -1  0  4  2 -3  0  0  1  2 -3 -3  0 -2 -2 -1  1  0 -4 -2 -1    2   5  28  12   0   3   5  11   6   0   1   4   0   2   3   8   3   0   1   5  0.30 0.12
  503 K   -1  3  0 -1 -3  0 -1  1  1 -3 -3  4 -1 -1 -1  0 -1 -3 -2 -1    3  20   2   3   0   2   1  11   4   0   1  34   1   2   2   6   1   0   1   5  0.34 0.14
  504 K   -1  3  1 -1 -4  0  0  0 -1 -4 -3  4 -2 -4  0  0  0 -4 -2 -3    4  20   5   1   0   2   5   7   1   0   1  37   0   0   4   7   4   0   1   0  0.44 0.16
  505 P   -1  1 -1  0 -3  0 -1  0 -2 -3 -2  1 -1 -3  5  1  0 -3 -2 -2    2  10   2   5   0   2   1   9   0   1   3   9   2   0  32  15   4   0   2   3  0.49 0.13
  506 R   -1  4  1 -1 -3  0  0  1  4 -2 -3  1 -2 -2 -2  1 -1 -3  0 -1    2  27   7   3   0   4   3  11  12   3   1   5   0   1   1  11   2   0   4   4  0.26 0.11
  507 N   -1  3  3  0 -3  0 -1  2  1 -3 -3  1 -2  0  0  0  0 -1 -1 -3    5  18  20   4   0   2   2  15   4   0   1   9   0   7   3   2   6   1   1   1  0.24 0.10
  508 T    0  1  1  0 -2  0  0 -1  0 -2 -2  2 -2  0 -1  1  1 -3 -2 -1    8  10   8   5   0   3   5   4   3   1   1  16   0   5   2  11  14   0   0   3  0.15 0.06
  509 L    0  1  1 -1 -2  1  0  1  1 -2 -2  2 -2 -3  0  2  0 -3 -2 -1    7  10   5   2   0   6   6   9   4   2   3  14   0   0   3  25   2   0   0   3  0.18 0.08
  510 S    0  0  2  1 -2 -1  0  1  0 -2 -3  0 -2 -1  0  3  0 -3 -2 -1    4   4   9   6   0   1   5  11   2   0   1   4   0   3   4  36   3   0   0   6  0.23 0.11
  511 E   -1  1  1  2 -3  1  3  1  1 -2 -3  1 -2 -1 -1  0 -1 -3 -2 -2    3   7   8  10   0   3  25  13   3   2   1  11   1   3   2   3   2   0   0   2  0.25 0.09
  512 K   -1  1  2 -1 -4  1  0  1 -2 -3 -3  5 -2 -4 -1  1 -1 -4 -3 -3    2   6  13   0   0   7   3  10   0   1   1  46   0   0   1   8   0   0   0   1  0.50 0.17
  513 Q   -1  2  0  0  0  1  1 -2 -2 -1 -3  4 -1 -3 -2  1  0 -4 -3 -2    2  11   4   4   3   6   7   2   0   6   0  37   2   0   0  10   4   0   0   0  0.33 0.13
  514 T   -1  4  1 -2 -3  0 -1 -3  1 -2 -3  1 -2 -3 -1  1  2 -4 -2 -1    3  35   9   0   0   1   1   0   5   1   0   9   0   0   3   8  18   0   0   6  0.40 0.14
  515 G   -1  2  1  1 -3 -1  1  4  0 -4 -4  0 -3 -4 -2  1 -1 -3 -3 -3    0  13   6   9   0   1  11  38   2   0   1   6   0   0   0   9   2   0   0   0  0.45 0.12
  516 F   -3 -1 -1 -4 -4 -1 -3 -4 -2 -2 -1 -3 -2  8 -4 -2 -3 -1  3 -2    1   3   3   0   0   4   1   1   0   0   3   1   0  74   0   2   1   0   5   1  1.22 0.26
  517 V    1 -1 -2 -3 -2 -1 -2 -2 -3  0 -1  2 -1 -1 -2 -1  3 -3 -2  3   14   0   0   0   0   1   0   2   0   2   0  18   0   2   0   0  23   0   0  34  0.29 0.15
  518 I   -2 -4 -4 -1 -3 -3 -3 -5 -4  6  0 -2  0 -2  2 -2 -2 -4 -3  1    0   0   0   4   0   0   1   0   0  70   0   3   2   0  11   2   0   0   0   6  0.78 0.23
  519 R    0  6  0 -3 -4 -1 -1 -3  1 -2 -3  3 -3 -2 -3 -2 -2 -4 -3 -2    7  62   3   0   0   0   0   0   3   2   0  18   0   2   0   0   0   0   0   2  0.92 0.24
  520 N   -2 -1  6  1 -4  1  1 -1  1 -4 -4  1 -3 -2 -1  0  1 -4 -3 -4    0   0  47   5   0   4  11   2   3   0   0  10   0   2   2   2  11   0   0   0  0.61 0.18
  521 K   -2  3  2 -1 -4  1  1 -3 -2 -4 -4  5 -3 -5 -3 -1 -2 -4 -3 -4    0  14  14   0   0   2   7   0   0   0   0  60   0   0   0   3   0   0   0   0  0.84 0.22
  522 G    0  0  0 -2 -3  0 -1  5 -2 -4 -3  2 -3 -4 -2  1 -1 -3 -3 -3    6   3   3   0   0   4   1  50   0   0   2  18   0   0   0  10   3   0   0   0  0.55 0.11
  523 D   -2 -2  1  6 -4 -1  2 -1 -2 -3 -4 -1 -3 -4 -2  0 -2 -5 -4 -2    0   0   6  68   0   0  14   3   0   0   0   0   0   0   0   4   0   0   0   5  0.91 0.14
  524 K   -1  4 -1 -1 -4  1  1 -2 -1 -3 -3  5 -2 -4 -2 -1 -1 -4 -2 -3    0  32   0   0   0   0   7   0   0   0   0  61   0   0   0   0   0   0   0   0  0.68 0.08

                      K         Lambda
Standard Ungapped    0.1358     0.3164
Standard Gapped      0.0569     0.2670
PSI Ungapped         0.1858     0.3141
PSI Gapped           0.0569     0.2670
