
Last position-specific scoring matrix computed, weighted observed percentages rounded down, information per position, and relative weight of gapless real matches to pseudocounts
           A  R  N  D  C  Q  E  G  H  I  L  K  M  F  P  S  T  W  Y  V   A   R   N   D   C   Q   E   G   H   I   L   K   M   F   P   S   T   W   Y   V
    1 M   -2 -3 -4 -5 -3 -2 -4 -5 -3  3  3 -3  8 -1 -4 -3 -2 -3 -2  1    0   0   0   0   0   0   0   0   0  16  21   0  59   0   0   0   0   0   0   4  0.98 0.25
    2 K    1  0 -2 -2 -3  1 -1 -2  0 -2 -2  3  1 -2  1  0  0  3 -2 -1   19   2   0   0   0   8   0   0   3   1   0  30   6   2   8   3   8   6   0   4  0.27 0.14
    3 K    3  1 -2 -3 -3  1 -1 -3 -2 -3 -1  4 -2  0 -3  0  1 -4 -3 -2   27   5   0   0   0   5   0   0   0   0   5  38   0   4   0   4  11   0   0   0  0.45 0.24
    4 I   -1 -3 -3 -4 -2 -2 -3 -2 -3  3  3 -3  2  2 -3  0  0 -3  0  2    5   0   0   0   0   1   0   2   0  20  28   1   5  12   0   8   5   0   1  12  0.31 0.16
    5 V    1 -2 -3 -4 -2 -3 -3 -3 -3  2  2 -3  1  2  0 -1  0 -1 -1  2   19   2   0   0   0   0   0   0   0  13  24   0   2  10   6   4   5   1   1  15  0.25 0.15
    6 S    3 -3 -1 -3 -3 -2 -2  1 -3  0 -2 -2 -2 -3  0  4  2 -4 -3  0   23   0   2   0   0   0   0   8   0   7   2   0   0   1   3  36  13   0   0   5  0.44 0.27
    7 I    1 -3 -3 -4 -2 -1 -3 -3 -2  3  2 -3  1  0 -3 -1  0 -3 -2  2   14   0   0   0   0   4   0   1   1  19  26   0   3   4   0   4   6   0   0  18  0.32 0.19
    8 L    1 -3 -3 -4 -2 -3 -3 -1 -4  1  3 -3  0  0 -3  0  1 -3 -2  1   17   0   1   0   0   0   0   5   0   6  37   0   1   4   0   9   9   0   0  12  0.31 0.20
    9 F    2 -2 -2 -3  0 -2 -3 -1 -1  0  2 -1  1  2  1 -1  0 -3 -2  0   23   1   2   0   1   1   0   3   1   4  24   2   4   9   8   3   7   0   0   7  0.18 0.15
   10 M    1 -3 -1 -3 -1 -2 -2 -1 -1  1  1 -2  1 -1 -1  2  0 -3 -2  1   17   0   3   0   1   0   0   4   1  10  20   1   3   3   2  21   6   0   1   8  0.17 0.15
   11 F    2 -3  0 -3 -2 -2 -3 -1 -3  1  1 -2  1  2 -1  1  1 -3 -2  1   22   0   7   0   0   0   0   4   0   6  18   0   3  10   2   9   7   0   0  10  0.17 0.15
   12 G    2 -3 -2 -2 -3 -2 -3  3 -3 -2  0 -2  0 -1  1  2  0 -4 -3  0   23   0   0   1   0   1   0  22   0   1  13   0   3   2   6  18   4   0   0   6  0.30 0.21
   13 L    3 -2 -3 -4 -3 -1 -3 -3 -4  1  3 -3  2 -2 -3  0  0 -4 -2  1   35   1   0   0   0   3   0   0   0   6  29   0   5   1   0   6   4   0   0   9  0.41 0.25
   14 V    2 -3 -2 -3  5 -1 -3 -2 -4  0 -2 -3 -2 -3 -1  1  3 -4 -3  1   21   0   1   0  14   2   0   2   0   4   2   0   0   1   3  12  24   0   0  13  0.45 0.28
   15 M    2 -2  0 -2  0 -1 -2  0 -1  0  1 -1  2  1  0  1  1 -3 -2  0   20   0   4   0   2   1   0   7   1   4  13   3   7   7   4  11  10   0   0   6  0.11 0.12
   16 G    2 -3  0 -3  1  0 -2  4 -1 -3 -1 -3 -2 -1  0  0  0 -4 -3  0   25   0   3   0   3   4   1  30   1   0   7   0   0   3   5   6   5   0   0   7  0.34 0.22
   17 F    2 -2 -2 -3  2  1 -2 -1 -1 -1 -1 -1  0  1  0  1  1 -1  2  0   23   1   0   1   4   9   0   4   1   1   5   2   3   7   5   9   8   1  10   7  0.17 0.17
   18 S    3 -2 -2 -2 -1 -1  0  0  0 -3 -3 -1 -3 -2 -2  3  3 -4  0 -1   25   1   1   1   1   1   8   8   2   0   2   1   0   2   1  21  19   0   3   3  0.34 0.26
   19 Q    3 -1  0 -2  1  1 -2  2 -2 -2 -1 -1 -2 -4  1  1  0 -1 -3 -1   27   3   4   1   3   9   0  20   0   1   6   2   0   0   8   8   5   1   0   3  0.28 0.21
   20 F    2 -2  0 -1 -1 -1 -1  2 -2 -1  0 -1 -1  1  1  1  0 -3 -1  0   18   1   5   2   1   3   1  14   0   3  10   1   1   8   7  11   7   0   1   6  0.11 0.11
   21 Q    0 -1 -1 -2  2  0 -2 -1 -2  1  0 -1  1  0 -1  0  1  4 -2  1   10   4   3   1   5   4   1   5   1   8   9   2   4   4   2   5  11   7   0  15  0.10 0.10
   22 P    1 -2  0 -3 -4 -3 -2 -3 -4 -2 -3 -2 -4 -2  7 -1  3 -5 -5 -2   10   2   4   1   0   1   1   1   0   2   2   2   0   2  49   2  19   0   0   2  1.14 0.47
   23 S    0 -2  0  0 -1 -2 -2 -2 -3  0 -1  0 -2  1  0  1  2  6 -1 -1    8   1   6   6   1   1   1   1   0   8   3   8   0   8   5   9  18  14   1   2  0.31 0.22
   24 T    0 -1 -2 -3 -4 -3 -2  0 -2 -3 -4 -2 -4 -5  7  0  1 -5 -5 -2    8   4   1   1   0   0   1   8   1   2   1   2   0   0  51   6  11   0   0   3  1.11 0.44
   25 V    1 -1  1 -2 -3 -1 -1 -2 -3  0  0  0 -1 -1 -1  1  3  2 -3  1   13   2   6   1   0   3   2   1   0   4   7   5   1   2   2  11  27   3   0   9  0.22 0.20
   26 F    1 -1 -1 -2 -3 -2 -1  1  1 -3 -3 -1 -3 -1  5  2  0  4 -2 -3   11   2   2   2   0   1   3   9   3   1   2   3   0   2  29  17   5   6   1   1  0.53 0.26
   27 A    2  0  0 -1 -3 -1 -1  0 -1 -3 -3  1 -2 -4  2  2  2 -4 -3 -1   20   4   3   2   0   2   2   5   1   0   1   9   1   0  11  18  17   0   0   4  0.30 0.21
   28 A    2 -2  0 -2 -3 -2 -1  3 -3 -1 -3  0 -3 -4  1  2  0 -4 -3 -1   16   0   5   1   0   0   4  29   0   4   1   5   0   0   7  16   6   0   0   4  0.36 0.23
   29 D    0 -2  1  0 -3 -1 -1 -2 -1 -1 -3 -2 -3 -4  2  3  3 -4 -2 -1    8   1   7   5   0   2   3   2   1   4   1   1   0   0   9  27  25   0   1   3  0.40 0.28
   30 K   -1 -1 -1 -2 -3  2  1  1 -2  0 -2  2 -2 -3 -2  1  2 -4 -2  2    1   2   2   1   0   9   7  12   0   7   1  14   0   1   1   9  14   0   1  17  0.18 0.18
   31 V    1  0 -1 -2 -2  0 -1 -1 -1  0 -1  0 -1 -2  1  1  2 -4 -1  2   10   4   1   1   0   4   3   3   1   6   3   7   0   1   5  14  17   0   1  19  0.14 0.15
   32 V   -1 -3 -1 -4  1  0 -2 -3 -3  1  2 -3  0  2 -2 -1 -1 -1  1  4    5   1   3   0   3   6   1   1   0   6  20   0   0   8   1   3   2   1   4  35  0.31 0.22
   33 H    0 -1  2  1 -3  1 -1 -1  0 -4 -3  1 -3 -4  2  3  1 -5 -3 -3    5   1   9   8   0   6   3   2   2   0   2  10   0   0   8  32  10   0   0   1  0.39 0.26
   34 E    2 -1 -1  0 -3  1  2 -2 -2 -3 -2  2 -1 -2  0  1  0 -4 -2 -1   26   1   1   4   0   5  14   1   0   0   4  18   2   2   4  10   4   0   1   3  0.27 0.21
   35 T    1 -3 -3 -3 -4 -2 -3 -2 -3 -3 -4 -2 -1 -5  5  0  4 -5 -2  0   11   0   0   1   0   1   0   3   0   0   0   2   1   0  35   6  30   0   1   8  0.90 0.41
   36 I   -1  1 -3 -4 -3  0 -3 -4 -1  5 -1  0  3 -1 -2 -1  0 -3  2  0    4  10   0   0   0   5   0   0   2  42   2   5   8   2   1   5   4   0   7   2  0.43 0.29
   37 I    0 -1 -1 -2 -3 -1  1 -3 -2  1 -1  0  0 -2  0 -1  3 -3  1  2    6   3   3   0   0   2   9   0   0   8   3   7   2   0   5   3  22   0   7  19  0.18 0.18
   38 V   -2 -4 -5 -5 -1 -3 -5 -5 -5  5 -1 -3  0 -2 -4 -2 -2 -5 -3  5    1   0   0   0   1   1   0   0   0  33   3   2   1   1   0   2   1   0   0  53  1.05 0.42
   39 P    1  0 -1 -2 -3 -1  0 -1  0 -2 -2  4 -1 -3  2  0  0 -3 -2 -1   14   3   3   1   0   1   3   4   2   2   3  31   1   1  12   7   5   0   1   4  0.28 0.17
   40 K    4 -1 -1 -2 -2 -2 -1  0 -2 -1 -2  1 -2 -3  1  1 -1 -3 -3  1   40   2   2   2   0   1   2   4   0   3   2   9   0   1   7  13   2   0   0   9  0.32 0.19
   41 N   -1 -3  2 -2 -4 -3 -3  6 -3 -5 -5 -2 -4 -5 -4  2  0 -5 -4 -4    3   0   9   2   0   0   0  57   0   0   0   2   0   0   0  20   5   0   0   0  1.04 0.40
   42 T   -1 -1 -1 -1 -4  3  3  3 -2 -4 -4  1 -3 -4 -3 -1  1 -4 -4 -3    4   2   2   2   0  17  26  26   0   0   0   6   0   0   0   1  11   0   0   2  0.55 0.29
   43 T   -1 -3 -1 -2 -3 -1 -2 -3 -3  0 -2 -2 -2 -3 -1  1  4 -4 -3  4    3   0   2   2   0   2   2   1   0   3   1   2   0   1   2  11  37   0   0  30  0.55 0.31
   44 Y   -3 -2 -4 -5 -4 -4 -4 -4 -3 -2 -1  0 -1  7 -4 -4 -3  0  4  1    1   2   0   0   0   0   1   1   0   0   4   8   1  54   0   1   1   1  15  10  1.16 0.42
   45 D   -5 -5  0  8 -7 -4 -2 -5 -5 -7 -7 -4 -7 -7 -5 -4 -2 -8 -7 -7    0   0   2  96   0   0   0   0   0   0   0   0   0   0   0   0   2   0   0   0  2.56 0.78
   46 G   -2 -5 -4 -5  3 -4 -5  6 -4 -5 -4 -5 -1  3 -3 -3 -4 -4  2 -5    2   0   0   0   7   0   0  66   0   0   1   0   2  13   1   0   0   0   8   0  1.36 0.51
   47 K   -2 -1 -1 -1 -5  1 -1  5  1 -5 -4  4 -4 -5 -3 -2 -3 -5 -4 -5    2   2   3   3   0   5   2  48   4   0   1  29   0   0   1   0   0   0   0   0  0.94 0.40
   48 G   -4 -4  4 -4 -2 -3 -4  2 -3 -3  0 -4  7  1 -5 -3 -3  4  2 -3    0   0  19   0   1   0   0  18   0   0   7   0  37   4   0   0   1   6   7   0  1.01 0.48
   49 Q    1  1 -2 -2 -4  3 -1 -2 -3 -1 -3  5  0 -4 -3 -2  0 -1 -2  0   11   5   1   1   0  14   1   2   0   3   1  44   2   0   0   0   6   1   1   8  0.59 0.34
   50 R   -3  5 -2 -3 -4 -1  1 -4 -3 -2 -1  2  1 -4 -4 -2  4 -4 -1 -3    1  31   1   0   0   1  11   0   0   2   6  10   4   0   0   0  30   0   3   1  0.66 0.37
   51 F   -5 -5 -5 -6 -5 -5 -5 -6  0  0  0 -5 -3  6 -6 -5 -5  2  7 -2    0   0   0   0   0   0   0   0   1   6  10   0   0  36   0   0   0   2  43   2  1.62 0.56
   52 V   -2 -1  1  4 -2 -1  1  0 -1 -1 -3  0 -3 -2 -3 -1  0 -3  2  0    1   2   6  32   1   1  10   8   1   5   1   4   0   1   0   4   7   0   8  10  0.34 0.21
   53 A    2  6 -3 -3 -4 -2 -3  2 -3 -4 -4 -1 -3 -4 -1 -1 -2 -4 -1 -4   17  52   0   0   0   0   0  17   0   0   1   0   0   0   3   3   1   0   2   0  0.94 0.40
   54 G   -1 -3  1  0 -3 -2 -2  5 -3 -4 -4 -1 -4 -4 -1  3  0 -4 -4 -3    2   0   5   4   0   0   2  43   0   1   1   4   0   0   2  28   6   0   0   2  0.71 0.32
   55 K   -1  1  1  1 -3  0 -1  1 -1 -1 -2  0 -1 -1  2  2  0 -3 -2  1    3   7   6   9   0   2   2  11   1   2   2   4   1   2  12  17   4   0   0  12  0.16 0.12
   56 E    2 -1  0  1 -1 -1  0  2 -2 -1 -3  1 -2 -3  0  2  0 -4 -3 -1   19   1   5   8   1   1   5  14   0   5   1  12   0   0   3  17   4   0   0   4  0.20 0.15
   57 L   -2 -4 -3 -5  9 -4 -4 -4 -1  1  2 -4  2 -1 -2 -2  1 -2 -3 -1    2   1   1   0  42   0   0   1   2   6  22   1   4   2   2   1   8   1   0   3  1.07 0.40
   58 G   -1 -2  2  0  5 -1 -1  3  0 -2 -2 -1 -3 -3 -2  0  0 -4 -3 -3    3   1  11   5  14   2   4  28   2   2   5   4   0   1   1   7   7   0   0   0  0.37 0.20
   59 D   -2 -1  1  3  2 -1  0  3 -3 -3 -3 -1 -3 -4 -1  1  1 -4 -4 -3    1   2   8  19   6   1   7  25   0   1   2   1   0   0   3  11  12   0   0   1  0.39 0.21
   60 G   -1  0  1  2  0  5 -1  4 -3 -5 -5 -1 -3 -5 -3 -1 -3 -1 -4 -3    2   4   7  11   2  28   1  34   0   0   0   3   0   0   1   3   0   1   0   2  0.68 0.33
   61 S    1 -1  1  1 -2  0  0  3 -2 -3 -3  0 -2 -3 -1  2  0 -4 -2 -1   12   2   6   9   1   4   4  22   0   1   1   7   0   0   2  17   6   0   1   5  0.24 0.14
   62 Q   -3  0 -1  2  2  4  5 -3  1 -2 -4  0 -3 -5 -3 -2 -2 -5 -4 -4    0   5   2   9   4  26  40   1   3   3   1   2   0   0   0   0   2   0   0   0  0.80 0.35
   63 S    0 -2  1  1 -3 -1 -1  4 -2 -3 -2 -1 -2 -4 -1  2  1 -4 -2 -2    5   2   8   6   0   1   4  32   1   0   3   2   1   0   2  21  10   0   1   2  0.39 0.19
   64 E   -1 -3 -1  1 -4  0  4  4 -3 -5 -5 -1 -4 -5 -2 -1 -1 -5 -4 -3    3   0   2   6   0   2  35  38   0   0   0   3   0   0   1   2   4   0   0   2  0.73 0.30
   65 N   -1  0  1  3 -4 -1  1  2  1 -4 -3  1 -3 -1 -2  1  0  4 -1 -3    3   3   7  22   0   1   9  14   5   0   1   8   0   4   1   9   5   7   1   1  0.30 0.15
   66 Q    1  0  0  1 -4  5  0 -2 -1 -4 -2  1  1 -3 -3  1 -1 -4 -1 -3   13   4   2   7   0  39   2   2   1   0   3  10   4   1   0  10   2   0   2   1  0.51 0.28
   67 D   -1 -1  1  4 -4  1  1 -1 -1 -4 -3  2 -1 -4  1  0  1 -4 -3 -3    2   0   4  35   0   6   5   4   1   0   1  19   2   0   7   6   8   0   0   0  0.46 0.18
   68 P    4 -3 -3 -3 -3 -3 -2 -2 -1 -4 -4 -3 -3 -3  6 -1  0 -4  1 -3   45   0   0   0   0   0   1   1   1   0   0   0   0   0  38   2   4   0   7   0  0.99 0.31
   69 V   -1 -4 -4 -5  0 -3 -4 -4 -4  3  2 -4  2 -2 -2 -2 -1 -4 -3  5    4   0   0   0   2   0   0   0   0  13  16   0   6   0   2   1   1   0   0  55  0.64 0.24
   70 F   -4 -5 -5 -6 -4 -5 -5 -5 -4  1  0 -5  2  8 -5 -4 -4 -1  1  0    0   0   0   0   0   0   0   0   0   8   7   0   6  75   0   0   0   0   0   4  1.50 0.39
   71 R   -2  0  0 -2 -2 -1  1 -3 -2  2  1  0  1 -1 -3 -1  0  0  0  1    0   7   7   1   0   1  11   0   0  22  16   6   3   2   0   1   6   1   3  12  0.13 0.10
   72 V   -1 -4 -5 -5 -3 -4 -4 -5 -4  2  5 -4  2  0 -4 -4 -2 -3 -2  3    3   0   0   0   0   0   0   0   0  10  63   0   3   2   0   0   0   0   0  19  0.77 0.25
   73 E    0  0 -1  0 -4  2  5 -2  0 -3 -2  2 -1 -4 -3 -1 -2 -4 -3 -3   10   3   2   1   0   9  50   1   2   1   3  12   2   0   0   3   0   0   0   0  0.60 0.24
   74 D    1 -1  3  3 -4 -1  1 -2  0 -4 -4  1 -3 -4  3  1 -1 -5 -3 -3   12   2  20  22   0   1   6   0   3   0   0   7   0   0  18   8   1   0   0   0  0.53 0.18
   75 G   -2 -4 -1 -3 -4 -3 -4  7 -4 -5 -5 -2 -4 -5 -4 -1 -3 -4 -4 -3    0   0   3   0   0   0   0  87   0   0   0   2   0   0   0   2   0   0   0   2  1.56 0.36
   76 A    5 -3 -3 -3 -2 -3 -3  3 -3 -3 -3 -3 -3 -4 -3  1 -1 -4 -4  0   60   0   0   0   0   0   0  25   0   0   0   0   0   0   0   7   3   0   0   6  0.79 0.29
   77 T   -1 -3 -1 -3 -3 -1 -2 -3 -1  0 -3  0 -2 -4 -3  2  6 -4 -3  1    3   0   1   0   0   1   0   0   2   5   0   4   0   0   0  13  60   0   0  11  0.75 0.30
   78 L   -1 -4 -5 -5 -3 -4 -5 -5 -5  4  5 -4  0 -1 -4 -4 -3 -4 -3  1    4   0   0   0   0   0   0   0   0  25  64   0   0   0   0   0   0   0   0   7  0.88 0.28
   79 K    0  1 -2 -2  3  1  1 -2 -2 -1 -1  1  2  1 -2  1  1 -3 -1  0    9   9   0   0   9   9   9   0   0   0   0   9   9   9   0   9   9   0   0   9  0.15 0.15
   80 N   -2  1  6  2 -4 -1 -1 -2 -1 -4 -4  1 -3 -4 -3  1 -1 -5 -3 -4    0  10  70   7   0   0   0   0   0   0   0   7   0   0   0   7   0   0   0   0  0.90 0.22
   81 V    2 -3 -3 -3  3 -2 -2 -2 -3  1  1 -2  0 -2 -2 -1 -1 -3 -2  4   24   0   0   0   7   0   0   0   0   0  13   0   0   0   0   0   0   0   0  51  0.33 0.13
   82 V   -2 -1 -1 -3 -3  0 -2 -4  1  5 -1 -2 -1  1 -4 -3 -1 -4 -2  2    0   5   4   0   0   4   2   0   4  53   1   2   0   5   0   0   2   0   0  16  0.57 0.27
   83 L   -3 -4 -4 -5 -3 -4 -4 -5 -4  6  3 -4  2  1 -4 -4 -2 -3  0  1    0   0   0   0   0   0   0   0   0  57  25   0   4   5   0   0   0   0   4   2  0.87 0.31
   84 G   -1 -3  0 -1 -3 -3 -3  6 -3 -4 -4 -3 -3 -3 -3  0 -2  4 -3 -4    4   1   4   3   0   1   1  69   0   1   1   1   0   1   1   5   1   5   0   1  1.11 0.31
   85 A    2  1 -1 -1  0  0  1 -1 -2 -2 -1  1 -2 -3  2  0  1 -3 -2 -1   28   7   2   3   2   3   8   3   0   1   5  11   0   0  10   3  10   0   1   2  0.20 0.12
   86 P    0  0  3  2 -3 -1  0  1  0 -3 -3  0 -3 -3  2  1  0 -3  1 -3    5   3  15  13   0   0   3  13   2   0   2   6   0   0  11  13   4   0   7   0  0.28 0.17
   87 A    0 -2 -1 -2 -4  6  0  2 -2 -4 -3 -1 -2  1  0  0  0 -3 -3 -2    9   0   2   0   0  43   3  15   0   0   0   0   0   7   4   5   6   0   0   3  0.57 0.34
   88 A    1 -1 -1 -1  0  0  0  1  0  0  0  0  0  1 -2  1  0 -2 -1  0   17   3   3   1   2   6   4   9   2   6   9   4   3   7   1  10   3   0   1   9  0.03 0.05
   89 D   -2  0  0  2 -4  1  5 -3  1 -4 -4  0 -3 -4  1  1  0 -4  0 -3    1   3   3  12   0   3  41   0   3   0   1   5   0   0   7  11   4   0   3   0  0.56 0.27
   90 G    0 -1  0  2 -2  2  2  2 -1 -3 -2  0 -2 -3 -1  1  0 -2 -2 -2    1   1   1  18   0  17  18  18   0   1   2   1   0   1   1  18   1   0   1   1  0.28 0.04
   91 V   -2 -4 -4 -4 -3 -4 -4 -5 -4  5  1 -4 -1 -2 -4 -3 -2 -4 -3  5    0   0   0   0   0   0   0   0   0  45   6   0   0   0   0   0   0   0   0  45  0.94 0.33
   92 H   -3 -2  1 -3 -5 -1 -2 -4  9 -2 -3 -3 -3  0 -4 -2 -3 -1  2 -3    0   1   5   0   0   2   1   0  71   2   1   0   0   4   0   1   0   1   7   2  1.70 0.48
   93 T   -1 -4 -4  0 10 -4 -4 -4 -4 -2 -1 -4 -1  0 -1 -3 -1 -4 -3  0    3   0   0   5  65   0   0   0   0   0   6   0   1   4   3   0   3   0   0   7  1.61 0.44
   94 Y   -1  1 -1  0 -3  1  0 -3  0 -1  1  2  1  0 -2  0 -1 -2  3 -1    2   9   3   6   0   7   7   0   1   2  16  18   6   2   0   5   3   0  14   1  0.16 0.14
   95 G    0 -3  1 -1 -4 -1 -3  6  1 -5 -5 -3 -4 -4 -3 -1 -3 -4 -4 -4    7   0   5   4   0   2   0  70   4   0   0   0   0   0   0   4   0   0   0   0  1.15 0.37
   96 N    1 -1  2  3 -3 -1  0  1  0 -2 -3 -1 -3 -3  1  2  0 -4 -2 -3   10   1  10  18   0   2   3  10   2   2   1   3   0   0   6  24   6   0   1   0  0.30 0.16
   97 V    1 -4 -2 -4 10 -4 -4  0 -4 -3 -3 -4 -3 -4 -2 -2 -3  1 -1  0   10   0   2   0  64   0   1   7   0   0   1   0   0   0   2   1   0   2   3   6  1.66 0.47
   98 N   -1  0  2 -1 -3 -2 -1 -3 -2 -1 -2  1 -2 -3 -2  0  5  1 -3  0    2   4   9   2   0   0   2   1   0   2   2  10   0   0   1   3  53   2   0   5  0.57 0.29
   99 I   -2 -3 -4 -4 -2 -3 -3 -4 -4  4  3 -3  2  0 -3 -3 -1 -3 -2  2    2   1   0   1   0   0   1   1   0  34  39   1   5   2   1   1   2   0   0   9  0.58 0.24
  100 Q   -1  0  1  2 -3  2  4 -2 -1 -2 -2  1 -2 -3 -2 -1  0 -3 -1 -1    2   3   8  13   0   9  35   1   0   2   2   7   0   0   1   3   5   0   2   7  0.38 0.19
  101 N   -3 -1  7  0 -4 -2 -2 -2  0 -4 -4 -2 -3  1 -4 -1 -2 -4 -1 -4    1   3  74   3   0   0   1   1   2   0   1   1   0   7   0   2   1   0   2   1  1.34 0.45
  102 V   -1 -4 -4 -4  2 -3 -4 -4 -4  2  0 -4  0 -2 -4 -3 -2 -4 -3  6    3   0   0   0   5   0   1   1   0   6   3   1   2   0   0   1   1   0   0  75  1.00 0.38
  103 K   -3 -2 -2 -4 -4 -3 -2 -4  5 -2 -2 -2 -1  0 -4 -3 -2 10  3  0    1   2   2   0   0   0   3   1  15   2   2   2   1   2   0   1   2  47   8   9  1.59 0.46
  104 W   -1 -3  0 -4  0 -3 -3  0  0 -3 -2 -3 -2  4 -4 -1 -3 10  2 -2    5   0   6   1   2   0   1   7   2   0   1   1   0  18   0   3   1  40   7   3  1.22 0.37
  105 E   -1  1  0  1 -3  1  3 -2  0 -2 -1  2 -1 -3  0  0  0 -3 -2 -1    4   8   2   8   0   6  23   1   2   2   8  15   2   0   3   7   5   0   0   2  0.21 0.11
  106 D   -1  1  2  5 -3  2  0  0  2 -4 -4  1 -3 -4 -2  0 -2 -4 -3 -3    5   7   8  39   0  11   2   8   5   0   1   7   0   0   0   4   1   0   0   1  0.49 0.21
  107 V   -1 -3 -3 -3 -2 -3 -3 -2 -3  2  1 -3 -1 -2 -3  0  0 -3 -2  5    3   0   0   1   0   0   1   4   0   6  10   1   0   0   0   8   6   0   0  58  0.50 0.27
  108 G   -2 -4 -3  0  8 -3 -2  3 -3 -1 -3 -3 -3 -3 -3 -1 -1  1 -3 -1    1   0   0   6  46   0   3  23   0   4   1   1   0   0   0   4   3   2   0   4  1.00 0.35
  109 E   -2 -2 -1  2 -4  2  5 -3 -1 -4 -3 -1 -3 -3 -2 -1  0  2  2 -3    1   1   0  13   0   8  53   1   0   1   1   1   0   0   1   1   6   3   9   1  0.74 0.30
  110 D   -2 -1 -1  6 -4 -1  1 -1  3 -4 -4 -2 -3 -3 -3  0 -2 -4  1 -4    1   4   0  58   0   0   7   4  10   1   1   1   0   0   1   5   1   0   5   1  0.89 0.31
  111 A    5 -3 -3 -3 -2 -2 -2 -1 -3 -2 -2 -2  0  0 -2  0  0 -3 -2 -1   71   0   0   0   0   0   1   3   0   0   2   0   2   6   0   5   4   0   0   2  0.70 0.32
  112 L    1 -2 -3 -3 -2 -2 -2 -1 -3  3  2 -2  1  0 -2 -1  1 -3 -2  2   16   0   0   0   0   0   1   4   0  27  20   2   2   3   0   2   9   0   0  10  0.21 0.14
  113 T   -1 -2 -1 -2 -2 -1 -1 -1  3 -1 -1 -2 -2 -3 -1  2  5 -3 -2 -1    3   0   1   0   0   2   2   3   8   3   5   0   0   0   3  20  48   0   0   1  0.51 0.27
  114 V   -1 -2 -2 -2 -2 -2 -2 -3 -2  2  2 -1  0  3 -3 -1  0 -2 -1  3    2   0   2   2   0   1   1   1   1  12  20   4   1  16   0   4   6   0   0  26  0.22 0.14
  115 K   -2  2  2  0 -3  1 -1 -2 -2 -3 -2  4 -1 -3  1  1 -1 -4 -1 -2    1  10  10   4   0   6   0   1   0   1   5  39   1   0   6  12   1   0   2   1  0.40 0.23
  116 K    0  1 -1 -1 -3  1 -1  4 -2 -4 -4  0 -2 -4 -2  2  1 -4 -3 -3    3   7   1   1   0   7   2  41   0   0   1   4   1   0   1  20  11   0   0   0  0.51 0.24
  117 E    0 -1  2  2 -3  0  0  1 -2 -3 -4  1 -3 -4  1  3  1 -4 -3 -3    4   1  10  11   0   4   5  10   0   0   0   8   0   0   8  29  10   0   0   0  0.35 0.20
  118 G    0 -1  1  1 -3  1  1  0 -1  0 -2  0 -2  1  1  0  0 -2  1 -2    8   0   7   8   0   7   8   8   0   8   1   8   0   7   8   8   8   0   7   0  0.10 0.11
  119 K    0 -2  1  1 -3  1  0  0  1 -1 -2  1 -2 -3  1  0  3 -4 -3  0    6   0   8   8   0   7   4   6   4   2   2   9   0   0   6   6  22   0   0   8  0.16 0.19
  120 V    0 -1 -1 -3 -3 -2 -1 -1 -2  0  0 -1  2  0 -3  2  1 -2  3  1    8   3   3   0   0   0   3   3   0   4   6   3   7   4   0  18  11   0  15  12  0.17 0.21
  121 T   -2  1  1 -1 -1  0  0 -4  0 -1 -1  0 -1 -1 -3  1  4  5  1 -1    0   7   7   2   2   5   7   0   2   3   4   4   2   2   0   9  29   8   6   3  0.33 0.30
  122 I   -1 -5 -5 -6 -4 -5 -5 -6 -6  6  0 -5 -2 -3 -5 -4  1 -5 -4  5    4   0   0   0   0   0   0   0   0  47   4   0   0   0   0   0   7   0   0  38  1.17 0.50
  123 D   -2  0  1  0 -3  0 -1 -3 -2  3  0  0 -1 -2 -3  0  2 -3 -2  1    1   6   9   5   0   3   3   1   0  25   5   6   0   0   0   7  18   0   1   9  0.20 0.17
  124 G   -2 -4  3 -1 -1 -3 -3  6  0 -5 -5 -3 -4 -4 -4 -1  0 -4 -3 -4    1   0  18   2   1   0   0  64   2   0   1   0   0   0   0   2   5   0   1   0  1.19 0.41
  125 G   -2 -4 -3 -3  3 -4 -4  6 -4 -1 -4 -3 -4 -4 -4  1 -3 -4 -4 -2    1   0   0   0   6   0   0  70   0   4   1   0   0   0   0  11   0   0   0   3  1.29 0.43
  126 S    1 -3 -2 -2 -3 -3 -2  5 -3 -1 -3 -3 -2 -4 -3  1  0 -1 -4 -2   10   0   0   1   0   0   3  56   0   5   1   0   1   0   0  12   5   1   0   2  0.83 0.32
  127 A    6 -4 -4 -4 -3 -3 -3  1 -4 -3 -3 -3 -3  2 -3 -1 -2 -4 -3 -1   73   0   0   0   0   0   0  10   0   0   1   0   0   9   0   1   0   0   0   3  1.07 0.44
  128 Q   -2  4 -1 -2 -4  3 -1 -3  1 -3 -1  2 -2  2 -3 -1 -1 -2  4 -3    2  23   2   1   0  15   2   1   3   0   7  14   0   8   0   3   3   0  16   1  0.43 0.23
  129 K   -1 -1  4  0 -4 -1 -1  2  4 -4 -3  1 -3 -2 -2  0 -1 -3  1 -4    5   1  27   5   0   0   3  20  12   0   1  10   0   1   1   6   1   0   5   1  0.46 0.23
  130 A    5 -3 -2 -3 -3 -3 -3  2 -3 -3 -3 -3 -3 -4 -3  1 -1 -4 -4  0   64   0   1   0   0   0   0  14   0   0   1   0   0   0   0   7   3   0   0   5  0.87 0.39
  131 S    1 -1 -1  2 -3  0  1 -1 -1 -2 -3  0 -2 -2  1  2  1 -3 -1 -2   15   1   1  14   0   2  10   3   1   1   2   4   0   2   7  22   8   0   3   2  0.24 0.16
  132 D   -4 -1  0  8 -5 -1  0 -3  0 -5 -5 -3 -5 -5 -4 -3 -3 -5 -5 -5    1   3   3  81   0   2   2   2   3   0   1   0   0   0   0   1   0   0   0   1  1.78 0.55
  133 K   -3  1 -1 -1 -5 -1 -2 -4 -3 -4 -4  7 -4 -5 -3 -3 -3 -5 -4 -3    1   6   3   2   0   0   1   1   0   0   1  81   0   0   0   1   0   0   0   2  1.52 0.51
  134 I    0 -1 -2 -2 -2 -1 -2  0 -2  1  1  0  2  2 -2 -1  1 -1  2  1   10   0   0   0   0   0   1  10   0  10  10  10   9   9   0   1  10   0   9  10  0.08 0.09
  135 F   -1 -2 -3 -3 -2 -3 -3 -2 -2  3  1 -3  1  4 -3 -2 -2 -1  1  2    4   3   0   1   0   0   1   3   0  26   6   1   5  31   1   1   1   0   3  15  0.36 0.17
  136 Q   -2  1  0 -2  2  6  0 -3 -1 -2 -1  0 -1  0 -2 -1  1 -2  1 -1    1   7   3   1   6  50   1   1   0   1   4   1   0   4   1   1  10   0   6   3  0.51 0.27
  137 I   -1 -2 -1 -1 -3  2 -1 -1  6  0 -1 -2  0  1 -3 -1  0 -3  0  0    5   0   0   3   0  14   0   4  36   8   5   0   2   8   0   0   7   0   0   6  0.38 0.21
  138 N   -1  0  2  2 -3  2  2  1 -1 -3 -3  1 -2 -3 -1  1 -1 -3 -2 -2    1   1  13  13   0  13  13  13   0   1   1  13   0   0   1  13   1   0   0   1  0.27 0.07
  139 K    2 -1  0 -2 -3  0 -2  5 -3 -4 -4  0 -3 -4 -3  1 -1 -3 -3 -3   18   4   3   0   0   3   1  50   0   0   1   5   0   0   0   9   3   0   0   1  0.66 0.25
  140 A    1  1  0  1  0  0  0  1 -1 -1 -2  1 -2 -1  1  0 -1 -3 -1 -1   13  11   3  11   3   2   2   9   0   2   3  12   0   2   8   8   1   0   2   6  0.11 0.07
  141 S    1 -3  0 -2  1 -1 -2  5  0 -3 -3 -2 -3 -3 -3  0  0 -3 -3 -2   11   1   5   1   3   3   1  54   3   1   1   1   0   0   1   7   6   0   0   4  0.67 0.25
  142 T   -1 -1  2  1 -3  1  0 -2  1 -2 -2  0 -2 -3 -2  1  4  0 -2 -1    2   2   8   6   0   6   4   1   4   2   2   6   0   0   0  11  41   2   0   2  0.41 0.25
  143 F   -1 -3 -3 -4 -2 -3 -3 -4  0  1  2 -3  1  2 -3 -2  1 -3  0  4    3   0   0   0   0   0   1   1   3   4  16   0   2   8   0   2  11   0   3  44  0.43 0.24
  144 T   -1  0  2 -1 -3  0 -1 -2  0  1 -1  1 -1 -1 -2  0  3 -3  0  0    2   4  14   1   0   5   2   0   3   9   4  11   1   1   0   6  23   0   4   9  0.17 0.15
  145 V   -2 -5 -5 -6 -3 -5 -5 -6 -5  6  1 -5  1  0 -5 -4 -3 -5 -3  4    2   0   0   0   0   0   0   0   0  56   8   0   3   3   0   0   0   0   0  28  1.13 0.43
  146 K   -2  2  1  3  0  0  0 -1 -2  0 -3  3 -1 -4 -3  2  0 -5 -3 -2    0  11   5  20   2   2   2   4   0   7   1  20   1   0   0  19   5   0   0   1  0.34 0.24
  147 N   -2 -3  6  2 -2 -2 -3  4 -1 -5 -6 -2 -5 -5 -4 -1 -3 -6 -5 -3    2   0  42  12   1   1   0  34   1   0   0   2   0   0   0   4   0   0   0   2  1.04 0.44
  148 F   -4 -5 -5 -3  0 -5 -5 -4 -4 -2 -1 -5  1  8 -3 -3 -4 -2  3  0    0   0   0   2   3   0   0   1   0   1   2   0   3  72   2   2   0   0   7   5  1.62 0.57
  149 T   -1 -1 -3 -3  4  0 -1 -4 -2 -2 -3  0 -3  1 -4 -1  3 -2  6 -1    5   4   0   1  11   5   3   0   0   2   1   5   0   4   0   2  26   0  30   3  0.65 0.37
  150 A    4 -4 -4 -4  0 -3 -4 -2 -4  0 -1 -3 -1 -1 -4 -1  0 -4 -2  4   42   0   0   0   2   0   0   3   0   3   3   0   1   2   0   3   4   0   1  36  0.63 0.36
  151 D   -1 -1  2  2 -2  2  2  0 -1 -2 -3  1 -2 -3 -3  1  0 -4  0  0    2   1  14  10   1  12  18   5   1   2   0   7   0   0   0  10   5   0   4   8  0.27 0.19
  152 N   -2 -3  3  5 -5  0  0  2 -3 -5 -5 -1 -4 -5 -2  0  0 -5 -4 -5    1   0  18  42   0   4   4  17   0   0   0   3   0   0   2   5   4   0   0   0  0.82 0.36
  153 G    1 -4 -1 -4 -1 -3 -4 -2  2  2 -1 -3  0  5 -4  0 -3 -2  4 -1   12   0   3   0   1   0   0   2   6  13   2   0   2  33   0   9   0   0  14   3  0.56 0.30
  154 G   -2 -3 -1 -2  0 -3 -4  6 -4 -5 -5 -3 -4 -5 -4  0 -2 -4 -2 -3    1   1   3   2   2   1   0  77   0   0   1   1   0   0   0   7   2   0   1   1  1.35 0.45
  155 K   -3  1 -1 -3 -4  0 -2 -4 -1  0 -4  6 -3 -4 -3 -1  2 -5 -2 -3    0   6   2   0   0   2   0   0   2   5   0  64   0   0   0   2  13   0   1   0  0.96 0.43
  156 F   -2 -4 -4 -5 -3 -4 -4 -1 -4  0  4 -4  1  3 -4 -4 -3 -3 -2  2    1   0   0   0   0   0   0   6   0   0  57   0   3  13   0   0   0   0   0  17  0.72 0.33
  157 I    0 -4 -4 -5 -1 -4 -4 -3 -2  0 -1 -4 -1  3 -4 -3 -3  5  7  2    7   0   0   0   1   0   0   2   0   5   3   0   1  12   0   1   0   8  43  16  0.95 0.38
  158 R   -2  8 -3 -4  1  0 -2 -4 -3 -3 -4  0 -4 -5 -4 -3 -3 -5 -4 -3    4  82   0   0   3   2   2   0   0   2   0   1   0   0   0   0   0   0   0   2  1.65 0.56
  159 Q    0 -3 -1 -2 -3  1 -2 -2 -3 -4 -4 -2 -3 -4 -3  5  3 -5 -4 -3    7   0   1   1   0   7   0   2   0   0   0   0   0   0   0  63  18   0   0   0  0.96 0.45
  160 L   -2 -2  3 -4 10 -4 -5 -4 -4 -4 -2 -4 -4 -5 -5 -1 -3 -5 -5 -3    3   2  17   0  69   0   0   0   0   0   3   0   0   0   0   3   0   0   0   0  2.15 0.60
  161 G   -1 -4 -3 -3 -4 -1 -4  7 -4 -5 -5 -3 -4 -5 -4 -2 -1 -4 -5 -5    2   0   0   0   0   3   0  87   0   0   0   0   0   0   0   2   4   0   0   0  1.70 0.50
  162 G   -2 -2  6  2 -4 -2 -2  3 -2 -4 -4 -1 -4 -4 -3  0  1 -5 -4 -3    0   0  46  10   0   0   1  20   0   0   0   3   0   0   1   7   8   0   0   1  0.79 0.33
  163 S   -3 -4 -4 -4 10 -1 -2 -3  1 -3 -4 -1 -3 -4 -4 -1  1 -4 -1 -2    0   0   0   0  66   3   2   1   3   0   0   5   0   0   0   3   8   0   2   3  1.76 0.53
  164 T    0 -1 -1  0 -3  4 -1 -1 -2 -3 -3  2 -1 -3  1  2  2 -4 -3 -2    5   1   1   6   0  30   1   5   0   0   0  13   1   1   6  14  16   0   0   1  0.44 0.27
  165 F   -1 -2  2 -1  0 -1 -1  1  0  1 -1 -1  0  2 -2  0  0 -1  3  0    4   1  12   3   3   1   2  10   2  10   1   4   4  13   1   6   5   0  14   4  0.12 0.12
  166 H    0  0  3  1 -3  3  0 -1  0 -3 -3  3 -2 -4  2 -1  0 -4 -3 -3    7   2  21   7   0  15   3   3   2   0   1  19   1   0   9   1   7   0   0   0  0.39 0.21
  167 V   -1  7 -3 -4 -3 -2 -3 -3 -2 -2 -3  0  1 -4 -3 -2 -1  2 -4 -1    6  68   0   0   1   0   0   1   1   2   1   2   4   0   1   2   4   3   0   4  1.16 0.46
  168 D   -2 -1  4  1 -4  0  1 -2  5 -3 -4  1 -3 -2 -3  1  1 -4 -2 -2    1   1  23   7   0   3   8   2  19   1   0   8   0   2   0  10  11   0   1   3  0.47 0.25
  169 V   -1 -3 -4 -5 -3 -3 -4 -5 -4  2  1 -4  1  0 -3 -2 -2 -4 -3  5    3   1   0   0   0   1   0   0   0  11  11   0   4   4   1   2   1   0   0  60  0.80 0.36
  170 I   -1 -1  2 -1 -3  1 -1 -3 -1  1 -1 -1 -1 -1 -3  0  2 -3  2  2    3   2  11   3   0   8   4   0   1  11   2   2   0   1   0   6  16   0   9  20  0.17 0.17
  171 I   -2 -4 -3 -4 -3 -4 -4 -5 -4  5  2 -4  2  0 -3 -3 -2 -4 -3  4    1   0   1   0   0   0   0   0   0  37  15   0   4   4   1   0   0   0   0  33  0.75 0.32
  172 D   -1  0  1  3 -3  1  3 -2 -2 -2 -3  1 -3 -4 -2  2  0 -4 -2 -2    3   3   8  16   0   7  22   1   0   2   2   9   0   0   0  17   7   0   1   2  0.37 0.21
  173 K   -3 -1  7  2 -5 -1 -2  3 -1 -5 -5 -2 -4 -5 -4 -1 -2 -6 -5 -4    0   3  54  11   0   2   1  23   1   0   0   1   0   0   0   3   1   0   0   1  1.12 0.46
  174 C   -1 -4 -2 -4  3 -3 -4 -3 -4  3  0 -4  0 -2 -4  1  0 -4 -3  5    2   0   1   0   8   0   0   1   0  16   4   0   1   1   0  13   5   0   0  47  0.63 0.34
  175 T   -1  0  0  1 -2  0  0 -3 -2  0 -2  2 -1 -1 -3  0  3  0  0  0    2   4   4  10   0   2   6   0   0   7   2  18   1   2   0   5  24   1   4   7  0.19 0.18
  176 I    4 -4 -2 -4 -3 -3 -3 -2 -4  2 -1 -3 -2  2 -3 -1 -1 -4 -3  2   50   0   2   0   0   0   0   2   0  13   5   0   0   9   0   3   1   0   0  14  0.55 0.33
  177 T   -2  1  2  0 -3  1  0 -3  1 -1 -2  1  0 -1 -3  1  1 -3  1  1    0  10  11   4   0   7   4   0   3   3   2   9   2   2   0  10  12   0   6  14  0.15 0.15
  178 N   -1 -1  5  2 -4 -1 -2  3  1 -5 -5  0 -4 -5 -2  1 -2 -5 -2 -4    5   2  37  12   0   2   0  22   3   0   0   4   0   0   1   9   1   0   1   0  0.69 0.34
  179 M   -1 -4 -3 -4 -4 -3 -4  5 -4  0 -1 -2  2 -4  2 -2 -1 -4 -4  3    1   0   1   0   0   0   0  46   0   3   4   2   7   0  10   0   3   0   0  22  0.70 0.35
  180 K   -1  0 -1 -1 -4 -1 -1  3 -1 -2 -2  4 -2 -4 -3  1  0 -4 -2 -3    3   2   1   3   0   1   1  23   1   3   5  39   0   0   0  10   5   0   1   1  0.46 0.30
  181 E   -1  0  0  1 -3  0  3 -3 -1 -1  0 -1 -1  0 -3  1  1 -3 -1  1    5   5   5   7   0   3  25   0   1   1   9   1   1   5   0  10   8   0   2  12  0.18 0.17
  182 A    2 -3 -3 -2 -1 -3 -2 -1 -3  2  3 -2  1 -1 -3  1 -1 -4 -3  1   18   0   0   1   1   0   1   4   0  12  32   2   2   1   0  13   1   0   0  10  0.26 0.21
  183 I    1 -4 -4 -5  2 -3 -4 -2 -4  3  1 -4 -1  0 -4 -2 -1 -4 -3  4   16   0   0   0   5   1   0   2   0  16   9   0   0   4   0   2   3   0   0  42  0.57 0.32
  184 F    0 -4 -1 -4  0 -4 -4  5 -2  0 -2 -4 -1  2 -4 -2 -2 -4 -3  1    7   0   2   0   2   0   0  51   1   6   1   0   2  12   0   2   2   0   0  13  0.73 0.36
  185 R   -2  3 -3 -4  0 -2 -3  0 -4  5 -1  0  0 -3 -4 -1  0 -4 -3  1    1  17   0   0   2   1   0   8   0  42   1   7   1   0   0   5   5   0   0   8  0.50 0.32
  186 T   -2 -4  7 -2 -5 -2 -3 -3 -3 -4 -5 -3 -2 -3 -5  1  2 -6 -5 -2    2   0  67   0   0   1   0   1   0   0   0   0   1   2   0   9  15   0   0   3  1.49 0.62
  187 D   -1  0  1  3 -3  0  1 -1 -2 -3 -3  1 -3 -3  0  2  1 -4 -2 -2    2   4   6  21   0   4   8   3   0   1   1   8   0   1   5  23   9   0   2   2  0.32 0.22
  188 S    0 -2  7 -2 -5 -2 -3 -2 -3 -6 -6 -2 -5 -6 -4  3 -3 -6 -5 -5    9   1  63   1   0   1   0   2   0   0   0   2   0   0   0  21   0   0   0   0  1.43 0.60
  189 K   -2 -1  1 -1 -4 -2 -1 -4 -2 -3 -2  0 -2  3  0 -1 -3  4  6 -3    3   3   8   3   0   1   4   0   0   0   4   6   1  14   5   3   1   5  39   0  0.75 0.38
  190 T   -3 -4  1 -1 -5  0 -4  6 -1 -4 -4 -3 -4 -3 -4 -2 -1 -5  0 -3    0   0   6   4   0   4   0  69   2   0   1   1   0   1   0   1   4   0   4   2  1.21 0.49
  191 S    0 -4 -2  7 -5 -3 -2 -3 -4 -5 -2 -2 -1 -6 -4  1 -3 -6 -5 -4    9   0   0  70   0   0   0   1   0   0   5   1   1   0   0  11   0   0   0   1  1.43 0.58
  192 T   -1 -2  0 -3 -3  1  0 -3 -1 -2 -3  2 -3 -4 -3  0  5 -5 -4  1    2   1   4   0   0   5   6   1   1   0   0  17   0   0   0   6  43   0   0  14  0.60 0.38
  193 V    5 -4 -4 -4  2 -3 -3 -2 -4  0  0 -3 -1 -1 -3 -1 -1 -4 -2  2   55   0   0   0   5   0   0   2   0   6   6   0   1   2   0   3   2   0   1  17  0.68 0.39
  194 R   -1  2 -1 -2 -4 -1 -1 -4 -1 -3 -4  1 -2 -4 -3  2  5  0 -3 -1    2  11   2   1   0   2   3   0   1   0   0   7   1   0   0  14  51   1   0   3  0.75 0.43
  195 M   -3 -4 -4 -4 -3 -4 -5 -3 -4  5  3 -4  1  2 -5 -3  0 -3  0  1    1   0   1   1   0   0   0   2   0  38  33   0   3   7   0   0   7   0   3   6  0.71 0.35
  196 T    0  2  0  0 -2  0 -1 -2  1 -2 -3  1 -3 -4 -3  3  2 -4 -3  0    5  14   3   4   0   2   2   2   4   1   2   9   0   0   0  30  15   0   0   7  0.33 0.25
  197 N   -3 -1  7  2 -1 -2 -3  2  0 -5 -5 -1 -2 -5 -4 -1 -2 -6 -4 -5    1   3  59   9   1   1   0  16   2   0   0   3   1   0   0   3   2   0   0   0  1.19 0.50
  198 T   -1 -3 -1 -2 -2 -3 -3 -2 -3  3  1 -2 -1 -2 -3  1  2 -4 -2  2    4   0   3   2   0   0   0   2   0  22  11   2   1   0   0  14  16   0   1  20  0.29 0.22
  199 R   -1  2  1 -1  7  1 -2 -3 -2 -2 -3  1 -3 -3 -3 -1  2  0 -2 -1    3  11   8   4  28   7   1   0   1   1   0  11   0   1   0   3  15   2   1   3  0.56 0.30
  200 Y    0 -3 -2 -3 -2 -2 -3 -1 -2  3  1 -2  1 -1 -3 -1  1 -2  2  2    6   0   2   0   0   1   0   6   0  19  12   3   4   1   1   3  10   0  10  21  0.21 0.17
  201 S   -1  0  0  2 -3 -1  0 -1  1 -2 -1  2 -2 -2 -1  2  2 -3  0 -1    3   4   4  13   0   1   2   2   4   1   5  15   0   1   3  19  13   0   4   5  0.17 0.16
  202 N    0 -2  4  2 -3 -2 -1  3 -1 -4 -4  1 -3 -4 -2  1 -1 -4 -3 -3    7   1  22  14   0   0   1  26   1   0   1  11   0   0   1   9   3   0   0   0  0.48 0.25
  203 V    0 -2 -1  1  0 -1 -2 -1 -2  1 -1  0 -1 -3 -2  0  0 -4 -2  4    9   1   2  10   2   3   1   3   1   4   1   8   1   0   1   7   4   0   1  41  0.27 0.22
  204 G    0 -2 -1 -2  7 -2 -1  1 -2 -3 -3  1 -3 -4  2  1  0 -4 -2 -2    6   2   3   2  30   1   5  11   1   0   1  12   0   0   9  10   4   0   2   1  0.59 0.29
  205 Q   -1 -1  1  1 -3  3  1 -1  1 -3 -3  2 -2 -3 -1  1  2 -3 -3 -2    3   1   6   9   0  19   7   3   5   1   1  12   0   1   3  11  16   0   0   2  0.30 0.22
  206 K   -1  1  0  1  2  0  2 -2  0  0 -1  1  0 -3  1  0 -1 -3 -2 -1    5  10   3  10   6   1  15   2   3   7   7  12   3   0   6   6   1   0   0   3  0.13 0.11
  207 W   -1 -2 -1 -1  4 -2 -1 -2 -2 -2 -2  1 -2  3 -3 -1 -1  4  5  0    3   0   3   4  11   1   3   4   0   0   2  12   0  11   0   4   3   7  24   6  0.47 0.27
  208 I   -2 -1  1 -1 -2  0 -1 -2 -3  3 -1  3 -1 -3 -3 -1  1 -4 -2  1    1   2   7   3   0   4   3   3   0  24   4  23   1   0   0   4  12   0   1   9  0.23 0.21
  209 G    0 -1  0 -1  1 -2  0  4 -1 -3 -2  2 -3 -4 -3  0 -1 -4 -3 -1    7   1   5   2   3   0   6  35   2   1   3  18   0   0   0   8   3   0   1   5  0.37 0.21
  210 V   -2 -4 -1 -4  2 -3 -4 -2 -4  2 -1 -3  0  2  3 -1  1 -3  0  4    1   0   3   0   5   0   0   2   0  12   1   1   2   9  14   3   8   0   3  35  0.43 0.27
  211 Q    0 -2  1 -1  8  1  1 -3 -3 -4 -3  1 -3 -3 -2 -1 -1  1 -4 -2    9   1   7   2  39   8   8   1   0   0   1  11   0   1   1   3   3   2   0   3  0.88 0.39
  212 H    0  0  1  2 -1  3  0  1  1 -3 -3  2 -3 -2 -2 -1  0 -3  1 -2    6   2   5  12   1  15   5  12   3   1   1  18   0   2   1   3   4   0   6   3  0.24 0.18
  213 I    0  0  0 -2 -3 -1  0  2 -3 -1 -2  0 -1 -2  0  1  2  4 -2  0    5   6   3   1   0   0   5  20   0   3   3   7   1   1   4   9  14   8   0  10  0.20 0.16
  214 Y   -2 -1 -2 -2  5  0 -2 -2 -2 -3 -3 -2 -3  3 -3  2  2 -2  5 -3    1   3   1   2  13   6   1   2   0   0   1   1   0  14   1  17  15   0  22   1  0.59 0.35
  215 E   -1  0  0  1 -4  4  3 -1  1 -2 -4  2 -3 -4  0 -1  1 -4 -3 -2    3   3   3   5   0  19  26   4   3   3   0  11   0   0   4   3  11   0   0   2  0.43 0.26
  216 N   -1 -2  1 -2 -4 -3 -3  5 -4 -5 -4 -1 -4 -5 -1  2 -1 -5 -5 -3    3   2   8   1   0   0   0  56   0   0   1   2   0   0   2  19   4   0   0   1  0.96 0.40
  217 N   -3 -3  6 -1 -5 -3 -2  3 -2 -5 -6 -3 -4 -5 -1  2 -1 -5 -1 -5    0   0  50   1   0   0   2  21   0   0   0   0   0   0   3  17   3   0   3   0  1.04 0.44
  218 N   -1 -2  6  3 -4 -2  1 -1 -2 -5 -5  1 -4 -5 -3  2  0 -5 -4 -4    3   0  42  16   0   0   8   4   0   0   0   9   0   0   0  13   6   0   0   0  0.79 0.34
  219 T   -1 -2  1 -2 -3  1 -2 -2 -1 -3 -4 -1 -3 -4  1  4  4 -4 -2 -2    1   0   7   0   0   7   1   1   1   0   0   2   0   0   7  33  37   0   1   2  0.64 0.32
  220 Q   -2  2 -2 -2 -4  4  2 -1 -2 -4 -4  4 -3 -5 -1  0 -2 -4 -3 -4    0   7   0   0   0  29  15   5   0   0   0  38   0   0   2   4   0   0   0   0  0.73 0.26
  221 F   -2 -3 -3 -4 -3 -2 -3 -4  1 -2 -1 -3 -1  5 -4 -2 -2  2  7 -2    0   0   0   0   0   0   0   0   0   0   0   0   0  25   0   0   0   0  75   0  1.05 0.09

                      K         Lambda
Standard Ungapped    0.1327     0.3163
Standard Gapped      0.0448     0.2670
PSI Ungapped         0.1460     0.3118
PSI Gapped           0.0448     0.2670
