
Last position-specific scoring matrix computed, weighted observed percentages rounded down, information per position, and relative weight of gapless real matches to pseudocounts
           A  R  N  D  C  Q  E  G  H  I  L  K  M  F  P  S  T  W  Y  V   A   R   N   D   C   Q   E   G   H   I   L   K   M   F   P   S   T   W   Y   V
    1 M   -5 -6 -6 -7 -6 -5 -6 -7 -6 -3 -2 -6 11 -4 -7 -6 -5 -6 -5 -3    0   0   0   0   0   0   0   0   0   0   0   0 100   0   0   0   0   0   0   0  3.50 1.10
    2 A    3  2 -1 -4 -5 -2 -2 -2 -4 -3 -5  5 -4 -6  3  0  0 -6 -5 -4   24  12   2   0   0   1   1   2   0   1   0  33   0   0  14   6   5   0   0   1  0.74 0.47
    3 Y   -3 -4 -3 -4 -6  0 -3 -5  0 -4 -4 -2 -4  8 -4 -2  0 -3  5 -5    2   1   1   1   0   4   2   0   2   0   0   2   0  59   1   4   6   0  15   0  1.58 0.73
    4 Q   -2  3  1 -1 -5  3  0 -2  3 -2 -3  2 -3 -4  0  0 -1 -5 -2 -1    2  17   8   2   0  15   6   3   9   2   1  14   0   0   4   6   4   0   1   6  0.37 0.30
    5 F   -5 -5 -4 -7 -7 -4 -7 -3 -1 -3 -3 -5 -4  8 -7 -1 -4 -3  5 -5    0   0   1   0   0   1   0   2   2   1   2   0   0  69   0   6   1   0  15   0  2.12 0.89
    6 R    1  5 -1 -4 -5  0 -2 -3  0 -6 -5  2 -5 -6  2  1 -2 -6 -5 -4   14  38   2   0   0   4   1   1   2   0   0  12   0   0  12  11   2   0   0   0  0.85 0.52
    7 F   -6 -6 -7 -8 -6 -6 -7 -8 -6 -1  6 -7  2  4 -7 -7 -5 -1  0 -3    0   0   0   0   0   0   0   0   0   2  73   0   4  18   0   0   0   1   2   0  1.71 0.79
    8 Q   -1 -3  0  2 -7  6  4 -4 -1 -5 -5 -2 -5 -7 -5 -3 -1 -6 -6 -4    6   1   4  11   0  39  29   1   2   0   1   1   0   0   0   1   4   0   0   1  1.18 0.69
    9 K   -2  2 -1 -4 -5  0 -3 -5 -4 -4 -4  5 -1 -2  2  1  3 -6 -5 -4    2   9   2   0   0   4   0   0   0   1   2  38   1   2   9   9  21   0   0   1  0.82 0.55
   10 L   -3 -6 -7 -7 -5 -6 -6 -7 -7  4  4 -4  0 -4 -3 -6 -4 -6 -3  5    1   0   0   0   0   0   0   0   0  23  35   1   1   0   1   0   0   0   1  38  1.23 0.62
   11 L   -4 -1 -6 -7 -2 -4 -5 -7 -4  1  6 -1  3 -3 -6 -6 -5 -2 -2  1    1   4   0   0   1   0   1   0   0   5  68   5   5   0   0   0   0   1   1   8  1.20 0.63
   12 E   -2  0  3  5 -6 -1  3 -2 -3 -6 -5  2 -2 -6 -3 -1 -1 -7 -5 -4    3   4  12  39   0   2  16   2   0   0   1  10   1   0   1   4   3   0   0   1  0.86 0.51
   13 L   -3 -3 -6 -6 -5 -2 -5 -6  2  3  4 -5  3  1 -6 -5 -3 -1  3  1    1   2   0   0   0   2   0   0   4  14  42   0   7   4   0   0   1   1  12  11  0.80 0.47
   14 K    3  6 -3 -5 -3 -1 -3 -5 -3 -6 -6  5 -4 -7 -5 -3 -2 -7 -6 -4   23  38   0   0   1   2   1   0   0   0   0  31   0   0   0   1   2   0   0   1  1.28 0.71
   15 E   -2  1 -1 -1 -2  3  5 -3 -1 -1 -3  2 -1 -5 -4 -1 -1 -6 -5 -2    2   7   3   3   1  12  36   2   1   5   3  14   1   0   0   4   4   0   0   3  0.61 0.44
   16 N   -2  3  2  1 -5  4  1 -4  1 -3 -4  3 -1 -1 -4  0 -1 -5 -1 -3    2  14  10   6   0  18   7   0   3   1   1  21   1   3   0   6   3   0   2   1  0.52 0.39
   17 E    0  0 -2  0 -5  1  5 -4 -1 -1  0  2 -1 -3 -4 -2 -2 -5 -2 -1   10   4   2   5   0   4  38   1   1   4  10  10   2   1   0   1   2   0   1   4  0.50 0.40
   18 K   -3  1 -3 -3 -4 -1  6 -6 -4 -5 -2  4 -2 -6 -5 -3  0 -6 -5  0    1   6   0   0   0   1  47   0   0   0   5  26   1   0   0   1   5   0   0   6  1.08 0.66
   19 D   -4  0  1  5 -7  1  4 -3 -1 -6 -6  1 -5 -7 -5 -2 -1 -7 -6 -6    1   5   7  34   0   5  31   1   1   0   0   7   0   0   0   2   4   0   0   0  1.03 0.59
   20 Q   -1 -1  1  1 -5  5  3 -5 -3 -3 -2  1  1 -3 -4 -1  0 -5 -4 -2    5   2   5   7   0  28  22   0   0   1   4   7   3   1   0   5   5   0   0   3  0.59 0.45
   21 S    6 -1 -5 -5 -2 -2 -2 -3 -3 -2  0  0 -1 -5 -5  0 -2 -6 -5 -1   61   4   0   0   1   1   2   1   1   2   9   6   2   0   0   6   1   0   0   3  0.96 0.62
   22 L    2  1 -3 -3 -5  3  2 -2 -2 -3 -1  4 -3 -4 -4 -1 -1 -5 -4 -1   17   6   0   0   0  15  15   2   1   1   6  25   0   1   0   3   4   0   0   5  0.50 0.41
   23 S   -1  2  1 -2 -4  2 -1 -1 -2  1  0  1  1 -3 -4 -1 -1  4 -3 -1    5  11   9   1   0  11   4   5   1  10  10  10   4   1   0   5   4   6   0   4  0.19 0.22
   24 E    1  2  1  0 -5  3  4 -3  0 -2 -2  0  0 -5 -4 -1 -2 -5 -4 -2   15  11   5   5   0  12  29   1   2   3   3   5   2   0   0   2   2   0   0   2  0.48 0.39
   25 Y   -5 -6 -7 -7 -5 -6 -6 -7  0 -2  5 -6  2  4 -7 -6 -3 -4  5  0    0   0   0   0   0   0   0   0   3   0  52   0   4  16   0   0   1   0  18   6  1.30 0.68
   26 Q    3 -2  0 -4 -4  1 -1  4 -1 -4 -3  0 -1 -4 -4  1 -1 -5 -3 -2   27   2   4   0   0   7   3  29   1   0   2   7   2   0   0  10   4   0   1   2  0.52 0.39
   27 Q   -1  2 -2  0 -5  4  3 -3  1 -3 -3  3 -1 -4 -4 -1  0 -5 -3 -3    5  12   1   4   0  18  20   1   3   2   3  16   1   0   0   3   7   0   1   2  0.51 0.39
   28 S    5 -3 -4 -5  0 -2 -4 -4 -5 -1  0 -2  1  0 -5  1 -3 -6 -5  0   55   1   1   0   2   1   1   0   0   4   9   2   3   4   0  11   1   0   0   6  0.82 0.56
   29 V   -3  3  0 -4 -4  4 -2 -4 -2  2  0  1  3 -3 -4 -1 -1 -5 -2  2    1  14   5   0   0  20   1   1   1  10   9   8   7   1   0   3   2   0   1  16  0.42 0.37
   30 S    1  4  0  0 -5  3  0  1 -1 -3 -3  2 -2 -4 -4  0 -1 -5 -3 -3   12  21   4   5   0  17   5   9   1   1   2  10   1   0   0   8   2   0   1   1  0.42 0.34
   31 E    1  2  0 -1 -3  3  3 -1  0 -3 -2  2 -2 -4 -3  0  0 -5 -3 -1   13  12   3   3   0  13  18   3   3   1   4  11   1   0   0   4   5   0   0   4  0.31 0.28
   32 F   -3  1 -4 -4  0  0 -2 -5  2  0  3  1  0  3 -5 -2 -3 -1  2  0    1   8   0   0   2   5   3   0   6   4  28   8   2  15   0   2   0   1   7   7  0.39 0.31
   33 E   -1  0  1  1 -5  4  4 -3  1 -3 -2  0 -1 -3 -4 -1 -1 -5 -4 -4    6   5   7   7   0  19  33   1   3   1   4   4   2   1   0   3   4   0   0   1  0.63 0.45
   34 N    0  1  1  0 -1  3  3 -1  0 -2 -2  1 -1 -4 -3 -1  0 -5 -2 -1    8   7   7   5   1  17  19   4   2   2   3   8   1   0   0   3   7   0   1   4  0.29 0.27
   35 V    3 -3 -2 -3  0  1  2 -2 -2  1  0 -1 -1 -3 -4 -1 -1 -5 -1  1   29   0   1   0   2   8  16   2   1  10   8   3   1   1   0   3   2   0   2  10  0.32 0.32
   36 A    2  0  0 -1 -3  3  5 -3 -1 -4 -4  1 -2 -6 -4 -3 -2 -6 -2 -1   16   4   4   3   1  12  37   1   1   1   1   9   1   0   0   0   2   0   2   4  0.67 0.50
   37 E    0  2  0  0 -5  3  4 -3 -1 -4 -4  1 -2 -5 -4  0  1  0 -3 -4    6  10   5   4   0  15  28   2   1   0   1   8   1   0   0   5  10   1   1   1  0.54 0.42
   38 K   -2  2 -1 -3 -4  4  1 -4  0 -1 -4  4 -3 -3 -4 -1 -1 -5 -1 -2    3  12   2   1   0  22   9   1   2   4   1  31   1   1   0   4   3   0   2   2  0.70 0.49
   39 L   -5 -2 -5 -7 -5 -3 -4 -5 -6  2  6 -3  0 -3 -7 -6 -5 -6 -3 -1    0   2   1   0   0   1   1   1   0  11  76   1   1   1   0   0   0   0   1   3  1.49 0.76
   40 Y    0  0  2  0 -2  3  1 -1  0 -2 -2  0 -1 -1 -4 -1 -1 -2  3 -1    8   6  10   6   1  15  11   3   1   2   4   5   1   2   0   4   4   0  13   3  0.22 0.24
   41 E    0  1  1  1 -5  3  3 -2  1 -2 -2  0  3 -4 -4 -1 -1 -2 -2 -3    9   7   6   7   0  13  22   3   4   2   4   3  10   0   0   4   4   0   1   0  0.35 0.32
   42 N   -2 -5 -3 -6 -2 -4 -2 -5 -3  2  6 -4  1 -1 -6 -3 -2 -2 -3 -1    3   0   1   0   1   1   3   1   1   8  68   1   2   2   0   2   2   1   1   3  1.09 0.61
   43 M   -1  0 -1 -1 -4  1  2 -3  0  0  2  0  2 -2 -3 -1 -1 -4 -1  0    6   5   3   2   0   7  18   2   2   6  24   6   5   1   0   3   3   0   2   6  0.19 0.21
   44 S    0  1  1  2 -4  2  2 -2  0 -3 -3  3 -2 -3 -3  0  0 -4 -3 -2    9   8   5  13   0  10  13   2   2   1   2  17   1   1   0   8   5   0   0   2  0.32 0.26
   45 K   -3  1 -1 -2 -5  3  3 -4 -2 -2 -2  2  1  0 -4 -1 -2 -3  5 -3    2   7   2   2   0  11  22   1   1   2   4  12   4   4   0   4   2   0  20   1  0.53 0.40
   46 K   -2  5 -1 -4 -5  1 -2 -5  1 -1  0  4  2 -2 -5 -4 -3 -5  1 -3    2  27   2   0   0   6   1   0   4   3   8  30   5   2   0   0   1   0   4   1  0.74 0.48
   47 E    1 -1  2  2 -3  1  4 -3  0 -3 -2  1 -4 -4 -4  0 -2 -5 -2 -3   12   3   9  11   0   7  32   1   2   1   5   7   0   0   0   5   2   0   1   1  0.49 0.38
   48 L   -1  1  2  3 -3  2  4 -1 -1 -5 -3  1  0 -5 -4  0 -1 -2 -4 -3    4   7   9  17   1   9  24   3   2   0   3   7   3   0   0   6   4   1   0   1  0.46 0.35
   49 L    1 -2 -1 -5  0 -3 -5 -3 -3  0  2 -2  2  0 -5 -2  0  1  6  0   12   2   3   0   2   1   0   2   0   6  17   2   6   3   0   2   5   1  32   5  0.63 0.44
   50 E   -1  3 -1 -2  0  3  3 -3  2  1  0 -2  1 -1 -4 -1 -2 -2  0 -2    5  16   2   2   2  14  18   1   4  10   7   1   3   3   0   4   2   1   3   2  0.28 0.29
   51 Q    1  0  1  1 -4  3  2 -2 -1 -2 -2  2  0 -3 -4  0  0 -5 -2 -1   14   4   7   7   0  17  15   2   1   2   2  10   3   1   0   4   4   0   1   4  0.30 0.29
   52 N    0  2  1  1 -5  3  2 -2  0 -2 -2  1 -2 -2 -4 -1 -1 -4  0 -3    9  13   7   6   0  16  16   2   3   3   3   9   1   2   0   4   2   0   4   2  0.31 0.28
   53 K    0  0 -2 -4 -2  1 -3 -4  0  0  3 -1  2  3 -4 -1 -2  3  2 -1    7   5   2   0   1   7   0   1   2   6  29   5   5  13   0   4   1   5   8   2  0.33 0.28
   54 E    0  1  3  0 -2  2  2 -2  1 -1 -1  1  0 -2 -3  0 -1 -4 -1 -1    8   9  14   5   1  11  14   2   4   3   6   7   2   2   0   7   2   0   2   3  0.21 0.21
   55 K    0  0  1  2 -2  2  3 -2  2 -2 -3  1 -2 -3 -2  0  0 -5 -2 -3    9   5   7  10   1  10  21   2   5   2   2   7   1   1   2   8   4   0   1   2  0.30 0.26
   56 K    0  2  1  0 -2  1  0 -2 -2 -1 -1  3  0 -3 -3  1  0 -4 -2 -1    9  13   5   4   1   7   6   2   0   3   7  18   2   1   1   9   7   0   1   3  0.20 0.20
   57 L    1 -1 -1 -2 -1  2 -2  0 -3  0  2 -1  4  0 -2  0 -1 -3 -2  0   13   2   2   2   1  11   2   9   0   5  18   4  11   3   1   6   2   0   1   5  0.16 0.20
   58 K    0  1 -1 -1 -3  3  0 -1  0 -3 -2  1 -1 -3 -3  3  1 -4 -3 -1    9   6   2   3   0  15   6   5   2   1   3   8   2   1   0  21   9   0   1   4  0.27 0.27
   59 S    0  0  2  0 -3  3  1  1 -2 -3 -3  1 -3 -4 -1  2  0 -5 -4 -2    6   4  11   5   0  15   8  11   1   1   1   8   0   1   3  16   7   0   0   3  0.29 0.27
   60 G   -1 -3  0 -3  0 -3 -3  6 -5 -3 -4 -1 -3 -4  0  0 -1 -5 -5 -1    4   2   4   1   2   1   1  54   0   2   2   5   1   1   5   7   4   0   0   5  0.87 0.51
   61 M   -1 -3 -2 -5  0 -3 -4 -3 -5  3  2 -3  5  0 -2 -2  0 -1 -3  3    5   2   2   0   2   1   1   2   0  20  18   1  15   3   2   3   6   1   0  18  0.49 0.35
   62 S    1  0  2  2 -4 -1 -2 -2 -2 -4 -4 -1 -4 -5  1  4  2 -1 -5 -4    9   4  10  11   0   2   2   2   1   1   1   3   0   0   6  31  15   1   0   0  0.53 0.44
   63 V    2 -3 -3 -5 -4 -3 -3 -1 -2  4  0 -2 -1 -2  0  0 -2 -5 -4  3   21   1   1   0   0   1   2   5   1  25   6   2   1   1   4   7   1   0   0  23  0.50 0.39
   64 Q    1  0  1  1 -4  3  1  1 -1 -2 -2 -1 -1 -2 -1  1  0 -2 -2 -2   11   5   7   8   0  14   7   9   1   3   4   3   2   2   2  13   5   1   1   2  0.16 0.19
   65 E   -2  2  0  2 -5  3  4 -3  2 -4 -5 -1 -1 -3 -4  0  0  3 -3 -4    3  10   5  11   0  11  28   2   4   1   0   3   1   1   0   8   6   4   1   1  0.53 0.41
   66 M   -4 -4 -6 -6 -1 -2 -5 -6 -3  4  4 -5  5  1 -6 -4 -4  5  2  0    1   1   0   0   1   2   1   0   1  20  36   0  12   5   0   1   0   8   7   5  0.94 0.53
   67 R   -2  4 -2 -4 -5  4 -2 -3  2  0  0  1  1 -4 -3 -2 -1  4 -2 -1    3  23   2   0   0  18   1   1   5   7  10   9   4   0   1   3   3   5   1   5  0.46 0.38
   68 H   -1 -1  4  0 -3  2  1 -2  4  0  0 -2  2 -3 -4  0 -2 -5 -2 -1    4   3  22   4   0  10   7   2  11   6  11   1   5   1   0   6   2   0   1   3  0.35 0.32
   69 Y   -2  0 -3 -5  0  1 -3 -5  2  0  0 -2  1  3 -6 -3 -2  3  6 -2    3   6   1   0   2   6   1   1   4   6  10   2   4  11   0   1   2   4  34   2  0.77 0.49
   70 Q    0  1  2 -1 -5  6  2 -1  2 -4 -3 -1 -2 -4 -5  0 -2 -5 -1 -4    6   7   9   3   0  37  10   5   4   1   3   3   1   1   0   6   2   0   2   1  0.68 0.50
   71 Q    0  3  1  1 -5  4  0 -2  2 -4 -2  0  0 -2 -4  1 -1 -4 -1 -3    9  17   8   7   0  18   4   3   5   0   4   5   2   2   0  10   2   0   2   1  0.34 0.31
   72 F   -3 -3 -2 -3  0 -2 -3 -4  1 -5 -4 -6 -5  7 -7 -5 -4 -3  7 -5    3   1   2   2   2   2   2   1   3   0   1   0   0  39   0   0   1   0  40   0  1.80 0.87
   73 V   -2 -1 -6 -2 -1 -3 -5 -6 -6  5  4 -4  1  1 -6 -3 -3 -5 -4  1    2   3   0   3   1   1   0   0   0  36  33   1   3   5   0   2   1   0   0   8  0.85 0.50
   74 S    0  0  2  2 -2  2  2  0  0 -2 -1  0 -1 -4 -2  1  0 -4 -3 -1    7   5  10  13   1  10  12   7   2   2   6   3   1   0   2   9   6   0   0   5  0.17 0.18
   75 N    0  2  1 -2 -4  2 -1 -1  3 -2 -2  1 -1  0 -3  1  1  1  1 -1    8  11   6   1   0  11   1   4   7   1   4   8   2   3   0   9  11   2   6   4  0.18 0.22
   76 L   -4 -4 -5 -7 -5 -3 -6 -6 -6  1  6 -1  3 -2 -7 -5 -2 -6 -2  0    0   0   0   0   0   1   0   0   0   7  68   4   6   1   0   1   2   0   1   7  1.26 0.68
   77 D   -2  1  1  4 -3  1  4 -3  0 -5 -5  2 -3 -6 -5 -1 -2 -6 -5 -6    3   7   7  24   1   6  28   1   2   1   0  13   1   0   0   4   2   0   0   0  0.77 0.50
   78 N    0  1  0  1 -4  3  1 -1  1 -3 -1  2 -1 -2 -3  0  0 -2 -1 -2    9   7   5   8   0  14  10   4   3   1   5  12   1   2   1   8   6   0   2   2  0.20 0.20
   79 T    2  2  0  1  1  2  2 -3 -2 -2 -2  1 -2 -3 -4  0  1 -5 -2 -2   22  10   3   8   3  10  11   1   1   2   3   8   1   1   0   5   9   0   1   1  0.28 0.28
   80 I   -4 -2 -7 -7 -3 -2 -7 -8 -7  7  0 -2  0 -3 -7 -4 -3 -7 -6  1    1   2   0   0   1   3   0   0   0  72   8   3   1   1   0   2   1   0   0   7  1.71 0.82
   81 Y    1  0  0  3 -3  1  3 -1  1 -2 -3  1  0 -4 -3  0  0 -5 -2 -2   12   5   4  15   1   7  19   4   3   3   2  10   3   0   0   5   4   0   1   3  0.26 0.25
   82 H    0  1  0  1 -3  4  2 -3  3 -3 -4  2 -2 -4 -4  0 -1 -2 -1 -2    6   8   4   7   1  22  13   2   7   2   1  10   1   0   0   7   3   1   2   3  0.40 0.34
   83 Y    0 -3 -4 -5 -6  6 -2 -4  3 -2  1  1 -2 -4 -5 -2  0 -3  1 -2    9   1   0   0   0  40   2   1   6   2  16   8   1   0   0   2   5   0   5   2  0.81 0.59
   84 Q   -2  4  0 -3 -6  5  1 -3  1 -3 -1  2 -1 -6 -5 -1 -1 -6 -5 -3    4  22   5   1   0  28   8   1   3   1   6  12   2   0   0   4   3   0   0   2  0.70 0.50
   85 K   -1  1  1 -1 -4  4  2 -2  1 -2 -1  2  1 -3 -2  0 -1 -3 -2 -1    5   8   6   3   0  19  12   2   3   2   7  13   3   0   1   6   4   0   1   4  0.27 0.26
   86 L    0  1  0  1 -4  3  3 -4 -1  0 -1  1 -1 -4 -4  0  0 -5 -2  1    8   8   5   6   0  13  18   0   1   5   7   8   1   0   0   5   6   0   1   9  0.23 0.24
   87 V   -2 -3 -6 -6 -5 -4 -3 -6 -6  2  4 -2 -1 -2 -6 -4 -1 -6 -3  5    3   2   0   0   0   1   2   0   0   9  35   3   1   1   0   1   3   0   1  40  0.92 0.55
   88 I    1  1  1  0 -2  2  1 -2  1  0  0  1  1 -2 -3  0  0 -4 -1  0   14   7   7   5   1   9   8   1   3   6   7   8   5   1   0   7   5   0   2   5  0.11 0.15
   89 M   -1  2  0  0 -5  4  1 -2  1 -2 -1  2  0 -3 -4 -1 -1  3 -1 -3    6  10   5   4   0  22  10   3   4   2   7  10   3   0   0   4   3   4   2   1  0.33 0.30
   90 K    4 -3 -5 -5  1 -1 -4 -4  2 -1  2  1 -2 -1 -5 -1 -2  4 -3 -2   40   1   0   0   3   2   0   0   4   3  22   7   0   3   0   4   1   6   0   1  0.65 0.49
   91 R   -2  4  1  0 -3  3  4 -3  1 -4 -4  2 -3 -6 -4 -1 -1 -6 -4 -3    3  21   7   4   1  12  24   2   3   1   2  13   1   0   0   3   3   0   0   1  0.62 0.44
   92 N    1  1  2  0 -4  3  1 -2  0 -2 -2  2 -2 -3 -3  0 -1 -5 -3 -1   11   9   9   4   0  15  11   2   2   3   4  15   1   1   1   5   4   0   0   4  0.27 0.26
   93 Q   -2  3  2  0 -5  2  2 -3  1  0 -2  2  0 -3 -4 -2 -2 -5 -4  1    3  15  10   4   0  10  17   1   3   6   3  13   2   1   0   1   1   0   0  10  0.35 0.31
   94 M   -3 -2 -6 -6 -3 -2 -2 -6 -3  1  2 -4  5 -1 -6 -4 -1 -2 -1  5    2   2   0   0   0   2   2   0   1   7  21   1  16   2   0   1   3   0   2  39  0.85 0.52
   95 N   -1 -2  3  3 -7  2  6 -5  1 -6 -5 -2 -5 -4 -5 -1 -2 -7 -3 -5    4   2  12  14   0   9  46   0   3   0   1   2   0   1   0   3   3   0   1   1  1.03 0.64
   96 Q    0  2  1  0 -5  3  3 -3  1 -2 -1  2 -2 -3 -4 -1 -2  1 -3 -3    7  10   6   5   0  16  17   1   3   3   6  15   1   1   0   3   2   2   1   2  0.37 0.32
   97 K    3  2 -2 -4  3 -1 -1 -1 -1 -3 -3  4 -4 -2 -4  0 -1 -5 -1 -2   22  12   1   0   7   3   3   4   1   1   3  28   0   2   0   5   3   0   2   3  0.50 0.40
   98 Q   -5  6 -2 -5 -7  4  0 -6 -2 -6 -1  1  1 -4 -6 -4 -5 -7 -6 -3    0  50   1   0   0  21   5   0   1   0   8   7   3   1   0   0   0   0   0   2  1.35 0.76
   99 E    0  0  1  0 -5  3  3 -1  0 -2 -2  2 -1 -5 -2  0  0 -5 -3 -2    6   4   5   5   0  15  23   4   2   2   4  11   2   0   2   6   5   0   1   3  0.32 0.29
  100 I    0  0  0  1 -3  1  2 -3  1  0 -1  2 -2 -2 -3 -1 -1 -2 -1  1    8   5   4   6   0   7  17   0   4   5   7  14   0   1   0   3   4   0   2   9  0.19 0.21
  101 L   -3 -5 -8 -8 -6 -6 -7 -8 -7 -3  5 -7  0  0 -7 -7 -4  8  1  0    2   1   0   0   0   0   0   0   0   0  60   0   2   3   0   0   1  21   5   5  1.72 0.84
  102 T   -2  0 -1 -4 -4  3 -2 -4 -1  1  2  0  2 -2 -4 -1  1 -4 -2  2    2   6   3   0   0  15   2   0   1   8  20   7   5   1   0   4   8   0   1  17  0.30 0.29
  103 E    1 -2 -2  2 -6  3  5 -2 -1 -5 -4  1 -3 -6 -5 -1 -2 -6 -4 -4   10   2   1   9   0  12  44   3   1   1   1   7   0   0   0   3   3   0   0   1  0.85 0.56
  104 K    4  2 -4 -4  1  1 -2 -4  1 -2 -2  4 -2 -5 -4 -1 -2 -6 -4 -2   33  10   0   0   3   5   1   0   3   2   3  30   1   0   0   4   2   0   0   3  0.70 0.51
  105 N    0  1  1 -2 -2  3  0 -4  2 -3 -2  1  5 -1 -4  1 -1 -2  0 -1    7   8   7   2   1  14   5   0   5   0   2   8  17   2   0   9   4   0   3   5  0.35 0.34
  106 I    0  3 -3 -4 -5  4 -2 -5 -4  2 -2  4  0 -5 -5 -1 -1 -6 -5  0    7  14   1   0   0  20   0   0   0  12   4  26   2   0   0   3   3   0   0   8  0.64 0.48
  107 E   -2  3 -2  3 -7  1  5 -4 -4 -7 -6  2 -6 -7 -5 -3 -3 -7 -4 -6    4  13   1  18   0   4  43   1   0   0   0  13   0   0   0   1   1   0   1   0  1.12 0.65
  108 V   -2  5 -4 -5 -1 -3  1 -6 -1 -3  1  1 -2 -2 -5 -3 -1 -6 -2  3    2  35   0   0   1   0   8   0   1   0  14   9   0   1   0   1   3   0   1  22  0.70 0.50
  109 K   -5  1  0 -5 -7  2  0 -3 -3 -5 -5  7 -1 -7 -5 -1 -4 -7 -6 -5    0   6   4   0   0   7   5   2   1   1   1  66   2   0   0   4   1   0   0   0  1.50 0.81
  110 K    1 -2 -3 -4 -4 -2 -3  0 -4  1 -1  2  0 -4 -4  2  1 -5 -4  2   14   2   0   0   0   1   0   6   0  10   5  15   2   0   0  16  11   0   0  18  0.33 0.33
  111 F   -5 -6 -6 -7 -5 -5 -6 -7  0  1  3 -6  3  4 -7 -6 -5  6  5  1    0   0   0   0   0   0   0   0   2   7  31   0   8  14   0   0   0  10  19  10  1.10 0.59
  112 E   -4 -1 -2  3 -3  1  7 -4 -3 -7 -3 -2 -6 -7 -5 -1 -2 -7 -6 -5    0   4   1  13   1   5  64   1   0   0   3   1   0   0   0   3   3   0   0   1  1.44 0.78
  113 K   -3  2  0 -5 -6  0 -3 -5 -5  1 -2  6 -4 -6 -5 -2  2  1 -5 -1    1   9   4   0   0   3   1   0   0   7   3  51   0   0   0   1  14   2   0   5  1.00 0.61
  114 M   -1 -6 -7 -8 -5 -6 -7 -7 -3  0  6 -6  4 -1 -7 -6 -5 -1 -1 -3    5   0   0   0   0   0   0   0   1   5  75   0   9   2   0   0   0   1   2   0  1.55 0.76
  115 R   -1  4 -3 -4 -6  2 -2 -5 -1  1 -4  5 -4 -6 -5 -2 -4 -6 -4 -1    6  24   1   0   0   8   1   0   2  10   1  41   0   0   0   2   0   0   1   4  0.97 0.58
  116 E   -2 -4 -1  3 -7  2  6 -5 -3 -5 -5 -2 -6 -7 -5 -2 -2 -7 -6 -5    4   0   2  16   0   9  60   0   0   0   1   1   0   0   0   2   3   0   0   1  1.46 0.78
  117 K   -5  6  0 -5 -7  0 -3 -6 -1 -3 -5  6 -5 -5 -6 -3 -2 -7 -6 -5    0  40   5   0   0   3   1   0   1   2   1  44   0   0   0   1   2   0   0   0  1.57 0.79
  118 Q    1  2 -2  1 -3  4  0 -1  3 -4 -3  3 -2 -4 -4 -1 -3 -5  1 -3   13  13   1   7   1  20   4   5   6   0   2  18   1   0   0   4   0   0   6   1  0.48 0.38
  119 F    0  1 -2 -1 -4  2  1 -4  0  0  1  1  1  3 -4 -1 -2  1  2 -1    9   7   1   3   0   9   8   0   2   4  15   8   4  13   0   3   1   2   9   3  0.20 0.21
  120 K    1  0  0  1 -4  2  3 -2  1 -2 -1  1 -1 -3 -3 -1  0 -2 -4 -2   13   5   3   8   0  11  22   2   3   1   7   9   2   1   0   3   6   1   0   2  0.29 0.27
  121 M    2  2 -1  0 -5  2  4 -3  0 -4 -3  1  0 -4 -4 -1 -1 -2 -2 -3   17  10   2   5   0   9  30   1   2   0   3   8   2   0   0   3   3   1   2   2  0.47 0.37
  122 F    0 -3 -4 -4 -6  0  1 -5  4 -3 -2 -2 -2  5 -6 -4 -4  4  6 -3   10   1   1   0   0   5  10   0   8   2   3   2   1  21   0   0   1   5  29   1  0.96 0.55
  123 A    0  3  0 -2 -4  3  0 -4  1  0  1  2  0 -3 -4 -1 -2 -2 -2 -2   10  17   4   2   0  12   5   0   3   6  16  16   3   1   0   3   2   0   1   1  0.31 0.29
  124 L    0  2 -2 -1 -4  3  1 -3  1 -1  1  3  0 -2 -4 -1 -1 -4  0 -2    8   9   1   3   0  15  10   1   4   2  13  18   2   1   0   4   3   0   3   3  0.25 0.25
  125 E    1  1 -2  0 -6  2  5 -3  1 -4 -1  1 -2 -3 -4 -2 -3  0 -3 -2   10   6   2   4   0   7  42   2   3   1   7   6   1   1   0   1   1   1   1   4  0.62 0.45
  126 D    1 -2 -2 -1 -1  3  4 -4 -3 -1  0 -2  2 -1 -4 -2 -1 -5 -3 -1   10   1   2   3   1  15  34   0   0   4   9   1   5   2   0   2   4   0   0   5  0.50 0.41
  127 K    2  0  4  2 -3  1  0 -2 -2 -2  1  2 -2 -4 -4 -1 -3 -5 -4 -3   16   5  21  10   1   6   4   1   0   2  15  14   1   0   0   2   0   0   0   1  0.38 0.34
  128 A    0  5 -2 -3 -6  2 -1 -4  1 -2  0  4 -1 -5 -5 -3 -3 -5 -2 -3    7  28   2   1   0   8   2   0   4   2  12  28   1   0   0   1   1   0   2   1  0.69 0.46
  129 A    1  4 -1 -2 -5  1  2 -4 -3 -1  0  2  0 -4 -4 -1 -2 -1 -3 -1   12  22   3   1   0   7  16   0   0   5  11  12   2   0   0   4   1   1   0   4  0.38 0.33
  130 E   -4 -4 -4  2 -9 -2  8 -7 -5 -8 -8 -3 -3 -8 -6 -5 -6 -8 -7 -7    1   0   1  12   0   1  84   0   0   0   0   0   1   0   0   0   0   0   0   0  2.35 1.09
  131 M   -2  0  1 -3 -7  8  0 -3 -4 -2 -5 -2  2 -7 -6 -2 -4 -7 -4 -5    3   5   7   1   0  63   6   2   0   2   1   1   5   0   0   3   0   0   0   0  1.61 0.86
  132 K    0  3  2 -2 -6  0 -2 -5 -1 -3 -2  6 -2 -5 -5 -2 -2 -6 -5 -4    7  13   8   1   0   3   1   0   1   1   5  52   1   0   0   3   2   0   0   1  0.99 0.58
  133 E    0  0 -1 -1 -4  3  3 -4 -2 -1  1 -1  2  2 -4 -2 -1 -1 -1 -1    8   4   3   2   0  13  24   0   0   3  16   3   7   8   0   1   3   1   2   3  0.32 0.31
  134 M   -1 -5  1 -6 -5 -3 -5 -6 -5  2  3 -5  7 -1 -6 -1 -2 -5 -2  0    5   0   8   0   0   1   0   0   0  12  29   0  32   2   0   4   2   0   1   4  1.02 0.58
  135 D   -7 -7 -3  9 -9 -4 -1 -7 -6 -8 -9 -6 -8 -9 -7 -4 -6-10 -8 -8    0   0   1  96   0   1   3   0   0   0   0   0   0   0   0   1   0   0   0   0  3.03 1.22
  136 D   -4 -5 -5  3 -9 -2  8 -5 -5 -8 -8 -4 -7 -8 -6 -5 -6 -8 -7 -7    1   0   0  12   0   1  85   1   0   0   0   0   0   0   0   0   0   0   0   0  2.39 1.08
  137 I   -3 -5 -6 -6 -5 -3 -6 -7  2  5  2 -5  5  4 -6 -5 -3 -5 -1  0    2   0   0   0   0   1   0   0   4  34  22   0  13  16   0   0   1   0   1   4  1.01 0.53
  138 S    5 -5 -2 -5 -2 -4 -5  0 -5 -5 -5 -4 -2 -6 -5  3 -1 -6 -6  0   55   0   1   0   1   0   0   6   0   0   0   0   1   0   0  26   2   0   0   8  1.17 0.68
  139 I    0 -4 -1 -4 -3  0 -2 -1 -4  2  1 -3  1 -3 -4  2  3 -5 -4  1    6   0   2   0   0   6   2   4   0  15  14   0   4   0   0  17  21   0   0  10  0.36 0.32
  140 K   -2  3  1 -4 -5  4 -3 -3 -1  0  1 -1  1 -1 -4 -1  0 -4  2 -1    3  19   6   0   0  21   0   2   1   6  13   2   3   3   0   3   5   0   9   4  0.39 0.33
  141 Q    1  5 -1 -4 -5  4 -3 -2 -4 -4  0  2  0 -5 -5 -1 -1 -6 -5 -4   11  37   3   0   0  17   0   3   0   0  10  10   2   0   0   4   3   0   0   0  0.76 0.48
  142 F   -2 -4 -6 -7 -6 -6 -6 -7  0 -4 -2 -6 -1  7 -7 -3 -1 -3  6 -1    3   1   0   0   0   0   0   0   2   0   3   0   1  49   0   2   4   0  30   4  1.76 0.75
  143 M    1  0 -1 -4 -1 -1 -2 -3 -1  2  2 -1  4  0 -4  0 -2 -3  0  1   14   5   3   0   1   1   2   1   2  12  18   3  15   4   0   9   1   0   2   7  0.22 0.21
  144 I   -4  6  2 -2 -6 -1 -3 -3  2  0 -3  0  2  0 -3 -1 -2 -5  0 -4    0  52   9   2   0   1   0   2   5   5   2   4   5   4   1   4   2   0   3   0  0.90 0.49
  145 Q   -3  6  0 -4 -6  4 -2 -5  3 -6 -5  4 -4 -6 -5 -3 -3 -6 -4 -5    2  42   5   0   0  16   1   0   6   0   0  26   0   0   0   1   1   0   0   0  1.22 0.56
  146 G    3  1 -2  0 -3 -1 -1  4 -3 -4 -4 -1 -3 -4 -3  0 -1  1 -4 -2   27   7   0   4   0   2   4  41   0   0   0   2   0   0   0   4   3   2   0   2  0.62 0.29
  147 H   -3 -2  7 -1 -5  1 -2 -2  4 -5 -5 -2 -4 -4 -4 -1 -2 -5  0 -5    0   0  78   0   0   5   0   0  14   0   0   0   0   0   0   0   0   0   3   0  1.42 0.35

                      K         Lambda
Standard Ungapped    0.1266     0.3130
Standard Gapped      0.0505     0.2670
PSI Ungapped         0.1651     0.3130
PSI Gapped           0.0505     0.2670
