
Last position-specific scoring matrix computed, weighted observed percentages rounded down, information per position, and relative weight of gapless real matches to pseudocounts
           A  R  N  D  C  Q  E  G  H  I  L  K  M  F  P  S  T  W  Y  V   A   R   N   D   C   Q   E   G   H   I   L   K   M   F   P   S   T   W   Y   V
    1 M   -3 -3 -4 -5 -3 -2 -4 -5 -3  0  1 -3 10 -2 -4 -3 -2 -3 -3 -1    0   0   0   0   0   0   0   0   0   0   1   0  99   0   0   0   0   0   0   0  1.85 0.31
    2 A    6 -3 -3 -3 -2 -2 -2 -1 -3 -2 -3 -2 -2 -4  0  0 -1 -4 -3 -1   91   0   0   0   0   0   0   0   0   0   0   0   0   0   4   1   1   0   0   2  0.92 0.20
    3 K   -2  1 -2 -2 -5  0 -1 -3 -2 -4 -4  7 -3 -5 -3 -2 -2 -5 -3 -4    0   0   0   0   0   0   0   0   0   0   0 100   0   0   0   0   0   0   0   0  1.36 0.25
    4 E   -2 -1 -1  3 -4  3  4 -3 -1 -1 -2  0  1 -3 -2 -1 -1 -4 -3 -2    1   0   1  20   0  17  41   0   0   7   3   2   5   0   0   2   2   0   0   1  0.50 0.12
    5 I   -2 -4 -4 -4 -2 -4 -4 -5 -4  6  2 -4  1 -1 -4 -4 -2 -4 -2  2    0   0   0   0   0   0   0   0   0  78  17   0   2   0   0   0   0   0   0   3  0.89 0.17
    6 K    0  1 -1 -2 -2  0  0 -3 -2  0  0  5 -1 -3 -2 -1 -1 -4 -3 -1    8   2   1   1   1   1   3   0   0   6  11  59   0   0   0   1   1   0   0   5  0.40 0.12
    7 F   -4 -4 -4 -5 -4 -4 -4 -5 -1 -2 -1 -4 -1  7 -5 -4 -3  0  5 -2    0   0   0   0   0   0   0   0   1   0   1   0   0  75   0   0   0   0  22   0  1.44 0.22
    8 S    0  0  2  2 -3 -1 -1  3 -2 -4 -4 -1 -3 -4 -2  3 -1 -4 -3 -3    4   4  10  16   0   0   1  27   0   0   0   0   0   0   0  38   0   0   0   0  0.49 0.11
    9 E    0 -1 -1  0 -4  1  6 -3 -1 -2 -3  0 -2 -4 -2  0 -1 -4 -3 -1    8   0   0   2   0   3  73   1   0   1   1   1   0   0   0   3   1   0   0   5  0.80 0.17
   10 E   -2 -2  0  5 -5  0  4 -3 -2 -4 -4  0 -4 -5 -2 -1 -1 -5 -4 -4    1   0   2  47   0   0  43   0   0   0   0   3   0   0   0   1   2   0   0   0  0.95 0.16
   11 A    6 -3 -3 -3 -2 -2 -2  0 -3 -3 -3 -2 -2 -4 -2  0 -1 -4 -3 -2   94   0   0   0   0   0   0   4   0   0   0   0   0   0   0   1   1   0   0   0  0.98 0.21
   12 R   -3  8 -2 -3 -5  0 -2 -4 -2 -5 -4  1 -3 -4 -4 -2 -3 -4 -3 -4    0 100   0   0   0   0   0   0   0   0   0   0   0   0   0   0   0   0   0   0  1.68 0.26
   13 R    1  4  0 -1 -3  1  0 -2  0 -3 -3  3 -2 -3 -2  1  0 -4 -2 -2   13  38   3   1   0   6   4   0   3   0   1  19   0   0   0  10   3   0   0   1  0.43 0.10
   14 A    4 -1 -2 -2 -1 -1 -1  1 -2 -3 -3  1 -2 -3 -2  2 -1 -4 -3 -2   54   1   0   0   0   0   1   9   0   0   1  13   0   0   0  20   0   0   0   0  0.46 0.12
   15 M   -2 -3 -4 -5 -2 -3 -4 -5 -3  2  4 -3  6 -1 -4 -3 -2 -3 -2  0    0   0   0   0   0   0   0   0   0   8  54   0  38   0   0   0   0   0   0   0  0.82 0.17
   16 L   -2 -1 -2 -1 -2  2  4 -2 -2  0  2  0  1 -2 -3 -2 -2 -3 -2  0    1   1   0   0   1  10  37   3   0   3  34   2   3   0   0   0   0   0   0   5  0.31 0.10
   17 R    2  5  0 -1 -3  0  0 -2 -1 -2 -3  2 -2 -3 -2  0 -1 -4 -3 -2   21  44   3   2   0   2   4   0   0   1   0  15   0   0   0   6   1   0   0   2  0.46 0.11
   18 G   -1 -4 -2 -3 -4 -3 -4  7 -3 -5 -5 -3 -4 -5 -4 -2 -3 -4 -5 -5    0   0   0   0   0   0   0 100   0   0   0   0   0   0   0   0   0   0   0   0  1.71 0.22
   19 V   -1 -4 -4 -4 -2 -3 -4 -4 -4  3  0 -4  2 -2 -4 -3 -1 -4 -2  6    0   0   0   0   0   0   0   0   0  10   1   0   5   0   0   0   0   0   0  84  0.88 0.18
   20 D   -3 -2  5  6 -4 -1  0 -2 -1 -4 -5 -2 -4 -5 -3 -1 -1 -5 -4 -4    0   0  41  55   0   0   1   0   0   0   0   0   0   0   0   1   2   0   0   0  1.14 0.19
   21 A    1  0 -1 -2 -3  3  0 -2 -2  0 -2  4 -1 -3 -2  0  2 -4 -3 -1   16   0   0   0   0  16   0   0   0   7   0  42   1   0   0   0  15   0   0   1  0.37 0.12
   22 L   -3 -3 -5 -5 -2 -3 -4 -5 -4  1  5 -4  1 -1 -4 -4 -2 -3 -2  1    0   0   0   0   0   0   0   0   0   0  96   0   0   0   0   0   0   0   0   4  0.99 0.18
   23 A    6 -3 -3 -3 -2 -2 -2 -1 -3 -3 -3 -2 -2 -4 -2  0 -1 -4 -3 -1   98   0   0   0   0   0   0   0   0   0   0   0   0   0   0   1   0   0   0   0  1.06 0.22
   24 D   -3 -2  5  6 -4 -1  1 -2 -1 -4 -5 -2 -4 -5 -3 -1 -2 -5 -4 -4    0   0  36  58   0   0   5   0   0   0   0   0   0   0   0   0   0   0   0   0  1.13 0.18
   25 A    4 -2 -2 -3 -2 -2 -2 -2 -3 -2 -2 -2 -2 -3 -2  0  5 -4 -3 -1   47   0   0   0   0   0   0   0   0   1   0   0   0   0   0   0  51   0   0   0  0.71 0.17
   26 V   -2 -4 -4 -5 -2 -4 -4 -5 -5  1  0 -4 -1 -2 -4 -3 -1 -4 -3  6    0   0   0   0   0   0   0   0   0   0   0   0   0   0   0   0   0   0   0  99  1.12 0.22
   27 K   -2  3 -1 -2 -4  0 -1 -3 -2 -4 -4  6 -3 -5 -2 -2 -2 -4 -3 -4    0  13   0   0   0   0   0   1   0   0   0  86   0   0   0   0   0   0   0   0  1.13 0.21
   28 V   -1 -4 -4 -4 -2 -3 -3 -4 -4  2  0 -3  0 -2 -3 -2  1 -4 -2  5    0   0   0   0   0   0   0   0   0   9   0   0   0   0   0   2  11   0   0  78  0.74 0.17
   29 T   -2 -3 -2 -3 -2 -2 -2 -3 -3 -2 -3 -2 -2 -4 -3  0  7 -4 -3 -2    0   0   0   0   0   0   0   0   0   0   0   0   0   0   0   0 100   0   0   0  1.35 0.26
   30 L   -3 -3 -5 -5 -2 -3 -4 -5 -4  2  5 -4  2 -1 -4 -4 -2 -3 -2  0    0   0   0   0   0   0   0   0   0  12  85   0   3   0   0   0   0   0   0   0  0.86 0.16
   31 G   -1 -4 -2 -3 -4 -3 -4  7 -3 -5 -5 -3 -4 -5 -4 -2 -3 -4 -5 -5    0   0   0   0   0   0   0 100   0   0   0   0   0   0   0   0   0   0   0   0  1.71 0.22
   32 P   -2 -4 -4 -3 -5 -3 -3 -4 -4 -5 -5 -3 -4 -5  8 -2 -3 -6 -5 -4    0   0   0   0   0   0   0   0   0   0   0   0   0   0 100   0   0   0   0   0  2.67 0.28
   33 K   -2  2 -2 -2 -5  0 -1 -3 -2 -4 -4  7 -3 -5 -2 -2 -2 -5 -3 -4    0   5   0   0   0   0   0   0   0   0   0  95   0   0   0   0   0   0   0   0  1.27 0.23
   34 G   -1 -4 -2 -3 -4 -3 -4  7 -3 -5 -5 -3 -4 -5 -4 -2 -3 -4 -5 -5    0   0   0   0   0   0   0 100   0   0   0   0   0   0   0   0   0   0   0   0  1.71 0.22
   35 R   -3  8 -2 -3 -5  0 -2 -4 -2 -5 -4  1 -3 -4 -4 -2 -3 -4 -3 -4    0 100   0   0   0   0   0   0   0   0   0   0   0   0   0   0   0   0   0   0  1.66 0.25
   36 N   -3 -2  8  0 -4 -2 -2 -2 -1 -5 -5 -2 -4 -5 -4 -1 -2 -5 -4 -5    0   0 100   0   0   0   0   0   0   0   0   0   0   0   0   0   0   0   0   0  1.73 0.27
   37 V   -1 -4 -4 -5 -2 -4 -4 -5 -5  1  0 -4 -1 -2 -4 -3 -1 -4 -3  6    1   0   0   0   0   0   0   0   0   0   0   0   0   0   0   0   0   0   0  99  1.10 0.22
   38 V   -1 -4 -4 -5 -2 -4 -4 -5 -5  3  0 -4  0 -2 -4 -3 -1 -4 -2  6    0   0   0   0   0   0   0   0   0   9   3   0   0   0   0   0   0   0   0  88  0.94 0.19
   39 L   -3 -3 -5 -5 -2 -3 -4 -5 -4  2  5 -4  1 -1 -4 -4 -2 -3 -2  0    0   0   0   0   0   0   0   0   0  11  89   0   0   0   0   0   0   0   0   0  0.91 0.17
   40 E   -2 -2  0  5 -5  0  5 -2 -2 -4 -4 -1 -4 -5 -2 -1 -2 -5 -4 -4    1   0   0  48   0   1  48   2   0   0   0   0   0   0   0   1   0   0   0   0  1.04 0.18
   41 K   -2  2 -1 -2 -4  2  0 -3 -2 -4 -4  6 -3 -5 -2 -1 -2 -4 -3 -4    0   5   0   0   0  10   2   0   0   0   0  83   0   0   0   0   0   0   0   0  1.06 0.20
   42 K    0  0 -1 -1 -3  0  0 -1 -2 -4 -3  5 -2 -4 -1  3  0 -4 -3 -3    4   0   0   0   0   1   4   1   0   0   0  53   0   0   1  33   2   0   0   0  0.57 0.15
   43 F   -3 -4 -4 -5 -4 -4 -4 -4 -1 -2 -1 -4 -2  7 -5 -3 -3  4  6 -2    1   0   0   0   0   0   0   0   0   0   0   0   0  64   0   0   0   6  29   0  1.36 0.20
   44 G   -1 -4 -2 -3 -4 -3 -3  7 -3 -4 -5 -3 -4 -5 -4 -1 -2 -4 -4 -4    0   0   0   0   0   0   0  97   0   0   0   0   0   0   0   0   2   0   0   0  1.59 0.21
   45 S    4 -2  0 -2 -2 -1 -1 -1 -2 -2 -3 -1 -2 -3 -1  4  1 -4 -3 -1   43   0   2   1   0   0   0   0   0   1   0   0   0   0   1  47   5   0   0   1  0.58 0.15
   46 P   -2 -4 -4 -3 -5 -3 -3 -4 -4 -5 -5 -3 -4 -5  8 -2 -3 -6 -5 -4    0   0   0   0   0   0   0   0   0   0   0   0   0   0 100   0   0   0   0   0  2.67 0.28
   47 L   -2 -2 -1 -2 -2 -1 -2 -4 -3  0  4 -2  1 -1 -3 -1  3 -3 -2  0    1   0   2   2   0   3   1   0   0   1  54   0   2   0   0   0  33   0   0   2  0.43 0.13
   48 I   -3 -4 -5 -5 -3 -4 -5 -5 -5  7  0 -4  0 -1 -4 -3 -2 -4 -3  2    0   0   0   0   0   0   0   0   0  97   0   0   0   0   0   0   0   0   0   3  1.20 0.22
   49 T   -1 -3 -2 -3 -2 -2 -2 -3 -3 -2 -3 -2 -2 -4 -3  0  7 -4 -3 -1    0   0   0   0   0   0   0   0   0   1   0   0   0   0   0   0  96   0   0   3  1.24 0.24
   50 N   -3 -1  8  0 -4 -1 -2 -2 -1 -5 -5  1 -4 -5 -3 -1 -1 -5 -4 -4    0   0  90   0   0   0   0   0   0   0   0  10   0   0   0   0   0   0   0   0  1.45 0.24
   51 D   -3 -3  0  8 -5 -2  0 -3 -3 -5 -5 -2 -5 -5 -3 -2 -3 -6 -5 -5    0   0   0 100   0   0   0   0   0   0   0   0   0   0   0   0   0   0   0   0  1.79 0.25
   52 G   -1 -4 -2 -3 -4 -3 -4  7 -3 -5 -5 -3 -4 -5 -4 -2 -3 -4 -5 -5    0   0   0   0   0   0   0 100   0   0   0   0   0   0   0   0   0   0   0   0  1.71 0.22
   53 V   -2 -4 -4 -5 -2 -4 -4 -5 -5  1  0 -4 -1 -2 -4 -3 -1 -4 -3  6    0   0   0   0   0   0   0   0   0   0   0   0   0   0   0   0   0   0   0 100  1.13 0.22
   54 T   -1 -2 -1 -2 -2 -2 -2 -3 -3 -2 -3 -2 -2 -4 -2  2  6 -4 -3 -2    0   0   0   0   0   0   0   0   0   0   0   0   0   0   0  18  82   0   0   0  1.03 0.21
   55 I   -2 -4 -5 -5 -2 -4 -5 -5 -5  7  0 -4  0 -1 -4 -4 -2 -4 -3  2    0   0   0   0   0   0   0   0   0  90   0   0   0   0   0   0   0   0   0  10  1.10 0.20
   56 A    6 -3 -3 -3 -2 -2 -2 -1 -3 -3 -3 -2 -2 -4 -2  0 -1 -4 -3 -2  100   0   0   0   0   0   0   0   0   0   0   0   0   0   0   0   0   0   0   0  1.10 0.22
   57 K   -2  4 -1 -2 -5  1 -1 -3 -2 -4 -4  6 -3 -4 -2 -2 -2 -4 -3 -4    0  22   0   0   0   1   0   0   0   0   0  77   0   0   0   0   0   0   0   0  1.06 0.20
   58 E    0 -2 -1  2 -4  0  6 -3 -1 -4 -4 -1 -3 -4 -2  0 -2 -4 -3 -4    6   0   0  10   0   0  79   0   0   0   0   0   0   0   0   4   0   0   0   0  1.04 0.19
   59 I   -3 -4 -5 -5 -3 -4 -5 -5 -5  7  0 -4  0 -1 -4 -4 -2 -4 -3  2    0   0   0   0   0   0   0   0   0  95   0   0   0   0   0   0   0   0   0   5  1.17 0.22
   60 E   -2 -2 -2  2 -5  1  7 -4 -2 -5 -4 -1 -4 -5 -3 -1 -2 -4 -4 -4    0   0   0   6   0   0  94   0   0   0   0   0   0   0   0   0   0   0   0   0  1.38 0.23
   61 L   -3 -3 -5 -5 -1 -3 -4 -5 -4  0  6 -4  1  0 -4 -4 -2 -3 -2  0    0   0   0   0   1   0   0   0   0   0  98   0   0   1   0   0   0   0   0   1  1.02 0.19
   62 E   -2 -1 -1  2 -5  1  6 -3 -1 -4 -4  2 -3 -5  0 -1 -2 -4 -3 -4    1   0   0   6   0   1  78   0   0   0   0  10   0   0   3   1   0   0   0   0  1.02 0.19
   63 D   -3 -3  2  7 -4 -2  0 -3 -2 -5 -5 -2 -5 -5 -3 -2 -2 -6 -5 -5    0   0   6  93   0   0   0   0   0   0   0   0   0   0   0   0   0   0   0   0  1.61 0.23
   64 A    1  0 -1 -2 -3  0 -1 -2  4 -3 -3  1 -3 -4  6 -1 -2 -4 -2 -3   14   6   2   0   0   2   2   2  17   0   0  10   0   0  42   2   1   0   0   0  0.83 0.13
   65 F   -3 -4 -4 -5 -4 -4 -4 -4 -2 -1  0 -4 -1  7 -5 -4 -3  3  5 -2    0   0   0   0   0   0   0   0   0   1   3   0   0  68   0   0   0   3  24   1  1.28 0.20
   66 E   -2 -2 -2  0 -5  1  7 -4 -2 -5 -4 -1 -4 -5 -3 -2 -2 -4 -4 -4    0   0   0   0   0   0  99   0   0   0   0   0   0   0   0   0   0   0   0   0  1.49 0.25
   67 N   -3 -2  8  1 -4 -1 -2 -2 -1 -5 -5  0 -4 -5 -3 -1 -1 -5 -4 -4    0   0  92   2   0   0   0   0   0   0   0   6   0   0   0   0   0   0   0   0  1.49 0.24
   68 M   -2 -3 -4 -5 -3 -2 -4 -4 -3  1  1 -3  9 -2 -4 -3 -2 -3 -3  0    0   0   0   0   0   1   0   0   0   6   3   0  88   0   0   0   1   0   0   1  1.50 0.27
   69 G   -1 -4 -2 -3 -4 -3 -4  7 -3 -5 -5 -3 -4 -5 -4 -2 -3 -4 -5 -5    0   0   0   0   0   0   0 100   0   0   0   0   0   0   0   0   0   0   0   0  1.71 0.22
   70 A    6 -3 -3 -3 -1 -2 -2 -1 -3 -3 -3 -2 -2 -4 -2  0 -1 -4 -3 -1   98   0   0   0   1   0   0   0   0   0   0   0   0   0   0   1   0   0   0   0  1.06 0.22
   71 K   -2  0 -1 -2 -4  7  2 -3 -1 -4 -3  3 -2 -5 -3 -1 -2 -4 -3 -4    0   1   0   0   0  66   6   0   0   0   0  25   0   0   0   0   0   0   0   0  1.05 0.20
   72 L   -2 -3 -5 -5 -2 -3 -4 -5 -4  1  5 -4  3 -1 -4 -4 -2 -3 -2  0    1   0   0   0   0   0   0   0   0   2  91   0   6   0   0   0   1   0   0   0  0.92 0.17
   73 V   -1 -4 -4 -5 -1 -4 -4 -5 -5  2  0 -4  0 -2 -4 -3 -1 -4 -2  6    0   0   0   0   1   0   0   0   0   5   4   0   0   0   0   0   0   0   0  90  0.95 0.19
   74 A    1  2 -1 -2 -3  1  0 -2 -2 -3 -3  5 -2 -4 -2  1 -1 -4 -3 -2   13   5   0   0   0   3   0   0   0   0   0  63   0   0   0  13   1   0   0   1  0.62 0.15
   75 E   -2 -2 -2  0 -5  1  7 -4 -2 -5 -4 -1 -4 -5 -3 -2 -2 -4 -4 -4    0   0   0   0   0   1  99   0   0   0   0   0   0   0   0   0   0   0   0   0  1.48 0.25
   76 V   -1 -4 -4 -5 -2 -4 -4 -4 -5  1  0 -4 -1 -2 -4 -3 -1 -4 -3  6    3   0   0   0   0   0   0   0   0   0   0   0   0   0   0   0   0   0   0  97  1.05 0.21
   77 A    6 -3 -3 -3 -2 -2 -2 -1 -3 -3 -3 -2 -2 -4 -2  1 -1 -4 -3 -1   95   0   0   0   0   0   0   0   0   0   0   0   0   0   0   5   0   0   0   0  1.01 0.21
   78 S    0 -2  1 -2 -2  0 -1 -2 -2 -2 -3  0 -2 -3 -2  4  4 -4 -3 -2    1   0   4   0   0   3   0   0   0   2   0   6   0   0   0  39  45   0   0   0  0.59 0.15
   79 K   -2  1 -1 -2 -5  0 -1 -3 -2 -4 -4  7 -3 -5 -2 -2 -2 -5 -3 -4    0   1   0   0   0   1   0   0   0   0   0  98   0   0   0   0   0   0   0   0  1.31 0.24
   80 T   -1 -3 -1 -3 -2 -2 -2 -3 -3 -2 -3 -2 -2 -4 -3  0  7 -4 -3 -2    1   0   0   0   0   0   0   0   0   0   0   0   0   0   0   1  98   0   0   0  1.30 0.25
   81 N   -3 -2  7  1 -4 -1 -1 -2 -1 -5 -5 -2 -4 -5 -3  1 -1 -5 -4 -4    0   0  86   5   0   1   0   0   0   0   0   0   0   0   0   8   0   0   0   0  1.35 0.22
   82 D   -3 -3  0  7 -5 -2  1 -3 -3 -5 -5 -2 -5 -5 -3 -2 -2 -6 -5 -5    0   0   0  95   0   0   5   0   0   0   0   0   0   0   0   0   0   0   0   0  1.65 0.24
   83 V   -1 -4 -3 -4 -2 -3 -4 -4 -4  4  0 -3  0 -2 -4 -3 -1 -4 -2  5    3   0   1   0   0   0   0   0   0  32   0   1   0   0   0   0   0   0   0  64  0.74 0.16
   84 A    6 -3 -3 -3 -2 -2 -2 -1 -3 -3 -3 -2 -2 -4 -2  0 -1 -4 -3 -2  100   0   0   0   0   0   0   0   0   0   0   0   0   0   0   0   0   0   0   0  1.10 0.22
   85 G   -1 -4 -2 -3 -4 -3 -4  7 -3 -5 -5 -3 -4 -5 -4 -2 -3 -4 -5 -5    0   0   0   0   0   0   0 100   0   0   0   0   0   0   0   0   0   0   0   0  1.71 0.22
   86 D   -3 -3  0  8 -5 -2  0 -3 -3 -5 -5 -2 -5 -5 -3 -2 -3 -6 -5 -5    0   0   0 100   0   0   0   0   0   0   0   0   0   0   0   0   0   0   0   0  1.79 0.25
   87 G   -1 -4 -2 -3 -4 -3 -4  7 -3 -5 -5 -3 -4 -5 -4 -2 -3 -4 -5 -5    0   0   0   0   0   0   0 100   0   0   0   0   0   0   0   0   0   0   0   0  1.71 0.22
   88 T   -2 -3 -2 -3 -2 -2 -2 -3 -3 -2 -3 -2 -2 -4 -3  0  7 -4 -3 -2    0   0   0   0   0   0   0   0   0   0   0   0   0   0   0   0 100   0   0   0  1.35 0.26
   89 T   -2 -3 -2 -3 -2 -2 -2 -3 -3 -2 -3 -2 -2 -4 -3  0  7 -4 -3 -2    0   0   0   0   0   0   0   0   0   0   0   0   0   0   0   0 100   0   0   0  1.35 0.26
   90 T   -2 -3 -2 -3 -2 -2 -2 -3 -3 -2 -3 -2 -2 -4 -3  0  7 -4 -3 -2    0   0   0   0   0   0   0   0   0   0   0   0   0   0   0   0 100   0   0   0  1.35 0.26
   91 A    6 -3 -3 -3 -2 -2 -2 -1 -3 -3 -3 -2 -2 -4 -2  0 -1 -4 -3 -2  100   0   0   0   0   0   0   0   0   0   0   0   0   0   0   0   0   0   0   0  1.09 0.22
   92 T   -1 -3 -2 -3 -1 -2 -2 -3 -3 -2 -3 -2 -2 -4 -3  0  7 -4 -3 -1    1   0   0   0   1   0   0   0   0   0   0   0   0   0   0   0  98   0   0   0  1.30 0.25
   93 V   -1 -4 -4 -4 -2 -3 -4 -4 -4  2  2 -3  0 -1 -4 -3 -1 -4 -2  5    0   0   0   0   0   0   0   0   0   8  22   0   0   0   0   0   0   0   0  71  0.72 0.15
   94 L   -3 -3 -5 -5 -3 -3 -4 -5 -4  0  6 -4  1 -1 -4 -4 -2 -3 -2  0    0   0   0   0   0   0   0   0   0   0 100   0   0   0   0   0   0   0   0   0  1.06 0.19
   95 A    5 -3 -2 -3 -2 -2 -2 -1 -3 -2 -3 -2 -2 -3 -2  0  2 -4 -3 -1   82   0   0   0   0   0   0   0   0   0   0   0   0   0   0   0  17   0   0   0  0.82 0.19
   96 Q   -2  0 -2 -2 -5  8  1 -3  1 -5 -4  0 -2 -5 -3 -2 -2 -4 -3 -4    0   1   0   0   0  96   1   0   2   0   0   0   0   0   0   0   0   0   0   0  1.58 0.28
   97 A    6 -3 -3 -3 -2 -2 -2 -1 -3 -2 -3 -2 -2 -4 -2  1 -1 -4 -3 -1   90   0   0   0   0   0   0   0   0   1   0   0   0   0   0   7   1   0   0   1  0.91 0.19
   98 M   -2 -3 -4 -4 -2 -3 -4 -5 -4  5  2 -3  6 -1 -4 -3 -2 -3 -2  1    0   0   0   0   0   0   0   0   0  53  11   0  35   0   0   0   0   0   0   1  0.83 0.18
   99 I   -1 -4 -4 -4 -2 -3 -4 -4 -3  5  0 -3  0  0 -4 -3 -1 -3  1  4    1   0   0   0   0   0   0   0   0  48   0   0   0   2   0   0   1   0   6  41  0.64 0.14
  100 R   -2  5  2 -2 -4  2 -1 -2  2 -3 -3  2 -2 -4 -3 -1  0 -4 -2 -3    0  53  15   0   0   7   0   1   6   0   2  10   0   0   0   1   4   0   0   0  0.66 0.13
  101 E   -2 -2 -2  0 -5  1  7 -4 -2 -5 -4 -1 -3 -5 -3 -2 -2 -4 -4 -4    2   0   0   0   0   2  96   0   0   0   0   0   0   0   0   0   0   0   0   0  1.41 0.24
  102 G   -1 -4 -2 -3 -4 -3 -4  7 -3 -5 -5 -3 -4 -5 -4 -2 -3 -4 -5 -5    0   0   0   0   0   0   0 100   0   0   0   0   0   0   0   0   0   0   0   0  1.71 0.22
  103 L   -2 -3 -3 -4 -2 -2 -3 -4 -3  1  4 -3  6  0 -4 -2 -2 -3 -2  0    2   0   1   0   0   0   0   0   0   4  54   0  33   2   0   2   0   0   0   2  0.66 0.15
  104 K   -2  3 -1 -2 -5  0 -1 -3 -2 -4 -4  6 -3 -5 -2 -2 -2 -4 -3 -4    0  13   0   0   0   0   0   0   0   0   0  87   0   0   0   0   0   0   0   0  1.16 0.21
  105 N   -3 -2  8  0 -4 -1 -2 -2 -1 -4 -2 -2 -1 -4 -4 -1 -1 -5 -4 -4    0   0  93   0   0   0   0   0   0   0   4   0   2   0   0   0   0   0   0   0  1.44 0.24
  106 V   -1 -4 -4 -5 -2 -3 -4 -5 -4  2  2 -4  0 -2 -4 -3 -1 -4 -2  6    0   0   0   0   0   0   0   0   0   4  15   0   0   0   0   0   0   0   0  81  0.82 0.17
  107 T    4 -2 -2 -2 -2 -2 -1 -2 -3 -2 -2 -2 -2 -3 -2  1  4 -4 -3  0   46   0   0   0   0   0   2   0   0   0   0   0   0   0   0   2  46   0   0   4  0.60 0.16
  108 A    6 -3 -3 -3 -2 -2 -2 -1 -3 -3 -3 -2 -2 -4 -2  1 -1 -4 -3 -2   90   0   0   0   0   0   0   1   0   0   0   0   0   0   0   9   0   0   0   0  0.93 0.20
  109 G   -1 -4 -2 -3 -4 -3 -4  7 -3 -5 -5 -3 -4 -5 -4 -2 -3 -4 -5 -5    0   0   0   0   0   0   0 100   0   0   0   0   0   0   0   0   0   0   0   0  1.71 0.22
  110 A    6 -3 -3 -3 -2 -2 -2 -1  0 -2 -3 -2 -2 -4 -2  1 -1 -4 -3 -1   93   0   0   0   0   0   0   0   3   1   0   0   0   0   0   3   0   0   0   0  0.94 0.20
  111 N   -3 -2  8  0 -4 -1 -2 -2 -1 -5 -5 -2 -4 -5 -4  0 -1 -5 -4 -5    0   0  97   1   0   0   0   0   0   0   0   0   0   0   0   2   0   0   0   0  1.64 0.26
  112 P   -2 -4 -4 -3 -4 -3 -3 -3 -4 -4 -5 -3 -4 -5  8 -2 -3 -5 -5 -4    1   0   0   0   0   0   0   1   0   0   0   0   0   0  98   1   0   0   0   0  2.56 0.27
  113 V   -2 -3 -4 -4 -2 -2 -4 -4 -4  4  1 -3  7 -1 -4 -3 -2 -3 -2  3    0   0   0   0   0   0   0   0   0  25   2   0  49   0   0   0   0   0   0  23  0.82 0.18
  114 G    0 -3 -2 -1 -2 -2 -1  3 -3  2  0 -2  0  0 -3 -1 -1 -3 -2  1    8   0   0   3   0   0   5  33   0  20  10   0   0   3   0   2   1   0   0  16  0.22 0.07
  115 V   -2 -4 -4 -4 -2 -3 -4 -5 -4  4  4 -3  2 -1 -4 -3 -2 -3 -2  2    0   0   0   0   0   0   0   0   0  45  44   0   3   0   0   0   0   0   0   9  0.65 0.13
  116 R   -2  6 -1 -2 -5  1 -1 -3 -2 -4 -4  4 -3 -4 -3 -2 -2 -4 -3 -4    0  57   0   0   0   3   0   0   0   0   0  40   0   0   0   0   0   0   0   0  1.04 0.18
  117 K   -2  5  0 -2 -4  1 -1 -3  0 -4 -3  4 -2 -4 -3 -1 -1 -4 -3 -3    0  50   2   0   0   3   0   0   1   0   0  39   0   0   0   0   2   0   0   0  0.88 0.16
  118 G   -1 -4 -2 -3 -4 -3 -4  7 -3 -5 -5 -3 -4 -5 -4 -2 -3 -4 -5 -5    0   0   0   0   0   0   0 100   0   0   0   0   0   0   0   0   0   0   0   0  1.71 0.22
  119 M   -2 -4 -4 -5 -3 -3 -4 -5 -4  6  1 -4  4 -1 -4 -3 -2 -4 -3  1    0   0   0   0   0   0   0   0   0  79   2   0  18   0   0   0   0   0   0   0  0.96 0.19
  120 E   -1  0  0  3 -4  2  5 -3 -1 -4 -4  2 -3 -4 -2 -1 -2 -4 -3 -3    3   3   2  17   0   6  52   0   0   0   0  14   0   0   0   2   0   0   0   0  0.68 0.13
  121 Q   -1  1 -1 -2 -4  1  0 -2 -2 -2 -1  6  0 -4 -2 -1 -1 -4 -3 -2    4   3   0   1   0   4   1   0   0   1   8  71   2   0   0   1   3   0   0   0  0.64 0.15
  122 A    6 -3 -3 -3 -2 -2 -2 -1 -3 -3 -3 -2 -2 -4 -2  0 -1 -4 -3 -1   99   0   0   0   0   0   0   0   0   0   0   0   0   0   0   1   1   0   0   0  1.08 0.22
  123 V   -1 -3 -3 -3 -1 -3 -3 -4 -4  1 -1 -3 -1 -2 -3 -1  4 -4 -2  5    0   0   0   0   1   0   0   0   0   1   0   0   0   0   0   1  34   0   0  63  0.66 0.17
  124 A    1  0  1  3 -3  1  3 -2 -1 -3 -3  2 -2 -4 -2  0 -1 -4 -3 -2   16   3   4  23   0   3  25   1   0   0   1  19   0   0   0   1   2   0   0   1  0.40 0.09
  125 V    3  0 -2 -2  0 -1  0 -2 -2  0 -1  1 -1 -3 -2  0  2 -3 -2  2   33   3   0   0   2   1   4   0   0   1   0  15   0   0   0   4  15   0   0  21  0.21 0.08
  126 A    5 -3 -3 -3 -1 -2 -2 -1 -3  0  0 -2 -1 -2 -2  0  0 -4 -3  2   67   0   0   0   0   0   0   0   0   4   7   0   0   1   0   1   3   0   0  18  0.50 0.14
  127 I   -1 -4 -4 -4 -2 -3 -4 -4 -4  2  0 -3  0 -2 -3 -1  0 -4 -2  6    1   0   0   0   0   0   0   0   0   7   1   0   0   0   0   4   3   0   0  84  0.80 0.18
  128 E    0 -1  0  3 -4  1  5 -2 -1 -4 -4  1 -3 -4 -2  0 -1 -4 -3 -3   10   1   3  17   0   3  56   1   0   0   0   6   0   0   0   1   2   0   0   0  0.66 0.13
  129 N    2 -1  0  0 -3  1  4  0  0 -3 -3  0 -2 -3 -2  0 -1 -3 -1 -2   24   2   2   2   0   3  47   6   2   0   0   2   0   0   0   5   2   0   2   1  0.43 0.11
  130 L   -2 -4 -4 -5 -2 -3 -4 -5 -4  4  4 -4  1 -1 -4 -3 -2 -3 -2  1    0   0   0   0   0   0   0   0   0  39  60   0   0   0   0   0   0   0   0   1  0.74 0.15
  131 K    0  2 -1 -2 -4  2  0 -2  4 -3 -2  5 -2 -3 -2 -1 -2 -4 -2 -2    6   6   0   0   0   7   1   0  16   1   4  55   0   0   0   3   0   0   0   1  0.54 0.13
  132 E    1  0  1  0 -3  0  2 -1  0 -3 -3  3 -2 -4 -2  1  0 -4 -3 -2   19   2   7   3   0   0  17   3   1   0   0  36   0   0   0   8   3   0   0   0  0.34 0.09
  133 I   -1 -1  1 -2 -2  0 -2 -3 -1  3  1 -1  4  0 -3 -1 -1 -3 -1  1    1   4  12   0   0   4   0   0   2  31  10   3  22   2   0   3   1   0   0   3  0.23 0.09
  134 S    3 -2 -1 -2 -2 -1 -1 -1 -2 -3 -3 -1 -3 -4 -2  5  0 -4 -3 -2   29   0   0   0   0   0   0   1   0   0   0   0   0   0   0  71   0   0   0   0  0.80 0.18
  135 K   -1  1 -1 -2 -3  2  0 -3  3 -1 -2  4 -2 -3 -2  0  0 -4 -2 -1    0   5   1   0   0  12   2   0  10   5   0  51   0   0   0   6   3   0   0   4  0.45 0.12
  136 P   -1 -1 -1  0 -3  1  1 -3 -2 -3 -3  2 -2 -4  6 -1  1 -4 -3 -2    3   0   1   6   0   4   9   0   0   1   1  22   0   0  40   2   9   0   0   2  0.74 0.11
  137 I   -1 -4 -4 -4  0 -3 -4 -4 -4  4  0 -3  0 -2 -4 -3  0 -4 -2  5    0   0   0   0   1   0   0   0   0  28   1   0   0   0   0   0   3   0   0  66  0.75 0.16
  138 E   -1  0  2  2 -4  1  4 -2 -1 -4 -4  2 -3 -4 -2  1  0 -4 -3 -3    2   0   9   7   0   4  46   0   0   0   0  14   0   0   0  13   3   0   0   0  0.53 0.11
  139 G   -1 -2  1  2 -3 -1 -1  3 -2 -3 -3 -1 -3 -4 -2  2  2 -4 -3 -3    0   0   8  13   0   0   1  32   0   0   0   1   0   0   0  23  21   0   0   0  0.47 0.10
  140 K   -2  2  0 -2 -4  1  0 -3  0 -4 -4  6 -3 -4 -2  0 -1 -4 -3 -4    0   6   3   0   0   2   1   0   3   0   0  78   0   0   1   5   1   0   0   0  0.88 0.18
  141 E    0 -1  0  3 -4  1  5 -2 -1 -4 -4  2 -3 -4 -2  0 -1 -4 -3 -3    9   0   4  15   0   4  49   1   1   0   0  12   0   0   0   4   0   0   0   0  0.59 0.12
  142 S    2 -1  0  3 -3  2  2 -1  0 -3 -3  0 -2 -4 -2  2 -1 -4 -3 -2   23   0   0  18   0  15  19   0   2   0   0   3   0   0   0  19   1   0   0   0  0.39 0.09
  143 I   -3 -4 -5 -5 -3 -4 -5 -5 -5  7  0 -3  0 -1 -4 -4 -2 -4 -2  2    0   0   0   0   0   0   0   0   0  94   0   1   1   0   0   0   0   0   1   2  1.11 0.21
  144 A    6 -3 -3 -3 -2 -1 -1 -1 -3 -3 -3 -2 -2 -4 -2  1 -1 -4 -3 -1   89   0   0   0   0   1   3   0   0   0   0   0   0   0   0   4   2   0   0   0  0.86 0.19
  145 Q   -1  3  1 -1 -4  6  1 -3  0 -4 -3  1 -2 -3 -3  0 -2 -3 -2 -3    2  14   7   0   0  65   1   0   2   0   0   4   0   1   0   4   0   0   0   0  0.87 0.18
  146 V   -1 -4 -4 -4 -2 -3 -4 -4 -4  3  0 -3  0 -2 -4 -3  0 -4 -2  6    1   0   0   0   0   0   0   0   0  10   0   0   0   0   0   0   5   0   0  84  0.85 0.18
  147 A    5 -3 -3 -3 -2 -2 -2  2 -3 -3 -3 -2 -2 -4 -2  0 -1 -4 -3 -2   84   0   0   0   0   0   0  16   0   0   0   0   0   0   0   0   0   0   0   0  0.87 0.19
  148 A    4 -2 -1 -2 -2 -1 -1 -1 -2 -2 -3 -1 -2 -3 -2  3  2 -4 -3 -2   44   0   0   0   0   0   0   1   0   0   0   0   0   0   0  36  18   0   0   0  0.56 0.14
  149 I   -2 -4 -4 -4 -2 -4 -4 -5 -5  6  0 -4  0 -1 -4 -3 -2 -4 -3  3    0   0   1   0   0   0   0   0   0  79   0   0   0   0   0   0   0   0   0  21  0.96 0.18
  150 S    0 -2 -1 -2 -2 -2 -2 -2 -2 -4 -4 -2 -3 -4 -2  6  0 -4 -3 -3    1   0   0   0   0   0   0   0   0   0   0   0   0   0   0  99   0   0   0   0  1.17 0.24
  151 A    5 -2 -2 -2 -2 -2 -2 -1 -3 -3 -3 -2 -2 -3 -2  3 -1 -4 -3 -2   69   0   0   0   0   0   0   1   0   0   0   0   0   0   0  30   0   0   0   0  0.75 0.17
  152 A    3 -1  2  0 -2 -1 -2  3 -2 -3 -3 -1 -2 -4 -2  1 -1 -4 -3 -2   39   4  17   3   0   1   0  30   0   0   0   0   0   0   0   7   0   0   0   0  0.47 0.11
  153 D   -2 -3  2  7 -4 -1  0 -2 -2 -4 -5 -2 -4 -5 -3  1 -2 -5 -4 -4    0   0   9  78   0   0   1   0   0   0   0   0   0   0   0  11   0   0   0   0  1.23 0.19
  154 E   -1  0  0  2 -4  1  4 -3 -1 -3 -4  1 -3 -4  2  0  0 -4 -3 -3    4   2   2  13   0   3  48   0   0   0   0   9   0   0  11   3   5   0   0   1  0.58 0.11
  155 E   -1 -1  0  0 -4  1  5 -3 -1 -3 -3  1 -2 -2 -2  0  1 -4 -3 -2    3   1   3   0   0   5  62   0   0   0   0   6   0   2   0   2  13   0   0   2  0.64 0.14
  156 V   -2 -4 -4 -4 -2 -4 -4 -5 -4  5  0 -4  0 -2 -4 -3  0 -4 -2  4    0   0   0   0   0   0   0   0   0  49   0   0   0   0   0   0   3   0   0  47  0.77 0.16
  157 G   -1 -4 -2 -3 -4 -3 -4  7 -3 -5 -5 -3 -4 -5 -4 -2 -3 -4 -5 -5    0   0   0   0   0   0   0 100   0   0   0   0   0   0   0   0   0   0   0   0  1.71 0.22
  158 S    0  1  2  1 -3  3  3 -1  0 -3 -3  3 -2 -4 -2  0 -1 -4 -3 -3    5   4  14   5   0  15  24   4   1   0   0  23   0   0   0   3   2   0   0   0  0.39 0.08
  159 L   -2 -3 -4 -5 -2 -3 -4 -5 -3  2  4 -3  3  1 -4 -3 -2 -1  1  0    0   0   0   0   0   0   0   0   0   8  70   1  10   3   0   0   0   1   7   0  0.65 0.13
  160 I   -2 -4 -5 -5 -2 -4 -4 -5 -5  6  1 -4  0 -1 -4 -4 -2 -4 -3  3    0   0   0   0   0   0   0   0   0  86   1   0   0   0   0   0   0   0   0  13  1.03 0.19
  161 A    6 -3 -2 -3 -2 -2 -2 -1 -3 -3 -3 -2 -2 -4 -2  2 -1 -4 -3 -2   88   0   0   0   0   0   0   0   0   0   0   0   0   0   0  12   0   0   0   0  0.90 0.19
  162 E   -2 -2  0  5 -5  1  5 -3 -2 -4 -4 -1 -4 -5 -2 -1 -2 -5 -4 -4    0   0   1  41   0   3  54   0   0   0   0   1   0   0   0   0   0   0   0   0  1.05 0.18
  163 A    6 -3 -3 -3 -2 -2 -2 -1 -3 -3 -3 -2 -2 -4 -2  0 -1 -4 -3 -2  100   0   0   0   0   0   0   0   0   0   0   0   0   0   0   0   0   0   0   0  1.10 0.22
  164 M   -3 -3 -4 -5 -3 -2 -4 -5 -3 -1  1 -3 10 -1 -4 -3 -2 -3 -3 -1    0   0   0   0   0   0   0   0   0   0   1   0  99   1   0   0   0   0   0   0  1.86 0.31
  165 E   -2 -2 -1  3 -5  1  6 -3 -1 -5 -4  0 -3 -5 -2 -1 -2 -4 -4 -4    0   0   1  19   0   1  78   0   0   0   0   1   0   0   0   0   0   0   0   0  1.14 0.20
  166 R   -2  3 -1 -2 -4  0 -1 -3 -2 -3 -4  6 -3 -4 -2 -2 -2 -4 -3 -3    0  11   0   0   0   0   0   0   0   1   0  87   0   0   0   0   1   0   0   0  1.10 0.21
  167 V   -2 -4 -4 -5 -2 -4 -4 -5 -5  1  0 -4 -1 -2 -4 -3 -1 -4 -3  6    0   0   0   0   0   0   0   0   0   0   0   0   0   0   0   0   0   0   0 100  1.13 0.22
  168 G   -1 -3 -1 -2 -3 -3 -3  6 -3 -5 -5 -2 -4 -4 -3  1  0 -4 -4 -4    0   0   0   0   0   0   0  83   0   0   0   0   0   0   0  10   7   0   0   0  1.25 0.18
  169 N   -1  0  5  0 -4  0  0 -2  2 -4 -4  4 -3 -4 -2  0 -1 -4 -3 -3    3   2  44   1   0   2   3   0   4   0   0  37   0   0   0   3   1   0   0   0  0.67 0.14
  170 D   -3 -3  0  7 -5 -1  3 -3 -2 -5 -5 -2 -4 -5 -3 -1 -2 -5 -4 -4    0   0   2  79   0   0  17   0   0   0   0   0   0   0   0   1   1   0   0   0  1.33 0.20
  171 G   -1 -4 -2 -3 -4 -3 -4  7 -3 -5 -5 -3 -4 -5 -4 -2 -3 -4 -5 -5    0   0   0   0   0   0   0 100   0   0   0   0   0   0   0   0   0   0   0   0  1.71 0.22
  172 V   -2 -4 -4 -5 -2 -4 -4 -5 -5  1  0 -4 -1 -2 -4 -3 -1 -4 -3  6    0   0   0   0   0   0   0   0   0   0   0   0   0   0   0   0   0   0   0 100  1.13 0.22
  173 I   -3 -5 -5 -5 -3 -4 -5 -5 -5  7  0 -4  0 -1 -4 -4 -2 -4 -3  2    0   0   0   0   0   0   0   0   0  98   0   0   0   0   0   0   0   0   0   2  1.23 0.22
  174 T   -1 -3 -1 -3 -2 -2 -2 -3 -3 -2 -3 -2 -2 -4 -3  1  7 -4 -3 -2    0   0   0   0   0   0   0   0   0   0   0   0   0   0   0   3  97   0   0   0  1.29 0.25
  175 I   -2 -4 -4 -4 -2 -4 -4 -5 -4  5  1 -4  0 -1 -4 -3 -1 -4 -2  5    0   0   0   0   0   0   0   0   0  43   3   0   0   0   0   0   0   0   0  54  0.78 0.16
  176 E   -2 -2 -2  0 -5  1  7 -4 -2 -5 -4 -1 -4 -5 -3 -2 -2 -4 -4 -4    0   0   0   1   0   0  99   0   0   0   0   0   0   0   0   0   0   0   0   0  1.50 0.25
  177 E   -2 -2 -1  2 -5  1  7 -4 -2 -5 -4 -1 -4 -5 -3 -2 -2 -4 -4 -4    0   0   0   8   0   0  92   0   0   0   0   0   0   0   0   0   0   0   0   0  1.36 0.23
  178 S    2 -2  0 -2 -2 -1 -1 -1 -2 -4 -4 -2 -3 -4 -2  6  0 -4 -3 -3   12   0   2   0   0   0   0   2   0   0   0   0   0   0   0  84   0   0   0   0  0.89 0.20
  179 K   -2  3  1 -2 -4  2  0 -3 -2 -4 -4  6 -3 -4 -2 -1 -2 -4 -3 -4    0  11   7   0   0   6   0   0   0   0   0  74   0   0   0   1   0   0   0   0  0.90 0.18
  180 G    0 -2 -1 -2 -2 -2 -2  4 -3 -3 -3 -2 -3 -4 -2  2  4 -4 -3 -2    2   0   0   0   0   0   0  42   0   0   0   0   0   0   0  21  35   0   0   0  0.67 0.14
  181 F   -1 -3 -3 -4 -2 -2 -3 -4 -3  2  1 -3  6  4 -4 -2  0 -2 -1  1    4   0   0   0   0   0   0   0   0  17   7   0  41  21   0   1   4   0   0   5  0.54 0.14
  182 T   -1 -1  1  2 -3  1  3  3  0 -3 -3  1 -2 -4 -2  0  0 -4 -3 -2    3   0   6  11   0   5  29  24   2   0   1   7   0   0   0   2   8   0   0   2  0.35 0.07
  183 T   -1 -3 -2 -3 -2 -2 -2 -3 -3 -2 -1 -2 -2 -3 -3  0  7 -4 -3 -1    0   0   0   0   0   0   0   0   0   0   6   0   0   0   0   0  94   0   0   1  1.17 0.24
  184 E   -1 -1  0  0 -3  0  5 -3 -1 -3 -3 -1 -2 -3 -2  1  2 -3  1 -2    2   0   3   2   0   1  51   0   1   0   0   0   0   0   0  14  18   0   6   1  0.52 0.13
  185 L   -2 -3 -4 -5 -2 -3 -4 -5 -4  1  5 -4  1 -1 -4 -2 -2 -3 -2  0    0   0   0   0   1   0   0   0   0   1  90   0   1   0   0   3   0   0   0   4  0.84 0.17
  186 E   -2 -2  0  5 -5  0  5 -3 -2 -4 -4  0 -4 -5 -2  0 -2 -5 -4 -4    0   0   2  45   0   1  46   0   0   0   0   2   0   0   0   5   0   0   0   0  0.96 0.16
  187 V   -1 -3 -4 -4 -2 -3 -4 -4 -4  2  2 -3  0 -1 -3 -2  0 -4 -2  5    1   0   0   0   0   0   0   0   0   4  14   0   1   1   0   0   5   0   0  73  0.64 0.15
  188 V   -1 -4 -4 -4 -2 -3 -4 -4 -4  1  0 -3 -1 -2 -4 -3  1 -4 -3  6    0   0   0   0   0   0   0   0   0   0   0   0   0   0   0   0   7   0   0  93  0.97 0.20
  189 E   -2 -2 -2  0 -5  1  7 -4 -2 -5 -4  0 -4 -5 -3 -2 -2 -4 -4 -4    0   0   0   1   0   0  99   0   0   0   0   1   0   0   0   0   0   0   0   0  1.47 0.25
  190 G   -1 -4 -2 -3 -4 -3 -4  7 -3 -5 -5 -3 -4 -5 -4 -2 -3 -4 -5 -5    0   0   0   0   0   0   0 100   0   0   0   0   0   0   0   0   0   0   0   0  1.71 0.22
  191 M   -3 -3 -4 -5 -3 -2 -4 -5 -3 -1  1 -3 10 -2 -4 -3 -2 -3 -3 -1    0   0   0   0   0   0   0   0   0   0   1   0  99   0   0   0   0   0   0   0  1.88 0.32
  192 Q   -2  1  0 -2 -4  7  1 -3 -1 -4 -4  0 -1 -5 -3 -1 -2 -4 -3 -4    0   6   4   0   0  84   4   0   0   0   0   0   1   0   0   2   0   0   0   0  1.27 0.24
  193 F   -4 -4 -5 -5 -4 -5 -5 -5 -3 -2 -1 -5 -1  8 -5 -4 -4 -1  2 -2    0   0   0   0   0   0   0   0   0   0   0   0   0 100   0   0   0   0   0   0  1.85 0.26
  194 D   -3 -3  0  8 -5 -2  0 -3 -3 -5 -5 -2 -5 -5 -3 -2 -3 -6 -5 -5    0   0   0  99   0   0   1   0   0   0   0   0   0   0   0   0   0   0   0   0  1.75 0.25
  195 R   -3  7 -1 -3 -5  0 -1 -4 -2 -4 -4  2 -3 -4 -3 -2 -2 -4 -3 -4    0  89   1   0   0   0   0   0   0   0   0  11   0   0   0   0   0   0   0   0  1.42 0.22
  196 G   -1 -4 -2 -3 -4 -3 -4  7 -3 -5 -5 -3 -4 -5 -4 -2 -3 -4 -5 -5    0   0   0   0   0   0   0 100   0   0   0   0   0   0   0   0   0   0   0   0  1.71 0.22
  197 Y   -4 -3 -4 -5 -4 -3 -4 -5  0 -3 -3 -4 -3  2 -5 -3 -3  1  9 -3    0   0   0   0   0   0   0   0   0   0   0   0   0   2   0   0   0   0  98   0  2.04 0.29
  198 A   -1 -3 -4 -4 -2 -1 -3 -4 -3  4  3 -3  2 -1 -3 -2 -1 -3 -2  2    6   0   0   0   0   3   0   0   0  32  36   0   5   0   0   0   2   0   0  16  0.42 0.09
  199 S    0 -2 -1 -2 -2 -1 -2 -2 -2 -4 -4 -2 -3 -4 -2  6  1 -4 -3 -3    0   0   0   0   0   0   0   0   0   0   0   0   0   0   0  97   3   0   0   0  1.13 0.24
  200 P    2 -2 -2 -2 -3  3 -1 -2 -1 -4 -4 -1 -3 -4  7 -1 -2 -4 -3 -3   21   0   0   0   0  20   0   2   1   0   0   0   0   0  55   2   0   0   0   0  1.20 0.17
  201 Y   -4 -3 -4 -5 -4 -3 -4 -5  0 -3 -3 -4 -3  2 -5 -3 -3  1  9 -3    0   0   0   0   0   0   0   0   0   0   0   0   0   0   0   0   0   0 100   0  2.11 0.30
  202 M   -3 -3 -4 -5 -3 -2 -4 -4 -3  0  1 -3  9  3 -4 -3 -2 -2 -1 -1    0   0   0   0   0   0   0   0   0   0   1   0  82  17   0   0   0   0   0   0  1.43 0.27
  203 V    1 -3 -4 -4  1 -3 -3 -3 -4  2  0 -3  0 -2 -3 -1 -1 -4 -2  5   13   0   0   0   3   0   0   0   0   9   0   0   1   0   0   2   0   0   0  71  0.61 0.15
  204 T   -1 -3 -1 -2 -2 -2 -2 -3 -3 -2 -3 -2 -2 -4 -3  1  7 -4 -3 -2    0   0   1   0   0   0   0   0   0   0   0   0   0   0   0   5  93   0   0   0  1.20 0.24
  205 D   -3 -3  1  7 -5 -2  0 -3 -3 -5 -5 -2 -5 -5 -3 -2 -2 -6 -5 -5    0   0   3  97   0   0   0   0   0   0   0   0   0   0   0   0   0   0   0   0  1.69 0.24
  206 S    0 -2  3 -1 -2  0 -1 -2 -1 -2 -2 -1  2 -3  2  1  3 -4 -3 -1    5   0  21   0   0   5   1   0   0   0   0   0  10   0  13  14  28   0   0   3  0.35 0.10
  207 D   -2 -2  0  5 -5  0  5 -3 -2 -5 -5 -1 -4 -5 -3 -1 -2 -5 -4 -4    0   0   0  47   0   0  53   0   0   0   0   0   0   0   0   0   0   0   0   0  1.14 0.19
  208 K   -1  3 -1 -2 -4  0  0 -3 -2 -4 -4  6 -3 -4 -2 -1 -1 -4 -3 -4    2  16   1   0   0   0   0   0   0   0   0  79   0   0   0   1   1   0   0   0  1.01 0.19
  209 M   -3 -3 -4 -5 -3 -2 -4 -5 -3 -1  0 -3 10 -2 -4 -3 -2 -3 -3 -1    0   0   0   0   0   1   0   0   0   0   0   0  99   0   0   0   0   0   0   0  1.88 0.32
  210 E   -2 -2 -2  0 -4  0  6 -4 -2 -1 -3 -1 -2 -4 -3 -2 -1 -4 -3  1    0   0   0   0   0   0  79   0   0   4   0   0   0   0   0   0   1   0   0  14  0.93 0.19
  211 A    6 -3 -3 -3  0 -2 -2 -1 -3 -2 -3 -2 -2 -3 -2  0  0 -4 -3 -1   90   0   0   0   2   0   0   1   0   0   0   0   0   0   0   1   3   0   0   3  0.88 0.19
  212 V   -1 -2  2  2 -2 -1  1 -2 -1  1 -1 -2 -1 -2 -2  0  0 -4 -2  3    3   0  13  13   0   0  12   0   1   3   1   0   0   0   0   7   5   0   0  42  0.23 0.09
  213 L   -3 -3 -5 -5 -2 -3 -4 -5 -4  1  5 -4  2  0 -4 -4 -2 -3 -1  0    0   0   0   0   0   0   0   0   0   2  88   0   5   3   0   0   0   0   1   0  0.87 0.17
  214 D   -2 -2  1  6 -4  0  4 -3 -2 -4 -4 -1 -4 -5 -2  0 -2 -5 -4 -4    0   0   7  51   0   1  37   0   0   0   0   0   0   0   0   4   0   0   0   0  0.96 0.16
  215 N   -3 -1  5  5 -4 -1  1 -2 -1 -4 -5 -1 -4 -4 -3 -1 -1 -5 -4 -4    0   2  43  43   0   0   8   0   0   0   0   2   0   0   0   1   0   0   0   0  0.95 0.16
  216 P    0 -4 -4 -3 -3 -3 -3 -3 -4 -4 -4 -2 -4 -5  8 -2 -2 -5 -4 -3   10   0   0   0   0   0   0   0   0   0   0   0   0   0  89   0   0   0   0   1  2.23 0.25
  217 Y   -3 -3 -3 -5 -4 -3 -4 -5  0 -2 -1 -3 -1  3 -5 -3 -3  1  8 -2    1   0   1   0   0   0   0   0   0   0   6   0   1   7   0   0   0   0  85   0  1.60 0.24
  218 I   -3 -4 -5 -5 -2 -4 -5 -5 -5  7  1 -4  0 -1 -4 -4 -2 -4 -3  2    0   0   0   0   0   0   0   0   0  90   4   0   0   0   0   0   0   0   0   7  1.07 0.20
  219 L   -3 -3 -5 -5 -3 -3 -4 -5 -4  1  5 -4  1  0 -4 -4 -2 -3 -2  0    0   0   0   0   0   0   0   0   0   0  97   0   1   2   0   0   0   0   0   0  1.01 0.19
  220 I   -2 -4 -5 -4 -2 -4 -4 -5 -5  6  1 -4  0 -1 -4 -4 -2 -4 -3  2    0   0   0   0   0   0   0   0   0  83   8   0   0   0   0   0   0   0   0   8  0.96 0.18
  221 T   -1 -2 -1 -2 -2 -2 -2 -3  1 -2 -2 -2 -2 -2 -3  0  6 -3  0 -1    3   0   1   0   0   0   0   0   5   0   0   0   0   1   0   0  83   0   4   2  0.91 0.20
  222 D   -3 -3  1  7 -5 -1  1 -2 -2 -5 -5 -2 -4 -5 -3 -1 -2 -6 -4 -5    0   0   5  89   0   0   5   1   0   0   0   0   0   0   0   0   0   0   0   0  1.49 0.22
  223 K   -2  2 -1 -2 -4  0  0 -2 -2 -4 -4  6 -3 -4 -2  0 -2 -4 -3 -4    0   7   0   0   0   1   0   1   0   0   0  85   0   0   0   6   0   0   0   0  1.03 0.20
  224 K   -2  1 -2 -2 -5  0 -1 -3 -2 -4 -4  7 -3 -5 -2 -2 -2 -5 -3 -4    0   0   0   0   0   0   0   0   0   0   0 100   0   0   0   0   0   0   0   0  1.36 0.24
  225 I   -3 -4 -5 -5 -3 -4 -5 -5 -5  7  1 -4  0 -1 -4 -4 -2 -4 -3  2    0   0   0   0   0   0   0   0   0  94   2   0   0   0   0   0   0   0   0   4  1.15 0.21
  226 T    1 -2  1 -1 -2 -1 -1  1 -2 -3 -4 -1 -3 -4 -2  5  2 -4 -3 -3    4   0   5   0   0   0   0   7   0   0   0   0   0   0   0  74   8   0   0   0  0.73 0.17
  227 N    1 -2  6  0 -3 -1 -1 -1 -1 -3 -4 -1 -2 -4 -3  2  0 -5 -3 -2   10   0  63   0   0   0   0   0   0   1   0   0   1   0   0  21   2   0   0   2  0.80 0.17
  228 I   -2 -4 -4 -4 -2 -3 -4 -5 -4  5  1 -3  3  0 -4 -3 -1 -3 -2  3    0   0   0   0   0   0   0   0   0  66   3   0  12   3   0   0   1   0   0  14  0.72 0.15
  229 Q   -1  0  0 -2 -4  7  0 -2 -1 -4 -4  3 -2 -5 -3 -1 -2 -4 -3 -3    5   1   2   0   0  73   0   1   0   0   0  17   0   0   0   0   0   0   0   0  1.05 0.21
  230 E   -3 -2  0  6 -5  0  4 -3 -2 -5 -5 -1 -4 -5 -3 -1 -2 -5 -4 -4    0   0   0  61   0   0  39   0   0   0   0   0   0   0   0   0   0   0   0   0  1.20 0.19
  231 I   -2 -4 -4 -4 -2 -4 -4 -5 -4  5  3 -4  1 -1 -4 -3 -2 -3 -2  2    0   0   0   0   0   0   0   0   0  61  29   0   2   0   0   0   0   0   0   8  0.72 0.14
  232 L   -3 -3 -5 -5 -2 -3 -4 -5 -4  1  5 -4  2 -1 -4 -4 -2 -3 -2  0    0   0   0   0   0   0   0   0   0   2  93   0   2   0   0   0   0   0   0   2  0.95 0.18
  233 P   -2 -4 -3 -3 -5 -2 -3 -4 -3 -5 -5 -3 -4 -5  8 -2 -3 -5 -5 -4    0   0   0   0   0   1   0   0   0   0   0   0   0   0  98   0   0   0   0   0  2.57 0.27
  234 V   -1 -3 -4 -4 -2 -3 -4 -4 -4  3  3 -3  1 -1 -4 -3 -1 -3 -2  3    1   0   0   0   0   0   0   0   0  19  45   0   1   0   0   0   1   0   0  32  0.54 0.11
  235 L   -3 -3 -5 -5 -3 -3 -4 -5 -4  1  6 -4  1 -1 -4 -4 -2 -3 -2  0    0   0   0   0   0   0   0   0   0   1  99   0   0   0   0   0   0   0   0   0  1.06 0.19
  236 E   -2 -1 -1  0 -5  3  6 -4 -1 -5 -4  0 -3 -5 -3 -1 -2 -4 -3 -4    0   0   0   0   0  11  88   0   0   0   0   0   0   0   0   0   1   0   0   0  1.28 0.22
  237 Q   -1  1  0 -1 -4  5  2 -3 -1 -4 -3  3 -2 -4 -2  1 -1 -4 -3 -3    1   3   1   0   0  49  11   0   0   0   1  25   0   0   0   9   0   0   0   0  0.71 0.15
  238 V   -2 -4 -4 -4 -2 -3 -4 -4 -4  4  1 -3  0 -2 -4 -3  0 -4 -2  5    0   0   0   0   0   0   0   0   0  36   4   0   0   0   0   0   4   0   0  55  0.69 0.15
  239 V    1 -3 -4 -4 -2 -2 -3 -4 -4  1  1 -3  3 -2 -3 -2 -1 -4 -2  5   12   0   0   0   0   1   0   0   0   1   8   0   9   0   0   0   0   0   0  70  0.60 0.15
  240 Q   -2  1 -1 -1 -4  7  2 -3 -1 -4 -4  3 -2 -5 -3 -1 -2 -4 -3 -4    1   4   1   0   0  70   6   0   0   0   0  18   0   0   0   0   0   0   0   0  1.06 0.21
  241 Q    1  0  0 -1 -2  4  1 -1 -1 -3 -2  0  0 -3 -2  2  2 -3 -2 -2   14   1   2   0   0  35   4   1   1   0   0   0   4   0   0  23  13   0   0   1  0.40 0.12
  242 G   -1 -3  1 -2 -3 -3 -3  6 -3 -5 -5 -2 -4 -4 -3  1 -2 -4 -4 -4    1   0   7   0   0   0   0  80   0   0   0   0   0   0   0  12   1   0   0   0  1.19 0.17
  243 K    0  4 -1 -2 -4  0 -1 -1 -2 -4 -3  5 -2 -4 -2 -1 -2 -4 -3 -3    9  31   0   0   0   1   0   3   0   0   0  55   0   0   0   1   0   0   0   0  0.74 0.15
  244 P    0  0 -2 -2 -4  0  0 -3 -2 -4 -4  3 -3 -4  6  0 -2 -4 -3 -3    5   4   1   0   0   4   4   0   0   0   0  23   0   0  51   7   0   0   0   0  1.05 0.15
  245 L   -3 -3 -5 -5 -2 -3 -4 -5 -4  1  5 -4  2  0 -4 -4 -2 -3 -2  0    0   0   0   0   0   0   0   0   0   5  87   0   4   2   0   0   0   0   0   2  0.86 0.16
  246 L   -2 -3 -4 -5 -2 -3 -4 -5 -4  1  5 -3  2  0 -4 -3 -2 -3 -2  1    2   0   0   0   0   0   0   0   0   1  83   0   3   1   0   0   0   0   0   9  0.78 0.15
  247 L   -3 -4 -5 -5 -2 -4 -5 -5 -5  6  1 -4  1 -1 -4 -4 -2 -4 -3  2    0   0   0   0   0   0   0   0   0  88   8   0   1   0   0   0   0   0   0   3  1.03 0.19
  248 I   -2 -4 -5 -5 -2 -4 -5 -5 -5  6  0 -4  0 -1 -4 -4 -2 -4 -3  3    0   0   0   0   0   0   0   0   0  89   1   0   0   0   0   0   0   0   0  11  1.07 0.20
  249 A    6 -3 -3 -3  0 -2 -2 -1 -3 -3 -3 -2 -2 -4 -2  1 -1 -4 -3 -1   94   0   0   0   1   0   0   0   0   0   0   0   0   0   0   4   0   0   0   0  0.98 0.20
  250 E   -2 -2 -1  4 -5  0  6 -3 -2 -5 -4 -1 -4 -5 -2 -1 -2 -5 -4 -4    0   0   0  29   0   0  70   1   0   0   0   0   0   0   0   0   0   0   0   0  1.14 0.19
  251 D   -3 -3  0  7 -5 -1  2 -3 -2 -5 -5 -2 -5 -5 -3 -2 -2 -6 -5 -5    0   0   0  92   0   0   8   0   0   0   0   0   0   0   0   0   0   0   0   0  1.60 0.23
  252 V   -2 -4 -4 -4 -2 -3 -4 -5 -4  4  1 -4  1 -2 -4 -3 -1 -4 -2  5    0   0   0   0   0   0   0   0   0  30   6   0   1   0   0   0   0   0   0  63  0.74 0.15
  253 E   -2 -2 -1  3 -5  0  6 -2 -2 -4 -4 -1 -3 -5 -2 -1  0 -4 -3 -4    1   0   0  16   0   0  75   1   0   0   0   0   0   0   0   0   6   0   0   0  1.03 0.19
  254 G   -1 -4 -1 -3 -4 -2 -3  7 -3 -5 -5 -3 -4 -5 -4 -1 -3 -4 -4 -5    0   0   1   0   0   1   0  98   0   0   0   0   0   0   0   0   0   0   0   0  1.64 0.22
  255 E   -2 -2 -2  1 -5  1  7 -4 -2 -5 -4 -1 -4 -5 -3 -2 -2 -4 -4 -4    0   0   0   4   0   0  96   0   0   0   0   0   0   0   0   0   0   0   0   0  1.42 0.24
  256 A    6 -3 -3 -3 -2 -2 -2 -1 -3 -3 -3 -2 -2 -4 -2  0 -1 -4 -3 -1   99   0   0   0   0   0   0   0   0   0   0   0   0   0   0   0   0   0   0   1  1.07 0.22
  257 L   -3 -3 -5 -5 -3 -2 -4 -5 -4  1  5 -4  2 -1 -4 -4 -2 -3 -2  0    0   0   0   0   0   2   0   0   0   0  95   0   2   0   0   0   0   0   0   1  0.97 0.18
  258 A    4 -2 -2 -2 -2 -2 -2 -1 -3 -2 -3 -2 -2 -3  4  1  2 -4 -3 -2   53   0   0   0   0   0   0   0   0   0   0   0   0   0  20   8  19   0   0   0  0.63 0.14
  259 T   -1 -3  0 -2 -2 -2 -2 -3 -3 -2 -3 -2 -1 -4 -3  0  7 -4 -3 -2    1   0   3   0   0   0   0   0   0   0   0   0   1   0   0   0  95   0   0   0  1.22 0.24
  260 L   -3 -3 -5 -5 -2 -3 -4 -5 -4  1  5 -4  1 -1 -4 -4 -2 -3 -2  0    0   0   0   0   0   0   0   0   0   5  95   0   0   0   0   0   0   0   0   0  0.98 0.18
  261 V   -1 -4 -4 -4 -2 -4 -4 -4 -4  3  0 -4  0 -2 -4 -3 -1 -4 -2  6    0   0   0   0   0   0   0   1   0  17   1   0   0   0   0   0   0   0   0  81  0.87 0.18
  262 V   -2 -4 -4 -5 -2 -3 -4 -5 -4  2  3 -3  0 -1 -4 -3 -1 -4 -2  5    0   0   0   0   0   0   0   0   0   1  33   0   0   0   0   0   0   0   0  66  0.71 0.16
  263 N   -3 -2  8  0 -4 -2 -2 -2 -1 -5 -5 -2 -4 -5 -4 -1 -2 -5 -4 -5    0   0 100   0   0   0   0   0   0   0   0   0   0   0   0   0   0   0   0   0  1.73 0.27
  264 K   -2  2 -1 -2 -4  0 -1 -3 -2 -4 -4  7 -3 -5 -2 -1 -1 -4 -3 -4    0   8   0   0   0   0   0   0   0   0   0  90   0   0   0   1   1   0   0   0  1.15 0.21
  265 L   -2 -3 -4 -5 -2 -3 -4 -5 -4  3  5 -3  3 -1 -4 -3 -2 -3 -2  1    0   0   0   0   0   0   0   0   0  22  70   0   7   0   0   0   0   0   0   1  0.74 0.14
  266 R   -3  8 -2 -3 -5  0 -2 -4 -2 -5 -4  1 -3 -4 -4 -2 -3 -4 -3 -4    0  98   0   0   0   0   0   0   0   0   0   2   0   0   0   0   0   0   0   0  1.62 0.25
  267 G   -1 -4 -2 -3 -4 -3 -3  7 -3 -5 -5 -2 -4 -5 -4 -2 -3 -4 -5 -5    0   0   0   0   0   0   0  98   0   0   0   2   0   0   0   0   0   0   0   0  1.65 0.22
  268 T   -1 -3 -2 -3 -2 -2 -2 -3 -3 -2 -2 -2 -2 -4 -3  0  7 -4 -3  0    0   0   0   0   0   0   0   0   0   1   0   0   0   0   0   0  93   0   0   5  1.16 0.23
  269 F   -3 -4 -4 -5 -3 -4 -4 -5 -3  0  2 -4  0  7 -5 -4 -3 -1  1 -1    0   0   0   0   0   0   0   0   0   3  22   0   1  75   0   0   0   0   0   0  1.18 0.19
  270 N   -2 -1  6  1 -3  1  0 -2  1 -3 -3  1 -3 -4 -2  0  2 -4 -3 -3    0   1  52   4   0   5   1   0   2   0   0  10   0   0   1   3  19   0   0   1  0.63 0.14
  271 A    1 -3 -3 -4  6 -3 -3 -3 -4  1 -1 -3 -1 -2 -3  0 -1 -4 -3  4   16   0   0   0  27   0   0   0   0   2   0   0   0   0   0   6   0   0   0  49  0.64 0.15
  272 V    0 -4 -4 -4  3 -3 -4 -4 -4  1  0 -3 -1 -2 -3 -2 -1 -4 -2  5    9   0   0   0   7   0   0   0   0   1   2   0   0   0   0   0   1   0   0  80  0.74 0.17
  273 A    6 -3 -3 -3 -1 -2 -2  1 -3 -3 -3 -2 -2 -4 -2  0 -1 -4 -3 -2   91   0   0   0   1   0   0   7   0   0   0   0   0   0   0   1   0   0   0   0  0.93 0.20
  274 V   -1 -4 -4 -5 -2 -4 -4 -5 -5  2  0 -4 -1 -2 -4 -3 -1 -4 -3  6    0   0   0   0   0   0   0   0   0   1   0   0   0   0   0   0   0   0   0  98  1.10 0.22
  275 K   -2  1 -2 -2 -5  0 -1 -3 -2 -4 -4  7 -3 -5 -2 -2 -2 -5 -3 -4    0   0   0   0   0   0   0   0   0   0   0 100   0   0   0   0   0   0   0   0  1.36 0.24
  276 A    6 -3 -3 -3 -2 -2 -2 -1 -3 -3 -3 -2 -2 -4 -2  0 -1 -4 -3 -2  100   0   0   0   0   0   0   0   0   0   0   0   0   0   0   0   0   0   0   0  1.10 0.22
  277 P   -2 -4 -4 -3 -5 -3 -3 -4 -4 -4 -4 -3 -4 -5  8 -2 -3 -5 -5 -4    0   0   0   0   0   0   0   0   0   0   1   0   0   0  99   0   0   0   0   0  2.62 0.28
  278 G    0 -4 -2 -3 -4 -3 -3  7 -3 -5 -5 -3 -4 -4 -3 -1 -3 -4 -4 -4    6   0   0   0   0   0   0  94   0   0   0   0   0   0   0   0   0   0   0   0  1.54 0.21
  279 F   -4 -4 -4 -5 -4 -4 -5 -5 -2 -2 -1 -4 -1  8 -5 -4 -4  0  4 -2    0   0   0   0   0   0   0   0   0   0   0   0   0  86   0   0   0   0  14   0  1.60 0.23
  280 G   -1 -4 -2 -3 -4 -3 -4  7 -3 -5 -5 -3 -4 -5 -4 -2 -3 -4 -5 -5    0   0   0   0   0   0   0 100   0   0   0   0   0   0   0   0   0   0   0   0  1.71 0.22
  281 D   -3 -3  0  7 -5 -2  1 -3 -3 -5 -5 -2 -5 -5 -3 -2 -3 -6 -5 -5    0   0   0  96   0   0   4   0   0   0   0   0   0   0   0   0   0   0   0   0  1.68 0.24
  282 R   -3  8 -2 -3 -5  0 -2 -4 -2 -5 -4  1 -3 -4 -4 -2 -3 -4 -3 -4    0 100   0   0   0   0   0   0   0   0   0   0   0   0   0   0   0   0   0   0  1.66 0.25
  283 R   -3  8 -2 -3 -5  0 -2 -4 -2 -5 -4  1 -3 -4 -4 -2 -3 -4 -3 -4    0 100   0   0   0   0   0   0   0   0   0   0   0   0   0   0   0   0   0   0  1.66 0.25
  284 K   -2  1 -2 -2 -5  0  0 -3 -2 -4 -4  7 -3 -5 -2 -2 -2 -5 -3 -4    0   0   0   0   0   0   0   0   0   0   0 100   0   0   0   0   0   0   0   0  1.35 0.24
  285 A    5 -2 -2  0 -2 -1  3 -1 -2 -3 -3 -1 -2 -4 -2  0 -1 -4 -3 -2   68   1   0   5   0   0  24   1   0   0   0   0   0   0   0   1   0   0   0   0  0.63 0.16
  286 M   -3 -3 -4 -4 -3  2 -3 -4 -3  0  0 -3  9 -2 -4 -3 -2 -3 -3 -1    0   0   0   0   0   9   0   0   0   1   0   0  90   0   0   0   0   0   0   0  1.55 0.29
  287 L   -3 -3 -5 -5 -3 -3 -4 -5 -4  1  6 -4  2 -1 -4 -4 -2 -3 -2  0    0   0   0   0   0   0   0   0   0   0  98   0   2   0   0   0   0   0   0   0  1.03 0.19
  288 E   -1  0 -1  0 -4  4  5 -2 -1 -4 -4  1 -2 -4 -2 -1 -1 -4 -3 -3    2   3   1   1   0  30  52   3   0   0   0   6   0   0   0   0   2   0   0   0  0.79 0.16
  289 D   -3 -3  0  8 -5 -2  0 -3 -3 -5 -5 -2 -5 -5 -3 -2 -3 -6 -5 -5    0   0   0 100   0   0   0   0   0   0   0   0   0   0   0   0   0   0   0   0  1.79 0.25
  290 I   -3 -4 -5 -5 -3 -4 -5 -5 -5  7  1 -4  1 -1 -4 -4 -2 -4 -3  1    0   0   0   0   0   0   0   0   0  92   7   0   1   0   0   0   0   0   0   1  1.09 0.20
  291 A    6 -3 -3 -3 -1 -2 -2 -1 -3 -3 -3 -2 -2 -4 -2  0 -1 -4 -3 -1   97   0   0   0   0   0   0   1   0   0   0   0   0   0   0   2   0   0   0   0  1.03 0.21
  292 V   -1 -4 -4 -4 -2 -3 -4 -4 -4  6  0 -3  0 -1 -4 -2  1 -4 -2  3    5   0   0   0   0   0   0   0   0  69   0   0   0   0   0   0   8   0   0  18  0.70 0.15
  293 L   -3 -3 -5 -5 -3 -3 -4 -5 -4  1  6 -4  1 -1 -4 -4 -2 -3 -2  0    0   0   0   0   0   0   0   0   0   0  98   0   0   0   0   0   0   0   0   1  1.04 0.19
  294 T   -2 -3 -2 -3 -2 -2 -2 -3 -3 -2 -3 -2 -2 -4 -3  0  7 -4 -3 -2    0   0   0   0   0   0   0   0   0   0   0   0   0   0   0   0 100   0   0   0  1.35 0.26
  295 G   -1 -4 -1 -2 -4 -3 -3  7 -3 -5 -5 -3 -4 -5 -4 -1 -3 -4 -5 -5    0   0   1   0   0   0   0  98   0   0   0   0   0   0   0   0   0   0   0   0  1.65 0.22
  296 G    2 -3 -2 -3 -3 -3 -3  6 -3 -5 -4 -3 -4 -4 -3 -1 -2 -4 -4 -4   17   0   0   0   0   0   0  83   0   0   0   0   0   0   0   0   0   0   0   0  1.29 0.18
  297 E   -1  0 -1 -1 -3  5  2 -3 -1 -3 -3  0 -2 -4 -2  0  4 -3 -3 -2    0   2   0   1   0  36  14   0   0   0   0   4   0   0   0   0  41   0   0   1  0.62 0.15
  298 V   -1 -4 -4 -5 -2 -4 -4 -5 -4  1  0 -4  1 -1 -4 -3 -1 -4 -2  6    0   0   0   0   0   0   0   0   0   0   3   0   2   1   0   0   0   0   0  93  0.98 0.20
  299 I   -2 -4 -5 -5 -2 -4 -5 -5 -5  6  1 -4  0 -1 -4 -4 -2 -4 -3  2    1   0   0   0   0   0   0   0   0  89   2   0   0   0   0   0   0   0   0   9  1.05 0.20
  300 T    0 -2 -1 -2 -2 -1 -2 -2 -2 -3 -3 -2 -2 -4 -2  5  4 -4 -3 -2    2   0   0   0   0   0   0   0   0   0   0   0   0   0   0  58  40   0   0   0  0.79 0.18
  301 E   -2 -2 -1  3 -5  1  6 -3 -1 -4 -4 -1 -3 -5 -2  0 -1 -4 -3 -4    0   0   0  16   0   0  74   0   0   0   0   0   0   0   0   8   1   0   0   0  1.03 0.19
  302 D   -2 -2 -1  5 -5  0  5 -3 -2 -5 -5 -1 -4 -5 -3 -1 -2 -5 -4 -4    0   0   0  47   0   0  52   0   0   0   0   0   0   0   0   0   0   0   0   0  1.13 0.19
  303 L   -2 -3 -4 -4 -2 -3 -4 -4 -4  1  4 -2  2 -1 -4 -3 -2 -3 -2  2    0   0   0   0   0   0   0   0   0   4  72   3   3   0   0   0   0   0   0  18  0.64 0.13
  304 G   -1 -4 -2 -3 -4 -3 -4  7 -3 -5 -5 -3 -4 -5 -4 -1 -3 -4 -5 -5    1   0   0   0   0   0   0  99   0   0   0   0   0   0   0   0   0   0   0   0  1.67 0.22
  305 L   -2  0 -3 -4 -2 -2 -3 -4 -1  1  4 -2  3  1 -4 -3 -2 -2  1  0    0   8   0   0   0   1   0   0   1   6  60   1   8   6   0   0   0   0   7   2  0.44 0.11
  306 D   -2  0  1  4 -4  1  4 -2 -1 -4 -4  3 -3 -4 -2 -1 -2 -4 -3 -4    0   0   4  27   0   3  32   0   0   0   0  31   0   0   0   2   0   0   0   0  0.66 0.13
  307 L   -3 -3 -5 -5 -3 -3 -4 -5 -4  1  6 -4  1 -1 -4 -4 -2 -3 -2  0    0   0   0   0   0   0   0   0   0   2  97   0   1   0   0   0   0   0   0   0  1.02 0.19
  308 K   -2  1 -1  2 -4  0  3 -3 -2 -4 -4  5 -3 -4 -2 -1 -2 -4 -3 -4    1   1   0   9   0   0  23   0   0   0   0  64   0   0   0   2   0   0   0   0  0.79 0.16
  309 S   -1 -2  4  5 -4  0  2 -2 -1 -4 -4  0 -3 -4 -2  1  0 -4 -3 -3    1   0  22  39   0   1  16   1   0   0   0   2   0   0   0  14   3   0   0   0  0.65 0.12
  310 T    4 -2 -2 -3 -2 -2 -2 -2 -3  0 -1 -2 -1 -3 -2  0  3 -4 -3  2   46   0   0   0   0   0   0   0   0   3   1   0   0   0   0   0  33   0   0  18  0.46 0.13
  311 Q   -1 -1  0  1 -2  0  0 -1 -2 -2 -3  0 -2 -3 -1  1  5 -4 -3 -2    1   2   2   9   0   4   3   2   0   0   0   7   0   0   1   9  60   0   0   0  0.53 0.14
  312 I   -2 -3 -4 -4 -2 -3 -3 -4 -4  4  3 -3  3  0 -3 -3 -1 -3 -2  2    0   0   0   0   0   0   0   0   0  35  38   0  12   2   1   0   1   0   0  10  0.52 0.11
  313 A    0 -2  1  5 -4  0  3 -2 -2 -4 -4 -1 -3 -4 -2  1  0 -4 -2 -3    6   0   4  48   0   2  24   0   0   0   0   1   0   0   1  10   3   0   1   0  0.67 0.12
  314 Q   -1 -1 -1  2 -3  4  0 -3  0 -1  0 -1  5 -2 -3 -1 -1 -1 -2 -1    3   0   2  13   0  35   0   0   1   0   6   1  33   1   0   2   2   1   0   1  0.48 0.15
  315 L   -3 -3 -5 -5 -1 -3 -4 -5 -4  0  5 -4  1  0 -4 -4 -2 -3 -2  0    0   0   0   0   1   0   0   0   0   0  97   0   0   1   0   0   0   0   0   0  1.00 0.19
  316 G   -1 -4 -2 -3 -4 -3 -4  7 -3 -5 -5 -3 -4 -5 -4 -2 -3 -4 -5 -5    0   0   0   0   0   0   0 100   0   0   0   0   0   0   0   0   0   0   0   0  1.71 0.22
  317 R   -2  5  0 -2 -4  3  0 -3  1 -3 -3  2 -1 -4 -3  0  1 -4 -2 -2    0  47   2   0   0  19   0   0   3   0   0   6   1   0   0   7  14   0   0   1  0.60 0.13
  318 A    6 -3 -3 -3  0 -2 -2 -1 -3 -3 -3 -2 -2 -4 -2  0 -1 -4 -3 -1   97   0   0   0   1   0   0   0   0   0   0   0   0   0   0   1   1   0   0   0  1.03 0.21
  319 S    0  4  1 -1 -3  0  0  1  0 -3 -3  3 -2 -3 -2  1 -1 -3 -2 -3    8  28   8   1   0   2   4   9   2   0   0  25   0   1   0  11   0   0   0   0  0.36 0.08
  320 K   -1  2 -1 -2 -3  3  0 -2 -1 -4 -3  4 -2 -4 -2  2  0 -4 -3 -3    0  12   0   0   0  22   0   0   0   0   0  45   0   0   0  18   4   0   0   0  0.60 0.14
  321 V    0 -4 -4 -4 -2 -3 -4 -4 -4  3  0 -3  0 -2 -4 -3 -1 -4 -2  6    4   0   0   0   0   0   0   0   0  13   0   0   0   0   0   0   0   0   0  83  0.86 0.18
  322 V   -1  3  0 -2 -3  0  0 -3 -1  0 -2  3 -1 -3 -2  0  2 -4 -2  2    0  17   4   0   0   1   2   0   0   4   0  30   0   0   0   2  19   0   0  21  0.28 0.09
  323 V   -1 -4 -4 -4 -2 -3 -3 -4 -4  3  0 -3  0 -2 -4 -3 -1 -4 -2  5    1   0   0   0   0   0   1   0   0  20   0   0   0   0   0   1   0   0   0  77  0.82 0.17
  324 T   -1 -2  1  3 -2  1  0 -2 -2 -3 -3  0 -2 -4 -2  1  4 -4 -3 -2    2   0   4  19   0   8   5   1   0   0   0   4   0   0   0   7  50   0   0   0  0.49 0.13
  325 K   -2  1 -2 -2 -5  0 -1 -3 -2 -4 -4  7 -3 -5 -2 -2 -2 -5 -3 -4    0   0   0   0   0   0   0   0   0   0   0 100   0   0   0   0   0   0   0   0  1.35 0.24
  326 E   -3 -2  0  6 -5  0  5 -3 -2 -5 -5 -1 -4 -5 -3 -1 -2 -5 -4 -4    0   0   0  51   0   0  49   0   0   0   0   0   0   0   0   0   0   0   0   0  1.15 0.19
  327 N   -1 -1  6  1 -3  0  2 -2  2 -3 -3  0 -2 -3 -3  1  0 -4 -2 -3    3   0  52   4   0   0  17   0   4   1   3   5   1   0   0   7   2   0   1   0  0.59 0.13
  328 T   -1 -3 -2 -3 -2 -2 -2 -3 -3 -2 -3 -2 -2 -4 -2  0  7 -4 -3 -2    0   0   0   0   0   0   0   0   0   0   0   0   0   0   1   0  98   0   0   0  1.30 0.25
  329 T   -1 -2 -2 -3 -2 -2 -2 -3 -3  2 -1 -2 -1 -3 -3  0  5 -4 -3  2    0   1   0   0   0   0   0   0   0  16   0   0   0   0   0   0  67   0   0  17  0.70 0.17
  330 I   -3 -4 -5 -5 -2 -4 -5 -5 -5  7  1 -4  0 -1 -4 -4 -2 -4 -3  2    0   0   0   0   0   0   0   0   0  91   1   0   1   0   0   0   0   0   0   7  1.09 0.20
  331 V   -1 -4 -4 -5 -2 -4 -4 -5 -5  2  0 -4  0 -2 -4 -3 -1 -4 -3  6    0   0   0   0   0   0   0   0   0   7   0   0   0   0   0   0   0   0   0  93  1.01 0.20
  332 E   -2 -2  2  5 -4  0  4  0 -2 -4 -4 -1 -4 -4 -2 -1 -2 -5 -4 -4    1   0   9  42   0   0  39   7   0   0   0   1   0   0   0   1   0   0   0   0  0.81 0.14
  333 G   -1 -4 -2 -2 -4 -3 -4  7 -3 -5 -5 -3 -4 -5 -4 -2 -3 -4 -5 -5    0   0   0   0   0   0   0 100   0   0   0   0   0   0   0   0   0   0   0   0  1.70 0.22
  334 A    3  0  0 -1 -1  0  0  0 -1 -2 -1  1  0 -2 -2  1  0 -3 -1 -1   48   3   4   3   1   2   4   4   1   0   3  10   3   1   0  10   1   0   2   2  0.23 0.08
  335 G   -1 -4 -2 -2 -4 -3 -3  7 -3 -5 -5 -3 -4 -5 -4 -2 -3 -4 -5 -5    0   0   0   1   0   0   0  99   0   0   0   0   0   0   0   0   0   0   0   0  1.68 0.22
  336 E    0 -1  2  5 -3  0  2 -1 -1 -4 -4  0 -3 -3 -2  2 -1 -4 -3 -3    8   0  13  41   0   1  10   1   0   0   0   6   0   1   0  18   1   0   0   0  0.55 0.11
  337 T    0  1 -1 -1 -3  2  1 -2 -1 -3 -3  4 -2 -4  1  1  0 -4 -3 -2   10   3   1   2   0   9   5   0   1   0   0  44   0   0   7  11   5   0   0   1  0.38 0.10
  338 D    1 -1  1  3 -3  1  3 -2 -1 -3 -3  1 -2 -4 -2  1 -1 -4 -3 -2   17   1   4  21   0   5  32   1   0   1   0   8   0   0   0   7   2   0   0   0  0.42 0.09
  339 K    3 -1  1  2 -2  2  2 -1 -1 -3 -2  1 -2 -3 -2  0  0 -4 -3 -2   37   0   5  17   0  10  15   0   0   0   1   8   0   0   0   3   2   0   0   1  0.32 0.09
  340 I   -3 -4 -5 -5 -2 -4 -5 -5 -5  6  1 -4  0 -1 -4 -4 -2 -4 -3  2    0   0   0   0   0   0   0   0   0  89   6   0   0   0   0   0   0   0   0   5  1.04 0.20
  341 S    2  0  0  2 -3  3  2 -2 -1 -3 -3  2 -2 -4 -2  1  0 -3 -3 -2   21   1   2  11   0  17  19   1   0   0   0  19   0   0   0   7   2   0   0   0  0.35 0.08
  342 A    2 -1  1  2 -2  0  2  2  0 -3 -3  1 -2 -3 -2  1 -1 -3 -2 -2   27   1   7  13   0   3  15  16   1   0   0   8   0   0   0   6   1   0   0   0  0.28 0.06
  343 R   -3  8 -2 -3 -5  0 -2 -4 -2 -5 -3  1 -3 -4 -4 -2 -3 -4 -3 -4    0  98   0   0   0   0   0   0   0   0   1   1   0   0   0   0   0   0   0   0  1.60 0.25
  344 V   -1 -3 -4 -4 -2 -3 -3 -4 -4  4  0 -3  0 -2 -4 -3 -1 -4 -2  5    1   1   0   0   0   0   1   0   0  26   1   0   0   0   0   0   1   0   0  69  0.73 0.16
  345 T    2 -1  3  1 -2  1  1  0 -1 -3 -3  1 -2 -3 -1  1  0 -4 -3 -2   29   0  22   5   0   4   9   6   1   1   0   9   0   0   1  11   2   0   0   0  0.29 0.07
  346 Q   -1 -1 -1 -2 -4  6  1 -3  0 -2 -1  0  0 -3 -3  0  0 -3 -3 -1    2   0   1   0   0  68   2   0   1   1   8   1   2   0   0   6   4   0   0   4  0.75 0.18
  347 I   -3 -4 -5 -5 -3 -4 -5 -5 -5  7  1 -4  0 -1 -4 -4 -2 -4 -3  1    0   0   0   0   0   0   0   0   0  93   7   0   0   0   0   0   0   0   0   1  1.11 0.21
  348 R   -2  5 -1 -2 -5  0 -1 -3 -1 -4 -4  5 -3 -4 -3 -1 -2 -4 -3 -4    0  41   0   0   0   0   0   0   1   0   0  58   0   0   0   0   0   0   0   0  1.02 0.18
  349 A    3  1  1 -1 -2  1  0  0 -1 -2 -2  2 -1 -3 -2  1  0 -3 -2 -1   38   6   7   0   0   5   1   5   1   0   0  21   1   0   0   9   4   0   0   1  0.27 0.08
  350 Q   -1  0 -1 -2 -4  7  2 -3 -1 -4 -3  0 -2 -5 -2 -1 -2 -4 -3 -4    2   1   0   0   0  83   9   0   0   0   2   0   0   0   1   0   1   0   0   0  1.22 0.23
  351 V   -1 -4 -4 -4 -2 -4 -4 -5 -3  6  2 -4  1  0 -4 -3 -2 -3 -1  2    4   0   0   0   0   0   0   0   0  73  13   0   3   1   0   0   0   0   2   4  0.71 0.15
  352 E    1 -1 -1  2 -4  0  6 -2 -1 -4 -4  0 -3 -4 -1 -1 -2 -4 -3 -3   12   0   0   6   0   0  73   2   0   0   0   1   0   0   2   2   0   0   0   0  0.86 0.17
  353 E   -1 -1  1  2 -4  1  5 -3 -1 -4 -3  0 -3 -4 -2 -1  0 -4 -3 -3    5   1   7  12   0   3  61   0   0   0   1   3   0   0   0   1   5   0   0   1  0.69 0.14
  354 T    0 -2 -1 -2 -2 -2 -2 -3 -3 -2 -3 -2 -2 -4 -1  2  6 -4 -3 -2    3   0   0   0   0   0   1   0   0   0   0   0   0   0   1  18  77   0   0   0  0.91 0.20
  355 T   -1 -2  0  2 -2 -2 -1 -3 -3 -2 -3 -1 -2 -4 -2  1  6 -4 -3 -2    0   0   1  14   0   0   2   0   0   0   0   1   0   0   0   5  77   0   0   0  0.86 0.19
  356 S    0 -2 -1 -2 -2 -2 -2 -2 -2 -4 -4 -2 -3 -4 -2  6  0 -4 -3 -3    0   0   1   0   0   0   0   0   0   0   0   0   0   0   0  99   0   0   0   1  1.16 0.24
  357 E   -3 -2  0  6 -5  0  4 -3 -2 -4 -5 -1 -4 -5 -3 -1 -2 -5 -4 -4    0   0   0  63   0   2  33   0   0   0   0   0   0   0   0   2   0   0   0   0  1.14 0.18
  358 F   -4 -4 -4 -5 -4 -4 -4 -5 -1 -2 -1 -4 -2  7 -5 -4 -3  0  6 -2    0   0   0   0   0   0   0   0   0   0   0   0   0  72   0   0   0   0  28   0  1.48 0.22
  359 D   -3 -3  0  8 -5 -2  0 -3 -3 -5 -5 -2 -5 -5 -3 -2 -3 -6 -5 -5    0   0   0  99   0   0   1   0   0   0   0   0   0   0   0   0   0   0   0   0  1.76 0.25
  360 R   -2  6 -1 -2 -5  0 -1 -3 -2 -4 -4  5 -3 -4 -3 -1 -2 -4 -3 -4    0  58   0   0   0   0   0   0   0   0   0  41   0   0   0   1   0   0   0   0  1.06 0.18
  361 E   -2 -1 -2  1 -5  1  7 -4 -2 -5 -4  0 -4 -5 -3 -2 -2 -4 -4 -4    0   0   0   3   0   0  96   0   0   0   0   2   0   0   0   0   0   0   0   0  1.41 0.24
  362 K   -2  1 -2 -2 -5  0 -1 -3 -2 -4 -4  7 -3 -5 -2 -2 -2 -5 -3 -4    0   0   0   0   0   0   0   0   0   0   0 100   0   0   0   0   0   0   0   0  1.36 0.24
  363 L   -2 -3 -5 -5 -3 -3 -4 -5 -4  0  6 -4  1  0 -4 -4 -2 -3 -2  0    1   0   0   0   0   0   0   0   0   0  98   0   0   0   0   0   0   0   0   0  1.03 0.19
  364 Q   -2  0 -1 -2 -5  8  1 -3 -1 -4 -4  0 -1 -5 -3 -1 -2 -4 -3 -4    0   0   1   0   0  94   1   0   0   0   0   2   1   0   0   1   0   0   0   0  1.51 0.27
  365 E   -2 -2 -2  0 -5  1  7 -4 -2 -5 -4 -1 -4 -5 -3 -2 -2 -4 -4 -4    0   0   0   0   0   0 100   0   0   0   0   0   0   0   0   0   0   0   0   0  1.51 0.25
  366 R   -3  8 -2 -3 -5  0 -2 -4 -2 -5 -4  1 -3 -4 -4 -2 -3 -4 -3 -4    0 100   0   0   0   0   0   0   0   0   0   0   0   0   0   0   0   0   0   0  1.66 0.25
  367 L   -3 -3 -5 -5 -2 -3 -4 -5 -4  1  5 -4  1 -1 -4 -4 -2 -3 -2  0    0   0   0   0   0   0   0   0   0   2  96   0   1   0   0   0   0   0   0   2  0.99 0.18
  368 A    6 -3 -3 -3 -2 -2 -2 -1 -3 -3 -3 -2 -2 -4 -2  0 -1 -4 -3 -1   99   0   0   0   0   0   0   0   0   0   0   0   0   0   0   0   0   0   0   1  1.07 0.22
  369 K   -2  1 -2 -2 -5  0 -1 -3 -2 -4 -4  7 -3 -5 -2 -2 -2 -5 -3 -4    0   0   0   0   0   0   0   0   0   0   0 100   0   0   0   0   0   0   0   0  1.36 0.24
  370 L   -3 -3 -5 -5 -3 -3 -4 -5 -4  1  5 -4  2 -1 -4 -4 -2 -3 -2  0    0   0   0   0   0   0   0   0   0   1  96   0   2   0   0   0   0   0   0   0  1.01 0.19
  371 A    4 -2 -2 -2 -1 -2 -2 -1 -3 -2 -2 -2 -2 -3 -2  3  0 -4 -3  0   61   0   0   0   1   0   0   0   0   1   0   0   0   0   0  27   2   0   0   8  0.57 0.15
  372 G   -1 -4 -2 -3 -4 -3 -4  7 -3 -5 -5 -3 -4 -5 -4 -2 -3 -4 -5 -5    0   0   0   0   0   0   0 100   0   0   0   0   0   0   0   0   0   0   0   0  1.71 0.22
  373 G   -1 -4 -2 -3 -4 -3 -3  7 -3 -5 -5 -3 -4 -5 -4 -2 -3 -4 -5 -5    0   0   0   0   0   0   1  99   0   0   0   0   0   0   0   0   0   0   0   0  1.67 0.22
  374 V   -2 -4 -4 -5 -2 -4 -4 -5 -5  2  0 -4 -1 -2 -4 -3 -1 -4 -3  6    0   0   0   0   0   0   0   0   0   0   0   0   0   0   0   0   0   0   0 100  1.12 0.22
  375 A    6 -3 -3 -3 -2 -2 -2 -1 -3 -3 -3 -2 -2 -4 -2  0 -1 -4 -3 -2  100   0   0   0   0   0   0   0   0   0   0   0   0   0   0   0   0   0   0   0  1.09 0.22
  376 V   -2 -4 -4 -5 -2 -4 -4 -5 -5  2  0 -4 -1 -2 -4 -3 -1 -4 -3  6    0   0   0   0   0   0   0   0   0   1   0   0   0   0   0   0   0   0   0  99  1.12 0.22
  377 I   -2 -4 -5 -5 -2 -4 -4 -5 -5  6  1 -4  0 -1 -4 -4 -2 -4 -3  3    0   0   0   0   0   0   0   0   0  84   1   0   0   0   0   0   0   0   0  15  1.02 0.19
  378 K   -2  3  1 -1 -4  3  1 -3  1 -4 -4  5 -2 -4 -2 -1 -2 -4 -2 -3    0  16   7   0   0  12   5   0   3   0   0  55   0   0   0   0   0   0   0   0  0.69 0.14
  379 V    0 -4 -4 -5 -2 -4 -4 -4 -4  2  0 -4 -1 -2 -4 -3 -1 -4 -3  6    4   0   0   0   0   0   0   0   0   1   0   0   0   0   0   0   0   0   0  94  1.00 0.21
  380 G   -1 -4 -2 -3 -4 -3 -3  7 -3 -5 -5 -3 -4 -5 -4 -2 -3 -4 -5 -5    0   0   0   0   0   0   1  99   0   0   0   0   0   0   0   0   0   0   0   0  1.67 0.22
  381 A    6 -3 -3 -3 -2 -2 -2 -1 -3 -3 -3 -2 -2 -4 -2  0 -1 -4 -3 -2  100   0   0   0   0   0   0   0   0   0   0   0   0   0   0   0   0   0   0   0  1.10 0.22
  382 A    6 -3 -3 -3 -2 -2 -2 -1 -3 -3 -3 -2 -2 -4 -1  0 -1 -4 -3 -1   98   0   0   0   0   0   0   0   0   0   0   0   0   0   1   0   0   0   0   1  1.04 0.21
  383 T   -1 -3 -1 -3 -2 -2 -2 -3 -3 -2 -3 -2 -2 -4 -3  1  7 -4 -3 -2    0   0   0   0   0   0   0   0   0   0   0   0   0   0   0   3  97   0   0   0  1.29 0.25
  384 E   -2 -2 -2  0 -5  1  7 -4 -2 -5 -4 -1 -4 -5 -3 -2 -2 -4 -4 -4    0   0   0   0   0   0 100   0   0   0   0   0   0   0   0   0   0   0   0   0  1.50 0.25
  385 T   -1 -3 -2 -3 -2 -2 -2 -3 -3  0 -2 -2 -1 -3 -2  0  6 -4 -3  2    0   0   0   0   0   0   0   0   0   3   0   0   0   0   0   1  75   0   0  22  0.84 0.19
  386 E   -2 -2 -2  0 -5  1  7 -4 -2 -5 -4 -1 -4 -5 -3 -2 -2 -4 -4 -4    1   0   0   0   0   0  99   0   0   0   0   0   0   0   0   0   0   0   0   0  1.47 0.25
  387 L   -2 -3 -4 -5 -3 -1 -4 -4 -3  0  4 -3  6 -1 -4 -3 -2 -3 -2  0    0   0   0   0   0   2   0   0   0   1  57   0  40   0   0   0   0   0   0   0  0.87 0.18
  388 K   -2  1 -2 -2 -5  1  0 -3 -2 -4 -4  7 -3 -5 -2 -2 -2 -5 -3 -4    0   1   0   0   0   2   0   0   0   0   0  97   0   0   0   0   0   0   0   0  1.29 0.23
  389 E   -2 -2 -1  2 -5  1  7 -4 -2 -5 -4 -1 -4 -5 -3 -1 -2 -4 -4 -4    1   0   0   6   0   0  93   0   0   0   0   0   0   0   0   0   0   0   0   0  1.36 0.23
  390 R    0  5 -1 -2 -4  0 -1 -3 -2 -3 -2  5  0 -4 -2 -1 -2 -4 -3 -3    8  36   0   0   0   1   0   0   0   1   3  46   4   0   0   1   0   0   0   0  0.65 0.14
  391 K   -2  1 -2 -2 -5  0 -1 -3 -2 -4 -4  7 -3 -5 -2 -2 -2 -5 -3 -4    0   3   0   0   0   1   0   0   0   0   0  97   0   0   0   0   0   0   0   0  1.29 0.23
  392 L    0 -3 -3 -4 -2 -2 -3 -4  3  0  4 -3  1  0 -4 -2 -2 -2  3 -1    9   0   0   0   0   0   0   0  11   0  62   0   2   0   0   1   0   0  16   0  0.52 0.13
  393 R   -3  8 -2 -3 -5  0 -2 -4 -2 -5 -3  1 -3 -4 -4 -2 -3 -4 -3 -4    0  99   0   0   0   0   0   0   0   0   1   0   0   0   0   0   0   0   0   0  1.64 0.25
  394 I   -2 -4 -4 -4 -2 -4 -4 -5 -4  6  1 -4  3 -1 -4 -3 -2 -4 -2  2    0   0   0   0   0   0   0   0   0  77   2   0  10   0   0   0   0   0   0  10  0.89 0.18
  395 E   -2 -2 -2  0 -5  1  7 -4 -2 -5 -4 -1 -4 -5 -3 -2 -2 -4 -4 -4    0   0   0   1   0   0  99   0   0   0   0   0   0   0   0   0   0   0   0   0  1.49 0.25
  396 D   -3 -3  0  8 -5 -2  0 -3 -3 -5 -5 -2 -5 -5 -3 -2 -3 -6 -5 -5    0   0   0 100   0   0   0   0   0   0   0   0   0   0   0   0   0   0   0   0  1.79 0.25
  397 A    6 -3 -3 -3 -2 -2 -2 -1 -3 -3 -3 -2 -2 -4 -2  0 -1 -4 -3 -2  100   0   0   0   0   0   0   0   0   0   0   0   0   0   0   0   0   0   0   0  1.10 0.22
  398 L   -3 -3 -5 -5 -2 -3 -4 -5 -4  1  5 -4  1 -1 -4 -4 -2 -3 -2  1    0   0   0   0   0   0   0   0   0   0  94   0   0   0   0   0   0   0   0   6  0.97 0.18
  399 N    1  0  6  0 -3 -1 -1 -1  2 -4 -4 -1 -3 -4 -3  1 -1 -5 -3 -3   17   5  63   0   0   0   0   0   4   0   0   0   0   0   0  11   0   0   0   0  0.81 0.17
  400 S    5 -2  0 -2 -2 -2 -2 -1 -3 -3 -3 -2 -2 -4 -2  2 -1 -4 -3 -2   80   0   6   0   0   0   0   0   0   0   0   0   0   0   0  14   0   0   0   0  0.77 0.18
  401 T    0 -3 -1 -3 -2 -2 -2 -3 -3 -2 -3 -2 -2 -4 -2  0  7 -4 -3 -1    8   0   0   0   0   0   0   0   0   0   0   0   0   0   0   1  91   0   0   0  1.13 0.23
  402 R   -3  7 -2 -3 -5  0 -1 -3 -2 -4 -4  4 -3 -4 -3 -2 -2 -4 -3 -4    0  77   0   0   0   0   0   0   0   0   0  23   0   0   0   0   0   0   0   0  1.26 0.21
  403 A    6 -3 -3 -3 -2 -2 -2 -1 -3 -3 -3 -2 -2 -4 -2  0 -1 -4 -3 -2  100   0   0   0   0   0   0   0   0   0   0   0   0   0   0   0   0   0   0   0  1.10 0.22
  404 A    6 -3 -3 -3 -2 -2 -2  0 -3 -3 -3 -2 -2 -4 -2  0 -1 -4 -3 -2   97   0   0   0   0   0   0   3   0   0   0   0   0   0   0   0   0   0   0   0  1.04 0.21
  405 V   -1 -4 -4 -5 -2 -4 -4 -5 -5  1  0 -4 -1 -2 -4 -3 -1 -4 -3  6    0   0   0   0   0   0   0   0   0   0   0   0   0   0   0   0   0   0   0 100  1.12 0.22
  406 E   -1 -1 -2  1 -5  2  7 -3 -1 -5 -4  0 -3 -5 -2 -1 -2 -4 -3 -4    2   0   0   4   0   5  90   0   0   0   0   0   0   0   0   0   0   0   0   0  1.27 0.22
  407 E   -2 -2 -2  0 -5  1  7 -4 -2 -5 -4 -1 -4 -5 -3 -2 -2 -4 -4 -4    0   0   0   0   0   0 100   0   0   0   0   0   0   0   0   0   0   0   0   0  1.50 0.25
  408 G   -1 -4 -2 -3 -4 -3 -4  7 -3 -5 -5 -3 -4 -5 -4 -2 -3 -4 -5 -5    0   0   0   0   0   0   0 100   0   0   0   0   0   0   0   0   0   0   0   0  1.71 0.22
  409 I   -3 -4 -4 -4 -3 -4 -4 -5 -4  6  1 -4  1  2 -4 -4 -2 -3  0  2    0   0   0   0   0   0   0   0   0  81   2   0   3   7   0   0   0   0   3   4  0.87 0.18
  410 V   -1 -4 -4 -5 -2 -4 -4 -4 -5  3  0 -4  0 -2 -4 -3 -1 -4 -2  6    0   0   0   0   0   0   0   0   0  12   0   0   0   0   0   0   0   0   0  87  0.95 0.19
  411 S    4 -3 -2 -3 -2 -2 -2 -1 -3 -3 -3 -2 -3 -3  5  1 -1 -4 -3 -2   52   0   0   0   0   0   0   0   0   0   0   0   0   1  34  13   0   0   0   0  0.87 0.16
  412 G   -1 -4 -2 -3 -4 -3 -4  7 -3 -5 -5 -3 -4 -5 -4 -2 -3 -4 -5 -5    0   0   0   0   0   0   0 100   0   0   0   0   0   0   0   0   0   0   0   0  1.71 0.22
  413 G   -1 -4 -2 -3 -4 -3 -4  7 -3 -5 -5 -3 -4 -5 -4 -2 -3 -4 -5 -5    0   0   0   0   0   0   0 100   0   0   0   0   0   0   0   0   0   0   0   0  1.71 0.22
  414 G   -1 -4 -2 -3 -4 -3 -4  7 -3 -5 -5 -3 -4 -5 -4 -2 -3 -4 -5 -5    0   0   0   0   0   0   0 100   0   0   0   0   0   0   0   0   0   0   0   0  1.71 0.22
  415 T   -1 -2 -1 -2 -2 -2 -2 -3 -3 -1 -1 -2 -1 -3 -2  2  5 -4 -3  2    2   0   0   0   0   0   0   0   0   1   1   0   0   0   0  11  64   0   0  20  0.66 0.16
  416 A    5 -3 -3 -3 -1 -2 -2 -1 -3 -1 -2 -2 -2 -3 -2  0  1 -4 -3  0   81   0   0   0   0   0   0   0   0   3   0   0   0   0   0   1  11   0   0   4  0.72 0.17
  417 L   -3 -3 -4 -5 -2 -3 -4 -5 -2  0  4 -3  1  3 -3 -3 -2 -1  5 -1    0   0   0   0   0   0   0   0   0   0  61   0   1  11   1   0   0   0  26   0  0.70 0.15
  418 V   -1 -3 -4 -4 -2 -3 -4 -4 -4  4  2 -3  1 -1 -4 -3 -1 -3 -2  4    2   0   0   0   0   0   0   0   0  37  23   0   3   0   0   0   0   0   0  35  0.56 0.11
  419 N   -2  1  5  2 -4  2  0 -1  4 -4 -4  0 -3 -4 -3  0 -1 -4 -2 -4    1  10  44  13   0   9   4   1  14   0   0   1   0   0   0   3   1   0   0   0  0.61 0.12
  420 V    3 -3 -3 -3  1 -2 -3 -2 -3  2 -1 -2 -1 -2 -2  0  0 -4 -2  3   38   0   0   0   4   0   0   0   0  17   1   0   0   0   0   3   4   0   0  34  0.36 0.11
  421 Y   -1 -2 -2 -3 -1  0 -2 -3 -2  3  1 -2  1  0 -3  0  0 -2  2  1    5   0   0   0   0   7   2   1   0  39  15   1   5   0   0  10   3   0   9   3  0.20 0.08
  422 N    0  0  1  1 -3  0  1 -1 -1 -3 -3  3 -2 -4  4  0 -1 -4 -3 -3    5   1   9   6   0   3   6   3   1   0   0  29   0   0  26   8   2   0   0   1  0.51 0.09
  423 K    3 -1 -1  1 -2  0  2 -1 -2 -2 -3  2 -2 -3 -2  1 -1 -4 -3 -1   47   1   0   6   0   2  14   1   0   0   0  20   0   0   0   5   0   0   0   5  0.34 0.10
  424 V   -1 -3 -4 -4 -2 -3 -4 -4 -4  2  2 -3  1  1 -4 -3 -1 -3 -2  4    1   0   0   0   0   0   0   0   0   8  25   0   1   6   0   0   0   0   0  58  0.56 0.13
  425 A    2 -1  0  3 -2  0  3 -1 -1 -3 -3  1 -2 -4 -2  0 -1 -4 -3 -2   27   2   2  26   1   2  25   1   1   0   0   8   0   0   0   4   1   0   0   0  0.41 0.09
  426 A    2  0  0  1 -3  0  2  0 -1 -3 -3  3 -2 -4 -2  1 -1 -4 -3 -2   21   1   4   8   0   0  18   4   0   0   0  34   0   0   0   9   1   0   0   0  0.34 0.09
  427 V   -2 -3 -3 -4 -2 -3 -3 -4 -3  2  4 -3  1  1 -4 -3 -1 -2 -1  2    1   0   1   0   0   0   1   0   0  15  59   0   1   4   0   0   1   0   2  16  0.52 0.11
  428 E    0  0  1  2 -3  2  3 -1 -1 -3 -3  2 -2 -4 -2  1  2 -4 -3 -2    4   0   4  10   0   8  29   2   0   0   0  17   0   0   0  10  15   0   0   2  0.36 0.08
  429 A    2 -2 -2 -2 -2 -2  0 -1 -3  0  3 -2  0 -1 -2  0  0 -3 -2  0   27   0   0   1   0   0   7   2   0   0  45   0   0   1   0   5   5   0   0   5  0.22 0.09
  430 E   -1 -1  0  2 -4  1  5 -3 -1 -3 -3  0 -3 -4 -1  0  2 -4 -3 -2    2   0   2  12   0   2  55   0   1   0   0   2   0   0   1   6  15   0   0   2  0.61 0.13
  431 G    0 -3 -1  0 -4 -2 -2  6 -2 -5 -4 -2 -4 -4 -1 -1 -2 -4 -4 -4    4   0   2   4   0   1   1  83   1   0   0   0   0   0   2   1   2   0   0   0  1.17 0.17
  432 D   -3 -3  0  7 -5 -1  2 -2 -2 -5 -5 -2 -4 -5 -3 -1 -2 -6 -4 -5    0   0   0  90   0   0   9   1   0   0   0   0   0   0   0   0   0   0   0   0  1.52 0.22
  433 A   -1 -1 -2  0 -4  1  6 -3 -2 -1 -3 -1 -1 -3 -2 -1 -1 -4 -2  1    3   0   0   1   0   5  71   0   0   3   0   0   1   1   0   0   1   0   0  13  0.75 0.17
  434 Q    2  1 -1 -2 -3  3  0 -1 -2 -3 -2  4 -2 -3 -2  0 -1 -3 -3 -2   26   5   0   0   0  17   2   3   0   0   5  40   0   0   0   1   0   0   0   0  0.40 0.11
  435 T   -1 -3 -2 -3 -2 -2 -2 -3 -2  0 -1 -2 -1 -1 -3  0  6 -4 -2  1    0   0   0   0   0   0   0   0   0   5   4   0   0   3   0   0  79   0   0   8  0.81 0.19
  436 G   -1 -4 -2 -3 -4 -3 -4  7 -3 -5 -5 -3 -4 -5 -4 -2 -3 -4 -5 -5    0   0   0   0   0   0   0 100   0   0   0   0   0   0   0   0   0   0   0   0  1.71 0.22
  437 I    3 -1 -3 -3 -2 -2 -3 -2 -3  3  0 -2  0 -2 -3 -1 -1 -4 -2  3   33   3   0   0   0   0   0   1   0  24   1   0   1   0   0   0   0   0   0  38  0.39 0.11
  438 N   -1  1  5  2 -3  1  1 -1 -1 -3 -3  2 -1 -4 -2  0 -1 -4 -3 -3    3   8  41   8   0   8   6   1   0   0   1  16   2   0   0   5   2   0   0   0  0.46 0.10
  439 I   -2 -4 -4 -4 -2 -4 -4 -5 -5  6  1 -4  0 -1 -4 -3 -2 -4 -3  2    1   0   0   0   0   0   0   0   0  87   6   0   0   0   0   0   1   0   0   5  0.99 0.19
  440 V   -2 -4 -4 -4 -2 -4 -4 -5 -4  4  0 -4  0 -2 -4 -3 -1 -4 -2  5    0   0   0   0   0   0   0   0   0  33   0   0   0   0   0   0   0   0   0  67  0.84 0.17
  441 L   -1  3 -2 -3 -2 -1 -1 -3 -2  0  3  2  0 -1 -3 -2 -1 -3 -1  0    3  24   0   0   0   0   1   0   0   2  38  19   1   1   0   1   1   0   1   7  0.27 0.09
  442 R   -2  6 -1 -2 -4  0 -1 -3  0 -3 -2  4 -2 -4 -3 -1 -2 -4 -3 -2    2  57   0   0   0   0   0   0   2   0   2  34   0   0   0   1   0   0   0   2  0.89 0.17
  443 A    6 -3 -3 -3 -2 -2 -2 -1 -3 -3 -3 -2 -2 -4 -2  1 -1 -4 -3 -1   95   0   0   0   0   0   0   0   0   0   0   0   0   0   0   5   0   0   0   0  1.00 0.21
  444 L   -2 -3 -5 -5 -2 -3 -4 -5 -4  2  5 -4  1 -1 -4 -3 -2 -3 -2  1    1   0   0   0   0   0   0   0   0   6  88   0   1   0   0   0   0   0   0   3  0.86 0.16
  445 E   -2 -1 -2  0 -5  1  7 -3 -1 -4 -4 -1 -2 -4 -2 -1 -1 -4 -3 -4    0   0   0   1   0   2  90   1   0   0   0   0   1   0   0   3   3   0   1   0  1.22 0.22
  446 E    3 -2 -2  0 -3  0  5 -2 -2 -3 -3 -1 -3 -3 -2  0 -1 -4 -2 -2   37   0   0   0   0   0  58   0   0   0   0   0   0   0   0   3   0   0   1   0  0.73 0.17
  447 P   -2 -4 -4 -3 -5 -3 -3 -4 -4 -5 -5 -3 -4 -5  8 -2 -3 -6 -5 -4    0   0   0   0   0   0   0   0   0   0   0   0   0   0 100   0   0   0   0   0  2.67 0.28
  448 I   -2 -3 -4 -4 -1 -3 -4 -4 -4  2  3 -3  1 -1 -4 -3 -1 -3 -2  4    0   0   0   0   0   0   0   0   0  11  40   0   3   0   0   0   0   0   0  47  0.58 0.12
  449 R   -3  7 -2 -3 -5  0 -1 -4 -1 -4 -3  2 -3  0 -3 -2 -2 -3  0 -4    0  79   0   0   0   0   0   0   0   0   0  10   0   6   0   0   0   0   4   0  1.13 0.20
  450 Q   -2  0 -1 -2 -2  7  0 -3  2 -4 -3  0  0 -4 -3 -1 -1 -3 -1 -3    0   1   0   0   1  85   0   0   5   0   1   0   2   0   0   0   3   0   2   0  1.23 0.24
  451 I   -3 -5 -5 -5 -3 -4 -5 -5 -5  7  0 -4  0 -2 -4 -4 -2 -4 -3  1    0   0   0   0   0   0   0   0   0 100   0   0   0   0   0   0   0   0   0   0  1.26 0.23
  452 A    5 -3 -3 -3 -1 -2 -2 -1 -3 -2 -2 -2 -2 -3 -2  1 -1 -4 -3  0   86   0   0   0   0   0   0   0   0   0   0   0   0   0   0   4   1   0   0   7  0.82 0.18
  453 H    1 -1  1  0 -2  1  3 -2  2 -1 -2  0 -1 -2 -2  0  0 -3  0 -1   19   1   7   4   0   4  30   1   6   7   0   1   0   1   0   5   5   0   4   5  0.19 0.06
  454 N   -3 -2  8  0 -4 -2 -2 -2 -1 -5 -5 -2 -4 -5 -4 -1 -2 -5 -4 -5    0   0 100   0   0   0   0   0   0   0   0   0   0   0   0   0   0   0   0   0  1.73 0.27
  455 A    6 -3 -3 -3 -2 -2 -2 -1 -3 -3 -3 -2 -2 -4 -2  0 -1 -4 -3 -2   97   0   0   0   0   0   0   1   0   0   0   0   0   0   0   2   0   0   0   0  1.03 0.21
  456 G   -1 -4 -2 -3 -4 -3 -4  7 -3 -5 -5 -3 -4 -5 -4 -2 -3 -4 -5 -5    0   0   0   0   0   0   0 100   0   0   0   0   0   0   0   0   0   0   0   0  1.71 0.22
  457 L   -2 -2 -3 -4 -2 -1 -2 -4 -1  1  4 -1  1  1 -3 -3 -2 -2  1  1    1   1   0   0   0   3   2   0   1   4  58   4   2   5   0   0   0   0   7  12  0.38 0.10
  458 E   -2 -2 -1  3 -5  1  6 -3 -1 -5 -4 -1 -4 -5 -3 -1 -2 -4 -4 -4    0   0   1  14   0   1  85   0   0   0   0   0   0   0   0   0   0   0   0   0  1.25 0.21
  459 G   -1 -4 -2 -3 -4 -3 -3  7 -3 -5 -5 -3 -4 -5 -3 -1 -3 -4 -4 -4    2   0   0   0   0   0   0  96   0   0   0   0   0   0   1   1   0   0   0   0  1.59 0.21
  460 S    2 -2 -1 -1 -2 -1 -1  1 -2 -4 -4 -1 -3 -4 -2  5  0 -4 -3 -3   11   0   0   1   0   0   0   7   0   0   0   0   0   0   0  80   1   0   0   0  0.82 0.19
  461 V   -1 -4 -4 -5 -2 -4 -4 -5 -5  3  0 -4  0 -2 -4 -3 -1 -4 -2  6    0   0   0   0   0   0   0   0   0  15   0   0   0   0   0   0   0   0   0  85  0.94 0.19
  462 I   -2 -4 -4 -4 -2 -4 -4 -5 -4  6  0 -4  0 -1 -4 -3 -2 -4 -2  4    0   0   0   0   0   0   0   0   0  65   0   0   0   0   0   0   0   0   0  35  0.87 0.17
  463 V    0 -4 -4 -4 -1 -3 -4 -4 -4  3  1 -3  0 -2 -3 -3 -1 -4 -2  5    5   0   0   0   1   0   0   0   0  21   5   0   0   0   0   0   0   0   0  69  0.69 0.15
  464 E   -1 -1  3  3 -4  1  5 -2 -1 -4 -4  0 -3 -4 -2 -1 -1 -4 -2 -4    3   0  18  17   0   4  55   0   0   0   0   0   0   0   0   1   0   0   1   0  0.77 0.15
  465 R   -2  4  1 -1 -4  1  0 -2  2 -4 -3  5 -2 -4 -2 -1 -1 -4 -2 -3    1  21   6   0   0   3   2   1   5   0   0  59   0   0   0   0   1   0   0   0  0.72 0.15
  466 L   -1 -3 -4 -4 -2 -3 -4 -4 -4  2  3 -3  1 -1 -4 -3 -1 -3 -2  4    2   0   0   0   0   0   0   0   0   7  36   0   1   0   0   0   0   0   0  54  0.60 0.13
  467 K   -2  3 -1 -2 -4  0  0 -3 -1 -2 -2  6 -1 -4 -2 -1 -2 -4 -3 -3    1  18   0   0   0   1   2   0   0   2   2  71   2   0   0   0   0   0   0   0  0.84 0.17
  468 N    0  0  3  1 -2  1  2  0  1 -3 -3  1 -2 -3 -2  1  0 -4 -2 -3    6   3  25   2   1   5  21   6   4   0   0  10   0   0   0  12   5   0   0   0  0.33 0.07
  469 E    1 -1 -1 -1 -2  1  2 -1 -1 -2  0  0  0 -3 -2  2  0 -3 -2 -1   15   0   1   0   0   7  22   4   0   0  13   6   1   0   0  26   2   0   0   3  0.20 0.07
  470 E    0  0  0  2 -4  1  3 -1 -1 -4 -3  3 -3 -4  2  0 -1 -4 -3 -3    7   0   1  12   0   3  32   4   0   0   0  25   0   0  10   4   2   0   0   0  0.44 0.09
  471 I    0 -1 -1  0 -2  0  0  0 -2  0 -1  1 -1 -2  3  0  0 -3 -2  1   10   2   2   6   0   2   6   6   0   4   3  12   0   1  18   1   6   0   0  20  0.18 0.05
  472 G    0 -3  1 -1 -4 -2 -1  6 -2 -5 -5 -2 -4 -4 -2 -1 -2 -4 -4 -4    3   0   7   1   0   0   5  79   1   0   0   0   0   0   1   2   2   0   0   0  1.09 0.16
  473 V   -1 -2 -2 -3 -2 -1 -1 -4  1  3  0 -2  1  1 -3 -2  1 -1  1  3    0   0   1   0   0   1   4   0   6  29   0   2   5   8   0   0  10   1   7  28  0.24 0.08
  474 G   -1 -4 -2 -3 -4 -3 -4  7 -3 -5 -5 -3 -4 -5 -4 -2 -3 -4 -5 -5    0   0   0   0   0   0   0 100   0   0   0   0   0   0   0   0   0   0   0   0  1.71 0.22
  475 F   -3 -4 -4 -5 -4 -4 -4 -5 -1 -2  0 -4 -1  7 -5 -3 -3  0  6 -2    0   0   0   0   0   0   0   0   0   0   7   0   0  63   0   0   0   0  30   0  1.28 0.20
  476 N   -3 -2  7  5 -4 -1 -1 -2 -1 -5 -5 -2 -4 -5 -3 -1 -2 -5 -4 -4    0   0  65  35   0   0   0   0   0   0   0   0   0   0   0   0   0   0   0   0  1.24 0.20
  477 A    6 -3 -3 -3 -2 -2 -2 -1 -3 -3 -3 -2 -2 -3 -2  0 -1 -4 -3 -1   98   0   0   0   0   0   0   0   0   0   0   0   0   0   0   0   0   0   0   2  1.04 0.21
  478 A    4 -2 -3 -3 -2 -1 -2 -2 -2 -1  2 -1  1 -1 -2 -1 -1 -2  2  0   52   1   0   0   0   2   0   0   0   0  25   1   3   0   0   0   0   0  12   2  0.34 0.12
  479 T   -1  0  3  0 -2 -1  0 -2  0 -2 -3  1 -2 -3 -2  1  5 -4 -2 -2    2   3  18   5   0   0   3   0   2   0   0  12   0   0   0   5  51   0   0   1  0.49 0.13
  480 G   -1 -2  1  3 -4  0  4  4 -2 -4 -4 -1 -2 -3 -2 -1 -2 -4 -3 -4    0   0   5  18   0   0  38  35   0   0   0   0   1   1   0   1   0   0   0   0  0.65 0.13
  481 E   -2  0 -1  0 -4  2  5 -3 -1 -2 -3  2 -2 -4 -2 -1  0 -4 -3 -1    1   2   1   1   0   5  61   0   0   1   0  15   0   0   0   1   6   0   0   6  0.67 0.14
  482 W   -4 -4 -4 -5 -3 -3 -4 -4 -1 -3 -2 -4 -2  3 -5 -4 -3  9  8 -3    0   0   0   0   0   0   0   0   0   0   0   0   1   7   0   0   0  29  63   0  1.79 0.24
  483 V   -1 -3 -3 -3 -2 -2  2 -2 -3  1 -1 -2  0 -2 -3 -2  0 -4 -2  5    0   0   0   0   0   0  17   4   0   2   0   1   1   0   0   0   4   0   0  71  0.53 0.15
  484 N   -3 -2  5  6 -5 -1  0 -2 -2 -5 -5 -2 -4 -5 -3 -1 -2 -5 -4 -4    0   0  37  61   0   0   1   0   0   0   0   0   0   0   0   0   0   0   0   0  1.22 0.19
  485 M   -3 -3 -4 -5 -3 -2 -4 -5 -3  0  1 -3  9 -2 -4 -3 -2 -3 -3 -1    0   0   0   0   0   0   0   0   0   0   8   0  92   0   0   0   0   0   0   0  1.66 0.29
  486 I   -2 -4 -4 -4 -2 -3 -4 -4 -4  5  2 -3  1  1 -4 -3 -1 -3 -1  3    0   0   0   0   0   0   0   0   0  50  14   0   3   7   0   0   0   0   0  25  0.57 0.12
  487 E    1  0 -1  2 -3  1  4 -2 -1 -3 -3  2 -2 -4 -1  0 -1 -4 -3 -3   17   0   1  13   0   4  39   1   0   0   0  21   0   0   1   2   1   0   0   0  0.48 0.11
  488 K    5 -2 -1 -1 -2 -1  0 -1 -2 -2 -3  0 -2 -3 -2  1  0 -4 -3 -1   73   1   2   2   0   1   6   0   0   0   0   4   0   0   0   7   3   0   0   1  0.56 0.14
  489 G   -1 -3 -2 -3 -4 -3 -4  7 -3 -5 -5 -3 -4 -5 -4 -2 -3 -4 -5 -5    0   1   0   0   0   0   0  99   0   0   0   0   0   0   0   0   0   0   0   0  1.69 0.22
  490 I   -3 -4 -5 -5 -3 -4 -5 -5 -5  7  0 -4  0 -1 -4 -4 -2 -4 -3  2    0   0   0   0   0   0   0   0   0  93   0   0   0   0   0   0   0   0   0   7  1.14 0.21
  491 V   -1 -4 -4 -4 -2 -3 -4 -4 -4  4  1 -3  0 -1 -3 -3 -1 -4 -2  5    1   0   0   0   0   0   0   0   0  29  11   0   0   0   1   0   0   0   0  59  0.67 0.14
  492 D   -3 -3  0  8 -5 -2  1 -3 -3 -5 -5 -2 -5 -5 -3 -2 -3 -6 -5 -5    0   0   0  99   0   0   1   0   0   0   0   0   0   0   0   0   0   0   0   0  1.74 0.25
  493 P   -2 -4 -4 -3 -5 -3 -3 -4 -4 -5 -5 -3 -4 -5  8 -2 -3 -5 -5 -4    1   0   0   0   0   0   0   0   0   0   0   0   0   0  99   0   0   0   0   0  2.64 0.28
  494 T    3 -2 -2 -3 -1 -2 -2 -2 -3 -1 -2 -2 -2 -3 -2  0  5 -4 -3  1   36   0   0   0   0   0   0   0   0   0   1   1   0   0   0   0  51   0   0  10  0.56 0.15
  495 K   -2  1 -2 -2 -5  0 -1 -3 -2 -4 -4  7 -2 -5 -2 -2 -2 -5 -3 -4    0   1   0   0   0   0   0   0   0   0   0  98   1   0   0   0   0   0   0   0  1.31 0.24
  496 V   -2 -4 -4 -5 -2 -4 -4 -5 -5  1  0 -4 -1 -2 -4 -3 -1 -4 -3  6    0   0   0   0   0   0   0   0   0   0   0   0   0   0   0   0   0   0   0 100  1.13 0.22
  497 T   -1 -2 -1 -2 -2 -2 -2 -3 -3 -2 -3 -2 -2 -4 -2  1  6 -4 -3 -1    1   0   0   0   0   0   0   0   0   0   0   0   0   0   0   7  88   0   0   2  1.08 0.22
  498 R   -3  8 -2 -3 -5  0 -2 -4 -2 -4 -4  1 -3 -4 -4 -2 -3 -4 -3 -4    0  99   0   0   0   0   0   0   0   0   0   0   0   0   0   0   0   0   0   0  1.64 0.25
  499 S    0 -2 -1 -2 -2 -1 -2 -2 -2 -3 -4 -2 -3 -2 -2  6  2 -4 -2 -3    0   0   0   0   0   0   0   0   0   1   0   0   0   1   0  88   8   0   1   0  0.95 0.21
  500 A    6 -3 -3 -3 -2 -2 -2 -1 -3 -3 -3 -2 -2 -4 -2  0 -1 -4 -3 -1   99   0   0   0   0   0   0   0   0   0   0   0   0   0   0   0   1   0   0   0  1.08 0.22
  501 L   -3 -3 -5 -5 -2 -3 -4 -5 -4  1  5 -4  1 -1 -4 -4 -2 -3 -2  0    0   0   0   0   0   0   0   0   0   4  95   0   1   0   0   0   0   0   0   1  0.98 0.18
  502 Q   -2 -1 -2 -2 -5  8  1 -3 -1 -5 -4  0 -2 -5 -3 -1 -2 -4 -3 -4    0   0   0   0   0  95   4   0   0   0   0   0   0   0   0   1   0   0   0   0  1.58 0.27
  503 N   -3 -2  8  0 -4 -1 -2 -2  1 -5 -5 -2 -4 -5 -4 -1 -2 -5 -3 -5    0   0  97   0   0   0   0   0   3   0   0   0   0   0   0   0   0   0   0   0  1.64 0.26
  504 A    6 -3 -3 -3 -2 -2 -2 -1 -3 -3 -3 -2 -2 -4 -2  0 -1 -4 -3 -2  100   0   0   0   0   0   0   0   0   0   0   0   0   0   0   0   0   0   0   0  1.09 0.22
  505 A    5 -3 -2 -3 -2 -2 -2  0 -3 -2 -3 -2 -2 -3 -2  1  1 -4 -3 -1   79   0   0   0   0   0   0   4   0   1   0   0   0   0   0   5  11   0   0   1  0.71 0.17
  506 S    0 -2 -1 -2 -2 -2 -2 -2 -2 -4 -4 -2 -3 -4 -2  6  0 -4 -3 -3    0   0   0   0   0   0   0   0   0   0   0   0   0   0   0 100   0   0   0   0  1.19 0.25
  507 V   -1 -4 -4 -4 -2 -4 -4 -4 -4  4  0 -4  0 -2 -4 -3 -1 -4 -2  5    2   0   0   0   0   0   0   0   0  34   0   0   0   0   0   0   0   0   0  63  0.79 0.16
  508 A    5 -2 -2 -3 -1 -2 -2 -1 -3 -3 -3 -2 -2 -3 -2  2 -1 -4 -3 -2   77   0   0   0   0   0   0   1   0   0   0   0   0   0   0  21   1   0   0   0  0.78 0.18
  509 A    4 -2 -1 -2 -2 -2 -2  1 -2 -3 -3 -2 -2 -3 -2  3  0 -4 -3 -2   56   0   0   0   0   0   0  11   0   0   0   0   0   0   0  33   0   0   0   0  0.61 0.14
  510 M   -2 -3 -3 -4 -2 -2 -3 -4 -3  0  3 -3  6 -1 -3 -1  2 -3 -2  0    0   0   0   0   0   0   0   0   0   1  40   0  40   0   0   2  15   0   0   2  0.63 0.15
  511 F   -2 -3 -4 -4 -2 -3 -4 -4 -3  2  3 -3  2  4 -4 -3 -2 -2  0  2    0   0   0   0   0   0   0   0   0  16  37   0   6  28   0   0   0   0   0  13  0.52 0.10
  512 L   -3 -3 -5 -5 -3 -3 -4 -5 -4  1  6 -4  1 -1 -4 -4 -2 -3 -2  0    0   0   0   0   0   0   0   0   0   1  99   0   0   0   0   0   0   0   0   0  1.04 0.19
  513 T   -1 -3 -1 -3 -2 -2 -2 -3 -3 -2 -3 -2 -2 -4 -3  0  7 -4 -3 -1    0   0   0   0   0   0   0   0   0   0   0   0   0   0   0   2  98   0   0   0  1.30 0.25
  514 T   -1 -3 -1 -3 -2 -2 -2 -3 -3 -2 -3 -2 -2 -4 -3  0  7 -4 -3 -1    1   0   0   0   0   0   0   0   0   0   0   0   0   0   0   1  98   0   0   0  1.29 0.25
  515 E   -2 -2 -1  0 -5  1  7 -4 -2 -5 -4 -1 -3 -5 -3 -2 -2 -4 -4 -4    0   0   1   0   0   0  99   0   0   0   0   0   0   0   0   0   0   0   0   0  1.46 0.24
  516 A    4 -2 -2 -2  3 -2 -2 -1 -3 -2 -2 -2 -2 -3 -2  2  1 -4 -3  0   63   0   0   0   6   0   0   2   0   0   0   0   0   0   0  17   6   0   0   6  0.54 0.14
  517 V    1 -3 -3 -4  0 -3 -3 -3 -3  2  2 -3  2 -1 -3 -2 -1 -3 -2  4   17   0   0   0   1   0   0   1   0   4  19   0   6   0   0   1   2   0   0  50  0.38 0.11
  518 V   -1 -4 -4 -4 -2 -4 -4 -5 -4  3  0 -4  0 -2 -4 -3 -1 -4 -2  6    0   0   0   0   0   0   0   0   0  20   0   0   0   0   0   0   0   0   0  80  0.89 0.18
  519 A    5 -3 -2 -3 -1 -2 -2 -1 -3 -2 -2 -2 -2 -3 -2  1  1 -4 -3  0   80   0   0   0   1   0   0   1   0   0   0   0   0   0   0   6   6   0   0   6  0.70 0.16
  520 D   -2 -2  2  6 -4 -1  3 -2 -1 -4 -4 -1 -4 -4 -2 -1 -1 -5 -4 -4    0   0   9  61   0   0  22   0   0   1   0   0   0   0   0   2   3   0   0   0  0.97 0.16
  521 K   -2  0 -2 -2 -3  0 -1 -3 -1  3  1  4  0 -2 -3 -2 -2 -4 -2  1    0   1   0   0   0   2   2   0   2  36  10  42   1   0   0   0   0   0   0   3  0.34 0.12
  522 P   -2 -2 -3 -3 -4 -2 -1 -3 -3 -4 -4  2 -4 -5  8 -2 -2 -5 -4 -3    0   0   0   0   0   0   1   0   0   0   0  19   0   0  76   1   1   0   0   1  1.80 0.21
  523 E   -1 -1 -1  1 -4  1  6 -2 -1 -4 -4  2 -3 -4 -2  0 -2 -4 -3 -3    2   0   0   5   0   1  73   1   0   0   0  13   0   0   0   4   0   0   0   0  0.90 0.17
  524 E   -1  0  0  3 -4  0  3 -2 -2 -4 -4  3 -3 -4  3 -1 -1 -4 -3 -3    2   0   1  19   0   0  28   0   0   0   0  32   0   0  16   0   1   0   0   0  0.60 0.11
  525 N    0  0  3  2 -3  1  3 -2  0 -3 -3  2 -2 -3 -1  0  0 -3 -2 -2    8   0  18  13   0   1  31   1   1   1   1  14   0   0   2   2   4   0   0   2  0.37 0.07
  526 G    1 -1  2  1 -2  0  0  0 -1 -3 -3  1 -2 -3  4  1  0 -3 -2 -2   15   0  11  10   0   1   3   5   0   0   1  16   0   0  25   8   2   0   0   1  0.40 0.06
  527 G    3 -1  1  0 -2  0  0  0 -2 -2 -2  0 -1 -3  3  1  0 -3 -2 -1   42   1   8   5   0   3   4   5   0   1   2   3   2   0  13   5   4   0   0   2  0.26 0.06
  528 G    2 -1  0 -1 -2  0 -1  1 -1 -1 -1 -1  2 -2  3  0  0 -3 -2 -1   32   1   7   2   0   4   2   8   1   1   2   1  10   1  18   3   3   0   0   4  0.25 0.05
  529 A    2 -2 -1 -2 -2 -1 -1 -1 -2 -2 -3 -1 -1 -3  6 -1 -1 -3 -3 -2   26   1   3   1   0   2   1   4   0   1   1   1   2   0  53   1   1   0   0   1  0.98 0.11
  530 G    3 -2 -1 -1 -2  1 -1  2 -2 -2 -2 -1  0 -3  3  0 -1 -3 -2 -1   43   1   2   2   0   8   1  16   0   1   1   2   5   0  14   2   2   0   0   1  0.33 0.07
  531 M    2 -2  0 -2 -1  0 -1  0 -2 -1  0 -1  5 -2  0  0 -1 -2 -2  0   29   1   5   1   1   3   2   6   0   1   2   2  38   1   4   1   2   0   0   2  0.24 0.08
  532 P    0 -2 -2 -1 -3 -2 -1 -1 -2 -3 -3 -2  0 -3  7 -1 -1 -3 -3 -2    6   1   1   2   0   1   2   4   0   1   1   1   4   0  72   1   1   0   0   1  1.46 0.13
  533 D    1 -2  1  3 -3  1  0  3 -1 -3 -3 -1 -1 -3  2  0 -1 -3 -3 -2   14   0   5  21   0  10   4  27   0   0   1   0   3   0   9   1   2   0   0   1  0.32 0.05
  534 M    0 -2  0 -1 -2  0 -1  2 -2 -1  0 -1  5 -2  2 -1 -1 -2 -2 -1    9   1   3   3   0   5   1  16   0   1   2   1  40   1  11   2   1   0   0   1  0.27 0.08
  535 G    0 -2  0  1 -2 -1 -1  4 -2 -3 -2 -1  0 -3  3  0 -1 -3 -3 -2    7   1   3  10   0   2   1  40   0   1   1   1   6   1  19   4   1   0   0   1  0.47 0.05
  536 G    0 -2  0  1 -2 -1 -1  4 -2 -2 -1 -1  3 -2  1 -1 -1 -3 -2 -2    5   1   3   8   0   2   1  45   0   1   1   1  20   0   7   3   1   0   0   1  0.39 0.07
  537 M   -1 -2 -2 -2 -2  0 -2  0 -2  0  1 -2  7 -1  0 -1 -1 -2 -2  0    4   1   2   1   0   2   1   9   0   1   1   1  67   0   5   2   1   0   0   1  0.56 0.12
  538 G    1 -2  0  2 -2 -1 -1  4 -2 -3 -3 -1 -1 -3  2  0 -1 -3 -3 -3   10   0   1  16   0   0   1  48   0   0   1   1   3   0  12   5   1   0   0   1  0.52 0.06
  539 G   -1 -3 -1  0 -3 -2 -2  5 -2 -2 -2 -2  3 -3 -2 -1 -2 -3 -2 -2    0   0   0   8   0   0   0  66   0   0   0   0  20   0   1   3   0   0   1   0  0.70 0.09
  540 M   -2 -2 -3 -4 -3 -1 -3 -4 -3  0  1 -2  9 -1 -4 -3 -2 -3 -2  0    1   0   1   0   0   0   0   0   0   0   0   0  96   1   0   0   0   0   0   0  1.22 0.18
  541 G   -1 -2 -1  2 -3 -1 -1  4 -2 -4 -4 -2 -3 -4  5 -1 -2 -4 -3 -3    0   0   1  14   0   3   0  46   0   0   0   0   0   0  34   0   0   0   0   0  0.85 0.06
  542 G    0 -3  0 -1 -3 -2 -3  6 -2 -4 -4 -2 -2 -3 -1 -1 -2 -3 -2 -4    0   0   2   2   0   0   0  91   0   0   0   0   1   0   2   0   0   0   2   0  1.11 0.08
  543 M   -2 -2 -3 -4 -2 -1 -3 -4 -2  1  1 -2  8 -1 -3 -2 -1 -2 -2  0    0   0   0   0   0   0   0   0   0   2   0   0  98   0   0   0   0   0   0   0  1.00 0.13
  544 M   -2 -2 -3 -4 -2 -1 -3 -4 -2  1  1 -2  8 -1 -3 -2 -1 -2 -2  0    0   0   0   0   0   0   0   0   0   0   0   0  98   0   0   0   0   0   0   2  0.93 0.12

                      K         Lambda
Standard Ungapped    0.1301     0.3113
Standard Gapped      0.0579     0.2670
PSI Ungapped         0.1886     0.3119
PSI Gapped           0.0579     0.2670
