
Last position-specific scoring matrix computed, weighted observed percentages rounded down, information per position, and relative weight of gapless real matches to pseudocounts
           A  R  N  D  C  Q  E  G  H  I  L  K  M  F  P  S  T  W  Y  V   A   R   N   D   C   Q   E   G   H   I   L   K   M   F   P   S   T   W   Y   V
    1 M   -1 -2 -2 -3 -2 -1 -2 -3 -2  1  2 -2  7  0 -3 -2 -1 -2 -1  1    0   0   0   0   0   0   0   0   0   0   0   0 100   0   0   0   0   0   0   0  0.51 0.05
    2 H   -2  2  3  0 -3  3  0 -2  5 -3 -3  1 -1 -3 -2  0 -1 -3  0 -3    0  17  26   0   0  25   0   0  32   0   0   0   0   0   0   0   0   0   0   0  0.46 0.02
    3 M   -1 -1 -2 -3 -2 -1 -2 -3 -2  3  1  1  4 -1 -2 -2 -1 -2 -1  1    0   0   0   0   0   0   0   0   0  37   0  22  41   0   0   0   0   0   0   0  0.21 0.03
    4 S    0 -1  0 -1 -1 -1 -1 -1 -1 -2 -1 -1 -1  3 -2  3  1 -1  1 -1    0   0   0   0   0   0   0   0   0   0   0   0   0  31   0  60   9   0   0   0  0.29 0.03
    5 N    1 -2  3  0 -2 -1 -1  3 -1 -2  0 -1 -1 -2 -2  0 -1 -3 -2 -1   15   0  36   0   0   0   0  28   0   0  20   0   0   0   0   0   0   0   0   0  0.27 0.02
    6 A    4 -1 -1 -1 -1  0  1  0 -2 -2 -2  1 -1 -3 -1  1  0 -3 -2 -1   76   0   0   0   0   0   8   0   0   0   0  16   0   0   0   0   0   0   0   0  0.37 0.05
    7 R    0  4 -1 -1 -3  1  0 -2  3 -3 -3  3 -2 -3  2 -1 -1 -3 -1 -2   12  37   0   0   0   0   0   0  11   0   0  29   0   0  11   0   0   0   0   0  0.43 0.04
    8 P   -1 -1 -2 -2 -3 -1 -1 -3 -2 -2 -3  1 -2 -4  7 -1 -1 -4 -3 -1    0   0   0   0   0   0   0   0   0   0   0  14   0   0  77   0   0   0   0   9  1.51 0.09
    9 S    3 -2 -1 -2 -1 -1 -1  1 -2  0 -2 -1 -1 -2  3  1  0 -3 -2  0   42   0   0   0   0   0   0   8   0   6   0   0   0   0  19  15   0   0   0   9  0.35 0.04
   10 K   -1  0  1  2 -3  0  0  0  1 -2 -1  3  2 -2 -2 -1  0 -3 -2 -2    0   0   8  18   0   0   0   5   5   0   7  39  13   0   0   0   5   0   0   0  0.20 0.04
   11 S   -1 -2  0 -2 -3 -1 -1  0  1 -2 -1  0 -2  1  5  1  0 -3 -1 -2    0   0   5   0   0   0   0   9   6   0   6   5   0  11  42  12   4   0   0   0  0.61 0.06
   12 R   -1  3  2 -1 -3  0 -1 -2 -1 -2 -2  1  1 -2  3  0 -1  5 -1 -1    4  26  15   0   0   0   0   0   0   0   0   5   9   0  16   8   0  10   0   6  0.34 0.06
   13 T    1  3 -1 -2 -2  0 -1 -2 -1 -2 -2  1 -1 -3 -2  1  3 -3 -2 -1   20  30   0   0   0   0   0   0   0   0   0  10   0   0   0   8  31   0   0   0  0.35 0.08
   14 K   -1  5 -1 -2 -4  1  0 -2 -1 -3 -3  4 -2 -4 -2 -1 -1 -3 -2 -3    5  49   0   0   0   0   0   0   0   0   0  46   0   0   0   0   0   0   0   0  0.74 0.12
   15 F    0  1 -2 -2 -2 -1 -1 -2  0  1  0  1  0  1 -2 -1  1 -2  0  1   10   9   0   0   0   0   0   0   4  11  10  16   0  12   0   0  16   0   0  13  0.07 0.03
   16 L    0  0 -2 -3 -2  1 -1 -3 -2  1  2 -1  1  0 -2 -1  0 -2 -1  1    9   4   0   0   0  14   0   0   0   0  37   0   4   5   0   0   8   0   0  18  0.16 0.05
   17 L   -1 -1 -3 -3 -2 -2 -3 -3 -3  2  3 -2  2  3 -3 -2 -1 -2  0  1    5   4   0   0   0   0   0   0   0  18  38   0   5  19   0   0   4   0   0   7  0.27 0.05
   18 A    3 -1 -2 -2 -1 -1 -1 -1 -2  0 -1  1 -1 -2  2  1  0 -3 -2  1   39   0   0   0   0   0   0   0   0   9   3  14   0   0  12   9   0   0   0  13  0.23 0.06
   19 F   -1  0 -2 -3 -2  0 -2 -3 -2  1  3  0  2  1 -2 -2 -1 -1  1  1    5   4   0   0   0   7   0   0   0  11  40   8   7   6   0   0   0   0   5   4  0.16 0.04
   20 L    2 -2 -3 -3 -1 -2 -2 -2 -3  0  3 -2  2 -1 -2 -1  0 -2 -2  1   33   0   0   0   0   0   0   0   0   0  47   0   8   0   0   0   4   0   0   5  0.26 0.07
   21 C    2 -2  0 -2  6 -2 -2  1 -2 -1 -2 -2 -1 -2 -2  1  1 -3 -2  1   22   0   3   0  27   0   0   8   0   0   0   0   0   0   0  16   8   0   0  13  0.33 0.07
   22 F    1 -1 -2 -3 -2 -2 -2  0 -2 -1  0  0 -1  4 -2  0 -1  4  1 -1   22   4   0   0   0   0   0   9   0   0  10   7   0  33   0   6   0   8   0   0  0.23 0.06
   23 T    1 -1 -1 -1 -1 -1 -1 -2 -2  0 -1  0 -1 -2 -2  3  4 -3 -2 -1    6   0   0   0   0   0   0   0   0   6   5   7   0   0   0  32  45   0   0   0  0.36 0.09
   24 L    2 -2 -3 -3 -2 -2 -3 -3 -3  0  3 -2  3  0 -3 -1 -1 -2 -1  1   26   0   0   0   0   0   0   0   0   0  49   0  16   3   0   0   2   0   0   4  0.33 0.10
   25 M   -1 -3 -3 -3  2 -2 -3 -2 -3  2  3 -3  2  3 -3 -2 -1 -1  0  1    4   0   0   0   6   0   0   3   0  16  38   0   7  21   0   0   0   0   0   3  0.29 0.07
   26 A    2 -2 -2 -2 -1 -2 -2  0 -2  0 -1 -2 -1  1  3  1  0 -2 -1  1   31   0   0   0   0   0   0   6   0   4   4   0   0  11  15   8   5   0   0  14  0.21 0.06
   27 S    1  0  0 -1 -2 -1 -1  0 -2 -2 -2  1 -2 -3  0  3  2 -3 -2 -1    6   4   0   0   0   0   0   5   0   0   0  15   0   0   3  41  18   0   0   5  0.30 0.09
   28 L    0 -2 -2 -1 -2 -2 -2  3 -2 -1  1 -1  0  2 -1 -1 -1 -2 -1 -1   11   0   0   4   0   0   0  30   0   0  26   4   2  14   3   3   0   0   0   0  0.17 0.06
   29 F   -1 -2 -2 -1 -2 -2 -1 -2 -2  1  1 -2  1  3 -2  0  1 -1  0  1    1   1   0   4   0   0   4   1   0   8  13   1   6  27   1   8  10   0   0  15  0.15 0.05
   30 G    2 -2 -1 -2 -2  0 -2  4 -2 -2 -2 -1  1 -3  2  0  0 -3 -3 -1   27   0   0   0   0   4   0  40   0   0   1   0   6   0  10   4   3   0   0   2  0.42 0.09
   31 A    2 -2 -1 -1 -1 -1  1 -1 -2  0 -1 -1 -1 -2  1  1  2 -2  0  1   33   0   0   0   0   0  11   0   0   3   1   0   0   0   6  10  16   0   3  14  0.19 0.07
   32 T    0 -1  1  0 -2  0  0  0 -1 -1  0  1 -1 -1  0  1  1 -2 -1 -1    3   0   9   3   0   0   6   9   0   0   9  14   0   4   3  16  15   0   2   5  0.09 0.04
   33 A    2 -2 -2 -2 -2 -2 -2 -2 -2 -1 -1 -2 -1 -2  5  0  0 -3 -1  0   31   0   0   0   0   0   0   0   0   0   7   0   0   0  38   6   6   0   3   9  0.64 0.12
   34 L    1 -2 -1 -1 -1 -2 -2 -1 -2  1  2 -1  1 -1 -2  1  0 -3 -2  1   13   0   3   2   0   0   0   3   0   5  35   3   3   0   0  12   7   0   0  13  0.13 0.05
   35 F    1 -1 -1 -2 -2 -2 -2 -1 -2  1  1 -1  0  2  1  0  0 -2  1  0   21   3   4   0   0   0   0   3   0  10  20   3   0  17   8   3   5   0   3   0  0.10 0.05
   36 G    0 -1 -1 -2 -2 -1 -1  3 -2 -3 -2  1 -2 -3  4  0  2 -3 -3 -2    4   0   0   0   0   2   0  29   0   0   3  13   0   0  24   7  17   0   0   0  0.48 0.10
   37 P    0 -1  0  0  0 -1 -1 -1 -2 -2 -2 -1 -2 -3  6 -1 -1 -4 -3 -2    8   2   7   6   2   3   0   3   0   0   5   0   0   0  53   3   2   0   0   3  0.90 0.14
   38 S    1 -1 -1 -1  1  0  0 -1 -2  0  0  0 -1 -2  2  2  1 -3 -2  1   14   0   0   1   3   3   4   2   0   2   8   4   0   0   9  20  11   0   0  18  0.13 0.05
   39 K    0  0  1  0 -2  2  1 -1  1 -1 -1  1 -1 -3  3  0  0 -3 -2 -1    6   2  10   2   0  12   7   4   5   4   6  11   0   0  18   3   7   0   0   3  0.22 0.05
   40 A    3 -2 -2 -2  2 -1  0  0 -2 -1 -2 -1 -2 -3  3  1  1 -3 -1 -1   38   0   0   0   6   0   8   6   0   2   0   0   0   0  17   8   9   0   2   4  0.34 0.10
   41 A    3 -2 -1 -2 -2 -1 -1  1  0 -2 -2  0 -2 -3  3  1  0 -3 -2  0   41   0   2   0   0   2   0   9   2   0   0   4   0   0  17   9   4   0   0   6  0.35 0.10
   42 A    2 -2 -1 -1 -2  1 -1  1 -2 -1 -2 -1 -1 -3  2  1  2 -3 -2  0   32   0   0   3   0  11   0   9   0   3   0   0   0   0   9   7  17   0   0   7  0.25 0.10
   43 A    1 -1  0 -1 -2 -1  0  2 -2 -1 -1 -1 -2 -3  3  0  1 -3 -2  0   14   2   4   0   0   1   7  24   0   3   4   3   0   0  15   5  10   0   0   6  0.25 0.07
   44 S    1 -2  1  1 -2 -1  0  0 -1 -2 -2 -1 -2 -1  4  2  1 -3 -2 -1   11   1   6   9   0   1   3   8   1   2   1   1   0   4  21  20   8   0   0   2  0.31 0.07
   45 P    1  1  0 -2 -2  0 -1 -1  4 -2 -2 -1 -2 -2  5  0  0 -3 -1 -1   12  11   3   1   0   2   1   2  17   1   2   1   0   1  32   3   6   0   1   5  0.52 0.11
   46 D   -1 -1  0  4 -2 -1  0  1 -1  0 -1 -1 -1 -2 -1  0  0 -3 -2  1    2   2   2  32   0   2   3  11   2   8   3   1   0   0   2   4   5   0   0  18  0.19 0.08
   47 D    0 -1  0  3 -2  0  2 -1 -1 -2 -1 -1 -1 -2  2  1  0 -3 -2 -2   10   1   2  22   0   2  19   2   1   1   9   1   0   1   9  11   7   0   0   1  0.25 0.07
   48 N    0 -1  3  1 -2  1  0 -1 -1 -2 -1 -1 -1  0 -1  1  1 -2 -1 -1   10   1  22   8   0   9   2   1   0   1   6   1   0   6   2  12  14   0   1   3  0.17 0.07
   49 F   -1  1 -1 -1 -2 -1 -1 -1  4 -2  0 -1 -1  4  2 -1 -2 -1  1 -2    5  10   1   3   0   1   3   3  15   1   7   3   0  30  14   3   1   0   1   1  0.27 0.09
   50 S    0  0  0  0 -2 -1  0 -1 -1  1 -1 -1  0  1  1  2  0 -2 -1  0    7   5   3   5   0   1   4   3   0  13   3   2   3   9   7  27   3   0   0   2  0.09 0.06
   51 P   -1 -1 -3 -2 -3 -2 -1 -3 -3 -3 -3 -2 -3 -4  7 -1 -2 -4 -3 -3    4   4   1   1   0   1   3   1   0   1   1   1   0   0  77   3   1   0   0   1  1.73 0.25
   52 E    3 -1  0  0 -2 -1  0  2 -2 -2 -2 -1 -2 -3  0  2  0 -3 -2 -1   32   1   5   4   0   0   8  16   0   1   1   2   0   0   4  22   2   0   0   2  0.28 0.09
   53 T    0 -1  0  0 -2  1  1 -1  1 -1  0  0 -1 -2 -1  1  3 -2 -2 -1    6   1   2   4   0   5  11   3   5   3   8   4   0   1   1   7  36   0   1   3  0.19 0.08
   54 L    0  0 -1 -2 -1 -1 -1 -2 -1  1  2 -1  0 -1  1 -1  0 -2 -1  1   10   6   2   1   0   2   4   2   1   7  32   1   0   1   7   1   7   0   1  14  0.11 0.05
   55 Q    0  1  1 -1 -2  2  1  0  0 -1 -2  1 -1 -2  0  1  0 -2 -2  0    5   6   9   1   0  18  12   5   1   1   2   9   0   1   4   9   6   0   0  11  0.15 0.05
   56 F    1  0 -1 -2 -2  0 -1 -1 -2  0 -1  0 -1  3  3  0  0 -2  0  0   16   4   1   1   0   6   1   2   0   7   2   5   0  20  14   7   7   0   0   6  0.15 0.06
   57 L    0  1 -1 -1 -2  1 -1 -2 -1  0  1  0  0 -1  1  0  1 -2 -2  0    6   7   1   3   0  11   2   1   0   1  26   5   0   1   6  10   8   0   1   9  0.08 0.05
   58 R    1  2  0 -1 -2  1  0  1 -1 -1  1  1 -1 -2 -2  0 -1 -2 -2 -1   15  16   6   2   0   5   3  10   0   1  18  14   0   1   1   3   1   0   0   3  0.10 0.05
   59 N    2  0  1  2 -2 -1  0 -1 -1 -2 -2  0 -1 -3 -1  1  1 -3 -2 -1   33   3   7  16   0   0   2   2   0   1   3   7   2   0   1  13   7   0   0   1  0.22 0.09
   60 N    2  1  1 -1 -2  0  0  0 -1 -2 -1  1 -2 -2  2  0  0  3 -2 -2   24  11  11   0   0   4   2   5   0   0   5   9   0   0  12   5   4   6   0   1  0.22 0.08
   61 T    1 -2 -1 -2 -2 -1 -2 -2 -2  0  0  0 -1  0  0  1  3 -3 -2  1   13   0   0   1   0   1   0   1   0   5  13   6   0   3   4   6  36   0   0   8  0.20 0.11
   62 G    1 -2 -1 -1  1 -3 -3  6 -3 -4 -4 -3  1 -4 -3 -1 -2 -4 -4 -4    8   2   2   3   4   0   0  73   0   0   0   0   5   0   0   1   1   0   0   0  1.06 0.26
   63 L   -3 -4 -4 -5 -3 -3 -4 -5 -4  0  5 -4  1  3 -4 -3 -1 -2 -1  0    0   0   0   0   0   0   0   0   0   0  74   0   2  16   0   0   4   0   0   2  0.84 0.26
   64 D    0 -2  3  4 -3 -2  0 -2 -2 -3 -4 -1 -3 -4 -3  1  3 -5 -3 -3   10   0  20  35   0   0   2   1   0   0   0   1   0   0   0   8  23   0   0   0  0.64 0.24
   65 G    2 -2 -1  3 -3 -1  1  1 -2 -3 -3  1 -3 -4  0  1  0 -4 -3 -2   24   0   0  22   0   0  10  13   0   1   0  11   0   0   4   8   5   0   0   2  0.31 0.14
   66 E   -1 -2  1  1  1  0  2 -1 -2 -1 -3 -2 -1 -4  5 -1  1 -4 -3 -2    1   0   8  10   3   3  17   4   0   6   0   0   3   0  31   2  10   0   0   0  0.55 0.18
   67 Q    2  1  1  0 -4  6  0 -2  0 -4 -4  0 -2 -4 -3 -1 -2 -4 -3 -2   24   5   6   3   0  50   3   1   2   0   0   3   0   0   0   0   0   0   0   2  0.73 0.29
   68 W    1  1 -2 -3 -4 -1 -1 -3 -3 -3 -2  5 -2 -3 -3 -2 -1  6  0 -3   14   3   0   0   0   0   0   0   0   0   4  57   1   0   0   0   3  14   3   1  0.81 0.30
   69 N    0  2  1  2 -4  1  0 -2  1 -3 -3  4  0 -4 -2  1  0 -4 -3 -3    5  10   6  16   0   3   3   0   3   0   0  37   3   0   0  10   3   0   0   0  0.43 0.18
   70 N   -2  1  2  2 -3 -1  3 -3 -2 -1 -2 -1 -1 -3 -3 -1  2 -4 -3  1    0  10  14  13   0   0  24   0   0   3   0   0   1   0   0   0  19   0   0  16  0.34 0.18
   71 I    2 -4 -4 -2  1 -3 -4 -4 -4  5  1 -3 -1 -2 -4 -2 -2 -4 -3  1   25   0   0   2   3   0   0   0   0  58   8   0   0   0   0   0   0   0   0   4  0.69 0.28
   72 M   -1 -2 -3 -2 -3  1  1 -4 -3 -1  3 -1  6  1 -4 -3 -2 -3 -2 -1    4   0   0   2   0   6  13   0   0   0  29   3  39   5   0   0   0   0   0   0  0.62 0.28
   73 K    1  1 -1 -2 -3  5  1  0 -2 -4 -3  3 -1 -4 -2  2  0 -4 -3 -3   10   6   0   0   0  33   7   5   0   0   0  20   1   0   0  15   3   0   0   0  0.52 0.23
   74 L   -3 -4 -5 -5 -3 -4 -5 -5 -5  2  5 -4  2 -1 -5 -4 -3 -3 -3 -1    0   0   0   0   0   0   0   0   0  13  81   0   5   1   0   0   0   0   0   0  1.11 0.34
   75 I   -1 -2 -3 -4 -2 -3 -3 -4 -4  3  0 -3  2 -2 -3 -2  2 -4 -3  4    3   3   0   0   0   0   0   0   0  21   5   0   5   0   0   0  19   0   0  43  0.57 0.24
   76 N    1 -1  4 -2  0 -2 -2 -1 -2 -4 -4 -2 -3 -4 -3  5  1 -5 -3 -3    7   3  25   0   2   0   0   2   0   0   0   0   0   0   0  52   8   0   0   0  0.76 0.31
   77 K    0 -1 -2 -3 -2 -2 -2 -1 -3  2  2  1 -1 -2 -3  3  0  0 -2  0    4   3   0   0   0   0   0   3   0  17  21  10   0   0   0  32   1   2   0   6  0.23 0.17
   78 P    3 -4 -4 -4  4 -3 -3 -3 -3 -3 -2 -3 -2  4  4 -1 -2  3 -1 -2   37   0   0   0   9   0   0   0   0   0   2   0   0  21  23   1   0   5   0   1  0.74 0.28
   79 E   -3 -2 -2  0 -6  1  7 -4  0 -6 -5 -1 -4 -5 -3 -2 -3 -5 -4 -5    0   0   0   2   0   4  93   0   2   0   0   0   0   0   0   0   0   0   0   0  1.75 0.49
   80 Q   -3 -2  7  1 -4  3 -2 -2  0 -4 -5 -2 -3 -3 -1 -1  0 -5 -3 -4    1   0  66   5   0  14   0   2   1   0   0   0   0   1   3   0   6   0   0   0  1.12 0.36
   81 D    1 -3 -1  3 -3 -2 -1  2 -3 -4 -4 -2 -3 -4 -2  5 -1 -4 -3 -3   11   0   0  19   0   0   0  13   0   0   0   0   0   0   0  55   0   0   0   0  0.73 0.29
   82 D    0 -1  1  0 -3 -2 -2 -2  2 -3 -3 -1 -1 -4 -1  4  4 -4 -3 -3    3   2   8   4   0   0   0   0   6   0   0   3   1   0   2  36  34   0   0   0  0.57 0.26
   83 L   -2 -3 -3 -4 -3 -1 -3 -2 -4  0  4 -3  0 -2  0  0  3  2 -2  0    0   0   0   0   0   3   0   3   0   2  53   0   0   0   5   5  22   3   0   3  0.46 0.24
   84 N   -2 -1  2  5 -4  1  3 -2 -2 -4 -4  2 -3 -4 -2 -1 -2 -4 -3 -4    2   0  11  39   0   5  25   1   0   0   1  13   0   0   0   1   0   0   0   1  0.74 0.23
   85 W   -3 -2 -3 -3  1 -3 -3 -2 -3 -2 -2 -3  0  2 -3 -3 -3 11  2 -1    2   3   1   1   4   1   1   2   0   1   2   1   3   8   1   2   1  58   4   4  1.83 0.34
   86 I   -2  3 -2 -1 -2  0 -1 -2 -2  0  0  2 -1 -2 -2 -1  1  6 -1  0    1  23   1   3   0   2   2   1   0   7   7  16   0   1   1   1  11  14   1   7  0.34 0.14
   87 K    2  0 -1 -1 -2  1  0  0 -2  0 -1  2  0 -2  1  0  1 -3 -2 -1   21   3   0   2   0   6   4   8   0   6   7  17   2   0   6   5  11   0   0   1  0.12 0.08
   88 Y   -1 -1  3  0 -4  5  0 -1  1 -2 -2  0 -2  0 -3 -1 -1 -3  2 -3    5   1  15   5   0  41   1   5   3   3   2   2   0   5   0   1   1   0   8   0  0.47 0.24
   89 Y   -4 -4 -4 -3 -5 -4 -4 -5 -1 -4 -3 -4 -3  3 -5 -2 -4  0  9 -4    0   0   0   1   0   0   0   0   0   0   0   0   0   8   0   3   0   0  88   0  2.25 0.56
   90 G    1 -1  3  0 -3 -2 -2  4 -2 -4 -4  0 -3 -4  0  1 -2 -4 -4 -4   13   2  17   4   0   0   0  43   0   0   0   6   0   0   4  10   0   0   0   0  0.62 0.22
   91 Y   -2 -4 -1 -5 -4 -1 -4 -5 -1 -3 -3 -2 -3  2 -1 -1 -3  0  8 -3    3   0   3   0   0   2   0   0   0   1   0   3   0   5   3   4   0   0  77   1  1.64 0.47
   92 C    3 -3 -3 -4  4 -3 -3 -1 -4  3 -1 -3 -1 -3 -3  0 -1 -4 -3  2   33   0   0   0  12   0   0   3   0  29   1   0   0   0   0   6   0   0   0  16  0.50 0.23
   93 E   -1 -2 -2  0 -5  1  6 -4 -2 -4 -4  0 -4 -5 -3  0  0 -5 -4 -2    3   0   0   3   0   2  76   0   0   0   0   2   0   0   0   6   5   0   0   3  1.17 0.39
   94 D   -3  2  3  5 -2  0  0 -3 -1 -4 -3  0 -3 -4 -2 -2 -2 -5 -2 -2    0  12  18  50   1   3   3   0   1   0   3   3   0   0   2   0   0   0   1   4  0.77 0.28
   95 I   -3 -4 -4 -5 -3 -4 -4 -5 -3  6  3 -4  0 -2 -4 -4 -1 -4 -2  1    0   1   1   0   0   0   1   0   1  60  33   0   0   0   0   0   3   0   0   1  0.94 0.32
   96 E   -1 -2  1  2 -4 -1  0  5  1 -5 -5  0 -4 -4  1  0 -2  1 -3 -4    1   0   5  11   0   1   4  54   4   0   0   6   0   0   6   4   0   3   0   0  0.75 0.25
   97 D   -4 -4  0  8 -6 -3 -1  0 -3 -5 -6 -3 -3 -6 -4 -2 -3 -6 -5 -5    0   0   2  90   0   0   0   7   0   0   0   0   1   0   0   0   0   0   0   0  1.92 0.51
   98 E   -1 -3 -1  2  0 -1 -1  6 -1 -5 -5 -1 -4 -4 -4  0 -3  3 -4 -4    2   0   1  12   2   3   2  64   2   0   0   3   0   0   0   5   0   4   0   0  0.99 0.30
   99 R   -3  7 -2 -3 -2  0 -2 -2  1 -5 -4  0 -3 -5 -1 -3 -1 -5 -4 -4    0  82   1   1   1   2   0   3   3   0   0   0   0   0   3   0   5   0   0   0  1.47 0.44
  100 G   -1 -4 -3 -3 -5 -4 -4  7  0 -6 -6 -4 -5 -5 -2 -2 -4  1 -5 -5    3   0   0   0   0   0   0  90   3   0   0   0   0   0   2   0   0   3   0   0  1.75 0.45
  101 Y   -4 -4 -4 -5 -4 -4 -4 -5  2  2 -1 -4 -2  0 -5 -2 -3  5  8  0    0   0   0   0   0   0   0   0   4  16   3   0   0   0   0   2   0  10  61   4  1.42 0.43
  102 T   -2 -4 -2 -3 -3 -3 -3 -4 -4 -3 -4 -3 -3 -5 -1  0  7 -5 -4 -2    0   0   0   0   0   0   0   0   0   0   0   0   0   0   3   3  94   0   0   0  1.71 0.54
  103 I    3 -3 -1 -3  3 -3 -3  0 -3  1 -1 -3 -1  4 -3  0 -1 -2  0  1   32   0   4   0   8   0   0   5   0  13   0   0   1  21   0   4   1   0   3   9  0.33 0.19
  104 G   -1 -4 -2 -3 -4 -4 -4  6 -4 -5 -5 -3 -4 -5 -4 -1  0  3 -4 -3    3   0   0   0   0   0   0  82   0   0   0   0   0   0   0   1   8   4   0   1  1.51 0.41
  105 L   -2  3 -3 -4 -1 -3 -3 -4 -3  5  1 -2 -1 -2 -2 -3 -2 -3  0  0    1  22   0   0   1   0   0   0   0  52  14   0   0   0   2   0   0   0   4   2  0.63 0.28
  106 F    2 -3 -3 -4  0 -3 -3 -1 -2  4 -1 -3 -1  2 -3 -1 -2 -2  3  1   19   0   0   0   2   0   0   5   0  38   0   0   0  11   0   4   0   0  12   7  0.38 0.21
  107 G   -2 -4 -2 -3 -4  1 -3  7 -3 -5 -5 -3 -4 -5 -4 -2 -3  1 -4 -5    0   0   0   0   0   9   0  85   0   0   0   0   0   0   0   0   0   2   0   0  1.60 0.42
  108 A    2 -4 -4 -4 -3 -4 -4 -3 -3 -2 -1 -4 -2  7 -4 -2  0 -2  0 -1   25   0   0   0   0   0   0   0   0   0   3   0   0  61   0   0   7   0   0   2  1.06 0.36
  109 T   -2 -4 -3 -4  8 -3 -4 -4 -4 -3 -3 -3 -3 -4 -4 -1  5 -4 -4 -2    0   0   0   0  42   0   0   0   0   0   0   0   0   0   0   2  52   0   0   0  1.58 0.46
  110 T   -1  0 -2 -3 -3 -2 -2 -3 -3 -3 -1 -2 -2 -3 -3  4  5 -4 -1 -2    2   5   0   0   0   0   0   0   0   0   6   0   0   0   0  35  49   0   3   0  0.81 0.36
  111 G    0 -4 -1 -2  0 -3 -2  6  1 -5 -5 -3 -4 -5 -4 -2 -3  1 -4 -5    7   0   1   2   2   0   2  80   5   0   0   0   0   0   0   0   0   2   0   0  1.42 0.40
  112 G    0 -1 -1 -2 -3 -2 -3  1 -3 -3 -3 -1 -3 -4 -3  1  6 -4 -4 -2    5   3   1   1   0   0   0  12   0   0   0   3   0   0   0   6  69   0   0   0  0.97 0.39
  113 S   -1  0 -1 -2 -3 -2 -2  6 -2 -3 -3 -2 -3 -3 -1  1 -2 -3 -3 -3    1   5   1   1   0   1   1  64   0   1   2   1   0   1   3  14   1   0   1   1  0.90 0.25
  114 R    0  1  2  0 -1  1  0  0  2 -1 -1  0 -1 -1  0  0  0 -1  0 -1    6   8  17   4   1   6   5   5   6   4   6   4   2   3   4   8   4   1   2   5  0.07 0.01
  115 D    0  0  0  2 -1  0  0  0  0 -1  0  0  0 -1  0  0  0 -1 -1  0   13   4   3  16   1   3   5   5   2   4  11   4   2   3   4   5   7   1   2   5  0.04 0.01
  116 T    1  0  0  0 -1  0  0  0  1 -1 -1  0  0 -1  0  0  1 -1  0  0   12   4   4   4   1   3   8   6   4   4   7   5   2   3   4   5  16   1   2   5  0.04 0.01
  117 H    0  0  0  0 -1  0  0  1  2  0 -1  0  0  0  1  0  0  0  1 -1    6   4   3   4   1   6   5  11   7   6   7   6   2   3   8   5   4   1   6   5  0.05 0.01
  118 P    0  0  1  0 -1  0  0 -1  2 -1 -1  0 -1  0  3  0  0 -1  0 -1    9   5  11   6   1   3   4   4   7   3   5   3   1   6  15   4   4   1   3   4  0.13 0.02
  119 D   -1 -2 -1  7 -3 -2  0 -2 -2 -3 -4 -2 -3 -4 -2 -1 -2 -4 -3 -3    6   1   1  76   0   1   1   1   0   1   2   1   0   1   1   4   1   0   1   1  1.27 0.33
  120 G    2 -2 -2 -3 -2 -2 -2  3 -2 -1  0 -2  5 -2  0 -1 -2  1 -2 -1   19   1   1   1   0   1   1  26   0   1   9   1  28   1   5   1   1   2   1   1  0.43 0.20
  121 P   -1 -2  1 -1 -2 -2 -1 -2 -2  1  3 -2  0  0  2 -2 -1 -2 -1  0    6   1  11   4   0   1   3   1   0   6  41   1   0   2  13   1   1   0   2   4  0.24 0.13
  122 D    0 -1 -1  3 -3  1  2 -2 -1  0 -1  0  0 -3 -2 -1  0 -3 -3  0    8   3   0  25   0   8  18   2   1   6   6   3   3   0   0   0   7   0   0   9  0.24 0.14
  123 L   -1 -4 -5 -5 -3 -4 -4 -5 -4  1  5 -4  1 -2 -4 -4 -2 -4 -3  3    5   0   0   0   0   0   0   0   0   3  63   0   2   0   0   0   0   0   0  28  0.84 0.31
  124 F   -1 -4 -4 -5 -3 -4 -4 -5 -4  3  2 -4  0  2 -4 -3 -2  2 -2  5    5   0   0   0   0   0   0   0   0  14  16   0   0  12   0   0   0   3   0  51  0.68 0.27
  125 K   -1  0 -1  0 -4  3  3 -2  2 -3 -2  3  3 -4 -1 -2 -2 -4 -3 -3    4   3   2   3   0  16  28   2   5   0   2  23  10   0   1   0   1   0   0   0  0.49 0.25
  126 A    1  2  0 -1  2  0  0 -2  1  0  0  0 -1 -1 -1  0 -1 -2  1  0   15  14   4   3   6   2   7   0   5   5   9   3   0   2   2   4   1   0   6  10  0.06 0.08
  127 Y   -3 -4 -5 -6 -5 -4 -5 -6 -1 -3  0 -4 -3  2 -6 -4 -4 -1  9 -3    2   0   0   0   0   0   0   0   0   0  10   0   0   5   0   0   0   0  83   0  2.10 0.61
  128 D   -1  0  1  2  3  0  1 -2 -2 -1 -2  1 -2 -2 -2  0  3 -3 -2 -1    3   3   6  12   8   3   7   1   0   3   1   9   0   1   1   5  32   0   0   3  0.28 0.16
  129 A    3  0  0  2 -2  1  2 -1  1 -3 -3  2 -2 -3 -1  0 -1 -3 -2 -2   31   4   2  13   0   6  14   3   4   1   1  13   0   0   2   3   2   0   0   1  0.28 0.15
  130 A    2  1  0 -2 -2 -1 -1 -1 -2  0  2  0  0 -2 -2  0 -1 -3 -2  0   31  11   4   1   0   2   2   4   0   5  25   4   1   0   0   3   2   0   0   4  0.17 0.14
  131 K   -1  3  0  0 -4  3  1 -3  0 -3 -3  3 -2 -3  0  1 -1 -4 -1 -1    1  15   4   5   0  16   7   0   2   0   0  24   0   0   5  12   0   0   2   6  0.36 0.19
  132 G   -1  1  0  0 -2 -1 -1  2  2 -2 -2  2  0 -3  3  0  0 -3 -2 -1    3   8   2   4   0   1   2  19   6   1   1  17   3   1  16   6   4   0   1   7  0.25 0.11
  133 A    3 -2  2 -2 -3 -1 -1 -3 -3  1 -3 -2 -3 -4  5 -1 -2 -4 -1 -2   28   1  13   1   0   2   4   0   0  10   0   0   0   0  36   0   0   0   3   0  0.77 0.31
  134 S    1 -1  3  1 -3 -1 -1  3 -2 -3 -3  0 -3 -3  0  2 -1 -3 -3 -3    9   3  18   9   0   1   2  27   0   1   1   5   0   0   3  17   1   0   0   1  0.37 0.16
  135 N   -3 -2  7  0 -4 -2 -2 -2 -2 -1 -4  0 -3 -2 -4 -1 -2 -4 -1 -4    1   0  74   4   0   0   0   0   0   4   1   6   0   2   0   3   0   0   2   0  1.28 0.43
  136 P    2 -2 -1 -3 -3 -2 -2 -1 -3 -1  0  0 -2 -3  5 -1 -1 -4 -3  1   22   1   3   0   0   0   1   5   0   2  11   8   0   0  29   0   3   0   0  14  0.46 0.21
  137 S   -1 -1  1 -3 -3 -2 -2 -3 -2 -1  3  2  0 -1 -1  1 -1 -3 -2 -1    4   2   8   0   0   0   0   0   1   0  45  18   0   2   3  12   2   0   0   3  0.29 0.21
  138 A    3 -2 -1 -3 -2 -2 -1 -1  3 -1 -1 -1 -2 -1 -2  0 -1 -2  3  0   40   0   2   0   0   0   3   4   9   2   7   3   0   0   0   6   1   0  13   8  0.30 0.20
  139 D    0  2  0  1 -3  0  2 -1 -1 -1 -2  3  0 -3  1  0 -1  1 -2 -2    7   9   3   6   0   2  15   3   1   5   2  26   4   0   7   6   1   3   0   1  0.23 0.13
  140 G    0 -2 -1 -2 -3 -2 -1  2  1 -3 -3 -1 -2  2  3 -2 -2  2  5 -3    6   1   3   1   0   0   5  16   3   1   1   5   0   8  14   1   1   3  33   1  0.52 0.22
  141 A    0 -3 -4 -3 -3 -3 -2  1 -3  1  4 -3  0 -1 -4 -3 -2 -3  1 -1   11   0   0   1   0   0   2  12   0   8  59   0   0   0   0   0   0   0   5   0  0.51 0.26
  142 L    0 -3 -4 -4 -3 -3 -2 -3 -4  1  3 -3 -1 -2  5 -2 -1 -4 -3  1    7   0   0   0   0   0   1   1   0   5  34   0   0   0  37   0   2   0   0  10  0.79 0.28
  143 K    3  1 -1 -1 -3 -1  0 -1  0 -3 -2  3 -2 -4  0  0  1 -4 -3 -2   41   6   2   3   0   0   4   2   3   0   2  22   0   0   4   3   7   0   0   1  0.36 0.22
  144 R   -2  2 -3 -3 -3  0 -1 -4 -2 -1  3 -1 -1  2 -4 -2 -1 -2  4 -1    3  17   0   0   0   4   3   0   0   0  38   2   0   7   0   0   4   0  18   3  0.40 0.23
  145 L   -2  4 -3 -3 -3 -2  0 -4 -3  3  2  0 -1 -2 -4 -3 -2 -4 -3 -1    2  30   0   0   0   0   6   0   0  27  28   5   0   0   0   0   0   0   0   0  0.49 0.26
  146 G    2  0  1  1 -3 -1  1  2 -1 -3 -3  1 -3 -4  2  0 -1 -4 -3 -3   22   3   8   8   0   0  10  14   1   0   0  12   0   0  12   6   2   0   0   0  0.31 0.15
  147 I    2 -2 -1 -2 -2 -1  0 -2  0  1 -1  0  0 -2  0 -1 -1 -3 -2  3   20   0   4   0   0   3   6   2   2   7   1   5   2   0   4   3   2   0   0  37  0.22 0.17
  148 N   -2  0  3  3 -3 -1  0 -2  1 -1  0 -1  3 -2 -3 -1  0  0 -1 -1    2   4  22  18   0   0   5   0   4   3  12   3  13   0   0   3   5   2   2   2  0.26 0.17
  149 G   -1  1 -2  1 -4 -2  2  5 -2 -4 -3 -2 -3 -1 -1 -2 -2 -3 -1 -3    2  10   0   7   0   0  14  50   0   0   3   0   0   3   3   0   2   0   2   2  0.60 0.25
  150 K   -1  1  0 -1 -3  1 -1 -1  2 -3 -2  3 -2 -2 -2  3  2 -3 -2 -3    0   8   3   2   0   6   0   2   5   0   2  23   0   2   0  29  16   0   0   0  0.37 0.22
  151 M    0 -2 -1  4  0 -1  0  0 -2 -1  0  0  2 -3 -2  0  1 -3 -3 -2    8   0   0  28   3   0   3   8   0   2  13   5  10   0   1   7  11   0   0   0  0.23 0.16
  152 K    0  1  0  2 -3  1  0 -1 -2 -3 -3  2 -2 -4 -2  4  1 -4 -3 -3    5   7   2  11   0   4   4   3   0   1   1  15   0   0   0  41   6   0   0   0  0.41 0.22
  153 G    0 -1 -2 -1 -4 -2 -2  4  7 -4 -3  0 -3 -3 -1 -2 -2  0 -2 -4    6   3   0   2   0   0   0  36  35   0   2   5   0   0   2   0   2   2   0   0  0.85 0.31
  154 S    0  0 -1  3 -3  1  3 -1 -2 -3 -2  1 -2 -3  0  1  0 -3 -3 -3    7   4   0  19   0   4  25   3   0   0   3   9   0   0   3  15   5   0   0   1  0.35 0.16
  155 I    0 -1  1  0 -2 -1 -1  4 -2  1 -1 -1 -1 -2 -2  0 -1 -3 -2 -1    5   3   8   4   0   1   5  36   0  15   6   1   0   1   1   5   4   0   1   3  0.26 0.12
  156 L   -1 -1 -2  1 -2  0 -1  0  0  0  3 -1  0 -1 -2  0 -1 -2 -2  0    4   4   1   9   0   4   1   6   3   1  46   3   0   1   1   9   3   0   1   3  0.18 0.13
  157 E   -1 -1  0  5  0 -1  2  1 -2 -3 -1  0 -2 -3 -2  0 -1 -3 -2 -2    5   1   3  40   2   1  12   9   0   1   6   7   0   1   1   6   1   0   1   1  0.42 0.16
  158 I   -1 -1  0  1 -2 -1 -1 -1  0  2  0  0 -1 -2  3  0  0 -2 -2  1    2   3   3   8   0   2   1   5   3  18   9   6   1   1  17   5   3   0   1  11  0.15 0.08
  159 K    0  1  2  0 -2  0  0 -1 -1 -1 -1  1 -1 -2 -1  1  2 -2 -1 -1    6   9  12   6   1   1   4   2   1   4   7  13   1   1   2   7  18   0   1   4  0.11 0.06
  160 D    0 -1  0  3 -2  0  0  3 -1 -2 -1 -1 -2 -2 -1  1 -1 -2 -2 -2    8   2   2  25   1   4   4  25   1   2   6   2   1   1   2   9   2   1   1   2  0.26 0.09
  161 S    0 -1  1  0 -1 -1  0  0 -1  0  2 -1  0 -1  0  1  0 -1 -1  0    3   2   8   4   1   2   4   8   1   2  28   4   1   2   3  20   2   1   1   5  0.08 0.06
  162 E    0 -1 -1  2 -2  0  3  2 -1 -1  0 -1 -1 -2 -1  0 -1 -2 -2 -1    4   2   1  11   1   1  25  16   1   4  14   2   1   1   2   5   2   0   1   4  0.15 0.08
  163 K    0  0  2  1 -2  0  1 -1 -1 -2 -2  3 -1 -2  0  1  0  1 -1 -2    5   2  13   8   1   2   7   4   1   2   3  26   1   1   4  11   4   3   1   2  0.19 0.08
  164 V    0 -1  0  0 -2 -1 -2  4 -2 -1  0 -2 -1 -2  0 -1  0 -3 -2  0    7   2   4   5   0   3   1  38   0   1  14   1   0   1   4   3   4   0   1  11  0.26 0.13
  165 F   -3 -3 -3 -4 -3 -3 -3 -3 -2  0  0 -3 -1  7 -2 -3 -3  4  3 -1    1   1   1   1   0   1   1   1   0   5   5   1   0  60   2   1   1   5  10   2  1.07 0.31
  166 C    1 -1 -2  0  4 -1  1  1 -1  0 -2 -1 -2 -3  1 -1  1 -3 -3  0   11   2   0   5  12   1  14  12   2   8   0   1   0   0   9   0  12   0   0   9  0.19 0.13
  167 G    1  1  2  1 -3  1  0  1 -1 -3 -3  3 -2 -3 -2  1 -1 -4 -3 -2   14   8  11   9   0   6   3   9   0   0   0  23   0   0   0  10   2   0   0   3  0.26 0.14
  168 K    4 -2 -2  4 -3 -2 -1 -2 -3 -2 -2  2 -3 -1 -3  0 -2 -4 -3  0   43   0   0  27   0   0   0   0   0   2   2  14   0   3   0   3   0   0   0   5  0.51 0.28
  169 I   -4 -5 -6 -6 -4 -4 -5 -5 -5  4  0 -5 -2  0 -5 -5 -4 10 -1  2    0   0   0   0   0   0   0   0   0  24   6   0   0   3   0   0   0  53   0  13  2.02 0.52
  170 K    0  3  2 -2 -4  1  1  0  2 -4 -4  4 -3 -4 -3 -1 -2 -4 -3 -3   10  21   9   0   0   4   6   5   7   0   0  35   0   0   0   2   0   0   0   1  0.53 0.25
  171 K    2  1  1  0 -2  1  0  0 -2 -3 -2  2 -2 -3 -2  2  2 -4 -3 -2   19   6   7   3   0   6   5   5   0   0   2  15   0   0   0  16  13   0   0   2  0.23 0.14
  172 L    4 -3 -3 -3  1 -1 -1 -2 -3  0  2 -2 -1 -2 -3  0  0 -4 -3  0   46   0   0   0   3   1   5   0   0   3  29   0   0   0   0   4   6   0   0   3  0.42 0.25
  173 Q    4 -3  0 -3  1  2 -2  3 -2 -4 -4 -2 -3 -3 -3  1 -2 -3  1 -3   47   0   4   0   3  10   1  20   0   0   0   0   0   0   0   9   0   0   6   0  0.56 0.29
  174 N    0  0  4  3 -4  2  1  0 -2 -4 -4  2 -3 -4 -1 -1  0 -4 -3 -3    7   5  25  22   0  11   5   5   0   0   0  12   0   0   1   2   5   0   0   0  0.48 0.22
  175 D   -4 -1  2  7 -5 -1 -1 -3 -3 -5 -5 -2 -5 -5 -4 -2 -1 -6 -5 -2    0   3  10  77   0   3   0   0   0   0   1   0   0   0   0   0   3   0   0   4  1.51 0.48
  176 A    0  0 -2  0 -4  1 -1 -3 -3 -4 -4  2 -2 -5  6  1  0 -5 -4 -3    9   3   1   5   0   6   2   0   0   0   0  19   1   0  39   9   6   0   0   0  0.81 0.29
  177 A    3 -1 -2  0 -3 -1  2 -2 -3 -1  0  0 -2 -3 -3 -1  1 -4 -3  2   29   2   0   6   0   0  21   1   0   0   8   5   0   0   0   0   9   0   0  19  0.26 0.20
  178 W   -5 -5 -6 -6 -5 -5 -6 -5 -4 -3 -2 -5  3  8 -6 -5 -5  8  0 -4    0   0   0   0   0   0   0   0   0   0   0   0   8  68   0   0   0  24   0   0  2.15 0.58
  179 R   -2  6 -2 -3 -5  4 -1 -4 -2 -1 -3  2 -3 -4 -4 -2 -2  2 -3 -3    3  49   0   0   0  24   0   0   0   5   1  12   0   0   0   0   1   3   0   1  0.95 0.38
  180 K    1  2 -1  1 -4  3  2 -3 -2 -4 -4  3 -2 -4 -1  0 -1 -4 -1 -3   15   9   1  10   0  19  13   0   0   0   0  23   0   0   1   4   3   0   2   0  0.43 0.22
  181 A    5 -3 -3 -4  3 -3 -2 -2 -4 -3 -2 -3 -3 -4 -3 -1  2 -5 -4 -1   73   0   0   0   6   0   1   0   0   0   3   0   0   0   0   1  14   0   0   3  0.97 0.41
  182 M   -3 -2 -3 -3 -5  8 -1 -5 -2 -1 -3 -2  3 -5 -4 -3 -3 -5 -4  1    0   0   0   0   0  79   0   0   0   3   0   0   8   0   0   0   0   0   0  10  1.60 0.58
  183 W   -4 -1  3  5 -5 -2  1 -4 -3 -2 -1 -3 -3 -3 -4 -3 -3  8 -2 -4    0   3  13  40   0   1   9   0   0   2   7   0   0   0   0   0   0  24   0   0  1.11 0.39
  184 E    1  0  0  3 -3  1  2 -1  2 -2 -2  1 -1 -3 -1 -1 -1 -3  0 -2   13   5   4  23   0   8  16   2   5   2   2   7   1   0   1   2   2   0   5   3  0.26 0.14
  185 T   -1 -2 -3 -2 -3 -1  3 -2 -3  2  0 -2  1  2 -3 -2  1  1 -2  2    4   0   0   0   0   1  26   2   0  15   8   1   3  10   0   0  12   3   0  15  0.24 0.19
  186 F   -2  4  0 -3 -4 -2 -2 -2  0 -2  0 -1  0  3 -4 -1 -2 -2  3  0    2  30   6   0   0   0   0   2   2   0  11   0   3  19   0   6   0   0  13   6  0.40 0.23
  187 Y   -2 -3  0  6 -4  0  1 -3 -2  1 -3 -1 -3 -3 -3 -2 -2 -3  3 -2    2   0   4  53   0   3   7   0   0  11   0   4   0   0   0   0   1   0  14   2  0.82 0.34
  188 N   -1  4  1 -1 -4  1  2 -3  0 -4 -4  3 -3 -4 -3  1 -1 -4 -1 -4    4  35   6   2   0   4  13   0   1   0   0  20   0   0   0  11   2   0   2   0  0.57 0.25
  189 V   -1 -1 -2 -2 -2 -1 -1 -2 -3  1  2 -2  3 -1 -3 -1  0 -3 -2  3    2   2   2   2   0   2   3   2   0   3  24   0  14   2   0   2   7   0   0  33  0.28 0.15
  190 Y   -4 -4 -4 -3 -1 -4 -4 -6 -1 -4 -3 -4 -3  1 -5 -4 -4  0  9 -2    0   0   0   2   1   0   0   0   0   0   0   0   0   0   0   0   0   0  94   3  2.36 0.53
  191 I   -4 -4 -5 -5 -4 -4 -5 -5 -3  1 -1 -4  3  6 -5 -4 -4  8  4 -2    0   0   0   0   0   0   0   0   0  11   3   0   9  39   0   0   0  27  11   0  1.38 0.33
  192 R   -1  1  4  2 -3  2  0 -1 -1 -2 -2  1 -2 -4 -2  0  2 -4 -3 -3    4   6  25  11   0  15   4   3   0   2   3   7   0   0   0   6  14   0   0   0  0.34 0.15
  193 Y   -2 -4 -4 -1 -5 -3 -3 -4 -3 -4 -4 -2 -4  3  7 -3 -3 -3  3 -4    2   0   0   3   0   0   0   0   0   0   0   2   0  13  69   0   0   0  12   0  1.77 0.39
  194 S    5 -1 -2 -3 -2 -2 -2 -2 -3 -3 -3 -2 -3 -4 -3  3  0 -4 -3 -2   68   2   0   0   0   0   0   0   0   0   0   0   0   0   0  25   5   0   0   0  0.90 0.32
  195 V    0  0 -3 -4 -2  0 -3 -2 -3  1  1 -2  3 -2 -3 -2 -1 -4 -3  4    8   7   0   0   0   5   0   2   0   2  12   1  11   0   0   0   3   0   0  50  0.44 0.21
  196 E    0  3  2  1 -4  2  1 -1 -1 -4 -4  3 -3 -4 -2  0 -1 -4 -3 -3   10  20  14   8   0   9   8   2   1   0   0  24   0   0   0   4   0   0   0   0  0.44 0.16
  197 Q    0  1 -2 -1 -3  4  0 -3 -1 -1  1 -1  0  2 -3 -1 -2 -2  2 -2    8  10   0   2   0  31   4   0   0   2  18   0   1  13   0   2   0   0   8   0  0.33 0.19
  198 A    5 -3 -3 -3 -2 -2 -2  2 -3 -3 -2 -2 -3 -4 -3  2 -1 -4 -3 -2   67   0   0   0   0   0   0  12   0   0   3   0   0   0   0  17   0   0   0   0  0.82 0.30
  199 R   -1  3  0  3 -4  0  1 -3 -2 -2 -3  4 -3 -4 -3 -1 -1 -4 -3 -3    4  22   4  19   0   1   5   0   0   2   1  37   0   0   0   2   3   0   0   1  0.55 0.20
  200 Q    1  1  1  0 -3  2  0 -2 -1 -2 -2  3 -1 -3 -1  1 -1  1 -2 -2   17   5   9   5   0  14   4   0   1   1   3  25   1   0   1  12   1   2   0   0  0.29 0.14
  201 R    0  2 -1  4 -3 -1  0 -3 -2 -1 -1  1 -1 -2 -3 -1 -1  3  0  0   12  14   0  36   0   0   1   0   0   3   5   7   2   1   0   2   3   4   4   6  0.31 0.16
  202 G   -2 -1  1 -3 -4 -3 -3  6 -1 -5 -5  0 -4 -4 -4 -2 -3  3 -4 -5    0   3   7   0   0   0   0  76   2   0   0   7   0   0   0   0   0   4   0   0  1.26 0.31
  203 F   -1 -3 -4 -4 -2 -3 -4 -4 -3  2  4 -3  2  3 -4 -3 -2 -2  1  1    6   0   0   0   0   0   0   0   0   9  55   0   3  12   0   0   0   0   4   9  0.56 0.19
  204 T   -1  1  1  0 -2  0  0  2  0 -2 -1  1  0 -2 -2  0  2 -2 -2 -2    2   8   6   3   0   2   3  20   3   1   4  13   4   1   1   4  24   0   1   1  0.19 0.09
  205 S   -1  2 -1 -2 -2  1 -1 -2  1 -3 -2  0 -2  0 -2  3  2 -3  1 -2    1  13   0   0   0   5   2   1   3   0   2   4   0   3   0  38  19   0   5   1  0.35 0.17
  206 A    4 -2 -1 -2 -2  1 -1  0 -2 -2 -2 -2 -2 -3  3  0  0 -3 -3  0   52   0   3   0   0   6   1   4   0   0   2   0   0   0  16   2   6   0   0   5  0.51 0.19
  207 V   -3 -4 -5 -6 -3 -4 -5 -6 -5  1  6 -4  0 -1 -5 -4 -3 -4 -3  0    0   0   0   0   0   0   0   0   0   3  93   0   0   0   0   0   0   0   0   4  1.26 0.35
  208 T    0 -3 -2 -3 -3 -3 -3  5 -3 -4 -4 -3 -3 -4 -3  1  4 -4 -4 -3    6   0   0   0   0   0   0  45   0   0   0   0   0   0   0  11  38   0   0   0  0.88 0.28
  209 I   -2  3 -2 -3 -4  5 -1 -4  0  2 -1  2 -2 -3 -3 -2 -2 -4 -3 -1    0  16   0   0   0  40   0   0   2  17   5  17   0   0   0   0   0   0   0   2  0.63 0.26
  210 G    2 -4 -3 -4 -3 -3 -3  4 -3 -3 -2 -3 -1  5 -4 -2 -3  1  2 -3   24   0   0   0   0   0   0  33   0   0   2   0   2  31   0   0   0   2   6   0  0.68 0.24
  211 S    1 -3 -3 -3 -1  0 -1 -3 -2  2 -1 -2  0  3 -3  1 -1 -2  0  2   17   0   0   0   1   6   4   0   0  17   0   0   1  16   0  12   1   0   3  22  0.22 0.14
  212 F   -3 -4 -4 -5 -3 -3 -4 -5 -1  2  1 -4  4  3 -4 -3 -3 -1  6  0    0   0   0   0   0   0   0   0   0  14  13   0  14  15   0   0   0   0  38   6  0.84 0.26
  213 V   -3 -4 -4 -5 -4 -4 -4 -5 -1  1 -2 -4 -2  3 -5 -4 -3  0  8  3    0   0   0   0   0   0   0   0   0   6   0   0   0   9   0   0   0   0  62  22  1.39 0.37
  214 D   -5 -4 -1  8 -6 -3 -1 -4  0 -6 -7 -4 -6 -6 -4 -3 -4 -7 -6 -6    0   0   0  97   0   0   0   0   3   0   0   0   0   0   0   0   0   0   0   0  2.39 0.61
  215 T    4 -3 -3 -3 -3 -3 -3 -2 -4 -2 -3 -3  2 -4 -3  1  4 -4 -4  0   47   0   0   0   0   0   0   0   0   0   0   0   6   0   0  10  30   0   0   7  0.75 0.34
  216 A    3 -3 -2 -4  0 -3 -3 -3 -3  3  0 -3  2  0 -3 -1  0  3  1  1   31   1   1   0   2   0   0   0   0  19   5   0   8   4   0   3   5   4   5  10  0.31 0.19
  217 L   -2 -2 -5 -5 -3 -4 -4 -3 -5  3  2 -4  1 -1 -4 -4 -2 -4 -3  5    0   3   0   0   0   0   0   2   0  17  22   0   3   1   0   0   0   0   0  53  0.83 0.31
  218 N   -3 -2  5 -2 -4  3 -2 -3 -2 -2 -1  0  6 -1 -3 -2 -2 -4 -2 -1    1   0  36   0   0  18   0   1   0   0   4   4  26   3   0   1   0   0   1   4  0.77 0.32
  219 Q   -2 -1 -2 -4 -6  2 -3 -5 10 -6 -3 -3 -4 -4 -5 -4 -4 -5 -1 -6    3   3   0   0   0   9   0   0  83   0   2   0   0   0   0   0   0   0   0   0  2.53 0.64
  220 G   -2 -5 -3 -4 -5 -4 -5  7 -5 -6 -6 -4 -5 -6 -2 -2 -4  1 -5 -6    0   0   0   0   0   0   0  95   0   0   0   0   0   0   2   1   0   2   0   0  2.10 0.53
  221 A    2 -3 -1  1 -3 -1  1 -1 -1 -3 -3 -2  0 -2  4  1 -1 -4  0 -2   25   0   2  11   0   1   9   3   1   1   0   0   3   1  25  12   2   0   4   1  0.48 0.21
  222 T   -1 -3  2  2 -4 -1  0  4 -2 -4 -3 -2 -3 -3 -3  1  0  4 -1 -4    4   0  10  13   0   2   5  34   0   0   2   0   0   0   0  14   6   8   2   0  0.52 0.22
  223 G   -1 -3  0  3 -3 -2 -1  3 -3 -1  0 -1  2 -3 -1  0  0  1 -3 -2    1   0   4  20   0   0   1  32   0   5  10   3   8   0   2   4   8   2   0   0  0.35 0.19
  224 G    1 -2  0  4 -3 -1  2  0 -2 -3 -2 -2  0  0 -2  1  0 -4 -3 -3   14   1   2  30   0   1  14   8   0   0   3   0   4   5   1  12   5   0   0   0  0.37 0.19
  225 S    1  0  1  0 -3 -1 -1  0  0 -2 -1  1  0 -1  1  3 -1 -3 -1 -1    9   5   5   4   0   1   2   6   2   2   4  10   4   2   8  30   1   0   1   2  0.18 0.13
  226 D   -1  1  1  3 -3  0  1  1 -1 -3 -2 -1 -2  2 -1  0  0 -3 -1 -2    3   8   5  24   0   5   9  10   1   0   3   2   0  13   2   7   5   0   1   2  0.22 0.13
  227 T   -1  0  0  1 -3 -1  0  1 -2  0 -1 -2 -2 -3 -3  3  2 -4 -1 -2    2   4   2   9   0   1   6  10   0   9   8   0   0   0   0  33  13   0   2   0  0.24 0.17
  228 L   -3  2  0 -2 -3 -2 -2 -4 -1  1  1 -2  0  5  1 -2 -2 -2 -1  0    0  16   5   1   0   0   2   0   1  11  15   0   2  29   9   1   0   0   0   6  0.37 0.20
  229 Q   -1  1 -1 -1 -3  2  0  2 -1  0 -2  0 -2 -1  0  0  0  3  2 -2    3   8   2   1   0  13   6  17   0  10   2   4   0   2   3   4   8   5  12   0  0.17 0.13
  230 G    1  0  1 -2 -3  0 -1  4 -2 -2  0 -1  0 -2 -3  0  0 -3 -3 -2   13   4   6   1   0   4   2  36   0   1  12   3   2   2   0   8   6   0   0   0  0.32 0.16
  231 L    1  0 -3 -3 -2  0 -3 -3 -3  3  2  1  1  0 -2 -2 -1 -3 -2  1   13   4   0   0   0   4   0   0   0  26  24  10   4   3   1   0   4   0   0   7  0.25 0.16
  232 L   -1  4  1 -2 -3  0 -2  0 -2  0  0  1 -1 -3 -2 -1  1 -4 -3 -1    5  33   8   0   0   2   0   7   0   8  13   8   0   0   1   3  10   0   0   3  0.28 0.17
  233 A    2  0 -1  0 -3  0  1  0  1 -2 -2  2  2 -3 -2  0 -1 -4 -3 -1   24   4   1   4   0   2  10   7   3   1   1  18  11   0   0   7   3   0   0   3  0.21 0.15
  234 R    1  5 -1 -1 -4  0 -1  0 -1 -3 -4  3 -3 -4 -2  0  0 -4 -3 -3   16  37   2   3   0   1   1   8   1   1   0  20   0   0   0   4   7   0   0   0  0.54 0.24
  235 S    3  0  2 -2 -2 -1 -1  0 -2 -3 -1 -2  0 -3  1  2  1 -4 -3 -1   37   5  10   0   0   2   2   4   0   0   5   0   2   0   8  14   9   0   0   2  0.33 0.19
  236 G    1  0 -2  0 -3  0 -2  2 -2 -1  0  1  2 -3  0  0 -1 -3 -3 -1   17   5   0   7   0   3   0  20   0   3  10  14   8   0   4   7   0   0   0   2  0.18 0.13
  237 S    0  0  2  3 -4  3  3 -2 -2 -4 -4  0 -3 -4 -3  1  0  1 -3 -4    7   5  14  15   0  19  20   1   0   0   0   4   0   0   0  10   4   2   0   0  0.49 0.22
  238 S   -1  0  0 -1 -4 -1  1  5 -3 -5 -5  0 -4 -5 -1  1  0 -4 -4 -4    2   5   3   1   0   2  12  49   0   0   0   6   0   0   2  13   5   0   0   0  0.67 0.25
  239 S    0 -2 -2  0 -3  0 -1  4 -3  0 -2 -1  0 -3 -1  0  1 -4 -3  0    4   1   0   4   0   4   2  42   0   9   2   4   2   0   3   4  12   0   0   6  0.39 0.18
  240 N   -3 -3  4  6 -5  0 -1  1 -3 -5 -5 -3 -5 -5 -3  0 -1 -6 -5 -5    0   0  22  56   0   3   1   9   0   0   0   0   0   0   1   5   4   0   0   0  1.14 0.37
  241 E   -3 -2 -3 -1 -6  0  7 -5 -3 -6 -6 -2 -5 -6 -4 -3 -4 -6 -5 -5    1   1   0   0   0   2  95   0   0   0   0   0   0   0   0   0   0   0   0   0  2.02 0.59
  242 K    0  2 -1 -1 -3  2  1 -2 -1 -1 -2  4 -2 -4 -2  0  2 -4 -3 -1    7   9   2   1   0   8   7   2   1   4   2  33   0   0   0   6  14   0   0   4  0.33 0.18
  243 T    3  0 -2  0 -3 -1  0 -2 -3 -2 -3  2 -2 -3 -3  0  3  6 -2 -2   30   5   0   6   0   1   4   1   0   3   1  13   0   0   0   3  21  13   0   0  0.47 0.24
  244 F   -5 -5 -6 -6  0 -5 -5 -6 -3 -4 -3 -5 -3  6 -6 -5 -5  9  6 -4    0   0   0   0   3   0   0   0   0   0   0   0   0  34   0   0   0  30  33   0  2.10 0.52
  245 M   -3 -4 -5 -6 -3 -4 -5 -6 -5  1  5 -4  3 -2 -5 -3 -3 -4 -3  0    0   0   0   0   0   0   0   0   0   6  79   0   8   0   0   2   0   0   0   5  1.17 0.38
  246 K   -1 -1  3  4 -4  1  1  0  2 -4 -2  2 -3 -4 -3  0  1 -4 -3 -3    3   0  18  25   0   7   6   5   5   0   3  14   0   0   0   5   9   0   0   0  0.42 0.19
  247 N    4  1  1 -3 -3 -2 -1 -1 -3 -3 -3  2 -1  2 -3 -1 -1 -3 -2 -2   45   6   7   0   0   0   2   2   0   0   0  18   1  13   0   2   2   0   0   1  0.46 0.26
  248 F   -4 -5 -5 -6  5 -5 -6 -6 -3 -3 -1 -5 -2  8 -6 -5 -4 -2  3 -1    0   0   0   0  11   0   0   0   0   0   4   0   0  72   0   0   0   0   9   3  1.79 0.49
  249 H   -2 -3 -3 -3 -3 -2  1 -5  1  0  4 -3  3  0 -4 -2 -2 -3  1  1    1   0   1   0   0   0  12   0   4   2  53   0   9   2   0   3   0   0   6   8  0.53 0.25
  250 A    1  1 -1  5 -4 -1  2 -2  0 -4 -4  0 -4 -5 -3  0  0 -5 -4 -4   15   7   1  45   0   0  12   2   3   0   0   3   0   0   0   7   4   0   0   0  0.71 0.28
  251 K    2  2 -2 -1 -3  0  1 -2 -2 -1 -1  1 -2 -1 -3 -1  0 -3  0  1   28  17   0   3   0   1   8   1   0   3   4  12   0   2   0   1   5   0   4  11  0.20 0.15
  252 R   -4  8 -3 -5 -6 -2 -3 -4 -3 -6 -5 -1 -4 -6 -5 -4 -4 -6 -5 -6    0  99   0   0   0   0   0   1   0   0   0   0   0   0   0   0   0   0   0   0  2.38 0.63
  253 T   -1  3 -1 -1 -3  0  0 -3  0 -1 -1  3 -2 -1 -3 -1  1 -3  2  1    2  24   1   3   0   1   5   0   2   1   5  21   0   2   0   1   9   0   8  16  0.29 0.17
  254 L    1 -1 -1  1 -2  0  0 -2  0 -1  1  1 -1  0 -1 -1  0  5 -1  0   12   1   2   9   0   4   7   1   3   1  16  12   0   4   2   2   5  11   0   7  0.15 0.10
  255 V    2 -3 -3 -2 -2 -2  0 -3 -3  1  1 -2 -1  1 -1 -1 -1  4 -1  2   21   0   0   2   0   1   6   1   0   7  17   0   0   7   2   2   1   8   0  23  0.25 0.15
  256 V   -2 -1 -3 -4 -3 -1 -3 -4 -3  1  3  1  6 -2 -3 -3 -1 -3 -2  1    2   3   0   0   0   3   0   1   0   6  26  11  33   0   0   1   3   0   0   9  0.56 0.25
  257 D    1  2  0  2  1  1  1  0 -1 -3 -2  2 -2 -3 -2  0 -1 -3 -2 -2   12  12   3  17   3   4   6   8   0   1   3  22   0   0   1   4   1   0   0   2  0.24 0.12
  258 T   -1  0  1 -1  1  2  0  2  0 -2 -1  1  0 -3 -1  1  2 -3 -2 -2    2   5   9   1   3  14   5  16   3   1   5   7   3   0   2   8  15   0   0   1  0.17 0.11
  259 N   -1  0  2  1 -3  0  3 -2  3 -3 -3  0 -2  2 -2  0 -2 -2  1 -3    6   6  13   7   0   2  24   2  11   1   1   4   0  14   1   4   1   0   5   1  0.30 0.16
  260 K    0  0  1  1 -3  2  2 -1  0 -3 -3  1 -2 -3  3  1  0 -3 -2 -2    5   5   5   9   0  10  18   4   2   1   1   6   0   0  15  11   7   0   1   1  0.32 0.13
  261 Y    2  0  0  2 -2  1  1 -2 -1 -2 -2 -1 -2 -1  1  0  1 -2  3 -2   21   7   5  16   0   7   8   1   0   1   2   1   0   1   5   2   9   0  13   1  0.22 0.14
  262 N   -1  0  3  2 -3 -1  0 -1  5 -2  0 -1  0 -1 -1  0  0 -3 -1 -2    5   3  17  12   0   0   4   3  22   1  11   1   3   3   3   7   5   0   0   1  0.28 0.16
  263 K    0 -1  0  4 -3  1  2 -2 -1 -2 -1  0 -2 -3 -2  1  1  0 -2 -1    6   3   2  28   0   8  12   0   1   1   5   4   0   0   0  15   7   2   1   5  0.30 0.16
  264 P   -1 -1 -1  3 -3 -1 -1 -3 -1 -3  0 -2 -2 -2  2  0  2  7  1 -3    4   2   1  25   0   2   2   0   1   0  11   0   0   0  10   6  14  16   5   0  0.51 0.24
  265 P   -1  3 -1  0 -3 -1 -1 -1  0 -3 -1 -1  0 -3  3  2  3 -4 -3 -1    2  19   0   6   0   0   1   5   2   0   5   0   2   0  16  15  23   0   0   3  0.36 0.21
  266 N    0 -1  3  2 -3  0  2  0  0 -3 -4  2 -3 -4 -2  2  0 -4 -3 -3    5   1  17  11   0   3  12   7   1   1   0  13   0   0   0  25   4   0   0   0  0.38 0.19
  267 G    1  3 -1  0 -3 -1 -2  2 -2 -3 -3 -1  0 -3 -3  1  3  2 -3 -2   10  23   0   5   0   0   0  15   0   0   1   0   3   0   0  13  24   3   0   1  0.36 0.22
  268 K    0 -1 -1 -2 -2 -2 -1  1 -3  2 -1  1 -1 -2 -1 -1  1 -3 -2  3    6   3   2   1   0   0   3  11   0  12   3  10   0   0   2   4   9   0   0  33  0.16 0.14
  269 N   -1 -1  3  6 -4 -2  0 -3 -2 -4 -4 -2 -3 -3 -1 -1 -1 -3  2 -4    5   3  13  50   0   0   4   0   0   0   1   0   0   0   2   4   4   0  11   0  0.78 0.30
  270 R   -2  7 -2 -2 -3 -1 -1 -3 -2 -2 -2  0 -2 -3 -3 -1 -2 -3 -2 -2    3  73   1   2   0   1   1   2   0   2   3   1   0   1   1   3   2   0   1   3  1.12 0.33
  271 V    0 -1 -2 -1  4 -1 -2 -2 -2  1  0 -2  2 -2 -2  0 -1 -2 -2  4    4   3   1   3  11   2   1   2   0   5   6   1   9   1   1   6   2   0   1  40  0.30 0.16
  272 K    0  0  0  3 -3  0  2 -1 -2 -1 -3  1 -2 -4 -3 -1  4 -4 -3 -2    7   4   2  18   0   2  12   3   0   3   0  11   1   0   0   0  36   0   0   1  0.42 0.24
  273 Q    4 -2 -3 -1 -2  2  0 -2 -3 -2  1 -2 -1 -1 -3 -1  0 -3 -3  0   47   1   0   3   0  11   7   0   0   0  19   0   0   2   0   1   4   0   0   4  0.37 0.25
  274 W   -2 -3 -4 -4 -4  5 -2 -4 -2 -3 -1 -3 -2  4 -4 -3 -3  8  4 -3    3   0   0   0   0  30   0   0   0   0   6   0   0  17   0   0   0  28  13   1  1.23 0.42
  275 D    0  5  0  0 -3  2  1 -2 -2 -3 -2  0  0 -4 -3  1 -1 -4 -3 -3   10  40   2   4   0  13   8   2   0   0   3   0   3   0   0  10   2   0   0   0  0.49 0.24
  276 T   -1  3  1  0 -3  1  1 -3 -2 -2 -2  2 -2 -3 -3  0  0  3 -2  1    2  17   8   3   0   6  11   0   0   0   2  16   0   0   0   6   7   5   0  17  0.25 0.17
  277 L   -3 -4 -4 -5 -3  0 -4 -5 -3  2  4 -4  0  5 -4 -4 -3 -2 -1  0    0   0   0   0   0   6   0   0   0  15  43   0   0  32   0   0   0   0   0   3  0.77 0.31
  278 V   -2  0 -4 -5 -3 -3 -4 -5 -4  2  4 -3  2  3 -4 -3 -2  1 -1  1    3   7   0   0   0   0   0   0   0  10  50   0   5  15   0   0   0   2   0   9  0.58 0.25
  279 D   -1  3  3  2 -4  2  1 -1 -1 -4 -4  3 -3 -4 -3 -1 -1 -4 -1 -3    4  18  18  14   0  10   6   3   0   0   0  21   0   0   0   2   3   0   2   0  0.45 0.20
  280 M    1  0  1  1 -3  2  2 -2 -1 -2 -1  1  2 -3 -2  1  0 -3 -2 -1   13   4   7   9   0  10  15   0   0   2   4   9   8   0   0  11   6   0   0   2  0.19 0.13
  281 G   -1  0 -1 -3 -4 -3 -2  6 -3 -5 -5  1 -4 -5 -4 -1 -3  2 -4 -5    2   6   1   0   0   0   2  73   0   0   0  10   0   0   0   2   0   3   0   0  1.23 0.38
  282 K   -2 -2  7 -1 -5 -1  0 -3 -2 -4 -5  1 -4 -2 -4 -2 -2 -5  0 -4    2   0  73   0   0   2   5   0   0   1   0  10   0   2   0   0   0   0   3   0  1.33 0.45
  283 M   -1 -1 -3 -4 -3 -2 -3 -4 -3 -1  2 -1  2  1 -3 -2  1  6  1  1    6   3   0   0   0   0   0   0   0   0  30   3   7   7   0   0  12  14   5  11  0.43 0.20
  284 N   -2 -1  3  5 -4 -2  0  1 -2 -4 -5 -1 -4 -5 -3  1 -2 -5 -4 -4    2   4  19  47   0   0   3  12   0   0   0   2   0   0   0  10   0   0   0   0  0.84 0.30
  285 L   -4 -4 -3 -6 -3 -4 -5 -6 -5 -1  6 -5  1 -2 -5 -5 -3 -4 -3 -1    0   0   2   0   0   0   0   0   0   0  96   0   2   0   0   0   0   0   0   0  1.46 0.48
  286 K   -2  3 -1 -1 -4  1  2 -1 -1 -4 -3  5 -3 -3 -2  0 -2 -3  0 -3    0  15   0   0   0   2  17   5   0   0   0  51   0   0   0   4   0   0   4   0  0.64 0.22
  287 N   -1 -1  6  1 -3 -1 -1 -1  0 -3 -3 -1 -2 -3 -2  1  2 -4 -2 -2    1   0  68   3   0   0   0   1   0   0   1   0   0   0   0   8  15   0   0   0  0.68 0.11
  288 V    3 -2 -2 -2  1 -1 -2  1 -2  0  0 -1  0 -2 -2  0 -1 -2 -2  1   48   0   0   0   3   0   1  12   0   0  12   0   0   0   0   1   0   0   0  19  0.20 0.05
  289 D   -2 -1  4  5 -3  0  1 -1 -1 -3 -3 -1 -3 -3 -2  0 -1 -4 -3 -3    1   1  39  52   0   0   1   1   0   1   1   1   0   0   1   1   1   0   0   1  0.69 0.06
  290 S    1 -2 -1 -1 -1 -1 -1  2 -2  0  1 -1  0 -1 -2  1  0 -2 -2  0   15   1   0   4   0   0   4  25   0   1  25   1   0   0   1  13   1   0   0   8  0.13 0.02
  291 E    2 -1  0  2 -2  0  2 -1 -1 -2 -2  0 -2 -3  3  1  0 -3 -2 -2   27   1   0  14   0   0  22   1   0   1   1   1   0   0  15  15   1   0   0   1  0.33 0.03
  292 I   -1 -3 -3 -3 -1 -2 -3 -3 -3  4  2 -2  1  0 -2 -2 -1 -2 -1  2    1   1   0   1   0   0   1   1   0  52  25   1   0   0   1   1   1   0   0  15  0.33 0.04
  293 A    2 -1 -1 -2 -1  0 -1 -1 -2  0  0  0  0 -2 -1  1  2 -3 -2  1   25   0   0   0   0   4   0   0   0   5   5   4   0   0   0  17  24   0   0  17  0.16 0.02
  294 Q    1  1  0 -1 -2  2  0 -2  3 -2 -2  3 -1 -3 -1  0  1 -3 -1 -2   12   0   0   0   0  15   0   0  11   0   0  45   0   0   0   0  17   0   0   0  0.31 0.04
  295 V    0 -3 -3 -3 -2 -2 -2 -3 -3  1 -1 -2 -1 -2  5 -1 -1 -4 -2  3    4   0   0   0   0   0   0   0   0   0   0   0   0   0  41   0   0   0   0  55  0.70 0.05
  296 T    1 -2 -1 -2 -1 -1 -2 -2 -2  0  2 -2  1 -1 -2  0  3 -2 -2  0   11   0   0   0   0   0   0   0   0   0  41   0   0   0   0   0  48   0   0   0  0.27 0.04
  297 D   -1 -1  4  2 -2  0  1 -1 -1 -3 -3  0 -2 -3 -2  2  2 -3 -2 -2    0   0  33  15   0   0  12   0   0   0   0   0   0   0   0  24  17   0   0   0  0.40 0.03
  298 W   -3 -3 -4 -5 -3 -3 -4 -3 -3 -3 -2 -4 -2  0 -4 -3 -3 12  2 -4    0   0   0   0   0   0   0   0   0   0   0   0   0   0   0   0   0 100   0   0  2.82 0.13
  299 E   -1  0  0  1 -3  4  4 -2  0 -2 -3  1 -1 -3 -1  0  0 -3 -2 -2    0   0   0   0   0  29  55   0   0   4   0   8   0   0   0   0   4   0   0   0  0.56 0.05
  300 M   -1 -2 -3 -4 -2 -1 -3 -3 -2  2  2 -2  6  0 -3 -2 -1 -2 -1  2    0   0   0   0   0   0   0   0   0  17  10   0  61   0   0   0   0   0   0  12  0.43 0.06
  301 K   -1  2  0 -1 -3  2  1 -2 -1 -3 -3  5 -1 -3 -1  0 -1 -3 -2 -2    0   0   0   0   0  10   0   0   0   0   0  90   0   0   0   0   0   0   0   0  0.55 0.02

                      K         Lambda
Standard Ungapped    0.1316     0.3154
Standard Gapped      0.0364     0.2670
PSI Ungapped         0.1199     0.3077
PSI Gapped           0.0364     0.2670
