
Last position-specific scoring matrix computed, weighted observed percentages rounded down, information per position, and relative weight of gapless real matches to pseudocounts
           A  R  N  D  C  Q  E  G  H  I  L  K  M  F  P  S  T  W  Y  V   A   R   N   D   C   Q   E   G   H   I   L   K   M   F   P   S   T   W   Y   V
    1 M   -3 -4 -4 -5 -4 -3 -4 -5 -4 -1  1 -4 10 -2 -5 -4 -3 -4 -3  0    0   0   0   0   0   0   0   0   0   0   3   0  95   0   0   0   0   0   0   2  2.05 0.39
    2 E    1 -1  0  1 -2  1  2 -1 -1 -2 -3  0 -2 -3  1  2  1 -4 -3 -1   11   0   2   7   1   7  18   3   0   1   0   2   0   0   6  26  11   0   0   4  0.28 0.10
    3 K   -1  1  1  1 -3  2  3 -1 -1 -3 -3  2 -2 -4 -1  0  1 -4 -3 -2    4   7   5   7   0  11  21   2   0   1   1  20   0   0   1   5  11   0   0   3  0.30 0.10
    4 P    0 -2 -3 -3 -1 -2 -2 -3 -3  0  0 -1 -1 -3  6 -1 -1 -4  0  0    7   2   0   0   1   1   0   0   0   6   9   3   1   0  52   3   3   0   5   6  0.93 0.19
    5 K   -1  3 -1 -2 -4  1  0 -2  0 -3 -3  6 -1 -3 -2 -1 -2 -4 -3 -2    3  12   1   0   0   6   2   2   2   1   1  62   1   1   1   1   1   0   0   3  0.72 0.22
    6 Y   -4 -4 -5 -6 -5 -4 -5 -5  0 -3 -3 -4 -3  3 -4 -4 -4  2  9 -4    0   0   0   0   0   0   0   0   0   0   0   0   0   8   0   0   0   2  88   0  2.22 0.42
    7 K   -2  3  0 -2 -5  1  0 -3  0 -5 -4  6 -3 -5 -2 -1 -2 -4 -3 -4    0  14   5   1   0   6   2   1   2   0   0  67   0   0   0   3   1   0   0   0  0.96 0.26
    8 R   -4  8 -3 -4 -6 -1 -2 -5 -2 -5 -5  0 -4 -5 -4 -3 -3 -5 -4 -5    0  99   0   0   0   0   0   0   0   0   0   0   0   0   0   0   0   0   0   0  2.04 0.41
    9 I   -2 -5 -5 -5 -3 -4 -5 -5 -5  5  0 -4 -1 -1 -4 -4 -2 -4 -3  5    1   0   0   0   0   0   0   0   0  43   0   0   0   1   0   0   0   0   0  55  1.06 0.27
   10 V   -3 -4 -5 -5 -3 -4 -4 -5 -4  2  5 -4  3 -1 -4 -4 -2 -3 -3  2    0   0   0   0   0   0   0   0   0   8  66   0   7   0   0   0   0   0   0  19  0.83 0.22
   11 L   -3 -4 -5 -6 -3 -4 -5 -6 -5  1  6 -4  1 -1 -5 -4 -3 -3 -2  0    0   0   0   0   0   0   0   0   0   6  91   0   1   1   0   0   0   0   0   1  1.20 0.29
   12 K   -3  0 -2 -3 -5 -1 -1 -4 -3 -5 -5  8 -4 -6 -3 -2 -3 -5 -4 -5    0   0   0   0   0   0   0   0   0   0   0 100   0   0   0   0   0   0   0   0  1.79 0.40
   13 L   -3 -4 -5 -5 -3 -4 -5 -6 -5  2  6 -4  0 -1 -5 -4 -3 -4 -3  0    0   0   0   0   0   0   0   0   0  11  85   0   0   0   0   0   0   0   0   3  1.12 0.27
   14 S   -1 -3 -2 -2 -3 -2 -2 -1 -3 -5 -5 -2 -4 -5 -3  7 -1 -5 -4 -4    0   0   0   0   0   0   0   2   0   0   0   0   0   0   0  98   0   0   0   0  1.53 0.39
   15 G   -2 -5 -3 -3 -5 -4 -4  7 -4 -6 -6 -4 -5 -5 -4 -2 -4 -5 -5 -5    0   0   0   0   0   0   0 100   0   0   0   0   0   0   0   0   0   0   0   0  2.05 0.37
   16 E   -3 -2 -3 -1 -6  0  7 -5 -2 -6 -5 -1 -4 -6 -3 -2 -3 -5 -4 -5    0   0   0   0   0   0 100   0   0   0   0   0   0   0   0   0   0   0   0   0  1.90 0.41
   17 A    6 -3 -3 -4 -2 -2 -3 -2 -3 -3 -3 -3 -2 -2 -3  1 -2 -4 -3 -1   86   0   0   0   0   1   0   0   0   0   0   0   1   2   0   7   0   0   0   3  1.08 0.30
   18 L   -3 -4 -5 -6 -3 -4 -5 -6 -5  0  6 -4  2  1 -5 -4 -3 -3 -2 -1    0   0   0   0   0   0   0   0   0   1  91   0   2   5   0   0   0   0   0   0  1.24 0.30
   19 A    5 -2 -3 -4 -3 -2 -3 -2 -3 -2 -1 -2  7 -3 -3  0 -2 -4 -3 -2   52   1   0   0   0   1   0   1   0   0   0   2  36   0   0   7   0   0   0   0  0.88 0.29
   20 G   -1 -4 -2 -3 -5 -3 -4  7 -4 -6 -6 -4 -5 -5 -4 -2 -4 -5 -5 -5    1   0   1   0   0   0   1  96   0   0   0   0   0   0   0   0   0   0   0   0  1.89 0.36
   21 E   -1 -1  2  4 -4  0  4  0 -1 -4 -4  0 -3 -4  0  1 -1 -4 -3 -3    3   1  10  28   0   2  29   6   0   0   0   5   0   0   3   8   3   0   0   1  0.53 0.15
   22 Q   -1  2  0  1 -4  4  1  0 -1 -3 -1  3 -1 -3 -2 -1 -1 -4 -2 -2    5   9   5   7   0  26   5   9   1   0   7  20   1   0   1   2   2   0   0   1  0.30 0.12
   23 G   -1 -2  0 -1 -4  2  0  5 -2 -5 -5  0 -3 -5  0  0 -2 -4 -4 -4    3   1   3   2   0  10   5  58   0   0   0   6   0   0   4   7   1   0   0   0  0.78 0.20
   24 N   -3 -2 -2 -4 -3 -2 -3 -5  1 -1 -1 -3 -2  6 -5 -3 -2  0  7 -1    1   1   1   0   0   1   1   0   3   2   3   1   0  39   0   1   2   0  40   3  1.07 0.26
   25 G   -2 -4 -1 -3 -5 -4 -4  7 -4 -6 -6 -4 -5 -5 -4 -1 -4 -5 -5 -5    1   0   1   0   0   0   0  95   0   0   0   0   0   0   0   3   0   0   0   0  1.86 0.35
   26 I   -3 -5 -5 -5 -3 -5 -5 -6 -5  7  1 -5  0  0 -5 -4 -2 -4 -2  1    0   0   0   0   0   0   0   0   0  82   9   0   0   4   0   0   1   0   0   4  1.25 0.30
   27 N   -3 -3  3  7 -3 -1  1 -3  1 -5 -5 -1 -4 -5 -3  0 -2 -6 -4 -5    1   0  16  65   1   2   4   0   3   0   0   2   0   0   0   7   0   0   0   0  1.19 0.28
   28 P   -1 -2 -1 -2 -4 -2 -2 -3 -1 -2 -3 -2 -3  0  7 -1  0 -2 -2 -3    5   2   4   1   0   1   1   1   1   2   2   0   0   5  63   5   5   1   2   0  1.31 0.27
   29 T    0 -1  0  3 -3  1  3 -1  0 -2 -3  1 -2 -3  2  0  0 -4 -3 -2    9   1   4  18   0   5  23   2   2   1   1   9   1   0  10   6   5   0   0   3  0.31 0.10
   30 V   -1  1 -3 -4 -1 -2 -2 -4 -3  2 -1 -2  2 -1 -3 -2  3 -4 -2  4    3   9   0   0   1   1   1   0   0  12   0   1   6   3   0   0  23   0   1  40  0.41 0.17
   31 I   -1 -4 -4 -4 -1 -4 -4 -5 -4  4  2 -4  0 -2 -2 -3 -1 -4 -2  4    3   0   0   0   1   0   0   0   0  26  24   0   1   0   1   0   2   0   0  42  0.62 0.17
   32 Q    0  1  2  1 -3  2  2 -1  1 -3 -2  2 -2 -3 -2  1  0 -3 -1 -2   10   5  10   7   0  15  13   3   4   0   2  15   1   0   0   8   4   0   1   1  0.25 0.08
   33 S    0  2  0  1 -3  1  2 -1  0 -3 -2  1 -2 -1 -2  2  0 -3  0 -2    9  15   3   6   0   6  13   2   2   0   2   8   1   2   0  23   4   0   3   1  0.21 0.08
   34 I   -3 -4 -4 -5 -3 -4 -4 -5 -3  5  2 -4  1  1 -4 -4 -2 -2  3  2    0   0   0   0   0   0   0   0   0  53  13   0   3   5   0   0   0   0  12  14  0.72 0.20
   35 A    6 -3 -3 -4  3 -3 -3 -1 -4 -3 -3 -3 -3 -4 -3  1 -1 -4 -4 -1   82   0   0   0   8   0   0   1   0   0   0   0   0   0   0   6   1   0   0   3  1.03 0.28
   36 K    0  2  0  1 -3  3  3 -1  0 -3 -2  2 -2 -4 -2  0 -1 -4 -2 -2    8  15   3   6   0  16  20   3   2   1   2  15   1   0   0   6   1   0   0   1  0.32 0.11
   37 Q   -1 -1 -2  2 -5  4  6 -3 -1 -5 -4  0 -3 -5 -2 -1 -2 -4 -4 -3    2   1   0   8   0  26  57   1   0   0   0   1   0   0   1   2   0   0   0   1  0.99 0.26
   38 V   -3 -5 -5 -5 -3 -4 -5 -5 -5  6  1 -4  0 -2 -4 -4 -2 -4 -3  4    0   0   0   0   0   0   0   0   0  68   6   0   0   0   0   0   0   0   0  26  1.09 0.26
   39 K    2  1 -2 -2 -4  0 -1 -2 -2 -3 -3  6 -3 -4 -3  0 -2 -4 -3 -2   22   5   0   0   0   2   1   1   0   1   1  61   0   0   0   3   1   0   0   1  0.74 0.23
   40 E    1  0 -1  2 -4  1  5 -2 -1 -4 -3  1 -3 -4 -1  0 -1 -4 -3 -3   11   3   1  11   0   5  45   1   1   0   1  10   0   0   2   7   2   0   0   1  0.52 0.16
   41 I    1 -4 -4 -5  1 -4 -4 -4 -4  3  1 -4  0 -2 -4 -3 -1 -4 -3  5   12   0   0   0   3   0   0   0   0  16   7   0   0   0   0   0   0   0   0  62  0.74 0.21
   42 A    0  0 -1 -3 -1 -1 -2 -3  5  0 -1  0 -1 -1 -3 -1  0 -1  2  3   11   6   1   0   1   2   0   0  22   4   2   5   0   2   0   3   3   1   7  29  0.27 0.13
   43 E    0  1  1  5 -3  1  3 -2 -2 -4 -4  1 -3 -4 -2  0 -2 -4 -3 -3   10   7   6  36   0   6  23   1   0   0   1   6   0   0   0   4   0   0   0   0  0.57 0.16
   44 L    0 -1 -2 -1 -1  0 -1 -2  1  0  3  0  3 -1 -3  0  0 -3 -2 -1    6   1   1   4   1   5   3   1   4   1  38   6  14   0   0   7   6   0   0   1  0.19 0.11
   45 E   -2 -2 -1 -1 -5 -3 -3  7 -3 -6 -6 -3 -5 -5 -4 -2 -3 -5 -5 -5    0   2   3   4   0   1   1  89   0   0   0   0   0   0   0   0   0   0   0   0  1.61 0.31
   46 V    0 -4 -4 -4  1 -4 -4 -4 -4  3  0 -3  0 -2 -4 -3  0 -4 -2  5    5   0   0   0   3   0   0   0   0  15   6   0   0   1   0   0   5   0   1  64  0.73 0.21
   47 E   -2 -1 -2  0 -5  6  6 -4 -1 -5 -5 -1 -3 -5 -3 -2 -3 -4 -4 -4    0   1   0   2   0  39  57   0   0   0   0   0   0   0   0   1   0   0   0   0  1.28 0.31
   48 V   -2 -4 -4 -5 -2 -4 -4 -5 -5  5  1 -4  1 -2 -4 -3 -1 -4 -3  5    0   0   0   0   0   0   0   0   0  36  11   0   3   0   0   0   2   0   0  47  0.80 0.21
   49 A    6 -3 -3 -3  3 -3 -3  2 -3 -3 -3 -3 -3 -4 -3  0 -2 -4 -4 -2   76   0   0   0   6   0   0  13   0   0   0   0   0   0   0   3   0   0   0   1  0.94 0.26
   50 V   -2 -4 -5 -5 -3 -4 -4 -5 -5  6  2 -4  2 -2 -4 -4 -2 -4 -3  3    1   0   0   0   0   0   0   0   0  58  12   0   4   0   0   0   0   0   0  25  0.87 0.22
   51 V   -2 -5 -5 -5 -3 -4 -5 -5 -5  1 -1 -4 -1 -3 -5 -4 -2 -5 -3  7    0   0   0   0   0   0   0   0   0   2   0   0   0   0   0   0   1   0   0  98  1.46 0.35
   52 V   -2 -4 -4 -5  1 -4 -4 -5 -5  5  0 -4 -1 -2 -4 -4 -2 -4 -3  5    0   0   1   0   4   0   0   0   0  35   2   0   0   0   0   0   0   0   0  59  0.97 0.25
   53 G   -2 -4 -2 -3 -5 -4 -4  7 -4 -6 -6 -4 -5 -5 -4 -2 -4 -5 -5 -5    0   0   0   0   0   0   0 100   0   0   0   0   0   0   0   0   0   0   0   0  2.02 0.36
   54 G    0 -4 -2 -3 -4 -4 -4  7 -4 -6 -6 -4 -5 -5 -4 -2 -4 -5 -5 -5    4   0   0   0   0   0   0  96   0   0   0   0   0   0   0   0   0   0   0   0  1.86 0.34
   55 G   -2 -4 -2 -3 -5 -4 -4  7 -4 -6 -6 -4 -5 -5 -4 -2 -4 -5 -5 -5    0   0   0   0   0   0   0 100   0   0   0   0   0   0   0   0   0   0   0   0  2.02 0.36
   56 N   -4 -3  8 -1 -5 -2 -3 -3 -2 -6 -6 -2 -5 -6 -4 -2 -2 -6 -5 -5    0   0 100   0   0   0   0   0   0   0   0   0   0   0   0   0   0   0   0   0  2.17 0.43
   57 L   -3 -5 -5 -5 -3 -4 -5 -5 -4  6  1 -4  2  3 -5 -4 -3 -2 -1  1    0   0   0   0   0   0   0   0   0  73   6   0   6  14   0   0   0   0   1   0  1.07 0.27
   58 W   -5 -5 -6 -6 -5 -5 -5 -5 -3 -2 -2 -5 -3  7 -6 -5 -4 10  2 -3    0   0   0   0   0   0   0   0   0   2   0   0   0  51   0   0   0  44   3   0  2.24 0.38
   59 R   -4  8 -3 -4 -6 -1 -2 -5 -2 -5 -5  0 -4 -5 -4 -3 -3 -5 -4 -5    0 100   0   0   0   0   0   0   0   0   0   0   0   0   0   0   0   0   0   0  2.07 0.41
   60 G   -2 -4 -2 -3 -5 -4 -4  7 -4 -6 -6 -4 -5 -5 -4 -2 -4 -5 -5 -5    0   0   0   0   0   0   0 100   0   0   0   0   0   0   0   0   0   0   0   0  2.02 0.36
   61 K    0  2 -2 -3 -2  0  0 -3 -2  1  2  1  2 -1 -3 -2 -1 -3 -2  2    6  13   1   0   0   2   7   0   1   7  21   9   8   0   0   0   1   0   0  24  0.17 0.09
   62 T    3 -1  0 -1 -2  1  0 -1 -2 -1 -2  1 -1 -3  0  2  1 -4 -2 -1   30   1   2   2   0   7   4   1   0   3   1  11   1   1   3  21  10   0   0   2  0.24 0.11
   63 G    2 -2 -1 -1 -3 -2 -1  5 -3 -3 -2 -2 -2 -4 -2  0 -2 -4 -4 -3   21   1   1   2   0   1   3  58   0   0   5   1   0   0   1   4   0   0   0   1  0.76 0.18
   64 S    3 -2 -1 -2 -2  1  1  0 -2 -2 -2 -1 -2 -3 -2  3  0 -4 -3 -2   35   0   0   0   0   6  11   4   0   2   1   2   1   0   0  34   2   0   0   1  0.41 0.16
   65 D    3 -1 -1  0 -2  1  2 -1 -2 -3 -3  1 -2 -3 -2  2  0 -3 -3 -2   37   1   2   4   0   8  16   3   0   1   0   7   1   0   0  16   4   0   0   0  0.33 0.13
   66 L    1  1  0 -1 -2  2  0 -1  0 -1  0  2  2 -2 -2  0 -1 -3 -2 -1   16   9   4   2   0   9   5   3   2   2   6  20  11   1   0   4   2   0   0   4  0.14 0.07
   67 G   -2 -3 -1 -2 -4 -3 -3  7 -3 -5 -5 -3 -4 -5 -4 -2 -3 -4 -5 -5    0   1   2   1   0   1   1  91   0   0   0   1   0   0   0   1   0   0   0   0  1.63 0.30
   68 M   -3 -4 -5 -6 -4 -3 -5 -5 -4  2  0 -4 10 -1 -5 -4 -3 -4 -3  0    0   0   0   0   0   0   0   0   0   8   1   0  86   1   0   0   0   0   0   3  1.97 0.43
   69 D   -4 -3 -1  7 -6 -2  3 -3 -3 -5 -6 -2 -5 -6 -3 -2 -3 -6 -5 -5    0   0   0  81   0   0  18   0   0   0   0   0   0   0   0   0   0   0   0   0  1.65 0.33
   70 R   -3  8 -3 -4 -6 -1 -2 -5 -2 -5 -4  0 -4 -5 -3 -3 -3 -5 -4 -5    1  97   0   0   0   0   0   0   0   0   0   1   0   0   1   0   0   0   0   0  1.93 0.39
   71 A    5 -3 -3 -3 -2 -2 -3 -1 -3 -1 -2 -2 -2 -3 -2  1  2 -4 -3  2   56   0   0   0   0   0   0   2   0   0   0   0   0   0   1   6  13   0   0  21  0.59 0.21
   72 T   -1  1 -1 -2 -3  4 -1 -3 -1 -3 -3 -1 -2 -4 -3  2  5 -4 -3 -2    1   7   1   0   0  29   0   0   1   0   0   0   0   0   0  14  46   0   0   0  0.73 0.24
   73 A    6 -3 -3 -3 -2 -3 -3  2 -3 -3 -4 -3 -3 -4 -3  1 -2 -4 -4 -2   79   0   0   0   0   0   0  15   0   0   0   0   0   0   0   6   0   0   0   0  1.02 0.28
   74 D   -4 -4 -1  8 -6 -2 -1 -4 -1 -6 -6 -3 -5 -6 -4 -2 -3 -7 -5 -6    0   0   0  99   0   0   0   0   1   0   0   0   0   0   0   0   0   0   0   0  2.10 0.39
   75 Y   -4 -4 -2 -5 -5 -2 -4 -5  5 -4 -4 -4 -3  1 -5 -3 -3  0  9 -4    0   0   2   0   0   1   0   0  14   0   0   0   0   0   0   2   1   0  80   0  1.94 0.39
   76 M   -3 -4 -5 -5 -4 -3 -4 -5 -4  2  0 -4  9 -2 -5 -4 -1 -4 -3  0    1   0   0   0   0   0   0   0   0  11   0   0  81   0   0   0   2   0   0   5  1.76 0.40
   77 G   -2 -4 -2 -3 -5 -4 -4  7 -4 -6 -6 -4 -5 -5 -4 -2 -4 -5 -5 -5    0   0   0   0   0   0   0 100   0   0   0   0   0   0   0   0   0   0   0   0  2.02 0.36
   78 M   -4 -4 -5 -6 -4 -3 -5 -5 -4 -1  0 -4 10 -3 -5 -4 -3 -4 -4 -2    0   0   0   0   0   0   0   0   0   0   1   0  99   0   0   0   0   0   0   0  2.51 0.50
   79 L   -3 -4 -5 -6 -3 -4 -5 -6 -5  2  6 -4  1 -1 -5 -4 -3 -4 -3 -1    0   0   0   0   0   0   0   0   0   7  92   0   1   0   0   0   0   0   0   0  1.21 0.28
   80 A    6 -3 -3 -4 -2 -3 -3  1 -4 -3 -4 -3 -3 -4 -3  0 -2 -5 -4 -2   87   0   0   0   0   0   0  11   0   0   0   0   0   0   0   2   0   0   0   0  1.15 0.30
   81 T   -2 -3 -2 -3 -3 -3 -3 -4 -4 -3 -4 -3 -3 -4 -3 -1  8 -5 -4 -2    0   0   0   0   0   0   0   0   0   0   0   0   0   0   0   0 100   0   0   0  1.77 0.41
   82 V   -2 -4 -4 -5  2 -4 -4 -5 -5  3 -1 -4  1 -2 -4 -3  0 -5 -3  6    0   0   0   0   4   0   0   0   0  12   0   0   3   0   0   0   4   0   0  77  1.00 0.27
   83 M   -3 -4 -5 -5 -3 -3 -5 -5 -4  5  1 -4  8 -2 -5 -4 -3 -4 -3  0    0   0   0   0   0   1   0   0   0  41   4   0  55   0   0   0   0   0   0   0  1.36 0.33
   84 N   -4 -3  8 -1 -5 -2 -3 -3 -2 -6 -6 -2 -5 -6 -4 -2 -2 -6 -5 -5    0   0 100   0   0   0   0   0   0   0   0   0   0   0   0   0   0   0   0   0  2.17 0.43
   85 S    5 -3 -2 -3  1 -2 -2  2 -3 -3 -3 -2 -3 -4 -3  3 -1 -4 -3 -2   59   0   0   0   4   0   0  13   0   0   0   0   0   0   0  24   0   0   0   0  0.75 0.23
   86 L   -3 -4 -5 -5 -3 -4 -5 -5 -4  1  5 -4  4 -1 -5 -4 -3 -3 -3  0    0   0   0   0   0   0   0   0   0   5  80   0  14   0   0   0   0   0   0   1  1.08 0.26
   87 A    6 -3 -3 -3 -2 -3 -3 -1 -3 -3 -3 -2 -3 -4 -2  0  1 -4 -4 -1   83   0   0   0   0   0   0   3   0   0   0   0   0   0   0   2   9   0   0   3  0.99 0.28
   88 L   -3 -4 -5 -5 -3 -4 -4 -5 -4  1  5 -4  3  0 -5 -4 -3 -3 -3  1    0   0   0   0   0   0   0   0   0   3  79   0   8   1   0   0   0   0   0   8  0.98 0.24
   89 Q   -1 -1 -2 -3 -4  8  0 -4 -2 -5 -4 -1 -1 -6 -4 -2 -3 -4 -4 -4    5   1   0   0   0  92   0   0   0   0   0   0   1   0   0   1   0   0   0   0  1.82 0.42
   90 D   -2 -3  2  7 -5 -2  0 -1 -3 -5 -5 -2 -5 -5 -3  1 -2 -6 -5 -5    2   0   8  76   0   1   1   3   0   0   0   0   0   0   0  10   0   0   0   0  1.38 0.30
   91 S    5 -3 -1 -3  0 -2 -2  0 -3 -2 -3 -2 -1 -1 -2  2  0 -4 -3  0   63   0   2   0   2   0   0   5   0   1   0   0   2   3   0  15   2   0   0   5  0.60 0.21
   92 L   -3 -4 -5 -5 -1 -4 -5 -5 -5  1  6 -4  1  0 -5 -4 -3 -3 -3 -1    0   0   0   0   1   0   0   0   0   5  89   0   2   3   0   0   0   0   0   0  1.12 0.27
   93 E   -3 -1 -2 -1 -6  0  7 -4 -2 -5 -5 -1 -4 -5 -3 -2 -3 -5 -4 -4    0   2   0   0   0   1  95   0   0   0   0   1   0   0   0   0   0   0   0   0  1.70 0.37
   94 T   -1  3  2  0 -4  3  0 -1  2 -4 -4  3 -2 -3 -2  0 -1 -4 -2 -3    3  19  10   4   0  17   3   2   5   0   0  26   0   0   0   7   3   0   0   0  0.44 0.14
   95 L    0  0 -1 -2 -1  0  0 -3  1  2  2  0  2 -1 -3 -1 -1 -3 -1  1   12   4   4   0   1   5   7   0   4  17  24   7   7   1   0   1   1   0   1   6  0.10 0.07
   96 G   -2 -4  0  2 -4 -2 -1  6 -3 -5 -5 -3 -4 -5 -4 -2 -3 -5 -5 -5    0   0   4  12   0   1   4  79   0   0   0   0   0   0   0   0   0   0   0   0  1.34 0.27
   97 I   -1 -3 -4 -5  1 -3 -4 -5 -2  3  1 -3  2 -2 -4 -3 -1 -4 -2  5    1   0   0   0   4   0   0   0   1  18   7   1   5   0   0   1   1   0   0  61  0.72 0.21
   98 Q   -1 -2  0  2 -4  2  1 -3  1 -2 -2 -1 -1  0  5 -1 -1 -3  0 -1    4   0   2  15   0  10   9   0   4   1   1   2   1   6  30   3   2   0   3   4  0.48 0.13
   99 S   -1 -3 -2 -3  2 -3 -3 -3 -4 -2 -3 -3 -3 -4 -3  0  7 -5 -4  0    2   0   0   0   5   0   0   0   0   0   0   0   0   0   0   3  84   0   0   5  1.28 0.33
  100 R   -4  8 -3 -4 -6 -1 -2 -5 -2 -5 -5  0 -4 -5 -4 -3 -3 -5 -4 -5    0 100   0   0   0   0   0   0   0   0   0   0   0   0   0   0   0   0   0   0  2.07 0.41
  101 V   -1 -4 -5 -5 -2 -4 -4 -5 -5  1  1 -4 -1 -2 -4 -3 -1 -5 -3  6    2   0   0   0   0   0   0   0   0   1  13   0   0   0   0   0   1   0   0  83  1.10 0.29
  102 Q   -3 -1 -3 -3 -4  7 -1 -4 -2 -1  1 -1  4 -4 -4 -2 -3 -4 -3 -3    0   0   0   0   0  70   0   0   0   3  12   0  15   0   0   0   0   0   0   0  1.23 0.34
  103 T   -1 -3 -2 -3 -3 -2 -2 -3 -3 -3 -4 -2 -3 -4 -3  4  6 -5 -4 -2    0   0   0   0   0   0   0   0   0   0   0   0   0   0   0  34  66   0   0   0  1.15 0.31
  104 S    6 -3 -3 -3 -2 -2 -3  0 -3 -3 -3 -2 -3 -4 -3  2 -2 -4 -4 -2   82   0   0   0   0   0   0   3   0   0   0   0   0   0   0  15   0   0   0   0  1.07 0.29
  105 I   -3 -5 -5 -5 -3 -5 -5 -6 -5  7  1 -5 -1 -2 -5 -4 -3 -4 -3  1    0   0   0   0   0   0   0   0   0  88   8   0   0   1   0   0   0   0   0   3  1.37 0.31
  106 E    1  0  0  1 -4  1  5 -3  0 -4 -4  2 -3 -4  0  0  1 -4 -3 -3   11   2   3   4   0   3  47   0   1   0   0  11   0   0   4   4   9   0   0   1  0.53 0.17
  107 M   -3 -4 -5 -6 -4 -3 -5 -5 -4  2  0 -4 10 -2 -5 -4 -3 -4 -3 -1    0   0   0   0   0   0   0   0   0  10   0   0  88   0   0   0   0   0   0   1  2.07 0.44
  108 R   -1  4  1  1 -4  3  1 -1  2 -4 -4  2 -2 -4 -1 -1 -1 -4 -3 -4    3  30   7   7   0  20   9   3   6   0   0  10   0   0   3   2   1   0   0   0  0.48 0.14
  109 Q    0 -1 -1 -1 -5  6  4 -3 -2 -5 -4  1 -3 -5 -3 -1 -2 -4 -3 -4    8   0   0   0   0  51  32   0   0   0   0   4   0   0   0   3   1   0   0   0  1.01 0.27
  110 V   -2 -4 -5 -5 -3 -4 -4 -5 -5  4  0 -4  1 -2 -4 -4 -2 -4 -3  6    0   0   0   0   0   0   0   0   0  28   3   0   2   0   0   0   0   0   0  66  1.02 0.26
  111 A    6 -3 -4 -4  4 -3 -3 -2 -4 -3 -3 -3 -3 -4 -3  0 -2 -5 -4 -1   88   0   0   0   8   0   0   0   0   0   0   0   0   0   0   2   0   0   0   2  1.20 0.31
  112 E   -3 -2 -2 -1 -6  0  7 -4 -2 -6 -5 -1 -4 -6 -3 -2 -3 -5 -4 -5    0   0   0   0   0   0 100   0   0   0   0   0   0   0   0   0   0   0   0   0  1.88 0.40
  113 P   -3 -4 -4 -3 -5 -3 -3 -4 -4 -5 -4 -3 -5 -6  8 -2 -2 -6 -5 -4    0   0   0   1   0   0   0   1   0   0   1   0   0   0  94   1   2   0   0   0  2.59 0.41
  114 Y   -4 -4 -5 -6 -5 -4 -5 -5 -1 -3 -3 -4 -3  5 -5 -4 -4  0  9 -3    0   0   0   0   0   0   0   0   0   0   0   0   0  18   0   0   0   0  81   1  2.08 0.39
  115 I   -3 -5 -5 -5 -3 -5 -5 -6 -5  7  0 -5 -1 -2 -5 -4 -3 -5 -3  1    0   0   0   0   0   0   0   0   0  96   1   0   0   0   0   0   0   0   0   3  1.59 0.35
  116 R   -3  8 -3 -4 -6 -1 -2 -4 -2 -5 -3  1 -3 -5 -1 -3 -3 -5 -4 -4    0  90   0   0   0   1   0   0   0   0   1   4   0   0   4   0   0   0   0   0  1.68 0.35
  117 R   -3  8 -1 -4 -5 -1 -2 -1 -2 -5 -3  0 -3 -4 -3 -2 -3 -5 -4 -5    0  89   2   0   0   0   0   5   0   0   3   0   0   0   1   1   0   0   0   0  1.58 0.35
  118 K   -3  7 -2 -3 -5 -1 -2 -4 -2 -5 -4  3 -3 -5 -4 -3 -3 -5 -4 -4    0  80   0   0   0   0   0   0   0   0   0  19   0   0   0   0   0   0   0   0  1.60 0.34
  119 A    7 -4 -4 -4 -2 -3 -3 -2 -4 -3 -4 -3 -3 -4 -3 -1 -2 -5 -4 -2   99   0   0   0   0   0   0   0   0   0   0   0   0   0   0   0   0   0   0   0  1.43 0.35
  120 I   -2 -4 -4 -4 -3 -2 -2 -5 -4  5  1 -4  3 -2 -4 -3 -1 -4 -3  3    0   0   0   0   0   1   3   0   0  56   6   0  10   0   0   0   2   0   0  21  0.75 0.21
  121 R   -3  8 -3 -4 -6 -1 -2 -5 -1 -5 -4  0 -4 -5 -4 -2 -3 -5 -4 -5    0  97   0   0   0   0   0   0   1   0   0   0   0   0   0   1   0   0   0   0  1.93 0.39
  122 H   -4 -3 -2 -4 -6 -1 -3 -5 11 -6 -5 -3 -4 -4 -5 -3 -4 -5  0 -6    0   0   0   0   0   1   0   0  98   0   0   0   0   0   0   0   0   0   1   0  2.82 0.48
  123 L   -3 -4 -5 -6 -3 -4 -5 -6 -5  0  6 -4  3 -1 -5 -4 -3 -3 -3 -1    0   0   0   0   0   0   0   0   0   0  90   0   8   1   0   0   0   0   0   0  1.22 0.29
  124 E   -3 -2 -2  0 -6  0  7 -4 -2 -6 -5 -1 -4 -6 -3 -2 -3 -5 -4 -5    0   0   0   1   0   1  98   0   0   0   0   0   0   0   0   0   0   0   0   0  1.80 0.39
  125 K   -3  0 -2 -3 -5 -1  0 -4 -3 -5 -4  7 -3 -5 -3 -2 -3 -5 -4 -4    0   0   0   0   0   0   2   0   0   0   1  96   0   0   0   0   0   0   0   0  1.61 0.37
  126 K   -1 -2  0 -2 -4 -2 -2  6 -2 -5 -5  1 -4 -5 -4 -1 -3 -4 -5 -5    0   1   4   1   0   1   1  80   1   0   0  10   0   0   0   1   0   0   0   0  1.31 0.27
  127 R   -4  8 -3 -3 -6 -1 -2 -5 -2 -5 -4  0 -4 -5 -4 -3 -3 -5 -4 -5    0  98   0   1   0   0   0   0   0   0   0   1   0   0   0   0   0   0   0   0  1.97 0.39
  128 V   -2 -5 -5 -5 -3 -4 -4 -5 -5  4 -1 -4 -1 -2 -4 -4 -2 -5 -3  6    0   0   0   0   0   0   0   0   0  19   0   0   0   0   0   0   0   0   0  80  1.18 0.29
  129 V   -2 -5 -5 -5  1 -4 -5 -5 -5  1 -1 -4 -1 -3 -4 -4 -1 -5 -3  7    1   0   0   0   3   0   0   0   0   3   0   0   0   0   0   0   1   0   0  92  1.31 0.32
  130 I   -3 -5 -5 -5 -3 -5 -5 -6 -5  7  0 -5 -1 -2 -5 -4 -3 -5 -3  2    0   0   0   0   0   0   0   0   0  95   0   0   0   0   0   0   0   0   0   5  1.57 0.35
  131 F   -4 -5 -5 -6  1 -5 -6 -5 -4 -2 -1 -5 -2  9 -6 -5 -4 -1  1 -3    0   0   0   0   3   0   0   0   0   1   4   0   0  92   0   0   0   0   0   0  2.00 0.38
  132 A    5 -3 -3 -3 -3 -3 -3  5 -3 -4 -4 -3 -3 -4 -3  0 -2 -4 -4 -2   54   0   0   0   0   0   0  43   0   0   0   0   0   0   0   2   0   0   0   1  0.98 0.25
  133 A    5 -3 -3 -3  2 -3 -3  3 -3 -3 -4 -3 -3 -4 -3  0 -2 -4 -4 -2   74   0   0   0   4   0   0  20   0   0   0   0   0   0   0   1   0   0   0   0  0.98 0.27
  134 G   -2 -4 -2 -3 -5 -4 -4  7 -4 -6 -6 -4 -5 -5 -4 -2 -4 -5 -5 -5    0   0   0   0   0   0   0 100   0   0   0   0   0   0   0   0   0   0   0   0  2.02 0.36
  135 T   -2 -3 -2 -3  0 -3 -3 -4 -4  0 -2 -3  0 -4 -3  1  7 -4 -4 -1    0   0   0   0   2   0   0   0   0   4   2   0   2   0   0   7  80   0   0   2  1.14 0.31
  136 G   -2 -4 -2 -3 -5 -4 -4  7 -4 -6 -6 -4 -5 -5 -4 -2 -4 -5 -5 -5    0   0   0   0   0   0   0  99   0   0   0   0   0   0   0   1   0   0   0   0  1.98 0.35
  137 N   -2 -3  8 -1 -5 -2 -2 -2 -1 -5 -4 -2 -1 -5 -4  1 -2 -6 -4 -5    2   0  84   0   0   0   0   0   1   0   1   0   2   0   0  10   0   0   0   0  1.58 0.35
  138 P   -3 -5 -5 -4 -5 -4 -4 -5 -5 -5 -5 -3 -5 -6  9 -3 -4 -6 -6 -5    0   0   0   0   0   0   0   0   0   0   0   0   0   0 100   0   0   0   0   0  2.93 0.45
  139 Y   -4 -4 -5 -6 -5 -4 -5 -5 -1 -3 -3 -4 -3  6 -5 -4 -4  0  8 -3    0   0   0   0   0   0   0   0   0   0   0   0   0  29   0   0   0   0  71   0  1.96 0.37
  140 F   -5 -5 -5 -6 -5 -6 -6 -6 -4 -2 -2 -6 -1  9 -6 -5 -4 -1  1 -3    0   0   0   0   0   0   0   0   0   0   0   0   1  99   0   0   0   0   0   0  2.28 0.41
  141 S   -1 -3 -1 -2 -3 -2 -2 -3 -3 -3 -4 -2 -3 -4 -3  5  6 -5 -4 -3    0   0   0   0   0   0   0   0   0   0   0   0   0   0   0  46  54   0   0   0  1.09 0.31
  142 T   -2 -3 -2 -3 -3 -3 -3 -4 -4 -3 -4 -3 -3 -4 -3 -1  8 -5 -4 -2    0   0   0   0   0   0   0   0   0   0   0   0   0   0   0   0 100   0   0   0  1.77 0.41
  143 D   -4 -4 -1  8 -6 -3 -1 -4 -3 -6 -6 -3 -5 -6 -4 -2 -3 -7 -5 -6    0   0   0 100   0   0   0   0   0   0   0   0   0   0   0   0   0   0   0   0  2.16 0.40
  144 T   -2 -3 -2 -3 -3 -3 -3 -4 -4 -3 -3 -3 -3 -4 -3  2  7 -5 -4 -2    0   0   0   0   0   0   0   0   0   0   0   0   0   0   0  11  89   0   0   0  1.48 0.36
  145 T    4 -3 -2 -3 -1 -2 -3 -1 -3 -3 -3 -2 -3 -4 -3  0  5 -4 -3 -2   49   0   0   0   1   0   0   2   0   0   0   0   0   0   0   1  47   0   0   0  0.89 0.27
  146 A    6 -3 -3 -4 -2 -3 -3 -1 -4 -3 -4 -3 -3 -4 -3  0 -2 -5 -4 -2   96   0   0   0   0   0   0   2   0   0   0   0   0   0   0   2   0   0   0   0  1.33 0.34
  147 A    6 -3 -3 -3 -2 -2 -3 -2 -3 -2 -3 -2 -2 -4 -3  2  0 -4 -3  0   76   0   0   0   0   0   0   0   0   0   0   0   0   0   0  11   5   0   0   8  0.88 0.26
  148 L   -3 -4 -5 -5 -3 -1 -4 -6 -5  0  6 -4  0 -1 -5 -4 -3 -4 -3 -1    0   0   0   0   0   3   0   0   0   0  97   0   0   0   0   0   0   0   0   0  1.27 0.30
  149 R   -4  8 -3 -4 -6 -1 -2 -5 -2 -5 -5  0 -4 -5 -4 -3 -3 -5 -4 -5    0 100   0   0   0   0   0   0   0   0   0   0   0   0   0   0   0   0   0   0  2.07 0.41
  150 A    6 -3 -3 -4 -2 -3 -3  0 -4 -3 -4 -3 -3 -4 -3  0 -2 -5 -4 -2   93   0   0   0   0   0   0   6   0   0   0   0   0   0   0   1   0   0   0   0  1.27 0.32
  151 A    4 -3 -1 -3  1 -2 -3 -2 -3  2  0 -2  2 -3 -3  0 -1 -4 -3  0   51   0   4   0   4   1   0   0   0  13   8   1   9   0   0   5   1   0   0   4  0.39 0.17
  152 E   -3 -2 -2 -1 -6  0  7 -4 -2 -6 -5 -1 -4 -6 -3 -2 -3 -5 -4 -5    0   0   0   0   0   0 100   0   0   0   0   0   0   0   0   0   0   0   0   0  1.88 0.40
  153 I   -3 -5 -5 -5 -3 -4 -5 -6 -5  7  1 -4  3 -2 -5 -4 -2 -4 -3  2    0   0   0   0   0   0   0   0   0  78   6   0   9   0   0   0   0   0   0   7  1.18 0.28
  154 E   -1 -1  3  3 -4  0  3  2  1 -4 -4  1 -3 -4 -3 -1 -2 -4 -3 -4    2   0  19  16   0   2  30  16   4   0   0   9   0   0   0   2   0   0   0   0  0.54 0.15
  155 A    6 -3 -4 -4  3 -3 -3 -2 -4 -3 -3 -3 -3 -4 -3  0 -1 -5 -4 -1   88   0   0   0   8   0   0   0   0   0   0   0   0   0   0   1   1   0   0   2  1.19 0.31
  156 D   -3 -2  0  6 -5  1  4 -3 -2 -5 -5 -2 -4 -5 -3 -2 -3 -5 -4 -5    0   0   1  55   0   5  37   0   0   0   0   0   0   0   0   1   0   0   0   0  1.25 0.28
  157 V    2 -4 -4 -4  0 -3 -4 -3 -4  2 -1 -3 -1 -3 -3 -2 -2 -4 -3  5   25   0   0   0   2   0   0   0   0   8   1   0   0   0   0   0   0   0   0  63  0.75 0.23
  158 I   -3 -4 -5 -5 -3 -4 -5 -5 -5  6  2 -4  1 -1 -4 -4 -2 -4 -3  3    0   0   0   0   0   0   0   0   0  68  14   0   3   1   0   0   0   0   0  14  1.00 0.24
  159 L   -2 -4 -5 -5 -3 -4 -4 -5 -4  1  5 -4  3  3 -5 -4 -3 -3 -2  0    1   0   0   0   0   0   0   0   0   5  72   0   7  13   0   0   0   0   0   1  0.88 0.22
  160 M   -2 -1 -3 -3 -4 -1 -2 -4 -3 -2  0  5  7 -3 -3 -2 -2 -4 -3 -2    1   0   0   0   0   0   0   0   0   0   9  53  37   0   0   0   0   0   0   0  0.99 0.30
  161 A    5 -3 -3 -3 -3 -3 -3  3 -3 -4 -4 -2 -3 -4 -3 -1 -2 -4 -4 -2   73   0   0   0   0   0   0  26   0   0   0   1   0   0   0   0   0   0   0   0  1.01 0.27
  162 K   -1  1  0 -1 -2  0  0 -1 -1 -1 -1  5 -1 -2 -1  0 -1 -1 -1 -1    5   3   2   3   1   2   4   4   1   3   5  49   1   2   3   4   3   1   2   3  0.31 0.07
  163 N   -2 -1  5 -1 -3 -1 -2 -2 -2 -3 -3  0 -3 -4 -3  0  5 -4 -3 -2    0   1  33   0   0   1   0   1   0   0   1   5   0   0   0   2  54   0   0   0  0.87 0.25
  164 N   -2  3  1 -1 -4  1 -1  2 -2 -4 -3  4 -1 -3 -2  0 -2 -4 -3 -3    0  16   9   1   0   4   0  20   0   0   1  42   2   1   0   4   0   0   0   0  0.53 0.16
  165 V   -2 -5 -5 -5 -3 -4 -4 -5 -5  1 -1 -4 -1 -3 -4 -4 -1 -5 -3  7    1   0   0   0   0   0   1   0   0   2   0   0   0   0   0   0   2   0   0  95  1.37 0.33
  166 D   -3 -4  0  8 -6 -2  0 -3 -3 -5 -6 -3 -5 -6 -4 -2 -3 -7 -5 -5    1   0   2  95   0   1   1   0   0   0   0   0   0   0   0   0   0   0   0   0  1.97 0.37
  167 G   -1 -4 -2 -3 -5 -4 -4  7 -4 -6 -6 -4 -5 -5 -4 -2 -4 -5 -5 -5    3   0   0   0   0   0   0  97   0   0   0   0   0   0   0   0   0   0   0   0  1.90 0.34
  168 V   -2 -5 -5 -5 -3 -4 -5 -5 -5  4  0 -4 -1 -2 -4 -4 -2 -5 -3  6    0   0   0   0   0   0   0   0   0  29   1   0   0   0   0   0   0   0   0  71  1.13 0.28
  169 Y   -4 -4 -5 -6 -5 -4 -5 -6 -1 -4 -4 -4 -3  1 -6 -4 -4  0 10 -4    0   0   0   0   0   0   0   0   0   0   0   0   0   1   0   0   0   0  99   0  2.55 0.46
  170 N   -2 -3  2  6 -4 -2 -1 -3 -3 -4 -5 -2 -4 -5 -3  2  2 -5 -4 -4    0   0   9  56   0   0   0   0   0   0   0   0   0   0   0  20  14   0   0   0  0.98 0.25
  171 A    3  0 -1  0  0 -1 -1 -2 -2 -3 -3  2 -2 -4 -2  3 -1 -4 -3 -2   38   2   0   6   2   0   1   0   0   0   0  19   1   0   0  30   0   0   0   0  0.49 0.18
  172 D   -4 -4 -1  8 -6 -2  0 -4 -3 -6 -6 -3 -5 -6 -4 -2 -3 -7 -5 -6    0   0   0 100   0   0   0   0   0   0   0   0   0   0   0   0   0   0   0   0  2.15 0.40
  173 P   -3 -5 -5 -4 -5 -4 -4 -5 -5 -5 -5 -3 -5 -6  9 -3 -4 -6 -6 -5    0   0   0   0   0   0   0   0   0   0   0   0   0   0 100   0   0   0   0   0  2.93 0.45
  174 R   -1  2  1 -1 -2  0  2 -3  1 -2 -1  3  1 -2 -2 -1 -1 -4 -2  0    4  12   9   0   0   2  14   0   4   0   5  32   6   1   0   2   2   0   1   8  0.27 0.12
  175 K   -2  1 -2 -2 -3  0 -1 -3 -2  0  0  5 -1 -2 -3 -1  1 -4 -2  0    1   4   0   0   0   3   2   0   0   6  10  54   0   1   0   1  10   0   0   9  0.45 0.18
  176 D   -3 -2  6  4 -5 -2 -1 -3  4 -4 -4 -2 -4  0 -4 -1 -2 -4  2 -3    0   0  43  31   0   0   0   0  11   0   0   0   0   4   0   0   0   0   8   2  0.92 0.24
  177 E    1 -1 -2  0 -4 -1  0 -3 -3 -4 -4  1 -3 -5  7  0 -1 -5 -4 -3   12   1   1   5   0   1   4   0   0   0   0  12   0   0  55   5   2   0   0   1  1.14 0.23
  178 S   -1 -2  4  5 -4  0  1 -1  1 -4 -4 -1 -3 -4 -3  0  1 -5 -3 -4    4   0  23  40   0   2   9   2   3   0   0   2   0   0   0   6   8   0   0   0  0.66 0.18
  179 A    7 -4 -4 -4 -2 -3 -3 -2 -4 -3 -4 -3 -3 -4 -3 -1 -2 -5 -4 -2  100   0   0   0   0   0   0   0   0   0   0   0   0   0   0   0   0   0   0   0  1.45 0.36
  180 V   -1  1 -2 -3 -2  0  0 -3 -2  1 -1  3 -1 -2 -3 -2  2 -4 -3  3    0   7   0   0   0   4   5   1   1   6   1  27   1   0   0   0  13   0   0  35  0.31 0.15
  181 K   -3  5 -2 -3 -5  0 -1 -4 -2 -4 -2  6  1 -1 -3 -2 -3 -4 -3 -4    0  29   0   0   0   0   0   0   0   0   4  61   4   3   0   0   0   0   0   0  1.02 0.27
  182 Y   -4 -4 -5 -5 -4 -4 -5 -5  0 -1 -1 -4 -2  7 -5 -4 -4  0  7 -3    0   0   0   0   0   0   0   0   1   2   3   0   0  49   0   0   0   0  45   0  1.59 0.32
  183 E   -2 -1  1  5 -4  0  3 -2 -1 -4 -4  1 -3 -4 -1  0  0 -5 -3 -3    1   2   5  47   0   3  21   0   1   0   1   7   0   0   2   5   5   0   0   0  0.71 0.18
  184 S   -1  1  1 -1 -3  1  3 -2  3 -3 -3  1 -2 -2 -2  1  2 -3 -1 -2    2   8   5   1   0   4  22   0  10   1   0  11   0   2   0  13  19   0   1   2  0.31 0.12
  185 L   -3 -4 -5 -5 -3 -4 -5 -5 -5  4  4 -4  0 -1 -4 -4 -2 -4 -3  2    0   0   0   0   0   0   0   0   0  31  59   0   0   0   0   0   0   0   0  10  0.86 0.22
  186 S   -1 -2  0 -1 -3 -2 -1 -2 -1 -3 -3 -1 -3 -4 -2  4  5 -4 -3 -2    1   0   2   2   0   0   3   1   1   0   0   1   0   0   0  36  52   0   0   0  0.82 0.25
  187 Y   -4 -4 -4 -5 -5 -1 -4 -4  4 -3 -3 -4 -3  5 -4 -4 -4  0  8 -3    0   0   0   0   0   2   0   0  10   0   0   0   0  20   1   0   0   0  67   0  1.66 0.34
  188 L   -1 -1  0  1 -3  1 -1 -1  0  2  2 -1  3 -1 -3 -1 -1 -3 -2  0    1   1   3  12   0   8   2   5   2  14  24   3  16   1   0   3   2   0   0   2  0.14 0.09
  189 D   -3 -1 -1  5 -5  1  5 -3  2 -5 -5 -1 -4 -5 -3 -2 -2 -5 -2 -4    0   1   0  45   0   4  42   0   5   0   0   0   0   0   0   0   1   0   1   0  1.08 0.25
  190 V    1 -4 -4 -5 -1 -3 -4 -4 -4  2  0 -4  1 -2 -4 -2 -1 -4 -2  5   13   0   0   0   1   0   0   0   0  11   3   0   3   1   0   0   1   0   1  67  0.74 0.22
  191 L   -3 -4 -5 -5 -3 -4 -5 -5 -4  4  5 -4  1 -1 -4 -4 -3 -3  0  0    0   0   0   0   0   0   0   0   0  27  68   0   1   1   0   0   0   0   2   1  0.91 0.23
  192 K    1  0  4  0 -3  2  1 -2 -1 -3 -3  1 -2 -4 -2  2  1 -4 -3 -2   11   4  25   3   0  11   8   0   0   0   0  12   0   0   0  15   8   0   0   2  0.35 0.12
  193 D   -2  4  0 -1 -5  2  1 -2  1 -4 -3  5 -1 -4 -3 -2 -2 -4 -3 -4    0  22   2   3   0  10   6   1   3   0   2  48   2   0   0   0   0   0   0   0  0.71 0.20
  194 G   -2  1  3  2 -4 -1  1  5  0 -5 -5 -1 -4 -4 -3 -1 -2 -4 -4 -4    0   9  19  12   0   2   7  45   2   0   0   2   0   0   0   2   0   0   0   0  0.68 0.17
  195 L   -3 -4 -5 -6 -3 -4 -5 -6 -5  0  6 -4  0 -1 -5 -4 -3 -4 -3 -1    0   0   0   0   0   0   0   0   0   1  98   0   0   0   0   0   0   0   0   1  1.34 0.31
  196 E    0  2  1 -2 -2  3  0  2  0 -4 -4  4 -2 -4 -3 -1 -1 -4 -3 -3    7  13   6   0   1  17   2  16   2   0   0  34   0   0   0   1   2   0   0   0  0.48 0.16
  197 V   -2 -5 -5 -5 -3 -4 -5 -5 -5  2 -1 -4 -1 -3 -4 -4 -2 -5 -3  7    1   0   0   0   0   0   0   0   0   7   0   0   0   0   0   0   0   0   0  92  1.33 0.32
  198 M   -2 -4 -5 -6 -4 -3 -5 -5 -4  0  0 -4 10 -2 -5 -4 -3 -4 -4 -2    2   0   0   0   0   0   0   0   0   2   1   0  95   0   0   0   0   0   0   0  2.31 0.47
  199 D   -4 -4 -1  8 -6 -3 -1 -4 -3 -6 -6 -3 -5 -6 -4 -2 -3 -7 -5 -6    0   0   0 100   0   0   0   0   0   0   0   0   0   0   0   0   0   0   0   0  2.16 0.40
  200 S    3 -2 -1 -2 -2 -1 -2 -1 -1 -2 -2 -2  2 -3 -2  4  2 -4 -3 -2   28   1   1   0   0   1   0   2   1   0   2   0   6   0   0  44  12   0   0   0  0.50 0.19
  201 T    0 -3 -2 -3 -3 -3 -3 -4 -4 -3 -3 -3 -3 -4 -3  1  7 -5 -4 -2    5   0   0   0   0   0   0   0   0   0   0   0   0   0   0   5  90   0   0   0  1.44 0.36
  202 A    6 -3 -4 -4 -2 -3 -3 -2 -4 -3 -4 -3 -3 -4 -3  0 -2 -5 -4 -2   98   0   0   0   0   0   0   0   0   0   0   0   0   0   0   1   0   0   0   0  1.40 0.35
  203 S    0 -3 -2 -3 -2 -3 -3 -3 -3  3  1 -3  0  2 -3  1  2 -3 -1  1    6   0   0   0   0   0   0   0   0  30   8   0   1  13   0  16  17   0   0   8  0.30 0.13
  204 S    2 -3 -1 -2 -2 -2 -2 -2 -3 -3 -3 -2 -3 -4 -2  5  4 -4 -3 -2   21   0   0   0   0   0   0   0   0   0   0   0   0   0   0  50  28   0   0   1  0.78 0.25
  205 L   -3 -4 -5 -6 -3 -4 -5 -5 -4  0  6 -4  3  1 -5 -4 -3 -3 -2 -1    0   0   0   0   0   0   0   0   0   0  89   0   7   4   0   0   0   0   0   0  1.17 0.28
  206 C    0 -5 -4 -5 10 -4 -5 -4 -5 -4 -4 -4 -3 -5 -5  2 -2 -5 -5 -3    6   0   0   0  76   0   0   0   0   0   0   0   0   0   0  18   0   0   0   0  2.19 0.39
  207 M   -3  3 -3 -3 -4  2 -2 -4 -1 -2 -1  2  8 -3 -4 -2 -2 -4 -3 -2    0  17   0   0   0   9   1   0   2   0   1  15  53   0   0   1   0   0   0   0  0.95 0.29
  208 D   -3 -3  0  7 -6 -1  4 -3 -3 -5 -5 -2 -5 -5 -3 -2 -3 -6 -5 -5    0   0   1  69   0   0  29   0   0   0   0   0   0   0   0   0   0   0   0   0  1.49 0.31
  209 N   -3 -3  8 -1 -5  0 -2 -2 -1 -6 -6 -2 -4 -5 -4 -2 -1 -6 -4 -5    1   0  93   0   0   3   0   0   0   0   0   0   0   0   0   0   1   0   0   0  1.90 0.39
  210 D   -2  0  4  3 -3  0  1 -1  3 -4 -4  2 -3 -4 -3  0 -1 -5 -3 -4    1   3  31  22   0   1   5   4   8   0   1  20   0   0   0   3   1   0   0   0  0.55 0.16
  211 I   -3 -4 -5 -5 -3 -4 -5 -5 -4  5  3 -4  4 -1 -4 -4 -2 -4 -3  1    0   0   0   0   0   0   0   0   0  52  35   0  11   0   0   0   0   0   0   1  0.89 0.23
  212 P   -3 -4 -4 -1 -5 -3 -2 -4 -4 -5 -5 -3 -5 -6  8 -3 -3 -6 -5 -5    0   0   0   3   0   0   1   0   0   0   0   0   0   0  93   0   0   0   0   0  2.58 0.41
  213 L   -3 -4 -5 -5 -3 -4 -5 -5 -5  6  3 -4  2 -1 -4 -4 -2 -4 -3  1    0   0   0   0   0   0   0   0   0  66  27   0   3   0   0   0   1   0   0   3  0.99 0.25
  214 I   -2 -2 -3 -4 -1 -3 -4 -4 -3  5  2 -2  1 -2 -4 -3 -1 -4 -2  4    1   2   1   0   1   0   0   0   0  41  14   2   3   0   0   1   1   0   1  33  0.59 0.17
  215 V   -2 -5 -5 -5 -3 -4 -5 -5 -5  2 -1 -4 -1 -3 -4 -4 -2 -5 -3  7    0   0   0   0   0   0   0   0   0   4   1   0   0   0   0   0   0   0   0  95  1.39 0.33
  216 F   -4 -5 -5 -6 -1 -5 -6 -5 -4 -2 -1 -5  0  9 -6 -5 -4 -1  1 -3    0   0   0   0   1   0   0   0   0   0   2   0   2  94   0   0   0   0   0   0  2.07 0.39
  217 S   -1 -2  5  4 -4 -1  0  1 -2 -5 -5 -2 -4 -5 -2  2 -1 -5 -4 -4    2   0  39  30   0   0   2   8   0   0   0   1   0   0   1  17   0   0   0   0  0.81 0.21
  218 I   -2 -4 -4 -5 -3 -3 -4 -5 -4  4  4 -4  5 -1 -4 -3 -2 -3 -2  1    2   0   0   0   0   0   0   0   0  25  45   0  24   1   0   1   0   0   0   3  0.76 0.21
  219 M   -2  0  4  2 -3  0  0 -2 -1 -2 -1  0  1  2 -3  0  0  0 -1 -2    1   4  29  15   0   2   3   1   0   0   7   4   6  11   0   6   7   1   1   1  0.26 0.12
  220 E   -1  0  0  1 -3  1  3 -1 -1 -1 -3  2 -2 -4 -2 -1  1 -4 -3  0    3   2   2   7   0   6  30   5   0   2   0  17   0   0   0   1  13   0   0   9  0.30 0.12
  221 E   -1  1 -1  0 -4  0  2 -3  0 -3 -4  2 -3 -4  5  0 -1 -4 -2 -3    5   7   2   3   0   4  19   1   3   1   0  12   0   0  36   5   2   0   1   1  0.69 0.16
  222 G   -2 -3 -1  1 -4 -2  0  6 -3 -5 -5 -2 -4 -5 -4 -2 -3 -4 -5 -5    0   1   2   8   0   1   6  80   0   0   0   1   0   0   0   1   1   0   0   0  1.31 0.26
  223 N   -1 -3  8  0 -4 -2 -2 -1 -1 -4 -5 -2 -4 -5 -4  0 -2 -6 -4 -4    5   0  84   1   0   0   0   3   1   1   0   0   0   0   0   4   1   0   0   1  1.51 0.34
  224 I   -3 -4 -5 -5 -3 -4 -5 -5 -5  6  3 -4  1  1 -5 -4 -2 -4 -2  1    0   0   0   0   0   0   0   0   0  67  25   0   1   6   0   0   0   0   0   1  0.98 0.24
  225 K    0  2 -1 -1 -2  0  0 -2 -1  0  1  3  1 -2 -2 -1 -1 -3  0  0    5  11   1   1   0   3   6   2   1   5  13  30   5   0   0   2   2   0   3   9  0.14 0.08
  226 R   -3  6 -1 -1 -5  0 -1 -2 -2 -5 -4  4 -3 -5 -3 -2 -3 -5 -4 -4    0  56   1   3   0   1   0   3   0   0   0  35   0   0   0   1   0   0   0   0  1.10 0.26
  227 A    4 -3 -4 -4 -1 -3 -3 -3 -4  2  0 -3  0 -2 -3 -2 -1 -4 -3  4   41   0   0   0   0   0   0   0   0  11   8   0   1   0   0   0   0   0   0  38  0.55 0.20
  228 V    0 -4 -4 -5  1 -4 -4 -4 -4  3  1 -4  0 -2 -4 -2 -1 -4 -3  5    6   0   0   0   3   0   0   0   0  16  14   0   1   0   0   1   1   0   0  58  0.68 0.20
  229 I    0  0 -1 -1  2  1  0 -3 -1 -1  1  1  3 -1 -2  0  0 -3 -1 -1    9   5   2   2   6   8   5   0   1   1  21  12  12   3   0   8   5   0   1   1  0.10 0.08
  230 G   -2 -4 -2 -3 -5 -3 -4  7 -4 -6 -6 -4 -5 -5 -4 -2 -4 -5 -5 -5    0   0   0   0   0   0   0  98   0   0   0   0   0   0   0   0   0   0   0   0  1.96 0.36
  231 E   -3 -2 -2  1 -6  1  7 -4 -1 -5 -5  0 -4 -5 -3 -2 -3 -5 -4 -4    1   0   0   5   0   3  84   0   1   0   0   5   0   0   0   0   0   0   0   0  1.41 0.33
  232 S   -1  0  3  1 -3  1  1  0  0 -3 -3  2 -2 -4  3  0  0 -4 -3 -3    3   3  20   9   0   4   8   6   2   1   0  19   0   0  13   6   4   0   0   1  0.34 0.11
  233 I   -2 -4 -4 -4 -3 -4 -2 -5 -5  6  0 -4  0 -2 -4 -3  0 -4 -3  3    1   0   0   0   0   0   3   0   0  63   4   0   0   0   0   0   4   0   0  25  0.88 0.24
  234 G   -1 -4 -2 -3 -5 -3 -4  7 -2 -6 -6 -4 -5 -4 -4 -2 -4 -4 -2 -5    1   0   0   0   0   1   0  95   1   0   0   0   0   0   0   1   0   0   2   0  1.81 0.34
  235 T   -2 -3 -2 -3 -3 -3 -3 -4 -4 -3 -4 -3 -3 -4 -3  0  7 -5 -4 -2    0   0   0   0   0   0   0   0   0   0   0   0   0   0   0   4  96   0   0   0  1.66 0.40
  236 I   -2 -1 -2 -4 -2 -2 -3 -4 -2  3  3 -1  0  0 -3 -2  2 -2  1  2    0   3   1   0   0   0   0   0   0  23  31   3   0   3   0   1  18   0   5  12  0.31 0.12
  237 V   -2 -5 -5 -5 -3 -4 -5 -5 -5  4 -1 -4 -1 -3 -4 -4 -2 -5 -3  6    0   0   0   0   0   0   0   0   0  22   0   0   0   0   0   0   0   0   0  78  1.21 0.30
  238 R   -1  2  0 -1 -3  1  2  2  3 -4 -4  2 -3 -4 -2  2  0 -4 -2 -3    0  15   1   0   0   7  13  20   8   0   0  15   0   0   0  18   3   0   0   0  0.37 0.12
  239 G   -1 -1  1 -2 -4 -2 -1  6 -3 -5 -5  0 -4 -4 -3  0 -2 -4 -4 -4    0   4   6   0   0   0   3  76   0   0   0   5   0   0   0   5   1   0   0   1  1.07 0.19
  240 K   -2  1  1  0 -4  2  4 -3  1 -4 -4  4 -3 -4 -2 -1 -2 -4 -3 -3    0   3   6   0   0   5  41   0   3   0   0  42   0   0   0   0   0   0   0   0  0.68 0.14

                      K         Lambda
Standard Ungapped    0.1321     0.3147
Standard Gapped      0.0578     0.2670
PSI Ungapped         0.1885     0.3143
PSI Gapped           0.0578     0.2670
