
Last position-specific scoring matrix computed, weighted observed percentages rounded down, information per position, and relative weight of gapless real matches to pseudocounts
           A  R  N  D  C  Q  E  G  H  I  L  K  M  F  P  S  T  W  Y  V   A   R   N   D   C   Q   E   G   H   I   L   K   M   F   P   S   T   W   Y   V
    1 M   -2 -2 -3 -4 -2 -1 -3 -4 -2  0  1 -2  8 -1 -3 -2 -2 -2 -2  0    0   0   0   0   0   0   0   0   0   0   0   0 100   0   0   0   0   0   0   0  1.04 0.15
    2 A    5 -2 -2 -2 -1 -1 -2  0 -2 -2 -2 -1 -2 -3 -1  1 -1 -3 -2 -1  100   0   0   0   0   0   0   0   0   0   0   0   0   0   0   0   0   0   0   0  0.69 0.10
    3 K    0  0  2 -1 -2  0  0 -1 -1 -3 -3  3 -2 -3 -2  4  0 -4 -2 -3    0   0   8   0   0   0   2   0   0   0   0  31   0   0   0  59   0   0   0   0  0.47 0.09
    4 T    4 -1  1 -2 -1  1 -1 -1 -2 -2 -2 -1 -1 -3 -2  1  2 -3 -2 -1   62   2   7   0   0   6   0   0   0   0   0   0   1   0   0   7  13   0   0   0  0.37 0.08
    5 N    3 -1  2 -1 -2  1 -1 -1 -2  0 -2  1 -1 -3  2  0 -1 -3 -2 -1   53   1  13   0   0   7   0   0   0   7   2   8   0   0   8   0   0   0   0   0  0.27 0.07
    6 S    0 -1  1  1 -3  1  4  1 -1 -3 -3  0 -2 -4 -1  2 -1 -3 -3 -3    9   0   8   1   0   1  48   9   0   0   0   2   0   0   2  19   0   0   0   0  0.43 0.07
    7 K   -1  1 -1 -1 -3  5  1  1 -1 -2 -1  2 -1 -3 -1 -1 -1 -3 -2 -1    2   3   0   0   0  55   0  11   0   0   8  13   0   0   2   1   0   0   0   5  0.42 0.09
    8 N    0 -2  2  0 -2 -1 -2  1 -2  0  2 -1  0  0 -3  0 -1 -3 -2 -1    7   0  15   6   0   2   0  13   0   0  42   2   0   3   0  12   0   0   0   0  0.13 0.05
    9 L    3 -2 -2 -3 -2 -1 -2  1 -2  0  1  0  4 -1 -2  0 -1 -3 -2  0   34   0   0   0   0   1   0  12   0   3   9   7  25   1   0   5   0   0   0   2  0.23 0.09
   10 L   -1 -4 -4 -5 -4 -3 -4 -4 -4 -2  0 -4 10  1 -3  0 -2 -4 -3 -2    4   0   0   0   0   0   0   0   0   0   2   0  77   6   1   8   1   0   0   1  1.71 0.47
   11 G   -2 -4  1 -3 -3 -3 -4  0 -3  1  3 -4  0  5 -4 -3 -3 -1  0 -1    3   0  10   0   0   0   0   7   0   6  33   0   1  37   0   1   0   0   0   1  0.58 0.22
   12 Q    0  2  0  0 -3  2  1 -1 -1 -2 -1  2 -1 -2 -2  2  1 -3 -2 -2    3   9   2   4   0  14   8   3   1   1   6  16   2   1   1  20   9   0   0   0  0.23 0.12
   13 K    2 -2  2 -2 -2 -2 -2 -1 -3 -1 -1  0 -2 -2 -2  1  4 -4 -3 -1   24   0  10   0   0   0   0   3   0   2   6   4   0   1   0   9  39   0   0   1  0.43 0.21
   14 I   -3 -4 -5 -5 -3 -4 -4 -5 -4  3  4 -4  1  4 -4 -4 -2 -2  0  1    0   0   0   0   0   0   0   0   0  19  44   0   2  25   0   0   1   0   1   6  0.72 0.23
   15 I    1  1 -1 -2 -3  1 -1  0 -2  0 -1  3 -1 -2 -2  2  0 -4 -3  0   14   5   0   1   0   5   1   8   0   5   4  24   0   1   0  20   2   0   0   8  0.19 0.12
   16 K   -1  1  6  1 -4  0 -1 -1 -2 -4 -5  0 -3 -5 -3  1  0 -5 -3 -3    6   9  53   6   0   2   2   4   0   0   0   4   0   0   0   9   4   0   0   1  0.77 0.26
   17 L    4 -3 -3 -4 -2 -3 -3 -2 -3  2  0 -3  1  4 -3  0 -2 -3 -1  0   44   0   0   0   0   0   0   1   0  18   6   0   3  20   0   4   1   0   0   2  0.49 0.22
   18 L    0 -4 -4 -5 -3 -4 -4 -1 -3 -1  1 -4  3  6 -4 -2 -3  7  0 -2    9   0   0   0   0   0   0   5   0   2  15   0   9  40   0   3   1  15   0   1  0.80 0.25
   19 R   -2  5 -1 -3 -5  0 -1 -3 -2 -5 -4  6 -3 -5 -3 -1 -2 -5 -4 -4    3  30   1   0   0   2   0   0   1   0   0  58   0   0   0   2   2   0   0   0  1.13 0.33
   20 N    1 -3  0 -1 -2 -2 -1 -3 -3  3  0 -2 -1 -1 -3 -1  2 -3 -1  3   12   0   4   4   0   0   3   0   0  19   6   1   0   3   0   1  15   0   2  30  0.26 0.15
   21 R    0  0 -2 -1 -4 -1  1  1 -3 -4 -4  3 -3 -5  5 -1  1 -5 -4 -3    7   4   0   3   0   1   8  11   0   0   0  26   0   0  28   3   9   0   0   0  0.61 0.20
   22 D   -3 -3  0  6 -6 -1  5 -3 -3 -6 -6 -2 -4 -6 -4 -2 -3 -6 -5 -5    0   0   2  51   0   1  44   1   0   0   0   1   0   0   0   1   1   0   0   0  1.39 0.38
   23 F   -3 -4 -5 -5 -3 -4 -5 -6 -5  4  5 -4  0  0 -5 -4 -2 -4 -3  1    0   0   0   0   0   0   0   0   0  25  65   0   0   2   0   0   1   0   0   7  0.99 0.29
   24 V   -4  7 -3 -4 -6 -1 -2 -4 -3 -5 -5  4 -4 -5 -4 -3 -3 -4 -4 -3    0  72   0   0   0   0   0   0   0   0   0  24   0   0   0   0   0   0   0   2  1.60 0.42
   25 I   -2  4  3 -1 -4  1 -1 -2  0 -3 -4  4 -3 -4 -3  1 -1 -5 -3 -3    2  21  16   1   0   7   0   2   1   2   0  38   0   0   0   9   1   0   0   0  0.63 0.23
   26 S   -3  6 -3 -3 -6 -1 -2 -4 -3 -5 -5  6 -4 -5 -4 -2 -3 -5 -4 -5    0  42   0   0   0   0   0   0   0   0   0  56   0   0   0   2   0   0   0   0  1.44 0.40
   27 V   -3 -5 -5 -5 -3 -4 -5 -6 -5  6  3 -5  1 -2 -5 -4 -3 -4 -3  2    0   0   0   0   0   0   0   0   0  58  29   0   2   0   0   0   0   0   0  10  1.04 0.30
   28 F   -3 -4 -5 -5 -3 -4 -5 -3 -4  2  4 -4  0  3 -5 -4 -3  6 -1  0    1   0   0   0   0   0   0   2   0  12  50   0   1  15   0   0   0  13   0   5  0.79 0.25
   29 V   -5 -5 -6 -6 -5 -6 -6 -6 -4 -1 -2 -6 -2  9 -6 -5 -4  0  3 -2    0   0   0   0   0   0   0   0   0   3   0   0   1  87   0   0   0   1   5   2  2.12 0.48
   30 T   -3 -4 -3 -4 -3 -3 -4 -4 -4 -2 -1 -3 -2 -4 -4 -1  7 -5 -4  1    0   0   0   0   0   0   0   0   0   0   6   0   0   0   0   2  84   0   0   8  1.45 0.44
   31 L   -3 -4 -5 -6 -3 -4 -5 -6 -5  2  6 -5  0  0 -5 -4 -3 -4 -3  1    1   0   0   0   0   0   0   0   0  10  80   0   1   3   0   0   0   0   0   5  1.11 0.32
   32 F    2 -4 -3 -4 -3 -3 -4  4 -3 -1  2 -3  2  3 -4 -2 -2  0 -2 -1   20   0   0   0   0   0   0  32   0   3  21   0   6  15   0   1   0   1   0   1  0.44 0.19
   33 L    2 -4 -4 -5 -3 -3 -4 -3 -4  3  1 -4  7 -2 -4 -3 -2 -4 -3  1   22   0   0   0   0   0   0   1   0  22   9   0  38   0   0   0   0   0   0   9  0.82 0.30
   34 I   -3 -4 -5 -6 -3 -4 -5 -6 -5  3  5 -5  2  2 -5 -4 -3 -3 -2  0    0   0   0   0   0   0   0   0   0  16  72   0   4   7   0   0   0   0   0   1  1.04 0.30
   35 L    1 -4 -4 -5 -3 -4 -4 -4 -4  4  2 -4  0  2 -4 -3 -2 -3 -2  3   13   0   0   0   0   0   0   0   0  29  24   0   0  10   0   1   0   0   0  24  0.53 0.20
   36 L   -2 -5 -5 -5 -3 -4 -5 -6 -5  4  1 -5 -1 -3 -5 -4 -2 -5 -3  6    0   0   0   0   0   0   0   0   0  21  10   0   0   0   0   0   0   0   0  68  1.14 0.34
   37 F   -5 -5 -5 -6 -5 -5 -5 -6 -2 -3 -3 -5 -3  7 -6 -5 -5 -1  7 -4    0   0   0   0   0   0   0   0   0   1   0   0   0  53   0   0   0   0  47   0  2.03 0.47
   38 R   -4  8 -3 -4 -6 -2 -3 -5 -3 -6 -5  0 -4 -6 -5 -4 -4 -6 -5 -5    0  97   0   0   0   0   0   0   0   0   0   3   0   0   0   0   0   0   0   0  2.26 0.53
   39 V   -2 -4 -5 -5 -3 -4 -5 -5 -5  5  4 -4  1 -1 -5 -4 -3 -4 -3  2    3   0   0   0   0   0   0   0   0  41  43   0   1   2   0   0   0   0   0  10  0.87 0.27
   40 I   -2 -5 -3 -4 -3 -4 -5  7 -5 -3 -6 -4 -5 -6 -5 -3 -4 -5 -6 -6    0   0   0   0   1   0   0  97   0   2   0   0   0   0   0   0   0   0   0   0  2.09 0.47
   41 S    3 -3 -2 -3  0 -2 -3 -2 -3 -2 -3 -2 -3 -4 -3  3  5 -5 -4  0   30   0   0   0   2   0   0   0   0   2   0   0   0   0   0  23  38   0   0   4  0.71 0.28
   42 V   -3 -2 -1 -4 -5  0 -3 -4  8 -3 -3 -3 -2  4 -5 -2 -1 -2  5 -2    1   1   2   0   0   4   0   1  41   0   0   0   0  22   0   2   3   0  20   2  1.17 0.34
   43 I   -3 -5 -6 -6 -4 -5 -6 -6 -6  7  0 -5 -1 -2 -5 -5 -3 -5 -4  3    0   0   0   0   0   0   0   0   0  81   4   0   0   0   0   0   0   0   0  14  1.51 0.40
   44 P   -3 -5 -4 -4 -5 -4 -4 -5 -5 -5 -5 -4 -5 -6  8 -2  2 -6 -5 -5    1   0   0   0   0   0   0   0   0   0   0   0   0   0  81   1  17   0   0   0  2.34 0.50
   45 L   -1 -4 -4 -5 -3 -4 -4 -5 -5  2  1 -4  0 -3 -4 -1  2 -5 -3  5    4   0   0   0   0   0   0   0   0   8   9   0   1   0   0   3  12   0   0  62  0.79 0.28
   46 P   -4 -5 -5 -5 -6 -4 -4 -5 -5 -6 -6 -4 -6 -7  9 -4 -4 -7 -6 -6    0   0   0   0   0   0   0   0   0   0   0   0   0   0 100   0   0   0   0   0  3.11 0.61
   47 G   -2 -4  1 -3 -5 -4 -4  7 -2 -6 -6 -4 -3  0 -5 -2 -3 -4 -1 -5    0   0   6   0   0   0   0  85   1   0   0   0   1   4   0   1   0   0   2   0  1.62 0.40
   48 I   -3 -5 -5 -5 -3 -4 -5 -6 -5  5  0 -5  0 -3 -5 -4 -1 -5 -3  5    0   0   0   0   0   0   0   0   0  43   2   0   2   0   0   0   3   0   0  49  1.12 0.33
   49 T   -4 -3  7  6 -5 -2 -2 -3 -2 -5 -6 -3 -5 -6 -4 -1 -2 -6 -5 -5    0   0  54  41   0   0   0   0   0   0   0   0   0   0   0   2   2   0   0   0  1.53 0.41
   50 I    3  0 -2 -3 -3 -2 -2  0 -1 -1 -3 -2 -2 -2  4  0  0 -3  2  0   31   4   1   0   0   0   0   5   1   3   1   1   0   1  25   5   6   0   9   6  0.47 0.19
   51 S    2 -1  1  2 -3  1  2 -1 -1 -2 -3  1 -2 -4 -1  1  1 -4 -3 -1   19   1   6  15   0   6  13   3   1   1   1  11   0   0   2  11   7   0   0   3  0.25 0.12
   52 Q    4 -1  0 -2 -2  0 -1 -2 -3  0 -2 -1 -1 -3 -2  0  0 -2 -2  2   42   3   6   1   0   6   2   1   0   3   2   3   1   0   0   4   3   1   1  22  0.32 0.18
   53 N   -3 -4 -3 -5 -1 -4 -4 -5 -4  2  4 -4  2  2 -4 -4 -2  0 -1  2    0   0   2   0   1   0   0   0   0  12  56   0   5   9   0   0   0   1   1  11  0.68 0.23
   54 K    2  0  0  0 -3  3  2 -1 -1 -3 -3  2 -2 -4 -2  1  0 -4 -3 -2   25   4   4   5   0  18  12   2   1   0   1  13   0   0   0   8   5   0   0   0  0.32 0.15
   55 N    1  0  1  2 -3  4  2 -2  0 -2 -3  1 -1 -2 -2  1  0 -4 -2 -2   12   2   7  10   0  24  13   1   2   2   2   8   1   2   1  10   4   0   0   1  0.30 0.14
   56 N   -1 -3 -2 -2  3 -2 -3 -3 -3  1  3 -3  2  2 -2 -2 -1 -2 -1  1    5   0   3   2   9   2   1   2   0   7  33   0   7  10   1   2   3   0   1  12  0.25 0.11
   57 L    0 -3 -2 -2 -2 -2 -3 -3 -2  1  1 -2  1  5 -3  0 -1 -1  0  0   11   1   1   2   0   1   1   1   0  11  14   1   3  36   1   7   2   0   0   6  0.35 0.14
   58 N    0  0  2  2 -3  2  2 -1  0 -3 -3  0 -2 -2 -2  1  0 -3 -2 -2   10   5  13  14   0  11  13   3   1   1   2   5   1   2   1  12   5   0   0   2  0.25 0.09
   59 N   -1  0  1 -1 -3  5  0  0  0 -3 -3  0 -2 -3 -2  2  1 -3 -2 -3    4   3   8   2   0  31   1   8   1   1   1   4   0   1   1  22   9   0   0   1  0.40 0.17
   60 G    1 -2  1  1 -3  3 -1  4  1 -4 -4 -2 -3 -4 -3  0 -2 -3 -3 -3   12   1   7   8   0  19   1  37   4   0   1   0   0   0   0   6   1   0   0   1  0.52 0.18
   61 V    1  0  1  0 -2  3  0  1 -1 -2 -1  0 -1 -2 -1  1  0 -2 -2 -1   12   4   5   3   0  18   5  10   1   1   6   5   1   1   1  16   4   0   1   4  0.14 0.07
   62 S    0 -2  1 -1 -2  1 -1  4 -2 -2  0 -1 -1 -2 -2  1  0 -3 -2 -1    8   1   8   1   0   7   1  37   0   1  10   1   2   2   1  11   6   0   1   3  0.31 0.11
   63 D   -1 -2  2  0 -3  0 -1  4 -2 -3 -3 -2 -3 -3  1  1  1 -3 -3 -3    3   1  10   4   0   4   2  37   1   1   1   1   0   1   7  13  13   0   0   1  0.45 0.15
   64 F   -1 -4 -4 -5 -3 -4 -4 -5 -4  4  3 -4  1  2 -4 -3 -2 -3 -2  2    4   0   0   0   0   0   0   0   0  32  38   0   2   9   0   1   0   0   0  12  0.63 0.20
   65 F   -3 -4 -5 -5 -3 -4 -5 -5 -3  1  4 -4  0  5 -5 -4 -2 -2  1  0    0   0   0   0   0   0   0   0   0   6  46   0   1  35   0   0   2   0   4   5  0.84 0.25
   66 D   -1 -3  2  2 -4 -3 -1  6 -3 -5 -4 -3 -4 -5 -3  1 -2 -4 -4 -4    1   1  10  10   0   0   3  62   0   0   1   0   0   0   1   9   1   0   0   0  0.98 0.26
   67 L   -3 -4 -4 -5 -3 -3 -4 -5 -4  1  4 -4  6  4 -4 -4 -3 -3 -1  0    0   0   1   0   0   0   0   0   0   6  37   0  28  21   0   0   0   0   1   4  0.86 0.27
   68 F   -3 -4 -5 -5 -3 -4 -4 -5 -3  1  3 -4  2  6 -5 -4 -3 -2  0  1    1   0   0   0   0   0   0   0   0   6  38   0   4  41   0   0   0   0   1   7  0.87 0.25
   69 N   -4 -3  7  5 -5 -2 -2 -3 -2 -6 -6 -3 -5 -6 -4 -1 -3 -6 -5 -5    0   0  67  31   0   1   0   0   0   0   0   0   0   0   0   1   0   0   0   0  1.67 0.43
   70 L   -2 -4 -4 -4 -3 -3 -4 -5 -4  1  2 -3  7 -2 -4 -2  4 -4 -3  0    0   0   0   0   0   0   0   0   0   8  21   0  37   0   0   0  28   0   0   6  0.86 0.31
   71 L   -4 -5 -6 -6 -4 -5 -6 -6 -4  1  0 -5 -1  8 -6 -5 -4 -2  0  1    0   0   0   0   0   0   0   0   0   8   4   0   1  77   0   0   0   0   0  10  1.68 0.41
   72 G    1 -3 -1 -3 -3 -2 -3  3 -3 -4 -5 -2 -4 -5 -3  6  0 -5 -4 -4   12   0   1   0   0   0   0  18   0   0   0   0   0   0   0  65   4   0   0   0  0.98 0.34
   73 G   -2 -5 -3 -4 -5 -4 -5  7 -5 -7 -6 -4 -5 -6 -5 -3 -4 -5 -6 -6    0   0   0   0   0   0   0 100   0   0   0   0   0   0   0   0   0   0   0   0  2.21 0.47
   74 G   -2 -5  0 -4 -5 -4 -4  7 -4 -6 -6 -4 -5 -6 -5 -2 -4 -5 -6 -6    0   0   4   0   0   0   0  94   0   0   0   0   0   0   0   2   0   0   0   0  1.97 0.44
   75 G    6 -4 -2 -4 -3 -3 -3  2 -4 -4 -4 -3 -3 -5 -3  0 -2 -5 -4 -3   82   0   1   0   0   0   0  13   0   0   0   0   0   0   0   3   0   0   0   0  1.21 0.38
   76 L   -3 -4 -5 -6 -3 -4 -5 -6 -5  0  5 -4  3  3 -5 -4 -3 -3 -2  0    0   0   0   0   0   0   0   0   0   2  74   0   6  13   0   0   0   0   0   5  1.05 0.31
   77 S   -1  1 -1  0 -3  2  2  0 -1 -3  0  2 -2 -2 -2  2  0 -3 -2 -2    2   5   1   2   0  10  13   7   1   0  12  15   0   2   0  24   5   0   1   0  0.21 0.13
   78 Q   -3  5  5 -2 -5  4 -1 -3  0 -5 -5  1 -3 -5 -4 -1 -2 -5 -4 -5    0  35  33   0   0  20   0   0   1   0   0   6   0   0   0   3   0   0   0   0  0.98 0.31
   79 L   -1 -4 -5 -5 -4 -4 -5 -5 -3  0  2 -4  4  6 -5 -4 -3 -1  4 -1    5   0   0   0   0   0   0   0   0   4  21   0  13  44   0   0   0   0  13   1  0.95 0.28
   80 S    1 -3 -2 -3 -3 -2 -3 -3 -3 -4 -4 -3 -3 -5 -3  6  4 -5 -4 -3    8   0   0   0   0   0   0   0   0   0   0   0   0   0   0  68  24   0   0   0  1.15 0.38
   81 L   -3 -5 -5 -5 -3 -5 -5 -6 -5  6  1 -5 -1 -2 -5 -4 -3 -5 -3  4    0   0   0   0   0   0   0   0   0  67   9   0   0   0   0   0   0   0   0  24  1.23 0.34
   82 F   -5 -6 -6 -6 -4 -6 -6 -6 -4 -3  0 -6 -2  9 -6 -5 -5 -2  0 -3    0   0   0   0   0   0   0   0   0   0   6   0   0  93   0   0   0   0   0   1  2.30 0.50
   83 A    6 -4 -4 -4 -3 -3 -3 -2 -4 -4 -4 -3 -3 -5 -3  1 -2 -5 -4 -3   90   0   0   0   0   0   0   1   0   0   0   0   0   0   0   9   0   0   0   0  1.43 0.42
   84 V   -3 -4 -5 -6 -4 -4 -5 -6 -5  1  5 -4  8 -2 -5 -4 -3 -4 -3  0    0   0   0   0   0   0   0   0   0   4  51   0  42   0   0   0   1   0   0   3  1.29 0.37
   85 G   -2 -4  1 -3 -4 -3 -4  6 -4 -6 -6 -3 -5 -5 -4  2 -3 -5 -5 -5    0   0   7   0   0   0   0  75   0   0   0   0   0   0   0  18   0   0   0   0  1.45 0.36
   86 I   -3 -5 -6 -6 -3 -5 -5 -6 -6  7 -1 -5 -1 -3 -5 -5 -3 -5 -4  4    0   0   0   0   0   0   0   0   0  76   0   0   0   0   0   0   0   0   0  24  1.47 0.39
   87 S   -2 -4 -3 -4 -4 -3 -4 -4 -4 -2 -1 -3  9 -2 -4  3  3 -4 -3 -2    0   0   0   0   0   0   0   0   0   0   0   0  58   1   0  22  17   0   1   1  1.31 0.43
   88 P   -4 -5 -5 -5 -6 -4 -4 -5 -5 -6 -6 -4 -6 -7  9 -4 -4 -7 -6 -5    0   0   0   0   0   0   0   0   0   0   0   0   0   0 100   0   0   0   0   0  3.08 0.59
   89 Y   -5 -5 -5 -6 -6 -5 -5 -6 -1 -4 -4 -5 -4  1 -6 -5 -5 -1 10 -4    0   0   0   0   0   0   0   0   0   0   0   0   0   1   0   0   0   0  99   0  2.86 0.61
   90 I   -4 -6 -6 -6 -4 -6 -6 -7 -6  8 -1 -5 -1 -3 -6 -5 -3 -5 -4  1    0   0   0   0   0   0   0   0   0  98   0   0   0   0   0   0   0   0   0   2  1.94 0.48
   91 S   -2 -3  3 -2 -3 -3 -3 -3 -3 -4 -4 -3 -3 -5 -3  4  6 -5 -4 -3    0   0  13   0   0   0   0   0   0   0   0   0   0   0   0  33  54   0   0   0  1.09 0.37
   92 A    6 -4 -4 -4 -3 -3 -3 -2 -4 -4 -4 -3 -3 -5 -3  1 -2 -5 -4 -3   92   0   0   0   0   0   0   0   0   0   0   0   0   0   0   8   0   0   0   0  1.46 0.43
   93 Q   -1 -3 -2 -3 -4  2 -2 -3 -3 -5 -5 -2 -4 -5 -3  7 -1 -5 -4 -4    2   0   0   0   0  11   0   0   0   0   0   0   0   0   0  87   0   0   0   0  1.44 0.45
   94 I   -4 -6 -6 -6 -4 -6 -6 -7 -6  8 -1 -5 -1 -3 -6 -5 -3 -5 -4  0    0   0   0   0   0   0   0   0   0 100   0   0   0   0   0   0   0   0   0   0  1.99 0.49
   95 I   -3 -5 -6 -6 -4 -5 -6 -6 -6  7 -1 -5 -1 -3 -5 -5 -3 -5 -4  3    0   0   0   0   0   0   0   0   0  83   0   0   0   0   0   0   0   0   0  17  1.58 0.41
   96 M   -3 -4 -5 -5 -3 -3 -4 -5 -4  3  2 -4  6 -1 -4 -4 -2 -4 -3  4    0   0   0   0   0   0   0   0   0  18  17   0  30   2   0   0   1   0   0  33  0.87 0.28
   97 Q   -4 -2 -2 -3 -6  9  0 -5 -2 -6 -5 -2 -3 -6 -4 -3 -4 -5 -4 -5    0   0   1   0   0  97   1   0   0   0   0   0   0   0   0   0   0   0   0   0  2.33 0.59
   98 L   -4 -5 -6 -6 -4 -5 -5 -6 -5 -1  6 -5  0 -2 -5 -5 -4 -4 -3 -1    0   0   0   0   0   0   0   0   0   0 100   0   0   0   0   0   0   0   0   0  1.59 0.42
   99 L   -3 -4 -5 -6 -3 -4 -5 -6 -5  0  6 -4  5 -2 -5 -4 -3 -4 -3 -1    1   0   0   0   0   0   0   0   0   0  84   0  14   0   0   0   0   0   0   0  1.33 0.37
  100 S    0  0  0 -1 -1  4  0 -1 -1 -2 -1  0 -1 -2 -1  1  0 -1 -1 -1    6   5   3   3   1  34   3   5   1   2   4   3   1   2   2  13   6   1   2   3  0.26 0.08
  101 T   -2 -3 -3 -4 -3 -3 -3 -4 -4 -2 -1 -3  7 -2 -3 -1  6 -4 -3 -2    1   0   0   0   0   0   0   0   0   0   1   0  37   1   0   2  54   0   0   1  1.21 0.38
  102 D    0 -3 -2  5 -3 -2 -1 -3 -3  1 -2 -3 -2 -3 -3  0 -2 -4 -2  4    7   0   0  38   0   0   1   1   0   8   1   0   0   0   0   6   0   0   1  35  0.58 0.23
  103 L    1 -5 -5 -5 -3 -4 -4 -5 -5  4  0 -4 -1 -3 -4 -3 -2 -5 -3  6   10   0   0   0   0   0   0   0   0  21   3   0   0   0   0   0   0   0   0  66  1.01 0.32
  104 I   -2 -4 -4 -4 -3 -4 -4 -5  0  5  0 -4 -1 -1 -4 -1 -2 -4 -2  4    0   0   0   0   0   0   0   0   3  41   5   0   0   2   0   7   0   0   1  40  0.77 0.26
  105 P   -4 -5 -5 -4 -6 -4 -4 -5 -5 -6 -6 -3 -6 -7  9 -4 -4 -7 -6 -5    0   0   0   0   0   0   0   0   0   0   0   0   0   0  99   0   0   0   0   0  3.04 0.58
  106 P    0  3 -1 -2 -4  1 -1 -3  2 -3 -4  4 -3 -4 -1  1  1 -4  0 -3    6  18   0   0   0   5   1   0   5   0   0  36   0   0   3  14   9   0   3   0  0.50 0.21
  107 L   -4 -5 -5 -6 -4 -5 -5 -6 -4  0  5 -5  1  6 -5 -5 -4 -1  0 -2    0   0   0   0   0   0   0   0   0   2  58   0   2  38   0   0   0   0   1   0  1.17 0.33
  108 S    1 -2 -2 -1 -4  0  5 -4 -3 -3 -3 -1 -3 -4 -3  0  1 -5 -4  1   10   0   0   1   0   1  55   0   0   0   0   2   0   0   0   5  11   0   0  15  0.73 0.28
  109 K    2  1 -1 -1 -4  4  5 -3 -2 -4 -4  1 -3 -5 -3 -1 -1 -4 -4 -4   20   6   1   0   0  18  46   0   0   0   0   6   0   0   0   1   2   0   0   0  0.77 0.27
  110 L   -4 -5 -6 -6 -4 -4 -5 -6 -5 -1  5 -5  2 -2 -6 -5 -4 10 -2 -2    0   0   0   0   0   0   0   0   0   2  55   0   4   0   0   0   0  40   0   0  1.85 0.43
  111 A    2  0 -1 -2 -3  1 -1  0  0 -4 -4  4 -3 -4 -3  3 -1 -4 -3 -3   23   4   1   0   0   5   0   6   2   0   0  33   0   0   0  27   0   0   1   0  0.54 0.23
  112 K   -3  0 -2 -3 -6 -1 -1 -4 -3 -5 -5  8 -4 -6 -4 -3 -3 -6 -5 -5    0   2   0   0   0   0   1   0   0   0   0  96   0   0   0   0   0   0   0   0  1.88 0.49
  113 S   -3 -2 -2  0 -6  5  6 -4 -2 -6 -5 -1 -4 -6 -4 -1 -3 -5 -4 -5    0   0   0   2   0  34  62   0   0   0   0   0   0   0   0   3   0   0   0   0  1.45 0.41
  114 G   -2 -5 -3 -3 -5 -4 -5  7 -5 -7 -6 -4 -5 -6 -5 -3 -4 -5 -6 -6    0   0   0   0   0   0   0 100   0   0   0   0   0   0   0   0   0   0   0   0  2.19 0.47
  115 E   -2 -2 -2  1 -6  3  7 -4 -2 -5 -5 -1 -4 -6 -3 -2 -3 -5 -4 -4    3   0   0   5   0  15  74   0   0   0   0   0   0   0   0   1   0   0   0   1  1.37 0.39
  116 L    2 -2 -2 -2 -3  1  2 -3 -1 -1 -1 -2  1 -2 -3  1 -1 -4 -1  3   21   1   1   1   0   7  17   0   1   1   3   0   3   0   0  15   1   0   2  27  0.25 0.17
  117 G   -2 -5 -3 -4 -5 -4 -5  7 -5 -7 -6 -4 -5 -6 -5 -3 -4 -5 -6 -6    0   0   0   0   0   0   0 100   0   0   0   0   0   0   0   0   0   0   0   0  2.21 0.47
  118 R   -3  7 -3 -4 -6  2 -2 -5 -1 -5 -5  1 -4 -4 -4 -3  0 -5 -3 -5    1  77   0   0   0  10   0   0   1   0   0   4   0   0   0   0   6   0   1   0  1.53 0.41
  119 R    0  5 -2 -3 -5 -1 -1 -4 -3 -5 -4  5 -2 -5 -3 -2 -2 -2 -4 -4   10  42   1   0   0   0   1   0   0   0   0  44   1   0   0   0   1   1   0   0  1.07 0.33
  120 R   -3  1 -3 -3 -5  0 -2 -4 -3 -1 -4  7 -3 -5 -4 -3 -2 -5 -4 -2    0   3   0   0   0   1   0   0   0   4   0  87   0   0   0   0   1   0   0   4  1.49 0.43
  121 I   -3 -4 -5 -5 -3 -4 -5 -6 -5  6  4 -4  2 -2 -5 -3 -1 -4 -3  0    0   0   0   0   0   0   0   0   0  53  38   1   4   0   0   1   3   0   0   0  0.98 0.30
  122 E    2 -3  5 -1 -3 -1 -1 -2 -2 -2 -3 -2 -2 -4 -3  0  4 -5 -4 -2   18   0  33   2   0   2   2   1   0   1   0   0   1   0   0   4  34   0   0   1  0.67 0.27
  123 L   -3  0  0 -3 -6  8  0 -4 -2 -5 -3  1 -3 -6 -4 -3 -2 -5 -3 -5    0   3   3   0   0  80   3   0   0   0   2   6   0   0   0   0   2   0   0   0  1.65 0.47
  124 I    0 -4 -4 -5 -4 -4 -4 -5 -1  0 -1 -4 -2  2 -5 -3 -3  3  8  2    9   0   0   0   0   0   0   0   1   6   3   0   0   7   0   0   0   3  56  14  1.16 0.34
  125 T   -2 -4 -2 -4 -4 -3 -4 -4 -4 -2 -4 -3 -3 -5 -4 -1  8 -5 -4 -2    0   0   1   0   0   1   0   0   0   1   0   0   0   0   0   0  96   0   0   1  1.87 0.51
  126 R   -4  8 -3 -4 -6 -2 -3 -5 -3 -4 -5  0 -4 -6 -5 -3 -3 -6 -5 -5    0  98   0   0   0   0   0   0   0   1   0   1   0   0   0   0   0   0   0   0  2.23 0.52
  127 F   -5 -4 -5 -6 -5 -4 -5 -6 -1 -4 -4 -5 -3  1 -6 -5 -5  3 10 -3    0   0   0   0   0   0   0   0   0   0   0   0   0   3   0   0   0   3  92   1  2.57 0.56
  128 V   -1 -4 -3 -4 -3 -4 -4  4 -4  0  3 -4  0  2 -4 -2 -3 -3 -2 -1    4   0   0   0   0   0   0  36   0   4  40   0   1  11   0   1   0   0   0   3  0.57 0.22
  129 T    0 -4 -3 -4 -3 -3 -3 -3 -4 -3 -4 -3 -3 -5 -4  0  7 -5 -4 -3    7   0   0   0   0   0   0   1   0   0   0   0   0   0   0   3  89   0   0   0  1.62 0.47
  130 L   -2 -5 -5 -5 -3 -4 -5 -5 -5  5  2 -4 -1 -2 -4 -4 -2 -4 -3  5    2   0   0   0   0   0   0   0   0  35  16   0   0   0   0   0   0   0   0  48  0.95 0.28
  131 P    1 -4 -4 -4 -2 -4 -4  0 -4  3  1 -4 -1  0 -2 -2 -2 -4 -3  4   14   0   0   0   0   0   0   8   0  15  11   0   0   4   2   0   0   0   0  47  0.50 0.21
  132 F   -4 -4 -6 -6 -3 -4 -5 -6 -5  2  6 -5  0  0 -5 -5 -3 -4 -3  0    0   0   0   0   0   0   0   0   0   9  86   0   1   2   0   0   0   0   0   1  1.26 0.35
  133 A    5 -4 -3 -4 -2 -3 -3  3 -4 -4 -4 -3 -3 -5 -3  1 -2 -5 -4 -3   66   0   0   0   0   0   0  24   0   0   0   0   0   0   0   8   1   0   0   0  1.01 0.33
  134 V   -1 -4 -4 -5 -3 -4 -4 -4 -3  2  2 -4  0  6 -4 -3  0 -2  0  1    6   0   0   0   0   0   0   1   0  11  21   0   1  40   0   0   7   0   1  12  0.63 0.22
  135 V   -2 -4 -5 -5 -3 -4 -5 -5 -4  5  2 -4  0  3 -4 -4 -2 -3 -2  3    3   0   0   0   0   0   0   0   0  37  21   0   1  16   0   0   0   0   0  23  0.71 0.23
  136 Q   -4 -2 -3 -3 -6  9  0 -5 -2 -6 -5 -2 -3 -6 -4 -3 -4 -5 -4 -5    0   0   0   0   0  98   2   0   0   0   0   0   0   0   0   0   0   0   0   0  2.37 0.59
  137 A    5 -3 -2 -3 -3 -3 -3  2 -3 -4 -4 -3 -3 -4 -3  4 -1 -5 -4 -3   51   0   0   0   0   0   0  17   0   0   0   0   0   0   0  32   0   0   0   0  0.87 0.31
  138 F   -2 -4 -4 -4 -2 -3 -4 -4 -3  3  2 -3  0  4 -4 -1  1  0  3  1    2   0   0   0   0   0   0   0   0  28  16   0   2  20   0   3  12   1  10   6  0.45 0.18
  139 A    1 -4 -3 -4 -4 -4 -4  7 -4 -5 -5 -4 -4 -3 -4 -2 -1 -5 -5 -4   11   0   0   0   0   0   0  82   0   0   0   0   0   1   0   1   4   0   0   0  1.54 0.37
  140 I   -3 -4 -5 -5 -3 -4 -5 -6 -5  6  2 -4  6 -1 -5 -4 -2 -4 -2  1    0   0   0   0   0   0   0   0   0  57  14   0  24   2   0   0   1   0   1   2  1.11 0.33
  141 I    3 -3 -2 -3 -2 -2 -2 -1 -3 -1 -3 -2 -2 -4 -3  3  3 -4 -2  1   31   0   0   0   0   0   0   2   0   3   0   0   0   0   0  30  22   0   1  12  0.54 0.24
  142 A    2 -3 -4 -4 -2 -3 -3 -3 -3  3  0 -3  0  2 -3 -2  0 -2  3  2   25   0   0   0   0   0   0   0   0  21   5   0   2   9   0   0   6   0  13  18  0.37 0.18
  143 L    1 -4 -3 -3 -4 -1 -4  6 -4 -3  0 -3 -1 -2 -4 -1 -2  0 -2 -3   14   0   0   0   0   2   0  63   0   1  11   0   1   1   0   2   1   1   2   0  0.90 0.27
  144 I   -1 -4 -5 -5 -4 -4 -5 -5 -4  1  4 -5  0  6 -5 -4 -3 -2  0 -1    5   0   0   0   0   0   0   0   0   5  43   0   2  44   0   0   0   0   0   0  1.00 0.29
  145 N   -2  2  5  0 -4  2  3 -1 -1 -4 -4  0 -3 -2 -1  0 -2 -4 -3 -4    1  11  36   3   0   8  23   3   1   0   1   4   0   2   2   4   1   0   0   1  0.60 0.22
  146 N    1  2  3 -1 -3  0 -1  2 -1 -3 -3  0 -2 -3 -2  2  0 -4 -2 -2   15  13  21   1   0   3   0  15   0   1   1   3   0   0   0  19   5   0   1   1  0.32 0.14
  147 Q    1 -2 -2 -3  2  3 -2  0 -2 -1  2 -2  5 -1 -2 -1 -2 -3  1 -1   12   1   2   0   5  16   1   6   1   2  21   0  20   2   1   5   1   0   5   0  0.25 0.16
  148 R    1  0  0 -1 -1  1 -1  0  0 -1 -1 -1 -1 -1  1  2  1 -2  1 -1   14   6   5   1   1   7   1   7   2   2   6   2   2   3   8  19   7   0   7   2  0.11 0.07
  149 N    0 -1  2  0  0  1 -1  3 -1 -2 -2 -1 -2 -3  0  2  0 -3 -2 -1    5   1  11   3   2   8   1  26   1   2   2   3   0   1   5  19   5   0   1   5  0.24 0.10
  150 G    0 -2 -1 -2 -1 -1 -2  4 -2 -1  0 -2  1 -1 -1  0 -1 -2 -1 -1    8   1   1   2   1   3   2  41   1   3  12   1   4   2   3   5   4   0   2   4  0.31 0.10
  151 A    1 -1  0 -1 -1  1  0  1 -1  0  0  0  0 -1 -1  0  0 -2 -1  0   12   2   6   3   1   8   4  14   1   2  12   5   4   3   1   6   3   0   1  11  0.04 0.03
  152 I    0 -2 -1 -1 -2  0 -1  0 -2  1  2 -1  1 -1  1  0 -1 -2 -1  1    6   1   2   2   0   5   4   7   0  10  32   2   2   1   7   6   2   0   1   8  0.10 0.06
  153 R    1 -1 -1 -2 -1 -1 -1 -1 -1  2  1 -1  1  0  0 -1  0 -2 -1  2   12   4   2   2   1   2   3   3   1  20  13   3   2   3   3   4   3   0   1  17  0.07 0.04
  154 F   -1 -3 -3 -3 -2 -3 -3 -4 -3  3  1 -3  1  0 -3 -2 -1 -2 -2  5    2   1   1   1   0   1   1   1   0  20  12   1   2   3   1   3   1   1   1  49  0.53 0.18
  155 E    0 -1  1 -1 -2  0  1 -2 -1  0 -1  1  0 -2  3  0  0 -3 -1  0    7   2   7   2   0   3   8   1   2   7   6   9   2   1  16   8   7   0   1  10  0.15 0.06
  156 N   -2 -2  5  4 -4 -1  1 -2  1 -4 -4 -1 -2 -3 -3  0  0 -5 -2 -3    2   0  37  30   0   1   6   2   4   1   0   2   1   1   0   6   5   0   1   1  0.73 0.24
  157 G   -1 -2 -1 -1 -4  1 -2 -2 -2 -4 -3 -1 -3 -5  7 -1  0 -3 -4 -4    5   1   3   4   0   7   1   2   1   0   2   2   1   0  62   3   5   0   0   0  1.35 0.32
  158 G   -1 -3  2  0 -4 -2 -3  5 -2 -5 -5 -2 -4 -5 -2  3  1 -4 -4 -4    1   0  11   3   0   0   0  49   0   0   0   1   0   0   1  24   8   0   0   0  0.80 0.25
  159 I   -1 -4 -4 -5 -3 -3 -4 -4 -4  3  0 -3  2  3  0 -3  0  7  0  2    3   0   0   0   0   0   0   1   0  22   8   0   7  14   6   0   5  19   1  14  0.63 0.21
  160 L    0 -2 -2 -3 -3  0 -1  1 -1 -1  1 -1  1  4 -1  0  0  2  0 -1    7   1   0   0   0   6   2  11   1   1  13   3   6  23   3   8   6   3   1   3  0.15 0.11
  161 H   -2 -2  0 -2 -3 -2 -3 -2  0 -2 -2 -2 -2  5 -3  1  4 -2  0 -2    1   1   4   2   0   0   0   3   2   1   0   1   0  32   0  12  38   0   1   1  0.61 0.26
  162 Q   -3  3 -3 -4 -4 -1 -3 -5 -1  1  0 -1 -1  3 -4 -3  0 -1  6 -1    0  20   0   0   0   2   0   0   0   8   9   2   1  10   0   1   5   0  38   3  0.67 0.25
  163 A    0 -4 -4 -4 -3 -3 -4 -4 -4  3  3 -4  1  2 -4 -2 -1 -3 -2  2   11   0   0   0   0   0   0   0   0  21  41   0   3  11   0   1   3   0   0  10  0.49 0.18
  164 F   -1 -3 -2 -3 -2 -2 -2 -4 -3  1  2 -3  3  1 -3  1  3 -3 -1  2    1   0   0   0   0   0   1   0   0   9  19   0  11   6   0  10  26   0   2  15  0.32 0.17
  165 Y    0 -4 -4 -4  0 -3 -4 -4 -4  5  0 -3  3 -2 -4 -2  3 -4 -1  2    7   0   0   0   2   0   0   0   0  46   1   0   8   0   0   1  21   0   2  12  0.65 0.25
  166 I    3 -4 -3 -4 -2 -3 -3  1 -4  1 -2 -3  0 -3 -3 -1 -1 -4 -3  4   33   0   0   0   0   0   0  13   0   7   0   0   3   0   0   1   3   0   0  40  0.54 0.23
  167 V   -1 -4 -5 -5 -2 -4 -4 -5 -5  5  3 -4  0 -1 -4 -3 -1 -4 -3  3    3   0   0   0   0   0   0   0   0  42  28   0   1   2   0   0   3   0   0  21  0.73 0.23
  168 T   -2 -4 -3 -4  0 -3 -3 -4 -4  3 -1 -3 -1 -3 -3  1  5 -4 -3  3    1   0   0   0   1   0   0   0   0  17   1   0   1   0   0   9  47   0   0  23  0.72 0.28
  169 M   -4 -4 -5 -6 -3 -4 -5 -6 -5  0  6 -5  5 -1 -5 -5 -3 -4 -3 -1    0   0   0   0   0   0   0   0   0   1  80   0  16   2   0   0   0   0   0   1  1.29 0.36
  170 T   -2 -4 -3 -4 -3 -3 -4 -4 -4 -2 -2 -3 -2 -4 -4 -1  7 -5 -4  2    1   0   0   0   0   0   0   0   0   0   2   0   0   0   0   0  80   0   0  16  1.37 0.42
  171 A    5 -3 -3 -4 -2 -3 -3  2 -4 -4 -4 -3 -3 -4 -3  0  2 -5 -4 -2   65   0   0   0   0   0   0  17   0   0   0   0   0   0   0   2  16   0   0   0  0.92 0.32
  172 G   -2 -5 -3 -4 -5 -4 -5  7 -5 -6 -6 -4 -5 -6 -5 -3 -4 -5 -6 -6    1   0   0   0   0   0   0  99   0   0   0   0   0   0   0   0   0   0   0   0  2.18 0.47
  173 T   -1 -4 -3 -4 -3 -3 -3 -4 -4 -3 -4 -3 -3 -5 -4  1  7 -5 -4 -2    3   0   0   0   0   0   0   0   0   0   0   0   0   0   0   5  91   0   0   1  1.69 0.48
  174 Y    3 -3 -4 -4  1 -3 -3 -1 -3  0 -1 -3  7 -2 -3 -1  0 -4 -1  1   35   0   0   0   3   0   0   4   0   4   2   0  34   0   0   3   4   0   2   9  0.62 0.27
  175 I   -3 -5 -5 -6 -4 -5 -5 -6 -4  0  2 -5 -1  8 -5 -5 -4 -2  0  0    1   0   0   0   0   0   0   0   0   5  19   0   1  69   0   0   0   0   0   5  1.44 0.37
  176 G   -2 -4 -5 -5 -3 -4 -4 -3 -5  2  5 -4  1 -2 -4 -3 -1 -4 -3  2    2   0   0   0   0   0   0   2   0  10  63   0   1   0   0   1   4   0   0  18  0.77 0.25
  177 I   -3 -4 -4 -5 -4 -3 -5 -5 -4  0  0 -4 10 -3 -5 -4  2 -4 -4  0    0   0   0   0   0   0   0   0   0   4   4   0  75   0   0   0  13   0   0   4  1.78 0.49
  178 F   -6 -6 -7 -8 -6 -5 -6 -6 -6 -6 -5 -7 -5  0 -7 -6 -6 13  0 -6    0   0   0   0   0   0   0   0   0   0   0   0   0   3   0   0   0  96   1   0  4.35 0.74
  179 I   -3 -4 -5 -6 -3 -4 -5 -6 -5  2  5 -4  3  0 -5 -4 -3 -4 -3  0    0   0   0   0   0   0   0   0   0  11  76   0   8   2   0   0   0   0   0   3  1.10 0.31
  180 G   -2 -5 -3 -4 -5 -4 -5  7 -5 -6 -6 -4 -5 -6 -5 -3 -4 -5 -6 -6    1   0   0   0   0   0   0  99   0   0   0   0   0   0   0   0   0   0   0   0  2.16 0.47
  181 D   -4 -3 -2  3 -6 -1  7 -5 -3 -6 -6 -2 -5 -6 -4 -3 -3 -6 -5 -5    0   0   0  14   0   0  86   0   0   0   0   0   0   0   0   0   0   0   0   0  1.76 0.46
  182 I   -3 -1 -3 -3 -5  7  0 -5 -2 -2  1 -1  3 -4 -4 -3 -3 -4 -4 -3    1   2   0   0   0  70   2   0   0   2  12   2   8   0   0   0   0   0   0   0  1.31 0.42
  183 I   -4 -6 -6 -6 -4 -5 -6 -6 -6  8 -1 -5  1 -3 -5 -5 -3 -5 -4  1    0   0   0   0   0   0   0   0   0  95   0   0   3   0   0   0   0   0   0   2  1.83 0.46
  184 S   -3 -4 -1 -4 -4 -3 -3 -4 -4 -3 -4 -3 -3 -5 -4  1  7 -5 -4 -3    0   0   2   0   0   0   0   0   0   0   0   0   0   0   0   6  93   0   0   0  1.77 0.49
  185 K    1 -1 -2  3 -4  1  5 -3 -2 -4 -4 -1 -3 -5 -3  0 -2 -5 -4 -2   14   1   0  20   0   4  48   0   0   0   0   2   0   0   0   7   0   0   0   4  0.76 0.26
  186 K   -3  6  1 -3 -5 -1 -2 -4  2 -4 -4  5 -3 -1 -4 -2 -3 -4  1 -4    0  46   6   0   0   1   0   0   5   0   0  35   0   2   0   0   0   0   5   0  1.03 0.32
  187 G   -2 -5 -3 -4 -5 -4 -5  7 -5 -7 -6 -4 -5 -6 -5 -3 -4 -5 -6 -6    0   0   0   0   0   0   0 100   0   0   0   0   0   0   0   0   0   0   0   0  2.21 0.47
  188 V   -3 -5 -5 -5 -3 -5 -5 -6 -5  6  1 -5 -1  1 -5 -4 -2 -4 -2  4    0   0   0   0   0   0   0   0   0  57  10   0   0   4   0   0   0   0   1  28  1.03 0.30
  189 G   -2 -5 -3 -4 -5 -4 -5  7 -5 -7 -6 -4 -5 -6 -5 -2 -4 -5 -6 -6    0   0   0   0   0   0   0  99   0   0   0   0   0   0   0   1   0   0   0   0  2.19 0.47
  190 N   -4 -3  9 -1 -6 -1 -3 -3 -2 -6 -6 -3 -5 -6 -5 -2 -3 -7 -5 -6    0   0  97   0   0   2   0   0   0   0   0   0   0   0   0   1   0   0   0   0  2.31 0.54
  191 G   -2 -5 -3 -4 -5 -4 -5  7 -5 -7 -6 -4 -5 -6 -5 -3 -4 -5 -6 -6    0   0   0   0   0   0   0 100   0   0   0   0   0   0   0   0   0   0   0   0  2.21 0.47
  192 I   -3 -5 -5 -5 -3 -4 -5 -6 -5  6  0 -4  4 -2 -5 -3 -1 -5 -3  3    0   0   0   0   0   0   0   0   0  67   1   0  12   0   0   1   3   0   0  16  1.15 0.34
  193 T   -1 -3 -2 -3 -4 -3 -3 -3 -4 -5 -5 -3 -4 -5 -4  7  0 -6 -4 -4    0   0   0   0   0   0   0   0   0   0   0   0   0   0   0  98   2   0   0   0  1.75 0.51
  194 L   -3 -4 -5 -5 -3 -4 -5 -5 -5  4  4 -4  5 -2 -5 -4 -3 -4 -3  1    0   0   0   0   0   0   0   0   0  30  49   0  16   0   0   0   0   0   0   5  0.94 0.28
  195 L   -4 -5 -6 -6 -3 -5 -5 -6 -5  7  3 -5  0 -2 -4 -5 -3 -4 -3  0    0   0   0   0   0   0   0   0   0  68  31   0   0   0   0   0   0   0   0   1  1.27 0.35
  196 I   -4 -6 -6 -6 -4 -5 -6 -6 -6  8 -1 -5  2 -3 -5 -5 -3 -5 -4  0    0   0   0   0   0   0   0   0   0  95   0   0   5   0   0   0   0   0   0   0  1.85 0.47
  197 L   -5 -5 -6 -6 -5 -6 -6 -6 -4 -3 -1 -6  1  9 -6 -5 -5 -2  1 -2    0   0   0   0   0   0   0   0   0   0   4   0   3  91   0   0   0   0   1   1  2.21 0.49
  198 S    6 -4 -3 -4 -1 -3 -3 -1 -4  0 -3 -3 -3 -4 -3  1  1 -5 -4 -1   76   0   0   0   1   0   0   3   0   5   0   0   0   0   0   6   8   0   0   1  0.97 0.33
  199 G   -2 -4 -2 -3 -5 -3 -4  7 -4 -6 -6 -4 -5 -6 -4  1 -3 -5 -5 -5    0   0   1   0   0   1   0  87   0   0   0   0   0   0   0  11   0   0   0   0  1.75 0.41
  200 I   -4 -6 -6 -6 -4 -6 -6 -7 -6  8 -1 -5 -1 -3 -6 -5 -3 -5 -4  0    0   0   0   0   0   0   0   0   0  98   1   0   0   0   0   0   0   0   0   1  1.93 0.48
  201 L    2 -4 -5 -5 -3 -4 -4 -4 -5  3  1 -4 -1 -3 -4 -3 -2 -5 -3  5   16   0   0   0   0   0   0   0   0  18   8   0   0   0   0   0   0   0   0  58  0.83 0.28
  202 A    6 -3 -3 -4 -2 -3 -3 -2 -4 -4 -4 -3 -3 -4 -3  3 -1 -5 -4 -2   74   0   0   0   0   0   0   0   0   0   0   0   0   0   0  24   1   0   0   1  1.14 0.37
  203 R    0  5  1 -2 -4  0 -1  3 -2 -4 -4  0 -3 -4 -3  0  0 -4 -4 -3    9  40   6   0   0   4   3  25   0   0   0   0   0   0   0   8   5   0   0   0  0.60 0.22
  204 L   -2 -4 -5 -5 -3 -4 -4 -3 -4  4  4 -4  2  3 -4 -4 -2 -3 -1  1    2   0   0   0   0   0   0   2   0  28  40   0   6  14   0   0   1   0   0   7  0.64 0.21
  205 P   -4 -5 -5 -4 -6 -4 -4 -5 -5 -5 -6 -4 -5 -7  9 -4 -4 -7 -6 -5    0   0   0   0   0   0   0   0   0   1   0   0   0   0  98   0   0   0   0   0  2.99 0.57
  206 D    1 -1  2  1 -3  1  0  1  1 -2 -3  0 -2 -3 -1  3  1 -4 -2 -2   11   2  11   6   0   5   3  10   3   1   0   3   1   1   2  26  11   0   1   2  0.25 0.12
  207 G    4 -3 -1  0 -3 -1  0  3 -1 -3 -3 -2  0 -4 -3  1  0 -4 -3 -2   46   0   1   4   0   2   4  22   2   0   0   0   3   0   0   8   4   0   1   2  0.49 0.20
  208 F   -1 -4 -4 -4 -2 -3 -4 -2 -4  4  3 -4  1  1 -4 -3 -2 -3 -2  2    5   0   0   0   0   0   0   4   0  35  29   0   3   6   0   0   1   0   0  16  0.52 0.18
  209 I    1  0  1 -2 -2  0 -1  1  0  0 -1  0  0  0 -2  0  0  5  1  0   14   5   8   0   0   3   1  11   2   9   2   7   2   2   0   5   4  10   6   7  0.13 0.07
  210 V    0  0  2 -1 -3  4  0  1  0 -3 -3  0 -1 -3 -2  1  1 -3 -1 -1    7   4  11   2   0  27   3  10   1   1   1   2   1   0   0  13  11   0   2   3  0.30 0.15
  211 M   -2 -3 -3 -4 -2 -3 -3 -4 -3  4  2 -3  2  1 -3 -1  2 -3 -1  1    1   0   1   0   0   0   0   0   0  35  18   0   7   6   0   2  20   0   1   8  0.45 0.18
  212 Y   -2 -2 -3 -4 -3 -3 -3 -2 -1  0  1 -1 -1  3 -3 -3 -2  3  6  0    3   1   0   0   0   0   0   3   1   5  16   4   1  12   1   1   1   4  40   5  0.64 0.21
  213 R    0  2  1  1 -3  3  4 -1 -1 -3 -3  1 -2 -3 -2  0  0 -3 -2 -2    6  10   6   5   0  18  30   3   1   1   2   5   0   0   1   4   6   0   0   2  0.38 0.14
  214 V   -1 -1 -1  1 -2  0  0 -1 -1  0  2 -1  1 -1 -2  0  0 -1  2  0    4   2   3   9   0   6   6   3   0   1  30   3   4   1   1   5   6   0   9   5  0.08 0.06
  215 L    0 -1 -1 -2 -2  0 -1  1  0  0  1 -1  1  0 -2 -1 -1  0  2  1    6   3   3   2   0   5   3  11   2   5  18   2   5   4   1   4   2   1  11  14  0.05 0.04
  216 G   -1  3  0 -2 -3  2  0  1 -1 -1 -2  1 -1  1 -2  0 -1 -2 -1 -1    4  19   4   1   0  15   2  12   0   4   2  10   0   9   1   7   3   0   1   4  0.16 0.09
  217 G    1 -1 -1 -1 -2  3  0  1 -1 -1 -1 -1 -1 -1 -2  0  2 -1 -1  0   12   1   2   2   0  18   5  13   1   3   4   2   1   2   1   5  19   1   1   8  0.15 0.09
  218 V    0 -2 -1 -2 -3 -1 -2  4 -1  0 -1 -2 -2  0 -3 -1  0 -3 -2  1    4   1   3   2   0   3   1  45   1   8   5   1   0   6   1   2   5   0   0  11  0.38 0.14
  219 I    1 -1  1  0 -2  1  2 -1 -1  0 -1  0 -1  0 -2  0  1 -2 -1 -1   15   2  10   5   0   6  16   3   1   5   5   2   1   5   1   4  13   0   1   4  0.10 0.07
  220 I    0 -2  1  0 -2 -1  0 -1 -2  2  1 -1  1  0 -2 -1 -1 -2 -1  1    6   1   8   5   0   2   5   5   0  21  19   5   4   2   1   2   2   0   1  10  0.07 0.06
  221 S    1  0  1 -1 -2  0  0  1  1 -2 -1  0 -2 -2  1  3  0 -2 -2 -2   15   4   5   2   0   4   3   8   3   1   6   4   0   1   5  31   5   0   1   1  0.19 0.09
  222 T    0 -1  0 -1 -2  1 -1  2 -1 -1 -1 -1 -1 -1  2  1  1 -2 -1 -1    9   1   2   3   1   7   2  19   1   4   4   3   1   2  10  12  13   0   1   5  0.15 0.05
  223 N    0  0  1  2 -2  0  1  1 -1 -1 -1  0 -1  0  0  1  0 -2 -1 -1    8   5   5  16   1   2   7  15   1   2   7   3   1   5   4  12   2   0   1   3  0.11 0.04
  224 P    0  0  1  2 -2  2  1 -1 -1 -1  0  1 -1 -1  0  0  0 -2 -1 -1    8   3   5  12   1  13   7   5   1   4   9   7   1   2   4   4   7   0   1   4  0.08 0.03
  225 I   -1 -1 -1 -2 -1 -1 -2  0 -2  2  2 -1  1  0 -1 -1  0  1 -1  1    4   3   2   3   1   1   2   7   1  16  33   2   3   2   3   3   5   2   2   5  0.12 0.06
  226 L    0 -1 -1 -1 -1  0 -1 -1 -1  0  1 -1  0  3 -1  0  0  5  0  0   11   2   3   3   1   4   3   3   1   4  19   2   1  17   2   5   7   9   2   3  0.13 0.05
  227 T    0  0  0  0 -1  1  0 -1 -1  0  1  0  2  0 -1  0  0 -1 -1  0    5   3   4   5   1   9   3   5   1   6  18   7  10   3   2   5   5   1   1   5  0.03 0.03
  228 S    0 -1  3 -1 -2 -1 -1  2  1 -1 -1 -1 -1 -2  0  1  0 -2 -1 -1    8   3  18   2   0   2   2  19   4   4   5   2   1   2   4  16   2   0   1   4  0.17 0.07
  229 A    0 -3 -3 -3 -2 -2 -3 -2 -3  4  1 -3  0  0 -2 -2 -1  6  1  1   10   1   1   1   1   1   1   2   0  34  12   1   1   4   2   2   2  12   4  10  0.38 0.14
  230 I   -1 -3 -3 -3 -2 -3 -3 -1 -3  3  3 -3  0  3 -2 -3 -2  0 -1  2    5   0   0   1   0   0   0   5   0  18  34   0   1  14   1   1   1   1   0  15  0.35 0.14
  231 N    0 -1  0 -2 -2 -1  0 -1 -2  1  0  1  0  3 -2  0  0 -2  1  0    6   0   7   0   0   1   6   3   0  11   8  11   2  17   0   9   7   0   4   8  0.07 0.07
  232 F    1 -3 -3 -4 -2 -3 -3 -2 -3  3  1 -3  1  3 -3 -2 -1 -2 -1  3   12   0   0   0   0   0   0   2   0  16  12   0   4  17   0   2   2   0   0  31  0.36 0.15
  233 S    1 -3 -3 -3 -2 -3 -3  0 -3  3  2 -3  1  0 -2 -1 -1 -3 -2  2   16   0   0   0   0   0   0   9   0  19  26   0   2   4   1   3   2   0   0  16  0.25 0.12
  234 L    1 -3 -3 -3 -1 -3 -3  1 -3  2  3 -3  0  1 -3 -1 -1 -3 -2  1   15   0   0   0   1   0   0  13   0  14  33   0   1   7   0   2   4   0   0   9  0.24 0.12
  235 Y   -2 -4 -4 -5 -3 -4 -4 -5 -4  3  3 -4  1  3 -4 -3 -2 -3  0  3    1   0   0   0   0   0   0   0   0  21  31   0   1  13   0   0   0   0   3  28  0.59 0.19
  236 F    1 -3 -4 -4  0 -3 -3 -2 -4  3  2 -3  1  1 -3 -2 -1 -3 -2  3   15   0   0   0   1   0   0   2   0  26  24   0   3   5   0   0   1   0   0  20  0.38 0.15
  237 L    1 -3 -4 -4 -2 -3 -3 -3 -4  3  3 -3  0  0 -3 -2 -2 -3 -2  4   14   0   0   0   0   0   0   2   0  18  27   0   0   3   0   0   1   0   0  33  0.45 0.17
  238 A    2 -3 -3 -3 -1 -3 -3 -1 -3  3  2 -3  2  0 -3 -1 -1 -3 -2  2   26   0   0   0   1   0   0   4   0  20  16   0   7   4   0   1   1   0   0  17  0.29 0.14
  239 F    2 -3 -3 -3 -1 -2 -2  1 -3  2  0 -2  2  0 -3 -1 -1 -3 -1  2   22   0   0   0   1   0   1  10   0  17   7   0   8   5   0   3   1   0   1  22  0.23 0.12
  240 L   -1 -3 -4 -4 -2 -3 -4 -4 -4  3  3 -3  0  1 -3 -3 -2 -3 -2  3    5   0   0   0   0   0   0   1   0  16  41   0   1   6   0   0   1   0   0  26  0.52 0.18
  241 V    3 -3 -3 -3 -2 -3 -3  0 -3  2  2 -3 -1  0 -3 -1 -1 -3 -2  2   36   0   0   0   0   0   0   6   0  12  23   0   0   3   0   1   1   0   0  15  0.32 0.15
  242 L   -1 -4 -4 -4 -2 -3 -4 -4 -4  4  1 -3  3 -2 -4 -3 -1 -4 -3  4    2   0   0   0   0   0   0   0   0  33   8   0  11   0   0   0   3   0   0  40  0.71 0.23
  243 L   -2 -4 -3 -4 -2 -3 -4 -4 -4  5  0 -3  0 -2 -3 -2  3 -4 -3  4    0   0   0   0   0   0   0   0   0  40   3   0   1   0   0   0  19   0   0  33  0.72 0.24
  244 L    3 -3 -3 -3 -1 -1 -3  0 -3  1 -1 -2  1  0 -3 -1  0 -2  1  2   36   0   0   0   0   2   0   8   0   6   3   1   3   5   0   1   7   0   5  23  0.28 0.16
  245 A    1 -4 -3 -4 -1 -3 -4  3 -3 -1  1 -3 -1  5 -4 -2 -2 -2 -1  0   16   0   0   0   1   0   0  24   0   3  14   0   1  33   0   1   1   0   0   4  0.48 0.19
  246 I   -1 -4 -4 -5 -3 -4 -4 -5 -5  4 -1 -4 -1 -3 -4 -3  0 -5 -3  6    3   0   0   0   0   0   0   0   0  23   1   0   0   0   0   0   5   0   0  67  1.04 0.31
  247 S   -2 -4 -4 -4 -1 -4 -4 -5 -4  4 -1 -4 -1 -3 -4 -2  2 -4 -3  5    0   0   0   0   1   0   0   0   0  29   0   0   0   0   0   1  17   0   0  50  0.84 0.28
  248 F   -1 -4 -5 -5 -4 -4 -4 -5 -2 -2 -1 -4 -1  7 -5 -4 -4  6  5 -2    7   0   0   0   0   0   1   0   1   1   2   0   1  58   0   0   0   9  17   1  1.37 0.34
  249 V   -2 -4 -5 -5 -2 -4 -4 -5 -4  4  0 -4  4  1 -4 -4 -2 -4 -2  5    1   0   0   0   0   0   0   0   0  21   1   0  15   7   0   0   0   0   0  53  0.89 0.29
  250 N   -3 -2  1 -1 -5  5  5 -4 -1 -5 -3 -1 -3 -5 -3 -1 -1 -5 -4 -4    0   0   7   0   0  35  49   0   0   0   3   0   0   0   0   1   4   0   0   0  1.12 0.36
  251 S   -3  4 -1 -2 -5  6  3 -4 -2 -4 -3  0 -2 -5 -4 -1 -1 -4 -4 -4    0  25   1   1   0  48  15   0   0   1   1   0   0   0   0   3   3   0   0   1  1.01 0.33
  252 S    5 -4 -3 -4 -2 -3 -3  4 -4 -4 -4 -3 -4 -5 -3  0 -2 -5 -4 -3   57   0   0   0   0   0   0  37   0   0   0   0   0   0   0   5   0   0   0   0  1.06 0.33
  253 T   -2 -1  0 -1 -4  6  2 -4 -1 -1 -1  0 -2 -3 -3 -1  0 -4 -2 -1    1   2   3   1   0  53  14   0   0   5   6   2   0   1   0   2   5   0   1   5  0.73 0.29
  254 R   -4  8 -3 -4 -6 -2 -3 -5 -3 -6 -5  0 -4 -5 -5 -3 -4 -5  1 -5    0  95   0   0   0   0   0   0   0   0   0   0   0   0   0   0   0   0   5   0  2.10 0.51
  255 R   -3  7 -2 -3 -6  0 -2 -4 -2 -5 -5  5 -4 -5 -4 -3 -3 -5 -4 -5    0  60   0   0   0   2   0   0   0   0   0  37   0   0   0   0   0   0   0   0  1.48 0.39
  256 I   -3 -5 -6 -6 -3 -5 -5 -6 -6  7  1 -5 -1 -2 -5 -5 -3 -5 -4  2    0   0   0   0   0   0   0   0   0  80  11   0   0   0   0   0   0   0   0   9  1.41 0.37
  257 P   -3 -4 -4 -4 -5 -3 -4 -5 -5 -4  0 -3 -4 -5  8 -3  0 -6 -5 -1    1   0   0   0   0   1   0   0   0   0  12   1   0   0  76   1   5   0   0   4  1.95 0.43
  258 I   -3 -5 -5 -5 -3 -5 -5 -6 -5  6 -1 -5  0 -3 -5 -4 -2 -5 -3  5    0   0   0   0   0   0   0   0   0  46   0   0   1   0   0   0   0   0   0  53  1.26 0.35
  259 Q   -3 -1  2 -3 -6  8  0 -4  2 -6 -5 -1 -3 -6 -4 -2 -3 -5 -4 -5    0   2  10   0   0  80   1   0   5   0   0   0   0   0   0   2   1   0   0   0  1.73 0.48
  260 Q   -5 -5 -5 -6 -6 -2 -5 -6  1 -4 -4 -5 -4  0 -6 -5 -5 -1 10 -4    0   0   0   0   0   2   0   0   2   0   0   0   0   0   0   0   0   0  96   0  2.70 0.59
  261 T    5 -3 -3 -4 -3 -3 -3 -2 -4 -3 -4 -3 -3 -4  2  1  3 -5 -4 -2   65   0   0   0   0   0   0   0   0   0   0   0   0   0  11   6  18   0   0   0  0.93 0.33
  262 G   -3  3 -2 -3 -5 -1 -2 -1 -3 -5 -5  7 -4 -5 -4 -2 -3 -5 -4 -5    0  12   1   0   0   1   0   4   0   0   0  81   0   0   0   1   0   0   0   0  1.47 0.41
  263 E   -2  8 -2 -4 -5 -1 -1 -4 -2 -5 -4  1 -4 -5 -4 -2 -3 -5 -4 -5    2  85   1   0   0   1   2   1   0   0   0   5   0   0   0   1   0   0   0   0  1.70 0.41
  264 G    0 -2  0 -3 -3  0 -3  6 -2 -4 -4 -2 -2 -4 -2 -1 -1 -4 -4 -2    7   2   3   1   0   4   1  69   1   0   1   1   1   0   1   3   2   0   0   3  1.02 0.25
  265 M   -2  6  3 -2 -4  0 -2 -2 -2 -2 -1  0  1 -3 -3 -1  0 -4 -3 -2    2  48  18   0   0   3   1   1   0   1   5   2   5   0   0   3   7   0   0   2  0.64 0.23
  266 V   -1  4 -1 -2 -4  0 -1 -2 -2 -2 -2  4 -1 -3 -2  0  0 -4 -2  0    4  32   1   0   0   3   0   2   0   1   1  33   2   0   1   7   5   0   1   7  0.52 0.20
  267 L    0 -2 -2 -3 -3  2 -2 -2 -3  1  0 -2  6 -2  0  0  0 -3 -3  2    7   2   1   0   0  10   1   2   0   6   4   1  31   0   4  10   5   0   0  19  0.37 0.20
  268 G   -2 -1 -3 -4 -4 -3 -4  3 -1 -3 -2 -3  0  3 -4 -2 -2 -1  7 -1    1   3   1   0   0   0   0  22   0   1   1   0   2  11   0   1   1   0  49   6  0.96 0.29
  269 N    2 -2  0 -2 -4  0 -1  6 -3 -5 -5 -3 -4 -5 -4  0 -3 -4 -4 -4   15   1   3   1   0   5   3  64   0   0   0   0   0   0   0   7   0   0   0   1  1.02 0.28
  270 E    0 -2 -1 -3 -4 -2 -1  6 -4 -5 -5 -2 -4 -5  2  0 -2 -5 -5 -3    6   2   1   0   0   1   4  69   0   0   0   1   0   0   9   5   1   0   0   1  1.10 0.29
  271 K   -2 -1 -1  1 -4  6  1 -3  2 -4 -4  0 -3 -5 -3  1  2 -4 -3 -4    1   2   2   9   0  50   4   0   6   0   0   3   0   0   0   9  13   0   0   0  0.81 0.29
  272 L    0 -2  1 -1 -3 -1 -2 -2 -3 -4 -3 -2  0 -4 -2  5  2 -5 -4 -3    6   1   6   1   0   2   1   0   0   0   2   1   2   0   1  63  13   0   0   1  0.76 0.29
  273 P   -1 -3 -2 -3 -3 -3 -3 -3 -4 -4 -4 -3 -3 -5 -1  4  6 -5 -4 -3    3   0   0   0   0   0   0   0   0   0   0   0   0   0   2  41  54   0   0   0  1.14 0.38
  274 Y   -4 -3 -3 -4 -5 -3 -3 -5  9 -5 -4 -3 -4  2 -5 -4 -4 -1  6 -5    0   0   0   0   0   0   0   0  60   0   0   0   0   7   0   0   0   1  32   0  2.08 0.48
  275 L   -3 -4 -5 -6 -3 -4 -5 -6 -5  4  5 -5  1 -2 -5 -5 -3 -4 -3  0    0   0   0   0   0   0   0   0   0  29  69   0   2   0   0   0   0   0   0   0  1.14 0.32
  276 P   -4 -5 -5 -5 -6 -4 -4 -5 -5 -6 -6 -4 -6 -7  9 -4 -4 -7 -6 -5    0   0   0   0   0   0   0   0   0   0   0   0   0   0 100   0   0   0   0   0  3.08 0.59
  277 I   -4 -4 -6 -6 -3 -4 -5 -6 -5  2  6 -5  2 -1 -5 -5 -3 -4 -3 -1    0   0   0   0   0   0   0   0   0  10  84   0   5   1   0   0   0   0   0   0  1.24 0.35
  278 K   -3  2 -3 -3 -6 -1 -2 -4 -3 -5 -5  7 -4 -6 -4 -3 -3 -6 -4 -5    0   8   0   0   0   0   0   0   0   0   0  92   0   0   0   0   0   0   0   0  1.80 0.47
  279 L   -2 -5 -5 -5 -3 -4 -5 -5 -5  4  2 -4  0 -2 -5 -4 -2 -4 -3  5    0   0   0   0   0   0   0   0   0  20  21   0   0   0   0   0   0   0   0  59  0.99 0.30
  280 N   -4 -3  9 -1 -6 -3 -3 -3 -2 -6 -5 -3 -5 -6 -5 -2 -3 -7 -5 -6    0   0  99   0   0   0   0   0   0   0   1   0   0   0   0   0   0   0   0   0  2.41 0.56
  281 A    1 -2 -2 -3 -3  4 -2 -2 -2 -1 -2 -2  4 -3  1  1  2 -1 -3  1   13   0   0   0   0  22   0   1   0   1   1   0  17   0   6  12  16   1   0   9  0.38 0.21
  282 A    6 -4 -3 -4 -3 -3 -3 -2 -4 -4 -4 -3 -3 -5 -2  2 -2 -5 -4 -3   85   0   0   0   0   0   0   1   0   0   0   0   0   0   1  14   0   0   0   0  1.31 0.40
  283 G   -2 -5 -2 -4 -5 -4 -5  7 -5 -6 -6 -4 -5 -6 -5 -2 -4 -5 -6 -6    0   0   1   0   0   0   0  98   0   0   0   0   0   0   0   1   0   0   0   0  2.13 0.46
  284 V   -3 -5 -6 -6 -3 -5 -5 -6 -6  1 -2 -5 -2 -3 -5 -4 -3 -6 -4  7    0   0   0   0   0   0   0   0   0   1   0   0   0   0   0   0   0   0   0  99  1.76 0.47
  285 I   -4 -6 -6 -6 -4 -5 -6 -7 -6  8 -1 -5  0 -3 -6 -5 -3 -5 -4  0    0   0   0   0   0   0   0   0   0  99   0   0   1   0   0   0   0   0   0   0  1.95 0.48
  286 P   -4 -5 -5 -5 -6 -4 -4 -5 -5 -6 -6 -4 -6 -7  9 -4 -4 -7 -6 -5    0   0   0   0   0   0   0   0   0   0   0   0   0   0 100   0   0   0   0   0  3.08 0.59
  287 V   -1 -5 -5 -5 -3 -4 -4 -5 -5  2 -1 -4 -2 -3  5 -3 -2 -5 -4  5    3   0   0   0   0   0   0   0   0  11   1   0   0   0  27   0   0   0   0  58  1.10 0.33
  288 I   -4 -6 -6 -6 -4 -6 -6 -7 -6  8 -1 -5 -1 -3 -6 -5 -3 -5 -4  0    0   0   0   0   0   0   0   0   0 100   0   0   0   0   0   0   0   0   0   0  1.99 0.49
  289 F   -5 -6 -6 -7 -5 -6 -6 -6 -4 -3 -2 -6 -3  9 -7 -5 -5 -2  0 -4    0   0   0   0   0   0   0   0   0   0   0   0   0 100   0   0   0   0   0   0  2.62 0.55
  290 A    7 -4 -4 -4 -3 -3 -3 -1 -4 -4 -4 -3 -3 -5 -3  0 -2 -5 -4 -3   96   0   0   0   0   0   0   1   0   0   0   0   0   0   0   3   0   0   0   0  1.55 0.45
  291 S   -1 -3 -2 -3 -3 -2 -3 -2 -3  0 -2 -3  3 -4 -3  6 -1 -5 -4  0    2   0   0   0   0   0   0   2   0   6   1   0   8   0   0  72   1   0   0   8  0.91 0.35
  292 S    1 -3 -2 -3 -3 -3 -3 -3 -3 -5 -5 -3 -4 -5 -3  7 -1 -5 -4 -4   10   0   0   0   0   0   0   0   0   0   0   0   0   0   0  90   0   0   0   0  1.51 0.46
  293 I   -3 -4 -5 -5 -3 -4 -5 -5 -4  4  4 -4  0  4 -5 -4 -3 -3 -1  1    0   0   0   0   0   0   0   0   0  30  39   0   1  24   0   0   0   0   0   6  0.83 0.25
  294 M   -3 -4 -5 -5 -3 -4 -5 -5 -4  5  4 -4  3  1 -4 -3  0 -4 -2  1    0   0   0   0   0   0   0   0   0  36  44   0   9   4   0   0   5   0   0   3  0.79 0.25
  295 S    1 -3 -3 -4 -3  0 -3 -3 -3  1  3 -3  5 -1 -3  0  0 -2  2  0   12   0   0   0   0   4   0   0   0   8  28   0  20   1   0   7   5   0  10   5  0.35 0.18
  296 I   -1 -4 -4 -4 -3 -4 -4 -4 -4  2  2 -4  0  6 -4 -2  2 -2  0  0    5   0   0   0   0   0   0   0   0  11  21   0   2  38   0   0  20   0   0   3  0.66 0.24
  297 P   -4 -5 -5 -5 -6 -4 -4 -5 -5 -6 -6 -4 -6 -7  9 -4 -4 -7 -6 -5    0   0   0   0   0   0   0   0   0   0   0   0   0   0 100   0   0   0   0   0  3.08 0.59
  298 I    3  0 -1 -2 -3  3 -1  0 -2 -1 -2 -1 -1 -3  0  1  0 -4 -3  0   34   6   1   0   0  20   1   4   0   4   3   0   0   0   4   8   5   0   0   8  0.29 0.17
  299 T   -1 -3 -3 -4 -3 -1 -3 -4 -4 -1  0 -3 -1 -4 -4 -1  7 -5 -4 -2    3   0   0   0   0   3   0   0   0   3  11   0   1   0   0   1  78   0   0   1  1.20 0.39
  300 I   -1 -5 -5 -5 -3 -4 -5 -5 -5  6  2 -4  0 -1 -5 -4 -2 -4 -3  2    4   0   0   0   0   0   0   0   0  62  18   0   1   1   0   0   0   0   0  14  0.98 0.29
  301 A    5 -3 -3 -4 -2 -2 -3  0 -4  0  1 -3  0 -2 -3  0  0 -4 -3  0   59   0   1   0   0   0   0   5   0   4  14   0   2   1   0   3   5   0   0   7  0.55 0.24
  302 E   -1 -1  2 -2 -4  4  0  2 -1 -3 -2 -1  1 -2 -1  2  0 -4 -3 -3    2   1   9   0   0  30   3  19   0   1   3   0   5   2   2  16   6   0   0   0  0.39 0.20
  303 F   -1 -5 -5 -6 -4 -3 -5 -5 -2 -2  0 -5 -1  8 -6 -4 -4  7  1 -2    5   0   0   0   0   1   0   0   1   1   7   0   1  66   0   0   1  16   0   2  1.58 0.39
  304 Q   -1 -3 -1 -4 -3  0 -3 -2 -3  1  0 -3  1  6 -4  0 -1  3  0  0    5   0   3   0   0   5   0   2   0   9   6   0   3  43   0   9   4   5   0   5  0.51 0.21
  305 P    1 -1  2  1 -3  1  0  2  0 -4 -4 -1 -3 -4  4  1 -1 -4 -3 -3   11   1  11   7   0   9   3  18   2   0   0   2   0   0  21  11   3   0   0   1  0.44 0.15
  306 Q    0 -1  2  0 -3  2  0  1  3 -2 -3  0 -2 -3 -1  2  1 -2  0 -1    4   1  13   5   0  10   3  14   8   2   1   4   0   0   2  16   9   0   3   4  0.20 0.10
  307 S    0 -2  3 -1 -3  0 -1  2  0 -3 -3 -1 -2 -4  2  3  0 -4 -3 -2    7   0  14   2   0   4   2  18   3   0   1   2   0   0  10  30   4   0   0   2  0.38 0.16
  308 E    0 -2  0  2 -4  0  2  2 -2 -3 -4 -1 -3 -3  0  0 -1  7 -2 -3    8   0   4  14   0   3  17  17   0   1   0   2   0   0   4   8   3  18   0   0  0.51 0.18
  309 A    1 -2 -1  0 -2 -1 -1  0 -2  0 -1 -1  0  2  0 -1 -1  5  0  2   12   1   3   6   0   1   3   6   0   6   3   2   4  11   5   4   2  11   1  20  0.16 0.10
  310 R    2  0 -1 -1 -2  2  0  0 -2 -2 -1  0  2 -2  0  0  2 -1  0 -1   19   3   2   1   0  13   5   5   0   1   5   3   8   1   4   6  16   1   3   3  0.14 0.10
  311 W    0  0  0 -1 -4  3 -1  0 -2 -3 -3  0 -2 -2 -2  0  0  9 -1 -3    6   6   5   4   0  14   2   7   0   1   2   6   0   0   1   7   6  31   0   1  0.75 0.23
  312 F   -3 -3 -3 -4 -3 -3 -3 -4 -2  1  0 -2 -1  4 -4 -2  0  9  3  0    1   1   1   1   0   1   0   1   0   9   6   3   0  18   0   1   8  33   8   5  1.00 0.25
  313 V    0 -3 -3 -4 -2  0 -2 -4 -3  4  2 -3  2  0 -3 -2 -1 -1 -1  2    6   0   1   0   0   5   2   0   0  30  25   0   5   2   0   2   1   1   1  18  0.38 0.15
  314 E    1  0  1 -1 -2  2  0  0 -1 -1 -2  0  0 -3 -2  2  2 -3 -2 -1   13   4   8   1   0  11   4   5   0   3   2   6   3   0   0  17  18   0   1   5  0.19 0.11
  315 D    0  1  3  2 -3  1  1 -1  0 -3 -3  1 -3 -3 -2  1  1 -4  0 -3    8   6  21  15   0   5   6   1   2   0   0  11   0   1   0   8  12   0   3   1  0.31 0.13
  316 Y    0 -3  0 -3 -3 -1 -2 -3  0  2  1 -3  1  1 -3 -1 -1  4  3  1    7   0   6   0   0   3   1   0   2  19  18   0   2   6   0   2   4   7  16   7  0.28 0.13
  317 L   -1 -3 -5 -5 -2 -4 -4 -5 -4  0  4 -4  1  6 -5 -3 -2 -2  0  0    6   1   0   0   0   0   0   0   0   2  42   1   3  39   0   0   1   0   0   5  0.81 0.26
  318 S    1 -1  3  3 -3  1  0  1 -1 -3 -4  0 -2 -4 -3  3  0 -4 -3 -3   10   2  16  16   0   6   2  10   1   0   1   3   0   0   0  28   5   0   0   1  0.38 0.16
  319 L   -2 -3 -2 -3 -4 -1 -3 -1  3 -1  0 -3  3  0  5 -2 -1  5  4 -2    1   1   1   0   0   2   0   4   9   2   8   0   9   3  31   1   4   8  15   1  0.67 0.22
  320 R   -1 -1  1  1 -4  3 -1  4 -2 -4 -4 -2 -3 -4 -3  1  1 -4 -4 -4    3   4   6   6   0  17   1  40   0   0   0   0   0   0   0  10  12   0   0   0  0.59 0.21
  321 T    0  0  1 -1 -3  4  0 -1  4 -4 -4  1 -2 -4 -3  2  3 -4 -2 -3    5   3   4   1   0  21   2   4  12   0   0   8   0   0   0  20  19   0   0   0  0.43 0.20
  322 P   -2 -3 -2 -4 -4 -3 -3 -3 -4 -1 -2 -3 -1 -1  7 -2  0  5 -2 -1    2   1   2   0   0   0   0   2   0   4   4   0   1   3  59   1   7  10   1   4  1.35 0.33
  323 V   -1 -3 -3 -3 -2 -2 -3 -3 -3  2  3 -3  1 -1  2 -1  0  1  0  2    5   0   0   1   0   2   0   1   0  17  30   0   2   1  10   3   6   2   3  17  0.28 0.13
  324 G   -3 -4 -1 -4 -5 -1 -3  4  3 -4 -4 -3 -4  1 -5 -3 -3 -1  7 -4    0   0   3   0   0   3   1  40   7   0   0   0   0   3   0   0   1   0  43   0  1.16 0.34
  325 I    0 -3  0 -3 -2 -2 -2 -3 -3  2  1 -3  6 -1 -4 -1  1 -3 -1  1    9   0   5   0   0   0   2   1   0  15   8   0  32   1   0   4  10   0   2  11  0.43 0.21
  326 S    1 -3 -3 -4 -1 -3 -3 -3 -4  3  2 -3  1  0 -3  0  1 -1 -2  2   13   0   0   0   1   0   0   1   0  28  16   0   3   3   0   5  10   1   0  19  0.33 0.15
  327 L   -2 -4 -5 -5 -1 -4 -4 -5 -4  3  4 -4  1  2 -4 -3 -1 -3 -2  2    2   0   0   0   1   0   0   0   0  19  49   0   2  11   0   0   3   0   0  13  0.64 0.21
  328 Y   -5 -5 -4 -4 -5 -4 -4 -6 -1 -4 -4 -5 -4  2 -6 -4 -5 -1 10 -4    0   0   1   1   0   0   0   0   0   0   0   0   0   5   0   1   0   0  92   0  2.56 0.56
  329 V    3 -3 -3 -4 -2 -3 -3 -1 -4  1 -1 -3 -1  2 -3 -1  2 -3 -2  3   32   0   0   0   0   0   0   5   0   6   1   0   0  10   0   2  14   0   0  30  0.41 0.20
  330 I    2 -3 -3 -4 -2 -3 -3  0 -4  2  2 -3  0  0 -3 -1 -1 -2 -2  2   25   0   0   0   0   0   0   8   0  10  28   0   1   4   0   1   2   0   0  21  0.32 0.16
  331 L    0 -4 -5 -5 -3 -4 -5 -5 -5  0  5 -4  4  0 -5 -4 -3 -4 -3 -1   10   0   0   0   0   0   0   0   0   0  76   0   9   4   0   0   0   0   0   0  1.00 0.31
  332 I   -4 -6 -6 -6 -4 -5 -6 -6 -6  8  0 -5  0 -3 -5 -5 -3 -5 -4  1    0   0   0   0   0   0   0   0   0  96   1   0   1   0   0   0   1   0   0   2  1.83 0.46
  333 I   -1 -5 -5 -5 -3 -4 -5 -5 -5  6  1 -4  0  0 -4 -4 -2 -4 -3  4    3   0   0   0   0   0   0   0   0  51   6   0   2   3   0   0   0   0   0  34  0.93 0.28
  334 I    1 -4 -4 -5 -4 -4 -4  1 -4  0  1 -4 -1  7 -5 -3 -3 -2  0  0   16   0   0   0   0   0   0  10   0   3  11   0   1  55   0   0   0   0   0   5  0.89 0.29
  335 F   -5 -6 -6 -7 -5 -6 -6 -6 -4 -3 -2 -6 -3  9 -7 -5 -5 -2  0 -4    0   0   0   0   0   0   0   0   0   0   0   0   0 100   0   0   0   0   0   0  2.62 0.55
  336 T    2 -4 -3 -4  7 -3 -3 -3 -4 -3 -4 -3 -3 -4 -3  1  6 -5 -4 -2   15   0   0   0  22   0   0   0   0   0   0   0   0   0   0   7  57   0   0   0  1.16 0.36
  337 F   -5 -5 -5 -6 -5 -5 -5 -6 -2 -3 -3 -5 -3  7 -6 -5 -4 -1  7 -4    0   0   0   0   0   0   0   0   0   0   0   0   0  53   0   0   0   0  47   0  2.03 0.46
  338 F   -5 -6 -6 -7 -5 -6 -6 -6 -4 -3 -2 -6 -3  9 -7 -5 -5 -2  0 -4    0   0   0   0   0   0   0   0   0   0   0   0   0 100   0   0   0   0   0   0  2.62 0.55
  339 Y   -5 -5 -5 -6 -4 -5 -5 -6 -1 -4 -4 -5 -4  0 -6 -5 -5  0 10 -4    0   0   0   0   0   0   0   0   0   0   0   0   0   0   0   0   0   0  99   0  2.87 0.61
  340 S    3 -3 -3 -3 -3 -3 -3 -3 -4 -2 -3 -3 -3 -4 -3  0  6 -5 -4  1   25   0   0   0   0   0   0   0   0   0   0   0   0   0   0   3  61   0   0  11  0.97 0.34
  341 Y    5 -4 -3 -4 -3 -3 -3 -2 -2 -3 -2 -3 -2  5 -4  0 -2 -3  1 -2   55   0   1   0   0   0   0   1   1   0   2   0   1  33   0   5   0   0   3   0  0.90 0.32
  342 I   -3 -5 -5 -5 -3 -4 -5 -6 -5  5  1 -4  0 -2 -5 -4 -2 -5 -3  5    0   0   0   0   0   0   0   0   0  39  11   0   1   0   0   0   0   0   0  49  1.04 0.30
  343 Q   -2 -2 -2 -3 -4  6 -1 -4 -2  0 -2 -2 -2 -4 -3  1  3 -4 -3  3    0   0   0   0   0  44   0   0   0   5   1   0   0   0   0   8  20   0   0  21  0.74 0.31
  344 I   -3 -5 -5 -5 -4 -5 -5 -5 -4  1 -1 -5  1  7 -5 -4 -3 -2  1  4    0   0   0   0   0   0   0   0   0   8   2   0   4  53   0   0   0   0   2  31  1.14 0.32
  345 N   -4 -3  8  0 -6 -3 -3 -3 -2 -6 -6 -1 -5 -6 -5 -2 -3 -7 -5 -6    0   0  94   3   0   0   0   0   0   0   0   2   0   0   0   1   0   0   0   0  2.18 0.52
  346 P   -2 -5 -5 -4 -5 -4 -4 -5 -5 -2 -5 -4 -5 -6  9 -1 -4 -7 -6 -4    1   0   0   0   0   0   0   0   0   3   0   0   0   0  91   4   0   0   0   0  2.63 0.53
  347 E   -1  1 -1  1 -4  1  5 -3 -2 -1 -2  1 -1 -3 -2 -1  0 -4 -2  1    3   6   1   4   0   4  44   0   0   3   1  10   1   1   1   2   6   0   1  12  0.43 0.19
  348 Q   -3 -1 -1  4 -5  3  4 -3 -2 -5 -5  3 -4 -5 -3 -2 -3 -5 -4 -4    0   1   2  26   0  13  35   0   0   0   0  24   0   0   0   0   0   0   0   0  0.91 0.28
  349 L   -2 -2 -3 -4 -3 -2 -3 -4 -4  2  2 -3  5 -2 -4 -2  3 -4 -2  3    1   1   0   0   0   1   0   0   0   8  15   0  18   0   0   0  24   0   1  31  0.56 0.23
  350 A    6 -4 -4 -4 -2 -3 -3 -2 -4 -4 -4 -3 -3 -5 -3  1 -2 -5 -4 -3   91   0   0   0   0   1   0   0   0   0   0   0   0   0   0   8   0   0   0   0  1.43 0.43
  351 E   -4 -3  0  6 -6 -1  5 -4 -3 -6 -6 -2 -5 -6 -4 -2 -3 -6 -5 -5    0   0   3  58   0   0  38   0   0   0   0   1   0   0   0   0   0   0   0   0  1.48 0.38
  352 N   -4 -3  8 -1 -6  0 -2 -3 -2 -6 -6 -3 -5 -6 -5 -2 -3 -7 -5 -6    0   0  95   1   0   4   1   0   0   0   0   0   0   0   0   0   0   0   0   0  2.21 0.53
  353 F   -3 -4 -5 -6 -3 -4 -5 -6 -5  2  5 -4  6  0 -5 -4 -3 -4 -3 -1    0   0   0   0   0   0   0   0   0   8  63   0  27   2   0   0   0   0   0   1  1.14 0.33
  354 N   -3  2 -1 -3 -5  4 -1 -3 -3 -5 -5  6 -3 -5 -3 -2 -2 -5 -4 -5    0   8   2   0   0  22   0   1   0   0   0  65   0   0   0   0   1   0   0   0  1.25 0.37
  355 K   -3  1 -2 -3 -6  0 -1 -4 -3 -5 -5  8 -4 -6 -4 -3 -3 -6 -4 -5    0   2   1   0   0   2   1   0   0   0   0  94   0   0   0   0   0   0   0   0  1.80 0.47
  356 S   -2 -2  2 -3 -4  5 -2 -3  4 -4 -4 -2 -3 -1 -4  2 -2 -2  5 -4    1   0  12   0   0  33   0   0   9   0   0   0   0   0   0  17   0   0  28   0  0.88 0.32
  357 H   -2 -5 -1 -4 -5 -4 -4  7 -1 -6 -6 -4 -5 -6 -4 -1 -4 -5 -5 -6    1   0   3   0   0   0   0  90   2   0   0   0   0   0   0   4   0   0   0   0  1.83 0.41
  358 K    2 -4 -2 -3 -4 -3 -3  6 -4 -5 -5 -2 -4 -5 -4  2 -2 -5 -5 -4   18   0   0   0   0   0   0  65   0   0   0   2   0   0   0  15   1   0   0   0  1.17 0.31
  359 F   -5 -5 -5 -6 -5 -5 -5 -6 -2 -3 -3 -5 -3  7 -6 -5 -4 -1  7 -3    0   0   0   0   0   0   0   0   0   0   0   0   0  58   0   0   0   0  41   1  2.00 0.46
  360 I   -3 -5 -6 -6 -4 -5 -6 -6 -6  7  0 -5 -1 -3 -5 -5 -3 -5 -4  3    0   0   0   0   0   0   0   0   0  83   1   0   0   0   0   0   0   0   0  16  1.57 0.41
  361 P   -4 -5 -5 -4 -6 -4 -4 -5 -4 -6 -5 -4 -5 -7  9 -3 -3 -7 -6 -4    0   0   0   0   0   0   0   0   0   0   1   0   0   0  97   1   0   0   0   1  2.90 0.56
  362 G   -2 -3 -3 -4 -5 -4 -4  7 -4 -6 -6 -4 -5 -6 -4  1 -3 -5 -5 -5    0   1   0   0   0   0   0  87   0   0   0   0   0   0   0  12   0   0   0   0  1.76 0.41
  363 V   -3 -4 -5 -5 -3 -5 -5 -6 -5  7  1 -3 -1 -2 -5 -4 -3 -5 -2  4    0   1   0   0   0   0   0   0   0  68   6   1   0   0   0   0   0   0   1  24  1.20 0.34
  364 R   -4  8 -3 -5 -6 -2 -3 -5 -3 -6 -5 -1 -4 -5 -5 -4 -4  5 -4 -5    0  92   0   0   0   0   0   0   0   0   0   0   0   0   0   0   0   8   0   0  2.13 0.51
  365 P    0 -5 -5 -4 -5 -4 -4 -5 -5 -6 -6 -4 -5 -6  9 -3 -4 -7 -6 -5    9   0   0   0   0   0   0   0   0   0   0   0   0   0  91   0   0   0   0   0  2.67 0.53
  366 G   -2 -5 -3 -4 -5 -4 -5  7 -5 -7 -6 -4 -5 -6 -5 -3 -4 -5 -6 -6    0   0   0   0   0   0   0 100   0   0   0   0   0   0   0   0   0   0   0   0  2.21 0.47
  367 L   -1  4 -1  0 -5  1  2 -3 -1 -4 -2  5 -2 -4 -2 -2 -2 -5 -3 -3    3  23   2   3   0   4  16   0   1   0   3  41   0   0   1   0   1   0   0   0  0.68 0.24
  368 D    0  1  1  1 -4  2  1  0 -2 -4 -4  0 -2 -5  5  0 -1 -4 -4 -3    7  10   9   6   0  14   9   5   0   0   0   5   1   0  29   4   2   0   0   0  0.57 0.18
  369 T   -3 -4 -3 -4 -4 -3 -4 -4 -5 -4 -4 -3 -3 -5 -4 -1  8 -5 -4 -3    0   0   0   0   0   0   0   0   0   0   0   0   0   0   0   0 100   0   0   0  2.03 0.54
  370 E    4 -2 -2 -2 -3  2  3 -2 -2 -3 -3  0 -2 -4 -3  1  0 -4 -3 -1   42   0   0   0   0  12  22   0   0   1   0   4   1   0   0  11   3   0   0   4  0.51 0.23
  371 K   -1  1  0  3 -4  2  4 -3 -1 -4 -4  2 -2 -4 -3  0 -1 -5 -3 -3    3   8   3  20   0   6  35   0   1   0   1  13   1   0   0   4   4   0   0   1  0.58 0.20
  372 H   -5 -3 -5 -6 -5 -4 -5 -6  1 -4 -4 -5 -4  3 -6 -5 -5  1  9 -4    0   1   0   0   0   0   0   0   2   0   0   0   0  10   0   0   0   1  86   0  2.39 0.53
  373 I   -3 -4 -5 -5 -3 -4 -5 -5 -5  5  4 -4  2  0 -5 -4 -3 -4 -3  2    0   0   0   0   0   0   0   0   0  45  38   0   4   3   0   0   0   0   0  10  0.89 0.26
  374 T   -1 -3  1  5 -3 -1  0 -1 -2 -4 -4 -2 -3 -4 -3  3  3 -5 -2 -3    3   0   4  36   0   1   2   4   0   0   0   0   0   0   0  26  23   0   1   0  0.68 0.25
  375 K   -2  4 -1 -2 -4 -1 -2  0  0 -4 -4  4 -3  0 -3  1 -1 -2  4 -3    1  27   1   1   0   0   0   6   2   0   0  28   0   3   0   9   2   0  20   0  0.59 0.23
  376 V   -2 -4 -5 -5 -3 -4 -5 -5 -5  4  1 -4  1 -2 -4 -4 -1 -5 -3  5    0   0   0   0   0   0   0   0   0  22  13   0   3   0   0   0   2   0   0  60  0.96 0.29
  377 L   -3 -4 -5 -6 -3 -4 -5 -6 -5  1  5 -4  5 -2 -5 -4 -3 -4 -3 -1    0   0   0   0   0   0   0   0   0   4  76   0  18   0   0   1   0   0   0   1  1.22 0.35
  378 M   -2 -2  3 -2 -3 -2 -2 -2 -2 -1 -1 -1  4 -2 -3  2  3 -3  3 -2    1   1  18   1   0   0   0   2   0   3   3   2  14   0   0  15  27   0  12   1  0.42 0.22
  379 R   -4  8 -3 -4 -6 -2 -3 -5 -2 -6 -5  1 -4 -6 -5 -3 -4 -6 -4 -5    0  95   0   0   0   0   0   0   0   0   0   5   0   0   0   0   0   0   0   0  2.13 0.50
  380 I   -3 -4 -5 -6 -3 -4 -5 -6 -5  5  5 -5  0 -2 -5 -4 -3 -4 -3  1    0   0   0   0   0   0   0   0   0  38  58   0   0   0   0   0   0   0   0   5  1.06 0.31
  381 N   -1 -3 -1 -3 -3 -3 -3 -4 -4 -3 -3 -3 -3 -5 -3  2  7 -5 -4 -2    4   0   2   0   0   0   0   0   0   0   1   0   0   0   0  15  77   0   0   1  1.33 0.41
  382 F   -1 -4 -4 -4 -3 -3 -4 -3 -4 -1  3 -4  0  4 -4 -2  2  4 -1  1    4   0   0   0   0   0   0   1   0   0  34   0   1  23   0   2  16   6   0  13  0.52 0.21
  383 I    2 -4 -4 -4 -2 -3 -3 -1 -4  2 -1 -3 -1  0  2 -1 -1 -1 -2  4   23   0   0   0   0   0   0   3   0  12   2   0   0   4   9   2   2   1   0  41  0.45 0.20
  384 G   -2 -5 -3 -4 -5 -4 -5  7 -5 -7 -6 -4 -5 -6 -5 -2 -4 -5 -6 -6    0   0   0   0   0   0   0  99   0   0   0   0   0   0   0   1   0   0   0   0  2.18 0.47
  385 A    5 -3 -3 -3 -3 -3 -3  0 -4 -4 -4 -3 -3 -5 -3  3 -2 -5 -4 -3   67   0   0   0   0   0   0   5   0   0   0   0   0   0   0  28   0   0   0   0  1.06 0.35
  386 P   -1 -4 -5 -5 -2 -4 -4 -4 -5  5  3 -4  0 -1 -2 -4 -2 -4 -3  2    4   0   0   0   0   0   0   0   0  39  38   0   0   2   2   0   1   0   0  14  0.70 0.23
  387 F   -4 -5 -5 -6 -5 -5 -5 -6 -2 -3 -3 -5 -3  7 -6 -5 -4 -1  7 -4    1   0   0   0   0   0   0   0   0   0   0   0   0  51   0   0   0   0  48   0  1.98 0.46
  388 L   -3 -4 -6 -6 -3 -4 -5 -6 -5  3  6 -5  0 -2 -5 -5 -3 -4 -3  0    0   0   0   0   0   0   0   0   0  13  82   0   0   0   0   0   0   0   0   4  1.20 0.34
  389 A    4 -3 -2 -3 -2 -3 -3  3 -3 -2 -3 -2 -1 -4 -3  1  2 -4 -4  0   43   0   0   0   0   0   0  23   0   1   0   0   1   0   0   9  14   0   0   8  0.55 0.22
  390 I    2 -4 -4 -4 -2 -3 -4 -2 -4  2  3 -3  0  3 -4 -2 -1 -3 -1  2   20   0   0   0   0   0   0   2   0  13  32   0   0  15   0   0   1   0   0  17  0.41 0.17
  391 V   -3 -5 -5 -5 -3 -5 -5 -6 -5  6 -1 -5 -1 -3 -5 -4 -2 -5 -3  5    0   0   0   0   0   0   0   0   0  51   1   0   0   0   0   0   0   0   0  48  1.27 0.35
  392 A    4 -4 -3 -4  7 -2 -3 -3 -4 -4 -4 -3 -3 -4 -3  3 -1 -5 -4 -2   46   0   0   0  29   1   0   0   0   0   0   0   0   0   0  22   2   0   0   0  1.11 0.34
  393 V   -2 -4 -5 -5 -3 -4 -5 -5 -5  4  4 -4  0 -2 -4 -3 -1 -4 -3  3    0   0   0   0   0   0   0   0   0  25  45   0   0   0   0   0   2   0   0  27  0.79 0.25
  394 I   -2 -4 -5 -5 -2 -4 -5 -5 -5  3  5 -4  2 -1 -5 -4 -2 -4 -3  1    2   0   0   0   0   0   0   0   0  18  64   0   5   1   0   0   1   0   0   8  0.84 0.26
  395 P   -4 -5 -5 -5 -6 -4 -4 -5 -5 -6 -6 -4 -6 -7  9 -4 -4 -7 -6 -5    0   0   0   0   0   0   0   0   0   0   0   0   0   0 100   0   0   0   0   0  3.08 0.59
  396 Y   -1 -2  1 -1 -3  0  2 -3 -2  2  0 -2  1 -1 -3 -1  2 -3  0  1    2   0  10   0   0   4  21   0   0  18   9   0   4   1   0   3  14   0   4   7  0.19 0.14
  397 I   -2 -4 -5 -5 -3 -4 -5 -5 -4  4  2 -4  2  5 -5 -4 -2 -2 -1  2    2   0   0   0   0   0   0   0   0  33  19   0   5  27   0   0   1   0   0  12  0.71 0.23
  398 I    2 -3 -4 -4 -2 -3 -4 -2 -4  2  3 -3  2  3 -4 -2 -2 -3 -1  1   26   0   0   0   0   0   0   1   0  12  33   0   4  15   0   0   0   0   0   8  0.43 0.18
  399 S    0 -2 -2 -3 -2  0 -2  1 -3  3  1 -2  1  0 -2  0  1 -3 -2  1    5   2   0   0   0   7   1  10   0  29   9   1   5   3   1  10  10   0   0   6  0.16 0.12
  400 L    1 -1  2  0 -2  0 -1  0 -1 -1  0  0  0 -2 -2  1  0  1 -1 -1   13   1  15   5   0   4   2   8   1   3  10   7   3   1   0  16   2   2   2   5  0.09 0.07
  401 V    0 -1 -3 -3 -2  0 -1 -1 -1  2  1  0  0  2 -3 -2 -1  1  1  1    9   4   0   0   0   5   2   4   2  16  16   7   2  10   0   1   1   2   5  15  0.10 0.08
  402 L    1 -3 -3 -4 -3 -3 -3 -1 -3 -1  1 -3  2  3 -4 -2  2  7  1 -1   15   0   0   0   0   0   0   4   0   1  11   0   7  17   0   1  19  20   4   1  0.61 0.22
  403 N   -1 -1  5  0 -4 -1 -2  4  1 -5 -5  0 -4 -5 -4  0 -2 -5 -4 -4    2   2  34   4   0   1   0  40   3   0   0   6   0   0   0   6   1   0   0   0  0.81 0.25
  404 V    0 -3 -4 -4 -2 -3 -4 -4 -3  3  4 -4  1 -2 -4 -2 -2 -4 -3  4    6   0   0   0   0   0   0   0   0  14  40   0   1   0   0   2   1   0   0  33  0.59 0.21
  405 P   -2 -3  1  0 -4 -1 -2 -1 -2 -4 -4 -2 -3 -4  7  0 -2 -4 -4 -3    2   1   7   5   0   2   1   4   1   1   1   1   1   1  62   7   2   0   0   1  1.37 0.29
  406 T    0  0  0  0 -2  4  1 -1  0 -2 -1  0 -1 -2  0  1  1 -2 -1 -1    8   4   3   3   1  26   7   4   1   2   4   4   1   2   5  13   7   1   1   3  0.19 0.07
  407 T    0 -1  3  0 -2  0 -1  1 -1 -2 -2 -1 -1 -2 -1  3  1 -2 -2 -2    6   3  22   2   1   3   2   8   1   2   3   2   1   1   2  31   6   0   1   2  0.29 0.10
  408 L   -1 -4 -5 -5 -3 -4 -4 -5 -4  4  1 -4  0  6 -4 -3 -2 -2  0  2    5   0   0   0   0   0   0   0   0  26  12   0   1  37   0   0   1   0   0  17  0.74 0.24
  409 S    0 -1 -3 -3 -4  2 -2  1  0 -4 -3 -2 -2  0  2  0 -2  1  6 -3    8   3   0   0   0  13   1  11   2   0   0   0   1   1  12   5   1   2  40   0  0.68 0.26
  410 L   -4 -5 -5 -6 -4 -5 -5 -6 -4  3  3 -5  0  7 -5 -5 -4 -2  0 -1    0   0   0   0   0   0   0   0   0  16  25   0   2  57   0   0   0   0   0   1  1.24 0.33
  411 G   -2 -5 -3 -4 -5 -4 -5  7 -5 -6 -6 -4 -5 -6 -5 -2 -4 -5 -6 -6    1   0   0   0   0   0   0  96   0   0   0   0   0   0   0   2   0   0   0   0  2.06 0.45
  412 G   -2 -5 -3 -4 -5 -4 -5  7 -5 -7 -6 -4 -5 -6 -5 -3 -4 -5 -6 -6    0   0   0   0   0   0   0 100   0   0   0   0   0   0   0   0   0   0   0   0  2.21 0.47
  413 T   -3 -4 -3 -4 -4 -3 -4 -4 -5 -3 -4 -3 -3 -5 -4 -1  8 -5 -4 -3    0   0   0   0   0   0   0   0   0   0   0   0   0   0   0   1  99   0   0   0  1.97 0.53
  414 G    2 -3 -1 -3 -3 -2 -3  0 -3 -5 -5 -3 -3 -5 -3  6 -1 -5 -4 -4   17   0   1   0   0   0   0   5   0   0   0   0   0   0   0  76   1   0   0   0  1.15 0.39
  415 I   -3 -4 -5 -6 -3 -4 -5 -6 -5  3  6 -5  1 -2 -5 -4 -3 -4 -3  1    1   0   0   0   0   0   0   0   0  14  80   0   1   0   0   0   0   0   0   5  1.15 0.33
  416 I   -4 -5 -6 -6 -4 -5 -5 -6 -5  1  6 -5  0 -2 -5 -5 -3 -4 -3 -1    0   0   0   0   0   0   0   0   0   6  94   0   0   0   0   0   0   0   0   0  1.44 0.39
  417 I   -4 -6 -6 -6 -4 -6 -6 -7 -6  8 -1 -5 -1 -3 -6 -5 -3 -5 -4  0    0   0   0   0   0   0   0   0   0 100   0   0   0   0   0   0   0   0   0   0  1.98 0.49
  418 M   -1 -4 -5 -5 -2 -4 -5 -5 -5  4  0 -4  3 -2 -4 -4 -2 -5 -3  6    3   0   0   0   0   0   0   0   0  20   5   0   7   0   0   0   0   0   0  64  1.00 0.31
  419 V   -2 -5 -5 -6 -3 -5 -5 -6 -6  3 -1 -5 -1 -3 -5 -4 -2 -5 -4  7    0   0   0   0   0   0   0   0   0  17   0   0   0   0   0   0   1   0   0  82  1.40 0.39
  420 S   -1 -4 -2 -3 -4 -1 -3  6 -4 -3 -4 -3 -3 -5 -4  2 -1 -5 -4  0    1   0   0   0   0   2   0  66   0   1   0   0   0   0   0  17   2   0   0  11  1.05 0.30
  421 A   -2 -5 -5 -6 -3 -5 -5 -6 -6  1 -2 -5 -2 -3 -5 -4  0 -5 -4  7    2   0   0   0   0   0   0   0   0   2   0   0   0   0   0   0   4   0   0  93  1.54 0.43
  422 S    5 -3 -3 -3 -2 -3 -3  2 -4 -2 -3 -3 -2 -4 -3  0  3 -4 -4  0   53   0   0   0   0   0   0  17   0   2   0   0   0   0   0   4  18   0   0   5  0.68 0.26
  423 M   -3 -4 -5 -6 -3 -4 -5 -6 -5  3  5 -4  6 -2 -5 -4 -3 -4 -3 -1    0   0   0   0   0   0   0   0   0  16  60   0  23   0   0   0   0   0   0   0  1.10 0.32
  424 E   -3 -3 -1  6 -6  1  5 -4 -3 -5 -6 -2 -5 -6 -4 -2 -2 -6 -5 -5    0   0   0  52   0   5  41   0   0   0   0   0   0   0   0   0   1   0   0   0  1.39 0.37
  425 L   -2 -4 -3 -4 -3 -3 -3 -2 -4 -2  0 -3 -1  2 -4 -1  7 -4 -3 -1    1   0   0   0   0   0   0   3   0   1   7   0   1  11   0   1  74   0   0   2  1.12 0.38
  426 Y    0 -4 -4 -4 -3 -3 -4 -5 -4  2  0 -4  8 -2 -4 -2 -1 -3 -1  4    6   0   0   1   0   0   0   0   0   7   1   0  47   0   0   2   3   0   2  31  1.00 0.34
  427 R    2  3 -1 -2 -4  1 -1 -2 -2 -4 -4  5 -3 -5 -3  0 -1 -5 -3 -3   17  13   2   0   0   5   0   1   1   0   0  51   0   0   0   7   3   0   0   0  0.70 0.26
  428 S   -3 -1 -3 -3 -6  9 -1 -5 -2 -6 -5 -1 -3 -6 -4 -1 -2 -5 -4 -5    0   1   0   0   0  92   1   0   0   0   0   0   0   0   0   4   2   0   0   0  2.10 0.55
  429 L   -2 -4 -5 -5 -3 -4 -5 -5 -5  5  3 -4  1 -2 -5 -4 -2 -4 -3  3    1   0   0   0   0   0   0   0   0  50  29   0   2   0   0   0   0   0   0  18  0.92 0.27
  430 R   -3  0  1  0 -6  4  6 -4 -1 -5 -5  0 -4 -5 -3 -2 -3 -5 -4 -5    0   3   5   2   0  23  64   0   1   0   0   2   0   0   0   0   0   0   0   0  1.26 0.37
  431 S    2 -3 -1 -3 -3 -2 -3  4 -3 -4 -4 -2 -4 -5 -3  5  0 -5 -4 -4   16   0   1   0   0   0   0  29   0   0   0   0   0   0   0  50   4   0   0   0  0.85 0.30
  432 A   -2  0 -2 -3 -5  6 -1 -4  6 -3  0 -1  1 -2 -4 -3 -3 -3  3 -3    2   3   0   0   0  39   1   0  26   0  12   1   4   1   0   0   0   0  12   0  0.91 0.32
  433 A   -2 -4 -4 -5 -3 -4 -5 -5 -4  0  5 -4  5 -2 -5 -4 -1 -4 -3  1    2   0   0   0   0   0   0   0   0   1  65   0  21   0   0   0   3   0   0   8  0.99 0.31
  434 T   -2 -3 -3 -4 -3  1 -3 -4 -3  3  3 -3  6 -1 -4 -2  0 -3 -2  2    1   0   1   0   0   8   0   1   0  16  25   0  26   1   0   2   5   0   0  15  0.53 0.21
  435 T    1  0 -2 -2 -3  3 -1 -3 -2 -3 -2  4  4 -4 -3  1  1 -4 -3 -3   11   1   1   1   0  17   1   0   0   0   1  30  15   0   0  14   8   0   0   0  0.48 0.23
  436 T   -3  7 -1 -3 -5  1 -2 -3  5 -5 -5  1 -4 -5 -4 -2 -2 -5 -3 -5    0  65   1   0   0   6   0   1  15   0   0   6   0   0   0   2   2   0   0   0  1.32 0.36
  437 S   -3  0  3 -1 -5  5  1 -3  7 -5 -5  0 -3 -4 -3  0 -2 -5 -2 -5    0   2  18   1   0  27   9   0  28   0   0   5   0   0   0   8   0   0   0   0  0.90 0.29
  438 Y   -5 -5 -5 -6 -6 -5 -5 -6 -1 -4 -4 -5 -4  0 -6 -5 -5 -1 10 -4    0   0   0   0   0   0   0   0   0   0   0   0   0   0   0   0   0   0 100   0  2.88 0.61
  439 Q   -2  1 -2  1 -5  4  5 -4 -2 -2 -3  2 -3 -4 -3 -2 -2 -4 -3  0    1   6   0   4   0  19  40   0   0   3   0  15   0   0   0   0   1   0   0  10  0.64 0.24
  440 R   -2 -2 -3 -4 -5 -4 -4  7 -4 -6 -6 -4 -5 -6 -4  1 -4 -5 -5 -5    0   2   0   0   0   0   0  89   0   0   0   0   0   0   0   9   0   0   0   0  1.80 0.41
  441 L   -4 -5 -6 -6 -4 -5 -6 -6 -4 -2  2 -5 -1  8 -6 -5 -4 -2  0 -2    1   0   0   0   0   0   0   0   0   0  24   0   0  74   0   0   0   0   0   1  1.69 0.41
  442 R   -3 -2 -5 -5 -3 -4 -5 -5 -4  5  3 -4  6 -1 -5 -4 -2 -4 -3  1    0   2   0   0   0   0   0   0   0  37  34   0  22   0   0   0   0   0   0   3  0.90 0.28
  443 K   -3  4  0 -2 -5  1 -1 -3 -1 -5 -5  6 -3 -5 -3 -2 -3 -5 -4 -4    0  27   4   1   0   4   0   1   1   0   0  61   0   0   0   0   0   0   0   0  1.15 0.33
  444 D   -2  1  0  1 -4  1  1 -2 -1 -4 -4  6 -3 -5 -2  0 -2 -4 -3 -4    0   5   2   8   0   3   7   2   1   0   0  65   0   0   1   5   0   0   0   0  0.80 0.23
  445 I    3 -2 -1 -2 -2 -1 -1  1 -2  0 -2 -1 -1 -2 -1  2  1 -3 -1  0   33   0   1   0   0   1   2   7   0   5   0   3   0   1   2  23  11   0   2   8  0.22 0.08
  446 A    0  3  3 -1 -3  1 -1  0 -1 -3 -3  3 -2 -4 -2  0 -1 -4 -3 -3    9  21  24   0   0   3   0   8   0   0   0  30   0   0   0   3   0   0   0   0  0.43 0.11
  447 N   -2 -1  0 -1 -2 -2 -2  0 -2  1  3  0  0  2 -2 -2 -1 -2 -1  0    0   1   7   3   0   0   0   7   0  10  43   9   0  12   2   1   3   0   0   1  0.15 0.07
  448 R   -2  5  0 -2 -4  0 -1 -2 -1 -4 -3  4 -2 -4 -2  0 -1 -4 -3 -3    0  52   3   0   0   1   0   2   0   0   0  33   0   0   0   5   1   0   0   1  0.76 0.15
  449 I   -1 -2  0 -2 -3 -2 -1  5 -2  1 -2 -2 -2 -2 -3  0 -1 -3 -3 -1    2   1   5   0   0   0   4  61   0  17   0   1   0   1   0   4   2   0   0   1  0.60 0.11
  450 E    0  4  0 -1 -3  0  1 -1  0 -3 -2  3 -2 -2 -1  0 -1 -3  0 -3    5  35   4   0   0   1  11   4   1   0   1  20   0   1   3   6   1   0   5   0  0.34 0.08
  451 A    1  1  0 -2 -3 -1 -2  5 -2 -3 -3  0 -2 -3 -2  0  0 -3 -3 -1   10  11   2   0   0   2   0  55   0   0   0   3   0   0   0   7   5   0   0   4  0.55 0.09
  452 E   -1  5  1  1 -4  1  1 -1 -1 -4 -3  1 -2 -4 -2  0 -1 -4 -3 -3    2  55   6   9   0   5  10   5   0   0   0   4   0   0   0   4   2   0   0   0  0.54 0.09
  453 L   -2 -3 -3 -4 -2 -2 -3 -4 -3  2  3 -3  1  2 -3 -2  0 -2 -1  1    0   0   0   0   0   0   0   0   0  14  58   0   0  10   0   0  11   0   0   7  0.33 0.04
  454 S    0 -1 -1  0 -1  0 -1 -2 -2  1 -1 -1 -1 -2  1  2  3 -3 -2  1    0   0   0   7   0   8   0   0   0  13   0   0   0   0   6  19  34   0   0  13  0.19 0.03
  455 L   -1  4 -1 -2 -2  0 -1 -3 -1 -1  2  2  1 -1 -2  0 -1 -3 -2 -1    0  38   0   0   0   0   0   0   0   0  32  14   7   0   0  10   0   0   0   0  0.24 0.03
  456 N   -2  4  4  0 -3  0 -1  1  0 -4 -3  1 -2 -3 -2  0 -1 -3 -2 -3    0  51  37   0   0   0   0  12   0   0   0   0   0   0   0   0   0   0   0   0  0.52 0.04
  457 D   -2 -2  1  6 -4  0  2 -1 -1 -3 -4 -1 -3 -4 -2  0 -1 -5 -3 -3    0   0   0 100   0   0   0   0   0   0   0   0   0   0   0   0   0   0   0   0  0.94 0.00
  458 Y   -1  1 -1 -2 -3  0 -1 -2  1 -2 -2  3 -1  2 -2 -1 -1  1  6 -2    0   0   0   0   0   0   0   0   0   0   0  44   0   0   0   0   0   0  56   0  0.42 0.00
  459 M   -1  1 -1 -2 -2  0  0 -2 -1  0  1  3  4 -1 -2 -1 -1 -2 -1  0    0   0   0   0   0   0   0   0   0   0   0  44  56   0   0   0   0   0   0   0  0.20 0.00
  460 N   -2  0  6  1 -3  0  0  0  1 -3 -4  0 -2 -3 -2  1  0 -4 -2 -3    0   0 100   0   0   0   0   0   0   0   0   0   0   0   0   0   0   0   0   0  0.72 0.00
  461 K   -1  2  0 -1 -3  1  1 -2 -1 -3 -3  5 -1 -3 -1  0 -1 -3 -2 -2    0   0   0   0   0   0   0   0   0   0   0 100   0   0   0   0   0   0   0   0  0.51 0.00
  462 P   -1 -2 -2 -2 -3 -1 -1 -2 -2 -3 -3 -1 -3 -4  8 -1 -1 -4 -3 -3    0   0   0   0   0   0   0   0   0   0   0   0   0   0 100   0   0   0   0   0  2.03 0.00
  463 N   -2  0  6  1 -3  0  0  0  1 -3 -4  0 -2 -3 -2  1  0 -4 -2 -3    0   0 100   0   0   0   0   0   0   0   0   0   0   0   0   0   0   0   0   0  0.72 0.00
  464 L   -2 -2 -4 -4 -1 -2 -3 -4 -3  2  4 -3  2  0 -3 -3 -1 -2 -1  1    0   0   0   0   0   0   0   0   0   0 100   0   0   0   0   0   0   0   0   0  0.45 0.00
  465 E   -1  0  0  2 -4  2  5 -2  0 -3 -3  1 -2 -3 -1  0 -1 -3 -2 -3    0   0   0   0   0   0 100   0   0   0   0   0   0   0   0   0   0   0   0   0  0.73 0.00
  466 H   -2  0  1 -1 -3  0  0 -2  8 -4 -3 -1 -2 -1 -2 -1 -2 -3  2 -3    0   0   0   0   0   0   0   0 100   0   0   0   0   0   0   0   0   0   0   0  0.84 0.00
  467 D   -2 -2  1  6 -4  0  2 -1 -1 -3 -4 -1 -3 -4 -2  0 -1 -5 -3 -3    0   0   0 100   0   0   0   0   0   0   0   0   0   0   0   0   0   0   0   0  0.92 0.00
  468 Q   -1  1  0  0 -3  6  2 -2  0 -3 -2  1  0 -3 -1  0 -1 -2 -2 -2    0   0   0   0   0 100   0   0   0   0   0   0   0   0   0   0   0   0   0   0  0.64 0.00
  469 Y   -2 -2 -2 -3 -3 -2 -2 -3  2 -1 -1 -2 -1  3 -3 -2 -2  2  7 -1    0   0   0   0   0   0   0   0   0   0   0   0   0   0   0   0   0   0 100   0  0.85 0.00
  470 G    0 -3  0 -1 -3 -2 -2  6 -2 -4 -4 -2 -3 -3 -2  0 -2 -3 -3 -3    0   0   0   0   0   0   0 100   0   0   0   0   0   0   0   0   0   0   0   0  1.04 0.00
  471 L   -2 -2 -4 -4 -1 -2 -3 -4 -3  2  4 -3  2  0 -3 -3 -1 -2 -1  1    0   0   0   0   0   0   0   0   0   0 100   0   0   0   0   0   0   0   0   0  0.45 0.00
  472 L   -2 -2 -4 -4 -1 -2 -3 -4 -3  2  4 -3  2  0 -3 -3 -1 -2 -1  1    0   0   0   0   0   0   0   0   0   0 100   0   0   0   0   0   0   0   0   0  0.45 0.00
  473 G    0 -3  0 -1 -3 -2 -2  6 -2 -4 -4 -2 -3 -3 -2  0 -2 -3 -3 -3    0   0   0   0   0   0   0 100   0   0   0   0   0   0   0   0   0   0   0   0  1.04 0.00
  474 Q   -1  2  0 -1 -3  4  1 -2  0 -3 -2  4 -1 -3 -1  0 -1 -3 -2 -2    0   0   0   0   0  50   0   0   0   0   0  50   0   0   0   0   0   0   0   0  0.49 0.00
  475 H   -2  0  1 -1 -3  0  0 -2  8 -4 -3 -1 -2 -1 -2 -1 -2 -3  2 -3    0   0   0   0   0   0   0   0 100   0   0   0   0   0   0   0   0   0   0   0  0.84 0.00
  476 K   -1  2  0 -1 -3  1  1 -2 -1 -3 -3  5 -1 -3 -1  0 -1 -3 -2 -2    0   0   0   0   0   0   0   0   0   0   0 100   0   0   0   0   0   0   0   0  0.51 0.00
  477 K   -1  2  0 -1 -3  1  1 -2 -1 -3 -3  5 -1 -3 -1  0 -1 -3 -2 -2    0   0   0   0   0   0   0   0   0   0   0 100   0   0   0   0   0   0   0   0  0.51 0.00
  478 V    0 -3 -3 -3 -1 -2 -3 -3 -3  3  1 -2  1 -1 -3 -2  0 -3 -1  4    0   0   0   0   0   0   0   0   0   0   0   0   0   0   0   0   0   0   0 100  0.34 0.00
  479 E   -1  0  0  2 -4  2  5 -2  0 -3 -3  1 -2 -3 -1  0 -1 -3 -2 -3    0   0   0   0   0   0 100   0   0   0   0   0   0   0   0   0   0   0   0   0  0.73 0.00
  480 P   -1 -2 -2 -2 -3 -1 -1 -2 -2 -3 -3 -1 -3 -4  8 -1 -1 -4 -3 -3    0   0   0   0   0   0   0   0   0   0   0   0   0   0 100   0   0   0   0   0  2.03 0.00
  481 T    0 -1  0 -1 -1 -1 -1 -2 -2 -1 -1 -1 -1 -2 -1  1  5 -3 -2  0    0   0   0   0   0   0   0   0   0   0   0   0   0   0   0   0 100   0   0   0  0.46 0.00
  482 Q   -1  1  0  0 -3  6  2 -2  0 -3 -2  1  0 -3 -1  0 -1 -2 -2 -2    0   0   0   0   0 100   0   0   0   0   0   0   0   0   0   0   0   0   0   0  0.64 0.00
  483 D   -2 -2  1  6 -4  0  2 -1 -1 -3 -4 -1 -3 -4 -2  0 -1 -5 -3 -3    0   0   0 100   0   0   0   0   0   0   0   0   0   0   0   0   0   0   0   0  0.92 0.00
  484 K   -1  2  0 -1 -3  1  1 -2 -1 -3 -3  5 -1 -3 -1  0 -1 -3 -2 -2    0   0   0   0   0   0   0   0   0   0   0 100   0   0   0   0   0   0   0   0  0.51 0.00
  485 K   -1  2  0 -1 -3  1  1 -2 -1 -3 -3  5 -1 -3 -1  0 -1 -3 -2 -2    0   0   0   0   0   0   0   0   0   0   0 100   0   0   0   0   0   0   0   0  0.51 0.00
  486 K   -1  2  0 -1 -3  1  1 -2 -1 -3 -3  5 -1 -3 -1  0 -1 -3 -2 -2    0   0   0   0   0   0   0   0   0   0   0 100   0   0   0   0   0   0   0   0  0.51 0.00
  487 N   -2  0  6  1 -3  0  0  0  1 -3 -4  0 -2 -3 -2  1  0 -4 -2 -3    0   0 100   0   0   0   0   0   0   0   0   0   0   0   0   0   0   0   0   0  0.72 0.00
  488 P   -1 -2 -2 -2 -3 -1 -1 -2 -2 -3 -3 -1 -3 -4  8 -1 -1 -4 -3 -3    0   0   0   0   0   0   0   0   0   0   0   0   0   0 100   0   0   0   0   0  2.03 0.00
  489 S    1 -1  1  0 -1  0  0  0 -1 -3 -3  0 -2 -3 -1  4  1 -3 -2 -2    0   0   0   0   0   0   0   0   0   0   0   0   0   0   0 100   0   0   0   0  0.45 0.00
  490 D   -2 -2  1  6 -4  0  2 -1 -1 -3 -4 -1 -3 -4 -2  0 -1 -5 -3 -3    0   0   0 100   0   0   0   0   0   0   0   0   0   0   0   0   0   0   0   0  0.92 0.00
  491 P   -1 -2 -2 -2 -3 -1 -1 -2 -2 -3 -3 -1 -3 -4  8 -1 -1 -4 -3 -3    0   0   0   0   0   0   0   0   0   0   0   0   0   0 100   0   0   0   0   0  2.03 0.00
  492 L   -2 -2 -4 -4 -1 -2 -3 -4 -3  2  4 -3  2  0 -3 -3 -1 -2 -1  1    0   0   0   0   0   0   0   0   0   0 100   0   0   0   0   0   0   0   0   0  0.45 0.00
  493 E   -1  0  0  2 -4  2  5 -2  0 -3 -3  1 -2 -3 -1  0 -1 -3 -2 -3    0   0   0   0   0   0 100   0   0   0   0   0   0   0   0   0   0   0   0   0  0.73 0.00
  494 V    0 -3 -3 -3 -1 -2 -3 -3 -3  3  1 -2  1 -1 -3 -2  0 -3 -1  4    0   0   0   0   0   0   0   0   0   0   0   0   0   0   0   0   0   0   0 100  0.34 0.00
  495 S    1 -1  1  0 -1  0  0  0 -1 -3 -3  0 -2 -3 -1  4  1 -3 -2 -2    0   0   0   0   0   0   0   0   0   0   0   0   0   0   0 100   0   0   0   0  0.45 0.00
  496 Q   -1  1  0  0 -3  6  2 -2  0 -3 -2  1  0 -3 -1  0 -1 -2 -2 -2    0   0   0   0   0 100   0   0   0   0   0   0   0   0   0   0   0   0   0   0  0.64 0.00
  497 L   -2 -2 -4 -4 -1 -2 -3 -4 -3  2  4 -3  2  0 -3 -3 -1 -2 -1  1    0   0   0   0   0   0   0   0   0   0 100   0   0   0   0   0   0   0   0   0  0.45 0.00
  498 W   -3 -3 -4 -5 -3 -2 -3 -3 -3 -3 -2 -3 -2  1 -4 -3 -3 11  2 -3    0   0   0   0   0   0   0   0   0   0   0   0   0   0   0   0   0 100   0   0  2.29 0.00

                      K         Lambda
Standard Ungapped    0.1422     0.3246
Standard Gapped      0.0588     0.2670
PSI Ungapped         0.1916     0.3148
PSI Gapped           0.0588     0.2670
