
Last position-specific scoring matrix computed, weighted observed percentages rounded down, information per position, and relative weight of gapless real matches to pseudocounts
           A  R  N  D  C  Q  E  G  H  I  L  K  M  F  P  S  T  W  Y  V   A   R   N   D   C   Q   E   G   H   I   L   K   M   F   P   S   T   W   Y   V
    1 M   -1 -2 -3 -3 -2 -1 -2 -3 -2  1  1 -2  6  0 -3 -2 -1 -2 -1  2    0   0   0   0   0   0   0   0   0   0   0   0  83   0   0   0   0   0   0  17  0.56 0.09
    2 S   -2 -2  6  1 -3 -1 -1 -2 -1 -4 -4 -2 -3 -4 -3  3 -1 -5 -3 -4    0   0  60   7   0   0   0   0   0   0   0   0   0   0   0  33   0   0   0   0  1.09 0.35
    3 N   -3 -2  7  3 -4 -2 -1 -2 -1 -5 -5 -2 -4 -5 -3 -1 -2 -5 -4 -4    0   0  80  20   0   0   0   0   0   0   0   0   0   0   0   0   0   0   0   0  1.61 0.47
    4 N   -3 -2  7 -1 -4 -2  0 -2 -1 -5 -5  0 -4 -5 -3  0 -2 -5 -4 -4    0   0  83   0   0   0   5   0   0   0   0   5   0   0   0   6   0   0   0   0  1.56 0.49
    5 F   -1 -4 -4 -4 -4 -3  1 -4 -3 -2 -2 -4 -2  7 -5 -3 -3 -1  1 -3    5   0   0   0   0   0  13   0   0   0   0   0   0  82   0   0   0   0   0   0  1.58 0.48
    6 K   -2  1  0 -2 -5  2  1 -3 -2 -4 -4  6 -3 -5 -3 -2 -2 -4 -3 -4    0   6   5   0   0   9  10   0   0   0   0  71   0   0   0   0   0   0   0   0  1.09 0.42
    7 D   -4 -4 -1  7 -5 -2 -1 -1 -3 -5 -6 -3 -5 -5 -4 -2 -3 -6 -5 -5    0   0   0  96   0   0   0   4   0   0   0   0   0   0   0   0   0   0   0   0  2.10 0.62
    8 D   -1 -3 -1  6 -5  1  3 -3 -2 -4 -5 -2 -4 -5 -3  0 -2 -5 -4 -4    4   0   0  63   0   5  24   0   0   0   0   0   0   0   0   4   0   0   0   0  1.25 0.44
    9 F   -3 -1 -3 -4 -4 -1 -1 -1  0 -2 -1 -3  1  7 -4 -3 -3 -1  1 -1    0   4   0   0   0   4   4   6   2   0   0   0   4  70   0   0   0   0   0   4  1.14 0.42
   10 E   -2 -2 -2 -1 -5  2  6 -1 -2 -4 -4  1 -3 -5 -3 -2 -2 -4 -3 -4    0   0   0   0   0  11  75   4   0   0   0   8   0   0   0   0   0   0   0   0  1.29 0.49
   11 K   -2  2 -2  0 -4  1 -1  0 -2 -4 -4  5 -3 -4 -3 -2 -2 -4 -3 -2    0  13   0   4   0   4   0   9   0   0   0  65   0   0   0   0   0   0   0   3  0.93 0.40
   12 N   -1 -2  6  0 -4 -1  1 -2 -1 -4 -4 -2 -3 -4 -3  2 -1 -5 -3 -4    4   0  62   3   0   0   9   0   0   0   0   0   0   0   0  19   0   0   0   0  1.13 0.46
   13 R   -2  6 -2 -1 -4  1 -1 -1 -2 -4 -4  3 -3 -4 -3 -1 -2 -4 -3 -4    0  63   0   3   0   4   0   4   0   0   0  20   0   0   0   4   0   0   0   0  1.13 0.43
   14 Q   -3 -1 -2  1 -5  7  3 -4 -2 -4 -2 -1 -3 -5 -3 -2 -3 -4 -4 -4    0   0   0   8   0  70  18   0   0   0   3   0   0   0   0   0   0   0   0   0  1.46 0.59
   15 S    1 -2 -1  0 -3  2  2 -2 -2 -4 -4  0 -3 -4 -2  4 -1 -4 -3 -3   10   0   0   4   0   9  18   0   0   0   0   3   0   0   0  57   0   0   0   0  0.76 0.41
   16 I   -3 -1 -1 -4 -3 -3 -3 -4 -4  5  0  1 -1  0 -4 -3  1 -4 -3  0    0   3   3   0   0   0   0   0   0  63   3  12   0   3   0   0  13   0   0   0  0.75 0.40
   17 D   -3 -1  3  6 -5 -2  0 -1 -2 -5 -5  0 -4 -5  0 -2 -3 -6 -4 -5    0   3  16  66   0   0   2   3   0   0   0   7   0   0   3   0   0   0   0   0  1.29 0.49
   18 T    1 -2 -1 -1 -3  0 -2 -1 -3 -4 -4  0 -3 -4  5  2  1 -4 -4 -3   10   0   2   3   0   3   0   3   0   0   0   8   0   0  43  17  11   0   0   0  0.92 0.36
   19 N   -2 -1  2  3 -4  2  2 -1  3 -3 -2  2 -1 -3 -2  0 -1 -4 -2 -3    0   0  12  19   0   9  15   3  13   0   3  14   2   0   0   8   3   0   0   0  0.44 0.25
   20 S    0 -1  2  2 -3  1  3 -2  2 -2 -3  1 -3 -4 -2  1 -1 -4 -3 -2    6   0  10  15   0   5  29   0   6   3   0  11   0   0   0  13   0   0   0   1  0.47 0.27
   21 H   -3 -2 -2  1 -5  4 -1 -1  8 -5 -4  1 -3 -4 -4 -1 -1  1 -1 -4    0   0   0   7   0  22   0   3  50   0   0  10   0   0   0   3   3   3   0   0  1.29 0.54
   22 Q   -2 -1  3  2 -4  4  1 -1  1 -3  0  1 -2  0 -1 -1 -2 -3 -2 -3    0   0  16  12   0  36   6   3   3   0  10   6   0   5   2   2   0   0   0   0  0.50 0.32
   23 D   -3  1  3  5 -4 -1  2  0 -2 -4 -3 -1 -3 -4 -1 -1  0 -5 -4 -4    0   8  14  44   0   0  15   6   0   0   3   2   0   0   3   0   5   0   0   0  0.74 0.35
   24 H   -1  2  1  3 -3  1  2 -1  3 -3 -2  1 -2 -3 -2 -1  0 -3 -2 -2    5  14   6  18   0   6  14   2  13   0   2   9   0   0   0   0   7   0   0   3  0.34 0.20
   25 T   -1  0  2  0 -2  1  0 -2 -2 -1  1  2 -1 -2 -2  0  2 -3 -2  0    2   3  11   5   0   5   6   0   0   1  15  16   0   0   0   8  16   0   0   9  0.15 0.15
   26 E   -1  0  3  0 -3  1  2 -2  0 -4 -4  3 -3 -4 -1  0  1 -4 -3 -3    3   3  21   2   0   4  21   0   3   0   0  23   0   0   3   5  13   0   0   0  0.47 0.28
   27 D   -3 -2  2  5 -4 -1  3 -1  0 -4 -4  0 -4 -4 -3 -1  0 -5 -4 -4    0   0  13  42   0   0  27   3   3   0   0   4   0   0   0   3   6   0   0   0  0.88 0.39
   28 V    1 -1  0  1 -2  1  2 -1  1 -1 -1  0 -1 -3  0  1  0 -3 -2  0   12   0   3  10   0   9  14   3   5   3   3   5   0   0   3  14   5   0   0  11  0.15 0.13
   29 E    1  0 -1  2 -3  2  3 -1 -2 -2 -3  1 -2 -4  0 -1  0 -4 -3  1   13   3   0  10   0   9  33   2   0   0   0  10   0   0   3   0   5   0   0  13  0.38 0.26
   30 K   -1  0  1  0 -3  3  2 -3 -2 -1 -2  3  0  0 -2  0 -1 -3 -2 -1    3   0   8   2   0  17  14   0   0   3   3  31   3   5   0   6   2   0   0   3  0.36 0.26
   31 D   -1 -2  1  5 -4 -2  1 -1 -2 -4 -4  0 -1 -4 -3  0  1 -5 -4 -4    3   0   6  52   0   0   9   5   0   0   0   5   3   0   0   5  12   0   0   0  0.83 0.39
   32 Q   -1 -1  2  2 -3  1  3 -1  2 -3 -4  1 -3 -4 -2  1 -1  1 -2 -2    3   0  12  13   0   7  22   4   7   0   0  10   0   0   0  16   0   3   0   2  0.40 0.24
   33 S   -1  0  0  0 -3  2  1  0 -2 -1 -2  1 -2 -3 -2  2  1 -3 -2  0    1   3   2   5   0  13  13   7   0   5   3  13   0   0   0  18   9   0   0   8  0.20 0.17
   34 E   -2 -1  3  3 -3  0  3 -1 -1 -4 -4  1 -3 -4  1  1 -1 -4 -3 -3    0   0  17  20   0   3  27   3   0   0   1  10   0   0   5   8   3   0   0   0  0.53 0.26
   35 L   -1  0  3  2 -3  2  1 -1  0 -1  0  0 -1 -2  0 -1 -1 -3  0 -2    3   3  25  11   0  11   8   4   2   3  10   7   0   0   3   1   3   0   3   2  0.21 0.15
   36 E   -1 -1  1  2 -3  2  3 -2  0 -1 -1  2 -2 -1 -2  0 -1 -3 -2 -1    3   0   6  11   0  11  27   1   2   2   8  16   0   3   0   4   0   0   0   4  0.30 0.19
   37 H   -2 -1  1  0 -4  0  3 -3  5 -4 -4  3 -3 -4  1  0  0 -4 -2 -3    0   0   8   3   0   3  27   0  20   0   0  23   0   0   6   5   6   0   0   0  0.63 0.34
   38 Q    0  0  2  2 -3  2  3 -2 -1 -3 -3  1 -2 -4  0  0 -2 -4 -3 -1    7   3  10  14   0  13  29   0   0   0   0  10   0   0   3   3   0   0   0   6  0.43 0.24
   39 D   -1 -2  3  5 -4  1  3 -1 -2 -4 -4 -1 -3 -4 -1 -1 -1 -4 -4 -4    3   0  16  42   0   6  21   3   0   0   0   3   0   0   2   0   3   0   0   0  0.81 0.36
   40 T    0 -2 -1 -2 -2  1  0  0  1  0 -2 -1  0 -1  0  2  1 -3 -2  1    5   0   0   0   0   8   5   7   6   7   0   0   2   2   3  26  13   0   0  14  0.19 0.20
   41 I   -1 -1  0  1 -3  3  1  0 -2 -1  0  1 -1 -3 -2  0  1 -3 -2 -2    3   0   3   7   0  21  12   6   0   3  14  10   0   0   0   6  15   0   0   0  0.23 0.20
   42 E   -1  0  3  4 -4  0  2 -1 -2 -4 -4  0 -3 -4 -2  1 -2 -4 -3 -3    3   6  17  35   0   3  17   3   0   0   0   3   0   0   0   8   0   0   0   0  0.63 0.29
   43 N    0  0  2  2 -3  1  1 -1  1 -3 -3  3 -2 -3 -2  1  0 -3 -2 -3    9   3  15  11   0   5   8   3   5   0   0  23   0   0   0  14   3   0   0   0  0.33 0.20
   44 T    0 -2  0 -1 -2  1  0 -2 -2 -2 -1  0 -2 -3  1  2  3 -3 -1  0    5   0   2   3   0   7   5   0   0   0   8   3   0   0   6  23  29   0   3   6  0.29 0.24
   45 E   -2 -2  3  3 -4  0  3  0 -2 -4 -4  0 -3 -4 -1  2 -2 -4 -3 -4    0   0  18  22   0   3  26   5   0   0   0   5   0   0   2  17   0   0   0   0  0.63 0.33
   46 Q   -3 -1  2 -1 -5  5  4 -3 -2 -5 -4  2 -3 -5 -3 -2 -1 -4 -3 -4    0   0  13   0   0  42  29   0   0   0   0  13   0   0   0   0   3   0   0   0  1.05 0.50
   47 Q   -2 -1  2  1 -3  6  0 -2  2 -3 -3  1 -2 -3 -2  0 -2 -3 -2 -3    1   1  13   6   0  51   4   1   7   1   1   6   0   0   1   7   1   0   0   1  0.84 0.39
   48 F   -1 -1 -1  0 -3 -2 -1 -3 -2 -1 -1 -2  2  6 -1 -2 -1 -1  0 -2    4   3   4   6   0   1   4   1   0   3   2   1   6  53   4   1   4   0   1   1  0.65 0.30
   49 P   -2 -2 -2  0 -3 -2 -1 -2 -3 -2 -3  1 -3 -3  6 -1 -2 -4  0 -3    1   1   1   6   0   0   4   3   0   3   1   9   0   0  62   3   1   0   3   1  1.35 0.43
   50 P   -2 -1 -2 -1 -3  1  1 -3 -3 -3 -3 -2 -3 -4  6  1 -2 -4 -3 -1    1   3   0   3   0   6   8   1   0   0   1   0   0   0  55  14   0   0   0   6  1.19 0.43
   51 R   -1  5  0 -1 -4  2  0  0 -2 -3 -3  1 -2 -4 -3 -2 -1 -3 -3 -2    3  50   5   3   0   9   6   7   0   0   1   8   0   0   0   1   3   0   0   4  0.66 0.32
   52 N   -3 -1  6  1 -4 -1  1  0  1 -4 -4 -2 -3 -4 -1 -1 -2 -4 -3 -4    1   3  60   6   0   0  12   6   3   0   1   0   0   0   3   3   0   0   0   0  1.00 0.43
   53 A    4 -2  1  2 -2 -2  0  0 -2 -3 -3 -1  0 -3  0  1 -1 -4 -3 -2   49   0   6  13   0   0   5   6   0   0   0   3   3   0   3   8   3   0   0   0  0.46 0.29
   54 Q   -1  0  1  1 -4  5  1 -2  0 -4 -2  2 -2 -4 -3 -1 -2 -4 -3 -3    3   2   9   8   0  49   5   3   2   0   3  12   0   0   0   3   0   0   0   0  0.78 0.41
   55 R   -1  5  0  0 -4  1  1 -3 -2 -4 -2  1 -3 -4 -1 -1 -2 -4 -3 -3    6  57   3   5   0   5   9   0   0   0   3   7   0   0   3   3   0   0   0   0  0.85 0.40
   56 R   -2  6  0 -1 -4  0 -1 -3  1 -1 -2  2  0 -3 -1 -1 -2 -4 -3 -2    0  57   3   2   0   3   0   0   3   3   3  12   2   0   3   3   0   0   0   3  0.83 0.38
   57 K   -2  1  2  1 -4  4  1 -3  2 -4 -3  4 -2 -4 -2 -1 -1 -4 -2 -3    0   5  11   6   0  23   9   0   6   0   0  32   0   0   0   3   3   0   0   0  0.59 0.31
   58 R   -2  6  0  0 -4  2  0 -3  0 -4 -3  2 -3 -4 -1 -2 -2 -4 -3 -4    3  58   3   6   0   9   5   0   2   0   0   8   0   0   3   0   0   0   0   0  0.94 0.41
   59 R    0  5  1 -2 -3  0 -1 -1 -2 -3 -3  2 -2 -3 -1  0  0 -3 -3 -3    7  44   6   0   0   2   3   3   0   0   1  15   0   0   3   8   6   0   0   0  0.58 0.29
   60 R   -1  5 -1  0 -4  1  0 -3 -2 -3 -3  2 -2 -3  0 -1 -1 -3 -3 -3    3  53   0   6   0   5   6   1   0   1   1  13   0   0   3   3   3   0   0   1  0.77 0.34
   61 D   -1  0  2  5 -3  0  2 -1 -2 -3 -3  0 -3 -4 -2  0 -1 -4 -3 -3    4   5  10  45   0   3  13   4   0   1   1   6   0   0   1   3   3   0   0   1  0.67 0.29
   62 L    0  0  0  1 -2  1  0 -2  1  1  0  1 -1  0 -2 -1  2 -2 -1  0    6   3   3  11   0   7   3   1   6  10   9  11   0   4   1   1  19   0   0   7  0.10 0.12
   63 A    3 -1  0 -2 -2  0  0  0 -2 -1 -1  0 -2 -2  1  0  0 -3 -2 -1   44   1   3   1   0   4   6   7   0   3   4   6   0   1   7   5   5   0   1   1  0.28 0.19
   64 T    0 -2  0  1 -2  1  1 -1 -2  0 -1  0  0 -3 -2  1  4 -3 -2 -1    5   0   3   9   0   5   9   3   0   6   3   6   2   0   0   8  38   0   0   0  0.31 0.23
   65 N   -1 -2  6  3 -4 -2 -1 -1  1 -4 -4  0 -3 -4 -3  1  0 -4 -3 -4    3   0  54  16   0   0   2   3   2   0   0   5   0   0   0   8   5   0   0   0  0.94 0.42
   66 H   -1  0  1  1 -3  3  0 -3  5 -3 -3  1  2 -3  0 -1 -1 -3 -2 -3    5   2   7   8   0  22   3   0  21   0   0  10   9   0   5   3   3   0   0   0  0.48 0.30
   67 N    0  0  4  1 -3  1 -1 -2 -2 -3 -3  3 -3 -4 -1  2  0 -4 -3 -2    9   2  31   5   0   5   0   0   0   0   0  23   0   0   3  16   3   0   0   3  0.50 0.30
   68 K   -1  2  0  2 -4  1  2 -3 -2 -4 -2  5 -3 -4 -2 -2 -2 -4 -3 -3    3   9   3  15   0   5  13   0   0   0   3  47   0   0   0   0   0   0   0   0  0.70 0.36
   69 Q   -1 -1  0  0 -4  4  2 -2  4 -3 -3  2  0 -3  3 -1 -2 -3  0 -3    3   0   2   5   0  26  12   2  14   0   0  12   2   0  14   3   0   0   3   0  0.54 0.30
   70 V    0 -1  0  1 -3  2  3 -1  2 -2 -2  0 -2  0 -2  0  1 -3 -2  0    6   0   3   5   0  15  28   3   6   0   1   5   0   5   0   3  11   0   0   7  0.29 0.21
   71 H   -1  0  0  3 -3  2  0  0  4 -3 -2  1  1 -3  0 -1 -2 -3  0 -3    3   3   4  24   0  14   3   6  16   0   2   7   7   0   5   1   0   0   3   0  0.39 0.25
   72 N   -1  0  2  4 -3  1  1  0 -2 -3 -3  1  0 -3 -2  0 -1 -3 -3 -3    6   5  13  35   0   9   5   6   0   0   1  11   3   0   0   3   3   0   0   1  0.47 0.24
   73 E   -1 -1  1  3 -3  2  4 -2 -1 -3 -3  2 -2 -3 -2 -1  0 -3  0 -3    3   1   5  20   0  11  33   1   0   1   1  14   0   0   1   1   5   0   3   1  0.54 0.27
   74 S   -1  0  1  1 -2  1  1 -1  3 -1 -2  0 -2 -2 -2  1  1 -3 -1  1    1   3   8   7   0   5  12   3  11   1   1   5   0   1   1  16   9   0   0  15  0.18 0.15
   75 Q   -2 -1  1  0 -3  5  2  0  2 -3 -2  1  0 -3 -2  1 -1 -3 -2 -3    0   0   5   5   0  38  12   7   5   0   3   7   2   0   0   9   3   0   0   0  0.52 0.31
   76 T    0 -1  0  3 -3  2  1 -1 -2 -3 -3  2 -2 -4 -1  0  3 -4 -3 -2    6   0   3  24   0   9   5   3   0   0   0  18   0   0   2   3  25   0   0   1  0.45 0.29
   77 S   -1  0  3  2 -2  0  1 -1 -1 -1 -3  0 -2 -3 -2  2  0 -3 -1 -2    1   3  17  17   0   3   8   3   0   3   1   6   0   1   1  25   6   0   3   1  0.32 0.20
   78 E    0  1  2  2 -2  0  2 -2 -1 -1 -2  0 -2 -3  0  1 -1 -3 -2 -1    6   8  12  17   0   3  17   1   0   3   4   3   0   1   3  16   1   0   0   4  0.25 0.16
   79 D   -1 -1  3  3 -3  1  2 -2  0 -3 -1  1  0 -3 -1  0 -1 -4 -3 -3    5   0  16  26   0   9  16   0   3   0   5   7   2   0   3   3   3   0   0   0  0.41 0.23
   80 N    2 -1  3  1 -3  1  1  0  3 -3 -3  0 -2 -3 -2 -1 -1 -3 -2 -2   27   0  17  10   0   7  12   7   8   0   1   6   0   0   0   0   3   0   0   0  0.35 0.24
   81 V   -1 -1  1  1 -2  1  0 -2  1 -1  0  1  2 -2 -2  0  1 -3 -2  0    4   0  10   8   0   7   5   0   5   0  10  15   9   0   0   9  10   0   0   8  0.14 0.14
   82 Q    0 -1  0 -1 -3  4  0 -3  4 -3 -2  0 -2 -3 -2  1  2 -3  0 -3    5   0   3   3   0  32   5   0  17   0   3   5   0   0   0  10  13   0   3   0  0.53 0.33
   83 N   -1 -2  5  0 -4  0  1 -1  2 -2 -4  1 -3 -4 -1  0  1 -4 -3 -3    2   0  43   2   0   4  11   2   7   2   0   8   0   0   2   2  12   0   0   0  0.65 0.37
   84 E    0 -2 -2  2 -4  1  4 -2  0 -2 -3  0 -3 -4  1  0 -2 -4 -3 -3    7   0   0  12   0   4  48   2   3   3   2   5   0   0   8   6   0   0   0   0  0.64 0.36
   85 A    1 -1  2  2 -2  1  1  0 -1 -2  0  0  0 -2 -2  0  0 -3 -2 -2   16   1  16  14   0   9   8   5   0   1  12   3   3   0   1   8   3   0   0   1  0.19 0.15
   86 G    0 -1  3  1 -4 -1  2  3  1 -4 -4  1 -3 -4 -1  0 -1 -4 -3 -3    5   2  17   7   0   0  19  24   4   0   0  11   0   0   2   5   3   0   0   0  0.43 0.25
   87 T    0 -2  0  1 -3  1  2 -2 -2 -3 -3  1 -2 -4 -2  3  2 -4 -3 -2    5   0   3  10   0   4  18   0   0   0   0   7   0   0   0  34  15   0   0   3  0.45 0.30
   88 I    0 -1  0  0 -2  0  0  0 -2  0  1  0  0 -1  1  0  0 -3 -1  0    6   0   5   5   0   2   5   7   0   6  25   7   0   0   9   9   4   0   2   7  0.07 0.09
   89 D    0 -1  0  5 -4  0  1  0 -2 -4 -4  1 -3 -1  1 -1 -1 -4 -1 -3   10   2   3  44   0   2   5   7   0   0   0  10   0   2   9   0   2   0   3   0  0.57 0.31
   90 D   -1 -2  1  6 -4 -1  2 -1  0 -4 -4  1 -4 -4 -3 -1 -1 -5 -4 -4    5   0   5  59   0   0  13   3   3   0   0   8   0   0   0   2   2   0   0   0  1.03 0.44
   91 R   -1  4  0  1 -3  0  1 -1 -2 -3 -3  2 -3 -4  1  1 -2 -4 -3 -2    3  30   5   7   0   2  10   3   0   0   0  17   0   0   9  11   0   0   0   2  0.46 0.26
   92 Q   -1  0  1  1 -3  3  2 -1  2 -3 -3  1 -2 -2 -1  0 -2 -2  3 -1    5   3   6   7   0  19  14   2   5   0   0  10   0   0   3   5   0   0  16   5  0.31 0.23
   93 V   -1 -1  1  4 -3  0  1  0  1 -1 -3 -1 -2 -3 -1 -1  0 -4 -3  0    5   3   8  32   0   3  12   7   5   5   0   0   0   0   3   0   8   0   0  10  0.33 0.22
   94 E    0 -1  1  2 -3  0  3  1  0 -3 -3  1  2 -3 -2  0 -1 -3 -3 -2    5   0   7  11   0   2  32  10   2   0   0  10   9   0   0   8   0   0   0   3  0.36 0.24
   95 S    2  1  1  2 -2 -1  0 -2 -2 -1 -2  0 -2 -3  2  1 -1 -3 -2 -1   21   8   5  16   0   0   3   1   0   5   3   7   0   0  13  13   2   0   0   3  0.26 0.18
   96 S    0 -1  1  0 -2  2  1 -2  0  0  0  0  0 -2 -2  2 -1 -2 -1 -1    7   1   8   5   0  13  11   1   3   6  10   6   3   0   1  23   1   0   2   1  0.17 0.16
   97 H   -1 -1  1 -1 -3 -1  1  2  5 -1  0  0 -2 -1 -2 -1 -1 -3 -1 -2    5   0   7   0   0   0  14  16  25   3  13   7   0   3   0   1   3   0   0   1  0.33 0.23
   98 S   -1 -1  1  2 -3  2  2  1  1 -3 -2 -1 -2 -3 -2  2  1 -3 -1 -3    1   0   6  17   0  13  14  13   3   0   3   0   0   0   0  18  10   0   2   0  0.32 0.21
   99 T    0 -1  1  1 -2  1  1 -1  1 -2 -2  0  2 -3 -2  2  1 -3 -2 -1    5   0   7  11   0   9   7   3   5   0   1   5  11   0   0  21   7   0   0   6  0.21 0.18
  100 E    0 -1  2  1 -3  2  1 -1  3 -2 -2  1 -2 -1 -1  0 -1 -3 -2 -1    5   0  11  10   0  16   9   4  10   0   4  11   0   2   3   7   2   0   0   6  0.21 0.16
  101 S    0 -1  4  1 -3  1  0  1  3 -3 -3  2 -3 -3 -1  1 -1 -4 -2 -2    7   0  30   5   0   5   6  10   9   0   0  15   0   0   2   8   0   0   0   2  0.40 0.24
  102 Q    0  0  0  2 -3  4  0 -2  0 -2 -2  0 -2 -3  0  1 -1 -3  0  0    9   3   3  16   0  29   2   0   2   0   2   3   0   0   5  11   3   0   4   7  0.33 0.25
  103 E   -2  0  1  4 -4  4  3 -3 -2 -4 -4  1 -3 -4 -3 -1 -1 -4 -1 -4    2   4   6  29   0  25  18   0   0   0   0  10   0   0   0   0   2   0   2   0  0.70 0.35
  104 P    0 -1  2  2 -3  0  2  0 -1 -3 -3 -1 -3 -3  2  1  1 -3 -1 -3    6   3  12  16   0   3  19   5   0   0   0   0   0   0  12  11   8   0   3   0  0.36 0.21
  105 S    1  1  2  2 -3  1  0  1 -1 -3 -3  1 -2 -3 -2  2 -1 -3  0 -3   11  10  10  12   0   9   2  11   0   0   0   7   0   0   0  22   0   0   3   0  0.29 0.20
  106 H   -1 -2  2  1 -3  2  1 -1  6 -3 -3 -1 -2 -3 -1  0 -1 -4 -1  0    3   0  10   6   0  13   7   3  34   0   0   2   0   0   3   7   2   0   0   8  0.61 0.33
  107 Q   -1  0  1  2 -3  4  2 -1  0 -2  0  1 -2 -3 -2 -1 -1 -3 -2 -1    5   4   8  13   0  26  11   4   1   0  10   7   0   0   0   0   3   0   0   5  0.29 0.22
  108 D   -1 -1  3  4 -3  1  1  0  0 -2 -3  0  0 -3 -2  0 -1 -3 -1 -3    4   3  19  32   0   7   6   5   2   2   0   4   3   0   0   6   3   0   2   0  0.46 0.25
  109 S    0 -1  2  0 -3  2  1  0  3 -3 -3  2  0 -1 -1  1  0 -3 -2 -3    9   0  12   4   0  13   9   5  10   0   0  17   2   3   2  12   3   0   0   0  0.28 0.20
  110 T    0  0  2  2 -3  0  2 -2 -2  0 -2  1 -2 -3 -1 -1  2 -4 -3 -1    6   6  10  18   0   2  17   0   0   6   2   9   0   0   3   0  18   0   0   2  0.28 0.21
  111 P   -1  0  0  0 -3  2  1  0  0 -3 -2  1 -2 -3  3  1  0 -3 -3 -2    3   3   5   5   0  13  12   7   2   0   3   9   0   0  20  12   3   0   0   3  0.35 0.19
  112 Q   -2 -1  1  2 -3  4  1 -1  2 -2 -3  1 -2 -4 -1  1  0 -4 -2 -2    0   0   7  18   0  26   6   4   7   3   0  10   0   0   3   9   5   0   0   3  0.41 0.26
  113 H    0 -1  1  2 -3  2  2 -2  4 -3 -3  1 -2 -3  0  0  0 -4 -2 -2    7   0   4  14   0  14  11   2  17   0   0  11   0   0   5   7   4   0   0   2  0.39 0.24
  114 E    0  0  2  3 -3  1  1 -1  1 -3 -3  1 -2 -3 -1  1  1 -3 -2 -2   11   5  11  20   0   5  11   3   4   0   0   7   0   0   2  10   8   0   0   2  0.28 0.17
  115 E    0  0  0  3 -3  3  2 -1  1 -3 -1  0 -2 -3 -2  0 -2 -3 -2 -2    7   5   2  20   0  16  19   5   5   0   9   5   0   0   0   4   0   0   0   3  0.31 0.21
  116 E    0  0  2  1 -3  3  3 -1  1 -3 -2  1 -2 -3 -2  1 -1 -3 -2 -3    6   3  10   8   0  17  28   4   3   0   3   8   0   0   0   9   0   0   0   0  0.42 0.24
  117 Y   -1  0  3  2 -3  0  0 -1 -1 -1 -2  1 -2 -2  1  1 -1 -2  2 -1    3   6  20  15   0   5   3   3   0   3   3   8   0   0   8  10   0   0  10   3  0.23 0.17
  118 Y   -1  1  1  2 -2  0  1 -1  1 -2 -2  0 -2 -1  0  1  1 -2  1 -1    3   8   9  14   0   3  10   3   3   0   3   2   0   2   5  11  11   0   9   3  0.16 0.12
  119 N   -2  0  3  2 -3  1  1  0  1 -3 -3 -1  1  0 -1  0 -1 -3 -2 -2    0   5  23  14   0   7  13   6   5   0   0   0   5   5   3   9   2   0   0   3  0.31 0.21
  120 K   -2  0  1  1 -4  2  2 -1  2 -2 -2  3 -2 -3  0 -1 -1 -3 -2 -3    0   2   9  10   0  11  16   3   7   2   2  29   0   0   5   0   3   0   0   0  0.41 0.25
  121 N   -2  1  4  2 -3  1  0 -1  0  0 -3  1 -2 -3 -1  0 -1 -4 -3 -2    0   8  32  14   0   5   5   2   2   9   1  11   0   0   3   7   0   0   0   0  0.41 0.25
  122 A    1  0  0  1 -2  0  0  0  2 -1 -2  1 -2 -2  1  0  0 -3 -2 -1   19   5   3  12   0   5   6   8   7   5   1   9   0   0   7   5   2   0   0   5  0.14 0.10
  123 F    0  0  0  0 -2  2  2  0  0 -1 -1  1  0  1 -2  0  0 -2 -1 -2    8   2   5   5   0  12  20   6   3   5   3   8   2  11   1   3   3   0   0   1  0.14 0.12
  124 A    1 -1  2  2 -2  1  1 -1 -1 -2 -2  0  1 -2 -2  0  1 -3 -2  0   12   1  11  17   0   7  10   4   0   1   1   7   5   1   1   5   8   0   0   8  0.19 0.13
  125 M    0 -1  1  1 -2  0  1 -2 -1 -1 -1  1  2 -1  0  1  0 -3 -2 -1    9   1   9   8   0   3   9   1   0   4   4  13  11   3   3  17   3   0   0   1  0.15 0.15
  126 D    0  0  2  3 -3  2  1 -1  0 -3 -1  0 -2 -3 -2  0 -1 -3 -2 -2    9   3  12  27   0  14  10   3   2   1   6   6   0   0   1   3   3   0   0   1  0.36 0.20
  127 K    0  1  2  0 -2  0  1  0 -1 -1 -1  3  0 -3 -2  0 -1 -3 -2 -1    8   8  15   3   0   3   7   6   0   6   3  25   2   0   1   8   1   0   0   3  0.20 0.15
  128 S    0  0 -1  1 -2  1  1 -2  0 -1 -1  1  2 -2  0  2  0 -3 -2  0    9   3   1   8   0   9   8   1   3   1   6   8  12   0   3  19   3   0   0   6  0.14 0.14
  129 H    0  0  1  0 -3  4  1  0  3 -3 -3  1 -2 -3  0  0  0 -3 -2 -3    6   3   6   5   0  27  10   6  11   1   1   9   0   0   3   6   5   0   0   1  0.36 0.22
  130 P   -1 -1  1  3 -3  1  2  0  2 -3 -3  0 -3 -3  3  1 -1 -3 -2 -3    1   0   7  19   0   5  15   9   7   0   1   5   0   0  16  13   1   0   0   1  0.43 0.22
  131 E    1  1  1  2 -3  1  3 -2  0 -3 -2  0  0 -1  0 -1  0 -3 -2 -2   13   8   5  10   0   7  27   0   3   0   3   5   2   3   5   0   6   0   0   0  0.27 0.19
  132 P    0  0  1  1 -3  1  1 -2 -1 -2 -2  1  1 -3  3  1 -1 -3 -2  0    8   4   9  10   0  10  12   0   0   0   1   8   5   0  14  10   0   0   0   8  0.26 0.17
  133 I    1  1  0  1 -2  1  1 -1 -1  1  0  0 -1 -2 -1  0  0 -2  0  0   13   8   6   7   0   6  16   3   0  13   9   3   0   0   2   3   3   0   5   3  0.08 0.10
  134 E    0  0  1  2 -2  1  2 -1  0 -2 -3  0 -2 -3  1  1  0 -3 -2 -1    5   3   5  18   0   4  20   3   2   0   1   3   0   0   5  17   5   0   0   7  0.27 0.17
  135 D    0  0  2  3 -3  1  2  0  0 -3 -2  0 -1 -3  0  1 -1 -3 -2 -3    5   3  14  19   0   7  13   6   3   0   3   5   2   0   3  13   0   0   0   0  0.30 0.17
  136 N    0 -1  1  2 -3  2  1  0  0 -2 -3  2 -2 -3 -2  0  1 -3 -2 -1    6   0   8  14   0  12   7   9   3   2   0  19   0   0   0   7   8   0   0   3  0.25 0.17
  137 D   -2 -1  2  4 -4  1  1  1  1 -4 -4  1 -3 -4  0  0 -2 -4 -3 -3    0   0  10  36   0   7   5  11   3   0   0  13   0   0   5   8   0   0   0   2  0.53 0.27
  138 K    1  1  2  1 -3  1  1 -1 -1 -1 -1  2 -2 -3 -1  0 -1 -3 -2 -2   14  10  12  11   0   4  11   4   0   5   5  19   0   0   2   3   0   0   0   0  0.21 0.16
  139 H    1 -1  1  1 -3  3  2  0  2 -3 -3  0  0 -3  0  1 -1 -3  0 -2   14   0  10   9   0  17  14   5   5   0   0   5   3   0   4  10   0   0   3   0  0.28 0.19
  140 D    0 -1  0  4 -3  1  3 -2 -2  0 -3  1 -2 -3 -2  0  0 -4 -3 -2    7   2   3  31   0   5  22   0   0   8   0  10   0   0   0   7   4   0   0   0  0.46 0.26
  141 T    0 -1  0  2 -2  0  1 -1  0  0 -1  0 -2 -3  0  1  2 -3 -2  0    9   0   4  17   0   4   7   3   3   6   2   6   0   0   3   9  18   0   0   8  0.17 0.15
  142 I    0  0  1  1 -3  2  0  0  0  0 -1  1 -1 -3  1  1  1 -3 -2 -2    6   6   5  11   0  18   2   5   2   7   5   8   0   0   6  10   8   0   0   0  0.17 0.15
  143 K    0  0  1  1 -3  2  0  1 -2 -3 -2  3  0 -1 -2  1 -1 -3 -2 -3    8   3   7   9   0   9   4  12   0   0   3  29   2   3   0  10   0   0   0   0  0.28 0.21
  144 N    0 -1  2  3 -3  1  2  1  1 -3 -3  2 -3 -4 -2  0  0 -4 -3 -3    9   0   9  22   0   7  13   9   5   0   0  15   0   0   0   5   4   0   0   0  0.38 0.22
  145 A    1  1  1  0 -3  1  2 -1  0 -2 -3  1 -2 -3 -1  2 -1 -3 -2 -1   19   9   6   4   0   4  19   3   3   2   0   8   0   0   2  19   0   0   0   3  0.27 0.20
  146 E    1  1  0  1 -3  2  3  0  0 -2 -3  1 -2 -3 -1  1  0 -3 -2 -2   14   6   2   9   0   9  26   5   2   2   0   9   0   0   2   8   3   0   0   0  0.31 0.19
  147 N    0  0  2  1  0  1  1  0  1 -2 -2  1 -2 -3  0  1  0 -3 -2 -1    8   2  13  10   3   9  10   5   5   3   1   8   0   0   3  12   5   0   0   3  0.19 0.12
  148 N    1 -1  3  2 -3 -1  1  1  0 -3 -3  0 -2 -3  1  1  1 -3 -2 -2   11   2  22  11   0   0   7  12   3   0   1   5   0   0   6   8   8   0   0   3  0.28 0.17
  149 T    1  0  1  1 -3  2  1  1 -1 -3 -3  1 -2 -3  0  0  0 -3 -3 -2   13   5  10  10   0  10  13  11   0   0   0  13   0   0   4   5   5   0   0   0  0.26 0.16
  150 E    0  0 -1  0 -3  2  3  2  2 -3 -3  0 -2 -1  1  0  0 -3 -2 -3    7   3   0   4   0   9  25  20   8   0   0   5   0   3   7   3   6   0   0   0  0.34 0.21
  151 H   -2 -1  1  0 -3  2  1  1  4 -1 -3  2 -2 -3 -1  0  0 -3 -2 -2    0   0   8   3   0  15   9  10  15   3   0  17   0   0   2   7   6   0   0   3  0.32 0.22
  152 S    1 -1  1  1 -2  2  0  0  0 -2 -3  1 -2 -3  0  3  1 -3 -2 -2   11   0   7   7   0  10   3   6   2   3   0  10   0   0   3  29   9   0   0   0  0.28 0.21
  153 T    0 -1  0  2 -3  0  0  0  0 -3 -3  2 -2 -1 -1  2  1 -3 -1 -2    7   0   2  12   0   4   3   6   3   0   0  18   0   3   2  25  12   0   2   0  0.27 0.21
  154 V    0  0  0  1 -2  1  1  1 -2 -1 -2  1  0 -3 -2  2 -1 -3 -2  1    8   5   2   8   0   9   7  11   0   3   1   9   2   0   0  19   0   0   0  14  0.15 0.15
  155 S    1  0  0  0 -2  1  1  1 -2 -2 -3  0 -2 -3  0  2  0 -3 -3 -2   16   3   3   5   0   8   9  10   0   3   0   6   0   0   3  28   5   0   0   2  0.26 0.20
  156 D    1 -1  1  4 -3  2  1  0  0 -3 -3  1 -3 -4 -2  0  0 -4 -3 -2   12   0   6  31   0  11   7   8   2   0   0   9   0   0   0   5   6   0   0   2  0.40 0.24
  157 K    0 -1  3  2 -3  0  1  1  1 -3 -4  3 -3 -4 -2  1 -1 -4 -3 -2    5   0  19  13   0   3   8  11   4   0   0  23   0   0   0   9   0   0   0   2  0.39 0.24
  158 S    1  0  1  0 -2  0  1  0  1 -2 -2  1  0 -3 -2  2  1 -3 -2 -1   19   6   8   2   0   2  12   5   4   0   0  12   3   0   0  17   7   0   0   4  0.21 0.16
  159 E   -1  0  2  0 -4  2  3  1  1 -4 -4  1 -3 -4  0  0 -1 -4 -3 -3    2   3  16   4   0  12  26  15   5   0   0   6   0   0   5   3   2   0   0   0  0.43 0.25
  160 A    1 -1  2  2 -2  0  0  1 -2 -1 -2  1 -2 -3 -2  1 -1 -3 -2  0   14   0  12  14   0   5   5  13   0   5   3  11   0   0   0  10   0   0   0   7  0.18 0.14
  161 E    1 -1 -1  2 -3  2  2  0  0 -3 -3  1 -2 -3  1  0  0 -3 -2 -2   14   0   0  11   0  11  18   7   3   0   0  13   0   0   8   7   5   0   0   2  0.30 0.19
  162 Q    2 -1  1 -1 -2  3  0  1 -1 -2 -2  2  0 -3 -2  0  0 -3 -2 -1   21   0   6   0   0  20   6   9   0   0   1  16   3   0   0   6   7   0   0   3  0.28 0.21
  163 S    2  0  0  2 -2  1  0  1  0 -3 -3  1 -2 -3 -2  1  0 -3 -2 -2   24   3   3  12   0   9   3  13   3   0   1   8   0   0   0  11   6   0   0   2  0.25 0.17
  164 Q    1 -1  0 -2 -3  4  1  0  2 -3 -3  2 -2 -3 -2  0  1 -3 -2 -2   16   0   3   0   0  32   6   5   5   0   1  12   0   0   0   7  10   0   0   0  0.45 0.29
  165 Q    1  1  0  0  0  4  2  0  1 -3 -3  1 -2 -3 -2  1 -1 -3 -2 -3   13   6   3   4   3  30  11   5   3   0   0   7   0   0   0  11   3   0   0   0  0.40 0.26
  166 P    1 -1  0  1 -3  2 -1  1 -2 -3 -3  1 -2 -3  4  0 -1 -3 -3 -3   13   0   3  10   0  14   1   9   0   0   1  11   0   0  25   8   3   0   0   1  0.48 0.24
  167 K    0  0 -1  2 -3 -1  1  1  1 -3 -3  4 -2 -3 -1  0  0 -3 -2 -2   10   3   0  12   0   0   7  11   3   0   1  37   0   0   2   5   5   0   0   3  0.34 0.23
  168 P    0 -1  0  0 -2  1  0  0  0 -2 -2  1 -2 -3  4  1  1 -3 -2 -1   10   1   5   5   0   7   5   5   3   0   3  10   0   0  22   8  11   0   0   4  0.32 0.17
  169 Y    0 -1  2  1 -3 -1  1  1  2 -3 -3  1 -2 -2 -2  1  0 -2  1 -2   10   0  13   9   0   0   9  12   6   0   1  14   0   0   0   9   7   0   7   0  0.23 0.17
  170 F    0 -1  2  1 -2  1  1  0 -1 -2 -2  0 -2  2 -2  0  0 -2  0  0   10   0  14   9   0   9   8   7   0   0   0   5   0  13   0   8   5   0   2   8  0.14 0.15
  171 T    2 -1  2  0 -3  2  3 -2  0 -3 -3  1 -2 -4  1  1 -1 -4 -3 -3   21   0  11   2   0  11  22   0   3   0   0  12   0   0   5   9   3   0   0   0  0.38 0.25
  172 T    2 -2  1  1 -2  1  1  0 -2 -1 -2 -1  0 -3 -2  1  2 -3 -3 -1   23   0   5  11   0   7  11   7   0   2   0   2   2   0   0   8  19   0   0   3  0.25 0.20
  173 G    0 -1  1  0 -3  3  1  3  0 -3 -3  1 -2 -4 -2 -1  0 -3 -3 -2    9   0   8   5   0  19   7  27   2   0   0  11   0   0   0   0   7   0   0   3  0.38 0.24
  174 A    2 -1 -1  2 -3  2  1 -1  2 -3 -3  2 -2 -3 -2  1 -1 -3 -2 -2   25   0   0  11   0  14   8   4   8   0   0  15   0   0   0   9   3   0   0   2  0.34 0.24
  175 N   -1  0  4  2 -3  1  0  1  0 -2 -3  1 -3 -4 -3  2 -1 -4 -3 -1    4   3  27  10   0   6   4  10   2   3   0   7   0   0   0  19   0   0   0   4  0.38 0.25
  176 Q    1  0  1 -1 -3  3  1  0  0 -2 -3  3 -2 -4  0  0 -1 -4 -3 -3   13   2   5   2   0  22  11   6   2   2   0  23   0   0   3   5   3   0   0   0  0.38 0.26
  177 S    0 -1  0  2 -3  2  1  1 -2 -2 -2  1 -2 -3  0  2  0 -3 -3 -2    7   0   4  14   0  14  10  10   0   2   2  10   0   0   4  18   5   0   0   0  0.28 0.19
  178 E   -1 -1  1  1 -3  2  2  0 -1 -3 -2  2 -2 -3  1  1  1 -3 -3 -3    4   0   9   7   0  11  16   5   0   0   4  15   0   0   8  13   7   0   0   0  0.29 0.19
  179 T    1 -1  2  1 -2  1  1 -2  0 -2 -1  0 -2 -3 -1  1  3  0 -2 -2   13   0  11   6   0   6  10   0   2   0   5   7   0   0   3   8  25   2   0   0  0.25 0.21
  180 S    0 -1  2  2 -2  0  1  0  1 -1 -2  0 -2 -3  1  2  0  0 -2 -1    7   2  12  12   0   3   7   5   4   5   0   7   0   0   6  19   6   2   0   3  0.19 0.14
  181 K   -2  1  2  2  0  2  2 -1 -1 -2 -3  2 -2 -4 -1  0 -1 -4 -3 -2    0   8  14  13   3   9  21   4   0   2   0  15   0   0   2   3   3   0   0   3  0.35 0.21
  182 N    0 -1  2  2 -3  0  3 -2  0 -2 -3  1 -2 -3 -1  0  1 -4 -3 -2   10   0  14  16   0   2  26   0   2   3   0   8   0   0   2   6   9   0   0   0  0.39 0.24
  183 E   -1 -1  2  2 -3  1  1  1  2 -2 -3  2  0 -3  0  0 -1 -3 -2 -3    5   0  12  14   0   8  11  12   7   3   0  16   3   0   3   4   2   0   0   0  0.27 0.18
  184 H    0  0  1  1 -3  2  2 -1  3 -2 -3  1  0 -3 -1  1 -1 -3 -2 -1    7   4   8   6   0  12  13   3  12   2   0  11   3   0   2  10   3   0   0   3  0.24 0.17
  185 D    1  0  2  2 -3  1  1  0  2 -3 -3  1 -2 -3 -1  0  0 -3 -2 -1   13   2  13  13   0   8  11   5   7   0   0  13   0   0   2   3   6   0   0   3  0.26 0.17
  186 N    1  0  3  2 -3  1  1  0  1 -2 -3  0 -2 -3 -2  1  0 -4 -2 -3   11   4  21  16   0   7  10   6   4   2   0   2   0   0   0  11   4   0   0   0  0.34 0.21
  187 D    1 -2  1  3 -3  1  3 -1 -2 -2 -2  0  0 -3 -2 -1  0 -4 -3 -1   19   0   6  20   0   9  22   2   0   0   3   4   3   0   0   0   8   0   0   4  0.34 0.24
  188 S    0 -1  1  2 -3  0  1  1  0 -3 -2  1 -2 -3  0  2  1 -3 -3 -2    6   0   8  14   0   2  11   9   2   0   4  11   0   0   4  19   9   0   0   0  0.26 0.17
  189 V    1 -1  0  2 -2  1  1 -1  0  0 -2  1 -2 -3  0  1  0 -3 -2  0   13   0   4  17   0   7  10   4   2   5   2   8   0   0   5   8   7   0   0   9  0.16 0.13
  190 K    1 -1  0  1 -3  1  1  1  1 -3 -3  3 -2 -3 -2  0  1 -3 -1 -2   15   0   4   9   0   7  11   9   3   0   0  23   0   0   0   4  11   0   2   0  0.28 0.20
  191 Q    0  0  1  2 -3  3  1 -1  0 -1 -3  2 -2 -3 -2  0  0 -3 -2 -2    5   4   8  13   0  22   8   3   2   6   0  16   0   0   0   6   5   0   0   0  0.33 0.22
  192 D    0 -1  1  3 -3  1  1  0 -2 -2 -2  1 -2 -3 -2  0  1 -3 -3  0   10   2   6  25   0   6   8   6   0   0   3  10   0   0   0   4  10   0   0   8  0.25 0.17
  193 Q    0  1  2  2 -4  3  1  0  2 -4 -4  2 -3 -4 -2  1 -2 -4 -3 -3    6   6  11  15   0  18   7   8   5   0   0  17   0   0   0   8   0   0   0   0  0.42 0.25
  194 D    0  0  3  3 -3  0  2  1 -2 -3 -3  0 -1 -2 -1  0  0 -4 -3 -3    9   6  17  21   0   1  16  10   0   0   0   2   2   2   2   5   7   0   0   0  0.36 0.22
  195 E    1  0  1  2 -3  1  3 -1 -2 -2 -3  2 -3 -4 -2  1 -1 -4 -3 -2   12   5   6  13   0   4  32   4   0   2   0  12   0   0   0   8   1   0   0   2  0.41 0.25
  196 P   -1 -1  2  1 -3  2  1  0 -2 -2 -2  1 -2 -3  2  1  1 -4 -3 -1    2   0  12   6   0  11   9   7   0   2   2  14   0   0   9   9  13   0   0   4  0.24 0.18
  197 K   -1 -1  1  2 -4  3  2  0 -2 -3 -3  2 -2 -4 -1  0 -1 -4 -3 -1    3   0   8  14   0  22  12   7   0   0   0  17   0   0   2   8   2   0   0   4  0.41 0.27
  198 E    0 -1  1  3 -3  1  3 -2  1 -2 -3  1 -3 -4  0  0 -1 -4 -3 -3   10   2   8  22   0   4  24   0   4   2   0  11   0   0   4   5   2   0   0   0  0.42 0.24
  199 H    0 -1  2  0 -3  2  2 -1  5 -4 -4  0 -3 -3  1  0 -1 -4 -2 -3    7   0  15   4   0   9  16   3  22   0   0   6   0   0   9   6   2   0   0   0  0.49 0.28
  200 H    0  1  0  1 -3  2  2 -1  4 -3 -3  1 -2 -3  0  1  1 -3 -2 -2    6   6   2   6   0   9  16   2  18   0   0   9   0   0   4   8   9   0   0   3  0.33 0.22
  201 N    1  0  2  2 -3  0  2 -1  2 -3 -3  1 -3 -4 -2  2 -1 -4 -3 -2   10   2  12  12   0   2  19   2   5   0   0  11   0   0   0  21   0   0   0   2  0.37 0.24
  202 G    0  0  1  2 -3  0  1  2 -1 -3 -3  0 -2 -3  0  2  0 -3 -1 -3    7   3   6  16   0   4   7  18   0   0   0   6   0   0   5  17   6   0   2   0  0.28 0.16
  203 K   -1 -1  1  2 -3  0  2  1 -2 -3 -2  3 -2 -3 -1  0  0 -3 -3 -3    3   0   6  11   0   3  13  11   0   0   3  32   0   0   2   8   7   0   0   0  0.36 0.23
  204 K    0  0  0  1 -3  1  2 -1 -1 -2 -2  3  0 -3 -2  0 -1 -3  0 -2    8   0   5   8   0   6  15   3   0   0   3  35   3   0   0   3   2   0   3   3  0.33 0.23
  205 A    2 -1  1  2 -2  0  0  1 -2 -3 -3  2 -2 -1 -2  1  0 -3 -2 -2   22   1   8  14   0   4   3   9   0   1   1  19   0   3   1  10   3   0   0   1  0.25 0.18
  206 A    1  0 -1  0 -2  0  1  1 -2 -2  0  2  0 -2 -2  1  1 -3 -2 -1   14   2   0   3   0   3  10  10   0   1   9  18   3   0   1  12  10   0   0   4  0.14 0.13
  207 A    2 -1  0  1 -2  1  1  0  1 -2 -1  1 -1 -2  0  0  0 -2  0 -1   24   1   2   9   0   7   7   8   5   1   4  13   0   0   3   5   3   0   3   5  0.14 0.12
  208 I    1  0  0  0 -2  0  1  0 -1  1 -1  1 -1 -2  1  0  0 -2 -2  0   14   4   4   6   0   3  12   7   0  16   3  13   0   1   5   3   4   0   0   3  0.09 0.09
  209 G    1 -1  1  1 -2  1  0  2 -1 -2 -2  1 -2 -3  0  1 -1 -3 -2 -1   17   1   8  10   0   8   5  19   0   1   1   8   0   1   5   8   1   0   1   5  0.21 0.13
  210 A    2 -1 -1  2 -2  1  1  0 -1 -1 -1  1 -1 -2 -1  1  0 -2 -2 -2   23   1   1  13   0   8  12   7   0   3   5  10   0   1   1  11   3   0   1   1  0.19 0.14
  211 G    1  0 -1  1 -2  2  1  2 -1 -2 -2  2 -2 -3 -2 -1 -1 -2 -2 -1   11   4   1  10   0  10   9  24   0   1   2  16   0   1   1   1   3   0   1   5  0.26 0.15
  212 T    1 -1  0  1 -2  1  0  1 -1 -2 -1  1 -1 -2 -1  0  2 -2 -2  0   17   1   5   7   0   7   6  10   0   1   5  14   0   1   1   1  18   0   1   5  0.14 0.13
  213 A    2  1 -1  0 -2  1  1  1 -1 -2 -1  0 -1 -2  0  0  0 -2 -2 -1   32   7   1   6   0   5  10  10   0   1   5   6   0   1   3   7   3   0   1   1  0.19 0.13
  214 G    1 -1  0  0 -2  1  1  1  1 -1 -2  0  0 -2  1  1 -1 -2 -2 -1   20   1   4   4   0   8  12  12   5   3   2   7   4   1   6   8   1   0   1   3  0.14 0.10
  215 V    1 -1  0  0 -2  1  1  0  1 -2 -2  0 -1 -2  1  1  0 -2 -2  0   16   1   4   4   0   7   9   7   5   1   3   4   0   1   8  17   3   0   1   8  0.15 0.10
  216 A    2 -1  0  1 -2  2  1  1 -1 -2 -2  2 -2 -2 -1  0 -1 -2 -1 -1   23   1   4  11   0  11   8  10   0   1   2  15   0   1   1   4   1   0   3   3  0.20 0.14
  217 G    1  0  1  0 -2  0  0  2 -1 -1 -1  0 -1 -1  2  0 -1  2 -2 -2   18   3   6   3   0   5   5  19   0   3   5   8   0   3  10   4   1   3   1   1  0.16 0.10
  218 A    2  0  0  0 -2  0  1  2 -1 -2 -2  1  0 -2  0  0  0 -2 -2 -1   23   3   4   5   0   4  15  15   0   1   2   8   2   1   3   4   6   0   1   3  0.17 0.11
  219 A    2 -1  1  1 -2  1  1  0 -1 -1 -2  1 -1 -1 -1  0  0 -2 -2 -1   22   1   9   7   0  10  10   7   0   4   2   8   0   4   1   1   7   0   1   5  0.13 0.11
  220 G    1 -1  0  0 -2  1  0  2  1 -2 -2  0 -2 -1  0  1 -1 -2 -1 -1   17   1   3   6   0  10   6  23   4   1   2   6   0   3   3   8   1   0   2   3  0.20 0.12
  221 A    3 -1 -1  0 -2  0 -1  0 -2 -1 -1  0 -1 -2  1  1  0 -2 -1  0   35   3   3   5   0   6   1   7   0   1   5   5   0   1   6   9   3   0   2   7  0.18 0.14
  222 M    2 -1  1  1 -2  2  1  1 -1 -1 -2  0  1 -1 -2  0  0 -2 -2 -2   23   1   9   9   0  15   8  10   0   3   1   4   5   4   1   4   4   0   0   1  0.19 0.16
  223 A    2  0 -1  0 -2  2  1  2  0 -2 -2 -1 -2 -3 -2  1  0 -3 -2 -2   20   3   0   6   0  14  12  19   3   1   4   1   0   0   1   8   7   0   0   1  0.26 0.18
  224 A    2 -1  0  0 -2  0  1  1  0 -1 -2  1 -2 -3  0  0  0 -3 -2  1   20   0   2   4   0   2  14  11   3   0   1  15   0   0   3   2   6   0   0  14  0.16 0.15
  225 S    2 -1  0  2 -3  1  1 -2  2 -3 -3  1 -2 -3  0  2 -1 -4 -2 -3   27   0   4  12   0   6  10   0   7   0   0   8   0   0   5  20   0   0   0   0  0.38 0.26
  226 K    1  2  0  1 -3  2  1 -1  1 -3 -3  3 -2 -4  0  0  0 -4 -3 -3   14  10   4   7   0  13  11   2   4   0   0  22   0   0   3   3   8   0   0   0  0.34 0.22
  227 A    2 -2  1  0 -2  0  0  0  1 -1 -3  0 -2 -1 -2  2  1 -3 -2 -1   26   0   6   3   0   4   6   5   4   2   0   5   0   3   0  25   6   0   0   4  0.26 0.22
  228 K    1  0  1  0 -3  0  0  0  1 -2 -2  3 -2 -3 -1  2  0 -4 -2 -2   10   4   6   3   0   2   4   5   4   3   3  27   0   0   2  22   6   0   0   0  0.27 0.22
  229 K    0  1  1  1 -3  2  1 -1  4 -3 -2  3  0 -3 -3 -1 -2 -4 -2 -3   11   5   8   6   0   9   7   3  16   0   5  25   3   0   0   3   0   0   0   0  0.38 0.26
  230 H    0  0  0  2 -4  2  3  0  5 -4 -4  1 -3 -4 -3 -1 -1 -4 -2 -4    6   2   2  12   0  10  22   8  22   0   0  11   0   0   0   3   2   0   0   0  0.56 0.32
  231 S    1 -1  2  1 -3  0  1  0  3 -3 -3  2 -3 -3  0  1 -1 -4 -2 -3   15   0  13   6   0   2  11   4  11   0   0  18   0   0   3  14   0   0   0   0  0.36 0.25
  232 N    0  1  4  2 -3  0  0 -1  3 -3 -2  2 -2 -3 -1  0 -1 -4 -2 -3    6   6  25  11   0   2   4   3  12   0   3  17   0   0   2   4   3   0   0   0  0.40 0.25
  233 D   -1 -2  2  4 -3  1  0  0  2 -3 -4  1 -3 -4 -2  1  0 -4 -3 -2    3   0  14  35   0   5   4   5   6   0   0   8   0   0   0  12   4   0   0   4  0.51 0.28
  234 A    0  0  0  1 -3  3  2  1  0 -2 -3  2 -2 -3 -2  1  0 -3 -2 -2    8   3   2   9   0  18  14  11   2   2   0  14   0   0   0   8   6   0   0   2  0.29 0.20
  235 Q   -1  0  1  1 -3  3  1  0  0 -1 -3  2 -2 -3 -2  1  0 -3 -3 -2    0   2   6   9   0  19   9   6   2   4   0  20   0   0   0  14   6   0   0   3  0.33 0.23
  236 N    0 -1  3  2 -3  0 -1  1 -2 -3 -3  1 -3 -4  3  0  0 -4 -3  0    5   2  20  11   0   4   0  11   0   0   0  13   0   0  15   6   5   0   0   8  0.35 0.23
  237 K    0  0  1  0 -4  2  1 -1 -2 -3 -3  4 -3 -4 -1 -1  0 -4 -3 -1    7   0   6   3   0  10  11   3   0   0   0  44   0   0   2   2   7   0   0   4  0.54 0.34
  238 S    0 -1  1  0 -3  4  1 -1  1 -4 -2  2 -2 -4 -1  1 -1 -4 -3 -3    8   0   8   5   0  29   8   3   3   0   2  15   0   0   2  14   2   0   0   0  0.44 0.30
  239 N   -1  0  3  3 -3  0  0  0  1 -3 -3  0  0 -3  1  1 -1 -4 -3 -2    4   4  21  22   0   3   2   6   4   0   0   6   3   0   8  10   2   0   0   4  0.34 0.21
  240 S    1 -1  1  1 -3  0  2  0  3 -3 -2  1  0 -3  0  1 -1 -3 -2 -1   11   2   6   7   0   0  23   5  11   0   4   7   3   0   3  14   0   0   0   3  0.24 0.19
  241 G    0  0  1  1 -2  1  1  1  2 -2 -2  0 -2 -3  1  1 -1 -3 -2 -1    9   4   7   7   0   8  12  11   8   0   2   4   0   0   6  14   0   0   0   5  0.19 0.14
  242 K   -1  1  0  1 -3  1  0  0  1 -2 -2  3  0 -3  0  0  0 -3 -2 -2    3   4   2  11   0   9   5   8   3   2   1  29   3   0   3   7   6   0   0   2  0.24 0.17
  243 A    1 -1  1  1 -2  2  1  0  1 -2 -2  2 -2 -3 -2  1  0 -3 -2 -1   12   0   8  10   0  10   8   7   4   2   3  15   0   0   0  14   3   0   0   3  0.20 0.16
  244 N   -1  0  2  3 -3  2  1  0  2 -3 -3  0 -2 -3 -2  0  1 -3 -2 -1    2   4  15  21   0  11   9   7   6   0   0   5   0   0   0   6   9   0   0   5  0.32 0.20
  245 N    0 -1  2  1 -3  1  2  0  2 -1 -3  1 -2 -3  1  1 -1 -3 -2 -1    5   0  14  10   0   7  15   7   7   7   0   7   0   0   7   9   0   0   0   3  0.24 0.17
  246 S    0  0  2  1 -3  0  1  0  1 -3 -3  2 -2 -3 -2  2  0 -3 -2 -3    7   4  14   6   0   2  11   5   3   0   1  20   0   0   0  22   4   0   0   0  0.34 0.22
  247 T    0  0  2  1 -2  0  0  1  0 -2 -2  1 -1 -1 -2  0  2 -3 -2 -1    9   3  13  10   0   2   5  13   2   0   1   9   2   3   0   6  16   0   0   4  0.18 0.14
  248 E    0 -1  0  2 -4  2  4  1 -2 -4 -4  2 -3 -4 -2  0 -2 -4 -3 -3    9   0   4  13   0   9  32  10   0   0   0  15   0   0   0   5   0   0   0   0  0.53 0.30
  249 D    0  0  3  3 -3  1  2  1  0 -4 -3  1 -3 -1 -1 -1 -2 -3  0 -3    7   4  20  21   0   6  13   9   2   0   0   8   0   2   2   2   0   0   3   0  0.38 0.23
  250 K    0  0  1 -1 -3  1  0  0 -2 -1 -2  3 -2 -3  0  0 -1 -3 -1  0    8   2   7   3   0   9   5   7   0   5   3  32   0   0   5   5   0   0   3   6  0.22 0.20
  251 A    1  0  0  0 -2  2  1  0  1 -1 -2  1 -1 -3 -2  1  1 -3 -2  0   14   4   5   5   0  12  11   6   5   2   3   7   0   0   0  11   8   0   0   7  0.15 0.13
  252 S    1 -1  2  1 -3  2  0  1 -2 -3 -2  2 -2 -3 -2  1  0 -3 -3 -1   12   0  12   8   0  15   2  11   0   0   3  15   0   0   0  13   3   0   0   5  0.25 0.20
  253 Q    0 -1  1  3 -3  3  1  0 -2 -2 -2  2 -2 -4 -2  0 -1 -4 -3 -2    8   0   7  18   0  19   9   6   0   2   2  17   0   0   0   8   2   0   0   2  0.37 0.25
  254 D    0 -2  1  3 -3  1  0  1  0 -3 -2  1 -3 -4  1  1  0 -4 -3 -2    6   0   6  25   0   6   5  15   2   0   2   9   0   0   7  11   4   0   0   3  0.32 0.20
  255 K    1 -1  0  2 -3  1  1  0  0 -2 -1  2 -1 -1 -1  0 -1 -3 -2 -2   13   0   3  18   0   9   8   6   2   2   6  18   2   3   2   5   3   0   0   0  0.19 0.17
  256 S    1 -1  1  3 -3  1  0 -1 -2 -3 -3  3 -2 -4  0  1  0 -4 -3 -1   12   0   5  18   0   8   4   2   0   0   0  23   0   0   4  14   5   0   0   5  0.34 0.25
  257 K    1 -1  1 -1 -3  0 -1 -1  2  0 -3  4 -3 -4  2  0 -2 -4 -3 -3   17   0   9   1   0   4   1   4   6   6   0  37   0   0   9   5   0   0   0   0  0.44 0.32
  258 D    0 -2  1  4 -4  2  0 -2  3 -2 -2  2 -3 -4 -3  0 -2 -4 -3 -2    7   0   5  36   0  14   1   2   8   3   2  14   0   0   0   5   0   0   0   3  0.54 0.33
  259 H    1 -1  2  0 -3  2  0  0  3 -1 -2  0 -2 -1 -2  1 -1 -3 -1 -1   11   0  10   2   0  15   6   9  13   4   3   7   0   2   0  10   3   0   2   3  0.20 0.18
  260 H    0 -1  2  1 -3  1  1  1  3 -2 -2  2 -2 -3 -2  1 -1 -3 -2 -1    9   0  10   6   0   6   6   9  12   2   3  18   0   0   0  14   0   0   0   3  0.25 0.20
  261 N   -1 -1  3  1 -3  3  0  1  0 -2 -3  2  0 -4 -1 -1 -1 -4 -3 -1    4   0  24   9   0  16   5  10   2   3   0  13   2   0   3   2   2   0   0   4  0.35 0.25
  262 G   -1 -1  0  1 -3  0  0  3  0 -3 -1  3 -2 -3  0 -1 -1 -4 -3 -3    2   0   5  10   0   3   4  27   3   0   8  29   0   0   6   2   2   0   0   0  0.37 0.25
  263 K    0  1  0  1 -3  3  0  0  2 -1 -1  3 -1 -3 -2 -1  0 -3 -2 -2    7   4   3   7   0  18   3   8   7   6   4  24   2   0   0   3   5   0   0   0  0.25 0.21
  264 K    1  1  0  0 -3  2 -1  1 -2 -3 -1  4  0 -3  0 -1 -2 -3 -3 -3   13   6   5   3   0  12   0  10   0   0   5  36   3   0   3   3   0   0   0   0  0.36 0.26
  265 G    2  0  0  0 -2  1  1  2 -1 -2 -1  1 -2 -2  0  0 -1 -3  0 -2   20   3   5   4   0   6   8  21   0   0   7  11   0   0   3   3   3   0   3   0  0.19 0.14
  266 A    3 -1  2  0 -2  0  0  0 -2 -2 -1  0  0 -2 -2  2  0 -3 -2  0   32   1  11   4   0   4   3   3   0   1   7   4   3   0   1  16   3   0   0   5  0.22 0.18
  267 A    2 -1 -1  0 -2  0  1  0 -2 -2  0  2  0 -2 -2  0  0 -3 -2  0   27   1   1   5   0   3  13   8   0   1   8  16   3   0   1   5   3   0   0   5  0.17 0.16
  268 I    0  0  0 -1 -2  1  0  2 -2  0 -1  1 -1 -2  0  1  0 -3 -2 -1    7   3   3   3   0   9   5  23   0   8   4  11   0   0   3   9   7   0   0   5  0.15 0.11
  269 G    1 -1  0  1 -2  1  0  2 -2  1 -1  0 -1 -2 -2  0  0 -3 -2  0   17   1   4   7   0   8   6  18   0  11   4   8   0   0   1   3   5   0   0   5  0.13 0.11
  270 A    1 -1  0  1 -2 -1  0  2 -2 -2 -1  0 -1 -1  0  0  0 -2 -2 -1   20   3   3   7   0   1   7  19   0   1   7   8   0   3   5   6   7   0   0   2  0.14 0.10
  271 G    1 -1  1  0 -2 -1  0  2 -2  0 -1  0 -1 -2 -2  0  1 -2 -1  0   16   1   6   6   0   1   4  24   0   6   4   5   0   1   1   6  10   0   3   6  0.16 0.11
  272 T    2 -1  0  1 -2  1  1  1 -1 -2 -1  0 -1 -2  0  0  1 -2 -2 -1   25   1   3   9   0   6   9  14   0   1   6   7   0   1   4   3   8   0   0   3  0.16 0.12
  273 A    3 -1  0  0 -2  0  0  0  0  0 -1  0  0 -2  0  0 -1 -2 -2  0   36   1   3   4   0   3   5   7   3   6   4   8   3   1   3   6   1   0   0   5  0.16 0.14
  274 G    2 -1  0  0 -2  0 -1  2  0  0 -1  0 -1 -2 -1  1 -1 -2 -2 -1   24   1   4   4   0   3   1  21   3   7   5   7   1   1   1   9   1   0   1   4  0.16 0.11
  275 L    0  0  0  0  0  0  0  1 -1  0  0  0  0 -1 -1  0  0 -2 -1  0    9   4   3   6   3   6   7  13   1   7   9   5   1   3   1   6   7   0   1   9  0.03 0.02
  276 A    1 -1  0  0 -1  0 -1  2  0 -1  0  0 -1 -2 -1  0 -1 -2 -1  0   16   1   6   7   1   6   2  19   3   1  11   7   1   1   1   9   2   0   1   6  0.10 0.07
  277 G    1  0 -1  0 -2  0 -1  3  0  0 -1  0 -1 -2 -1  1  0 -2 -2 -1   12   4   1   4   0   6   1  26   3   6   8   6   0   1   1  11   5   0   1   4  0.14 0.09
  278 G    1 -1  0  0 -2  1 -1  2  1 -2 -1  0  0 -2 -1  1 -1 -2 -2 -1   20   1   5   5   0   9   1  18   4   1   8   8   3   1   1  10   1   0   1   3  0.15 0.11
  279 A    3 -1  1  0 -2  0  0  0 -1  0 -1  1  0 -2 -1  1 -1 -2 -2 -1   36   1   7   3   0   5   4   6   0   7   4   9   3   1   1  10   1   0   1   1  0.19 0.15
  280 A    2 -1  0 -1 -2 -1  0  1  0 -2 -1  1 -1 -2  1  2 -1 -3 -2 -1   30   1   4   1   0   1   5  11   3   1   7   8   0   1   6  18   1   0   0   4  0.21 0.15
  281 S    1 -1  2  1 -2  1  0  0 -1  0 -2  1 -2 -3 -2  1  0 -3 -2 -1   18   1  13   7   0  10   3   5   0   6   1  13   0   0   1  13   3   0   0   5  0.18 0.14
  282 K    2  0  2  0 -2  1 -1  0  2 -2 -2  1 -2 -1  0  1 -1 -3 -2 -2   25   6  11   4   0   9   1   7   8   3   1   9   0   3   4   8   1   0   0   1  0.20 0.16
  283 S    0 -2  1  2 -2 -1  1  0  4 -1 -2 -1 -2 -3 -1  1  0 -3 -2 -1   10   0   5  15   0   0  11   8  17   3   4   0   0   0   3  10   7   0   0   4  0.23 0.17
  284 A    2  0  3 -1 -2  0  0  1  1 -3 -3  0 -2 -1 -2  1  0 -3 -2 -1   24   3  23   0   0   3   5  10   5   0   1   7   0   3   0  10   3   0   0   3  0.28 0.19
  285 S    0 -1  2  2 -2  1  0  0  2 -1 -2  0  0 -3  0  0  0 -3 -2 -1   10   0  14  17   0   8   4   7   6   6   1   3   3   0   4   8   4   0   0   3  0.19 0.13
  286 A    1 -1  1  0 -2  0 -1  3  1 -2 -2  0 -2  0 -1  1  0 -3 -2 -1   16   0  10   3   0   5   2  25   4   0   1   7   0   6   3   8   5   0   0   3  0.23 0.15
  287 A    1 -1  1  0 -2  1 -1  2  1 -1 -1  1  0 -2  0  0  0 -3 -2 -2   14   0  10   3   0   9   0  18   6   6   3  10   3   0   3   7   7   0   0   0  0.15 0.13
  288 S    1 -1  2  0 -3  0 -1  0  2 -3 -2  2 -2 -3 -1  2  0 -4 -2 -3   10   0  15   5   0   2   0   8   6   0   2  17   0   0   2  26   5   0   0   0  0.33 0.23
  289 K    0  1 -1 -1 -3  3  1  0  3 -3 -1  3  0 -3 -2  0 -1 -3 -2 -3    9   5   0   2   0  15  10   6   8   0   5  29   3   0   0   5   2   0   0   0  0.37 0.25
  290 P    0  0  2 -1 -3  2 -1  1  3 -3 -3  1 -2 -3  2  1  0 -3 -1 -1    7   4  12   2   0  12   0  11  10   0   0   9   0   0   9  10   6   0   2   5  0.24 0.18
  291 H    0  0  1  1 -3  2  1  1  5 -3 -2  0 -2 -3 -3  0 -1 -4 -2 -1    6   2   8   9   0  14   6  10  21   0   2   7   0   0   0   5   2   0   0   7  0.35 0.24
  292 A    2 -2  1  1 -2 -1  1  1  2 -1 -1 -1 -2 -3  0  1 -1 -3  0 -1   24   0   8   9   0   0  13   9   6   4   5   2   0   0   5   8   2   0   3   2  0.17 0.16
  293 S   -1 -1  2  0 -3  2  2  0  2 -3 -2  0 -2 -3 -3  2  0 -4 -1 -3    2   2  14   3   0  13  17   5   5   0   5   3   0   0   0  26   5   0   2   0  0.36 0.27
  294 N   -1  0  2  2 -4  2  2  2  0 -2 -3  1 -3 -4 -3 -1  0 -4 -3 -3    5   2  15  13   0  13  12  17   3   4   0  10   0   0   0   0   6   0   0   0  0.36 0.24
  295 N   -1 -1  3  2 -4  2  2  1  1 -4 -4  2 -3 -4 -3  0  1 -4 -3 -3    4   0  17  10   0  10  12  11   4   0   0  21   0   0   0   3   8   0   0   0  0.43 0.27
  296 A    1  0  3  0 -3  0  1 -1 -2 -3 -1  0 -2 -1  2  1 -1 -3 -2 -2   11   4  23   3   0   2  11   3   0   0   9   4   0   3  11  14   2   0   0   0  0.27 0.21
  297 S   -1  0  2  0 -3  0  1  0  1 -2 -1  1 -2 -3 -2  2  0 -4 -3 -3    2   3  14   5   0   3  11   7   5   2   9   9   0   0   0  26   5   0   0   0  0.26 0.22
  298 Q   -1  2  2  0 -3  2  0 -1  2 -1 -3  2 -2 -3  1  1 -1 -3 -1 -1    3  11  11   5   0  16   4   3   8   4   0  13   0   0   8   9   0   0   2   4  0.28 0.21
  299 N   -1 -1  3  1 -3  2  1  0  0 -1 -1  0 -2  0 -2  1  0 -3 -1 -1    2   0  18  10   0  11   9   5   3   5   6   4   0   5   0  14   4   0   2   3  0.19 0.18
  300 H   -2  0  3  1 -4  2  0 -3  2 -2 -1  1 -2 -4  3  0 -2 -4 -3 -2    2   4  22   7   0  10   3   0   7   3   6   9   0   0  20   7   0   0   0   2  0.44 0.27
  301 D    0  1  2  2 -3  1  2 -1 -2 -3 -2  1 -2 -2  2  0  1 -4 -3 -3    6   6  10  13   0   8  17   3   0   0   3   9   0   2   9   4  10   0   0   0  0.30 0.19
  302 E    0  1  1  1 -3  1  2  0  2 -3 -2  1  1 -3 -2  0  0 -3  0 -2    5  11   9   9   0   9  13   6   5   0   0   8   6   0   0   6   6   0   3   2  0.21 0.16
  303 H    0  1  2  1 -3  1  2 -1  2 -1 -2  0 -2 -3 -2  1 -1 -3  0 -2    5  11  11   8   0   5  19   4   8   5   4   5   0   0   0   9   2   0   3   0  0.22 0.17
  304 D   -1  1  1  2 -3  1  0  0  2 -3 -1  1 -1 -3  0  1 -1 -3 -2 -2    4   8   7  17   0   5   5   7   6   0   5  10   2   0   5  15   0   0   0   3  0.21 0.16
  305 N   -1  0  3  0 -3  0  1  0  3 -1 -2  0 -2  0 -3  0  0 -3  0 -1    3   6  21   5   0   4   8   6  11   6   0   4   0   6   0   8   5   0   3   4  0.19 0.16
  306 H    0  0  2  1 -3  0  2 -1  5 -3 -1  1 -2 -2 -2  0 -2 -3  0 -3    7   3  10   6   0   3  14   4  23   0   8  11   0   0   0   6   0   0   3   0  0.33 0.21
  307 D    0  1  1  3 -3  1  1  0  1 -3 -3  0 -2 -3  0  1  1 -4 -2 -3    6   7   7  24   0   8   9   5   5   0   0   5   0   0   5  10   9   0   0   0  0.33 0.17
  308 R    0  1  1  1 -3  1  1  1 -1 -3 -3  1 -2 -2 -2  1  1 -2  1 -2    9   9   9   9   0   9   9   9   0   0   0   9   0   0   0   9   9   0   9   0  0.21 0.12
  309 D   -1  1  1  1 -3  2  0 -1  1 -1 -2  2 -2 -1 -2  1  1 -3 -2 -1    3   7   8  11   0  13   2   2   4   4   0  20   0   3   0   8  10   0   0   4  0.23 0.18
  310 K    0  1 -1  1 -3  2  1  0 -2 -3 -2  3 -2 -3  1  1  0 -4 -3 -3    8   4   0   7   0  10   9   6   0   0   4  32   0   0   8  10   3   0   0   0  0.33 0.22
  311 E   -1  0  1  2 -3  1  2  0 -1 -1  0  2 -1 -3 -2  0 -1 -3 -2 -2    0   3   6  11   0   6  22   7   0   4  14  17   0   0   0   6   2   0   0   0  0.22 0.17
  312 R    0  1  1  1 -3  0 -1  0  0 -2 -1  2 -1  1  1  1 -1 -2 -1 -2    4   5   6  10   0   4   1   8   3   0   7  21   0   9   8  12   0   0   0   1  0.15 0.14
  313 K    0  0  1  0 -3  1  0  0  1 -3 -3  3 -2 -3  0  1  1 -3 -2 -1    5   3   6   5   0   5   3   5   4   0   1  33   0   0   3  11  13   0   0   3  0.29 0.21
  314 K    0  0  0  1 -3  2  0  0 -2 -2  0  3 -2 -1 -2  1  0 -3 -2 -2    4   0   5   8   0  10   4   8   0   0   9  33   0   4   0   9   4   0   0   0  0.24 0.21
  315 G   -2 -1  0  1 -3  1  1  1  0 -2 -1  1  0 -1 -1 -1  0  4  0 -2    0   2   5   7   0   8   9  14   2   2   8  13   3   2   3   1   8   7   3   0  0.15 0.15
  316 G    0 -1  1 -1 -3 -1 -1  3 -2 -2 -3  3 -3 -2  1  1 -1 -4 -3 -2    9   2   7   2   0   0   3  26   0   2   0  25   0   1   7  11   2   0   0   2  0.38 0.26
  317 M   -1  1  0  0 -2  0 -1 -1  0  0  1  0  1  1 -2 -1  0 -2 -1  1    3  10   4   5   0   5   0   5   3   5  15   8   5  10   0   2   8   0   0  11  0.05 0.09
  318 A   -1  1 -1 -1 -2  0  0 -1 -2  0  0  2  1  1 -2  0  1 -3 -2 -1    4   8   2   1   0   4   3   3   0   7   8  23   6   7   0   6  15   0   0   2  0.14 0.16
  319 K   -1 -1  2  0 -3 -1 -1  0 -2 -2 -2  3  0  2 -2  0  2 -2  2 -2    2   0  14   6   0   0   0   7   0   0   3  24   3   9   0   4  16   0   9   0  0.28 0.25
  320 V   -1 -2 -1  0 -3 -2  1 -3 -2  1 -1  1 -2 -1  5  0 -1 -3 -1  0    4   0   3   6   0   0   9   1   0   9   7   9   0   2  33   5   2   0   2   8  0.47 0.25
  321 L   -1 -1  0 -2 -2 -2  1 -3 -2  1  3  0  0  1 -3 -2 -2 -3 -2  0    5   3   6   0   0   0  10   1   0  10  43   7   1   6   0   1   0   0   0   5  0.30 0.24
  322 L    0  0 -1 -1 -2 -2 -1 -3 -2  2  2 -1  2  1 -2 -1  0 -2  0  0    9   7   3   3   0   0   3   1   0  19  21   4   8   9   0   3   4   0   2   5  0.14 0.14
  323 P   -1  2  0  1 -3 -1 -1 -2 -2  0 -1 -1 -2 -3  3  0  2 -3 -3  0    4  13   4   7   0   0   3   2   0   7   3   0   0   0  21   8  17   0   0   8  0.32 0.22
  324 L   -2 -3 -3  0 -2 -3 -3 -1 -3  2  3 -1  0  1 -3 -2  0 -3  0  0    2   0   0   8   0   0   1   6   0  16  44   3   0   5   0   1   7   0   3   4  0.35 0.26
  325 I   -2 -2 -1 -1 -2  0 -1 -3  0  3  2 -2  0  1  0 -1 -1 -2 -1  0    1   1   3   3   0   4   3   1   2  22  32   1   0   9   5   6   2   0   0   3  0.24 0.20
  326 A    2 -2 -1  0  0 -1 -1 -1 -2  0  0 -1 -1  0  1  0  0 -2 -2  2   23   1   3   4   2   1   4   2   0   4   9   3   0   4   7   5   6   0   0  21  0.12 0.14
  327 A    1 -2 -2 -1 -2 -2  0 -2 -2  1  1  0  0  2 -2 -1 -1 -2 -1  2   19   1   1   4   0   1   6   2   0   8  19   6   0  11   1   1   1   0   0  20  0.17 0.17
  328 V   -1 -2  0 -1  0  0  0 -3 -2  2  1 -1  0  3 -2 -1  0 -2 -1  1    3   1   5   3   2   5   6   1   0  13  17   2   0  18   1   2   5   0   0  15  0.15 0.15
  329 L   -1 -2 -1  0 -2 -2 -1 -1 -2  1  1 -1 -1  4  0 -1 -1 -1  0  1    4   1   3   6   0   1   4   3   0   8  19   3   0  28   4   3   3   0   1   9  0.21 0.17
  330 I   -1 -2 -1 -1  1  0 -2 -3 -2  4  1 -1  0  1 -1 -1 -1 -2 -2  1    4   1   3   4   4   6   1   1   0  40  12   3   0   5   2   3   1   0   1   9  0.30 0.21
  331 I   -2 -2 -2 -1 -2 -1 -1 -2 -2  2  3  0  1  0 -2 -1 -1 -2 -2  0    1   1   1   3   0   3   4   3   0  19  36   8   4   4   1   6   3   0   1   2  0.23 0.18
  332 G    0 -2 -2  0 -2 -2 -2  1 -2  2  1 -1  0 -1 -2 -1 -1 -2  1  2    6   0   0   7   0   0   1  14   0  15  21   5   0   1   2   3   0   0   6  17  0.15 0.16
  333 A    1 -2 -2  0 -3 -1  0 -1 -3 -1 -1 -2  0 -1  5 -1  0 -3 -3  0   15   1   0   5   0   3   6   3   0   4   7   1   3   2  32   2   7   0   0   7  0.48 0.26
  334 L    0 -2 -1 -1  0 -1 -2 -3 -3  3  2 -1  1  0 -2 -1 -1 -2 -2  2    9   1   3   3   2   3   1   1   0  27  24   3   2   3   1   3   3   0   0  12  0.24 0.18
  335 A    2 -1  0 -1 -2 -1  0  0 -2  0 -1  0  0 -1 -2  1  2 -2 -1  0   21   1   4   3   0   0   6   6   0   6   4   7   2   2   1  16  15   0   2   5  0.14 0.15
  336 I   -1 -2 -2 -1 -2  1 -1 -2 -2  4  1 -1  2 -1 -3 -1 -1 -3  1  1    3   1   1   4   0   7   4   3   0  39  12   3   5   0   1   4   3   0   5   7  0.32 0.25
  337 F   -1 -2  0 -2 -2 -1 -2 -1 -2  0  1 -2  0  4 -1 -1 -1 -1  3  0    5   1   5   2   0   2   1   4   0   4  13   2   2  27   2   4   3   0  16   8  0.33 0.23
  338 G    0 -2 -1  0 -2 -1 -2  2  0  0 -1  0 -2  0 -2  2 -1  2  1 -1    9   0   0   5   0   2   1  22   2   9   4   5   0   4   0  18   3   3   7   3  0.18 0.18
  339 G    0 -2 -1 -2 -2 -1 -1  2  0  0  1  0  1  0 -3  0 -1  0  2  0    5   0   2   2   0   2   2  20   2   5  15   6   5   4   0  11   0   1  10   8  0.13 0.16
  340 M   -1 -2  0 -1 -3  0  0 -3  0  0  0  1  3  1 -1 -1  1 -2  3  0    3   0   3   3   0   5   8   0   2   3   9  10  12   7   2   2  10   0  13   9  0.15 0.18
  341 A    2 -2  1  0 -2  0  0 -1  2 -2 -1  0 -2 -1 -2  1  0  2  2 -1   23   0   7   4   0   5   4   3   5   2   4   5   0   2   0  11   4   4  12   4  0.18 0.19
  342 L    0 -2  1 -1 -2 -2  0 -3  1  1  2 -1 -1  0  1 -1  0  0  2  0    7   0   8   2   0   0   8   0   4   8  29   2   0   2   6   4   5   2  10   3  0.14 0.17
  343 N   -1  0  3  1 -3  0  1 -1 -1 -1 -1  1  1 -1  0  1  0 -3 -2 -1    4   5  20   7   0   3   8   3   0   3   4  11   4   3   5  13   5   0   0   2  0.19 0.18
  344 N   -2 -1  4  2 -3  2  0  0  0 -3 -2  1 -2 -1  0  0  0 -3  0 -3    1   2  24  13   0  14   4   7   1   0   3  10   0   2   4   4   7   0   4   0  0.35 0.26
  345 H    0  0  2  0 -3  2  2 -2  4 -1 -2  1 -2 -1 -2  0  0 -3  0 -1    8   3  11   5   0  13  14   1  14   4   2   7   0   3   0   5   4   0   3   3  0.25 0.20
  346 N   -2 -2  4  3 -3 -1  0 -1  1 -2 -1  0 -1 -3  0  2  0 -4 -3 -2    0   0  24  19   0   2   4   2   3   2   6   7   2   0   5  16   4   0   0   3  0.36 0.26
  347 N   -1 -1  3  3 -3  2  0  1  1 -2 -2  1 -2  0 -2  1 -1 -3 -2 -3    2   0  20  19   0  11   4   9   3   2   3   8   0   5   1   8   3   0   0   0  0.31 0.22
  348 G    0 -1  1  2 -3  2  0  2  0 -3 -2  1 -1 -3 -2  2  0 -3 -3 -1    5   2   8  12   0  10   2  15   2   0   2  11   2   0   0  21   2   0   0   5  0.26 0.20
  349 T    0 -1  1  2 -2  1  0  0  0 -1 -2  2 -2 -1 -1  2  1 -3 -2 -1    4   0   5  13   0   5   3   9   2   3   3  16   0   4   2  18  10   0   0   5  0.16 0.15
  350 K    0 -1  1  1 -3  0  1 -1  1 -2 -2  2 -2 -2 -2  1  0 -2  2 -1    8   0   9   6   0   3  10   4   4   2   2  16   0   0   0  13   4   0  12   6  0.16 0.16
  351 E    0  0  1  2 -3  1  3 -1 -1 -2 -3  1 -2 -3 -2  0  0 -3  0 -1    6   2   7  17   0   7  25   2   0   2   1  11   0   0   0   4   7   0   4   3  0.34 0.22
  352 N   -1 -1  2  2 -3  1  1 -1  0 -1 -2  1 -2 -3  0  1  0 -3 -1 -1    4   0  11  17   0  10  12   3   2   5   2   8   0   0   4   9   3   0   2   6  0.21 0.16
  353 K    0 -1  1  1 -3  2  1 -2 -2  0 -2  2 -2 -3 -2  0  0 -4 -3  1    5   0   8  10   0  15  10   2   0   4   0  21   0   0   0   3   4   0   0  16  0.28 0.24
  354 I   -1 -1  0  0 -2 -1  0 -1 -2  0 -1  1  0  1  2  0  1 -2 -1  1    3   1   5   4   0   2   7   4   0   6   3  11   1   9  10   6  14   0   0  12  0.10 0.12
  355 A    1 -1  0  0 -2 -1  1 -1 -2  1 -1  0 -1 -2  0  1  2 -3 -2  1   15   0   5   6   0   0  10   4   0  11   3   9   0   0   5   8  15   0   0  10  0.13 0.14
  356 N    0  0  3  2 -3  1  1 -1  0 -3 -3  0 -2 -3  1  1  1 -3 -2 -2   10   3  20  12   0   6  12   3   2   0   1   4   0   0   6  10   8   0   0   3  0.29 0.17
  357 T    0  0  2  1 -2  1  1 -2  1 -2 -2  1  0 -3 -2  1  1 -3 -2  0    8   2  11   6   0   9  11   0   4   0   2   8   2   0   0  16  10   0   0   8  0.19 0.15
  358 N    0 -1  1  2 -3  2  2  0 -1 -2 -2  1 -2 -3 -2  1  1 -3 -2 -1    8   0   7  17   0  11  12   7   0   0   3   9   0   0   0  14   7   0   0   3  0.26 0.17
  359 K    0 -1  0  1 -3  2  2  0 -1 -3 -3  2  0 -3 -2  1  0 -3 -2 -2    6   0   4   9   0  15  17   6   0   0   1  19   3   0   0  13   5   0   0   1  0.32 0.21
  360 N    0 -1  2  1 -2  1  0  0 -1 -2 -2  1 -1 -2 -2  1  1 -3  0 -1    4   0  16   9   0   9   5   7   0   0   3  13   2   0   0   9  12   0   4   6  0.17 0.14
  361 N    0 -1  1  1 -2  1  1  0 -1  0 -2  1 -1 -2 -2  1  1 -3 -2  0    9   0   9   9   0   9   9   9   0   9   1   9   0   0   0   9   9   0   0   9  0.11 0.09
  362 A    1  0  0  2 -2  1  1 -1 -2 -1 -2  1 -1 -3  2  1  0 -3 -1 -1   16   3   2  12   0   6  10   4   0   2   2  10   1   0  11  12   3   0   2   5  0.20 0.14
  363 D    0 -1  2  3 -3  1  2 -2 -1 -1 -2  0 -2 -3 -2  1  0 -3 -1 -1    6   2  10  21   0   6  16   0   0   5   2   7   0   0   0  10   7   0   2   5  0.27 0.19
  364 E    0 -1  0  2 -3  1  2 -2 -2 -2 -2  2  1 -3  0  0  2 -3 -3 -1    5   0   2  13   0   8  18   2   0   0   1  15   5   0   4   6  16   0   0   5  0.30 0.23
  365 S    0  0  1  1 -3  1  2 -1 -1  0 -2  2 -2 -2  0  1  0 -3 -1 -1    6   4   8   6   0   6  15   4   0   7   3  17   0   0   4  10   4   0   3   2  0.16 0.13
  366 K    0 -1  1  2 -3  2  2 -1 -2 -1 -2  2 -1 -3  0  0  0 -3 -3 -1    9   0   6  13   0   9  17   2   0   5   1  18   1   0   3   8   4   0   0   5  0.26 0.19
  367 D    0 -1  0  3 -3  2  1 -1  1  0 -1  1  0 -3 -1  1  1 -3 -2 -1    5   0   3  20   0  11  11   2   4   7   3   8   2   0   1   9   9   0   0   4  0.21 0.17
  368 K    0  1  2  0 -3  1  0  0 -2 -1 -2  3 -2 -3  0  1  0 -3 -3 -1   10   4  10   3   0   8   5   5   0   5   2  26   0   0   5   8   5   0   0   2  0.23 0.18
  369 D    1  0 -1  3 -3  1  2 -1 -2 -3 -3  2 -2 -3 -1  0 -1 -4 -3  0   13   2   1  22   0   6  18   2   0   0   0  17   0   0   3   6   3   0   0   7  0.35 0.24
  370 T    1 -1 -1  2 -2  2  1 -2 -1 -1 -2  1 -2 -3  0  1  2 -3 -3  0   11   0   0  12   0  12   8   0   1   2   3   8   0   0   5  10  21   0   0   6  0.25 0.21
  371 S    1 -1  0  1 -3  0  1  0 -1 -2 -2  1 -2 -3  1  3  0 -3 -2 -1   10   0   3   8   0   3  11   4   1   1   2  12   0   0   9  29   2   0   1   3  0.28 0.21
  372 K   -1 -1  1  1 -3  2  3  0 -2 -2 -2  3 -2 -4 -2  0 -1 -4 -3 -3    3   0   9   5   0   8  30   6   0   2   5  22   0   0   0   6   3   0   0   0  0.42 0.28
  373 D    0 -1  1  3 -3  2  2 -2  0 -2 -3  1 -2 -3 -2  1  1 -3 -2 -3    6   2   8  20   0  10  14   0   2   2   0   7   0   0   0  15  10   0   1   0  0.37 0.24
  374 A    2  0  1  1 -2  2  0  0 -2 -3 -3  2 -2 -2 -1  2  0 -3 -2 -1   26   2   7   7   0  12   2   4   0   0   0  14   0   2   2  16   4   0   0   2  0.28 0.23
  375 S    1 -1  2  2 -3  1  1 -1 -2 -3 -2  1 -2 -3  0  1  0 -3 -3 -2   17   0  12  12   0   5  11   1   0   0   3  12   0   0   4  15   4   0   0   2  0.26 0.20
  376 K    0 -1  0  2 -3  2  1 -1 -2 -3 -2  2 -2 -3  2  1  0 -3 -3 -2    5   0   2  14   0  10   9   5   0   0   3  22   0   0   9  13   4   0   0   3  0.31 0.21
  377 D   -1  0  1  3 -4  1  3 -2 -2 -3 -2  2 -3 -3  0  0 -1 -4  0 -3    5   2   7  21   0   4  21   0   0   0   4  19   0   0   4   6   2   0   4   1  0.41 0.26
  378 K    0  0  2  1 -3  2  2 -2 -2 -3 -3  3 -2 -4  1  1  0 -4 -1 -3    5   2  13   7   0  11  14   2   0   0   1  23   0   0   5  10   6   0   1   0  0.37 0.25
  379 S    1 -1  1  0 -3  1  1 -1 -2 -2 -1  2 -2 -3 -1  2  1 -4 -3 -1   11   0   7   5   0   7   6   3   0   0   6  16   0   0   2  23  10   0   0   4  0.23 0.21
  380 K    0 -1  1  3 -3  0  1 -1 -2 -2 -2  2 -2 -3  0  1  1 -4 -3 -1    6   0   5  19   0   4  11   2   0   2   3  17   0   0   4  12  10   0   0   4  0.27 0.21
  381 S    0 -1  0  1 -3  1  2  1 -2 -2 -3  3 -3 -4 -1  2 -1 -4 -3 -2    6   0   3   6   0   8  13  11   0   2   0  24   0   0   2  21   2   0   0   2  0.37 0.27
  382 T    0 -1  1  1 -3  0  1 -2 -2 -2 -2  2 -1 -2 -1  1  2 -4 -3  0    9   1   7  10   0   2  13   0   0   1   1  19   1   2   2  10  14   0   0   8  0.22 0.20
  383 D    0 -1  2  3 -3  1  1 -1 -2 -4 -4  1 -3 -4  1  2  0 -4 -3 -3    6   0  10  20   0   8  10   2   0   0   0  12   0   0   7  18   7   0   0   0  0.43 0.28
  384 S    0  0  1  2 -3  2  2 -1 -2 -3 -2  2 -2 -4 -1  2  0 -4 -3 -3    6   3   6  11   0  12  15   3   0   0   2  16   0   0   2  18   6   0   0   0  0.35 0.24
  385 D    0 -1  1  3 -3  2  3 -1 -2 -2 -3  1 -1 -4 -1  1  0 -4 -3 -2    8   0   6  22   0   9  20   2   0   1   1  11   2   0   2   8   5   0   0   2  0.38 0.25
  386 K   -1  0  2  1 -3  1  1 -2 -2 -3 -2  4 -2 -4 -1  0  0 -4 -3 -1    3   2  14  10   0   5   7   0   0   0   4  33   0   0   3   8   6   0   0   5  0.39 0.27
  387 S    1 -1  2  2 -3  1  1 -1 -2 -1 -3  2 -2 -3  1  0  1 -4 -3 -1   12   1  10  12   0   4   9   2   0   3   0  20   0   0   7   6   9   0   0   5  0.25 0.20
  388 K    0  0  1  2 -3  1  0 -1  0 -2 -2  2 -2 -3  0  1  0 -4 -3 -1   10   3   9  12   0   9   4   4   2   2   3  20   0   0   5   8   6   0   0   3  0.21 0.17
  389 E    0  0  0  3 -3  1  2 -2  0 -3 -2  2 -2 -3  0  0  0 -3 -1 -1    9   3   3  19   0   6  17   2   2   0   3  14   0   0   4   7   4   0   2   5  0.27 0.20
  390 D   -1 -1  1  3 -3  0  2 -2 -2 -1 -2  2 -3 -4  1  0  0 -4 -3 -2    4   0   8  25   0   4  17   2   0   4   3  15   0   0   6   7   4   0   0   2  0.39 0.26
  391 Q    0 -1  2  1 -3  3  2 -1 -2 -3 -2  0 -2 -4  2  1  0 -4 -3 -1    8   0  10   9   0  16  16   4   0   0   2   6   0   0   9  11   5   0   0   4  0.32 0.24
  392 D    0 -1  1  3 -3  1  2  0 -2 -3 -3  2 -3 -4 -1  1 -1 -4 -3 -2   10   2   8  20   0   7  15   5   0   0   0  14   0   0   2   9   3   0   0   3  0.34 0.23
  393 K   -1  0  0  0 -3  2  1 -1 -2 -3 -2  3 -2 -3 -1  1  1 -3 -3 -2    4   3   4   4   0  12   6   5   0   0   3  29   0   0   2  15  11   0   0   3  0.34 0.26
  394 A    0 -1  1  1 -2  1  0  0 -1  0  0  0  1 -2  1  0  0 -3 -2  0    7   0   7   7   0   7   7   7   0   7   7   7   7   0   7   7   7   0   0   7  0.08 0.09
  395 T    1 -1  1 -1 -2  0  1 -2  0 -1 -2  1 -2 -3 -1  1  2 -3 -3 -1   16   0   7   2   0   4  10   0   2   4   3  12   0   0   2  14  20   0   0   4  0.25 0.24
  396 K    0  0  2  1 -3  2  2 -2  0 -2 -2  2 -2 -3 -1  1  0 -3 -3 -1    6   3  10   8   0  10  13   2   2   2   3  16   0   0   1  12   7   0   0   6  0.23 0.20
  397 D    0 -1  1  4 -3  1  1 -2  1 -3 -3  2 -3 -4 -1  1 -1 -4 -3 -2   10   1   5  28   0   7   7   1   3   0   1  16   0   0   1  12   3   0   0   3  0.42 0.29
  398 E    1  0  0  2 -3  2  2 -1  0 -3 -3  1 -2 -3  0  0  0 -3 -2 -1   11   3   4  12   0  13  19   3   1   0   0  12   0   0   5   7   4   0   1   4  0.31 0.23
  399 S    0 -1  1  0 -3  0  2 -1  0 -2 -2  1 -1 -3 -1  2  2 -3 -3 -1    7   2   6   3   0   3  19   2   2   1   2  11   1   0   1  21  13   0   0   4  0.27 0.23
  400 D    0 -1  1  2 -3  0  3 -2 -2 -1 -2  1 -2 -3  1  1  0 -3 -1 -2    8   0   7  15   0   4  22   1   0   4   2   8   0   0   5  13   4   0   2   2  0.29 0.23
  401 N    1 -1  2  0 -3  1  3 -1  0 -2 -3  0 -2 -3 -2  1  2 -4 -3 -2   13   2  13   4   0   7  22   2   1   2   0   6   0   0   1   9  14   0   0   1  0.33 0.26
  402 D    0 -1  3  2 -3  0  1 -1  0 -3 -3  1 -1 -4  1  1  0 -4 -3 -2    9   0  17  15   0   2  11   3   1   0   0  13   1   0   6  12   5   0   0   2  0.33 0.24
  403 Q    1 -1  1  0 -3  2  2  0 -1 -1 -1  1 -1 -3  0  1 -1 -3  0 -1   13   1   7   4   0  10  17   5   0   2   4   9   2   0   3  14   2   0   3   3  0.18 0.17
  404 N    1  0  3  2 -3  2  0 -2  0 -1 -2  1 -1 -3 -1  1  0 -3 -3 -1   15   4  18  11   0  10   5   0   2   4   1   9   2   0   1  12   3   0   0   3  0.26 0.22
  405 N    0  0  2  2 -3  1  2 -1 -2 -3 -3  2 -3 -4  0  1 -1 -4 -3 -1    7   3  14  11   0   8  18   3   0   0   0  16   0   0   3   9   3   0   0   4  0.35 0.25
  406 A    1 -1  1  2 -3  1  1 -2 -2 -2 -2  1 -2 -3  0  0  1 -3 -3  0   11   2   9  14   0   5  12   2   0   0   2  12   0   0   4   7   9   0   0  10  0.22 0.19
  407 N    0 -1  2  1 -3  2  3 -1 -2 -3 -3  1 -2 -4  0  1  0 -4 -3 -1    6   0  13   8   0   9  22   4   0   0   2   9   0   0   3  13   4   0   0   5  0.33 0.25
  408 Q    2 -1  1  1 -3  3  2 -2 -2 -2 -2  0 -2 -4 -1  0 -1 -4 -3 -1   21   1   9   9   0  17  18   1   0   1   2   5   0   0   2   5   1   0   0   6  0.34 0.28
  409 A    2  0  1 -1 -2  2  0 -1 -2 -1 -2  1  0 -3  0  2  1 -3 -1 -2   20   3   8   2   0  10   6   3   0   3   2   9   3   0   3  16   8   0   2   0  0.20 0.20
  410 N    1 -1  3  1 -3  1  1 -1  0 -2 -3  0 -2 -3  0  1  1 -3 -2 -2   18   2  18   6   0   5  12   3   1   2   0   6   0   0   3  13   8   0   1   0  0.29 0.23
  411 N    1 -1  2  0 -2  1  1  0  0 -1 -2  0 -2 -3  2  0  0 -3 -2 -1   17   2  15   4   0   6   9   5   3   3   4   5   0   0  11   6   5   0   0   5  0.20 0.17
  412 Q    1 -1  1  1 -3  2  1 -1 -2 -2 -3  1 -1 -3  1  1  1 -3 -3 -1   11   0   8   7   0  13  11   2   0   2   0  10   1   0   8  12   8   0   0   5  0.24 0.21
  413 A    2 -2  2  0 -3  1  2 -1 -2 -3 -3  0 -1 -3  1  1  0 -4 -3 -1   22   0  13   4   0   5  13   4   0   0   0   6   2   0   6  13   6   0   0   4  0.27 0.23
  414 Q    1 -1  0  1 -3  2  2 -1  0 -1 -2  1 -1 -3 -1  0 -1 -3 -1  1   15   0   5   7   0  14  14   4   2   2   2   7   2   0   2   7   2   0   2  12  0.17 0.18
  415 N    1  0  2  2 -3  1  1 -1 -2 -3 -2  0  0 -3 -1  1  1 -3 -3 -2   15   4  15  11   0   9   7   4   0   0   3   4   2   0   1  13  10   0   0   0  0.26 0.22
  416 N    0  0  2  1 -3  0  2 -1 -1 -2 -2  1  0 -3  0  1  0 -3 -2 -1   10   2  15   6   0   4  17   3   1   1   2  11   3   0   4  10   5   0   0   4  0.21 0.18
  417 Q    1  0  1  0 -3  2  1 -1  0 -1 -3  2 -2 -3  2  0  0 -3 -2 -1   14   3   8   5   0  15  10   2   1   3   1  13   0   0   9   6   6   0   0   3  0.26 0.20
  418 N    1  0  3  2 -3  1  1 -1  0 -2 -2  1 -2 -3 -1  1  0 -3 -2 -2   12   4  17  15   0   8   6   2   2   2   4   8   0   0   2   8   5   0   1   2  0.23 0.18
  419 Q    1  0  1  0 -3  3  2 -1 -1 -2 -2  1 -1 -3 -1  0  0 -3 -1  0   13   3   8   4   0  20  13   3   0   1   3   8   2   0   2   7   4   0   2   7  0.22 0.20
  420 Q    0  0  2  1 -3  2  2 -1 -2 -3 -3  1 -2 -4  1  1  0 -4 -3 -1    9   3  13   6   0  13  18   4   0   0   0   7   0   0   7   9   5   0   0   5  0.30 0.23
  421 Q    2 -2  2  2 -3  3  2 -2 -2 -4 -4  1 -3 -4  1  1 -1 -4 -3 -2   20   0   9  12   0  17  12   1   0   0   0  10   0   0   6   9   2   0   0   2  0.41 0.31
  422 A    3  0  2 -1 -3  2  1 -1 -2 -2 -2  1 -2 -4 -1  1  0 -4 -3 -1   29   4  13   3   0  11   8   3   0   2   1   8   0   0   2   8   4   0   0   4  0.30 0.26
  423 N    1  1  2 -1 -3  1  1  0 -2 -3 -3  1 -2 -3  2  1  0 -4 -3 -1   16   7  11   2   0   6   9   7   0   0   0  11   0   0   9  10   7   0   0   5  0.24 0.20
  424 Q    0  0  2  1 -3  2  1  0  1 -2 -2  1 -2 -3  0  0  0 -3  0 -1    6   4  10   6   0  14  11   6   3   0   4  11   0   0   4   7   5   0   4   4  0.18 0.16
  425 N    0  0  1  2 -3  1  2 -1 -2 -2 -2  0 -2 -3  1  0  1 -3 -3 -1    6   5   8  11   0   9  16   4   0   0   4   6   0   0   9   5  11   0   0   4  0.23 0.17
  426 Q    0  0  2  1 -3  2  2 -1 -1 -1 -2  1 -2 -3  0  0  0 -3 -2 -1   10   5  16   5   0  11  17   4   0   3   3   8   0   0   3   7   3   0   0   3  0.22 0.17
  427 Q    1  0  1  0 -2  2  2 -1 -1 -1 -2  1 -2 -3  0  1  1 -3 -2 -1   13   3   8   5   0  12  14   4   0   5   1   8   0   0   3  12   7   0   0   3  0.19 0.15
  428 Q    0  1  1  1 -2  1  1  0 -1 -2 -2  1 -2 -2  1  1  0 -2  1 -2    8   8   8   8   0   8   8   8   0   0   1   8   0   0   8   8   8   0   8   0  0.18 0.12
  429 Q    0  0  1  0 -2  2  1  0 -1 -2 -2  1 -2 -3  1  0  1 -3 -2  0    9   5   9   5   0  18   9   5   0   0   1   9   0   0   5   6  12   0   0   8  0.20 0.15
  430 Q    0 -1  1  1 -3  4  2 -1 -1 -3 -1  1 -2 -3  0  0  0 -3 -3 -1    5   0   6   6   0  28  15   2   0   0   5  10   0   0   5   7   5   0   0   4  0.35 0.24
  431 Q    0 -1  2  1 -3  3  2 -1 -1 -1 -1  1 -2 -3  1  1  0 -3 -2 -1    7   0  10   6   0  20  12   4   0   3   4  10   0   0   7   8   5   0   0   3  0.24 0.18
  432 R    0  0  2  0 -3  2  1 -1  0 -1 -2  1 -2 -3  0  0  1 -3 -2 -1    7   3  13   3   0  13  12   2   2   3   2  12   0   0   4   6  10   0   0   6  0.19 0.15
  433 Q    0  0  1  0 -3  3  1 -2 -1 -3 -3  2 -2 -3  2  1  1 -3 -3 -2    9   3   8   4   0  16   9   0   0   0   1  15   0   0  10  14  10   0   0   0  0.34 0.22
  434 G    1 -1  1 -1 -2  1 -1  1  0 -1 -1  0 -1 -2  0  1  1 -3  0  1   14   2  10   0   0  11   2   9   1   4   3   4   0   0   3  14   7   0   3  12  0.12 0.14
  435 G    0  1  1  1 -2  1  1  0  2 -2 -2  1 -2 -2 -2  1  1 -3 -2  0    8   8   8   8   0   8   8   8   8   0   1   8   0   0   0   8   8   0   0   8  0.15 0.11
  436 G    0 -1  1 -1 -2  2  0  1 -1  0 -2  0  0  0  0  0  0 -2  0  1   11   0   7   0   0  15   5  13   0   4   1   7   3   5   4   3   5   0   4  13  0.10 0.14
  437 Q    0  1  1 -1 -2  1  0  0 -1  0  0  0 -1 -1  1  0  0 -2  1  0    7   7   7   0   0   7   7   7   0   7   7   7   0   0   7   7   7   0   7   7  0.06 0.08
  438 R    0  0  1  0 -3  1  0 -2  2 -1 -2  1  0 -2 -2  1  2 -3  1 -1    4   5   7   4   0   6   4   0   8   4   0   8   4   0   0  14  20   0   8   5  0.21 0.22
  439 H   -2 -3  1  1 -5 -2 -2 -4  8 -5 -4  0 -4 -3 -4 -1  0 -3  4 -4    3   0   6   9   0   0   0   0  50   0   0   6   0   0   0   4   6   0  14   0  1.33 0.47
  440 T   -2 -2 -2  1 -3  2 -2 -4  3  1 -3  1 -2 -3 -3 -2  4 -4 -3  2    0   0   0   9   0   9   0   0  11   7   0   8   0   0   0   0  39   0   0  17  0.60 0.34
  441 V   -2 -3 -1 -4 -3 -3 -1 -4 -4  1 -1  0 -1  1 -4 -3  0 -4 -2  5    0   0   4   0   0   0   5   0   0   7   0   9   0   6   0   0   4   0   0  66  0.78 0.35
  442 N   -1  0  3 -2 -3  4  0 -1 -1 -2 -3  2 -2 -3 -3 -1  0 -3  1  1    4   2  16   0   0  25   4   3   0   0   0  17   0   0   0   2   7   0   8  12  0.38 0.23
  443 G    1 -1  1 -1 -3  0  0  2  0 -3 -3  1 -2 -4  3  1 -1 -4 -3 -3   16   0  10   0   0   4   6  18   3   0   0  13   0   0  19   9   2   0   0   0  0.41 0.16
  444 Q   -2 -1  2  0 -4  3  0  3  0 -4 -4  2 -3 -4  0  0 -1 -4 -3 -3    0   0  12   4   0  21   3  29   1   0   0  20   0   0   5   3   2   0   0   0  0.51 0.21
  445 E   -2 -2  1  3 -4  3  5 -3 -2 -4 -4 -1 -3 -4 -3 -2 -2 -4 -3 -4    0   0   5  19   0  16  57   0   0   0   0   0   0   0   0   0   0   0   0   0  1.06 0.33
  446 N   -2  0  5 -1 -3  0 -2 -2 -2 -3 -3 -2 -3 -4 -3  2  4 -4 -3 -3    0   4  38   0   0   4   0   0   0   0   0   0   0   0   0  14  40   0   0   0  0.85 0.30
  447 L   -2 -3 -3 -4 -2 -3 -3 -4 -3  1  5 -3  1 -1 -3 -1 -2 -2 -2  0    1   0   0   0   0   0   0   1   0   3  84   0   2   0   0   5   0   0   0   0  0.80 0.23
  448 Y   -2 -2 -2 -3 -3  1 -2 -3  0 -2 -2 -2 -2  3 -3 -1 -1  0  7 -2    1   0   0   0   0   8   1   1   0   0   1   0   0  15   0   4   3   0  64   1  1.11 0.26
  449 R   -1  5 -1 -1 -3  0 -1 -1 -1 -3 -3  1 -2 -3 -2  2 -1 -3 -2 -3    3  53   0   3   0   3   1   2   0   0   1   2   0   0   0  29   2   0   0   1  0.66 0.20
  450 I   -2 -3 -3 -3 -2 -3 -3 -4 -3  6  0 -3  0 -1 -3  0 -1 -3 -2  1    1   0   0   0   0   0   1   1   0  85   1   0   0   0   0   8   0   0   0   1  0.90 0.25
  451 A    4 -2  1 -2 -1 -1 -1 -1 -2 -2 -2 -1 -2 -3 -2  3  0 -3 -2 -1   57   0   8   0   0   0   1   1   0   0   1   0   0   0   0  29   0   0   0   1  0.57 0.19
  452 I   -1  1 -2 -3 -2 -1 -2 -3 -2  3  1 -1  5 -1 -2  0  1 -2 -2  1    1  10   0   0   0   0   1   1   0  24   7   0  30   0   0   5  11   0   0   8  0.32 0.14
  453 Q    0  0  3  0 -3  3  0 -2  1 -3 -3  3 -2 -3 -2  0 -1 -3 -2 -2    6   1  22   3   0  17   1   1   3   0   1  35   0   0   0   7   2   0   0   1  0.44 0.15
  454 Y    0 -1  1 -3 -3 -2 -2 -3  3 -2 -2 -2 -2  1 -3 -1 -1  0  7 -2    8   3   8   0   0   0   1   1   7   0   1   1   0   0   0   2   3   0  63   1  0.94 0.24
  455 Y   -2 -2 -2 -3 -3 -2 -2  1  0 -2 -2 -2 -2  2 -3 -2 -2  0  7 -2    1   1   1   1   0   1   1  11   0   1   2   1   0   5   1   1   1   0  70   1  1.11 0.24
  456 G    0  0  1 -1 -2  1 -1  3  0 -2 -2  1 -1 -2 -1  0 -1 -2 -2 -2    4   2   5   2   1  10   2  40   2   2   3  14   1   1   2   5   2   0   1   2  0.33 0.07
  457 S    0 -1  2  2 -2  1  2 -1 -1 -2 -2  0 -2 -2 -1  2  0 -2 -2 -2    8   1  11  13   0   9  15   3   1   1   2   1   1   1   1  28   1   0   1   1  0.27 0.08
  458 G    0  2  0 -2 -2  1 -1  4 -2 -3 -3  0 -2 -3 -2 -1  0 -2 -2 -2    4  16   2   1   0   7   1  51   0   1   1   3   0   0   1   1   9   0   0   1  0.55 0.13
  459 S    2 -1  0 -1 -1 -1  0 -1 -1 -2 -2  1 -2 -2 -1  3  2 -3 -2 -1   18   1   3   1   0   1   4   2   0   1   1   9   0   0   1  38  19   0   0   1  0.34 0.12
  460 P    1 -1  0 -1 -3  2  0  3 -2 -2 -3  0 -2 -3  3 -1 -1 -3 -3 -2   10   0   3   2   0  19   5  34   0   3   0   3   0   0  17   1   0   0   0   2  0.47 0.14
  461 E    1 -1  1  1 -2  1  3 -1 -1 -2 -2  1  0 -3 -2  1  0 -3 -2 -2   14   0  10   6   0   3  32   0   0   0   1   7   5   0   0  15   4   0   0   0  0.32 0.11
  462 N    0  0  3  0 -2 -1 -1  2  0 -2 -2  0 -2 -2 -1  1  1 -2 -1 -2   10   4  28   3   0   1   1  21   2   1   2   4   0   1   1   9  10   0   2   1  0.28 0.08
  463 V   -1 -2  0 -2 -2 -1 -2 -3 -2  3  0 -2  2 -1  0 -2 -1 -2  0  3    1   1   8   1   0   2   1   1   0  27   5   1   7   0   4   1   1   0   4  36  0.27 0.11
  464 E    0 -1  1  3 -3  1  4 -2 -1 -3 -3 -1 -3 -4 -2  0  0 -4 -3 -3    6   0   9  17   0   3  53   0   0   0   0   0   0   0   0   3   8   0   0   0  0.67 0.19
  465 K   -2  0 -1 -2 -3  2  1 -3 -1  0 -1  4 -1 -2 -2 -1 -1 -2  1 -2    0   0   0   0   0  12   5   0   0   8   6  55   1   0   0   0   2   0   8   0  0.47 0.18
  466 I   -3 -4 -4 -4 -2 -4 -4 -5 -4  6  1 -4  0 -1 -4 -4 -2 -4 -3  1    0   0   0   0   0   0   0   0   0  91   9   0   0   0   0   0   0   0   0   0  1.20 0.31
  467 R   -1  3 -1 -2  0  0  1  0 -1 -3 -2  4 -1 -3 -2  0 -1 -3 -3 -3    0  23   0   0   3   1   8   8   0   0   3  46   2   0   0   6   0   0   0   0  0.52 0.17
  468 R    0  2  0  1 -3  4  2 -2  0 -3 -3  2 -2 -3 -2  0  1 -3 -2 -2   10  13   2   6   0  29  11   0   1   0   0  13   0   0   0   7   8   0   0   1  0.39 0.13
  469 A    4 -2 -2 -3 -2  1 -1 -2  0 -1  0 -2 -1 -1 -2 -1 -1  4  2 -1   54   0   0   0   0   8   2   0   3   2   9   0   0   0   0   0   2   7  13   0  0.43 0.18
  470 N   -3 -2  7  0 -4 -2 -2 -2 -1  0 -4 -2 -3 -4 -3 -1  1 -5 -3 -3    0   0  84   0   0   0   0   0   0   8   0   0   0   0   0   0   8   0   0   0  1.32 0.33
  471 G   -1 -1  3 -1 -3 -1  0  4  3 -4 -4 -1 -3 -3 -3  0 -2 -4 -2 -4    0   1  25   0   0   1   8  43  13   0   0   1   0   0   0   8   0   0   0   0  0.67 0.18
  472 L   -2 -3 -4 -4 -2  1 -3 -4 -3  2  4 -3  3 -1 -3 -3 -2 -3 -2  0    0   0   0   0   0   8   0   0   0  13  69   0  10   0   0   0   0   0   0   0  0.69 0.21
  473 S   -1 -1  2  0 -2  1  2  0 -1 -3 -3  1 -2 -3 -1  3  1 -3 -2 -2    0   0  15   2   0   9  14   6   0   0   0   6   0   0   1  38   7   0   0   3  0.37 0.14
  474 G    1 -2  2  0 -2 -1 -2  3 -2 -3 -4 -1 -3 -3 -2  3  0 -4 -3 -3    7   0  14   2   0   0   0  35   0   0   0   0   0   0   0  39   2   0   0   0  0.61 0.18
  475 N   -2 -2  6  2 -4 -1  1  0  0 -4 -4 -1 -1 -4 -3 -1  0 -4 -3 -4    1   0  69   9   0   0   9   4   1   0   0   0   2   0   0   0   4   0   0   0  1.00 0.26
  476 N   -1  0  3  2 -3  1  2 -2  0 -3 -3  0 -2 -3 -2  1  2 -4 -2 -2    0   2  24  13   0   9  13   0   2   0   0   3   0   0   0  12  22   0   0   0  0.42 0.14
  477 I   -1 -3 -3 -3 -2 -3 -3 -4 -3  4  1 -3  0 -1 -3 -2 -1 -3 -2  3    1   0   0   0   0   0   0   1   0  47  11   0   0   0   0   1   0   0   0  36  0.61 0.17
  478 R   -1 -1  2 -1 -3  1  1 -2  4 -2 -2 -1  0 -1  1  1  0 -2  2 -2    3   2  18   0   0   7  10   0  15   0   0   0   4   0   7  12   6   0  14   2  0.29 0.12
  479 N    0 -2  3 -1 -2 -1 -1 -2 -2  0 -2  0 -1 -3  1  0  2 -4 -2  2    5   0  25   0   0   1   3   0   0   3   0   5   0   0   9   4  18   0   0  27  0.27 0.13
  480 G   -1 -3 -2 -3 -4 -3 -3  6 -3 -4 -4 -3  2 -4 -3 -2 -3 -4 -4 -4    0   0   0   0   0   0   0  92   0   0   0   0   8   0   0   0   0   0   0   0  1.55 0.31
  481 Q   -2  0 -1  0 -4  6  0 -3 -1 -4 -3  2  0 -4 -3 -1  0 -3 -3 -3    0   0   0   3   0  75   0   0   0   0   0  13   2   0   0   0   7   0   0   0  1.15 0.32
  482 Q   -1  0 -2 -2 -2  2  0 -3 -1  1 -1  1 -1 -2 -2 -1  1 -3 -2  3    0   5   0   0   0  14   3   0   1   2   0  13   0   0   0   2  11   0   0  49  0.32 0.17
  483 I   -2 -3 -4 -4 -2 -3 -4 -4 -4  2  5 -3  1 -1 -4 -3 -2 -3 -2  0    0   0   0   0   0   0   0   0   0  15  85   0   0   0   0   0   0   0   0   0  0.90 0.21
  484 V   -1  1  1  0 -2  1  0 -2 -2  0 -1  3 -1 -2 -2 -1  0 -3 -2  2    0   4   6   6   0   9   1   0   0   5   3  33   0   0   0   0   7   0   0  26  0.22 0.11
  485 I   -2 -4 -4 -4 -2 -4 -4 -5 -4  6  1 -4  0 -1 -4 -3 -2 -3 -2  2    0   0   0   0   0   0   0   0   0  81  10   0   0   0   0   0   0   0   0   9  0.96 0.22
  486 P   -2 -3 -3 -3 -4 -3 -2 -3 -3 -4 -4 -2 -4 -5  8 -2 -2 -5 -4 -4    0   0   0   0   0   0   0   0   0   0   0   0   0   0 100   0   0   0   0   0  2.65 0.31

                      K         Lambda
Standard Ungapped    0.1167     0.2990
Standard Gapped      0.0308     0.2670
PSI Ungapped         0.1010     0.2862
PSI Gapped           0.0308     0.2670
