
Last position-specific scoring matrix computed, weighted observed percentages rounded down, information per position, and relative weight of gapless real matches to pseudocounts
           A  R  N  D  C  Q  E  G  H  I  L  K  M  F  P  S  T  W  Y  V   A   R   N   D   C   Q   E   G   H   I   L   K   M   F   P   S   T   W   Y   V
    1 M   -2 -3 -4 -4 -2 -2 -3 -4 -3  1  3 -3  7  0 -4 -3 -2 -3 -2  1    0   0   0   0   0   0   0   0   0   0  31   0  56   3   0   0   0   0   0   9  0.80 0.18
    2 K   -1  1  1 -1 -3  0 -1 -2 -2 -3 -3  4 -2 -4 -2  2  2 -4 -3 -3    0   3   8   0   0   0   0   0   0   0   0  49   0   0   0  21  18   0   0   0  0.55 0.16
    3 N   -2  5  4 -1 -4  0 -1 -3  5 -4 -4  1 -1 -3 -3 -1 -1 -4  0 -4    0  39  27   0   0   0   0   0  19   0   0   4   1   0   0   3   3   0   3   0  0.72 0.18
    4 K   -1  4 -1 -1 -3  0 -1 -2  1 -3 -3  3 -2 -4 -2  2  0  0 -2 -3    0  34   0   2   0   0   0   0   4   1   0  26   0   0   0  25   6   1   0   0  0.55 0.16
    5 K    2  2 -1 -1 -2 -1 -1 -2 -2 -2 -1  1  1 -2  2  2 -1 -3 -1 -1   21  14   1   3   0   0   0   0   0   0   3  13   7   2  12  19   0   0   2   3  0.23 0.10
    6 M   -2 -2 -1 -3 -2 -2 -3 -4  0  1  3 -2  4  2 -1 -1  1 -2  1  1    0   2   3   0   0   0   0   0   2   8  35   0  17   8   3   3   9   0   4   6  0.27 0.11
    7 L   -1  1 -2 -3  0 -2 -3 -3 -3  2  3 -2  2  2 -3 -1 -2 -2 -1  0    5  11   2   0   2   0   0   0   0  14  42   0   4   9   0   5   0   0   0   4  0.27 0.11
    8 K   -1  3 -1 -2 -3  0 -1  1  2 -2 -1  4 -2 -3 -1 -1 -1 -4 -2 -3    3  20   0   0   0   1   0  15   6   1   8  37   0   0   2   2   4   0   0   0  0.38 0.14
    9 I    0 -1 -2 -2 -2 -1 -1 -2 -2  2  1 -2  1  1 -2  1  1 -2  1  1    9   2   0   0   0   3   1   0   0  15  15   0   5   5   0  19  12   0   7   6  0.13 0.08
   10 G    1  0 -1 -2  0 -1 -2  3 -2 -2  0  2 -1 -2 -1  0 -1 -3 -3 -1   19   6   3   0   2   1   0  29   0   0  13  19   0   1   1   4   0   0   0   3  0.24 0.10
   11 M    1 -1 -3 -3 -2  0 -2 -3 -2  2  2  1  2  0 -2 -1 -1  1 -2  1   12   0   0   0   0   3   0   0   1  18  26  16   8   3   1   2   2   2   0   5  0.16 0.09
   12 C    1 -1 -3 -4  6 -2 -3 -3  1  1  2 -2  2  1 -3 -1 -1 -3 -1  1   12   3   0   0  26   0   0   0   5   6  21   1   8   6   0   2   1   0   2   8  0.37 0.12
   13 V    2 -2 -3 -3 -2 -1 -3 -2 -3  1  2 -1  1 -1 -3 -1 -1 -1 -2  3   23   1   1   0   0   2   0   1   0   7  30   3   2   0   0   2   0   1   0  27  0.27 0.12
   14 G    1 -3 -2 -2 -3 -2 -2  4 -2 -2 -2 -1 -2  1  4  0 -1 -3 -1 -2   12   0   0   0   0   0   0  33   1   2   4   3   0   8  27   7   3   0   1   0  0.56 0.14
   15 I    0 -1 -2 -3 -2 -2 -3 -2 -3  3  2 -2  1 -1 -3 -1  1  0 -2  2   10   3   2   0   0   0   0   1   0  23  25   0   3   1   0   2   9   2   0  19  0.27 0.11
   16 L    1 -3 -3 -3 -2 -2 -3 -3 -3  1  3 -3  1  1 -3 -1 -1 -2 -2  2   18   0   0   0   0   0   0   0   0   2  46   0   2   7   0   3   3   0   0  15  0.34 0.13
   17 G    1 -2 -2 -2  2 -2 -2  2 -3  0  2 -2  0  0  1  0  0 -3 -2 -1   13   0   0   0   6   0   0  21   0   3  26   0   1   3   7   9   7   0   0   2  0.17 0.08
   18 L    0 -3 -4 -4  1 -3 -3 -3 -3  1  4 -3  1  0 -1 -2 -1 -3 -2  2    6   0   0   0   3   0   0   2   0   4  55   0   2   2   4   1   2   0   0  17  0.45 0.16
   19 S    2 -1 -2 -2 -2 -1 -2  0 -2 -1  0 -1  2 -1  1  2  0 -3 -2 -1   25   4   0   1   0   0   1   5   0   1  11   1   9   2   7  26   3   0   0   4  0.22 0.12
   20 I    1 -1 -2 -3  4 -2 -2 -2 -3  1  2 -1  1  1 -2 -1  1 -2 -2  1   17   4   0   0  12   0   1   2   0   8  24   2   4   6   0   1  10   0   0   8  0.19 0.10
   21 T    2 -1 -1 -3  1 -2 -2 -1 -1  0  1 -2 -1  0 -2  0  3 -3 -2  2   20   3   2   0   3   0   0   3   1   0  14   0   0   3   0   5  25   0   0  18  0.20 0.12
   22 S    3 -1 -1 -2 -2 -2 -2  2 -2 -1 -1 -1 -1 -1  1  1  1 -3 -2 -1   31   2   2   1   0   0   0  15   0   4   8   1   2   2   6  12  11   0   0   3  0.21 0.11
   23 L    0 -1 -2 -3  2 -1 -3 -1 -3  1  4 -3  0  1 -2 -2 -1 -2 -1  0    7   3   1   1   6   2   1   4   0   6  49   0   1   8   1   1   4   0   1   4  0.30 0.14
   24 V    1 -2 -1 -1  1 -1  0 -1 -2  1  1 -1  0  0  0  0  0 -2 -1  2   12   1   2   2   3   1   6   5   0  10  12   3   2   6   4   5   7   0   0  20  0.05 0.04
   25 T    1 -2 -1 -2 -1 -1 -2  2 -3 -1  0 -2  0 -1  3  0  1 -3 -2  0   18   0   1   1   1   1   0  17   0   3  12   0   2   2  17   4  12   0   0   8  0.24 0.11
   26 F    1 -2 -3 -2  4 -2 -2 -2 -1  0  2 -2  0  2 -1 -1  0 -2  0  0   13   2   0   2  13   0   1   3   2   2  30   1   1  14   3   3   4   0   1   4  0.20 0.11
   27 T    3 -1 -1 -1 -2 -1 -2  0 -2 -1  0 -1 -1 -1 -2  2  1 -1 -1  0   29   3   2   2   0   0   0   6   0   3  11   2   1   3   0  18  11   1   1   7  0.17 0.11
   28 G    2 -2  1  0  0 -1 -2  3 -2 -2  0 -2 -1 -3 -1  0  1 -3 -3  0   19   1   7   5   2   2   1  29   0   0  10   1   2   0   1   6   8   0   0   7  0.23 0.10
   29 G    1 -2 -1 -1  4 -2 -1  2 -2 -1 -1 -1  0 -1  1  2  0 -1 -2 -1   11   0   2   2  14   0   2  18   1   2   5   2   3   2   8  18   5   1   0   3  0.23 0.10
   30 A    3 -1  1 -1 -1 -1 -1  0 -2 -2 -2 -1 -1 -3  2  2  1 -3 -2 -1   30   1   6   1   1   2   2   7   0   1   3   1   1   0  11  21   9   0   1   3  0.29 0.13
   31 L    1  0  0 -1  1 -1 -1 -1 -2  0  1  0  0 -1  1  0  1  0 -1  0   12   5   5   1   3   1   3   3   0   4  19   5   3   1   7   7  11   2   1   7  0.06 0.04
   32 Q    1 -2 -1 -2 -2  2 -1 -1  1 -1 -1 -1 -1 -3  4  1  0 -3 -2 -1   15   0   2   1   0  13   3   5   5   2   7   2   1   0  23   9   6   0   1   5  0.32 0.12
   33 V    2 -2  0 -1 -1  0 -1  1 -2 -1  0 -1 -1 -1  0  1  0 -1 -2  1   24   0   4   2   1   3   3  10   0   1   9   1   0   2   4  15   2   1   0  17  0.12 0.09
   34 E    1 -1  0 -1 -1  0  2  0 -1 -2 -2  0 -2 -1  3  1  0  0 -1 -1   14   1   4   1   1   4  17   6   1   0   1   4   0   2  14  16   5   1   2   5  0.21 0.09
   35 A    4 -1 -1 -1 -1 -1 -2  0 -1 -2 -2 -1 -2 -3  2  1  0 -1 -3 -2   45   2   1   2   1   3   1   6   1   2   3   2   0   0  12  12   5   1   0   1  0.37 0.16
   36 K    1  0 -1  0  0  1  1 -1  0 -2 -2  1 -2 -2  2  1  0 -3 -2 -2   19   4   2   3   2   8   8   3   2   0   4  11   0   2  13  11   6   0   0   2  0.19 0.08
   37 E    2 -1 -1  0  0  0  1  0 -1 -2 -1  0 -2 -3  2  1  1 -1 -2 -1   19   2   2   5   2   2  12   5   1   0   4   6   0   0  11  12   9   1   1   4  0.17 0.07
   38 K    1  0  0 -1 -2  1  0  0 -1 -1 -1  1 -1 -2  2  1  0 -3 -2 -1   12   4   4   3   0   7   3   7   0   2   9  13   1   0  11  13   7   0   0   2  0.15 0.06
   39 T    1 -1 -1 -2 -1 -1 -1 -1 -2  0 -1 -1 -1 -1  3  1  2  2 -2 -1   18   2   1   1   1   1   3   2   0   5   3   3   0   3  15  14  20   3   0   4  0.23 0.10
   40 G    2 -1  0  0 -2  0  0  2 -2 -2 -2  0 -2 -3  1  1  0  1 -2 -1   20   1   2   5   0   3   7  18   0   1   2   6   0   0   8  11   5   2   0   6  0.19 0.07
   41 Q    1  0  0  0 -1  3  0 -1 -1 -2 -2  1 -1 -3  1  1  1 -2 -2 -1   16   3   4   4   1  19   4   3   0   1   3   7   0   0   6  13  10   1   0   5  0.18 0.09
   42 V    1 -1  0 -1 -1 -1  0  0 -2 -1  0  0 -1 -2  2  1  1 -3 -2  0   19   2   3   1   1   1   5   6   0   2   8   6   1   0  13  11  11   0   0   9  0.15 0.06
   43 K    1  0  0  0 -2  1  1 -1  0 -1 -1  2 -1 -2  0  0  0  1 -1 -1   19   3   5   3   0   5   9   3   3   2   4  17   1   1   4   6   6   3   1   5  0.11 0.06
   44 H    1  0  0  0 -2  1  1  0  2 -1 -1  0  0 -2  2  0  1 -3 -2 -1   14   6   5   3   0   7   9   7   7   4   3   1   3   0  11   4  11   0   0   4  0.13 0.05
   45 K    1  1  0  0 -2  1  1  0 -1 -1 -2  1 -1 -2  2  1  1 -3 -1 -1   14   6   5   4   0   9   7   7   0   3   1  10   0   1   9  11   8   0   1   4  0.15 0.05
   46 N    1 -1  2  1 -2  0  0  0 -1 -2 -2  0 -1 -3  1  1  1 -3 -2 -1   16   1  17  10   0   2   3   7   1   1   2   6   1   0   6  13  10   0   0   4  0.20 0.08
   47 Q    1  1  0  1 -1  2  1  0  1 -2 -2  0 -1 -3  1  1  1 -3 -2 -1   11   7   3  11   2  13   5   6   4   0   2   3   1   0   8  10   8   0   0   6  0.15 0.06
   48 A    2 -1  0  2 -2  0  0  0 -2 -1 -2  0 -2 -3  0  1  0 -3 -3 -1   29   1   4  17   0   4   5   4   0   3   1   3   1   0   5  13   5   0   0   4  0.22 0.10
   49 T    1 -1 -1 -2 -2 -2 -1 -1 -1  1  1 -1  0  0 -1  0  1 -2  0  1   20   3   1   2   0   0   1   2   2  11  13   1   2   2   3   5  13   0   5  14  0.09 0.06
   50 H    1  1  1  1 -3  2  2 -1  3 -2 -2  0 -2 -2  0  0  0 -3 -1 -2   13   6   5   9   0  16  14   3  11   2   2   3   0   1   4   3   4   0   2   3  0.20 0.09
   51 K    1  2 -1  2 -3  2  1  0  0 -3 -3  1 -2 -3  1  0  0 -3 -2 -2   13  11   1  11   0  16   6   5   2   1   1  11   0   1   7   7   4   0   0   3  0.23 0.09
   52 E    0  2 -1  2 -3  3  3 -2 -1 -3 -3  2 -2 -4 -1  0 -1 -3 -3 -2    6  14   1  10   0  15  24   1   0   0   2  15   0   0   2   5   1   0   0   3  0.38 0.13
   53 F   -3 -4 -5 -5 -3 -4 -5 -5 -4  1  4 -4  0  6 -5 -4 -3  0  0 -1    0   1   0   0   0   0   0   0   0   6  47   0   1  45   0   0   0   1   0   0  1.05 0.29
   54 S    4  1 -2 -2 -2  0  0 -1 -2 -2 -2  1 -2 -4 -2  1  0 -4 -3  0   49   8   0   0   0   3   6   1   0   1   1   9   0   0   0  10   3   0   0   7  0.39 0.18
   55 Q    2  1  0  1 -3  2  2  0 -2 -3 -3  2 -2 -4 -2  0 -1 -4 -3 -2   27   8   2   6   0  14  17   4   0   0   0  14   0   0   1   4   3   0   0   0  0.34 0.14
   56 L   -3 -4 -5 -6 -3 -4 -5 -6 -5  1  6 -4  0 -1 -5 -4 -3 -4 -3 -1    0   0   0   0   0   0   0   0   0   4  94   0   0   0   0   0   0   0   0   1  1.33 0.35
   57 E   -3 -2 -3 -1 -6  0  7 -4 -2 -6 -5 -1 -4 -6 -3 -2 -3 -5 -4 -5    1   0   0   0   0   1  97   0   0   0   0   0   0   0   0   0   0   0   0   0  1.88 0.46
   58 K    0  4  1 -1 -4  2  1 -2  0 -4 -4  4 -3 -4 -3  0 -1 -4 -3 -3    9  24   5   1   0   9   5   1   2   0   0  33   0   0   0   7   3   0   0   0  0.52 0.18
   59 K    0  3  0  1 -4  2  2 -1 -1 -4 -3  3 -2 -4 -2  1  0 -4 -2 -3    8  17   3   8   0   8  17   2   1   0   0  21   0   0   0  10   3   0   1   0  0.38 0.14
   60 F    0 -3 -2 -4 -3 -3 -3 -3  2 -2 -1 -3 -1  5 -4  2  0 -1  5 -1    8   0   0   0   0   0   0   0   6   1   2   0   0  34   0  17   5   0  23   2  0.66 0.23
   61 D   -1 -1  1  5 -4 -1 -1  4 -1 -5 -5 -1 -4 -5 -3 -1 -3 -5 -4 -4    4   3   5  38   0   3   2  41   1   0   0   2   0   0   1   1   0   0   0   0  0.84 0.24
   62 A    5 -4 -3 -3 -3 -3 -3  5 -4 -4 -4 -3 -3 -4 -3 -1 -2 -4 -4 -1   54   0   0   0   0   0   0  43   0   0   0   0   0   0   0   0   0   0   0   3  1.01 0.30
   63 R   -3  7 -2 -4 -5  0 -2 -4  1 -5 -4  2 -3 -5 -4 -2 -2 -5 -4 -5    0  84   0   0   0   2   0   0   3   0   0   7   0   0   0   1   2   0   0   0  1.62 0.40
   64 L   -3 -4 -5 -6 -3 -4 -5 -6 -5  2  6 -4  0 -1 -3 -4 -3 -4 -3  0    0   0   0   0   0   0   0   0   0  10  87   0   0   0   1   0   0   0   0   1  1.18 0.32
   65 G   -2 -5 -3 -4 -5 -4 -4  7 -4 -6 -6 -4 -5 -5 -4 -2 -4 -5 -5 -6    0   0   0   0   0   0   0  99   0   0   0   0   0   0   0   1   0   0   0   0  2.07 0.43
   66 V   -1 -4 -5 -5 -3 -4 -4 -5 -5  2  0 -4  0 -2 -4 -4 -2 -5 -3  6    2   0   0   0   0   0   0   0   0   9   6   0   1   1   0   0   0   0   0  82  1.16 0.33
   67 Y    2 -3 -3 -3  1 -2 -3 -3  0 -3 -3 -3 -1  3 -4  0 -1  0  7 -2   21   0   0   1   3   1   0   0   2   0   0   0   1  10   0   6   3   0  49   2  0.89 0.28
   68 A    5 -3 -4 -4 -2 -3 -3 -1 -4 -1  1 -3  0 -3 -3 -1 -2 -4 -3  1   69   0   0   0   0   0   0   2   0   2  14   0   2   0   0   0   0   0   0  11  0.73 0.28
   69 I   -2 -3 -4 -5 -3 -4 -4 -5 -1  4  3 -4  1  0 -2 -3 -2  0 -1  2    0   1   0   0   0   0   0   0   2  39  33   0   1   3   2   0   1   2   2  14  0.59 0.20
   70 D   -1 -3  3  7 -5 -2 -1 -3 -1 -5 -6 -3 -5 -5 -4 -2 -3 -6 -5 -5    5   1  17  75   0   0   1   1   1   0   0   0   0   0   0   0   0   0   0   0  1.52 0.37
   71 T   -2 -3 -2 -3 -3 -3 -3 -4 -2 -2 -3 -3 -2 -4 -3  0  7 -5 -4 -1    1   1   1   0   0   0   0   0   1   1   1   0   0   0   1   3  89   0   0   2  1.47 0.42
   72 G    2 -1 -2 -1 -3 -1  1  5 -1 -4 -4 -2 -3 -4 -3 -1 -2 -4 -4 -3   22   4   0   3   0   2   9  54   1   0   0   0   0   0   0   2   1   0   0   1  0.77 0.23
   73 T   -1 -2  1  2 -3 -2 -2 -2 -3 -3 -4 -2 -3 -4 -3  3  5 -5 -4 -3    2   0   4  15   0   0   0   2   0   0   0   0   0   0   0  28  49   0   0   0  0.78 0.28
   74 N   -1 -3  4  0 -3 -2 -2  5 -1 -5 -5 -2 -4 -5 -4  0 -2 -5 -4 -5    1   1  25   3   0   1   1  60   1   0   0   1   0   0   0   4   2   0   0   0  1.05 0.28
   75 Q    1  4 -1 -1 -3  2  0 -2  0 -1 -3  2 -1 -4 -3  1  0 -4 -3 -2   16  30   2   1   0  14   3   1   2   4   1  12   1   0   0  10   5   0   0   0  0.39 0.16
   76 T   -1  2 -1 -2 -2  2  2 -3  0 -2 -3  0 -2 -4 -3  1  4 -4 -3 -1    3  11   0   0   1  11  17   0   3   1   0   3   1   0   0   8  36   0   0   5  0.42 0.19
   77 I   -1 -4 -4 -5 -3 -4 -4 -5 -3  4  1 -4  0  2 -4 -3 -1  1 -1  4    2   0   0   0   0   0   0   0   0  30   7   0   0  10   0   0   2   2   1  44  0.67 0.22
   78 A    2 -2 -1 -1 -2  0  0  2 -2 -1  0 -1 -1 -2 -2  1  2 -3 -3  0   28   1   2   2   0   4   6  14   0   1  10   0   0   0   0  11  15   0   0   4  0.21 0.12
   79 Y   -4 -3 -3 -5 -5 -3 -4 -5  7 -4 -3 -4 -3  1 -5 -4 -4  2  8 -4    0   1   1   0   0   0   0   0  32   0   1   0   0   3   0   0   0   2  62   0  1.91 0.44
   80 R   -4  8  0 -4 -6  0 -2 -4  1 -5 -5  0 -4 -5 -4 -3 -3 -5 -4 -5    0  88   5   0   0   3   0   0   4   0   0   0   0   0   0   0   0   0   0   0  1.78 0.43
   81 P    4 -3 -2 -1 -3 -2  0  2 -2 -3 -3 -2 -2 -4  2  1 -1 -4 -4 -2   53   0   0   3   0   1   5  16   0   0   1   0   1   0  12   7   1   0   0   0  0.59 0.22
   82 N   -2 -2  3  6 -5 -1  1  0  0 -5 -5 -2 -4 -5 -3 -1 -1 -5 -3 -5    2   1  13  63   0   1   6   5   2   0   1   0   0   0   0   3   2   0   0   0  1.09 0.29
   83 E   -2 -2 -2  1 -6  1  7 -4 -2 -5 -5 -1 -4 -5 -3 -2 -2 -5 -4 -5    1   1   0   4   0   4  87   0   0   0   0   1   0   0   0   0   2   0   0   0  1.56 0.41
   84 R   -2  8 -3 -4 -3 -1 -2 -5 -3 -5 -3  0 -4 -5 -3 -3 -3 -5 -4 -5    3  94   0   0   1   0   0   0   0   0   1   0   0   0   1   0   0   0   0   0  1.93 0.46
   85 F   -5 -5 -6 -6 -5 -6 -6 -6 -4 -3 -2 -6 -2  9 -6 -5 -5  1  1 -3    0   0   0   0   0   0   0   0   0   0   0   0   1  98   0   0   0   1   0   1  2.37 0.49
   86 A    5 -4 -3 -4 -3 -3 -3 -1 -4 -4 -3 -3 -3 -5  5 -1 -2 -5 -4 -3   59   0   1   0   0   0   0   2   0   0   2   0   0   0  35   1   1   0   0   0  1.19 0.33
   87 F   -3 -4 -4 -5 -4 -3 -4 -5 -2 -1  1 -4  6  5 -5 -4 -3 -1  6 -1    0   0   0   0   0   0   0   0   0   1  13   0  28  29   0   0   0   0  29   1  1.11 0.31
   88 A    3 -5 -1 -5  9 -4 -4 -2 -2 -3 -3 -4 -3 -4 -4 -2 -2 -5 -4 -2   33   0   3   0  57   0   0   2   1   0   1   0   0   0   0   1   1   0   0   0  1.64 0.39
   89 S   -1 -3 -2 -3 -3 -2 -3 -3 -3 -5 -5 -3 -4 -5 -3  7 -1 -5 -4 -4    0   0   0   0   0   0   0   0   0   0   0   0   0   0   0 100   0   0   0   0  1.68 0.48
   90 T   -2 -3 -2 -3 -3 -3 -3 -4 -4 -3 -3 -3 -2 -4 -3  0  7 -5 -4 -1    2   0   0   0   0   0   0   0   0   0   0   0   1   0   0   4  91   0   0   3  1.57 0.44
   91 Y   -3 -4 -4 -5 -1 -4 -4 -3  3 -1 -2 -4 -2  7 -5  1 -3 -1  4 -2    0   0   0   0   1   0   0   1   8   4   0   0   0  63   0  11   0   0  11   1  1.19 0.32
   92 K   -3  0 -3 -3 -6 -1 -2 -4 -3 -5 -5  8 -4 -6 -3 -3 -3 -6 -4 -5    0   0   0   0   0   0   0   0   0   0   0 100   0   0   0   0   0   0   0   0  1.89 0.47
   93 A    4 -3 -3 -3 -2 -2 -3  0 -3 -1  0 -2  0  0  0  0  1 -4 -2  2   43   0   0   0   0   0   0   8   0   1   6   0   2   4   3   4   9   0   0  21  0.34 0.17
   94 L   -3 -4 -5 -5 -3 -3 -4 -5 -4  1  4 -4  5  2 -2 -4 -3 -3 -1  0    0   0   0   0   0   0   0   0   0   4  58   0  21  10   2   0   0   0   1   4  0.84 0.26
   95 A    5 -3 -3 -3 -2 -1 -2 -2 -3 -1  2 -2 -1 -3 -3  0  0 -4 -3  0   61   0   1   0   0   2   1   0   0   2  22   0   0   0   0   2   4   0   0   4  0.59 0.25
   96 A    5 -3 -3 -4  2 -3 -3  0 -4 -2 -3 -3 -2 -3 -3  0 -1 -4 -3  2   67   0   0   0   4   0   0   4   0   0   0   0   0   1   0   5   2   0   0  18  0.77 0.28
   97 G    5 -4 -3 -3 -3 -3 -3  5 -4 -4 -4 -3 -2 -4 -3  0 -2 -4 -4 -3   54   0   0   0   0   0   0  41   0   0   0   0   1   0   0   4   0   0   0   0  1.00 0.30
   98 V    6 -3 -4 -4 -1 -3 -2 -2 -4 -1 -1 -3 -2 -1 -3 -1 -2 -4 -3  1   78   0   0   0   1   0   1   1   0   1   5   0   0   3   0   1   0   0   0   9  0.89 0.31
   99 L   -2 -4 -5 -5 -3 -4 -4 -5 -5  3  2 -4  0 -2 -4 -3 -2 -4 -3  5    1   0   0   0   0   0   0   0   0  12  20   0   2   0   0   0   0   0   0  65  0.91 0.28
  100 L   -4 -4 -6 -6 -3 -4 -5 -6 -5  0  6 -5  0 -2 -5 -5 -3 -4 -3 -1    0   0   0   0   0   0   0   0   0   0  99   0   0   0   0   0   0   0   0   1  1.47 0.38
  101 Q    1  3 -1  0 -4  4  0 -1  3 -4 -3  3 -2 -4 -3  0 -2 -4 -2 -3   18  15   2   5   0  22   3   3   9   0   0  20   0   0   0   3   0   0   0   0  0.44 0.18
  102 Q   -1  5 -1  0 -5  4  1 -3  1 -4 -4  3 -2 -4 -3 -1 -1 -4 -3 -4    3  35   0   5   0  26   6   1   3   0   0  17   0   0   0   1   2   0   0   0  0.74 0.24
  103 N    0  1  3 -1 -3  0 -1 -2  2 -3 -3  1 -2 -1 -2  3  0 -3  1 -1    7   6  18   2   0   1   0   1   7   0   1  12   0   2   0  29   5   0   6   4  0.30 0.15
  104 S    0 -2  0  0 -3  1  2  1 -2 -2 -3 -1 -2 -4  2  2  1 -4 -3 -1    4   1   3   5   0   6  14  14   0   0   2   0   0   0  10  25   9   0   0   6  0.28 0.13
  105 T    0 -1 -1  0 -1  1  0  0 -2  1  1  0  0 -2 -1  1  1  0 -2  0    4   1   1   7   1  12   5   7   0  13  17   3   2   0   3  11  10   2   0   2  0.06 0.07
  106 K    0  0  0  3 -4  2  4 -1  0 -4 -4  0 -3 -4 -2  0 -1 -4 -3 -3   10   4   3  20   0  12  35   3   2   0   0   3   0   0   0   5   3   0   0   0  0.53 0.18
  107 K    0  0  0  1 -3  1  2  1  2 -3 -2  1 -2 -2  3  0 -1 -3  0 -2    6   3   2  11   0   7  13  11   6   0   2  11   0   1  14   4   3   0   3   1  0.25 0.09
  108 L   -3 -2 -5 -5 -3 -4 -5 -5 -5  0  6 -4  3  0 -5 -4 -3 -3 -3 -1    0   1   0   0   0   0   0   0   0   1  85   0   8   3   0   0   0   0   0   1  1.15 0.32
  109 D    0 -2  4  5 -4  1  2 -1 -2 -4 -4 -1 -4 -5 -3  0 -1 -5 -4 -4    8   0  20  42   0   8  11   2   0   0   0   2   0   0   0   4   3   0   0   0  0.73 0.22
  110 E   -2  4 -1 -1 -4  4  2 -3  0 -4 -4  3 -3 -4 -3 -1  0 -3 -3 -4    1  28   1   1   0  24  15   0   1   0   0  24   0   0   0   2   5   0   0   0  0.72 0.23
  111 V   -2  5 -2 -3 -4 -1 -2 -4  1 -1  0  1 -1 -3 -2 -2  0  0 -3  3    0  47   1   0   0   0   0   0   3   2   7   5   0   0   1   0   5   1   0  27  0.59 0.24
  112 I   -2 -5 -5 -5 -1 -4 -5 -5 -5  5  0 -4  1 -2 -4 -4 -2 -4 -3  5    0   0   0   0   1   0   0   0   0  49   4   0   2   0   0   0   0   0   0  43  1.03 0.29
  113 T   -1  2  0 -1 -3 -1  0 -3  4 -2 -2  1 -1 -2 -1  0  4 -3 -1 -1    3  15   3   1   0   1   5   0  13   2   1   7   2   1   2   5  33   0   2   2  0.33 0.16
  114 Y   -4 -4 -5 -6 -5 -4 -5 -6 -1  2 -2 -4 -3  3 -5 -4 -4  2  9 -3    0   0   0   0   0   0   0   0   0  12   1   0   0   8   0   0   0   2  78   0  1.90 0.44
  115 T    0  0  1  0 -3 -1  0  2  0 -3 -3  1 -2 -4 -2  2  4 -4 -3 -2    4   3   6   3   0   2   4  14   3   0   0  10   0   0   1  17  34   0   0   0  0.38 0.17
  116 K    0  3  0 -1 -4  2  2 -2 -1 -4 -3  4 -2 -4  0  0 -1 -4 -3 -3    9  17   3   2   0  13  13   1   1   0   0  30   0   0   3   6   2   0   0   0  0.46 0.17
  117 E    2  0 -1  4 -3  0  2 -1 -1 -4 -4  0 -3 -4 -2  2 -1 -4 -3 -3   21   4   1  25   0   2  18   4   1   0   0   5   0   0   0  17   1   0   0   0  0.44 0.17
  118 D   -2 -3 -1  7 -5 -1  1 -3 -3 -5 -5 -1 -5 -5 -4 -2 -3 -6 -3 -2    3   0   0  81   0   1   6   0   0   0   0   4   0   0   0   1   0   0   1   4  1.52 0.37
  119 L   -3 -4 -5 -5 -3 -3 -5 -5 -5  1  5 -4  1 -1 -5 -4 -3 -4 -3  1    0   0   0   0   0   1   0   0   0   6  81   0   2   0   0   0   0   0   0  10  1.06 0.30
  120 V   -1 -1 -3 -4 -3 -1 -2 -4 -4  1  1 -3  1 -2 -3 -2 -1 -4 -3  5    1   3   0   0   0   2   3   0   0   2  11   0   2   0   0   3   3   0   0  67  0.68 0.25
  121 D    1 -1  2  2 -3 -1  1 -1 -2 -3 -3  0 -3 -3  2  2  2 -4 -2 -2   11   1  15  13   0   0   8   2   0   0   0   3   0   1   9  17  16   0   1   2  0.32 0.13
  122 Y   -4 -3  2 -2 -4 -3 -3 -2  4 -2 -3 -3 -3  0 -5 -2 -2  5  8 -4    0   0  12   2   0   0   0   3  11   2   0   0   0   0   0   2   1   6  61   0  1.35 0.36
  123 S    1 -3  3 -2 -3 -2 -2 -2 -3 -4 -4 -2 -3 -4 -3  6  0 -5 -4 -4   11   0  13   0   0   0   0   0   0   0   0   0   0   0   0  74   1   0   0   0  1.08 0.35
  124 P   -3 -5 -5 -4 -5 -4 -4 -5 -5 -5 -5 -4 -5 -6  9 -3 -3 -6 -6 -4    0   0   0   0   0   0   0   0   0   0   0   0   0   0  97   0   1   0   0   1  2.86 0.52
  125 V   -2 -4 -3 -4 -3 -4 -2 -5 -5  5  0 -4 -1 -2 -4 -3 -1 -4 -3  5    1   1   1   0   0   0   4   0   0  47   2   0   0   0   0   0   1   0   0  43  0.89 0.28
  126 T    0 -3 -2 -3 -1 -3 -3 -4 -4 -2 -3 -3 -3 -4 -3  1  7 -5 -4 -2    6   0   0   0   1   0   0   0   0   1   0   0   0   0   0   8  84   0   0   0  1.39 0.41
  127 E   -2  1 -2 -1 -5  1  6  0 -1 -5 -5  1 -4 -5 -2 -1 -2 -5 -4 -4    1   6   0   0   0   4  69   8   1   0   0   6   0   0   1   3   2   0   0   0  1.01 0.31
  128 K   -3  2  0 -1 -5  3  0 -3 -2 -4 -3  6 -3 -5 -2 -2 -1 -5 -4 -4    0   7   3   3   0  13   4   1   0   0   1  63   0   0   1   0   3   0   0   0  0.92 0.29
  129 H   -3  0  2 -3 -5 -1 -2 -4 10 -5 -5 -2 -4 -2 -5 -2 -4 -4  3 -5    1   4   8   0   0   1   0   0  74   0   0   2   0   1   0   1   0   0   8   0  1.96 0.44
  130 V    0 -4 -4 -5 -2 -3 -4 -4 -4  2  2 -3 -1 -2 -4 -3 -1 -4 -3  5    7   0   0   0   0   1   0   0   0   5  17   2   0   0   0   1   2   0   0  67  0.78 0.26
  131 D    2 -2  1  4 -3  0  1  3 -1 -4 -4 -1 -3 -4 -3  0 -1 -4 -3 -3   23   0   5  30   0   3   6  22   1   0   0   2   0   0   0   4   2   0   0   1  0.48 0.17
  132 T    0 -1  0  2 -3 -1  0 -1 -1 -2 -3 -1 -3 -4 -2  1  5 -4 -3 -2    6   2   3  12   0   1   6   5   2   2   0   3   0   0   1   6  52   0   0   0  0.53 0.22
  133 G   -2 -4 -2 -3 -5 -3 -3  7 -4 -6 -6 -4 -5 -5 -4 -1 -1 -5 -4 -5    0   0   0   0   0   1   1  92   0   0   0   0   0   0   0   2   4   0   1   0  1.78 0.39
  134 M   -4 -4 -5 -6 -4 -3 -5 -6 -4 -1  0 -4 10 -3 -5 -4 -3 -4 -4 -1    0   0   0   0   0   0   0   0   0   1   5   0  94   0   0   0   0   0   0   1  2.46 0.57
  135 T   -2 -1 -1 -3 -3 -3 -3 -3 -4 -3 -3 -2 -3 -4 -1  2  7 -5 -4 -2    0   2   2   0   0   0   0   0   0   0   1   1   0   0   3  15  77   0   0   0  1.20 0.37
  136 L   -2 -3 -5 -5 -3 -4 -4 -5 -5  3  4 -4  0 -1 -4 -4 -2 -4 -3  4    0   1   0   0   0   0   0   0   0  15  52   0   1   0   0   0   0   0   0  31  0.79 0.24
  137 G    3  3 -2 -1 -3 -1  0  2 -1 -3 -2  1 -2 -4 -2  0 -1 -4 -3 -2   36  21   0   1   0   1   6  14   1   0   2  11   1   0   0   5   2   0   0   1  0.38 0.17
  138 E    1 -1 -2  2 -5  3  6 -2 -2 -5 -5 -1 -4 -5 -3 -1 -2 -5 -4 -4   11   1   0   8   0  12  63   3   0   0   0   1   0   0   0   2   0   0   0   0  1.00 0.30
  139 I   -2 -4 -5 -5 -3 -4 -5 -5 -5  2  5 -4  2 -1 -4 -4 -3 -3 -3  1    2   0   0   0   0   0   0   0   0  12  75   0   3   0   0   0   0   0   0   8  0.96 0.27
  140 A    2 -4 -4 -4  9 -4 -4 -3 -4 -2 -2 -4  0 -4 -4  2 -2 -5 -4 -3   20   0   0   0  57   0   0   1   0   2   2   0   2   0   0  15   0   0   0   0  1.52 0.37
  141 E    3 -2 -1  5 -4 -1  4 -2 -2 -4 -4 -1 -3 -5 -3 -1 -1 -5 -4 -3   32   0   0  33   0   1  28   1   0   0   0   2   0   0   0   2   1   0   0   0  0.74 0.25
  142 A    7 -4 -4 -4 -3 -3 -3 -2 -4 -4 -4 -3 -3 -5 -3 -1 -2 -5 -4 -2   99   0   0   0   0   0   0   0   0   0   0   0   0   0   0   0   0   0   0   1  1.53 0.43
  143 A    5 -3 -3 -3 -2 -3 -3 -2 -3 -3 -3 -2 -3 -4 -3  1  3 -4 -4 -1   70   0   0   0   0   0   0   1   0   0   0   0   0   0   0   9  19   0   0   1  0.93 0.31
  144 V   -2 -4 -5 -5 -3 -4 -4 -5 -5  4  3 -4  1 -2 -4 -4 -2 -4 -3  4    0   0   0   0   0   0   0   0   0  32  30   0   3   0   0   0   0   0   0  34  0.76 0.23
  145 R   -2  5 -1 -3 -4  5  0 -3 -2 -4 -3  0 -3 -5 -3 -1  2 -2 -3 -4    1  44   1   0   0  32   2   1   0   0   1   0   0   0   0   1  17   1   0   0  0.93 0.31
  146 Y   -3 -1 -3 -5 -4 -1 -3 -5  2 -3  0 -2 -2  2 -5 -3 -3  0  8  0    1   4   0   0   0   3   0   0   4   0   8   2   0   5   0   2   0   0  66   6  1.28 0.35
  147 S   -1 -3 -2 -3 -3 -2 -3 -3 -3 -5 -5 -3 -4 -5 -3  7 -1 -5 -4 -4    0   0   0   0   0   0   0   0   0   0   0   0   0   0   0 100   0   0   0   0  1.68 0.48
  148 D   -4 -4 -1  8 -6 -3 -1 -4 -4 -6 -6 -3 -6 -6 -4 -3 -4 -7 -6 -6    0   0   0 100   0   0   0   0   0   0   0   0   0   0   0   0   0   0   0   0  2.28 0.49
  149 N   -4 -3  8 -1 -5 -2 -3  0 -2 -6 -6 -3 -5 -6 -4 -1 -2 -6 -5 -5    0   0  92   0   0   0   0   6   0   0   0   0   0   0   0   1   0   0   0   0  1.99 0.47
  150 T    0 -3 -2 -3 -1 -3 -3 -1 -4 -3 -3 -3 -3 -4 -3  0  7 -5 -4 -1    8   0   0   0   1   0   0   4   0   0   0   0   0   0   0   4  82   0   0   2  1.26 0.38
  151 A    7 -4 -4 -4 -3 -3 -3 -1 -4 -4 -4 -3 -3 -5 -3 -1 -2 -5 -4 -2   98   0   0   0   0   0   0   2   0   0   0   0   0   0   0   0   0   0   0   0  1.50 0.42
  152 G    4 -3 -2 -3 -3  0 -3  4 -1 -3 -2 -2  3 -4 -3 -1 -1 -4 -3 -2   43   0   0   1   0   4   0  35   1   0   1   0  11   0   0   1   3   0   0   1  0.66 0.24
  153 N   -4 -3  8 -1 -5 -2 -3 -3 -2 -6 -6 -3 -5 -6 -5 -2 -3 -6 -5 -6    0   0 100   0   0   0   0   0   0   0   0   0   0   0   0   0   0   0   0   0  2.30 0.52
  154 I   -3 -3 -4 -5 -3 -2 -3 -5 -4  2  5  1  1  0 -4 -4 -3 -3 -2  0    0   0   0   0   0   1   0   0   0   9  73  10   2   3   0   0   0   0   0   2  0.80 0.26
  155 L   -3 -4 -5 -5 -3 -3 -5 -5 -5  2  5 -4  2 -1 -5 -4 -3 -4 -3  0    1   0   0   0   0   1   0   0   0  13  79   0   5   0   0   0   0   0   0   1  1.06 0.30
  156 F   -3 -4 -5 -5 -3 -4 -5 -5 -4  2  4 -4  3  4 -5 -4 -3 -3 -1  0    0   0   0   0   0   0   0   0   0  13  56   0  10  20   0   0   0   0   0   1  0.85 0.25
  157 H    1  3  0  2 -4  1  2 -1  2 -4 -3  3 -3 -4 -2  0  0 -4 -3 -3   14  17   3  13   0   5  14   3   5   0   0  21   0   0   0   2   4   0   0   0  0.37 0.14
  158 K    0  0 -1  1 -3  3  3 -3  3 -2 -1  1 -1 -3 -2  0 -1 -3  0 -2    6   5   1   9   0  17  22   0   9   1   7   7   2   0   0   9   2   0   4   1  0.28 0.13
  159 I   -2 -4 -5 -5 -3 -4 -5 -5 -4  3  5 -4  1  1 -5 -4 -3 -3 -2  1    1   0   0   0   0   0   0   0   0  20  68   0   1   6   0   0   0   0   0   4  0.90 0.26
  160 G   -2 -5 -3 -2 -5 -4 -4  7 -4 -6 -6 -4 -5 -5 -4 -2 -4 -5 -5 -5    0   0   0   2   0   0   0  97   0   0   0   0   0   0   0   0   0   0   0   0  1.98 0.42
  161 G   -2 -5 -3 -3 -5 -4 -4  7 -4 -6 -6 -4 -5 -6 -4 -3 -4 -5 -5 -6    0   0   0   1   0   0   0  99   0   0   0   0   0   0   0   0   0   0   0   0  2.09 0.43
  162 P   -3 -3 -4 -4 -5 -4 -4 -5 -5 -3 -3 -3 -4 -6  8 -3 -2 -6 -5 -2    0   1   0   0   0   0   0   0   0   1   2   0   0   0  90   0   2   0   0   3  2.49 0.47
  163 K    3  1 -1  1 -3  1  2  0 -1 -3 -3  2 -2 -4 -1  1 -1 -4 -3 -2   32   6   2   7   0   8  14   5   1   0   0  12   0   0   2   9   2   0   0   0  0.31 0.14
  164 G    3 -1 -1 -2 -3 -1  0  5 -3 -4 -4  1 -3 -4 -2  0 -2 -4 -4 -3   28   1   1   1   0   2   7  47   0   0   0   8   0   0   1   3   0   0   0   0  0.68 0.21
  165 Y   -2 -4 -4 -5 -3 -4 -4 -5 -3  1  3 -4  1  4 -4 -3 -2 -2  1  3    1   0   0   0   0   0   0   0   0   4  32   0   3  24   0   1   1   0   4  30  0.59 0.20
  166 E   -1 -2  1  0 -3  1  2 -2 -2 -3 -3  1 -3 -4 -3 -1  5 -4 -3 -2    4   0   7   3   0   6  18   2   0   0   0   7   0   0   0   0  52   0   0   0  0.67 0.26
  167 K    3  2 -2  0 -3  1  0 -1  0 -3 -3  2 -2 -4 -1  0  0 -4 -3 -2   43  11   0   6   0   5   4   2   2   0   1  17   0   0   1   3   5   0   0   0  0.38 0.18
  168 A    1 -3 -3 -3 -3 -3 -1 -3 -2 -1 -1 -3 -2  5 -4  0 -2  3  4  0   18   0   0   0   0   0   4   1   0   3   2   1   0  38   0   6   1   4  16   5  0.59 0.21
  169 L    3 -3 -4 -4  0 -3 -3 -3 -4  0  4 -3  2 -1 -3 -2 -1 -3 -2  1   33   0   0   0   2   0   0   0   0   0  48   0   6   1   0   0   2   0   1   7  0.53 0.22
  170 R   -2  7 -1 -3 -5  0  0 -4 -1 -5 -4  2 -3 -5 -4 -2 -3 -5 -4 -4    3  79   2   0   0   3   5   0   1   0   0   6   0   0   0   1   0   0   0   0  1.44 0.37
  171 K    0  0 -1  0 -3  2  1  1 -2 -4 -4  1 -3 -4 -2  3  1 -4 -3 -3    6   5   0   3   0  11  11  10   0   0   0   8   0   0   0  38   9   0   0   0  0.40 0.18
  172 M   -2 -4 -4 -5 -3 -4 -4 -5 -4  5  4 -4  3 -1 -4 -3 -1 -4 -3  1    1   0   1   0   0   0   0   0   0  44  42   0   6   0   0   0   3   0   0   3  0.80 0.24
  173 G   -2 -4 -1 -3 -5 -4 -4  7 -4 -6 -6 -3 -5 -5 -4 -2 -4 -5 -5 -5    0   0   2   0   0   0   0  96   0   0   0   1   0   0   0   0   0   0   0   0  1.96 0.41
  174 D   -4 -4 -1  8 -6 -3 -1 -4 -4 -6 -6 -3 -6 -6 -4 -3 -3 -7 -6 -6    0   0   1  99   0   0   0   0   0   0   0   0   0   0   0   0   0   0   0   0  2.25 0.48
  175 R   -1  1  1  2 -3  1  1 -1  2 -3 -3  0 -2 -3  0  0  3 -4 -2 -2    4  11   8  12   0   5  10   5   6   0   0   5   0   0   5   4  24   0   1   2  0.25 0.11
  176 V   -1 -3 -3 -2 -2 -2 -2 -4 -2  0  0 -3  0 -3 -3 -1  4 -3 -3  5    3   0   0   2   0   2   2   0   1   1   4   0   2   0   0   2  29   0   0  50  0.57 0.24
  177 T   -2 -3 -2 -3 -3 -3 -3 -4 -3 -1 -2 -3 -2  5 -4  1  6 -3  0 -2    0   0   0   0   0   0   0   0   0   2   0   0   0  28   0   9  58   0   2   1  0.98 0.33
  178 M   -3  6  0 -1 -5  1  0 -3  2 -4 -3  1  1 -4 -4 -1 -2 -4 -3 -4    0  63   5   3   0   5   5   0   5   0   1   3   5   0   0   3   1   0   0   0  0.98 0.29
  179 S    0 -3 -4 -4 -1 -3 -3 -4 -4  0  4 -3  4 -2  2  0 -2 -3 -3  0   10   0   0   0   1   0   0   0   0   0  54   0  13   0  12   8   1   0   0   2  0.57 0.22
  180 D   -2 -3  0  7 -5 -2  2 -3 -3 -5 -5 -2 -5 -5 -3 -2 -3 -6 -5 -3    3   0   3  75   0   0  15   0   0   0   0   0   0   0   0   1   0   0   0   2  1.46 0.36
  181 R   -3  8 -3 -4 -6  0 -2 -5  1 -5 -5  0 -4 -5 -5 -3 -4 -5 -4 -5    1  94   0   0   0   2   0   0   3   0   0   0   0   0   0   0   0   0   0   0  1.97 0.46
  182 F   -3 -1 -2 -4 -3 -2 -2 -4 -2  2 -1 -1 -1  3 -3 -2  2  8  3  0    0   4   1   0   0   0   2   0   1  13   4   3   1  14   1   0  14  23  13   5  0.67 0.21
  183 E   -3 -3 -3 -1 -6  0  7 -5 -3 -6 -5 -2 -5 -6 -4 -3 -3 -5 -5 -5    0   0   0   0   0   0 100   0   0   0   0   0   0   0   0   0   0   0   0   0  1.99 0.48
  184 T   -3 -4 -3 -3 -4 -2 -3 -4 -4 -3 -2 -3 -3 -5  7 -2  4 -5 -4 -2    0   0   0   0   0   1   0   0   0   0   5   0   0   0  59   0  32   0   0   3  1.57 0.37
  185 E    1 -2 -2  3 -4  0  5 -2 -2 -4 -2 -1 -3 -3 -3 -1  1 -5 -3 -3   11   0   0  16   0   1  56   1   0   0   3   1   0   1   0   1   9   0   0   0  0.78 0.26
  186 L   -3 -4 -6 -6 -3 -4 -5 -6 -5  1  6 -5  1 -2 -5 -5 -3 -4 -3 -1    0   0   0   0   0   0   0   0   0   3  96   0   1   0   0   0   0   0   0   1  1.38 0.36
  187 N   -3 -3  8 -1 -5 -2 -3 -2 -1 -5 -6 -2 -4 -5 -4  1 -1 -6 -4 -4    0   0  87   0   0   0   0   1   1   0   0   0   0   0   0   8   2   0   0   1  1.78 0.44
  188 E   -1  1 -1  1 -3  0  4 -3 -1 -3 -3 -1 -2 -3 -2  2  3 -4 -3 -2    2   7   1   7   0   2  34   0   1   0   0   0   1   1   0  19  23   0   0   2  0.50 0.20
  189 A    5 -3 -1 -2 -2 -3 -3  0 -3 -2 -3 -3 -2 -2 -3 -1  0  4 -3  1   69   0   3   1   0   0   0   4   0   0   0   0   0   1   0   1   4   7   0   9  0.77 0.28
  190 I    0 -1 -1 -2 -2 -1 -1 -3 -1  4  1 -1  0 -2  0 -1  1 -4 -2  2    5   4   2   1   0   1   5   0   2  36   9   4   0   0   4   2  10   0   0  13  0.21 0.12
  191 P   -3 -4 -4 -3 -5 -4 -4 -5 -2 -5 -6 -1 -5 -6  8 -3 -4 -6 -5 -5    0   0   0   1   0   0   0   0   1   0   0   3   0   0  95   0   0   0   0   0  2.77 0.51
  192 G   -2 -4  0  0 -5 -4 -3  7 -3 -6 -6 -2 -5 -5 -4 -2 -3  0 -5 -5    0   0   3   6   0   0   0  87   0   0   0   1   0   0   0   1   0   1   0   0  1.61 0.36
  193 D   -3 -1  0  7 -6 -2  2 -2 -3 -5 -6 -2 -5 -6 -4 -2 -3 -6 -5 -5    1   3   1  82   0   0  10   1   0   0   0   0   0   0   0   1   0   0   0   0  1.65 0.39
  194 I   -1 -2 -1  0 -2 -1  1 -3 -1  1 -1  0 -2 -3  5 -1  1 -4 -3  1    2   1   2   4   1   0  11   0   1  12   4   8   0   0  32   1  12   0   0  10  0.48 0.16
  195 R   -4  8 -3 -4 -6  0 -2 -4  1 -5 -4  0 -3 -5 -4 -2 -1 -5 -4 -5    0  87   0   0   0   3   0   0   4   0   1   1   0   0   0   1   3   0   0   0  1.67 0.41
  196 D   -4 -4 -1  8 -6 -3 -1 -4 -4 -6 -6 -3 -6 -6 -4 -3 -4 -7 -6 -6    0   0   0 100   0   0   0   0   0   0   0   0   0   0   0   0   0   0   0   0  2.28 0.49
  197 T   -2 -4 -2 -4 -3 -3 -3 -4 -4 -3 -4 -3 -3 -5 -4 -1  8 -5 -4 -2    0   0   0   0   0   0   0   0   0   0   0   0   0   0   0   0 100   0   0   0  1.90 0.50
  198 S   -1 -3 -2 -3 -3 -2 -2 -3 -3 -3 -4 -2 -3 -4 -3  5  5 -5 -4 -3    1   0   0   0   0   0   0   0   0   0   0   0   0   0   0  49  50   0   0   0  1.15 0.37
  199 T   -2 -3 -2 -3 -3 -3 -3 -4 -4 -3 -4 -3 -3 -4 -3  2  7 -5 -4 -2    0   0   1   0   0   0   0   0   0   0   0   0   0   0   0  14  85   0   0   0  1.49 0.42
  200 A    0 -5 -4 -4 -5 -4 -4 -4 -5 -5 -5 -3 -5 -6  8 -3 -3 -6 -5 -5   10   0   0   0   0   0   0   0   0   0   0   0   0   0  90   0   0   0   0   0  2.57 0.49
  201 K    2  4 -1  0 -3  1  0 -2  0 -3 -1  2 -2 -4 -3 -1 -2 -4 -3 -3   22  35   1   4   0   4   5   1   3   1   6  15   0   0   0   2   0   0   0   0  0.44 0.18
  202 A    6 -2 -3 -4 -3  0 -2 -1 -4 -4 -4 -3 -3 -4 -3  0 -2 -5 -4 -2   90   1   0   0   0   4   1   1   0   0   0   0   0   0   0   2   0   0   0   0  1.24 0.37
  203 I   -3 -4 -5 -5 -3 -3 -4 -5 -4  3  3 -4  7  1 -5 -4 -3  0 -2  1    0   0   0   0   0   0   0   0   0  17  25   0  47   5   0   0   0   1   0   5  1.02 0.31
  204 A    6 -3 -3 -4 -2 -3 -3  0 -4 -3 -1 -3 -2 -4 -3  0  0 -4 -4 -1   79   0   0   0   0   0   0   7   0   0   6   0   0   0   0   2   4   0   0   2  0.94 0.32
  205 R    1  1  0  1 -2  1  1  0  1 -2 -2  1 -1 -3 -2  0  2 -3 -2 -1   20   6   3   7   0   5  10   6   4   2   3   9   2   1   0   3  19   0   0   1  0.16 0.09
  206 N   -2 -3  3  4 -3 -2 -1 -2 -2 -4 -4 -2 -3 -4 -3  4  2 -5 -4 -3    0   0  14  29   0   0   0   1   0   0   0   0   0   0   0  38  17   0   0   1  0.74 0.26
  207 L   -3 -4 -5 -5 -3 -4 -4 -5 -1  0  5 -4  2  0 -5 -4 -3 -3  3  0    0   0   0   0   0   0   0   0   1   2  76   0   5   3   0   0   0   0  10   3  0.96 0.29
  208 K   -2  5  1 -2 -5  4  0 -1  0 -5 -4  2 -3 -5 -3 -2 -2 -4 -2 -4    2  42   5   1   0  27   2   5   2   0   0  14   0   0   0   0   0   0   1   0  0.83 0.26
  209 D    3  2  1 -1 -3  1  0 -2 -1 -3 -3  2 -2 -4 -2  0  0 -4 -3 -2   39  14   7   1   0   6   5   0   1   0   0  19   0   0   0   2   3   0   0   2  0.40 0.18
  210 F   -3 -4 -5 -5 -3 -4 -4 -5 -3  1  4 -4  0  4 -5 -4 -3 -2  3  0    0   0   0   0   0   0   0   0   0   5  52   0   1  24   0   0   0   0  12   6  0.79 0.24
  211 T    2 -3 -3 -3 -2 -3 -3 -3 -4  0  1 -3  0 -2 -3 -1  4 -4 -3  3   21   0   0   0   0   0   0   0   0   1  11   0   1   1   0   0  36   0   0  28  0.51 0.22
  212 V   -2 -4 -5 -5 -3 -4 -4 -5 -4  1  5 -4  0  0 -4 -4 -1 -3 -3  2    1   0   0   0   0   0   0   0   0   3  77   0   0   3   0   0   3   0   0  13  0.93 0.28
  213 G   -2 -4 -2  1 -5 -3 -1  7 -4 -6 -6 -2 -5 -5 -4 -2 -3 -5 -5 -5    1   0   0   8   0   0   4  86   0   0   0   1   0   0   0   1   0   0   0   0  1.59 0.36
  214 N   -3 -1  4  6 -5 -1  1 -2  1 -5 -5  0 -4 -5 -2  0 -1 -5 -4 -4    0   2  20  52   0   1   5   1   3   0   0   6   0   0   1   7   3   0   0   0  0.90 0.25
  215 A    5 -2 -3 -3 -2 -2 -2  0 -3  0 -1 -2 -1 -2 -3  0  0 -4 -3  2   58   1   0   0   0   0   0   4   0   4   2   2   0   1   0   3   5   0   0  19  0.54 0.23
  216 L   -4 -4 -6 -6 -3 -4 -5 -6 -5  0  6 -5  1 -2 -5 -5 -3 -4 -3 -1    0   0   0   0   0   0   0   0   0   0  99   0   1   0   0   0   0   0   0   0  1.47 0.38
  217 P    2 -1 -1  0 -2 -1 -1  2 -2 -4 -3 -1 -3 -4  5  1  1 -4 -4 -3   17   3   2   5   0   2   1  15   1   0   1   2   0   0  33  12   8   0   0   0  0.62 0.18
  218 H    2 -1 -1  1 -3  0  2 -1 -1 -2 -3 -1 -2 -4  4  0  0 -4 -3 -2   26   2   2   7   0   1  20   3   1   1   1   2   0   0  20   5   7   0   0   2  0.40 0.15
  219 Q    2 -1  0  3 -3  0  2  0  0 -3 -3 -1 -3 -4  2  0  0 -2 -3 -2   23   3   2  20   0   4  13   5   3   0   1   2   0   0  12   4   6   0   0   1  0.33 0.13
  220 K   -2  1 -1  2 -4  4  2 -1 -2 -4 -4  4 -3 -5 -2  1 -2 -4 -3 -3    1   4   0  10   0  25  11   3   0   0   0  31   0   0   1  12   0   0   0   0  0.58 0.21
  221 R   -3  7 -3 -4 -1  1 -2 -4 -2 -5 -3  1 -3 -5 -4 -2 -3 -5 -4 -5    0  84   0   0   2   5   0   0   0   0   2   5   0   0   0   2   0   0   0   0  1.60 0.40
  222 N    3 -1  1  2 -3  1  3 -1 -1 -3 -3  1 -2 -4 -2  0  1 -4 -3 -2   32   2   6  15   0   7  20   1   1   0   0   7   0   0   0   2   8   0   0   0  0.38 0.16
  223 I   -2  2 -2 -3 -4  5 -1 -4 -2  2  1  0  0  1 -3 -2 -2 -3 -2  0    0  13   0   0   0  38   0   0   0  13  19   4   2   6   0   0   1   0   0   6  0.46 0.21
  224 L   -3 -4 -5 -6 -3 -4 -5 -6 -4  0  6 -4  1  1 -5 -4 -3 -3  0 -1    0   0   0   0   0   0   0   0   0   1  91   0   1   4   0   0   0   0   3   0  1.25 0.34
  225 T   -1  0  0 -2 -2  0 -2 -3 -3  2 -1  0  0 -3 -3 -1  3 -2 -3  3    3   5   5   1   0   3   0   0   0  17   1   5   2   0   0   1  31   1   0  25  0.32 0.17
  226 E    1 -1  0  4 -3  0  2  1 -1 -3 -3  0 -3 -4 -2  0  2 -4 -3 -3   14   1   4  34   0   4  12   8   1   0   1   4   0   0   0   4  14   0   0   0  0.43 0.16
  227 W   -4 -5 -6 -7 -5 -2 -6 -5 -5 -3 -2 -6  0 -2 -6 -5 -3 12 -1 -5    1   0   0   0   0   2   0   0   0   1   5   0   3   0   0   0   1  87   0   0  3.57 0.61
  228 M   -3 -4 -5 -6 -3 -3 -5 -5 -4  0  5 -4  7  0 -5 -4 -3 -4 -3 -1    0   0   0   0   0   0   0   0   0   0  60   0  38   2   0   0   0   0   0   0  1.27 0.35
  229 K   -1  3 -2 -2 -2  0 -1 -3 -2  0  0  4 -1 -2 -3 -1  0 -4 -3  0    2  22   0   1   1   3   2   1   0   4  10  36   0   1   0   4   5   0   0  10  0.36 0.17
  230 G    2  2  0 -1 -3 -2 -1  5 -1 -4 -4 -1 -3 -4 -3 -1  0 -4 -4 -3   20  18   4   2   0   0   4  45   1   0   0   0   0   0   0   0   6   0   0   0  0.64 0.21
  231 N   -3 -3  8 -1 -2 -2 -3 -2 -2 -6 -6 -2 -4 -5 -3  1 -2 -6 -4 -5    0   0  88   0   1   0   0   1   0   0   0   0   0   0   1   9   0   0   0   0  1.83 0.45
  232 A    1 -1 -2 -3 -3 -1 -2 -3 -3 -3 -3  1 -1 -4 -2  0  6 -4 -3 -1   11   3   0   0   0   2   1   0   0   0   1  10   1   0   1   1  66   0   0   2  0.85 0.31
  233 T   -2 -4 -2 -3 -3 -3 -3 -4 -4 -3 -3 -3 -3 -4 -4  0  7 -5 -4 -1    0   0   0   0   0   0   0   0   0   0   1   0   0   0   0   1  95   0   0   2  1.71 0.46
  234 G   -2 -4 -1 -3 -5 -4 -4  7 -4 -6 -6 -4 -5 -5 -4 -1 -3 -5 -5 -5    0   0   1   0   0   0   0  93   0   0   0   0   0   0   0   4   1   0   0   0  1.85 0.39
  235 D    2 -2  0  6 -4 -2  0  2 -3 -4 -4 -1 -4 -5 -3  0 -1 -5 -4 -3   19   1   2  51   0   0   1  17   0   0   0   2   0   0   0   4   2   0   0   1  0.79 0.25
  236 K    2  1  0  0 -3  1  2 -1  0 -3 -3  3 -1 -4 -1  0  0 -4 -3 -2   28   5   5   3   0   6  15   2   2   0   0  22   1   0   2   0   7   0   0   0  0.32 0.15
  237 L   -2  5 -2 -3 -2 -1 -2 -4 -3 -2  3 -1 -1 -3 -4  1 -1 -4 -2 -1    1  42   1   0   1   1   0   0   0   0  33   0   0   0   0  13   3   0   1   4  0.56 0.23
  238 I   -3 -5 -5 -5 -3 -5 -5 -6 -5  7  1 -5  0  1 -5 -4 -3 -4 -3  1    0   0   0   0   0   0   0   0   0  80  10   0   1   6   0   0   0   0   0   4  1.26 0.34
  239 R   -4  8 -3 -4 -3  1 -2 -5 -3 -5 -3  1 -4 -5 -4 -3 -3 -5 -4 -5    0  91   0   0   1   4   0   0   0   0   1   3   0   0   0   0   0   0   0   0  1.85 0.44
  240 A    6 -4 -4 -4 -3 -3 -3 -2 -4 -4 -4 -2 -2 -5 -3 -1 -2 -5 -4 -2   97   0   0   0   0   0   0   0   0   0   0   2   0   0   0   0   0   0   0   0  1.47 0.42
  241 G    1 -3 -2 -3 -4 -4 -4  7 -4 -5 -5 -3 -4 -5 -4 -1 -3 -5 -5 -5   10   1   0   0   0   0   0  86   0   0   0   0   0   0   0   2   0   0   0   0  1.63 0.36
  242 V    0 -4 -4 -5 -2 -4 -4 -4 -4  1  3 -4  1 -1 -4 -3 -1 -4 -3  5    7   0   0   0   0   0   0   0   0   2  32   0   1   2   0   0   2   0   0  55  0.73 0.25
  243 P   -3 -4 -5 -4 -6 -3 -4 -5 -5 -5 -6 -4 -5 -6  9 -3 -3 -6 -6 -5    0   1   0   0   0   1   0   0   0   0   0   0   0   0  98   0   1   0   0   0  2.90 0.53
  244 T    3  0 -1  1 -2  0  1 -1 -2 -2 -3  2 -2 -4  0  1  1 -4 -3 -2   33   3   0   8   0   3   9   2   0   2   1  15   0   0   4   8  11   0   0   1  0.28 0.13
  245 D   -1 -3  1  4 -4 -2  0  5  0 -5 -5 -2 -4 -5 -3  0 -1 -5 -4 -4    1   0   5  28   0   0   4  47   3   0   0   1   0   0   0   8   3   0   0   0  0.80 0.23
  246 W   -6 -6 -7 -7 -5 -5 -6 -6 -6 -4 -5 -6 -4 -2 -7 -4 -5 13 -1 -4    0   0   0   0   0   0   0   0   0   1   0   0   0   0   0   1   0  97   0   1  4.26 0.69
  247 V   -1  2 -2 -2 -3  1  1 -3 -2  1 -1  1 -1 -3 -1 -1  1 -4 -3  2    4  14   0   0   0   9  11   0   0  11   2  12   1   0   2   0  13   0   0  22  0.21 0.13
  248 D   -2 -5 -5 -5 -3 -4 -5 -5 -5  2  0 -4 -1 -3 -4 -4 -1 -5 -3  7    1   0   0   0   0   0   0   0   0   5   3   0   0   0   0   0   2   0   0  89  1.31 0.37
  249 A    3 -4 -2 -3 -3 -3 -2  6 -4 -3 -4 -3 -4 -4 -3 -1 -3 -4 -3 -3   30   0   0   0   0   0   3  63   0   2   0   0   0   0   0   1   0   0   1   1  1.10 0.29
  250 D   -4 -4  0  8 -6 -3 -1 -4 -4 -6 -6 -3 -6 -6 -4 -3 -3 -7 -6 -6    0   0   1  99   0   0   0   0   0   0   0   0   0   0   0   0   0   0   0   0  2.24 0.48
  251 K   -3  1 -3 -3 -6 -1 -1 -4 -3 -5 -5  7 -4 -6 -3 -3 -3 -5 -4 -5    0   2   0   0   0   0   0   0   0   0   0  98   0   0   0   0   0   0   0   0  1.84 0.46
  252 S   -2 -3 -2 -3 -3 -3 -3 -4 -4 -3 -4 -3 -3 -4 -3  3  7 -5 -4 -2    0   0   0   0   0   0   0   0   0   0   0   0   0   0   0  18  82   0   0   0  1.45 0.42
  253 G   -2 -5 -3 -4 -5 -4 -4  7 -4 -6 -6 -4 -5 -6 -4 -3 -4 -5 -5 -6    0   0   0   0   0   0   0 100   0   0   0   0   0   0   0   0   0   0   0   0  2.11 0.43
  254 A    3 -2 -1 -2 -2 -1 -2  0 -3 -3 -3 -2 -3 -4 -3  3  4 -4 -3 -2   26   1   1   0   0   1   0   6   0   0   0   0   0   0   0  31  34   0   0   0  0.64 0.25
  255 G    0 -4 -2 -3 -2 -4 -4  7 -4 -5 -6 -4 -5 -5 -3 -2 -4 -5 -5 -4    7   0   1   0   1   0   0  90   0   0   0   0   0   0   0   0   0   0   0   1  1.74 0.38
  256 S    0 -1  0  4 -3 -1  1  1 -2 -3 -3 -1 -2 -2  0  3 -1 -4 -2 -2    7   2   2  29   0   1   7  11   0   0   0   2   0   1   3  28   1   0   1   3  0.41 0.17
  257 Y   -4 -1 -1 -5 -5 -3 -4 -5  2 -4 -3 -3 -3  1 -5 -4 -4  1  9 -4    0   4   4   0   0   1   0   0   3   0   1   1   0   1   0   0   0   1  84   0  2.01 0.46
  258 G    0 -4 -3 -4 -5 -3 -4  7 -4 -6 -6 -4 -5 -5 -4 -2 -4 -5 -5 -5    5   0   0   0   0   1   0  95   0   0   0   0   0   0   0   0   0   0   0   0  1.91 0.40
  259 T   -1  0 -2 -3 -3 -2 -2 -1 -3 -2 -3 -2 -1 -4 -3  1  6 -4 -4 -1    4   5   0   0   0   0   2   3   0   1   0   0   1   0   0  11  72   0   0   3  0.98 0.33
  260 R    2  5 -1 -3 -3 -1 -2 -1 -2 -2 -1 -1 -2 -4 -3 -1  3 -4 -3 -2   18  41   3   0   0   0   0   3   0   1   6   0   0   0   0   2  26   0   0   2  0.57 0.24
  261 N   -3 -3  8 -1 -5 -2 -3 -1 -1 -6 -5 -3 -5 -6 -5 -2 -2 -6 -5 -5    1   0  94   1   0   0   0   3   0   0   0   0   0   0   0   0   0   0   0   0  2.05 0.48
  262 D   -3 -4  0  8 -6 -3 -1 -4 -3 -6 -6 -3 -6 -6 -4 -3 -3 -7 -6 -6    1   0   1  97   0   0   0   0   0   0   0   0   0   0   0   0   1   0   0   0  2.13 0.46
  263 I   -1 -5 -5 -5 -3 -4 -5 -5 -5  6  0 -4  0 -2 -4 -4 -2 -4  0  3    5   0   0   0   0   0   0   0   0  73   1   0   1   0   0   0   0   0   4  17  1.11 0.32
  264 A    6 -4 -3 -4 -3 -3 -3  3 -4 -4 -4 -3 -3 -4 -3 -1 -2 -5 -4 -2   81   0   0   0   0   0   0  19   0   0   0   0   0   0   0   0   0   0   0   0  1.18 0.35
  265 I   -2 -5 -5 -5 -3 -4 -5 -5 -5  4 -1 -4  0 -2 -4 -4 -2 -5 -3  6    0   0   0   0   0   0   0   0   0  26   1   0   1   1   0   0   0   0   0  72  1.18 0.33
  266 V    0 -4 -4 -4 -2 -4 -4 -4 -4  4  2 -4  0 -2 -4 -3 -1 -4 -3  4    8   0   0   0   0   0   0   1   0  36  19   0   0   0   0   0   3   0   0  33  0.63 0.21
  267 W   -5 -1 -6 -7 -5 -5 -6 -5 -5 -4 -4 -5 -2 -1 -6 -5 -4 12  2 -5    0   4   0   0   0   0   0   0   0   1   1   0   1   1   0   0   1  86   5   0  3.58 0.60
  268 P   -3 -2 -4 -4 -5 -2 -3 -4 -4 -4 -4 -3 -5 -6  8 -2  0 -6 -5 -4    0   2   0   0   0   1   0   0   0   1   1   0   0   0  88   2   5   0   0   0  2.39 0.46
  269 P   -1 -3 -3 -1 -5 -2  1 -3 -4 -4 -4  0 -4 -5  7 -1 -1 -5 -5 -3    4   1   0   3   0   1   8   0   0   0   0   6   0   0  69   2   4   0   0   1  1.64 0.35
  270 N   -1  0  4  3 -4  0  0  2  0 -4 -4  0 -3 -4 -3  0 -1 -4 -3 -4    4   3  30  22   0   4   3  17   3   0   0   6   0   0   0   6   2   0   0   0  0.53 0.17
  271 R    0  5 -2 -2 -4 -1 -1  2  2 -5 -4  2 -3 -4 -3  0 -2 -4 -3 -4    6  48   0   0   0   0   1  21   6   0   0  11   0   0   0   5   1   0   0   0  0.75 0.24
  272 S    5 -2 -2  0 -2 -1  0  0 -2 -3 -3  1 -3 -4 -1  0  0 -4 -3 -2   61   1   1   5   0   1   4   5   1   0   0  13   0   0   2   3   3   0   0   1  0.56 0.23
  273 P   -2 -5 -5 -4 -5 -3 -4 -5 -5 -5 -6 -4 -5 -6  9 -3 -4 -6 -6 -5    2   0   0   0   0   0   0   0   0   0   0   0   0   0  98   0   0   0   0   0  2.88 0.52
  274 I   -3 -4 -5 -5 -3 -4 -5 -5 -5  6  3 -4  0 -1 -4 -4 -2 -2 -1  2    0   0   0   0   0   0   0   0   0  59  28   0   0   2   0   0   0   0   2   8  0.91 0.26
  275 I   -2 -4 -5 -5 -3 -4 -4 -5 -5  4  0 -4 -1 -1 -4 -4 -2 -4 -3  6    1   0   0   0   0   0   0   0   0  22   6   0   0   2   0   0   0   0   0  69  1.03 0.30
  276 I   -1 -4 -5 -5 -2 -3 -4 -5 -4  4  4 -4  2  0 -4 -3 -2 -3 -2  2    5   0   0   0   0   0   0   0   0  25  50   0   6   1   0   0   0   0   0  13  0.67 0.21
  277 A    5 -3 -2 -3 -1 -3 -3 -2 -3 -1 -3 -2 -2 -4 -3  1  1 -4 -3  2   64   0   1   0   0   0   0   0   0   1   0   0   0   0   0   9   8   0   0  16  0.72 0.27
  278 I    0 -4 -4 -4 -2 -4 -4 -4 -4  4  0 -4 -1 -2 -4 -2  1 -4 -3  5    6   0   0   0   0   0   0   0   0  32   3   0   0   0   0   1  10   0   0  48  0.73 0.24
  279 L   -3 -4 -4 -5 -4 -2 -4 -5 -2 -1  3 -4  5  1 -5 -4 -3 -1  7 -2    0   0   0   0   0   1   0   0   0   0  37   0  16   2   0   0   0   0  44   0  1.08 0.32
  280 S   -1 -3 -2 -3 -3 -2 -2 -3 -2 -1  0 -2 -2  3 -3  4  3 -3  1 -1    0   0   0   0   0   0   0   0   1   3  10   0   0  17   0  45  18   0   5   1  0.50 0.23
  281 S    0 -1  2  1 -3 -2 -1 -1  1 -3 -3 -1 -3 -4 -3  3  5 -4 -2 -2    4   3  10   6   0   0   1   2   4   0   0   1   0   0   0  22  45   0   1   1  0.56 0.23
  282 K   -2  5 -2 -2 -5  4  1 -1  2 -4 -3  3 -1 -3 -2 -2 -2 -2 -3 -4    1  34   0   0   0  24   6   6   5   0   0  18   2   1   1   0   1   0   0   0  0.67 0.23
  283 D    1 -1  0  3 -3 -1  0 -1  0 -3 -3 -1 -3 -1  4  0  1 -4 -2 -3   17   3   3  21   0   2   6   3   3   0   0   2   0   4  19   5  11   0   1   0  0.37 0.14
  284 E    1  1  0  1 -3  2  2 -1 -2 -3 -3  1 -2 -4 -2  0  2 -4 -3 -2   11   6   3   9   0  11  17   5   0   0   0  10   0   0   1   4  22   0   0   2  0.30 0.13
  285 K    1  1 -2 -2 -4  3  1 -2 -2 -3 -3  4 -2 -3  2 -1 -1 -4 -1 -1   16   5   0   1   0  15  10   1   0   0   0  35   0   1   9   0   2   0   2   5  0.43 0.18
  286 E   -2 -2  2  6 -5 -1  2 -2 -1 -5 -5 -1 -4 -5  1  0 -1 -5 -4 -4    3   1   8  59   0   1  11   2   1   0   0   2   0   0   6   4   2   0   0   0  0.94 0.26
  287 A    6 -2 -3  0 -2 -2 -2 -2 -3 -3 -3 -2  0 -4 -3  0 -1 -5 -4 -1   82   2   0   6   0   0   1   1   0   0   0   1   2   0   0   3   1   0   0   2  0.99 0.33
  288 T    0  0 -1  2 -4  0  3 -2 -1 -4 -4  3 -3 -4  1  0  1 -4 -3 -2    8   1   2   9   0   2  29   1   0   0   0  28   0   0   7   3   9   0   0   1  0.47 0.18
  289 Y    1  0 -2 -3 -3 -1 -1 -1  2 -2 -2 -1 -2  0  2  0 -1  3  5 -2   14   4   0   0   0   2   4   4   7   1   1   2   1   2  12   7   3   4  31   2  0.42 0.18
  290 D   -2  4  1  5 -2  1  0 -2  0 -3 -2  0 -3 -4 -3  0 -2 -5 -4 -4    1  27   7  40   1   5   1   1   2   1   3   3   0   0   0   6   0   0   0   0  0.66 0.22
  291 N   -3  1  5  5 -5 -1  1 -3 -1 -5 -5  0 -4 -5 -2 -1 -2 -5 -4 -5    0   8  36  39   0   1   5   0   1   0   0   6   0   0   1   2   0   0   0   0  0.95 0.27
  292 Q    2  0 -1  3 -3  1  2 -1 -2 -4 -4  2 -3 -4  1 -1 -1 -4 -3 -2   29   5   0  24   0   4  11   2   0   0   0  16   0   0   7   0   1   0   0   1  0.43 0.18
  293 L   -1 -4 -5 -5 -3 -4 -4 -5 -4  2  4 -4  0 -2 -4 -3  0 -4 -3  4    3   0   0   0   0   0   0   0   0   5  55   0   0   0   0   0   4   0   0  33  0.74 0.24
  294 I   -3 -4 -5 -5 -3 -4 -4 -5  0  5  3 -4  1  1 -4 -4 -2 -4 -2  2    0   0   0   0   0   0   0   0   3  49  30   0   1   4   0   0   0   0   0  13  0.78 0.24
  295 K    6 -3 -4 -4 -3 -3 -1 -2 -4 -3 -4 -2 -3 -4 -3 -1 -2 -5 -4 -2   93   0   0   0   0   0   2   0   0   0   0   1   0   0   0   1   1   0   0   1  1.31 0.38
  296 E    1  0 -1  2 -4  1  5 -1 -2 -4 -4  1 -3 -4 -2  1 -2 -4 -3 -3   14   5   1  13   0   5  44   3   0   0   0   5   0   0   0  10   0   0   0   0  0.59 0.20
  297 A    5 -3 -3 -4 -2 -3 -3 -2 -4 -1 -3 -3 -2 -4 -3  0  0 -4 -3  2   75   0   0   0   0   0   0   0   0   2   0   0   1   0   0   1   5   0   0  15  0.91 0.31
  298 A    4 -3 -2 -3 -2 -2 -3  2 -3 -3 -3 -2 -3 -4 -3  1  4 -4 -3 -2   51   0   0   0   0   0   0  14   0   0   0   0   0   0   0   6  29   0   0   0  0.72 0.26
  299 E   -1  5 -2 -2 -4  0  2 -3 -1 -4 -3  4 -2 -4 -3  0 -1 -4 -3 -4    3  40   0   1   0   1  14   0   0   0   1  33   1   0   0   4   2   0   0   0  0.80 0.25
  300 V   -1 -1 -4 -4  0 -2 -3 -4 -4  4  1 -3  2 -2 -4 -3 -2 -4 -1  3    4   3   0   0   2   2   1   0   0  40  13   0   4   0   0   0   0   0   2  29  0.54 0.19
  301 V    1 -4 -4 -4 -2 -3 -3 -4 -4  2  0 -3  0 -2 -4 -2  0 -4 -3  5   16   0   0   0   0   0   1   0   0  12   5   0   1   0   0   0   4   0   0  61  0.71 0.25
  302 I    2 -3 -3 -4 -2 -3 -3 -2 -3  1  2 -3  0  0 -3 -1  1 -3 -2  3   24   0   0   0   0   0   0   1   0   8  21   0   2   3   0   1  11   0   0  28  0.32 0.15
  303 D    0  1  1  3 -4  1  3 -1  0 -4 -4  1 -3 -4 -2  0  0 -4 -3 -3   10   8   8  22   0   6  23   3   3   0   0   8   0   0   0   5   5   0   0   0  0.40 0.13
  304 A    3 -2 -1 -1 -2  0 -1  1  0 -2 -2 -1  1 -2 -2  0  1 -3 -1  0   42   1   1   3   0   3   3  13   3   0   3   2   5   1   0   4  10   0   2   5  0.26 0.14
  305 I   -3 -4 -5 -5 -3 -4 -5 -5 -4  1  5 -4  0  4 -5 -4 -3 -3 -1  1    0   0   0   0   0   0   0   0   0   6  69   0   0  18   0   0   0   0   0   7  0.89 0.25
  306 K   -2  5 -1 -2 -4  2  1 -3 -1 -4 -3  5 -2 -4 -2 -1 -2 -4 -3 -3    0  37   0   0   0   9   6   0   0   0   0  47   0   0   0   0   0   0   0   0  0.77 0.14

                      K         Lambda
Standard Ungapped    0.1311     0.3139
Standard Gapped      0.0537     0.2670
PSI Ungapped         0.1758     0.3135
PSI Gapped           0.0537     0.2670
