
Last position-specific scoring matrix computed, weighted observed percentages rounded down, information per position, and relative weight of gapless real matches to pseudocounts
           A  R  N  D  C  Q  E  G  H  I  L  K  M  F  P  S  T  W  Y  V   A   R   N   D   C   Q   E   G   H   I   L   K   M   F   P   S   T   W   Y   V
    1 M   -1 -1 -2 -3 -2  0 -2 -3 -2  1  2 -1  6  0 -3 -2 -1 -2 -1  1    0   0   0   0   0   0   0   0   0   0   0   0 100   0   0   0   0   0   0   0  0.33 0.00
    2 E   -1  0  0  2 -4  2  5 -2  0 -3 -3  1 -2 -3 -1  0 -1 -3 -2 -3    0   0   0   0   0   0 100   0   0   0   0   0   0   0   0   0   0   0   0   0  0.73 0.00
    3 K   -1  2  0 -1 -3  1  1 -2 -1 -3 -3  5 -1 -3 -1  0 -1 -3 -2 -2    0   0   0   0   0   0   0   0   0   0   0 100   0   0   0   0   0   0   0   0  0.51 0.00
    4 V    0 -3 -3 -3 -1 -2 -3 -3 -3  3  1 -2  1 -1 -3 -2  0 -3 -1  4    0   0   0   0   0   0   0   0   0   0   0   0   0   0   0   0   0   0   0 100  0.34 0.00
    5 L   -2 -2 -4 -4 -1 -2 -3 -4 -3  2  4 -3  2  0 -3 -3 -1 -2 -1  1    0   0   0   0   0   0   0   0   0   0 100   0   0   0   0   0   0   0   0   0  0.45 0.00
    6 I   -1 -3 -3 -3 -1 -3 -3 -4 -4  4  2 -3  1  0 -3 -3 -1 -3 -1  3    0   0   0   0   0   0   0   0   0 100   0   0   0   0   0   0   0   0   0   0  0.38 0.00
    7 W   -3 -3 -4 -5 -3 -2 -3 -3 -3 -3 -2 -3 -2  1 -4 -3 -3 11  2 -3    0   0   0   0   0   0   0   0   0   0   0   0   0   0   0   0   0 100   0   0  2.29 0.00
    8 F   -2 -3 -3 -4 -3 -3 -3 -3 -1  0  0 -3  0  7 -4 -3 -2  1  3 -1    0   0   0   0   0   0   0   0   0   0   0   0   0 100   0   0   0   0   0   0  0.73 0.00
    9 C    0 -4 -3 -4  9 -3 -4 -3 -3 -1 -1 -3 -2 -3 -3 -1 -1 -3 -3 -1    0   0   0   0 100   0   0   0   0   0   0   0   0   0   0   0   0   0   0   0  1.19 0.00
   10 G    0 -3  0 -1 -3 -2 -2  6 -2 -4 -4 -2 -3 -3 -2  0 -2 -3 -3 -3    0   0   0   0   0   0   0 100   0   0   0   0   0   0   0   0   0   0   0   0  1.04 0.00
   11 T    0 -1  0 -1 -1 -1 -1 -2 -2 -1 -1 -1 -1 -2 -1  1  5 -3 -2  0    0   0   0   0   0   0   0   0   0   0   0   0   0   0   0   0 100   0   0   0  0.46 0.00
   12 G    0 -3  0 -1 -3 -2 -2  6 -2 -4 -4 -2 -3 -3 -2  0 -2 -3 -3 -3    0   0   0   0   0   0   0 100   0   0   0   0   0   0   0   0   0   0   0   0  1.04 0.00
   13 T    0 -1  0 -1 -1 -1 -1 -2 -2 -1 -1 -1 -1 -2 -1  1  5 -3 -2  0    0   0   0   0   0   0   0   0   0   0   0   0   0   0   0   0 100   0   0   0  0.46 0.00
   14 T    0 -1  0 -1 -1 -1 -1 -2 -2 -1 -1 -1 -1 -2 -1  1  5 -3 -2  0    0   0   0   0   0   0   0   0   0   0   0   0   0   0   0   0 100   0   0   0  0.46 0.00
   15 K   -1  2  0 -1 -3  1  1 -2 -1 -3 -3  5 -1 -3 -1  0 -1 -3 -2 -2    0   0   0   0   0   0   0   0   0   0   0 100   0   0   0   0   0   0   0   0  0.51 0.00
   16 Q   -1  1  0  0 -3  6  2 -2  0 -3 -2  1  0 -3 -1  0 -1 -2 -2 -2    0   0   0   0   0 100   0   0   0   0   0   0   0   0   0   0   0   0   0   0  0.64 0.00
   17 D   -2 -2  1  6 -4  0  2 -1 -1 -3 -4 -1 -3 -4 -2  0 -1 -5 -3 -3    0   0   0 100   0   0   0   0   0   0   0   0   0   0   0   0   0   0   0   0  0.92 0.00
   18 F   -2 -3 -3 -4 -3 -3 -3 -3 -1  0  0 -3  0  7 -4 -3 -2  1  3 -1    0   0   0   0   0   0   0   0   0   0   0   0   0 100   0   0   0   0   0   0  0.73 0.00
   19 L   -2 -2 -4 -4 -1 -2 -3 -4 -3  2  4 -3  2  0 -3 -3 -1 -2 -1  1    0   0   0   0   0   0   0   0   0   0 100   0   0   0   0   0   0   0   0   0  0.45 0.00
   20 A    4 -2 -2 -2  0 -1 -1  0 -2 -1 -2 -1 -1 -2 -1  1  0 -3 -2  0  100   0   0   0   0   0   0   0   0   0   0   0   0   0   0   0   0   0   0   0  0.40 0.00
   21 N   -2  0  6  1 -3  0  0  0  1 -3 -4  0 -2 -3 -2  1  0 -4 -2 -3    0   0 100   0   0   0   0   0   0   0   0   0   0   0   0   0   0   0   0   0  0.72 0.00
   22 V    0 -3 -3 -3 -1 -2 -3 -3 -3  3  1 -2  1 -1 -3 -2  0 -3 -1  4    0   0   0   0   0   0   0   0   0   0   0   0   0   0   0   0   0   0   0 100  0.34 0.00
   23 E   -1  0  0  2 -4  2  5 -2  0 -3 -3  1 -2 -3 -1  0 -1 -3 -2 -3    0   0   0   0   0   0 100   0   0   0   0   0   0   0   0   0   0   0   0   0  0.73 0.00
   24 I   -1 -3 -3 -3 -1 -3 -3 -4 -4  4  2 -3  1  0 -3 -3 -1 -3 -1  3    0   0   0   0   0   0   0   0   0 100   0   0   0   0   0   0   0   0   0   0  0.38 0.00
   25 S    1 -1  1  0 -1  0  0  0 -1 -3 -3  0 -2 -3 -1  4  1 -3 -2 -2    0   0   0   0   0   0   0   0   0   0   0   0   0   0   0 100   0   0   0   0  0.45 0.00
   26 G    0 -3  0 -1 -3 -2 -2  6 -2 -4 -4 -2 -3 -3 -2  0 -2 -3 -3 -3    0   0   0   0   0   0   0 100   0   0   0   0   0   0   0   0   0   0   0   0  1.04 0.00
   27 F   -2 -3 -3 -4 -3 -3 -3 -3 -1  0  0 -3  0  7 -4 -3 -2  1  3 -1    0   0   0   0   0   0   0   0   0   0   0   0   0 100   0   0   0   0   0   0  0.73 0.00
   28 S    1 -1  1  0 -1  0  0  0 -1 -3 -3  0 -2 -3 -1  4  1 -3 -2 -2    0   0   0   0   0   0   0   0   0   0   0   0   0   0   0 100   0   0   0   0  0.45 0.00
   29 A    4 -2 -2 -2  0 -1 -1  0 -2 -1 -2 -1 -1 -2 -1  1  0 -3 -2  0  100   0   0   0   0   0   0   0   0   0   0   0   0   0   0   0   0   0   0   0  0.40 0.00
   30 I   -1 -3 -3 -3 -1 -3 -3 -4 -3  4  1 -3  1  0 -3 -2 -1 -3 -1  3    0   0   0   0   0   0   0   0   0  67   0   0   0   0   0   0   0   0   0  33  0.35 0.00
   31 V    0 -3 -3 -3 -1 -2 -3 -3 -3  3  1 -2  1 -1 -3 -2  0 -3 -1  4    0   0   0   0   0   0   0   0   0   0   0   0   0   0   0   0   0   0   0 100  0.34 0.00
   32 A    4 -2 -2 -2  0 -1 -1  0 -2 -1 -2 -1 -1 -2 -1  1  0 -3 -2  0  100   0   0   0   0   0   0   0   0   0   0   0   0   0   0   0   0   0   0   0  0.40 0.00
   33 I   -1 -3 -3 -3 -1 -3 -3 -4 -4  4  2 -3  1  0 -3 -3 -1 -3 -1  3    0   0   0   0   0   0   0   0   0 100   0   0   0   0   0   0   0   0   0   0  0.38 0.00
   34 D   -2 -2  1  6 -4  0  2 -1 -1 -3 -4 -1 -3 -4 -2  0 -1 -5 -3 -3    0   0   0 100   0   0   0   0   0   0   0   0   0   0   0   0   0   0   0   0  0.92 0.00
   35 G    0 -3  0 -1 -3 -2 -2  6 -2 -4 -4 -2 -3 -3 -2  0 -2 -3 -3 -3    0   0   0   0   0   0   0 100   0   0   0   0   0   0   0   0   0   0   0   0  1.04 0.00
   36 I   -1 -3 -3 -3 -1 -3 -3 -4 -4  4  2 -3  1  0 -3 -3 -1 -3 -1  3    0   0   0   0   0   0   0   0   0 100   0   0   0   0   0   0   0   0   0   0  0.38 0.00
   37 G    0 -3  0 -1 -3 -2 -2  6 -2 -4 -4 -2 -3 -3 -2  0 -2 -3 -3 -3    0   0   0   0   0   0   0 100   0   0   0   0   0   0   0   0   0   0   0   0  1.04 0.00
   38 T    0 -1  0 -1 -1 -1 -1 -2 -2 -1 -1 -1 -1 -2 -1  1  5 -3 -2  0    0   0   0   0   0   0   0   0   0   0   0   0   0   0   0   0 100   0   0   0  0.46 0.00
   39 A    4 -2 -2 -2  0 -1 -1  0 -2 -1 -2 -1 -1 -2 -1  1  0 -3 -2  0  100   0   0   0   0   0   0   0   0   0   0   0   0   0   0   0   0   0   0   0  0.40 0.00
   40 A    4 -2 -2 -2  0 -1 -1  0 -2 -1 -2 -1 -1 -2 -1  1  0 -3 -2  0  100   0   0   0   0   0   0   0   0   0   0   0   0   0   0   0   0   0   0   0  0.40 0.00
   41 M   -1 -1 -2 -3 -2  0 -2 -3 -2  1  2 -1  6  0 -3 -2 -1 -2 -1  1    0   0   0   0   0   0   0   0   0   0   0   0 100   0   0   0   0   0   0   0  0.33 0.00
   42 L   -2 -2 -4 -4 -1 -2 -3 -4 -3  2  4 -3  2  0 -3 -3 -1 -2 -1  1    0   0   0   0   0   0   0   0   0   0 100   0   0   0   0   0   0   0   0   0  0.45 0.00
   43 T    0 -1  0 -1 -1 -1 -1 -2 -2 -1 -1 -1 -1 -2 -1  1  5 -3 -2  0    0   0   0   0   0   0   0   0   0   0   0   0   0   0   0   0 100   0   0   0  0.46 0.00
   44 K   -1  2  0 -1 -3  1  1 -2 -1 -3 -3  5 -1 -3 -1  0 -1 -3 -2 -2    0   0   0   0   0   0   0   0   0   0   0 100   0   0   0   0   0   0   0   0  0.51 0.00
   45 T    0 -1  0 -1 -1 -1 -1 -2 -2 -1 -1 -1 -1 -2 -1  1  5 -3 -2  0    0   0   0   0   0   0   0   0   0   0   0   0   0   0   0   0 100   0   0   0  0.46 0.00
   46 Q   -1  1  0  0 -3  6  2 -2  0 -3 -2  1  0 -3 -1  0 -1 -2 -2 -2    0   0   0   0   0 100   0   0   0   0   0   0   0   0   0   0   0   0   0   0  0.64 0.00
   47 A    4 -2 -2 -2  0 -1 -1  0 -2 -1 -2 -1 -1 -2 -1  1  0 -3 -2  0  100   0   0   0   0   0   0   0   0   0   0   0   0   0   0   0   0   0   0   0  0.40 0.00
   48 L   -2 -2 -4 -4 -1 -2 -3 -4 -3  2  4 -3  2  0 -3 -3 -1 -2 -1  1    0   0   0   0   0   0   0   0   0   0 100   0   0   0   0   0   0   0   0   0  0.45 0.00
   49 A    4 -2 -2 -2  0 -1 -1  0 -2 -1 -2 -1 -1 -2 -1  1  0 -3 -2  0  100   0   0   0   0   0   0   0   0   0   0   0   0   0   0   0   0   0   0   0  0.40 0.00
   50 K   -1  2  0 -1 -3  1  1 -2 -1 -3 -3  5 -1 -3 -1  0 -1 -3 -2 -2    0   0   0   0   0   0   0   0   0   0   0 100   0   0   0   0   0   0   0   0  0.51 0.00
   51 R   -2  6  0 -2 -4  1  0 -3  0 -3 -2  2 -1 -3 -2 -1 -1 -3 -2 -3    0 100   0   0   0   0   0   0   0   0   0   0   0   0   0   0   0   0   0   0  0.74 0.00
   52 A    4 -2 -2 -2  0 -1 -1  0 -2 -1 -2 -1 -1 -2 -1  1  0 -3 -2  0  100   0   0   0   0   0   0   0   0   0   0   0   0   0   0   0   0   0   0   0  0.40 0.00
   53 N    1 -1  4  0 -1  0  0  0  0 -3 -3  0 -2 -3 -1  3  1 -3 -2 -2    0   0  33   0   0   0   0   0   0   0   0   0   0   0   0  67   0   0   0   0  0.42 0.00
   54 W   -3 -3 -4 -5 -3 -2 -3 -3 -3 -3 -2 -3 -2  1 -4 -3 -3 11  2 -3    0   0   0   0   0   0   0   0   0   0   0   0   0   0   0   0   0 100   0   0  2.29 0.00
   55 G    0 -3  0 -1 -3 -2 -2  6 -2 -4 -4 -2 -3 -3 -2  0 -2 -3 -3 -3    0   0   0   0   0   0   0 100   0   0   0   0   0   0   0   0   0   0   0   0  1.04 0.00
   56 G    0 -3  0 -1 -3 -2 -2  6 -2 -4 -4 -2 -3 -3 -2  0 -2 -3 -3 -3    0   0   0   0   0   0   0 100   0   0   0   0   0   0   0   0   0   0   0   0  1.04 0.00
   57 S    1 -1  1  0 -1  0  0  0 -1 -3 -3  0 -2 -3 -1  4  1 -3 -2 -2    0   0   0   0   0   0   0   0   0   0   0   0   0   0   0 100   0   0   0   0  0.45 0.00
   58 F   -2 -3 -3 -4 -3 -3 -3 -3 -1  0  0 -3  0  7 -4 -3 -2  1  3 -1    0   0   0   0   0   0   0   0   0   0   0   0   0 100   0   0   0   0   0   0  0.73 0.00
   59 V    0 -3 -3 -3 -1 -2 -3 -3 -3  3  1 -2  1 -1 -3 -2  0 -3 -1  4    0   0   0   0   0   0   0   0   0   0   0   0   0   0   0   0   0   0   0 100  0.34 0.00
   60 D   -2 -1  4  5 -3  0  1 -1  0 -3 -4 -1 -3 -4 -2  0 -1 -4 -3 -3    0   0  33  67   0   0   0   0   0   0   0   0   0   0   0   0   0   0   0   0  0.72 0.00
   61 M   -1 -1 -2 -3 -2  0 -2 -3 -2  1  2 -1  6  0 -3 -2 -1 -2 -1  1    0   0   0   0   0   0   0   0   0   0   0   0 100   0   0   0   0   0   0   0  0.33 0.00
   62 S    1 -1  1  0 -1  0  0  0 -1 -3 -3  0 -2 -3 -1  4  1 -3 -2 -2    0   0   0   0   0   0   0   0   0   0   0   0   0   0   0 100   0   0   0   0  0.45 0.00
   63 E   -1  0  0  2 -4  2  5 -2  0 -3 -3  1 -2 -3 -1  0 -1 -3 -2 -3    0   0   0   0   0   0 100   0   0   0   0   0   0   0   0   0   0   0   0   0  0.73 0.00
   64 T    0 -1  0 -1 -1 -1 -1 -2 -2 -1 -1 -1 -1 -2 -1  1  5 -3 -2  0    0   0   0   0   0   0   0   0   0   0   0   0   0   0   0   0 100   0   0   0  0.46 0.00
   65 L   -2 -2 -4 -4 -1 -2 -3 -4 -3  2  4 -3  2  0 -3 -3 -1 -2 -1  1    0   0   0   0   0   0   0   0   0   0 100   0   0   0   0   0   0   0   0   0  0.45 0.00
   66 G    0 -3  0 -1 -3 -2 -2  6 -2 -4 -4 -2 -3 -3 -2  0 -2 -3 -3 -3    0   0   0   0   0   0   0 100   0   0   0   0   0   0   0   0   0   0   0   0  1.04 0.00
   67 V    0 -3 -3 -3 -1 -2 -3 -3 -3  3  1 -2  1 -1 -3 -2  0 -3 -1  4    0   0   0   0   0   0   0   0   0   0   0   0   0   0   0   0   0   0   0 100  0.34 0.00
   68 L   -2 -2 -4 -4 -1 -2 -3 -4 -3  2  4 -3  2  0 -3 -3 -1 -2 -1  1    0   0   0   0   0   0   0   0   0   0 100   0   0   0   0   0   0   0   0   0  0.45 0.00
   69 Y   -2 -2 -2 -3 -3 -2 -2 -3  2 -1 -1 -2 -1  3 -3 -2 -2  2  7 -1    0   0   0   0   0   0   0   0   0   0   0   0   0   0   0   0   0   0 100   0  0.85 0.00
   70 D   -2 -2  1  6 -4  0  2 -1 -1 -3 -4 -1 -3 -4 -2  0 -1 -5 -3 -3    0   0   0 100   0   0   0   0   0   0   0   0   0   0   0   0   0   0   0   0  0.92 0.00
   71 Q   -1  1  0  0 -3  6  2 -2  0 -3 -2  1  0 -3 -1  0 -1 -2 -2 -2    0   0   0   0   0 100   0   0   0   0   0   0   0   0   0   0   0   0   0   0  0.64 0.00
   72 V    0 -3 -3 -3 -1 -2 -3 -3 -3  3  1 -2  1 -1 -3 -2  0 -3 -1  4    0   0   0   0   0   0   0   0   0   0   0   0   0   0   0   0   0   0   0 100  0.34 0.00
   73 N   -2  0  6  1 -3  0  0  0  1 -3 -4  0 -2 -3 -2  1  0 -4 -2 -3    0   0 100   0   0   0   0   0   0   0   0   0   0   0   0   0   0   0   0   0  0.72 0.00
   74 G    0 -3  0 -1 -3 -2 -2  6 -2 -4 -4 -2 -3 -3 -2  0 -2 -3 -3 -3    0   0   0   0   0   0   0 100   0   0   0   0   0   0   0   0   0   0   0   0  1.04 0.00
   75 Y   -2 -2 -2 -3 -3 -2 -2 -3  2 -1 -1 -2 -1  3 -3 -2 -2  2  7 -1    0   0   0   0   0   0   0   0   0   0   0   0   0   0   0   0   0   0 100   0  0.85 0.00
   76 D   -2 -2  1  6 -4  0  2 -1 -1 -3 -4 -1 -3 -4 -2  0 -1 -5 -3 -3    0   0   0 100   0   0   0   0   0   0   0   0   0   0   0   0   0   0   0   0  0.92 0.00
   77 D   -2 -2  1  6 -4  0  2 -1 -1 -3 -4 -1 -3 -4 -2  0 -1 -5 -3 -3    0   0   0 100   0   0   0   0   0   0   0   0   0   0   0   0   0   0   0   0  0.92 0.00
   78 R   -2  6  0 -2 -4  1  0 -3  0 -3 -2  2 -1 -3 -2 -1 -1 -3 -2 -3    0 100   0   0   0   0   0   0   0   0   0   0   0   0   0   0   0   0   0   0  0.74 0.00
   79 A    4 -2 -2 -2  0 -1 -1  0 -2 -1 -2 -1 -1 -2 -1  1  0 -3 -2  0  100   0   0   0   0   0   0   0   0   0   0   0   0   0   0   0   0   0   0   0  0.40 0.00
   80 G    0 -3  0 -1 -3 -2 -2  6 -2 -4 -4 -2 -3 -3 -2  0 -2 -3 -3 -3    0   0   0   0   0   0   0 100   0   0   0   0   0   0   0   0   0   0   0   0  1.04 0.00
   81 V    0 -3 -3 -3 -1 -2 -3 -3 -3  3  1 -2  1 -1 -3 -2  0 -3 -1  4    0   0   0   0   0   0   0   0   0   0   0   0   0   0   0   0   0   0   0 100  0.34 0.00
   82 V    0 -3 -3 -3 -1 -2 -3 -3 -3  3  1 -2  1 -1 -3 -2  0 -3 -1  4    0   0   0   0   0   0   0   0   0   0   0   0   0   0   0   0   0   0   0 100  0.34 0.00
   83 T    0 -1  0 -1 -1 -1 -1 -2 -2 -1 -1 -1 -1 -2 -1  1  5 -3 -2  0    0   0   0   0   0   0   0   0   0   0   0   0   0   0   0   0 100   0   0   0  0.46 0.00
   84 L   -2 -2 -4 -4 -1 -2 -3 -4 -3  2  4 -3  2  0 -3 -3 -1 -2 -1  1    0   0   0   0   0   0   0   0   0   0 100   0   0   0   0   0   0   0   0   0  0.45 0.00
   85 D   -2 -2  1  6 -4  0  2 -1 -1 -3 -4 -1 -3 -4 -2  0 -1 -5 -3 -3    0   0   0 100   0   0   0   0   0   0   0   0   0   0   0   0   0   0   0   0  0.92 0.00
   86 S    1 -1  1  0 -1  0  0  0 -1 -3 -3  0 -2 -3 -1  4  1 -3 -2 -2    0   0   0   0   0   0   0   0   0   0   0   0   0   0   0 100   0   0   0   0  0.45 0.00
   87 L   -2 -2 -4 -4 -1 -2 -3 -4 -3  2  4 -3  2  0 -3 -3 -1 -2 -1  1    0   0   0   0   0   0   0   0   0   0 100   0   0   0   0   0   0   0   0   0  0.45 0.00
   88 F   -2 -3 -3 -4 -3 -3 -3 -3 -1  0  0 -3  0  7 -4 -3 -2  1  3 -1    0   0   0   0   0   0   0   0   0   0   0   0   0 100   0   0   0   0   0   0  0.73 0.00
   89 P   -1 -2 -2 -2 -3 -1 -1 -2 -2 -3 -3 -1 -3 -4  8 -1 -1 -4 -3 -3    0   0   0   0   0   0   0   0   0   0   0   0   0   0 100   0   0   0   0   0  2.03 0.00
   90 L   -2 -2 -4 -4 -1 -2 -3 -4 -3  2  4 -3  2  0 -3 -3 -1 -2 -1  1    0   0   0   0   0   0   0   0   0   0 100   0   0   0   0   0   0   0   0   0  0.45 0.00
   91 V    0 -3 -3 -3 -1 -2 -3 -3 -3  3  1 -2  1 -1 -3 -2  0 -3 -1  4    0   0   0   0   0   0   0   0   0   0   0   0   0   0   0   0   0   0   0 100  0.34 0.00
   92 D   -2 -2  1  6 -4  0  2 -1 -1 -3 -4 -1 -3 -4 -2  0 -1 -5 -3 -3    0   0   0 100   0   0   0   0   0   0   0   0   0   0   0   0   0   0   0   0  0.92 0.00
   93 Y   -2 -2 -2 -3 -3 -2 -2 -3  2 -1 -1 -2 -1  3 -3 -2 -2  2  7 -1    0   0   0   0   0   0   0   0   0   0   0   0   0   0   0   0   0   0 100   0  0.85 0.00
   94 L   -2 -2 -4 -4 -1 -2 -3 -4 -3  2  4 -3  2  0 -3 -3 -1 -2 -1  1    0   0   0   0   0   0   0   0   0   0 100   0   0   0   0   0   0   0   0   0  0.45 0.00
   95 K   -1  2  0 -1 -3  1  1 -2 -1 -3 -3  5 -1 -3 -1  0 -1 -3 -2 -2    0   0   0   0   0   0   0   0   0   0   0 100   0   0   0   0   0   0   0   0  0.51 0.00
   96 T    0 -1  0 -1 -1 -1 -1 -2 -2 -1 -1 -1 -1 -2 -1  1  5 -3 -2  0    0   0   0   0   0   0   0   0   0   0   0   0   0   0   0   0 100   0   0   0  0.46 0.00
   97 L   -2 -2 -4 -4 -1 -2 -3 -4 -3  2  4 -3  2  0 -3 -3 -1 -2 -1  1    0   0   0   0   0   0   0   0   0   0 100   0   0   0   0   0   0   0   0   0  0.45 0.00
   98 K   -1  2  0 -1 -3  1  1 -2 -1 -3 -3  5 -1 -3 -1  0 -1 -3 -2 -2    0   0   0   0   0   0   0   0   0   0   0 100   0   0   0   0   0   0   0   0  0.51 0.00
   99 E   -1  0  0  2 -4  2  5 -2  0 -3 -3  1 -2 -3 -1  0 -1 -3 -2 -3    0   0   0   0   0   0 100   0   0   0   0   0   0   0   0   0   0   0   0   0  0.73 0.00
  100 Y   -2 -2 -2 -3 -3 -2 -2 -3  2 -1 -1 -2 -1  3 -3 -2 -2  2  7 -1    0   0   0   0   0   0   0   0   0   0   0   0   0   0   0   0   0   0 100   0  0.85 0.00
  101 Q   -1  1  0  0 -3  6  2 -2  0 -3 -2  1  0 -3 -1  0 -1 -2 -2 -2    0   0   0   0   0 100   0   0   0   0   0   0   0   0   0   0   0   0   0   0  0.64 0.00
  102 L   -2 -2 -4 -4 -1 -2 -3 -4 -3  2  4 -3  2  0 -3 -3 -1 -2 -1  1    0   0   0   0   0   0   0   0   0   0 100   0   0   0   0   0   0   0   0   0  0.45 0.00
  103 V    0 -3 -3 -3 -1 -2 -3 -3 -3  3  1 -2  1 -1 -3 -2  0 -3 -1  4    0   0   0   0   0   0   0   0   0   0   0   0   0   0   0   0   0   0   0 100  0.34 0.00
  104 V    0 -3 -3 -3 -1 -2 -3 -3 -3  3  1 -2  1 -1 -3 -2  0 -3 -1  4    0   0   0   0   0   0   0   0   0   0   0   0   0   0   0   0   0   0   0 100  0.34 0.00
  105 G    0 -3  0 -1 -3 -2 -2  6 -2 -4 -4 -2 -3 -3 -2  0 -2 -3 -3 -3    0   0   0   0   0   0   0 100   0   0   0   0   0   0   0   0   0   0   0   0  1.04 0.00
  106 G    0 -3  0 -1 -3 -2 -2  6 -2 -4 -4 -2 -3 -3 -2  0 -2 -3 -3 -3    0   0   0   0   0   0   0 100   0   0   0   0   0   0   0   0   0   0   0   0  1.04 0.00
  107 H   -2  0  1 -1 -3  0  0 -2  8 -4 -3 -1 -2 -1 -2 -1 -2 -3  2 -3    0   0   0   0   0   0   0   0 100   0   0   0   0   0   0   0   0   0   0   0  0.84 0.00
  108 S    1 -1  1  0 -1  0  0  0 -1 -3 -3  0 -2 -3 -1  4  1 -3 -2 -2    0   0   0   0   0   0   0   0   0   0   0   0   0   0   0 100   0   0   0   0  0.45 0.00
  109 R   -2  6  0 -2 -4  1  0 -3  0 -3 -2  2 -1 -3 -2 -1 -1 -3 -2 -3    0 100   0   0   0   0   0   0   0   0   0   0   0   0   0   0   0   0   0   0  0.74 0.00
  110 G    0 -3  0 -1 -3 -2 -2  6 -2 -4 -4 -2 -3 -3 -2  0 -2 -3 -3 -3    0   0   0   0   0   0   0 100   0   0   0   0   0   0   0   0   0   0   0   0  1.04 0.00
  111 A    4 -2 -2 -2  0 -1 -1  0 -2 -1 -2 -1 -1 -2 -1  1  0 -3 -2  0  100   0   0   0   0   0   0   0   0   0   0   0   0   0   0   0   0   0   0   0  0.40 0.00
  112 A    4 -2 -2 -2  0 -1 -1  0 -2 -1 -2 -1 -1 -2 -1  1  0 -3 -2  0  100   0   0   0   0   0   0   0   0   0   0   0   0   0   0   0   0   0   0   0  0.40 0.00
  113 V    0 -3 -3 -3 -1 -2 -3 -3 -3  3  1 -2  1 -1 -3 -2  0 -3 -1  4    0   0   0   0   0   0   0   0   0   0   0   0   0   0   0   0   0   0   0 100  0.34 0.00
  114 G    0 -3  0 -1 -3 -2 -2  6 -2 -4 -4 -2 -3 -3 -2  0 -2 -3 -3 -3    0   0   0   0   0   0   0 100   0   0   0   0   0   0   0   0   0   0   0   0  1.04 0.00
  115 L   -2 -2 -4 -4 -1 -2 -3 -4 -3  2  4 -3  2  0 -3 -3 -1 -2 -1  1    0   0   0   0   0   0   0   0   0   0 100   0   0   0   0   0   0   0   0   0  0.45 0.00
  116 T    0 -1  0 -1 -1 -1 -1 -2 -2 -1 -1 -1 -1 -2 -1  1  5 -3 -2  0    0   0   0   0   0   0   0   0   0   0   0   0   0   0   0   0 100   0   0   0  0.46 0.00
  117 E   -1  0  0  2 -4  2  5 -2  0 -3 -3  1 -2 -3 -1  0 -1 -3 -2 -3    0   0   0   0   0   0 100   0   0   0   0   0   0   0   0   0   0   0   0   0  0.73 0.00
  118 F   -2 -3 -3 -4 -3 -3 -3 -3 -1  0  0 -3  0  7 -4 -3 -2  1  3 -1    0   0   0   0   0   0   0   0   0   0   0   0   0 100   0   0   0   0   0   0  0.73 0.00
  119 L   -2 -2 -4 -4 -1 -2 -3 -4 -3  2  4 -3  2  0 -3 -3 -1 -2 -1  1    0   0   0   0   0   0   0   0   0   0 100   0   0   0   0   0   0   0   0   0  0.45 0.00
  120 A    4 -2 -2 -2  0 -1 -1  0 -2 -1 -2 -1 -1 -2 -1  1  0 -3 -2  0  100   0   0   0   0   0   0   0   0   0   0   0   0   0   0   0   0   0   0   0  0.40 0.00
  121 E   -1  0  0  2 -4  2  5 -2  0 -3 -3  1 -2 -3 -1  0 -1 -3 -2 -3    0   0   0   0   0   0 100   0   0   0   0   0   0   0   0   0   0   0   0   0  0.73 0.00
  122 L   -2 -2 -4 -4 -1 -2 -3 -4 -3  2  4 -3  2  0 -3 -3 -1 -2 -1  1    0   0   0   0   0   0   0   0   0   0 100   0   0   0   0   0   0   0   0   0  0.45 0.00
  123 Y   -2 -2 -2 -3 -3 -2 -2 -3  2 -1 -1 -2 -1  3 -3 -2 -2  2  7 -1    0   0   0   0   0   0   0   0   0   0   0   0   0   0   0   0   0   0 100   0  0.85 0.00
  124 H   -2  0  1 -1 -3  0  0 -2  8 -4 -3 -1 -2 -1 -2 -1 -2 -3  2 -3    0   0   0   0   0   0   0   0 100   0   0   0   0   0   0   0   0   0   0   0  0.84 0.00
  125 L   -2 -2 -4 -4 -1 -2 -3 -4 -3  2  4 -3  2  0 -3 -3 -1 -2 -1  1    0   0   0   0   0   0   0   0   0   0 100   0   0   0   0   0   0   0   0   0  0.45 0.00
  126 A    4 -2 -2 -2  0 -1 -1  0 -2 -1 -2 -1 -1 -2 -1  1  0 -3 -2  0  100   0   0   0   0   0   0   0   0   0   0   0   0   0   0   0   0   0   0   0  0.40 0.00
  127 V    0 -3 -3 -3 -1 -2 -3 -3 -3  3  1 -2  1 -1 -3 -2  0 -3 -1  4    0   0   0   0   0   0   0   0   0   0   0   0   0   0   0   0   0   0   0 100  0.34 0.00
  128 Q   -1  4  0 -1 -3  5  1 -2  0 -3 -2  2 -1 -3 -2  0 -1 -2 -2 -2    0  33   0   0   0  67   0   0   0   0   0   0   0   0   0   0   0   0   0   0  0.56 0.00
  129 N   -2  0  6  1 -3  0  0  0  1 -3 -4  0 -2 -3 -2  1  0 -4 -2 -3    0   0 100   0   0   0   0   0   0   0   0   0   0   0   0   0   0   0   0   0  0.72 0.00
  130 Q   -1  1  0  0 -3  6  2 -2  0 -3 -2  1  0 -3 -1  0 -1 -2 -2 -2    0   0   0   0   0 100   0   0   0   0   0   0   0   0   0   0   0   0   0   0  0.64 0.00
  131 A    4 -2 -2 -2  0 -1 -1  0 -2 -1 -2 -1 -1 -2 -1  1  0 -3 -2  0  100   0   0   0   0   0   0   0   0   0   0   0   0   0   0   0   0   0   0   0  0.40 0.00
  132 P    2 -2 -2 -2 -2 -1 -1 -1 -2 -2 -3 -1 -2 -3  7  0 -1 -4 -3 -2   33   0   0   0   0   0   0   0   0   0   0   0   0   0  67   0   0   0   0   0  1.21 0.00
  133 G    0 -3  0 -1 -3 -2 -2  6 -2 -4 -4 -2 -3 -3 -2  0 -2 -3 -3 -3    0   0   0   0   0   0   0 100   0   0   0   0   0   0   0   0   0   0   0   0  1.04 0.00
  134 V    0 -3 -3 -3 -1 -2 -3 -3 -3  3  1 -2  1 -1 -3 -2  0 -3 -1  4    0   0   0   0   0   0   0   0   0   0   0   0   0   0   0   0   0   0   0 100  0.34 0.00
  135 W   -3 -3 -4 -5 -3 -2 -3 -3 -3 -3 -2 -3 -2  1 -4 -3 -3 11  2 -3    0   0   0   0   0   0   0   0   0   0   0   0   0   0   0   0   0 100   0   0  2.29 0.00
  136 A    4 -2 -2 -2  0 -1 -1  0 -2 -1 -2 -1 -1 -2 -1  1  0 -3 -2  0  100   0   0   0   0   0   0   0   0   0   0   0   0   0   0   0   0   0   0   0  0.40 0.00
  137 N   -2  0  6  1 -3  0  0  0  1 -3 -4  0 -2 -3 -2  1  0 -4 -2 -3    0   0 100   0   0   0   0   0   0   0   0   0   0   0   0   0   0   0   0   0  0.72 0.00
  138 A    4 -2 -2 -2  0 -1 -1  0 -2 -1 -2 -1 -1 -2 -1  1  0 -3 -2  0  100   0   0   0   0   0   0   0   0   0   0   0   0   0   0   0   0   0   0   0  0.40 0.00
  139 K   -1  2  0 -1 -3  1  1 -2 -1 -3 -3  5 -1 -3 -1  0 -1 -3 -2 -2    0   0   0   0   0   0   0   0   0   0   0 100   0   0   0   0   0   0   0   0  0.51 0.00
  140 T    0 -1  0 -1 -1 -1 -1 -2 -2 -1 -1 -1 -1 -2 -1  1  5 -3 -2  0    0   0   0   0   0   0   0   0   0   0   0   0   0   0   0   0 100   0   0   0  0.46 0.00
  141 I   -1 -3 -3 -3 -1 -3 -3 -4 -4  4  2 -3  1  0 -3 -3 -1 -3 -1  3    0   0   0   0   0   0   0   0   0 100   0   0   0   0   0   0   0   0   0   0  0.38 0.00
  142 R   -2  6  0 -2 -4  1  0 -3  0 -3 -2  2 -1 -3 -2 -1 -1 -3 -2 -3    0 100   0   0   0   0   0   0   0   0   0   0   0   0   0   0   0   0   0   0  0.74 0.00
  143 L   -2 -2 -4 -4 -1 -2 -3 -4 -3  2  4 -3  2  0 -3 -3 -1 -2 -1  1    0   0   0   0   0   0   0   0   0   0 100   0   0   0   0   0   0   0   0   0  0.45 0.00
  144 V    0 -3 -3 -3 -1 -2 -3 -3 -3  3  1 -2  1 -1 -3 -2  0 -3 -1  4    0   0   0   0   0   0   0   0   0   0   0   0   0   0   0   0   0   0   0 100  0.34 0.00
  145 V    0 -3 -3 -3 -1 -2 -3 -3 -3  3  1 -2  1 -1 -3 -2  0 -3 -1  4    0   0   0   0   0   0   0   0   0   0   0   0   0   0   0   0   0   0   0 100  0.34 0.00
  146 V    0 -3 -3 -3 -1 -2 -3 -3 -3  3  1 -2  1 -1 -3 -2  0 -3 -1  4    0   0   0   0   0   0   0   0   0   0   0   0   0   0   0   0   0   0   0 100  0.34 0.00
  147 D   -2 -2  1  6 -4  0  2 -1 -1 -3 -4 -1 -3 -4 -2  0 -1 -5 -3 -3    0   0   0 100   0   0   0   0   0   0   0   0   0   0   0   0   0   0   0   0  0.92 0.00
  148 P   -1 -2 -2 -2 -3 -1 -1 -2 -2 -3 -3 -1 -3 -4  8 -1 -1 -4 -3 -3    0   0   0   0   0   0   0   0   0   0   0   0   0   0 100   0   0   0   0   0  2.03 0.00
  149 V    0 -3 -3 -3 -1 -2 -3 -3 -3  3  1 -2  1 -1 -3 -2  0 -3 -1  4    0   0   0   0   0   0   0   0   0   0   0   0   0   0   0   0   0   0   0 100  0.34 0.00
  150 Q   -1  1  0  0 -3  6  2 -2  0 -3 -2  1  0 -3 -1  0 -1 -2 -2 -2    0   0   0   0   0 100   0   0   0   0   0   0   0   0   0   0   0   0   0   0  0.64 0.00
  151 G    0 -3  0 -1 -3 -2 -2  6 -2 -4 -4 -2 -3 -3 -2  0 -2 -3 -3 -3    0   0   0   0   0   0   0 100   0   0   0   0   0   0   0   0   0   0   0   0  1.04 0.00
  152 Q   -1  1  0  0 -3  6  2 -2  0 -3 -2  1  0 -3 -1  0 -1 -2 -2 -2    0   0   0   0   0 100   0   0   0   0   0   0   0   0   0   0   0   0   0   0  0.64 0.00
  153 Q   -1  1  0  0 -3  6  2 -2  0 -3 -2  1  0 -3 -1  0 -1 -2 -2 -2    0   0   0   0   0 100   0   0   0   0   0   0   0   0   0   0   0   0   0   0  0.64 0.00
  154 D   -2 -2  1  6 -4  0  2 -1 -1 -3 -4 -1 -3 -4 -2  0 -1 -5 -3 -3    0   0   0 100   0   0   0   0   0   0   0   0   0   0   0   0   0   0   0   0  0.92 0.00
  155 A    3 -1  0 -1 -1  0  0  0 -1 -2 -2  0 -1 -3 -1  4  1 -3 -2 -1   33   0   0   0   0   0   0   0   0   0   0   0   0   0   0  67   0   0   0   0  0.36 0.00
  156 D   -2 -2  1  6 -4  0  2 -1 -1 -3 -4 -1 -3 -4 -2  0 -1 -5 -3 -3    0   0   0 100   0   0   0   0   0   0   0   0   0   0   0   0   0   0   0   0  0.92 0.00
  157 K   -1  2  0 -1 -3  1  1 -2 -1 -3 -3  5 -1 -3 -1  0 -1 -3 -2 -2    0   0   0   0   0   0   0   0   0   0   0 100   0   0   0   0   0   0   0   0  0.51 0.00
  158 D   -2 -2  1  6 -4  0  2 -1 -1 -3 -4 -1 -3 -4 -2  0 -1 -5 -3 -3    0   0   0 100   0   0   0   0   0   0   0   0   0   0   0   0   0   0   0   0  0.92 0.00
  159 T    0 -1  0 -1 -1 -1 -1 -2 -2 -1 -1 -1 -1 -2 -1  1  5 -3 -2  0    0   0   0   0   0   0   0   0   0   0   0   0   0   0   0   0 100   0   0   0  0.46 0.00
  160 N   -2  0  6  1 -3  0  0  0  1 -3 -4  0 -2 -3 -2  1  0 -4 -2 -3    0   0 100   0   0   0   0   0   0   0   0   0   0   0   0   0   0   0   0   0  0.72 0.00
  161 A    4 -2 -2 -2  0 -1 -1  0 -2 -1 -2 -1 -1 -2 -1  1  0 -3 -2  0  100   0   0   0   0   0   0   0   0   0   0   0   0   0   0   0   0   0   0   0  0.40 0.00
  162 F   -2 -3 -3 -4 -3 -3 -3 -3 -1  0  0 -3  0  7 -4 -3 -2  1  3 -1    0   0   0   0   0   0   0   0   0   0   0   0   0 100   0   0   0   0   0   0  0.73 0.00
  163 N   -2  0  6  1 -3  0  0  0  1 -3 -4  0 -2 -3 -2  1  0 -4 -2 -3    0   0 100   0   0   0   0   0   0   0   0   0   0   0   0   0   0   0   0   0  0.72 0.00
  164 A    4 -2 -2 -2  0 -1 -1  0 -2 -1 -2 -1 -1 -2 -1  1  0 -3 -2  0  100   0   0   0   0   0   0   0   0   0   0   0   0   0   0   0   0   0   0   0  0.40 0.00
  165 I   -1 -3 -3 -3 -1 -3 -3 -4 -4  4  2 -3  1  0 -3 -3 -1 -3 -1  3    0   0   0   0   0   0   0   0   0 100   0   0   0   0   0   0   0   0   0   0  0.38 0.00
  166 L   -2 -2 -4 -4 -1 -2 -3 -4 -3  2  4 -3  2  0 -3 -3 -1 -2 -1  1    0   0   0   0   0   0   0   0   0   0 100   0   0   0   0   0   0   0   0   0  0.45 0.00
  167 K   -1  2  0 -1 -3  1  1 -2 -1 -3 -3  5 -1 -3 -1  0 -1 -3 -2 -2    0   0   0   0   0   0   0   0   0   0   0 100   0   0   0   0   0   0   0   0  0.51 0.00
  168 D   -2 -2  1  6 -4  0  2 -1 -1 -3 -4 -1 -3 -4 -2  0 -1 -5 -3 -3    0   0   0 100   0   0   0   0   0   0   0   0   0   0   0   0   0   0   0   0  0.92 0.00
  169 K   -1  2  0 -1 -3  1  1 -2 -1 -3 -3  5 -1 -3 -1  0 -1 -3 -2 -2    0   0   0   0   0   0   0   0   0   0   0 100   0   0   0   0   0   0   0   0  0.51 0.00
  170 T    0 -1  0 -1 -1 -1 -1 -2 -2 -1 -1 -1 -1 -2 -1  1  5 -3 -2  0    0   0   0   0   0   0   0   0   0   0   0   0   0   0   0   0 100   0   0   0  0.46 0.00
  171 L   -2 -2 -4 -4 -1 -2 -3 -4 -3  2  4 -3  2  0 -3 -3 -1 -2 -1  1    0   0   0   0   0   0   0   0   0   0 100   0   0   0   0   0   0   0   0   0  0.45 0.00
  172 A    4 -2 -2 -2  0 -1 -1  0 -2 -1 -2 -1 -1 -2 -1  1  0 -3 -2  0  100   0   0   0   0   0   0   0   0   0   0   0   0   0   0   0   0   0   0   0  0.40 0.00
  173 Q   -1  1  0  0 -3  6  2 -2  0 -3 -2  1  0 -3 -1  0 -1 -2 -2 -2    0   0   0   0   0 100   0   0   0   0   0   0   0   0   0   0   0   0   0   0  0.64 0.00
  174 I   -1 -3 -3 -3 -1 -3 -3 -4 -4  4  2 -3  1  0 -3 -3 -1 -3 -1  3    0   0   0   0   0   0   0   0   0 100   0   0   0   0   0   0   0   0   0   0  0.38 0.00
  175 L   -2 -2 -4 -4 -1 -2 -3 -4 -3  2  4 -3  2  0 -3 -3 -1 -2 -1  1    0   0   0   0   0   0   0   0   0   0 100   0   0   0   0   0   0   0   0   0  0.45 0.00
  176 A    4 -2 -2 -2  0 -1 -1  0 -2 -1 -2 -1 -1 -2 -1  1  0 -3 -2  0  100   0   0   0   0   0   0   0   0   0   0   0   0   0   0   0   0   0   0   0  0.40 0.00
  177 E   -1  0  0  2 -4  2  5 -2  0 -3 -3  1 -2 -3 -1  0 -1 -3 -2 -3    0   0   0   0   0   0 100   0   0   0   0   0   0   0   0   0   0   0   0   0  0.73 0.00
  178 L   -2 -2 -4 -4 -1 -2 -3 -4 -3  2  4 -3  2  0 -3 -3 -1 -2 -1  1    0   0   0   0   0   0   0   0   0   0 100   0   0   0   0   0   0   0   0   0  0.45 0.00
  179 E   -1  0  0  2 -4  2  5 -2  0 -3 -3  1 -2 -3 -1  0 -1 -3 -2 -3    0   0   0   0   0   0 100   0   0   0   0   0   0   0   0   0   0   0   0   0  0.73 0.00
  180 T    0 -1  0 -1 -1 -1 -1 -2 -2 -1 -1 -1 -1 -2 -1  1  5 -3 -2  0    0   0   0   0   0   0   0   0   0   0   0   0   0   0   0   0 100   0   0   0  0.46 0.00
  181 K   -1  2  0 -1 -3  1  1 -2 -1 -3 -3  5 -1 -3 -1  0 -1 -3 -2 -2    0   0   0   0   0   0   0   0   0   0   0 100   0   0   0   0   0   0   0   0  0.51 0.00
  182 W   -3 -3 -4 -5 -3 -2 -3 -3 -3 -3 -2 -3 -2  1 -4 -3 -3 11  2 -3    0   0   0   0   0   0   0   0   0   0   0   0   0   0   0   0   0 100   0   0  2.29 0.00
  183 F   -2 -3 -3 -4 -3 -3 -3 -3 -1  0  0 -3  0  7 -4 -3 -2  1  3 -1    0   0   0   0   0   0   0   0   0   0   0   0   0 100   0   0   0   0   0   0  0.73 0.00
  184 G    0 -3  0 -1 -3 -2 -2  6 -2 -4 -4 -2 -3 -3 -2  0 -2 -3 -3 -3    0   0   0   0   0   0   0 100   0   0   0   0   0   0   0   0   0   0   0   0  1.04 0.00
  185 G    0 -3  0 -1 -3 -2 -2  6 -2 -4 -4 -2 -3 -3 -2  0 -2 -3 -3 -3    0   0   0   0   0   0   0 100   0   0   0   0   0   0   0   0   0   0   0   0  1.04 0.00
  186 R   -2  6  0 -2 -4  1  0 -3  0 -3 -2  2 -1 -3 -2 -1 -1 -3 -2 -3    0 100   0   0   0   0   0   0   0   0   0   0   0   0   0   0   0   0   0   0  0.74 0.00
  187 E   -1  0  0  2 -4  2  5 -2  0 -3 -3  1 -2 -3 -1  0 -1 -3 -2 -3    0   0   0   0   0   0 100   0   0   0   0   0   0   0   0   0   0   0   0   0  0.73 0.00
  188 V    0 -3 -3 -3 -1 -2 -3 -3 -3  3  1 -2  1 -1 -3 -2  0 -3 -1  4    0   0   0   0   0   0   0   0   0   0   0   0   0   0   0   0   0   0   0 100  0.34 0.00
  189 F   -2 -3 -3 -4 -3 -3 -3 -3 -1  0  0 -3  0  7 -4 -3 -2  1  3 -1    0   0   0   0   0   0   0   0   0   0   0   0   0 100   0   0   0   0   0   0  0.73 0.00
  190 D   -2 -2  1  6 -4  0  2 -1 -1 -3 -4 -1 -3 -4 -2  0 -1 -5 -3 -3    0   0   0 100   0   0   0   0   0   0   0   0   0   0   0   0   0   0   0   0  0.92 0.00
  191 T    0 -1  0 -1 -1 -1 -1 -2 -2 -1 -1 -1 -1 -2 -1  1  5 -3 -2  0    0   0   0   0   0   0   0   0   0   0   0   0   0   0   0   0 100   0   0   0  0.46 0.00
  192 L   -2 -2 -4 -4 -1 -2 -3 -4 -3  2  4 -3  2  0 -3 -3 -1 -2 -1  1    0   0   0   0   0   0   0   0   0   0 100   0   0   0   0   0   0   0   0   0  0.45 0.00
  193 V    0 -3 -3 -3 -1 -2 -3 -3 -3  3  1 -2  1 -1 -3 -2  0 -3 -1  4    0   0   0   0   0   0   0   0   0   0   0   0   0   0   0   0   0   0   0 100  0.34 0.00
  194 Y   -2 -2 -2 -3 -3 -2 -2 -3  2 -1 -1 -2 -1  3 -3 -2 -2  2  7 -1    0   0   0   0   0   0   0   0   0   0   0   0   0   0   0   0   0   0 100   0  0.85 0.00
  195 S    1 -1  1  0 -1  0  0  0 -1 -3 -3  0 -2 -3 -1  4  1 -3 -2 -2    0   0   0   0   0   0   0   0   0   0   0   0   0   0   0 100   0   0   0   0  0.45 0.00
  196 A    4 -2 -2 -2  0 -1 -1  0 -2 -1 -2 -1 -1 -2 -1  1  0 -3 -2  0  100   0   0   0   0   0   0   0   0   0   0   0   0   0   0   0   0   0   0   0  0.40 0.00
  197 R   -2  6  0 -2 -4  1  0 -3  0 -3 -2  2 -1 -3 -2 -1 -1 -3 -2 -3    0 100   0   0   0   0   0   0   0   0   0   0   0   0   0   0   0   0   0   0  0.74 0.00
  198 Y   -2 -2 -2 -3 -3 -2 -2 -3  2 -1 -1 -2 -1  3 -3 -2 -2  2  7 -1    0   0   0   0   0   0   0   0   0   0   0   0   0   0   0   0   0   0 100   0  0.85 0.00
  199 D   -2 -2  1  6 -4  0  2 -1 -1 -3 -4 -1 -3 -4 -2  0 -1 -5 -3 -3    0   0   0 100   0   0   0   0   0   0   0   0   0   0   0   0   0   0   0   0  0.92 0.00
  200 A    4 -2 -2 -2  0 -1 -1  0 -2 -1 -2 -1 -1 -2 -1  1  0 -3 -2  0  100   0   0   0   0   0   0   0   0   0   0   0   0   0   0   0   0   0   0   0  0.40 0.00
  201 R   -2  6  0 -2 -4  1  0 -3  0 -3 -2  2 -1 -3 -2 -1 -1 -3 -2 -3    0 100   0   0   0   0   0   0   0   0   0   0   0   0   0   0   0   0   0   0  0.74 0.00
  202 S    1 -1  1  0 -1  0  0  0 -1 -3 -3  0 -2 -3 -1  4  1 -3 -2 -2    0   0   0   0   0   0   0   0   0   0   0   0   0   0   0 100   0   0   0   0  0.45 0.00
  203 S    1 -1  1  0 -1  0  0  0 -1 -3 -3  0 -2 -3 -1  4  1 -3 -2 -2    0   0   0   0   0   0   0   0   0   0   0   0   0   0   0 100   0   0   0   0  0.45 0.00
  204 F   -2 -3 -3 -4 -3 -3 -3 -3 -1  0  0 -3  0  7 -4 -3 -2  1  3 -1    0   0   0   0   0   0   0   0   0   0   0   0   0 100   0   0   0   0   0   0  0.73 0.00
  205 A    4 -2 -2 -2  0 -1 -1  0 -2 -1 -2 -1 -1 -2 -1  1  0 -3 -2  0  100   0   0   0   0   0   0   0   0   0   0   0   0   0   0   0   0   0   0   0  0.40 0.00
  206 F   -2 -3 -3 -4 -3 -3 -3 -3 -1  0  0 -3  0  7 -4 -3 -2  1  3 -1    0   0   0   0   0   0   0   0   0   0   0   0   0 100   0   0   0   0   0   0  0.73 0.00
  207 D   -2 -2  1  6 -4  0  2 -1 -1 -3 -4 -1 -3 -4 -2  0 -1 -5 -3 -3    0   0   0 100   0   0   0   0   0   0   0   0   0   0   0   0   0   0   0   0  0.92 0.00
  208 S    0 -1  0 -1 -1 -1 -1 -1  0 -2 -2 -1 -1  1 -1  3  1  0  4 -2    0   0   0   0   0   0   0   0   0   0   0   0   0   0   0  67   0   0  33   0  0.32 0.00
  209 R   -2  6  0 -2 -4  1  0 -3  0 -3 -2  2 -1 -3 -2 -1 -1 -3 -2 -3    0 100   0   0   0   0   0   0   0   0   0   0   0   0   0   0   0   0   0   0  0.74 0.00
  210 W   -3 -3 -4 -5 -3 -2 -3 -3 -3 -3 -2 -3 -2  1 -4 -3 -3 11  2 -3    0   0   0   0   0   0   0   0   0   0   0   0   0   0   0   0   0 100   0   0  2.29 0.00
  211 Y   -2 -2 -2 -3 -3 -2 -2 -3  2 -1 -1 -2 -1  3 -3 -2 -2  2  7 -1    0   0   0   0   0   0   0   0   0   0   0   0   0   0   0   0   0   0 100   0  0.85 0.00
  212 R   -2  6  0 -2 -4  1  0 -3  0 -3 -2  2 -1 -3 -2 -1 -1 -3 -2 -3    0 100   0   0   0   0   0   0   0   0   0   0   0   0   0   0   0   0   0   0  0.74 0.00
  213 F   -2 -3 -3 -4 -3 -3 -3 -3 -1  0  0 -3  0  7 -4 -3 -2  1  3 -1    0   0   0   0   0   0   0   0   0   0   0   0   0 100   0   0   0   0   0   0  0.73 0.00
  214 I   -1 -3 -3 -3 -1 -3 -3 -4 -4  4  2 -3  1  0 -3 -3 -1 -3 -1  3    0   0   0   0   0   0   0   0   0 100   0   0   0   0   0   0   0   0   0   0  0.38 0.00
  215 T    0 -1  0 -1 -1 -1 -1 -2 -2 -1 -1 -1 -1 -2 -1  1  5 -3 -2  0    0   0   0   0   0   0   0   0   0   0   0   0   0   0   0   0 100   0   0   0  0.46 0.00
  216 E   -1  0  0  2 -4  2  5 -2  0 -3 -3  1 -2 -3 -1  0 -1 -3 -2 -3    0   0   0   0   0   0 100   0   0   0   0   0   0   0   0   0   0   0   0   0  0.73 0.00
  217 Q   -1  1  0  0 -3  6  2 -2  0 -3 -2  1  0 -3 -1  0 -1 -2 -2 -2    0   0   0   0   0 100   0   0   0   0   0   0   0   0   0   0   0   0   0   0  0.64 0.00
  218 M   -1 -1 -2 -3 -2  0 -2 -3 -2  1  2 -1  6  0 -3 -2 -1 -2 -1  1    0   0   0   0   0   0   0   0   0   0   0   0 100   0   0   0   0   0   0   0  0.33 0.00
  219 G    0 -3  0 -1 -3 -2 -2  6 -2 -4 -4 -2 -3 -3 -2  0 -2 -3 -3 -3    0   0   0   0   0   0   0 100   0   0   0   0   0   0   0   0   0   0   0   0  1.04 0.00
  220 K   -1  2  0 -1 -3  1  1 -2 -1 -3 -3  5 -1 -3 -1  0 -1 -3 -2 -2    0   0   0   0   0   0   0   0   0   0   0 100   0   0   0   0   0   0   0   0  0.51 0.00
  221 Q   -1  0 -1 -1 -2  5  1 -2  0  0 -1  1  0 -2 -2 -1  0 -2 -1  1    0   0   0   0   0  67   0   0   0   0   0   0   0   0   0   0   0   0   0  33  0.30 0.00
  222 A    4 -2 -2 -2  0 -1 -1  0 -2 -1 -2 -1 -1 -2 -1  1  0 -3 -2  0  100   0   0   0   0   0   0   0   0   0   0   0   0   0   0   0   0   0   0   0  0.40 0.00
  223 G    0 -3  0 -1 -3 -2 -2  6 -2 -4 -4 -2 -3 -3 -2  0 -2 -3 -3 -3    0   0   0   0   0   0   0 100   0   0   0   0   0   0   0   0   0   0   0   0  1.04 0.00
  224 P   -1 -2 -2 -2 -3 -1 -1 -2 -2 -3 -3 -1 -3 -4  8 -1 -1 -4 -3 -3    0   0   0   0   0   0   0   0   0   0   0   0   0   0 100   0   0   0   0   0  2.03 0.00
  225 A    4 -2 -2 -2  0 -1 -1  0 -2 -1 -2 -1 -1 -2 -1  1  0 -3 -2  0  100   0   0   0   0   0   0   0   0   0   0   0   0   0   0   0   0   0   0   0  0.40 0.00
  226 K   -1  2  0 -1 -3  1  1 -2 -1 -3 -3  5 -1 -3 -1  0 -1 -3 -2 -2    0   0   0   0   0   0   0   0   0   0   0 100   0   0   0   0   0   0   0   0  0.51 0.00
  227 R   -2  6  0 -2 -4  1  0 -3  0 -3 -2  2 -1 -3 -2 -1 -1 -3 -2 -3    0 100   0   0   0   0   0   0   0   0   0   0   0   0   0   0   0   0   0   0  0.74 0.00
  228 A    4 -2 -2 -2  0 -1 -1  0 -2 -1 -2 -1 -1 -2 -1  1  0 -3 -2  0  100   0   0   0   0   0   0   0   0   0   0   0   0   0   0   0   0   0   0   0  0.40 0.00
  229 K   -1  2  0 -1 -3  1  1 -2 -1 -3 -3  5 -1 -3 -1  0 -1 -3 -2 -2    0   0   0   0   0   0   0   0   0   0   0 100   0   0   0   0   0   0   0   0  0.51 0.00
  230 L   -2 -2 -4 -4 -1 -2 -3 -4 -3  2  4 -3  2  0 -3 -3 -1 -2 -1  1    0   0   0   0   0   0   0   0   0   0 100   0   0   0   0   0   0   0   0   0  0.45 0.00
  231 V    0 -3 -3 -3 -1 -2 -3 -3 -3  3  1 -2  1 -1 -3 -2  0 -3 -1  4    0   0   0   0   0   0   0   0   0   0   0   0   0   0   0   0   0   0   0 100  0.34 0.00
  232 M   -1 -1 -2 -3 -2  0 -2 -3 -2  1  2 -1  6  0 -3 -2 -1 -2 -1  1    0   0   0   0   0   0   0   0   0   0   0   0 100   0   0   0   0   0   0   0  0.33 0.00
  233 A    4 -2 -2 -2  0 -1 -1  0 -2 -1 -2 -1 -1 -2 -1  1  0 -3 -2  0  100   0   0   0   0   0   0   0   0   0   0   0   0   0   0   0   0   0   0   0  0.40 0.00
  234 G    0 -3  0 -1 -3 -2 -2  6 -2 -4 -4 -2 -3 -3 -2  0 -2 -3 -3 -3    0   0   0   0   0   0   0 100   0   0   0   0   0   0   0   0   0   0   0   0  1.04 0.00
  235 F   -2 -3 -3 -4 -3 -3 -3 -3 -1  0  0 -3  0  7 -4 -3 -2  1  3 -1    0   0   0   0   0   0   0   0   0   0   0   0   0 100   0   0   0   0   0   0  0.73 0.00
  236 R   -2  6  0 -2 -4  1  0 -3  0 -3 -2  2 -1 -3 -2 -1 -1 -3 -2 -3    0 100   0   0   0   0   0   0   0   0   0   0   0   0   0   0   0   0   0   0  0.74 0.00
  237 H   -2  0  1 -1 -3  0  0 -2  8 -4 -3 -1 -2 -1 -2 -1 -2 -3  2 -3    0   0   0   0   0   0   0   0 100   0   0   0   0   0   0   0   0   0   0   0  0.84 0.00
  238 S    1 -1  1  0 -1  0  0  0 -1 -3 -3  0 -2 -3 -1  4  1 -3 -2 -2    0   0   0   0   0   0   0   0   0   0   0   0   0   0   0 100   0   0   0   0  0.45 0.00
  239 A    4 -2 -2 -2  0 -1 -1  0 -2 -1 -2 -1 -1 -2 -1  1  0 -3 -2  0  100   0   0   0   0   0   0   0   0   0   0   0   0   0   0   0   0   0   0   0  0.40 0.00
  240 P   -1 -2 -2 -2 -3 -1 -1 -2 -2 -3 -3 -1 -3 -4  8 -1 -1 -4 -3 -3    0   0   0   0   0   0   0   0   0   0   0   0   0   0 100   0   0   0   0   0  2.03 0.00
  241 V    0 -3 -3 -3 -1 -2 -3 -3 -3  3  1 -2  1 -1 -3 -2  0 -3 -1  4    0   0   0   0   0   0   0   0   0   0   0   0   0   0   0   0   0   0   0 100  0.34 0.00
  242 S    1 -1  1  0 -1  0  0  0 -1 -3 -3  0 -2 -3 -1  4  1 -3 -2 -2    0   0   0   0   0   0   0   0   0   0   0   0   0   0   0 100   0   0   0   0  0.45 0.00
  243 K   -1  2  0 -1 -3  1  1 -2 -1 -3 -3  5 -1 -3 -1  0 -1 -3 -2 -2    0   0   0   0   0   0   0   0   0   0   0 100   0   0   0   0   0   0   0   0  0.51 0.00
  244 E   -1  0  0  2 -4  2  5 -2  0 -3 -3  1 -2 -3 -1  0 -1 -3 -2 -3    0   0   0   0   0   0 100   0   0   0   0   0   0   0   0   0   0   0   0   0  0.73 0.00
  245 D   -2 -2  1  6 -4  0  2 -1 -1 -3 -4 -1 -3 -4 -2  0 -1 -5 -3 -3    0   0   0 100   0   0   0   0   0   0   0   0   0   0   0   0   0   0   0   0  0.92 0.00
  246 E   -1  0  0  2 -4  2  5 -2  0 -3 -3  1 -2 -3 -1  0 -1 -3 -2 -3    0   0   0   0   0   0 100   0   0   0   0   0   0   0   0   0   0   0   0   0  0.73 0.00
  247 I   -1 -3 -3 -3 -1 -3 -3 -4 -4  4  2 -3  1  0 -3 -3 -1 -3 -1  3    0   0   0   0   0   0   0   0   0 100   0   0   0   0   0   0   0   0   0   0  0.38 0.00
  248 S    1 -1  1  0 -1  0  0  0 -1 -3 -3  0 -2 -3 -1  4  1 -3 -2 -2    0   0   0   0   0   0   0   0   0   0   0   0   0   0   0 100   0   0   0   0  0.45 0.00
  249 A    4 -2 -2 -2  0 -1 -1  0 -2 -1 -2 -1 -1 -2 -1  1  0 -3 -2  0  100   0   0   0   0   0   0   0   0   0   0   0   0   0   0   0   0   0   0   0  0.40 0.00
  250 L   -2 -2 -4 -4 -1 -2 -3 -4 -3  2  4 -3  2  0 -3 -3 -1 -2 -1  1    0   0   0   0   0   0   0   0   0   0 100   0   0   0   0   0   0   0   0   0  0.45 0.00
  251 Y   -2 -2 -2 -3 -3 -2 -2 -3  2 -1 -1 -2 -1  3 -3 -2 -2  2  7 -1    0   0   0   0   0   0   0   0   0   0   0   0   0   0   0   0   0   0 100   0  0.85 0.00
  252 Q   -1  1  0  0 -3  6  2 -2  0 -3 -2  1  0 -3 -1  0 -1 -2 -2 -2    0   0   0   0   0 100   0   0   0   0   0   0   0   0   0   0   0   0   0   0  0.64 0.00
  253 G    0 -3  0 -1 -3 -2 -2  6 -2 -4 -4 -2 -3 -3 -2  0 -2 -3 -3 -3    0   0   0   0   0   0   0 100   0   0   0   0   0   0   0   0   0   0   0   0  1.04 0.00
  254 K   -1  2  0 -1 -3  1  1 -2 -1 -3 -3  5 -1 -3 -1  0 -1 -3 -2 -2    0   0   0   0   0   0   0   0   0   0   0 100   0   0   0   0   0   0   0   0  0.51 0.00
  255 G    0 -3  0 -1 -3 -2 -2  6 -2 -4 -4 -2 -3 -3 -2  0 -2 -3 -3 -3    0   0   0   0   0   0   0 100   0   0   0   0   0   0   0   0   0   0   0   0  1.04 0.00
  256 V    0 -3 -3 -3 -1 -2 -3 -3 -3  3  1 -2  1 -1 -3 -2  0 -3 -1  4    0   0   0   0   0   0   0   0   0   0   0   0   0   0   0   0   0   0   0 100  0.34 0.00
  257 A    4 -2 -2 -2  0 -1 -1  0 -2 -1 -2 -1 -1 -2 -1  1  0 -3 -2  0  100   0   0   0   0   0   0   0   0   0   0   0   0   0   0   0   0   0   0   0  0.40 0.00
  258 P   -1 -2 -2 -2 -3 -1 -1 -2 -2 -3 -3 -1 -3 -4  8 -1 -1 -4 -3 -3    0   0   0   0   0   0   0   0   0   0   0   0   0   0 100   0   0   0   0   0  2.03 0.00
  259 I   -1 -3 -3 -3 -1 -3 -3 -4 -4  4  2 -3  1  0 -3 -3 -1 -3 -1  3    0   0   0   0   0   0   0   0   0 100   0   0   0   0   0   0   0   0   0   0  0.38 0.00
  260 A    4 -2 -2 -2  0 -1 -1  0 -2 -1 -2 -1 -1 -2 -1  1  0 -3 -2  0  100   0   0   0   0   0   0   0   0   0   0   0   0   0   0   0   0   0   0   0  0.40 0.00
  261 F   -2 -3 -3 -4 -2 -3 -3 -4 -2  1  2 -3  1  6 -4 -3 -2  0  2  0    0   0   0   0   0   0   0   0   0   0  33   0   0  67   0   0   0   0   0   0  0.50 0.00
  262 L   -2 -2 -4 -4 -1 -2 -3 -4 -3  2  4 -3  2  0 -3 -3 -1 -2 -1  1    0   0   0   0   0   0   0   0   0   0 100   0   0   0   0   0   0   0   0   0  0.45 0.00
  263 Q   -1  1  0  0 -3  6  2 -2  0 -3 -2  1  0 -3 -1  0 -1 -2 -2 -2    0   0   0   0   0 100   0   0   0   0   0   0   0   0   0   0   0   0   0   0  0.64 0.00
  264 Q   -1  1  0  0 -3  6  2 -2  0 -3 -2  1  0 -3 -1  0 -1 -2 -2 -2    0   0   0   0   0 100   0   0   0   0   0   0   0   0   0   0   0   0   0   0  0.64 0.00
  265 L   -2 -2 -4 -4 -1 -2 -3 -4 -3  2  4 -3  2  0 -3 -3 -1 -2 -1  1    0   0   0   0   0   0   0   0   0   0 100   0   0   0   0   0   0   0   0   0  0.45 0.00
  266 V    0 -3 -3 -3 -1 -2 -3 -3 -3  3  1 -2  1 -1 -3 -2  0 -3 -1  4    0   0   0   0   0   0   0   0   0   0   0   0   0   0   0   0   0   0   0 100  0.34 0.00
  267 S    1 -1  1  0 -1  0  0  0 -1 -3 -3  0 -2 -3 -1  4  1 -3 -2 -2    0   0   0   0   0   0   0   0   0   0   0   0   0   0   0 100   0   0   0   0  0.45 0.00
  268 F   -2 -3 -3 -4 -3 -3 -3 -3 -1  0  0 -3  0  7 -4 -3 -2  1  3 -1    0   0   0   0   0   0   0   0   0   0   0   0   0 100   0   0   0   0   0   0  0.73 0.00
  269 D   -2 -2  1  6 -4  0  2 -1 -1 -3 -4 -1 -3 -4 -2  0 -1 -5 -3 -3    0   0   0 100   0   0   0   0   0   0   0   0   0   0   0   0   0   0   0   0  0.92 0.00
  270 P    2 -2 -2 -2 -2 -1 -1 -1 -2 -2 -3 -1 -2 -3  7  0 -1 -4 -3 -2   33   0   0   0   0   0   0   0   0   0   0   0   0   0  67   0   0   0   0   0  1.21 0.00
  271 N   -2  0  6  1 -3  0  0  0  1 -3 -4  0 -2 -3 -2  1  0 -4 -2 -3    0   0 100   0   0   0   0   0   0   0   0   0   0   0   0   0   0   0   0   0  0.72 0.00
  272 W   -3 -3 -4 -5 -3 -2 -3 -3 -3 -3 -2 -3 -2  1 -4 -3 -3 11  2 -3    0   0   0   0   0   0   0   0   0   0   0   0   0   0   0   0   0 100   0   0  2.29 0.00
  273 E   -1  0  0  2 -4  2  5 -2  0 -3 -3  1 -2 -3 -1  0 -1 -3 -2 -3    0   0   0   0   0   0 100   0   0   0   0   0   0   0   0   0   0   0   0   0  0.73 0.00
  274 Q   -1  1  0  0 -3  6  2 -2  0 -3 -2  1  0 -3 -1  0 -1 -2 -2 -2    0   0   0   0   0 100   0   0   0   0   0   0   0   0   0   0   0   0   0   0  0.64 0.00
  275 S    1 -1  1  0 -1  0  0  0 -1 -3 -3  0 -2 -3 -1  4  1 -3 -2 -2    0   0   0   0   0   0   0   0   0   0   0   0   0   0   0 100   0   0   0   0  0.45 0.00
  276 A    4 -2 -2 -2  0 -1 -1  0 -2 -1 -2 -1 -1 -2 -1  1  0 -3 -2  0  100   0   0   0   0   0   0   0   0   0   0   0   0   0   0   0   0   0   0   0  0.40 0.00
  277 R   -2  6  0 -2 -4  1  0 -3  0 -3 -2  2 -1 -3 -2 -1 -1 -3 -2 -3    0 100   0   0   0   0   0   0   0   0   0   0   0   0   0   0   0   0   0   0  0.74 0.00
  278 L   -2 -2 -4 -4 -1 -2 -3 -4 -3  2  4 -3  2  0 -3 -3 -1 -2 -1  1    0   0   0   0   0   0   0   0   0   0 100   0   0   0   0   0   0   0   0   0  0.45 0.00
  279 L   -2 -2 -4 -4 -1 -2 -3 -4 -3  2  4 -3  2  0 -3 -3 -1 -2 -1  1    0   0   0   0   0   0   0   0   0   0 100   0   0   0   0   0   0   0   0   0  0.45 0.00
  280 S    1 -1  1  0 -1  0  0  0 -1 -3 -3  0 -2 -3 -1  4  1 -3 -2 -2    0   0   0   0   0   0   0   0   0   0   0   0   0   0   0 100   0   0   0   0  0.45 0.00
  281 Q   -1  1  0  0 -3  6  2 -2  0 -3 -2  1  0 -3 -1  0 -1 -2 -2 -2    0   0   0   0   0 100   0   0   0   0   0   0   0   0   0   0   0   0   0   0  0.64 0.00
  282 I   -1 -3 -3 -3 -1 -3 -3 -4 -4  4  2 -3  1  0 -3 -3 -1 -3 -1  3    0   0   0   0   0   0   0   0   0 100   0   0   0   0   0   0   0   0   0   0  0.38 0.00
  283 E   -1  0  0  2 -4  2  5 -2  0 -3 -3  1 -2 -3 -1  0 -1 -3 -2 -3    0   0   0   0   0   0 100   0   0   0   0   0   0   0   0   0   0   0   0   0  0.73 0.00
  284 N   -2  0  6  1 -3  0  0  0  1 -3 -4  0 -2 -3 -2  1  0 -4 -2 -3    0   0 100   0   0   0   0   0   0   0   0   0   0   0   0   0   0   0   0   0  0.72 0.00
  285 G    0 -3  0 -1 -3 -2 -2  6 -2 -4 -4 -2 -3 -3 -2  0 -2 -3 -3 -3    0   0   0   0   0   0   0 100   0   0   0   0   0   0   0   0   0   0   0   0  1.04 0.00
  286 Y   -2 -2 -2 -3 -3 -2 -2 -3  2 -1 -1 -2 -1  3 -3 -2 -2  2  7 -1    0   0   0   0   0   0   0   0   0   0   0   0   0   0   0   0   0   0 100   0  0.85 0.00
  287 L   -2 -2 -4 -4 -1 -2 -3 -4 -3  2  4 -3  2  0 -3 -3 -1 -2 -1  1    0   0   0   0   0   0   0   0   0   0 100   0   0   0   0   0   0   0   0   0  0.45 0.00
  288 D   -2 -2  1  6 -4  0  2 -1 -1 -3 -4 -1 -3 -4 -2  0 -1 -5 -3 -3    0   0   0 100   0   0   0   0   0   0   0   0   0   0   0   0   0   0   0   0  0.92 0.00
  289 Q   -1  1  0  0 -3  6  2 -2  0 -3 -2  1  0 -3 -1  0 -1 -2 -2 -2    0   0   0   0   0 100   0   0   0   0   0   0   0   0   0   0   0   0   0   0  0.64 0.00
  290 L   -2 -2 -4 -4 -1 -2 -3 -4 -3  2  4 -3  2  0 -3 -3 -1 -2 -1  1    0   0   0   0   0   0   0   0   0   0 100   0   0   0   0   0   0   0   0   0  0.45 0.00
  291 A    4 -2 -2 -2  0 -1 -1  0 -2 -1 -2 -1 -1 -2 -1  1  0 -3 -2  0  100   0   0   0   0   0   0   0   0   0   0   0   0   0   0   0   0   0   0   0  0.40 0.00
  292 A    4 -2 -2 -2  0 -1 -1  0 -2 -1 -2 -1 -1 -2 -1  1  0 -3 -2  0  100   0   0   0   0   0   0   0   0   0   0   0   0   0   0   0   0   0   0   0  0.40 0.00
  293 G    0 -3  0 -1 -3 -2 -2  6 -2 -4 -4 -2 -3 -3 -2  0 -2 -3 -3 -3    0   0   0   0   0   0   0 100   0   0   0   0   0   0   0   0   0   0   0   0  1.04 0.00
  294 A    4 -2 -2 -2  0 -1 -1  0 -2 -1 -2 -1 -1 -2 -1  1  0 -3 -2  0  100   0   0   0   0   0   0   0   0   0   0   0   0   0   0   0   0   0   0   0  0.40 0.00
  295 K   -1  2  0 -1 -3  1  1 -2 -1 -3 -3  5 -1 -3 -1  0 -1 -3 -2 -2    0   0   0   0   0   0   0   0   0   0   0 100   0   0   0   0   0   0   0   0  0.51 0.00
  296 T    0 -1  0 -1 -1 -1 -1 -2 -2 -1 -1 -1 -1 -2 -1  1  5 -3 -2  0    0   0   0   0   0   0   0   0   0   0   0   0   0   0   0   0 100   0   0   0  0.46 0.00
  297 D   -2 -2  1  6 -4  0  2 -1 -1 -3 -4 -1 -3 -4 -2  0 -1 -5 -3 -3    0   0   0 100   0   0   0   0   0   0   0   0   0   0   0   0   0   0   0   0  0.92 0.00
  298 L   -2 -2 -4 -4 -1 -2 -3 -4 -3  2  4 -3  2  0 -3 -3 -1 -2 -1  1    0   0   0   0   0   0   0   0   0   0 100   0   0   0   0   0   0   0   0   0  0.45 0.00
  299 I   -1 -3 -3 -3 -1 -3 -3 -4 -4  4  2 -3  1  0 -3 -3 -1 -3 -1  3    0   0   0   0   0   0   0   0   0 100   0   0   0   0   0   0   0   0   0   0  0.38 0.00
  300 S    1 -1  1  0 -1  0  0  0 -1 -3 -3  0 -2 -3 -1  4  1 -3 -2 -2    0   0   0   0   0   0   0   0   0   0   0   0   0   0   0 100   0   0   0   0  0.45 0.00
  301 Q   -1  1  0  0 -3  6  2 -2  0 -3 -2  1  0 -3 -1  0 -1 -2 -2 -2    0   0   0   0   0 100   0   0   0   0   0   0   0   0   0   0   0   0   0   0  0.64 0.00
  302 L   -2 -2 -4 -4 -1 -2 -3 -4 -3  2  4 -3  2  0 -3 -3 -1 -2 -1  1    0   0   0   0   0   0   0   0   0   0 100   0   0   0   0   0   0   0   0   0  0.45 0.00
  303 D   -2 -2  1  6 -4  0  2 -1 -1 -3 -4 -1 -3 -4 -2  0 -1 -5 -3 -3    0   0   0 100   0   0   0   0   0   0   0   0   0   0   0   0   0   0   0   0  0.92 0.00
  304 K   -1  2  0 -1 -3  1  1 -2 -1 -3 -3  5 -1 -3 -1  0 -1 -3 -2 -2    0   0   0   0   0   0   0   0   0   0   0 100   0   0   0   0   0   0   0   0  0.51 0.00
  305 Q   -1  1  0  0 -3  6  2 -2  0 -3 -2  1  0 -3 -1  0 -1 -2 -2 -2    0   0   0   0   0 100   0   0   0   0   0   0   0   0   0   0   0   0   0   0  0.64 0.00
  306 T    0 -1  0 -1 -1 -1 -1 -2 -2 -1 -1 -1 -1 -2 -1  1  5 -3 -2  0    0   0   0   0   0   0   0   0   0   0   0   0   0   0   0   0 100   0   0   0  0.46 0.00
  307 S    1 -1  1  0 -1  0  0  0 -1 -3 -3  0 -2 -3 -1  4  1 -3 -2 -2    0   0   0   0   0   0   0   0   0   0   0   0   0   0   0 100   0   0   0   0  0.45 0.00
  308 L   -2 -2 -4 -4 -1 -2 -3 -4 -3  2  4 -3  2  0 -3 -3 -1 -2 -1  1    0   0   0   0   0   0   0   0   0   0 100   0   0   0   0   0   0   0   0   0  0.45 0.00
  309 L   -2 -2 -4 -4 -1 -2 -3 -4 -3  2  4 -3  2  0 -3 -3 -1 -2 -1  1    0   0   0   0   0   0   0   0   0   0 100   0   0   0   0   0   0   0   0   0  0.45 0.00
  310 S    1 -1  1  0 -1  0  0  0 -1 -3 -3  0 -2 -3 -1  4  1 -3 -2 -2    0   0   0   0   0   0   0   0   0   0   0   0   0   0   0 100   0   0   0   0  0.45 0.00
  311 T   -1 -2 -1 -2 -2 -1 -2 -3  1 -1 -1 -2 -1  2 -2  0  2  1  6 -1    0   0   0   0   0   0   0   0   0   0   0   0   0   0   0   0  33   0  67   0  0.49 0.00
  312 A    2 -2 -1 -2 -2 -2 -2  5 -2 -3 -3 -1 -2 -3 -2  0 -1 -3 -3 -2   33   0   0   0   0   0   0  67   0   0   0   0   0   0   0   0   0   0   0   0  0.65 0.00
  313 L   -1 -3 -4 -4 -1 -3 -3 -4 -3  4  3 -3  2  0 -3 -3 -1 -2 -1  2    0   0   0   0   0   0   0   0   0  67  33   0   0   0   0   0   0   0   0   0  0.36 0.00
  314 P    0 -2 -1 -1 -1 -1 -1 -2 -2 -1 -2 -1 -1 -3  5  1  4 -3 -2 -1    0   0   0   0   0   0   0   0   0   0   0   0   0   0  33   0  67   0   0   0  0.65 0.00
  315 A    2 -2 -1 -2 -2 -2 -2  5 -2 -3 -3 -1 -2 -3 -2  0 -1 -3 -3 -2   33   0   0   0   0   0   0  67   0   0   0   0   0   0   0   0   0   0   0   0  0.65 0.00
  316 L   -2 -2 -4 -4 -1 -2 -3 -4 -3  2  4 -3  2  0 -3 -3 -1 -2 -1  1    0   0   0   0   0   0   0   0   0   0 100   0   0   0   0   0   0   0   0   0  0.45 0.00
  317 S    1 -1  0 -1 -1 -1 -1 -1 -2  2 -1 -1  0 -2 -1  3  1 -3 -2  1    0   0   0   0   0   0   0   0   0  33   0   0   0   0   0  67   0   0   0   0  0.19 0.00
  318 A    2 -2  0 -1 -1 -1 -1  3 -2 -3 -3 -1 -2 -3 -1  2  0 -3 -2 -2   33   0   0   0   0   0   0  33   0   0   0   0   0   0   0  33   0   0   0   0  0.39 0.00
  319 A    2 -2  0  3 -2 -1  0  3 -2 -3 -3 -1 -2 -3 -2  0 -1 -3 -3 -2   33   0   0  33   0   0   0  33   0   0   0   0   0   0   0   0   0   0   0   0  0.40 0.00
  320 N   -1  1  5  1 -3  1  0 -1  0 -3 -3  2 -2 -3 -2  0  0 -4 -2 -3    0   0  67   0   0   0   0   0   0   0   0  33   0   0   0   0   0   0   0   0  0.50 0.00
  321 R    0  3  0 -1 -2  0  0 -2 -1 -3 -3  1 -2 -3  5  2  0 -3 -2 -2    0  33   0   0   0   0   0   0   0   0   0   0   0   0  33  33   0   0   0   0  0.61 0.00
  322 C   -1 -1 -2 -2  6  3  0 -3 -1  0  2 -1  0 -1 -2 -1 -1 -2 -2 -1    0   0   0   0  33  33   0   0   0   0  33   0   0   0   0   0   0   0   0   0  0.31 0.00
  323 K   -1  2  0 -1 -3  4  1 -2  0 -3 -3  4 -1 -3 -1  0 -1 -3 -2 -2    0   0   0   0   0  33   0   0   0   0   0  67   0   0   0   0   0   0   0   0  0.48 0.00
  324 K   -1  1 -1 -1 -3  1  0 -2 -1 -3 -3  4 -2 -4  5  0 -1 -3 -2 -2    0   0   0   0   0   0   0   0   0   0   0  67   0   0  33   0   0   0   0   0  0.68 0.00
  325 R   -1  4  0  0 -4  2  4 -2  0 -3 -3  2 -2 -3 -2  0 -1 -3 -2 -3    0  50   0   0   0   0  50   0   0   0   0   0   0   0   0   0   0   0   0   0  0.55 0.00
  326 C   -1 -3 -3 -4  7 -2 -3 -3  0 -1 -1 -3 -1  1 -3 -1 -1  1  5 -1    0   0   0   0  50   0   0   0   0   0   0   0   0   0   0   0   0   0  50   0  0.68 0.00
  327 R   -2  6  0 -2 -4  1  0 -3  0 -3 -2  2 -1 -3 -2 -1 -1 -3 -2 -3    0 100   0   0   0   0   0   0   0   0   0   0   0   0   0   0   0   0   0   0  0.74 0.00
  328 R   -2  6  0 -2 -4  1  0 -3  0 -3 -2  2 -1 -3 -2 -1 -1 -3 -2 -3    0 100   0   0   0   0   0   0   0   0   0   0   0   0   0   0   0   0   0   0  0.74 0.00
  329 I   -2 -3 -3 -4 -2 -3 -3 -4 -2  3  1 -3  1  5 -3 -3 -1  0  2  1    0   0   0   0   0   0   0   0   0  50   0   0   0  50   0   0   0   0   0   0  0.38 0.00
  330 T   -1 -2 -1 -2 -2 -1 -2 -2  1 -1 -1 -1 -1  2 -2  0  3  1  5 -1    0   0   0   0   0   0   0   0   0   0   0   0   0   0   0   0  50   0  50   0  0.39 0.00
  331 R   -2  6  0 -2 -4  1  0 -3  0 -3 -2  2 -1 -3 -2 -1 -1 -3 -2 -3    0 100   0   0   0   0   0   0   0   0   0   0   0   0   0   0   0   0   0   0  0.74 0.00
  332 K   -1  1 -1 -2 -3  0  0 -2  1 -2 -2  3 -1  1 -2 -1 -1  1  5 -2    0   0   0   0   0   0   0   0   0   0   0  50   0   0   0   0   0   0  50   0  0.39 0.00
  333 N   -1  0  4  1 -3  4  1 -1  1 -3 -3  1 -1 -3 -2  0  0 -3 -2 -3    0   0  50   0   0  50   0   0   0   0   0   0   0   0   0   0   0   0   0   0  0.51 0.00
  334 R   -2  4 -1 -2 -3  0 -1 -3  1 -2 -2  1 -1  1 -3 -1 -1  1  5 -2    0  50   0   0   0   0   0   0   0   0   0   0   0   0   0   0   0   0  50   0  0.49 0.00
  335 N   -1 -1  4  0 -3 -1 -1  4  0 -4 -4 -1 -3 -3 -2  0 -1 -3 -3 -3    0   0  50   0   0   0   0  50   0   0   0   0   0   0   0   0   0   0   0   0  0.62 0.00
  336 T    0 -1  0 -1 -1 -1 -1 -2 -2 -1 -1 -1 -1 -2 -1  1  5 -3 -2  0    0   0   0   0   0   0   0   0   0   0   0   0   0   0   0   0 100   0   0   0  0.46 0.00
  337 A    4 -1 -2 -2  0 -1 -1  0 -2 -1 -1 -1 -1 -2 -1  1  0 -3 -2  0    0   0   0   0   0   0   0   0   0   0   0   0   0   0   0   0   0   0   0   0  0.00     0.00
  338 G    0 -2  0 -1 -2 -2 -2  6 -2 -4 -4 -2 -3 -3 -2  0 -2 -2 -3 -3    0   0   0   0   0   0   0   0   0   0   0   0   0   0   0   0   0   0   0   0  0.00     0.00
  339 S    1 -1  1  0 -1  0  0  0 -1 -2 -2  0 -1 -2 -1  4  1 -3 -2 -2    0   0   0   0   0   0   0   0   0   0   0   0   0   0   0   0   0   0   0   0  0.00     0.00
  340 T    0 -1  0 -1 -1 -1 -1 -2 -2 -1 -1 -1 -1 -2 -1  1  5 -2 -2  0    0   0   0   0   0   0   0   0   0   0   0   0   0   0   0   0   0   0   0   0  0.00     0.00
  341 A    4 -1 -2 -2  0 -1 -1  0 -2 -1 -1 -1 -1 -2 -1  1  0 -3 -2  0    0   0   0   0   0   0   0   0   0   0   0   0   0   0   0   0   0   0   0   0  0.00     0.00
  342 I   -1 -3 -3 -3 -1 -3 -3 -4 -3  4  2 -3  1  0 -3 -2 -1 -3 -1  3    0   0   0   0   0   0   0   0   0   0   0   0   0   0   0   0   0   0   0   0  0.00     0.00
  343 S    1 -1  1  0 -1  0  0  0 -1 -2 -2  0 -1 -2 -1  4  1 -3 -2 -2    0   0   0   0   0   0   0   0   0   0   0   0   0   0   0   0   0   0   0   0  0.00     0.00
  344 T    0 -1  0 -1 -1 -1 -1 -2 -2 -1 -1 -1 -1 -2 -1  1  5 -2 -2  0    0   0   0   0   0   0   0   0   0   0   0   0   0   0   0   0   0   0   0   0  0.00     0.00
  345 G    0 -2  0 -1 -2 -2 -2  6 -2 -4 -4 -2 -3 -3 -2  0 -2 -2 -3 -3    0   0   0   0   0   0   0   0   0   0   0   0   0   0   0   0   0   0   0   0  0.00     0.00
  346 R   -1  5  0 -2 -3  1  0 -2  0 -3 -2  2 -1 -3 -2 -1 -1 -3 -2 -2    0   0   0   0   0   0   0   0   0   0   0   0   0   0   0   0   0   0   0   0  0.00     0.00
  347 R   -1  5  0 -2 -3  1  0 -2  0 -3 -2  2 -1 -3 -2 -1 -1 -3 -2 -2    0   0   0   0   0   0   0   0   0   0   0   0   0   0   0   0   0   0   0   0  0.00     0.00
  348 R   -1  5  0 -2 -3  1  0 -2  0 -3 -2  2 -1 -3 -2 -1 -1 -3 -2 -2    0   0   0   0   0   0   0   0   0   0   0   0   0   0   0   0   0   0   0   0  0.00     0.00
  349 F   -2 -3 -3 -3 -2 -3 -3 -3 -1  0  0 -3  0  6 -4 -2 -2  1  3 -1    0   0   0   0   0   0   0   0   0   0   0   0   0   0   0   0   0   0   0   0  0.00     0.00
  350 N   -2  0  6  1 -3  0  0  0  1 -3 -3  0 -2 -3 -2  1  0 -4 -2 -3    0   0   0   0   0   0   0   0   0   0   0   0   0   0   0   0   0   0   0   0  0.00     0.00
  351 A    4 -1 -2 -2  0 -1 -1  0 -2 -1 -1 -1 -1 -2 -1  1  0 -3 -2  0    0   0   0   0   0   0   0   0   0   0   0   0   0   0   0   0   0   0   0   0  0.00     0.00
  352 S    1 -1  1  0 -1  0  0  0 -1 -2 -2  0 -1 -2 -1  4  1 -3 -2 -2    0   0   0   0   0   0   0   0   0   0   0   0   0   0   0   0   0   0   0   0  0.00     0.00
  353 Y   -2 -2 -2 -3 -2 -1 -2 -3  2 -1 -1 -2 -1  3 -3 -2 -2  2  7 -1    0   0   0   0   0   0   0   0   0   0   0   0   0   0   0   0   0   0   0   0  0.00     0.00
  354 Q   -1  1  0  0 -3  5  2 -2  0 -3 -2  1  0 -3 -1  0 -1 -2 -1 -2    0   0   0   0   0   0   0   0   0   0   0   0   0   0   0   0   0   0   0   0  0.00     0.00
  355 V    0 -2 -3 -3 -1 -2 -2 -3 -3  3  1 -2  1 -1 -2 -2  0 -3 -1  4    0   0   0   0   0   0   0   0   0   0   0   0   0   0   0   0   0   0   0   0  0.00     0.00
  356 T    0 -1  0 -1 -1 -1 -1 -2 -2 -1 -1 -1 -1 -2 -1  1  5 -2 -2  0    0   0   0   0   0   0   0   0   0   0   0   0   0   0   0   0   0   0   0   0  0.00     0.00
  357 S    1 -1  1  0 -1  0  0  0 -1 -2 -2  0 -1 -2 -1  4  1 -3 -2 -2    0   0   0   0   0   0   0   0   0   0   0   0   0   0   0   0   0   0   0   0  0.00     0.00
  358 D   -2 -2  1  6 -3  0  2 -1 -1 -3 -4 -1 -3 -3 -1  0 -1 -4 -3 -3    0   0   0   0   0   0   0   0   0   0   0   0   0   0   0   0   0   0   0   0  0.00     0.00

                      K         Lambda
Standard Ungapped    0.1321     0.3185
Standard Gapped      0.0410     0.2670
PSI Ungapped         0.1321     0.3185
PSI Gapped           0.0410     0.2670
