
Last position-specific scoring matrix computed, weighted observed percentages rounded down, information per position, and relative weight of gapless real matches to pseudocounts
           A  R  N  D  C  Q  E  G  H  I  L  K  M  F  P  S  T  W  Y  V   A   R   N   D   C   Q   E   G   H   I   L   K   M   F   P   S   T   W   Y   V
    1 M   -2 -3 -4 -5 -3 -2 -4 -4 -3  0  1 -3  9 -1 -4 -3 -2 -3 -2 -1    0   0   0   0   0   0   0   0   0   0   0   0 100   0   0   0   0   0   0   0  1.56 0.34
    2 K   -2  0  5  0 -3 -1 -1 -1 -1 -2 -1  2 -2  0 -3  0  1 -4 -2 -2    0   2  55   0   0   0   0   2   0   3   6  16   0   6   0   0  10   0   0   0  0.49 0.16
    3 A   -1  4  2 -2 -4  0 -1 -3 -1 -2 -2  3 -1  1 -3 -1 -1 -3 -2 -2    2  36  17   0   0   0   0   0   0   1   2  26   2  10   0   0   1   0   0   3  0.44 0.16
    4 T   -1  0  4 -1 -3 -1 -1 -2 -1 -3 -2  2 -2 -3 -2  0  3 -4 -1 -2    1   2  31   0   0   0   0   0   0   0   4  22   0   0   0   4  33   0   3   0  0.45 0.19
    5 K   -2  1  0 -2 -3  1  0 -3 -2  1 -1  5 -1 -3 -2 -1 -2 -4 -3 -1    0   3   4   0   0   6   3   0   0  13   3  62   0   0   0   0   0   0   0   3  0.52 0.20
    6 L    0 -2 -3 -3 -2 -2 -3 -3 -3  1  3 -1  3  3 -3 -1  0 -2 -1  1    6   0   0   0   0   0   0   0   0   5  34   7  12  15   0   3   5   0   0  12  0.24 0.11
    7 V   -1 -3 -3 -3 -2 -2 -3 -3 -3  3  2 -2  2 -1 -3 -2  1 -3 -2  2    0   0   0   0   0   0   0   0   0  30  24   2   8   0   0   0  14   0   0  18  0.34 0.12
    8 L   -1 -3 -4 -4  2 -3 -3 -4 -3  3  3 -3  3  0 -3 -3 -2 -2  0  1    2   0   0   0   5   0   0   0   0  20  47   0  11   2   0   0   0   0   3   9  0.44 0.14
    9 G    1 -3 -1 -2  1 -2 -2  4 -2  0 -2 -2 -2  2 -2  1 -1 -2 -1 -1   18   0   2   0   4   0   0  38   0   7   0   0   0  13   0   9   3   0   0   3  0.33 0.12
   10 A    3 -2 -1 -2 -2 -2 -2  1 -2  0 -2 -1 -1  0 -2  0  1 -3 -2  0   49   0   3   0   0   0   0  12   0   7   0   3   0   5   0   3  11   0   0   6  0.27 0.13
   11 V    1 -3 -3 -3 -2 -2 -2  0 -3  2  1 -2  0 -2  0 -1  0 -3 -2  3   19   0   0   0   0   0   0  10   0  13  12   0   0   0   3   0   7   0   0  33  0.21 0.10
   12 I    0 -3 -3 -3 -2 -3 -3 -3 -3  4  1 -3  2 -1 -3 -2  1 -3 -2  3   10   0   0   0   0   0   0   0   0  36   7   0   5   0   0   0  12   0   0  28  0.38 0.14
   13 L    0 -3 -3 -3 -2 -2 -3 -2 -3  1  4 -3  2  1 -2  0 -1 -2 -1  1   10   0   0   0   0   0   0   2   0   2  56   0   3   6   2   8   2   0   0   9  0.31 0.13
   14 G    2 -2 -1 -2 -2 -1 -2  3 -2  0 -1 -2  1 -2 -2  3  0 -3 -2 -1   18   0   0   0   0   0   0  23   0   6   6   0   7   0   0  34   3   0   0   2  0.29 0.13
   15 S    1 -2 -1 -2 -2 -1 -2 -1 -2  0 -1 -2 -1  0 -2  3  3 -3 -2  1   10   0   0   0   0   0   0   3   0   5   4   0   0   4   0  37  23   0   0  11  0.28 0.14
   16 T    1 -2 -2 -3  1 -2 -2 -1  0  0  2 -2  0  1 -1  0  2 -2 -1  0   15   0   0   0   3   0   0   3   3   2  32   0   0   8   1   5  22   0   0   4  0.16 0.10
   17 L   -1 -3 -3 -4  0 -3 -3 -2 -3  2  4 -3  2  0 -3 -1 -1 -3 -2  0    5   0   0   0   2   0   0   3   0   8  65   0   5   3   0   3   4   0   0   2  0.44 0.14
   18 L   -2 -3 -4 -4 -2 -3 -4 -4 -4  1  5 -3  3 -1 -4 -3 -2 -3 -2  1    0   0   0   0   0   0   0   0   0   0  84   0   7   0   0   0   0   0   0   6  0.79 0.20
   19 A    3 -2 -1 -2 -1 -1 -2  1 -2 -1 -2 -1 -1 -1 -2  2  1 -3 -2  0   43   0   2   0   0   0   0  10   0   3   0   0   0   4   0  22   6   0   0   8  0.28 0.11
   20 G    0 -3  0 -2 -3 -3 -3  6 -3 -5 -5 -2 -4 -4 -3  1 -2 -4 -4 -4    4   0   4   0   0   0   0  82   0   0   0   0   0   0   0  10   0   0   0   0  1.21 0.22
   21 C   -2 -5 -5 -5 11 -5 -6 -4 -5 -3 -3 -5 -3 -4 -5 -3 -3 -4 -4 -3    0   0   0   0 100   0   0   0   0   0   0   0   0   0   0   0   0   0   0   0  2.78 0.44
   22 S    3 -2 -1 -2 -2 -2 -2 -1 -2 -2 -2 -2 -2 -3 -2  4  2 -4 -3  1   33   0   0   0   0   0   0   0   0   0   0   0   0   0   0  41  15   0   0  11  0.47 0.21
   23 S   -1 -2  5 -1  1 -1 -1 -1 -1 -4 -4  0 -3 -4 -2  4  1 -4 -3 -3    0   0  38   0   3   0   0   3   0   0   0   5   0   0   0  46   5   0   0   0  0.68 0.25
   24 N   -1 -1  4  0 -3 -1  1  0  2 -3 -3 -1 -2 -3 -2  2  2 -3  0 -3    3   3  33   0   0   0  10   8   6   0   0   0   0   0   0  17  17   0   3   0  0.40 0.20
   25 A    1 -1  1  1 -2  1  1 -1 -1 -3 -3 -1 -2 -3  3  1  1 -3 -3 -2   19   0   9   7   0   8   9   2   0   0   0   0   0   0  17  14  13   0   0   0  0.34 0.14
   26 K    0  1  0  1 -3  2  1 -2 -1 -3 -3  4 -2 -4 -2  0 -1 -3 -2 -3    7   4   3  10   0  10   8   1   0   0   1  47   0   0   0   7   0   0   0   0  0.45 0.19
   27 I   -1 -2 -1 -2 -1 -2 -2 -3 -2  3  1 -2  2  0 -2 -1  0  1 -1  2    4   1   4   1   0   1   1   1   0  26  14   1   9   3   1   1   6   2   1  23  0.20 0.10
   28 D   -1 -1  1  1 -2  1  1  1 -1  0 -2  1 -1 -2 -2  1  1 -3 -2  0    1   0   9  10   0   9  10  10   0  10   1  10   0   0   0  10  10   0   0  10  0.12 0.09
   29 Q    0  0 -1  0 -3  3  2 -2  3 -3 -3  1  0  0 -2  0  0  5 -1 -3    6   5   0   4   0  15  16   0  11   0   1  11   4   4   0   9   4   8   0   0  0.32 0.20
   30 L   -1 -3 -3 -3 -2 -3 -3 -3 -3  2  4 -3  0  0 -3 -2  1  2 -2  1    5   0   0   0   0   0   1   1   0   8  56   0   0   3   0   2  11   4   0   6  0.43 0.20
   31 S    1 -2  1  0 -2  0  1 -2 -2 -2 -3 -1  0 -3 -2  4  2 -3 -3 -1    9   0   5   3   0   2  11   1   0   0   1   0   2   0   0  43  15   0   0   5  0.39 0.21
   32 S    1  1  2  0 -2  0  0  0  0 -3 -3  0 -2 -3 -2  3  1 -3 -1 -2   14   8  12   2   0   3   6   6   2   0   1   5   0   0   0  33   5   0   2   0  0.28 0.15
   33 D   -2 -1  1  4 -4  4  2 -3 -1 -3 -1  1 -2 -4 -2  0 -2 -4 -3 -3    0   0   6  33   0  29   9   0   0   0   8   9   0   0   0   6   0   0   0   0  0.55 0.22
   34 V   -1 -3 -3 -4 -2 -3 -3 -4 -3  2  1 -3  2  2 -3 -2 -1  3 -1  4    3   0   0   0   0   0   0   0   0  13  14   0   5  10   0   0   0   5   0  47  0.43 0.18
   35 Q    0 -1  2  2 -3  4  1 -1  2 -3 -3  1 -2 -3 -2  1 -1 -3 -2 -3    7   0  11  14   0  34   6   3   5   0   1   6   0   0   0  11   0   0   0   0  0.42 0.18
   36 T    0  0  1  0 -2  1  1 -2 -1  0 -1  1  0 -2 -2  1  3 -3 -2 -1    8   3   6   3   0   7  12   0   0   8   4   8   2   0   0  10  29   0   0   0  0.18 0.11
   37 L    0 -3 -3 -3 -2 -2 -3 -3 -3  2  1 -2  3  2 -3 -1  1  5  0  1   12   0   0   0   0   0   0   0   0  12  13   0  12  12   0   0  12  12   0  12  0.30 0.11
   38 N    0 -1  4  0 -3  2 -1 -1  1 -4 -4  1  0 -4 -3  3  0 -4 -3 -3    4   0  31   3   0  10   0   3   3   0   0  10   3   0   0  29   4   0   0   0  0.52 0.24
   39 A    2 -1  2  0 -2  1  0  0 -2 -1 -2 -1  1 -3 -2  2  1 -3 -1  0   24   2  12   3   0   8   3   4   0   4   0   0   5   0   0  16   7   0   2   9  0.17 0.13
   40 K   -2  2 -2  1 -5  3  1 -1 -2 -4 -4  5 -3 -4 -3 -2 -2  5 -3 -4    0   7   0  10   0  16   5   5   0   0   0  48   0   0   0   0   0   9   0   0  0.77 0.30
   41 V    0 -2 -2 -3 -2  0 -2 -3  3  2  0 -2  0  1 -3 -2  0  3 -1  3    6   0   0   0   0   8   0   0  12  19   6   0   0   6   0   0   7   6   0  31  0.25 0.15
   42 D    0 -1  1  4 -3  1  2  1 -1 -3 -3  0 -2 -4 -2  1  1 -4 -3 -3   11   0   7  29   0   7  14   8   0   0   0   6   0   0   0   8  11   0   0   0  0.36 0.13
   43 Q    0  2  0 -2 -4  6  1 -3  0 -4 -3  1  0 -4 -3  0 -1 -4 -3 -3   10  12   3   0   0  50   6   0   2   0   0   7   3   0   0   6   2   0   0   0  0.68 0.29
   44 L   -1 -3 -2 -4 -2 -3 -4 -4 -4  2  4 -2  2  0 -4 -3 -2  2 -2  1    5   0   3   0   0   0   0   0   0   9  62   3   6   3   0   0   0   4   0   5  0.55 0.23
   45 S    2 -1  0  0 -2  2  1 -2 -2 -3 -2  0 -2 -1 -2  3  0 -3 -2 -1   18   1   3   3   0  12   9   0   0   0   4   3   0   3   0  36   3   0   0   2  0.29 0.18
   46 N    1 -1  4  1 -3  2  1  0 -1 -4 -4 -1 -1 -4 -2  3  0 -4 -3 -3   11   1  25   4   0  13   7   5   0   0   0   0   2   0   0  30   2   0   0   0  0.43 0.21
   47 D    0  0  1  6 -4  1  2 -3 -2 -4 -4  0 -3 -5 -3 -1  0 -5 -4 -4   10   3   4  53   0   6  15   0   0   0   0   5   0   0   0   0   4   0   0   0  0.77 0.27
   48 V   -1 -3 -4 -4 -2  0 -3 -4 -1  3  0 -3  1  0 -3 -2 -1  2 -2  4    5   0   0   0   0   6   0   0   2  25   4   0   4   3   0   0   3   4   0  46  0.47 0.22
   49 N    0  0  5  2 -3  2  0  0 -1 -4 -4  1 -3 -4 -3  1 -1 -4 -3 -3    5   3  38  13   0  11   4   4   0   0   0   9   0   0   0  12   2   0   0   0  0.52 0.21
   50 A    3 -1  1  1 -2 -1 -1  1  0 -2 -2  0  1 -3 -2  1  0 -4 -3 -1   36   2   7  10   0   2   0   9   2   2   0   4   7   0   0  10   7   0   0   3  0.23 0.16
   51 M    1 -3 -3 -3 -2 -2 -3 -2 -3  1  3 -3  3  0 -3  1 -1  2 -2  1   15   0   0   0   0   0   0   3   0   7  35   0  14   3   0  14   0   4   0   7  0.29 0.18
   52 R    1  5  1 -2 -4  2 -1 -1  0 -4 -3  3 -2 -4 -3  0  0 -4 -3 -3   12  36   6   0   0   7   0   3   2   0   0  23   0   0   0   4   6   0   0   0  0.52 0.23
   53 S    2 -2  0  0  2  0 -1 -1 -2 -3 -3  0 -2 -4  2  2  1 -4 -3 -1   25   0   5   6   5   5   2   3   0   0   0   3   0   0  12  24   8   0   0   2  0.32 0.17
   54 D    2 -2  0  5 -3  1  2 -2 -2 -3 -4 -1 -3 -4 -3  0 -2 -5 -4 -1   24   0   3  44   0   6  13   1   0   0   0   2   0   0   0   4   0   0   0   5  0.61 0.26
   55 V    2 -3 -3 -3 -2 -3 -3 -3 -1  3  0 -2 -1  0 -3  0 -1  2 -2  3   26   0   0   0   0   0   0   0   2  24   7   1   0   3   0   6   2   4   0  26  0.31 0.19
   56 Q    1 -1 -1  0 -3  4  1 -3  0 -2 -1  1  4 -3 -3 -1 -2 -3  1 -2   15   1   2   4   0  30   6   0   2   1   3  11  16   0   0   3   0   0   6   0  0.39 0.25
   57 A    3 -2  0  1 -2  1  0 -1 -2 -1 -1  0  1 -2 -2  1  0 -3 -1 -1   42   0   5   8   0   7   3   1   0   3   3   4   4   2   0  11   3   0   2   3  0.25 0.19
   58 A    5 -3 -3 -4 -2 -3 -3 -1 -3 -1 -2 -3  0 -1 -3  0  0  2 -3  0   70   0   0   0   0   0   0   2   0   3   1   0   2   3   0   4   3   4   0   7  0.72 0.35
   59 K   -1  1  0 -2 -4  4  0 -1 -2 -4 -4  5 -3 -3 -3 -1 -1 -3  2 -2    2   3   5   0   0  20   2   4   0   0   0  50   0   0   0   2   2   0   8   3  0.63 0.30
   60 D    1 -1  1  4 -3  2  3  0 -2 -4 -4 -1 -3 -4 -2  1 -1 -4 -3 -3   12   2   5  28   0  11  22   6   0   0   0   0   0   0   0  12   2   0   0   0  0.49 0.21
   61 D    0 -2 -1  4 -5  0  6 -3 -2 -5 -5 -1 -4 -5 -3  0 -2 -5 -4 -4    9   0   0  24   0   0  62   0   0   0   0   0   0   0   0   6   0   0   0   0  1.06 0.36
   62 A    6 -3 -3 -4 -2 -3 -3 -2 -4 -3 -2 -3 -3  0 -3 -1  0  3 -3 -2   85   0   0   0   0   0   0   0   0   0   4   0   0   4   0   0   4   4   0   0  1.03 0.40
   63 A    4 -2  1  1 -2  0  1 -2  0 -2 -2  0  2 -3 -2  1  0 -4 -3 -1   45   0   6   6   0   4  10   0   2   0   0   5  10   0   0   6   4   0   0   2  0.33 0.18
   64 R   -1  7 -2 -3 -5  0 -2 -1  1 -5 -4  1 -3 -5 -4 -2 -3 -5 -3 -4    5  84   0   0   0   2   0   4   4   0   0   1   0   0   0   0   0   0   0   0  1.45 0.39
   65 A    6 -3 -3 -4 -2  0 -2 -2 -3 -3 -3 -2 -2  0 -3 -1 -2  3 -3  0   80   0   0   0   0   4   1   0   0   0   0   0   0   4   0   0   0   4   0   7  0.90 0.33
   66 N   -4 -2  8 -1 -5  0 -2 -3  2 -5 -5  0 -4 -5 -4 -1 -2 -6 -4 -5    0   0  87   0   0   5   0   0   4   0   0   4   0   0   0   0   0   0   0   0  1.69 0.43
   67 Q   -1 -1  0  1 -4  5  3 -3 -1 -2 -3  1 -2 -3 -2  1  1  1  0 -3    5   0   2   6   0  37  17   0   0   3   0  10   0   0   0   8   8   2   3   0  0.49 0.20
   68 R   -4  8 -3 -4 -6 -1 -2 -5 -2 -5 -4  0 -4 -5 -4 -3 -3 -5 -4 -5    0 100   0   0   0   0   0   0   0   0   0   0   0   0   0   0   0   0   0   0  2.04 0.48
   69 L   -3 -4 -5 -5 -3 -4 -5 -5 -4  4  4 -4  1  1 -4 -4 -2  3 -2  0    0   0   0   0   0   0   0   0   0  35  55   0   2   4   0   0   0   4   0   0  0.82 0.25
   70 D   -4 -4  2  8 -6 -2  0 -3 -3 -5 -6 -3 -5 -6 -4 -2 -3 -6 -5 -5    0   0   9  91   0   0   0   0   0   0   0   0   0   0   0   0   0   0   0   0  1.89 0.43
   71 N   -1 -2  8  1 -4  1 -2 -2 -1 -5 -5 -2 -4 -5 -4 -1 -2 -6 -4 -2    5   0  84   3   0   5   0   0   0   0   0   0   0   0   0   0   0   0   0   3  1.47 0.38
   72 M   -2  0 -1 -3 -3  3 -1 -4 -2  3  1  0  3  0 -3 -2 -2  3 -2  0    0   6   2   0   0  24   0   0   0  30   8   7  10   4   0   0   0   4   0   4  0.33 0.17
   73 A    4 -2  0 -2 -2 -2  0 -1 -3  0 -2 -2 -2 -3 -2  1  0 -4 -3  1   57   1   6   0   0   0   8   3   0   4   0   0   0   0   0   6   2   0   0  12  0.42 0.19
   74 T   -1  1 -1 -2 -3  3  0 -1  2 -2 -2 -1 -2  1 -2  2  3 -3 -1 -1    2   9   0   0   0  18   3   4   8   0   2   0   0   8   0  21  22   0   0   3  0.26 0.15
   75 K    0  2 -1 -2 -2 -1 -1 -1 -2 -2 -2  1 -2 -3  1  4  1 -3  0 -2    4  11   0   0   0   0   0   3   0   2   2  10   0   0   6  48  10   0   4   0  0.40 0.18
   76 Y   -4 -4  0 -5 -4 -3 -4 -5  1 -2 -3 -4 -3  2 -5 -3 -3  0  9 -3    0   0   6   0   0   0   0   0   3   2   0   0   0   3   0   0   0   0  86   1  1.85 0.41
   77 R   -2  4 -1 -2  0  0 -1 -3  1 -3 -3  4 -2 -4 -3  0  3 -4 -1 -3    0  29   0   0   3   0   0   0   4   0   0  31   0   0   0   7  25   0   1   0  0.57 0.20
   78 K   -2  1 -2 -2 -5  0 -1 -3 -2 -4 -4  7 -3 -5  2 -2 -2 -5 -4 -4    0   0   0   0   0   0   0   0   0   0   0  92   0   0   8   0   0   0   0   0  1.31 0.32

                      K         Lambda
Standard Ungapped    0.1221     0.3113
Standard Gapped      0.0423     0.2670
PSI Ungapped         0.1381     0.3098
PSI Gapped           0.0423     0.2670
