
Last position-specific scoring matrix computed, weighted observed percentages rounded down, information per position, and relative weight of gapless real matches to pseudocounts
           A  R  N  D  C  Q  E  G  H  I  L  K  M  F  P  S  T  W  Y  V   A   R   N   D   C   Q   E   G   H   I   L   K   M   F   P   S   T   W   Y   V
    1 M   -4 -5 -6 -7 -5 -4 -6 -6 -5 -2 -1 -5 11 -3 -6 -5 -4 -5 -4 -3    0   0   0   0   0   0   0   0   0   0   0   0 100   0   0   0   0   0   0   0  3.12 0.72
    2 L   -4 -5 -6 -7 -4 -5 -6 -7 -6  1  6 -5  3 -2 -6 -5 -4 -5 -4 -2    0   0   0   0   0   0   0   0   0   5  90   0   5   0   0   0   0   0   0   0  1.63 0.49
    3 T   -2 -3  1  3 -2 -2 -2 -3 -3 -4 -5 -1 -4 -5 -3  4  4 -6 -4 -4    0   0   6  19   1   1   0   0   0   0   0   2   0   0   0  38  32   0   0   0  0.90 0.38
    4 Q    2 -1  0  1 -4  3  2 -3 -2 -4 -4 -1 -3 -5  4  0  0 -5 -4 -3   23   1   5   9   0  15  14   0   0   0   0   1   0   0  19   7   4   0   0   1  0.53 0.24
    5 K    1  1  0  0 -4  4  3 -3  1 -4 -4  2 -2 -5 -3  0  0 -5 -3 -4   12   6   3   3   0  27  22   1   3   0   0  14   0   0   0   4   4   0   0   0  0.57 0.26
    6 T   -2 -3 -2 -2 -4  5 -1 -4  3 -3 -4 -2 -3 -5 -4  0  5 -5 -4 -2    2   0   0   2   0  33   1   0   7   1   0   1   0   0   0   5  47   0   0   2  1.09 0.44
    7 K   -3  3 -4 -5 -4 -3 -4 -5 -4  6 -1  2  1 -3 -5 -4 -1 -5 -4  1    0  19   0   0   0   0   0   0   0  54   3  12   3   0   0   0   2   0   0   7  0.92 0.36
    8 D    4 -1  0  2 -4  2  2 -2 -1 -4 -4  0 -3 -5  1  0 -1 -5 -3 -3   37   3   3  14   0   8  15   1   1   0   0   5   0   0   6   4   3   0   0   0  0.47 0.24
    9 I   -3 -2 -5 -5 -4 -4 -5 -6 -5  6  2 -4 -1 -2 -5 -3  2 -3  1  1    0   2   0   0   0   0   0   0   0  52  20   0   0   0   0   0  13   0   5   7  0.89 0.33
   10 V   -3 -6 -6 -6 -4 -5 -6 -6 -6  6 -2 -5 -2 -3 -6 -5 -3 -6 -4  6    0   0   0   0   0   0   0   0   0  44   0   0   0   0   0   0   0   0   0  56  1.57 0.48
   11 K   -4  0 -3  0 -6  0 -2 -5 -4 -6 -5  7 -5 -6 -4 -3 -3 -6 -5 -5    0   2   0   6   0   3   1   0   0   0   0  86   0   0   0   1   1   0   0   0  1.80 0.55
   12 A    5 -4 -3 -3 -3 -1 -2 -3 -4 -5 -5 -3 -4 -5 -4  5 -2 -6 -5 -4   50   0   0   1   0   2   1   0   0   0   0   0   0   0   0  46   0   0   0   0  1.20 0.46
   13 T   -3 -4 -3 -4  0 -4 -4 -5 -5 -2 -4 -4 -4 -4 -4  1  7 -6 -5 -3    0   0   0   0   2   0   0   0   0   1   0   0   0   0   0  10  86   0   0   0  1.87 0.60
   14 A    2 -5 -5 -5 -3 -4 -5 -5 -5  3  0 -4 -2 -3 -5 -3 -1 -5 -4  6   20   0   0   0   0   0   0   0   0  19   4   0   0   0   0   0   2   0   0  56  1.01 0.37
   15 P   -5 -6 -6 -5 -7 -5 -5 -5 -6 -7 -7 -5 -6 -8  9 -4 -5 -8 -7 -6    0   0   0   0   0   0   0   0   0   0   0   0   0   0  99   0   0   0   0   0  3.27 0.76
   16 V    2 -5 -5 -5 -3 -4 -5 -5 -5  2  3 -4 -1 -3 -5 -3 -3 -5 -4  5   17   0   0   0   0   0   0   0   0   8  30   0   0   0   0   0   0   0   0  45  0.85 0.33
   17 L   -4 -5 -6 -7 -4 -5 -6 -7 -6  1  6 -5 -1 -2 -6 -5 -4 -5 -4  0    0   0   0   0   0   0   0   0   0   5  90   0   0   0   0   0   0   0   0   5  1.61 0.49
   18 A    2  2 -3 -2 -5  2  5 -4 -3 -4 -4  2 -3 -5 -3 -2 -2 -5 -4 -1   23  11   0   0   0   9  38   0   0   0   0  12   0   0   0   1   1   0   0   4  0.72 0.32
   19 E    2 -2 -2 -1 -4  3  4 -3 -3 -3 -4  0 -3 -5 -3  1  1 -5 -4 -1   17   0   1   1   0  13  36   0   0   1   1   4   0   0   0  13   9   0   0   6  0.56 0.28
   20 H    0 -3  1 -4 -1 -2 -3  1  9 -5 -5 -1 -4 -4 -5 -3  1 -5  2 -4    9   1   7   0   1   1   0  11  51   0   0   3   0   0   0   0  10   0   6   0  1.28 0.43
   21 G   -1 -6 -3 -5 -6 -5 -5  7 -5 -7 -7 -5 -6 -7 -5 -2 -5 -6 -6 -6    4   0   0   0   0   0   0  94   0   0   0   0   0   0   0   1   0   0   0   0  2.26 0.58
   22 Y   -1 -2 -1 -2 -4 -1  3 -4 -3 -1  1 -1 -2 -3  3 -1  2 -4 -1  1    2   1   2   1   0   1  24   0   0   1  13   3   0   0  18   1  15   0   2  14  0.39 0.22
   23 D    4 -2 -2  1 -3 -1  1 -2 -3 -3 -3  2 -2 -4 -3 -1  3 -5 -4 -2   42   1   1  10   0   2   8   1   0   0   2  12   0   0   0   2  18   0   0   2  0.51 0.27
   24 I   -4 -5 -6 -6 -4 -5 -6 -7 -6  6  4 -5 -1 -3 -6 -5 -4 -5 -4  1    0   0   0   0   0   0   0   0   0  58  37   0   0   0   0   0   0   0   0   5  1.39 0.43
   25 I   -3 -5 -4 -5 -4 -4 -4 -4 -5  0 -4 -4 -4 -5 -5 -2  8 -6 -5 -2    1   0   0   0   0   0   0   1   0   4   0   0   0   0   0   0  91   0   0   2  2.00 0.63
   26 K    1  2 -2  0 -2  2  0 -1 -2 -4 -4  2 -3 -5 -3  0  4 -5 -4 -3   12  11   0   4   0   9   3   4   1   0   0  14   0   0   0   6  34   0   0   0  0.48 0.26
   27 C   -2  3 -2 -3  0 -1 -1 -5  8 -4 -1 -2 -3 -4 -5 -3  1 -5  1  0    4  14   0   0   2   1   4   0  45   0   6   1   0   0   0   0  11   0   4   7  1.02 0.38
   28 F   -6 -6 -7 -7 -6 -6 -7 -7 -5 -4 -3 -7  4  9 -7 -6 -6 -3 -1 -4    0   0   0   0   0   0   0   0   0   0   0   0  10  90   0   0   0   0   0   0  2.68 0.68
   29 Y   -6 -6 -6 -7 -7 -5 -6 -7 -2 -5 -5 -6 -5 -1 -7 -6 -6 -2 10 -5    0   0   0   0   0   0   0   0   0   0   0   0   0   0   0   0   0   0 100   0  3.34 0.82
   30 Q    0  3  0  1 -5  4  2 -2  0 -5 -4  4 -2 -5 -2 -1 -2 -5 -4 -4    7  13   4   9   0  19  12   1   2   0   1  25   1   0   2   3   1   0   0   0  0.55 0.24
   31 R   -4  6  4 -1 -5 -1 -2 -4 -3 -1  0 -1  2 -4 -5 -2 -1 -5 -4 -3    0  48  20   2   0   2   1   0   0   4  11   1   5   0   0   1   3   0   0   0  0.88 0.35
   32 M   -5 -5 -6 -7 -5 -4 -6 -7 -5 -2  3 -5 10 -3 -6 -5 -4 -5 -5 -2    0   0   0   0   0   0   0   0   0   0  26   0  72   0   0   0   0   0   0   2  2.33 0.66
   33 F   -5 -6 -6 -7 -5 -6 -6 -6 -3  0  3 -6 -1  8 -6 -5 -5 -3 -1 -3    0   0   0   0   0   0   0   0   1   3  32   0   1  62   0   0   0   0   0   0  1.70 0.49
   34 E    1  1  0  0 -3  2  2  0  0 -3 -3  1 -3 -4 -3  2  2 -4 -3 -2   15   8   3   4   0   8  14   6   2   1   1   6   0   0   0  17  14   0   0   1  0.28 0.16
   35 A    2  0  1  1 -4  0  2 -1  6 -4 -3  0 -3 -4 -3  0 -1 -4 -2 -3   23   4   6   7   0   4  15   3  23   0   1   3   0   0   0   6   2   0   1   1  0.48 0.22
   36 H   -4 -2  6 -2 -6 -3 -2 -4  8 -5 -6 -3 -5 -3 -5 -3 -4 -5  3 -3    1   2  39   1   0   0   1   0  43   0   0   0   0   1   0   0   0   0   9   2  1.71 0.51
   37 P   -3 -5 -6 -5 -6 -5 -4 -6 -6 -6 -6 -4 -6 -7  9 -4 -4 -7 -6 -5    2   0   0   0   0   0   0   0   0   0   0   0   0   0  95   0   0   0   0   0  3.03 0.72
   38 E   -2 -3 -3  1 -7  1  7 -4  0 -6 -6 -2 -5 -5 -4 -2 -4 -6 -5 -5    3   0   0   5   0   5  83   1   2   0   0   0   0   0   0   1   0   0   0   0  1.76 0.56
   39 L   -4 -5 -6 -6 -4 -5 -6 -6 -6  2  6 -5  0 -2 -6 -5 -3 -5 -4  3    0   0   0   0   0   0   0   0   0   9  73   0   0   0   0   0   0   0   0  17  1.27 0.41
   40 K   -2  4  1 -3 -3  0 -2 -4  1 -3  1  5 -2 -4 -4 -2 -1 -3 -3 -4    2  22   7   0   0   3   0   0   3   0  14  44   0   0   0   1   3   0   0   0  0.75 0.32
   41 N    0 -3  6  3 -5 -1  0 -3  3 -5 -6 -3 -5 -5  3 -1 -2 -6 -4 -4    8   1  43  18   0   2   6   0   7   0   0   0   0   0  12   2   1   0   0   0  0.97 0.36
   42 V   -3 -5 -4 -5 -3 -5 -5 -6 -5  5  3 -5  1  1 -5 -4 -2 -4  1  3    0   0   0   0   0   0   0   0   0  41  25   0   2   4   0   0   2   0   6  19  0.85 0.30
   43 F   -6 -7 -7 -7 -6 -7 -7 -7 -5 -4 -3 -7 -4  9 -8 -6 -6 -3 -1 -5    0   0   0   0   0   0   0   0   0   0   0   0   0 100   0   0   0   0   0   0  3.06 0.74
   44 N   -5 -4  9 -2 -6 -4 -4 -4 -3 -7 -7 -4 -6 -7 -6  0 -3 -7 -6 -7    0   0  93   0   0   0   0   0   0   0   0   0   0   0   0   7   0   0   0   0  2.51 0.69
   45 M   -3 -1 -2 -4 -5  5 -1 -4  5 -2  0 -3  7 -4 -2 -2  0 -5 -3 -3    1   2   1   0   0  30   2   0  13   1   9   0  32   0   2   1   5   0   0   0  0.98 0.41
   46 A    4 -1 -1 -3 -3 -3 -3  2 -4 -4 -4 -2 -3 -5 -3  3  3 -5 -4 -3   34   3   2   0   0   0   0  12   0   0   0   1   0   0   0  27  22   0   0   0  0.72 0.33
   47 H   -4 -3  7 -3 -6 -3 -3 -4  8 -7 -7 -2 -5 -6 -5 -2 -4 -7 -3 -6    1   1  53   0   0   0   0   0  42   0   0   2   0   0   0   2   0   0   0   0  2.14 0.61
   48 Q   -5 -3 -3 -4 -7  9 -2 -6  2 -7 -6 -2 -3 -7 -5 -4 -5 -6 -5 -6    0   0   0   0   0  95   0   0   4   0   0   1   0   0   0   0   0   0   0   0  2.67 0.77
   49 E    2  3 -2 -1 -4  2  1 -2  2 -3 -3  3 -2 -2 -3 -1 -1 -4 -3 -1   25  17   1   2   0  10   9   1   5   0   1  18   0   1   0   3   1   0   0   5  0.38 0.21
   50 Q   -1  0  4  0 -4  2 -1 -2 -1 -3 -3  0 -3 -5 -3  3  3 -5 -4 -3    3   4  26   4   0   8   2   2   1   1   1   6   0   0   0  24  18   0   0   0  0.54 0.27
   51 G   -3 -5 -2 -4 -6 -4 -5  7 -3 -7 -7 -3 -6 -7 -5 -3 -4 -6 -6 -7    0   0   1   1   0   0   0  94   1   0   0   1   0   0   0   1   0   0   0   0  2.22 0.59
   52 Q    1  3  0  2 -4  0  1 -1  3 -3 -3  0 -2 -3 -3  1  0 -4 -3 -3   14  21   2  16   0   3   6   5   7   1   1   5   0   0   0  12   4   0   0   1  0.34 0.18
   53 Q   -5 -3 -4 -4 -7  9 -2 -6 -3 -7 -6 -3 -4 -7 -5 -4 -5 -6 -5 -6    0   0   0   0   0 100   0   0   0   0   0   0   0   0   0   0   0   0   0   0  2.90 0.82
   54 Q    1  2 -3 -4 -5  6 -2 -3 -3 -5 -5 -2 -4 -6  5  0 -3 -5 -5 -3   11  13   0   0   0  37   0   1   0   0   0   1   0   0  30   5   0   0   0   1  1.13 0.43
   55 Q    0  4 -2 -2 -4  3  2 -3  0 -3 -3  2 -1 -1 -3 -1  1 -4 -3 -1    9  25   1   0   0  16  16   1   2   0   1  10   1   3   0   1   9   0   0   4  0.44 0.23
   56 A    7 -5 -5 -5 -4 -4 -4 -3 -5 -5 -5 -4 -4 -6 -4  1 -2 -6 -5 -3   91   0   0   0   0   0   0   0   0   0   0   0   0   0   0   8   1   0   0   0  1.75 0.57
   57 L   -5 -6 -7 -7 -5 -5 -6 -7 -6 -2  7 -6 -1 -3 -6 -6 -4 -5 -4 -2    0   0   0   0   0   0   0   0   0   0 100   0   0   0   0   0   0   0   0   0  1.96 0.58
   58 A    6 -5 -5 -5 -4 -4 -4 -3 -5 -4 -4 -4 -4  5 -4 -2 -2 -4 -3 -3   74   0   0   0   0   0   0   1   0   0   0   0   0  22   0   1   2   0   0   0  1.45 0.51
   59 R    0  0  6 -1 -4 -1  0  2  1 -5 -3 -2  0 -4 -4  0 -2 -5 -2 -4    8   5  42   1   0   2   5  17   3   0   3   1   3   0   0   7   1   0   1   0  0.66 0.29
   60 A    6 -4 -4 -5 -4 -4 -4  0 -5 -4 -5 -4 -4 -5 -4  0  0 -6 -5 -3   80   0   0   0   0   0   0   7   0   0   0   0   0   0   0   6   6   0   0   0  1.40 0.49
   61 V   -3 -6 -6 -6 -4 -5 -6 -6 -6  4  1 -5 -2 -3 -5 -5 -3 -6 -4  6    0   0   0   0   0   0   0   0   0  25  10   0   0   0   0   0   0   0   0  65  1.41 0.45
   62 Y    1 -4 -5 -5  5 -4 -5 -5 -2 -1  3 -4 -2  3 -5 -3 -3  2  5 -1   14   0   0   0  13   0   0   0   0   2  34   0   0  11   0   0   0   2  22   2  0.78 0.32
   63 A    6 -4 -5 -5 -4 -2 -4 -1 -5 -4 -4 -4  4 -5 -4 -2 -2 -6 -5 -3   84   0   0   0   0   1   0   3   0   0   0   0  11   0   0   0   1   0   0   0  1.56 0.54
   64 Y    2 -5 -6 -7 -6 -5 -6 -6 -2 -5 -5 -5 -5  0 -6 -5 -5 -2  9 -5   16   0   0   0   0   0   0   0   0   0   0   0   0   1   0   0   0   0  82   0  2.53 0.69
   65 A    7 -5 -5 -5 -4 -4 -4 -1 -5 -5 -5 -4 -4 -3 -4 -2 -3 -6 -5 -3   95   0   0   0   0   0   0   3   0   0   0   0   0   1   0   0   0   0   0   0  1.86 0.60
   66 E    2  2 -1 -2 -2  1  1 -2 -2 -2 -2  2 -2 -4 -3  1  1 -4 -3 -1   24  14   2   0   0   7  11   1   0   1   2  12   0   0   0  11  10   0   0   4  0.31 0.19
   67 N   -5 -4  7 -3 -6 -3 -4 -4  8 -6 -6 -4 -5 -4 -6 -3 -4 -5  3 -6    0   0  55   0   0   0   0   0  33   0   0   0   0   0   0   0   0   0  11   0  2.02 0.59
   68 I   -5 -6 -7 -7 -5 -6 -7 -7 -1  8  0 -6 -2 -3 -6 -6 -4 -6 -5  0    0   0   0   0   0   0   0   0   2  93   4   0   0   0   0   0   0   0   0   2  2.13 0.60
   69 E   -5 -4 -2  7 -7 -3  4 -2 -2 -6 -7 -3 -6 -7 -5 -3 -3 -7 -6 -6    0   0   0  72   0   0  23   2   1   0   0   0   0   0   0   0   1   0   0   0  1.89 0.55
   70 D   -3  2  7  3 -6  2 -1 -4  1 -6 -6 -1 -5 -6 -4 -2 -2 -6 -5 -5    1   9  53  18   0   7   3   0   3   0   0   3   0   0   0   0   2   0   0   0  1.21 0.42
   71 P   -2 -5 -3 -6 -4 -4 -5 -6 -5 -1  6 -5 -1 -3  4 -4 -3 -5 -4 -2    3   0   2   0   0   0   0   0   0   1  74   0   0   0  18   1   1   0   0   1  1.25 0.44
   72 N    2 -3 -1  1 -4 -1  4  3 -2 -5 -5 -2 -4 -5  1  1  0 -5 -4 -4   22   0   2   6   0   1  29  21   0   0   0   0   0   0   7   8   4   0   0   0  0.54 0.26
   73 S    4 -2  0 -2 -3  0 -1 -3 -4 -2 -3  0 -2 -3 -1 -1 -1 -5 -4  3   47   1   4   1   0   5   4   0   0   1   0   6   1   0   3   2   3   0   0  22  0.51 0.28
   74 L   -4 -5 -6 -7 -4 -5 -6 -7 -6  3  6 -5  1 -2 -6 -5 -4 -5 -4 -1    0   0   0   0   0   0   0   0   0  18  79   0   2   0   0   0   0   0   0   0  1.48 0.46
   75 M    2 -2 -2 -3 -3 -2 -3  3 -3  0  2 -1  1 -2 -3  1  0 -4 -3 -1   16   1   1   0   0   0   0  24   0   5  25   4   3   1   0  10   7   0   0   2  0.28 0.18
   76 A   -1 -4 -1  0 -5 -3 -1  2  0 -6 -6 -4 -5 -6  7  0 -2 -6 -5 -5    5   0   2   6   0   1   3  15   2   0   0   0   0   0  57   6   2   0   0   0  1.40 0.42
   77 V    5 -4 -4 -3 -3 -4 -3 -3 -4 -1  1 -4  0 -4 -4 -2 -1 -5 -4  3   52   0   0   1   0   0   1   0   0   0  12   0   2   0   0   0   4   0   0  27  0.79 0.35
   78 L   -2 -6 -6 -6 -4 -5 -6 -6 -6  2  0 -5 -1 -4 -4 -5 -3 -6 -4  7    3   0   0   0   0   0   0   0   0   7   6   0   1   0   0   0   0   0   0  83  1.61 0.51
   79 K    0 -1 -2 -1 -5  0  6 -1 -2 -5 -5  2 -2 -5 -3  1 -1 -5 -4 -3    6   2   1   2   0   1  55   4   1   0   0  12   1   0   0  10   2   0   0   2  0.86 0.36
   80 N   -4  6 -1 -3 -5  4 -2 -4 -1 -4  1  2 -2 -4 -4 -3 -2 -5 -4 -4    0  48   2   0   0  19   0   1   1   0  13  12   0   0   1   1   1   0   0   0  1.00 0.38
   81 I   -5 -7 -7 -7 -5 -6 -7 -7 -7  8 -2 -6 -2 -4 -6 -6 -4 -6 -5  0    0   0   0   0   0   0   0   0   0  97   0   0   0   0   0   0   0   0   0   3  2.35 0.65
   82 A    5 -4 -2 -4  4 -4 -4  0 -5  0 -3 -4 -3 -4 -4 -1 -2 -5 -4  2   58   0   1   0   8   0   0   8   0   6   0   0   0   0   0   2   1   0   0  16  0.88 0.37
   83 N   -4 -3  4 -3 -6  5 -1 -5  9 -7 -6 -3 -5 -5 -5 -3 -4 -6 -3 -6    0   0  18   0   0  30   3   0  47   0   0   0   0   0   0   1   0   0   0   0  1.88 0.58
   84 K   -4 -1 -4 -4 -7 -2 -3 -5 -4 -7 -6  8 -5 -7 -5 -4 -4 -7 -6 -6    0   1   0   0   0   0   0   0   0   0   0  99   0   0   0   0   0   0   0   0  2.44 0.71
   85 H   -6 -4 -4 -5 -7 -4 -4 -6 11 -8 -7 -5 -6 -6 -7 -5 -6 -7 -2 -8    0   0   0   0   0   0   0   0 100   0   0   0   0   0   0   0   0   0   0   0  3.84 0.90
   86 A    3  2 -4 -4  0 -3 -4 -4 -4 -1 -2 -2 -2 -4 -4 -2  3 -5 -4  4   27  12   0   0   2   0   0   0   0   1   1   1   0   0   0   1  19   0   0  37  0.68 0.34
   87 S    2 -4 -3 -4 -4 -3 -3  1 -4 -5 -6 -3 -5 -6 -4  6 -1 -6 -5 -5   17   0   0   0   0   0   0  10   0   0   0   0   0   0   0  72   1   0   0   0  1.38 0.52
   88 L   -4 -5 -6 -6 -4 -5 -6 -6 -5  0  6 -5 -1  4 -6 -5 -4 -4 -1  1    0   0   0   0   0   0   0   0   0   4  72   0   0  15   0   0   0   0   1   7  1.25 0.42
   89 G   -2 -3  4 -1 -5  3 -2  4  2 -5 -3 -2 -1  0 -4 -2 -3 -4  1 -4    1   0  26   2   0  17   0  31   5   0   2   0   1   5   0   1   1   0   6   1  0.69 0.31
   90 V   -4 -6 -7 -6 -4 -6 -6 -7 -7  7 -1 -6 -2 -3 -6 -5 -4 -6 -5  3    0   0   0   0   0   0   0   0   0  78   2   0   0   0   0   0   0   0   0  20  1.87 0.55
   91 K   -3  3 -3 -3 -5  4 -1 -4 -3 -3  2  3 -2 -4 -4 -2  1 -5 -4 -2    1  16   0   0   0  24   2   0   0   0  23  22   0   0   0   0  10   0   0   1  0.63 0.32
   92 P    2 -5 -5 -5 -6 -4 -3 -5 -5 -6 -6 -3 -6 -7  8 -3 -4 -7 -6 -5   21   0   0   0   0   0   1   0   0   0   0   1   0   0  75   1   0   0   0   0  2.28 0.62
   93 E    0 -3 -2  2 -6 -1  7 -4 -1 -6 -6 -2 -5 -6 -2 -1 -4 -6 -5 -5    8   0   1  10   0   1  73   0   1   0   0   0   0   0   2   3   0   0   0   0  1.49 0.51
   94 Q   -5 -3 -3 -1 -7  5 -2 -5 10 -7 -6 -3 -2 -5 -6 -4 -5 -6 -2 -7    0   0   0   3   0  28   1   0  65   0   0   1   1   0   0   0   0   0   0   0  2.42 0.68
   95 Y   -6 -6 -6 -7 -7 -6 -6 -7 -2 -5 -5 -6 -5 -1 -7 -6 -6 -2 10 -5    0   0   0   0   0   0   0   0   0   0   0   0   0   0   0   0   0   0 100   0  3.40 0.85
   96 P    1 -4  0  1 -5  2 -2 -3 -2 -5 -4 -1 -5 -6  7 -2 -3 -6 -5 -5   10   0   5   7   0   9   1   1   1   0   1   4   0   0  59   2   1   0   0   0  1.45 0.45
   97 I   -4 -6 -6 -6 -4 -6 -6 -7  1  8 -1 -6 -1 -1 -6 -5 -4 -5  0  1    1   0   0   0   0   0   0   0   3  83   3   0   1   2   0   0   0   0   3   5  1.75 0.53
   98 V   -4 -6 -7 -7 -4 -6 -6 -7 -7  0 -3 -6 -3 -4 -6 -5 -4 -7 -5  8    0   0   0   0   0   0   0   0   0   1   0   0   0   0   0   0   0   0   0  99  2.23 0.66
   99 G    1 -6 -4 -5 -6 -5 -5  7 -5 -7 -7 -5 -6 -7 -5 -3 -5 -6 -6 -6    9   0   0   0   0   0   0  91   0   0   0   0   0   0   0   0   0   0   0   0  2.19 0.59
  100 E    0  1 -1  0 -4  1  4 -2  3 -4 -4  3 -3 -3 -3  1  1 -5 -3 -4    6   5   2   4   0   4  27   3   9   0   1  19   0   1   0   9  10   0   0   0  0.46 0.23
  101 H    0 -4  3 -4  5 -3 -4 -3  8 -5 -5 -4 -4  0 -5 -3 -2 -4  4 -4    9   0  16   0  13   0   0   2  40   0   0   0   0   4   0   1   2   0  14   0  1.29 0.44
  102 L   -5 -6 -7 -7 -5 -6 -6 -7 -6 -2  7 -6 -1 -3 -6 -6 -5 -5 -4 -2    0   0   0   0   0   0   0   0   0   0 100   0   0   0   0   0   0   0   0   0  1.99 0.59
  103 L   -4 -5 -6 -7 -4 -5 -6 -7 -6  3  6 -5  0 -3 -6 -5 -4 -5 -4 -1    0   0   0   0   0   0   0   0   0  19  79   0   1   0   0   0   0   0   0   1  1.49 0.47
  104 A    3  2 -2 -2 -2  1  2  3  0 -3 -3  1 -3 -5 -3 -1 -2 -3 -4 -3   31  11   1   1   0   6  14  22   2   1   2   6   0   0   0   1   0   0   0   0  0.46 0.24
  105 A    6 -4 -4 -4 -3 -4 -4 -3 -4 -4 -4 -4 -4 -5 -4  2  4 -6 -5 -3   63   0   0   0   0   0   0   0   0   0   0   0   0   0   0  13  23   0   0   0  1.22 0.47
  106 I   -4 -6 -5 -6 -4 -5 -6 -7 -6  7  2 -6  3 -1 -6 -5 -4 -5 -4  0    0   0   1   0   0   0   0   0   0  70  18   0   8   2   0   0   0   0   0   1  1.52 0.48
  107 K    0  4 -2  2 -5  1  0  1 -3 -4 -4  4 -3 -5 -3  0 -2 -5 -4 -2    7  21   0  10   0   4   4  10   0   0   0  33   0   0   0   7   1   0   0   3  0.56 0.26
  108 E   -1 -2 -2  3 -6  2  6 -4  0 -5 -6 -2 -5 -6 -4 -2 -1 -6 -5 -5    4   1   1  16   0   7  64   1   2   0   0   1   0   0   0   1   3   0   0   0  1.30 0.46
  109 V   -3 -5 -6 -6 -4 -5 -5 -6 -4  1  2 -5  3 -3 -5 -4 -1 -5 -4  6    0   0   0   0   0   0   0   0   0   3  16   0   7   0   0   0   2   0   0  71  1.33 0.45
  110 L    0 -5 -6 -6 -4 -5 -5 -4 -5 -1  6 -5  1  2 -5 -5 -3 -4 -3 -2    8   0   0   0   0   0   0   1   0   1  78   0   2   8   0   0   0   0   0   1  1.25 0.43
  111 G   -2 -4  0 -3 -3 -2 -4  6 -1 -5 -5 -2 -4 -5  1 -1 -3 -4 -4 -5    2   0   4   1   1   2   1  74   1   0   1   2   0   0   7   3   1   0   0   1  1.37 0.39
  112 N   -1 -3  0  6 -4 -1  4 -2 -2 -2 -4 -2 -4 -4 -1 -1 -2 -4 -4 -3    4   1   3  48   0   1  25   2   1   3   2   1   0   1   2   3   1   0   0   1  0.95 0.31
  113 A    5 -3 -3 -3 -3 -1 -1 -2 -4  0 -3 -3 -3 -4 -2  1 -1 -5 -4  0   65   0   0   1   0   3   4   2   0   5   1   0   0   0   1   9   3   0   0   5  0.82 0.35
  114 A    5 -4 -4 -4  0 -4 -3 -3 -4 -3 -1 -4  0  3  3 -2 -3 -4 -3  0   59   0   0   0   2   0   0   0   0   0   6   0   2  12  12   0   0   0   0   6  0.88 0.38
  115 T   -3 -4 -1 -1 -4 -4 -2  1 -5 -4 -5 -2 -4 -5 -3  0  7 -6 -5 -3    1   0   2   3   0   0   2  12   0   0   0   1   0   0   1   4  73   0   0   1  1.38 0.51
  116 D   -1 -3 -2  5 -5  2  1 -2 -3 -5 -5 -2 -5 -6  5 -2 -2 -6 -5 -4    5   0   0  36   0  11   9   2   0   0   0   2   0   0  31   1   2   0   0   1  1.07 0.38
  117 D    1 -3 -3  3 -6  0  6 -4 -3 -6 -6 -2 -5 -6  1 -3 -3 -6 -5 -5   12   0   0  18   0   3  59   0   0   0   0   0   0   0   6   0   0   0   0   0  1.23 0.45
  118 I   -3 -5 -6 -6 -4 -5 -5 -6 -6  5  2 -5 -1 -3 -5 -4 -1 -5 -4  5    1   0   0   0   0   0   0   0   0  38  16   0   0   0   0   0   2   0   0  42  1.13 0.38
  119 I   -1 -3 -5 -4 -1 -3  0 -5 -2  4  4 -2  2 -2 -4 -4 -3 -4 -1  1    5   1   0   0   1   1   8   0   1  28  42   2   5   0   0   0   0   0   2   5  0.64 0.27
  120 S    2 -3  1  5 -5  1  3 -1 -1 -5 -5 -2 -4 -5 -3  0 -1 -5 -3 -4   17   0   6  38   0   6  19   4   1   0   0   1   0   0   0   5   2   0   1   0  0.74 0.31
  121 A    7 -5 -5 -5 -4 -4 -4 -3 -5 -5 -5 -4 -4 -6 -4 -2 -3 -6 -5 -3   99   0   0   0   0   0   0   0   0   0   0   0   0   0   0   0   0   0   0   1  2.06 0.65
  122 W   -7 -7 -8 -9 -7 -7 -8 -7 -7 -7 -6 -8 -6 -4 -8 -7 -7 13 -2 -4    0   0   0   0   0   0   0   0   0   0   0   0   0   0   0   0   0  99   0   1  4.91 1.04
  123 A    3 -1 -2 -1 -4 -2  0  4 -4 -2 -4 -2 -3 -4 -3 -1  1 -5 -2 -1   29   3   1   3   0   0   7  37   0   2   0   1   0   0   0   1  10   0   1   5  0.57 0.27
  124 Q    4 -1 -2 -2 -4  1  4 -3 -3 -3 -4  2 -3 -5 -3 -1 -1 -5 -4 -1   35   2   1   1   0   4  33   0   0   1   1  15   0   0   0   1   2   0   0   3  0.69 0.33
  125 A    7 -5 -5 -5 -3 -4 -4 -2 -5 -5 -5 -4 -4 -6 -4 -2 -3 -6 -5 -4   98   0   0   0   0   0   0   1   0   0   0   0   0   0   0   0   0   0   0   0  2.00 0.64
  126 Y   -6 -6 -6 -7 -7 -6 -6 -7 -2 -5 -5 -6 -5 -1 -7 -6 -6 -2 10 -5    0   0   0   0   0   0   0   0   0   0   0   0   0   0   0   0   0   0 100   0  3.38 0.85
  127 G   -2 -4 -1 -2 -5  2 -2  5 -3 -6 -3 -4 -3 -3 -5 -3 -3  8 -3 -5    3   1   2   2   0  11   3  50   0   0   3   0   0   1   0   1   1  22   0   0  1.31 0.43
  128 N   -1 -3 -1 -3 -4  5 -1 -4 -3 -1  0 -2 -1  3 -4 -2 -3 -4 -1  3    5   0   3   0   0  32   3   0   0   2   9   0   1  15   0   2   0   0   1  26  0.58 0.31
  129 L   -5 -5 -7 -7 -4 -5 -6 -7 -6  3  6 -6 -1 -3 -6 -6 -4 -5 -4 -2    0   0   0   0   0   0   0   0   0  15  85   0   0   0   0   0   0   0   0   0  1.63 0.51
  130 A    7 -5 -5 -5 -4 -4 -4 -3 -5 -5 -5 -4 -3 -6 -4 -2 -3 -6 -5 -4   99   0   0   0   0   0   0   0   0   0   0   0   1   0   0   1   0   0   0   0  2.06 0.65
  131 D   -2 -3  3  6 -6  2  1  0  1 -6 -6 -1 -5 -6 -4 -2 -3 -6 -5 -5    2   1  15  50   0   9   7   6   4   0   0   4   0   0   0   1   1   0   0   0  1.06 0.38
  132 V    0 -5 -5 -5 -3 -4 -2 -5 -5  5  2 -4  0 -3 -5 -4 -2 -5 -2  4    9   0   0   0   0   0   3   0   0  41  16   0   1   0   0   0   1   0   1  28  0.83 0.32
  133 L   -5 -5 -6 -7  0 -5 -6 -6 -5 -2  4 -6  4  7 -6 -5 -5 -3 -1 -3    0   0   0   0   2   0   0   0   0   0  36   0   9  53   0   0   0   0   0   0  1.58 0.49
  134 M   -3 -6 -7 -7 -5 -5 -6 -7 -7  8 -2 -4  0 -4 -6 -4 -4 -6 -5  0    1   0   0   0   0   0   0   0   0  93   0   1   2   0   0   1   0   0   0   1  2.12 0.61
  135 G    1 -2  3  2 -4  2  0  4 -2 -5 -5  0 -4 -5 -3  0 -1 -5 -4 -4   12   1  16  11   0  11   6  30   0   0   0   4   0   0   0   6   4   0   0   0  0.54 0.24
  136 M    2  6 -3 -4 -4 -1 -1 -3 -1  0 -2  0  0 -2 -4 -2 -1 -5 -4  1   18  47   0   0   0   1   4   1   1   6   2   2   3   2   0   0   3   0   0  11  0.69 0.32
  137 E   -5 -4 -4 -2 -8 -2  8 -6 -4 -7 -7 -3 -6 -7 -5 -4 -5 -7 -6 -6    0   0   0   0   0   0 100   0   0   0   0   0   0   0   0   0   0   0   0   0  2.52 0.73
  138 S    3  0 -1 -1 -4  1  3  1  0 -4 -4  2 -3 -5 -3  1 -1 -5 -4 -3   28   4   2   2   0   5  22  10   2   0   0  15   0   0   0   8   2   0   0   0  0.44 0.23
  139 E    1  1  0  2 -4  4  3  0 -2 -4 -4  1 -3 -5 -3  0 -1 -5 -4 -3   14   8   2  12   0  20  22   7   0   0   0   7   0   0   0   5   2   0   0   1  0.49 0.24
  140 L   -3 -3 -5 -6 -4 -3 -5 -5 -5  4  4 -4  5 -2 -5 -5 -3 -4 -4  1    1   1   0   0   0   1   0   1   0  30  46   1  14   0   0   0   0   0   0   5  1.00 0.36
  141 Y   -5 -2 -6 -7 -7 -5 -6 -7 -2 -5 -5 -6 -5 -1 -7 -6 -6 -2 10 -5    1   3   0   0   0   0   0   0   0   0   0   0   0   0   0   0   0   0  96   0  3.17 0.82
  142 E    1  1  0  2 -4  4  3 -2  0 -4 -3  2 -3 -4 -3  0 -1 -4 -3 -3   13   7   3  11   0  20  18   2   2   0   3  13   0   0   0   4   2   0   0   1  0.42 0.21
  143 R    1  0 -1  1 -4  4  4 -2  1 -4 -4  0 -3 -5 -3  0 -1 -5 -3 -3   16   3   2   9   0  23  29   2   3   0   1   3   0   0   0   5   3   0   0   0  0.59 0.28
  144 S    3  0  2 -2 -3  1 -2 -1  3 -2 -2  1 -1 -4 -3  1  1 -4 -2 -2   28   5  13   1   0   5   0   3   8   3   4   8   1   0   0  12   8   0   0   1  0.29 0.19
  145 A    4 -1 -2 -2 -2  2  3  0 -2 -3 -3  1 -2 -4 -2  0 -1 -4 -3 -2   38   2   1   1   0   8  25   5   0   1   1   6   0   0   1   4   2   0   0   2  0.50 0.25
  146 E    2 -1  1  0 -2  2  1 -1  0 -1 -2  0 -1 -3 -2  1  1 -3 -1 -1   18   2   8   4   0  14  11   2   2   3   2   5   1   1   1  13   8   0   1   3  0.20 0.12
  147 Q    3  0 -1 -1 -3  4  0 -1 -2 -3 -2  2 -2 -3 -2  0  1 -3 -3 -2   27   3   2   2   0  21   6   3   1   1   3  16   1   1   1   4   8   0   0   2  0.35 0.18
  148 P    0 -1  0  1 -2  1  1 -2  0 -1 -2  0 -2 -3  5  0  1 -3 -3 -1    9   3   4   7   0   6  10   1   2   3   4   4   0   1  28   4   9   0   1   5  0.42 0.15
  149 G   -2 -4 -1  0 -3 -4 -4  7 -4 -5 -5 -4 -4 -3 -4 -3 -4 -4 -3 -5    1   1   2   4   0   0   1  82   0   1   1   1   0   2   1   1   1   0   1   1  1.67 0.44
  150 G   -1 -4 -2 -2 -5 -4 -1  7  0 -6 -6 -4 -5 -5 -4 -1 -4 -5 -5 -5    3   0   1   2   0   0   5  80   3   0   1   0   0   0   1   3   0   0   0   0  1.61 0.45
  151 W   -7 -3 -7 -8 -6 -6 -7 -7 -6 -6 -3 -7 -5 -3 -7 -7 -6 13 -1 -7    0   2   0   0   0   0   0   0   0   0   3   0   0   0   0   0   0  93   1   0  4.45 0.95
  152 K   -1  4  1 -1 -4  1  1 -3 -1 -2 -1  1 -1 -3 -2  1  2 -4 -3 -1    4  29   7   3   0   7   9   0   1   1   5   6   1   0   1   9  13   0   0   3  0.35 0.19
  153 G   -2 -4  0  2 -5 -4 -2  6 -3 -6 -5 -4 -5 -4 -2 -1 -2 -5 -4 -5    2   1   4  13   0   0   2  68   1   0   1   0   0   1   2   3   2   0   0   1  1.26 0.40
  154 W    0 -3 -4 -4 -4 -2 -2 -2 -4 -3  0 -4 -1  4 -3 -3  2  9  1 -1   10   1   0   1   0   1   2   3   0   0   7   1   1  19   1   1  12  33   4   4  1.11 0.37
  155 R   -5  8 -4 -5 -7 -2 -3 -6 -4 -6 -6  2 -5 -5 -5 -4 -4 -6 -5 -6    0  87   0   0   0   0   0   0   0   0   0  11   0   0   0   0   0   0   0   0  2.25 0.63
  156 T    1  1  1  2 -4  1  2 -2 -1 -3 -3  1 -3 -4  3  0  0 -4 -3 -3   11   7   5  12   0   7  15   1   1   1   2   9   0   0  16   5   6   0   0   0  0.37 0.17
  157 F   -5 -6 -6 -7 -6 -6 -6 -6 -5 -3 -2 -6 -1  9 -7 -6 -5 -3  0 -3    0   0   0   0   0   0   0   0   0   0   3   0   1  93   0   0   0   0   0   1  2.66 0.66
  158 V   -2  4 -2 -3 -2 -1 -1 -4 -2  1 -2  3 -1 -2 -3 -2  1 -4 -3  2    2  30   1   0   1   0   4   0   1   8   1  17   1   2   0   2  10   0   0  21  0.47 0.24
  159 I   -3 -6 -6 -6 -2 -5 -6 -6 -6  5  0 -5 -2 -3 -5 -5 -3 -6 -4  6    0   0   0   0   0   0   0   0   0  37   7   0   0   0   0   0   0   0   0  55  1.40 0.45
  160 R    2  0 -2  0 -3  0  1 -3 -2  0 -1  0 -1 -3 -3  1  1 -4 -3  2   25   5   1   6   0   3   8   0   1   6   2   4   1   0   0   8   8   0   0  22  0.21 0.16
  161 E    0  4  0  1 -5  1  2 -2 -2 -5 -4  4 -4 -5 -3  0 -2 -5 -4 -4    8  28   4   9   0   4  15   2   0   0   0  24   0   0   0   6   0   0   0   0  0.64 0.27
  162 K   -4  3 -3 -4 -6 -2 -3 -5 -4 -1 -5  7 -4 -6 -4 -3 -3 -6 -5 -1    0  14   0   0   0   0   0   0   0   4   0  75   0   0   0   0   1   0   0   6  1.60 0.53
  163 R   -2  1 -2 -3 -3  2  2 -4 -1  1 -2 -1 -2 -4 -4 -3  1 -5 -3  4    1   8   1   0   0   8  17   0   2   8   0   3   0   0   0   0  10   0   0  42  0.53 0.29
  164 P    1  2 -1 -1 -4  2  0 -3 -1 -2 -3  3 -1 -3  4 -2 -2 -5 -3  0   11  11   2   3   0  12   6   0   1   2   1  19   1   1  20   1   1   0   0   9  0.43 0.22
  165 E   -4 -1 -4 -2 -7  3  7 -6 -3 -7 -6 -2 -5 -7 -5 -3 -4 -6 -5 -5    0   2   0   0   0  10  86   0   0   0   0   0   0   0   0   1   0   0   0   0  2.01 0.63
  166 S    0 -4 -1 -4 -3 -4 -4 -2 -4 -6 -6 -4 -5 -6 -4  7  0 -6 -5 -5    4   0   2   0   0   0   0   2   0   0   0   0   0   0   0  88   3   0   0   0  1.73 0.61
  167 D    1 -2  0  5 -5  0  4 -2 -2 -5 -5 -1 -4 -5 -2  1 -1 -6 -4 -4   13   1   4  29   0   2  32   2   0   0   0   2   0   0   1  12   2   0   0   0  0.76 0.31
  168 V   -2 -3  0  1 -3  0  4 -3 -1  0  1 -2 -1 -1 -3 -2  0 -3 -2  2    2   0   5   6   0   3  30   1   2   5  13   0   1   2   0   2   6   0   1  22  0.31 0.21
  169 I   -4 -6 -6 -6 -4 -6 -6 -7 -6  7 -2 -6 -1 -3 -6 -5 -4 -6 -4  4    0   0   0   0   0   0   0   0   0  73   0   0   0   0   0   0   0   0   0  25  1.79 0.53
  170 T   -2 -1 -3 -3  1 -4 -4 -5 -5 -1 -3  0 -2 -4 -4 -1  7 -5 -3  1    1   3   0   1   3   0   0   0   0   3   1   5   1   0   0   3  70   0   1   9  1.23 0.48
  171 S   -1 -4 -3 -4 -5 -4 -4 -4 -5 -6 -6 -4 -5 -6 -4  7 -2 -7 -5 -5    2   1   0   0   0   0   0   0   0   0   0   0   0   0   0  97   1   0   0   0  2.09 0.69
  172 F   -6 -6 -7 -7 -6 -7 -7 -7 -5 -2  0 -7 -3  9 -7 -6 -6 -3  0 -3    0   0   0   0   0   0   0   0   0   2   6   0   0  90   0   0   0   0   0   1  2.60 0.67
  173 I   -4 -3 -4 -4 -3 -3  0 -6  1  0 -2 -4 -3 -1 -5 -3  1 -2  8  2    0   1   0   0   0   0   8   0   3   5   2   0   0   0   0   0  10   0  56  13  1.30 0.46
  174 L   -5 -5 -7 -7 -4 -5 -6 -7 -6 -1  6 -6  0  4 -6 -6 -4 -4 -3 -2    0   0   0   0   0   0   0   0   0   0  83   0   1  16   0   0   0   0   0   0  1.60 0.50
  175 E    2  1 -3 -2 -3  1  3 -3 -2 -2 -3  3 -2 -4 -3 -1  1 -4 -2  2   17   7   0   0   0   7  22   0   0   1   0  18   1   0   0   1   9   0   1  15  0.39 0.24
  176 P   -1 -5 -4 -5 -6 -5 -5 -6 -3 -7 -7 -5 -6 -7  9 -3 -4 -8 -7 -6    5   0   1   0   0   0   0   0   1   0   0   0   0   0  92   1   1   0   0   0  2.87 0.73
  177 A    2 -3 -3 -2 -2  0  2 -4 -3  0 -1  0 -1 -3 -2 -1  1 -5 -3  4   19   0   0   1   0   5  14   0   0   1   2   7   1   0   1   3   7   0   0  38  0.40 0.25
  178 D   -5 -5 -1  8 -7 -4 -1 -3 -5 -7 -7 -4 -7 -7 -5 -3 -5 -8 -7 -7    0   0   1  96   0   0   1   2   0   0   0   0   0   0   0   1   0   0   0   0  2.59 0.69
  179 G   -2 -3  0 -1 -6 -2 -2  7 -1 -7 -7 -2 -6 -6 -5 -3 -4 -6 -6 -6    1   2   4   3   0   2   2  83   2   0   0   2   0   0   0   0   0   0   0   0  1.76 0.51
  180 G   -1  0 -2 -2 -4  3  0  4 -2 -4 -2  3 -2 -5 -4 -1 -2 -5 -4 -4    3   4   1   1   0  13   5  39   0   0   3  23   1   0   0   4   2   0   0   0  0.65 0.28
  181 P    2 -2 -2 -2 -3 -2  0 -2 -4 -4 -4  1 -4 -5  6 -1 -1 -6 -5 -2   22   2   2   2   0   1   5   2   0   0   1   7   0   0  45   4   4   0   0   2  1.00 0.35
  182 V   -2 -5 -6 -6 -4 -5 -5 -6 -6  3  4 -5 -1 -3 -4 -4 -2 -5 -4  5    2   0   0   0   0   0   0   0   0  12  40   0   0   0   1   0   1   0   0  44  1.03 0.37
  183 V    2 -2 -4 -4 -2 -3 -3 -3 -4  0  1 -3  2 -4  6 -1 -2 -5 -4 -1   20   1   0   0   1   0   1   1   0   6  15   0   7   0  39   4   1   0   0   4  0.83 0.32
  184 N    1  1  0  4 -4  0  1 -1 -1 -3 -3  1 -2 -4  1  1  0 -5 -3 -2   15   9   4  25   0   2   6   3   2   0   1   7   1   0   8  10   6   0   0   2  0.32 0.17
  185 F   -3 -5 -4 -6 -3 -5 -5 -6  5 -4 -4 -5 -4  7 -6 -5 -5 -1  6 -4    2   0   0   0   1   0   0   0  15   0   0   0   0  51   0   0   0   0  31   0  1.91 0.55
  186 E   -1  3 -2 -2 -4  3  2 -4  0 -2  1  4 -1 -3 -3 -2 -1 -4 -3 -2    3  15   0   0   0  15  14   0   2   2  15  26   1   0   0   1   3   0   0   2  0.47 0.25
  187 P    1 -6 -6 -5 -6 -5 -5 -6 -6 -6 -6 -5 -6 -7  9 -3 -5 -7 -7 -5   10   0   0   0   0   0   0   0   0   0   0   0   0   0  88   1   0   0   0   0  2.76 0.71
  188 G   -3 -6 -4 -5 -6 -5 -6  8 -6 -8 -7 -5 -6 -7 -6 -4 -5 -6 -7 -7    0   0   0   0   0   0   0 100   0   0   0   0   0   0   0   0   0   0   0   0  2.55 0.66
  189 Q   -5 -3 -4 -4 -7  9 -2 -6 -4 -7 -6 -3 -4 -7 -5 -4 -5 -6 -6 -6    0   0   0   0   0 100   0   0   0   0   0   0   0   0   0   0   0   0   0   0  2.92 0.84
  190 Y   -6 -6 -6 -7 -7 -6 -6 -7 -2 -5 -5 -6 -5  1 -7 -5 -6 -2 10 -5    0   0   0   0   0   0   0   0   0   0   0   0   0   4   0   0   0   0  96   0  3.21 0.81
  191 T   -4 -5 -6 -6 -4 -5 -6 -6 -6  6  3 -5 -1 -3 -5 -5 -2 -5 -4  3    0   0   0   0   0   0   0   0   0  47  31   0   0   0   0   0   2   0   0  19  1.15 0.38
  192 S    0 -4 -2 -3 -3 -3 -3  4 -4 -5 -5 -3 -4 -5 -4  5  3 -5 -5 -4    5   0   0   0   0   0   0  29   0   0   0   0   0   0   0  43  22   0   0   0  1.02 0.42
  193 V   -3 -5 -6 -6 -4 -5 -5 -6 -5  4  2 -5  0  2 -5 -4 -3 -4 -3  5    0   0   0   0   0   0   0   0   0  22  21   0   2   8   0   0   0   0   0  46  0.99 0.35
  194 A   -1  4 -2 -2 -3  3  0 -4  1 -4 -2  3 -1 -3 -4 -1 -2  4  2 -3    5  28   1   1   1  13   6   0   4   0   3  20   1   0   0   2   1   5   8   1  0.56 0.26
  195 I   -1 -2 -5 -5  0 -4 -4 -5 -5  3  3 -3  2  0 -4 -3 -1 -4 -3  4    4   2   0   0   2   0   0   0   0  14  30   2   4   3   0   0   4   0   0  35  0.60 0.25
  196 D   -2  1  1  2 -3  1  1 -3  1 -2 -2  1 -1  2  1 -1  0  0  1 -1    1   6   6  14   0   8   8   1   4   1   1  12   1  12   6   4   6   1   4   3  0.18 0.12
  197 V   -2 -4 -4 -1 -3 -4 -4 -5  1  4  1 -4  0 -1  3 -3 -2 -5 -3  3    1   0   0   4   0   0   0   0   4  26  12   0   1   2  18   1   1   0   0  28  0.62 0.27
  198 P   -1 -3 -1  3 -5 -2  2 -2 -3 -5 -5 -1 -5 -4  6 -1 -1 -6 -5 -4    6   0   3  16   0   1  13   2   0   0   0   2   0   1  48   3   3   0   0   0  1.16 0.38
  199 A    0 -1  0  2 -4  1  3  4  0 -4 -4 -1 -4 -5 -2  0 -2 -4 -4 -4    5   3   3  10   0   6  20  38   2   1   1   2   0   0   1   6   1   0   0   0  0.58 0.24
  200 L   -1 -1 -2 -1 -1  0  2 -2  2 -1  2 -1  0  2 -2 -1 -1 -1 -1 -1    4   2   1   3   1   5  16   3   7   1  31   2   2   9   1   5   2   1   1   2  0.16 0.13
  201 G    0 -2  0  0 -5  0  4  4 -2 -5 -5  0 -4 -5  2 -2 -1 -5 -4 -4    6   1   4   3   0   3  27  35   1   0   0   6   0   0  10   1   2   0   0   0  0.65 0.28
  202 L   -2 -1  1 -3 -3 -2 -2 -3  4  0  1 -3 -2  1 -2 -2 -2 -1  5  2    2   4   9   0   0   1   1   1  11   4  14   0   0   5   2   2   2   1  26  15  0.41 0.21
  203 Q   -1  3 -1 -1 -3  3  0 -3  0 -1  0  0  1 -1  0 -1  2  0  0 -1    2  17   2   4   0  15   4   0   2   2  13   4   4   3   4   4  14   2   3   3  0.19 0.14
  204 Q   -2 -2 -2 -2 -3  6  3 -4  4 -3 -2  0  0 -2 -3 -1 -1 -4 -3 -1    2   0   0   0   1  42  21   1  10   1   3   4   3   2   0   3   2   0   0   5  0.83 0.33
  205 I    0  1  1 -3  0 -1 -2 -3 -2  4  0 -1  1 -2  3  0 -1 -3 -2 -1    6   8   7   1   2   2   1   1   1  31   8   4   5   1  13   7   1   0   1   1  0.26 0.16
  206 R   -5  9 -4 -5 -7 -3 -4 -6 -4 -7 -6 -1 -5 -7 -6 -5 -5 -7 -6 -6    0 100   0   0   0   0   0   0   0   0   0   0   0   0   0   0   0   0   0   0  2.77 0.75
  207 Q   -5 -3  5 -3 -7  8 -2 -5  2 -7 -6 -2 -4 -7 -5 -3 -4 -6 -5 -6    0   0  24   0   0  71   0   0   4   0   0   0   0   0   0   0   0   0   0   0  2.06 0.66
  208 Y   -6 -6 -6 -7 -7 -6 -6 -7 -2 -5 -5 -6 -5  1 -7 -6 -6 -2 10 -5    0   0   0   0   0   0   0   0   0   0   0   0   0   2   0   0   0   0  98   0  3.30 0.83
  209 S   -2 -4 -3 -4 -5 -4 -4 -4 -5 -6 -6 -4 -5 -6 -4  7  0 -7 -5 -5    0   0   0   0   0   0   0   0   0   0   0   0   0   0   0  96   4   0   0   0  2.08 0.69
  210 L   -5 -5 -7 -7 -4 -5 -6 -7 -6  2  6 -6  0 -3 -6 -6 -4 -5 -4 -2    0   0   0   0   0   0   0   0   0  11  88   0   1   0   0   0   0   0   0   0  1.66 0.51
  211 S   -2 -4 -3 -4 -3 -4 -4 -4 -4 -6 -6 -4 -4 -6 -4  7  2 -6 -5 -5    0   0   0   0   0   0   0   0   0   0   0   0   0   0   0  89  10   0   0   0  1.87 0.64
  212 D    1 -1  0  5  2  1  1 -2  0 -4 -4 -2 -4 -5 -3  1  0 -5 -4 -3   15   4   2  40   6   8   5   2   2   1   1   0   0   0   0   8   6   0   0   1  0.61 0.28
  213 M    5 -1 -3 -3 -1  0 -1 -1 -3 -3 -2  1  0 -4 -1  1  0 -5 -3 -1   53   3   0   0   1   3   3   3   0   0   4  10   2   0   2   8   3   0   1   3  0.55 0.29
  214 P    0 -4 -3 -4 -3 -3 -4 -4 -1 -6 -6 -4 -5 -4  8  1 -3 -2 -2 -4    9   1   1   1   1   1   0   1   2   0   0   0   0   1  71  10   1   1   1   1  1.88 0.54
  215 N   -2  0  6  1 -4  1 -2  3  1 -6 -5 -2 -4 -5 -4 -1 -2 -6 -4 -5    1   6  45   8   0   5   2  24   4   0   0   1   0   0   0   3   1   0   0   0  0.94 0.36
  216 G    0 -2  0  0 -4  1  0  5 -1 -5 -4  2 -2 -5  0  1 -1 -5 -4 -3    6   1   3   5   0   6   5  43   2   0   1  12   1   0   4   8   2   0   0   1  0.55 0.23
  217 R   -2  2  1  3 -5  1  2  0 -1 -4 -4  2 -3 -5  1  0 -2 -5 -4 -3    2  15   5  19   0   5  15   7   1   1   0  16   0   0   7   5   1   0   0   1  0.44 0.20
  218 S   -1 -1 -1 -1 -2  0  0 -1  4 -4 -3 -3 -2  0 -4  1  2  3  6 -3    3   3   2   4   1   5   6   4   9   0   1   0   1   2   0  11  13   3  30   0  0.54 0.27
  219 Y   -5 -5 -6 -7 -6 -5 -6 -7 -2 -4  1 -6 -2  3 -7 -5 -5  4  9 -4    0   0   0   0   0   0   0   0   0   0  11   0   1   9   0   0   0   4  74   0  2.29 0.64
  220 R   -5  8 -4 -5 -7 -1 -4 -6 -2 -7 -6 -1 -5 -7 -6 -4 -5 -7 -5 -6    0  97   0   0   0   2   0   0   0   0   0   1   0   0   0   0   0   0   0   0  2.60 0.71
  221 I   -5 -7 -7 -7 -5 -6 -7 -7 -7  8 -2 -6 -2 -4 -6 -6 -4 -6 -5  0    0   0   0   0   0   0   0   0   0  97   1   0   0   0   0   0   0   0   0   2  2.39 0.66
  222 S    1 -4 -3 -4 -4 -3 -4 -4 -4 -6 -6 -4 -5 -6 -4  7  1 -6 -5 -5   11   0   0   0   0   0   0   0   0   0   0   0   0   0   0  83   6   0   0   0  1.67 0.59
  223 V   -4 -6 -7 -7 -4 -6 -6 -7 -7  1 -3 -6 -3 -4 -6 -5 -3 -6 -5  8    0   0   0   0   0   0   0   0   0   3   0   0   0   0   0   0   0   0   0  97  2.15 0.64
  224 K   -4  0 -4 -4 -7 -2 -3 -5 -4 -6 -6  8 -5 -7 -5 -4 -4 -7 -6 -6    0   3   0   0   0   0   0   0   0   0   0  97   0   0   0   0   0   0   0   0  2.37 0.69
  225 R   -3  8 -4 -5 -4 -1 -3 -5 -2 -6 -3  3 -4 -6 -5 -3 -4 -6 -5 -6    1  81   0   0   0   1   0   0   1   0   2  13   0   0   0   1   0   0   0   0  1.99 0.58
  226 E   -3 -3 -3  1 -7 -1  7 -5 -3 -4 -6 -3 -5 -6 -4 -3 -4 -6 -5 -5    2   0   0   6   0   1  88   0   0   1   0   0   0   0   0   0   0   0   0   1  1.99 0.61
  227 G    2 -1  0  2 -2  1  1  0 -1 -2 -2  0 -1 -3  0  0  0 -3 -2 -1   26   2   3  15   1   5  11   6   1   2   4   5   1   1   3   6   5   0   1   2  0.19 0.11
  228 G    1 -2 -1 -1 -2  0  0  5 -2 -2 -2 -1 -1 -3 -1  0 -1 -2 -2 -2   14   2   3   3   1   4   6  44   1   2   3   3   1   1   2   6   2   1   1   3  0.46 0.15
  229 G    1 -1  0  1 -1  0  0  2  0 -1 -1  0 -1 -2  1  0  0 -2 -1 -1   18   3   4   9   1   4   7  15   2   3   4   5   1   1   6   5   5   1   1   4  0.11 0.04
  230 P    0  0  1  2 -1  1  2  1  0 -1 -1  0 -1 -2  1  0  0 -2 -1 -1    8   3   6  11   1   6  15   9   2   3   4   7   1   2   6   6   5   1   2   4  0.11 0.04
  231 Q    0  1  0  0 -1  1  1  0  0 -1 -1  1 -1 -2 -1  0  1 -2 -1 -1   11   8   3   6   1   5  10   6   3   3   7  10   1   1   2   4  10   0   2   5  0.06 0.03
  232 P   -1 -2 -1 -1 -3 -1 -2 -1  3 -2 -3 -2 -2 -3  7 -2 -1 -3 -2 -1    5   1   2   3   1   2   2   4   8   2   2   2   1   1  51   2   3   0   1   5  1.03 0.26
  233 P    2 -1  1  1 -2  1  1  0  0 -3 -2  0 -2 -3  3  0 -1 -2 -2 -2   24   2   8   8   1   8   7   7   2   1   3   4   0   1  17   4   1   1   1   2  0.29 0.14
  234 G   -3 -6 -4 -5 -6 -5 -5  7 -5 -7 -7 -5 -6 -6 -5 -3 -5 -6 -6 -6    0   0   0   0   0   0   0  98   0   0   0   0   0   0   0   1   0   0   0   0  2.41 0.62
  235 Y   -1  1 -2 -3 -2  0 -2 -3 -1  1  1  1  1 -1 -3 -2  0  3  2  2    4   8   1   0   0   5   0   1   1   9  18  13   3   0   0   1   6   5   7  17  0.20 0.14
  236 V    0 -5 -5 -6 -2 -5 -5 -4 -6  2 -1 -5  1 -2 -5 -4 -3 -5 -4  6    8   0   0   0   1   0   0   1   0  11   2   0   2   1   0   0   0   0   0  73  1.30 0.44
  237 S   -2 -4 -3 -4 -1 -4 -4 -4 -5 -6 -6 -4 -5 -6 -5  7 -2 -7 -5 -5    0   0   0   0   1   0   0   0   0   0   0   0   0   0   0  99   0   0   0   0  2.19 0.71
  238 N   -3 -1  7 -2 -1 -2 -3  0  1 -5 -5 -3 -4 -6 -5  0  0 -6 -5 -2    1   4  65   0   2   1   0   8   3   0   0   0   0   0   0   7   6   0   0   3  1.34 0.47
  239 L   -2 -1 -4 -5 -5 -3 -4 -5  4 -1  0 -3 -1  2 -5 -4 -2  8  6 -1    3   4   0   0   0   1   0   0  10   4  11   1   1   7   0   0   2  19  32   5  1.11 0.38
  240 L   -4 -5 -7 -7 -4 -5 -6 -7 -6  0  6 -6  2 -2 -6 -6 -4 -5 -4 -2    0   0   0   0   0   0   0   0   0   2  92   0   4   1   0   0   0   0   0   0  1.73 0.53
  241 H   -6 -4 -4 -5 -7 -4 -4 -6 11 -8 -7 -5 -6 -5 -6 -5 -6 -4 -2 -8    0   0   0   0   0   0   0   0 100   0   0   0   0   0   0   0   0   0   0   0  3.80 0.90
  242 D   -1 -1  2  6 -5  1  2 -3 -2 -5 -5 -1 -4 -5 -4 -2 -2 -6 -5 -5    6   2   8  57   0   6  11   1   1   0   1   3   0   0   0   1   1   0   0   0  1.11 0.37
  243 H   -1  0  2  0 -3  3  2 -1  5 -3 -3  0 -1 -2 -3  1  0 -3 -1 -2    3   5   9   4   1  15  11   5  19   1   0   5   2   1   0   9   6   0   1   3  0.37 0.20
  244 V    1 -3 -4 -5 -3 -3 -4 -4 -3  2  2 -1  1 -1 -4 -3 -2 -4  1  4   16   0   0   0   0   0   0   1   0  12  21   3   4   2   0   0   1   0   6  34  0.49 0.24
  245 N    0  1  3 -1 -4  4  2 -2  3 -4 -4  2 -2 -5 -1 -1 -2 -5 -3 -2    6   7  17   1   0  23  12   2   6   0   0  15   1   0   3   3   1   0   0   3  0.50 0.25
  246 V   -1 -4 -4 -3 -4  0  5 -5 -4  1 -2 -2 -2 -4  1 -3 -2 -5 -4  4    5   0   0   0   0   3  41   0   0   6   2   1   0   0   6   0   1   0   0  35  0.80 0.37
  247 G   -3 -6 -2 -3 -6 -5 -4  7 -6 -7 -7 -5 -6 -7 -6 -3 -5 -6 -7 -7    0   0   1   1   0   0   1  97   0   0   0   0   0   0   0   0   0   0   0   0  2.37 0.63
  248 D    0 -4 -2  7 -5 -2 -1 -2 -1 -6 -6 -3 -4 -6 -4  1  1 -7 -5 -5    8   0   0  67   0   1   2   2   1   0   0   0   0   0   0   9   9   0   0   0  1.41 0.47
  249 Q   -2  0 -3 -3 -3 -1  2 -4 -2  2 -1  0 -1 -3 -3  0  2 -4 -3  3    0   5   0   0   0   1  17   0   1  14   4   5   1   0   1   6  16   0   0  29  0.35 0.22
  250 V   -3 -5 -6 -6 -4 -5 -5 -6 -6  4  4 -5 -1 -2 -5 -5 -3 -5 -4  4    0   0   0   0   0   0   0   0   0  25  39   0   0   1   0   0   0   0   0  35  1.08 0.37
  251 K   -2  1  0  2 -5  2  4 -4  2 -4 -2  2 -1 -2 -1 -1 -2  0 -2 -4    3   6   4  13   0  11  32   0   5   0   4  10   2   1   2   3   0   1   1   0  0.49 0.23
  252 L   -1 -5 -6 -6 -2 -5 -5 -6 -5  2  4 -5  0 -2 -5 -4 -3 -5 -4  5    4   0   0   0   1   0   0   0   0  11  41   0   1   0   0   0   0   0   0  41  0.97 0.35
  253 A    2 -3 -2 -3 -3 -2 -3 -1 -2 -3 -2 -3  0  2 -4  4  2 -4  1 -2   19   0   1   0   0   1   0   3   0   0   2   0   3  10   0  43  12   0   6   1  0.61 0.32
  254 A    4 -4 -3 -4 -4 -2 -4 -4  4 -4 -4 -3  0 -3  6 -2 -3 -5 -2 -2   41   0   1   0   0   2   0   0  10   0   0   1   2   1  36   1   1   0   1   3  1.14 0.42
  255 P   -4 -6 -6 -6 -7 -5 -5 -6 -6 -7 -7 -5 -7 -8  9 -5 -5 -8 -7 -6    1   0   0   0   0   0   0   0   0   0   0   0   0   0  99   0   0   0   0   0  3.30 0.80
  256 Y    5 -1 -3 -4  4  0 -3 -2  1 -4 -3 -3 -1  2 -4  0  0 -2  2 -3   49   4   0   0   8   5   0   1   4   0   0   0   2  10   0   7   5   0   6   0  0.63 0.32
  257 G   -3 -6 -4 -5 -6 -5 -6  8 -6 -8 -7 -5 -6 -7 -6 -4 -5 -6 -7 -7    0   0   0   0   0   0   0 100   0   0   0   0   0   0   0   0   0   0   0   0  2.55 0.66
  258 S   -4 -4  1  7 -5 -3  4 -4 -2 -5 -5 -3 -6 -6 -4 -2 -3 -7 -6 -3    1   0   5  64   0   0  24   1   1   0   1   0   0   0   0   2   1   0   0   2  1.56 0.49
  259 F   -6 -7 -7 -8 -6 -7 -7 -7 -5 -4 -3 -7 -4  9 -8 -6 -6 -3  0 -5    0   0   0   0   0   0   0   0   0   0   0   0   0 100   0   0   0   0   0   0  3.09 0.76
  260 H   -2 -4 -3 -5 -4 -3 -4 -5  1 -1 -2 -3 -1  6 -5 -2  3 -1  3  2    2   0   0   0   0   0   0   0   3   2   1   1   1  35   0   2  23   0  10  18  0.80 0.34
  261 I   -4 -5 -6 -6 -3 -5 -5 -6 -3  1  5 -5  2  1  1 -5 -4 -2  1  0    0   0   0   0   0   0   0   0   1   5  70   0   4   5   7   0   0   0   6   3  1.03 0.37
  262 D   -1 -1  2  5 -4  2  1 -2 -1 -4 -4  0 -3 -4 -1  0 -1 -4 -3 -3    6   3   7  41   0  11   7   3   1   1   1   6   0   0   3   5   2   0   0   1  0.61 0.22
  263 V    1  1 -1 -1 -2  0  0 -2 -1  1  0 -1 -1 -2  2  0  1 -3 -2  2   14   8   2   4   0   3   7   2   1   8   6   2   1   1  11   3  10   0   0  17  0.13 0.09
  264 D    0 -2  1  3 -4  1  3 -2  1 -3 -3  0 -3 -4  0  0  1 -4 -3 -3   10   1   7  19   0   7  25   2   3   1   2   4   0   0   3   7   8   0   0   1  0.40 0.19
  265 A    2 -1  0  0 -2 -1 -1  0 -1 -3 -3  0 -2 -4  3  3  1 -4 -3 -2   17   3   4   6   1   2   2   7   1   0   1   7   0   0  14  24   7   0   0   3  0.33 0.18
  266 K    0  0  2  4 -4  1  2 -1  0 -3 -4  0 -3 -4 -1  1  2 -5 -4 -3    6   3   8  22   0   6  13   3   2   1   0   5   0   0   3   8  18   0   0   1  0.39 0.20
  267 T    1  3  0 -2 -2  0 -1 -1  1 -3 -2  3 -3 -4 -3  1  4 -3 -3 -2   10  15   4   1   0   3   2   3   4   1   3  17   0   0   0   7  28   0   0   1  0.37 0.22
  268 P   -3 -2 -4 -4 -6 -5 -4 -6 -3 -6 -7 -3 -6 -7  9 -4 -4 -7 -6 -6    1   2   1   1   0   0   0   0   1   0   0   1   0   0  92   1   0   0   0   0  2.88 0.72
  269 I   -1 -5 -2 -5 -3 -4 -5 -5 -5  3  3 -3  0 -3 -5 -4 -2 -5 -4  5    3   0   2   0   0   0   0   0   0  17  24   1   1   0   0   0   2   0   0  50  0.91 0.34
  270 V    0 -5 -5 -6 -4 -5 -5 -4 -6  1 -1 -5 -2 -3 -5 -3  1 -5 -2  6    9   0   0   0   0   0   0   1   0   3   3   0   0   0   0   1   8   0   1  73  1.22 0.44
  271 L   -4 -5 -7 -7 -4 -5 -6 -7 -6 -2  6 -6  0  3 -6 -6 -4 -4 -3 -2    0   0   0   0   0   0   0   0   0   0  87   0   1  12   0   0   0   0   0   0  1.64 0.51
  272 I   -4 -6 -6 -6 -4 -5 -6 -7 -6  7  3 -5  1 -3 -6 -5 -4 -5 -4  1    0   0   0   0   0   0   0   0   0  61  29   0   3   0   0   0   0   0   0   7  1.39 0.44
  273 S    0 -4 -3 -4 -2 -4 -4 -2 -4 -6 -6 -4 -5 -6 -4  7  0 -6 -5 -5    7   0   0   0   1   0   0   1   0   0   0   0   0   0   0  88   4   0   0   0  1.76 0.61
  274 G    5 -5 -4 -5 -4 -4 -4  5 -5 -4 -5 -4 -5 -6 -4 -2 -3 -6 -5 -3   51   0   0   0   0   0   0  48   0   0   0   0   0   0   0   0   0   0   0   1  1.43 0.48
  275 G   -3 -6 -4 -5 -6 -5 -6  8 -6 -8 -7 -5 -6 -7 -6 -4 -5 -6 -7 -7    0   0   0   0   0   0   0 100   0   0   0   0   0   0   0   0   0   0   0   0  2.55 0.66
  276 V   -3 -6 -6 -6 -4 -5 -6 -6 -6  2 -2 -5 -2 -4 -6 -4 -3 -6 -4  7    0   0   0   0   0   0   0   0   0   8   0   0   0   0   0   1   0   0   0  90  1.89 0.57
  277 G   -3 -6 -4 -5 -6 -5 -6  8 -5 -7 -7 -5 -6 -7 -6 -4 -5 -6 -6 -7    0   0   0   0   0   0   0  99   0   0   0   0   0   0   0   0   0   0   0   0  2.49 0.64
  278 L    0 -4 -5 -5 -2  2 -4 -5 -4  5  3 -4  0 -2 -4 -4 -3 -4 -3  2    7   0   0   0   1  13   0   0   0  36  31   0   1   0   0   0   0   0   0  12  0.73 0.31
  279 T   -4 -5 -4 -5 -5 -4 -5 -5 -5 -4 -5 -4 -4 -6 -5 -2  8 -6 -5 -4    0   0   0   0   0   0   0   0   0   0   0   0   0   0   0   0  99   0   0   0  2.43 0.73
  280 P   -3 -6 -6 -5 -3 -5 -5 -6 -6 -7 -7 -5 -6 -7  9 -5 -5 -7 -7 -6    1   0   0   0   1   0   0   0   0   0   0   0   0   0  97   0   0   0   0   0  3.18 0.78
  281 M   -1 -5 -5 -6 -4 -4 -5 -6 -5  0  3 -5  9 -1 -5 -4  1 -5 -4 -1    4   0   0   0   0   0   0   0   0   3  24   0  54   2   0   0  10   0   0   3  1.47 0.50
  282 V   -2 -3 -4 -5 -3  1 -4 -5 -4  3  3 -2  5 -1 -5 -4 -1 -3 -3  2    1   0   1   0   0   6   0   0   0  14  35   2  20   1   0   0   3   0   0  15  0.70 0.29
  283 S    4 -4 -3 -4 -3 -3 -3 -1 -4 -5 -5 -3 -3 -5  0  6 -1 -6 -5 -4   29   0   0   0   0   0   0   3   0   0   0   0   0   0   4  63   1   0   0   0  1.23 0.48
  284 M   -2 -5 -6 -7 -5 -4 -6 -6 -5  3 -1 -5 10 -4 -6 -5 -2 -5 -5 -2    3   0   0   0   0   0   0   0   0  13   1   0  80   0   0   0   2   0   0   1  2.48 0.71
  285 L   -1 -5 -6 -5 -4 -5 -5 -5 -5 -1  6 -5  1  0 -5 -5 -3 -3 -2  0    7   0   0   0   0   0   0   0   0   1  81   0   2   3   0   0   0   0   1   4  1.29 0.44
  286 K   -2 -1  4  2 -5  2  4 -2  4 -5 -4  1 -4 -5 -4 -1 -1 -5 -3 -5    1   2  25  11   0   8  28   2   9   0   1   9   0   0   0   2   2   0   0   0  0.72 0.29
  287 V    2 -2 -2 -3 -3  1 -2 -3 -1  0  0 -2 -2 -3 -3  2  5 -4 -3 -2   17   1   0   0   0   7   1   0   1   4   9   1   0   1   1  14  40   0   1   1  0.55 0.29
  288 A    3 -3 -4 -4 -3 -3 -4 -3 -3  2  4 -3 -1 -2 -4 -1 -1 -4 -3  1   32   1   1   0   0   1   0   0   0  10  40   0   0   0   0   2   2   0   0  10  0.57 0.27
  289 L    3 -1 -2 -3 -2 -1 -2 -3  0  1  2 -1  0 -2 -3 -1  0 -4 -2  2   27   2   1   1   0   2   2   0   2   5  26   3   1   0   0   3   6   0   1  15  0.25 0.17
  290 Q    0  1  0  1 -4  3  3 -2  0 -3 -3  2 -3 -4 -1  1  0 -4 -3 -2    7   6   3   9   0  17  20   2   2   0   1  13   0   0   2   8   6   0   0   2  0.36 0.18
  291 A    1  0  1  1 -3  3  0  1  2 -4 -4  0 -2 -4 -3  1  1 -4 -2 -3   15   4   8   8   0  20   5  13   5   0   0   3   0   0   0   8   9   0   0   0  0.32 0.18
  292 P   -1 -3  0 -1 -4 -1 -2  0  5 -4 -4 -1 -1 -3  5  2  0 -4 -2 -3    3   0   5   3   0   1   1   8  16   1   1   3   2   1  29  19   6   0   1   1  0.67 0.27
  293 P    0  0  1  1 -4  2  2  1  0 -4 -3  1 -3 -4  1  0  1 -3 -3 -3    7   4   7   8   0  13  14  11   2   0   1  10   0   0   8   6   9   0   0   0  0.30 0.16
  294 R    1  7 -1 -4 -4  1 -2 -3  0 -5 -4  1 -4 -4 -4 -1 -2 -5 -3 -2   14  60   2   0   0   6   1   1   3   0   1   5   0   0   0   2   1   0   0   3  1.09 0.40
  295 Q   -2  0 -1  1 -5  2  2 -4 -1 -5 -5  2 -4 -6  6 -1 -2 -6 -5 -4    2   3   2   7   0  12  14   0   1   0   1  12   0   0  40   4   1   0   0   0  0.97 0.34
  296 V   -2 -5 -6 -6 -4 -5 -5 -6 -6  5 -1 -5 -1 -3 -5 -4  0 -6 -4  6    2   0   0   0   0   0   0   0   0  29   2   0   0   0   0   0   5   0   0  61  1.33 0.44
  297 V   -1  0  1 -3 -2 -1 -2 -4  6  0 -1 -1 -1  0 -4  1  3  1  1  1    2   6   7   0   1   3   0   0  23   5   4   2   1   3   0  10  19   2   4   9  0.38 0.22
  298 F   -6 -6 -7 -7 -6 -6 -6 -7 -4 -4 -3 -6 -4  8 -7 -6 -6  9  4 -3    0   0   0   0   0   0   0   0   0   0   1   0   0  58   0   0   0  25  15   1  2.35 0.61
  299 V   -1 -5 -5 -5 -3 -5 -5 -4 -5  5  3 -5 -1  0 -5 -3 -3 -5 -3  3    6   0   0   0   0   0   0   1   0  45  23   0   0   3   0   2   0   0   0  20  0.89 0.33
  300 H   -6 -4 -3 -5 -7  2 -4 -6 11 -7 -7 -4 -5 -4 -6 -5 -4 -6  1 -6    0   0   0   0   0   7   0   0  88   0   0   0   0   0   0   0   1   0   3   0  3.16 0.79
  301 G    5 -4 -4 -4  4 -4 -4  3 -4 -4 -4 -4 -4 -4 -4  0 -2 -5 -1 -2   59   0   0   0   8   0   0  20   0   0   0   0   0   0   0   6   2   0   2   2  1.00 0.40
  302 A    5 -5 -4 -5  6 -4 -4 -3 -5 -4 -4 -4 -4 -5 -4  0  1 -5 -5 -1   61   0   0   0  18   0   0   0   0   0   0   0   0   0   0   6  10   0   0   4  1.23 0.45
  303 R   -3  6 -1 -2 -6  1  3 -4  1 -2 -1  1 -1 -5 -4 -3 -3 -5 -4 -3    0  54   2   1   0   4  18   0   3   2   7   4   2   0   0   1   0   0   0   1  0.98 0.38
  304 N   -3 -2  7  1 -2 -2 -2 -3  4 -6 -6 -2 -4 -5 -4  2  1 -6 -3 -5    1   1  55   8   1   1   1   1   9   0   0   1   0   0   0  14   7   0   1   0  1.21 0.43
  305 S    1  0 -2 -2 -4 -1  0  4 -2 -3 -3  0 -3 -4  0  2  0 -5 -4 -3   14   5   0   0   0   2   6  36   1   1   2   4   0   0   4  20   4   0   0   1  0.50 0.23
  306 A    2  2  0  1 -4  2  2  1 -1 -4 -4  1 -3 -4 -2  1 -1 -4 -3 -3   17  12   4   8   0  10  11  12   1   0   1   9   0   0   1  11   2   0   0   0  0.31 0.17
  307 V    0 -3 -3 -4 -3  2 -2 -4  4 -1 -1 -3 -1 -2 -4 -1  1 -1  0  4    9   0   0   0   0  12   2   0  11   0   3   0   1   1   0   5  10   1   3  42  0.51 0.29
  308 H   -4  1 -3 -3 -6  2 -2 -5 10 -4 -3 -4 -2 -4 -5 -4 -4 -4 -1 -2    0   8   0   1   0   9   2   0  70   1   2   0   1   0   0   0   1   0   1   3  2.10 0.61
  309 A    6 -4 -4 -5  0 -4 -4 -2 -5 -4 -4 -4 -4 -5  1  1 -1 -6 -5 -2   76   0   0   0   2   0   0   1   0   0   0   0   0   0   8   8   3   0   0   1  1.30 0.48
  310 M   -5 -6 -6 -7 -6 -5 -6 -6  3 -3  0 -6  5  8 -7 -5 -5 -3  1 -4    0   0   0   0   0   0   0   0   7   0   6   0  17  68   0   0   0   0   2   0  1.97 0.57
  311 R    1  4 -1 -1 -4  0 -1  1  0 -3 -3  4 -3 -5 -3 -1 -1 -5 -4 -2   14  28   1   3   0   2   2  11   3   1   1  27   0   0   0   4   2   0   0   2  0.53 0.25
  312 D    0  0  1  4 -4  2  2 -1  0 -4 -4  1 -3 -5 -1  0 -1 -5 -4 -3    9   4   5  31   0   9  15   4   2   0   1  11   0   0   3   4   3   0   0   1  0.49 0.22
  313 R   -1  1 -2  2 -5  1  4 -4  7 -5 -4 -1 -3 -4 -3 -2 -2  4  0 -4    4   8   0  11   0   5  28   0  26   0   1   1   0   0   1   1   2   6   3   1  0.82 0.33
  314 L   -2 -4 -5 -6 -3 -4 -5 -6 -4  4  3 -5  0 -2 -5 -3 -1 -5 -4  5    2   0   0   0   0   0   0   0   0  22  23   0   1   1   0   1   4   0   0  46  0.94 0.36
  315 R    1  3  1  2 -4  2  2 -2  0 -3 -3  1 -3 -4 -3  0 -1 -5 -3 -3   15  19   8  12   0  11  12   1   2   1   2   9   0   0   0   5   3   0   0   0  0.37 0.20
  316 E    2  0  0  2 -4  2  3 -1 -1 -4 -3  1 -3 -4 -3  0  0  0 -3 -3   20   5   3   9   0  12  22   4   1   0   1   7   0   0   0   6   6   1   0   0  0.36 0.20
  317 A    1 -3 -4 -5 -2 -1 -4 -4 -1  2  4 -2  0 -2 -4 -2  0  1 -3  0   12   1   0   0   1   3   0   0   2  13  50   3   1   0   0   1   4   2   0   5  0.54 0.27
  318 A    4  0 -2 -3 -1 -1  0  0 -2 -1 -2 -1 -1 -4 -3  0  0 -4 -3  1   45   4   1   1   1   2   6   6   1   4   3   4   2   0   0   6   5   0   0  10  0.37 0.23
  319 K    3  1  0  0 -3  2  2 -1 -1 -3 -3  2 -2 -3 -3  0  0 -4 -2 -2   31   8   5   4   0   9  12   3   1   0   1  12   0   1   0   6   5   0   1   1  0.34 0.20
  320 T    1  3  0  0 -3  2  1 -1 -1 -3 -2  2 -1 -4 -2  1  0 -4 -3 -2   12  16   4   4   0  12  11   4   1   0   3  13   1   0   1   8   7   0   0   3  0.26 0.15
  321 Y   -2  0  2 -3 -2 -1 -2 -3  7 -1  1 -2  3 -1 -4 -2 -2 -3  2 -3    2   4  12   1   1   2   1   2  32   2  15   2   9   1   0   2   2   0   8   1  0.66 0.30
  322 E    0 -2 -1  1 -4  0  1  0 -3 -5 -5  0 -4 -5  6  0 -1 -5 -3 -4    9   2   2   7   0   3  10   7   0   0   0   6   0   0  43   7   2   0   1   0  0.91 0.32
  323 N   -2  1  6  0 -3  4 -2 -1  2 -5 -4 -1 -2 -4 -4 -1 -2 -1 -4 -4    3   9  44   3   1  18   1   4   4   0   1   3   1   0   0   3   2   1   0   1  0.84 0.35
  324 L    0 -4 -4 -5 -3 -4 -4 -4 -3  2  3 -4  1  3 -5 -3 -2  3 -2  3    7   0   1   0   0   0   0   1   0  10  36   0   3  14   0   1   1   4   0  22  0.60 0.26
  325 D   -1  3  0 -1 -4  3  1 -3  3 -4 -4  3 -3 -5 -3  2  1 -5 -3 -3    4  14   3   2   0  14   6   0   7   0   1  21   0   0   0  16  11   0   0   1  0.48 0.26
  326 L    1  2 -2 -3 -2  1 -2 -3  1 -1 -1 -1 -2 -2 -1  1  2 -1  1  1   16  14   0   0   1   6   0   0   4   2   6   3   0   0   2  13  15   1   6  10  0.19 0.17
  327 F    0  0 -2 -1 -2 -1 -2 -3  6 -2 -1  0 -2  3 -4 -1  1 -1  2  0    8   5   1   3   1   2   0   0  25   2   5   5   1  13   0   2  10   1   7   9  0.42 0.23
  328 V   -2 -4 -3 -3 -3 -4 -4 -5 -2  3  0 -4 -2  2 -4 -2  3  1  3  4    2   0   0   1   0   0   0   0   0  17   5   0   0  10   0   1  19   2  13  30  0.61 0.29
  329 F   -2 -2 -6 -6  5 -5 -6 -5 -3 -1 -1 -5 -3  6 -5 -3 -4  8  1  0    3   2   0   0  15   0   0   0   1   3   3   0   0  36   0   1   0  23   3   8  1.42 0.45
  330 Y   -5 -5 -4 -6 -6 -5 -5 -6  2 -4  0 -5 -3  1 -6 -4 -3 -2  9 -2    0   0   1   0   0   0   0   0   4   0  11   0   0   3   0   1   2   0  75   3  2.15 0.64
  331 D   -1  2  1  2 -4  0  3 -2 -2 -4 -3  0 -3 -4 -3  3  0 -5 -3 -3    5  14   6   9   0   3  25   1   0   0   2   5   0   0   0  25   3   0   0   1  0.49 0.25
  332 Q    0  1  2  1 -2  3  3 -3  1 -4 -3  0 -2 -2 -3  0  0 -4 -3 -3    7   8   9   8   1  15  25   1   4   0   2   3   0   2   0   8   5   0   0   1  0.38 0.20
  333 P    0 -2 -3 -3 -2 -2 -2 -1 -1 -2 -2 -2 -3 -4  7 -2 -2 -4 -4  1    7   2   1   1   1   2   2   5   2   2   4   1   1   1  54   2   1   0   0  11  1.11 0.34
  334 L    1  1  0  0 -2  1  1  0  1 -2  0  0 -1 -3 -1  1  2 -3 -2 -1   11   8   4   4   1   5  11   9   3   1  10   4   1   0   2  10  14   0   0   2  0.11 0.08
  335 P    2 -2 -1  2 -3  1  3  0 -1 -3 -3 -1 -3 -4  3  0 -1 -4 -3 -2   19   1   2  11   0   4  25   5   1   1   2   2   0   0  13   5   3   0   1   2  0.38 0.19
  336 E    1 -1  1  2 -3  2  2  2  0 -3 -3  0 -2 -3 -2  0  0 -3 -3 -2   11   2   6  11   0  12  16  17   2   1   2   3   1   0   1   7   5   0   1   3  0.26 0.14
  337 D   -1 -3  0  7 -3 -2  1 -2 -2 -4 -4 -2 -4 -4 -2 -2 -3 -4 -4 -3    5   1   2  67   0   1   8   3   1   1   2   1   0   1   1   2   1   0   0   2  1.34 0.41
  338 V    1  3 -1 -1 -1  1  0 -1  0  0 -1  1 -1 -1 -1 -1  0 -3 -1  1   11  17   2   2   1   8   5   3   3   4   4   9   1   2   2   2   6   0   2  17  0.12 0.10
  339 Q    1 -1 -1 -1 -2  2  2 -1  0 -1  0  0 -1 -2  1  0 -1 -3 -2 -1   16   2   2   2   1  14  13   3   2   3  11   7   1   1   8   7   3   0   1   5  0.15 0.10
  340 G    0 -2  1  0 -3 -1  0  5  1 -3 -3 -1 -2 -3  0  0 -1 -3 -3 -3    8   1   6   4   0   2   5  44   3   2   3   2   1   1   5   8   3   0   1   2  0.49 0.19
  341 R    0  1  0  0 -1  2  2  1  0 -1 -2  0 -1 -2  0  0 -1 -2 -2  1    6  10   4   4   1   9  15  10   2   4   3   5   1   1   5   4   2   0   1  12  0.10 0.07
  342 D    0  0  1  4 -3  0  0 -1  3 -2 -3 -1 -3 -3  0 -1  0 -4 -2 -2   10   6   6  32   0   4   5   5   8   2   2   2   0   1   4   3   7   0   1   2  0.36 0.17
  343 Y    0 -3  0 -3  2 -2 -3 -1  3 -2 -2 -2 -2  3  0 -2 -2 -1  6 -2    9   1   4   1   4   1   1   5   7   1   2   2   1  14   5   2   2   0  36   2  0.69 0.28
  344 D   -1 -3 -1  6 -3  1 -1 -3  5 -2 -4 -2 -4 -3 -3 -1 -1 -5 -2 -1    5   1   1  49   1   6   2   1  15   3   1   1   0   1   1   3   4   0   1   5  0.90 0.35
  345 Y    1  0 -2 -3 -3  0 -1 -2  5 -1 -1  1 -1  3 -2  0 -1 -2  2 -1   12   3   1   0   0   3   2   2  15   3   6  10   1  15   1   8   3   0   9   5  0.24 0.17
  346 P    2  0 -2 -1 -3  2  3 -2  0 -1 -2  1 -2 -4  0  0  1 -4 -2  0   18   3   0   2   0  11  23   2   2   2   2   7   1   0   4   4  11   0   1   7  0.27 0.19
  347 G   -3 -6 -4 -3 -6 -4 -5  8 -6 -7 -7 -5 -6 -7 -6 -3 -5 -6 -7 -7    0   0   0   1   0   0   0  96   0   0   0   0   0   0   0   1   0   0   0   0  2.42 0.68
  348 L   -3  5 -4 -4 -5  0 -2 -5  0 -1  2 -1  0  3 -3 -3 -2  0  2 -2    0  34   0   0   0   3   1   0   3   2  24   1   2  14   1   1   2   1   8   1  0.61 0.31
  349 V   -3 -5 -6 -6 -4 -4 -5 -6 -5  4  2 -5  7 -2 -2 -5 -3 -5 -4  3    1   0   0   0   0   0   0   0   0  28  21   0  31   1   2   0   0   0   0  16  1.16 0.43
  350 D   -3 -3  3  6 -5 -1  0 -4 -4 -4 -5 -2 -4 -6 -2  1  3 -6 -5 -5    2   0  11  51   0   2   3   0   0   1   0   1   0   0   1   9  18   0   0   0  1.14 0.45
  351 V    0  0 -3 -3 -3  0 -1 -4 -2  1  4 -1  0 -2 -1 -3 -2 -3 -3  1    7   6   1   2   0   5   4   1   1   6  51   4   1   1   3   1   1   0   0   7  0.44 0.25
  352 K    2 -1  1  3 -3  1  3 -1 -1 -4 -4  0 -3 -5  0  2  1 -5 -4 -3   19   1   5  17   0   5  19   3   1   0   1   3   0   0   3  13   8   0   0   0  0.39 0.22
  353 Q    0  1 -2 -1 -3  2  0 -3  0 -3  0  2 -1  0 -1 -1 -1  6 -1 -1    9   7   1   3   0   9   5   0   2   0  12  14   1   4   3   4   4  15   1   4  0.30 0.18
  354 I   -4 -5 -6 -6 -4 -5 -6 -6  0  3  5 -5  1 -1 -6 -5 -3 -5 -3  2    0   0   0   0   0   0   0   0   3  15  64   0   2   1   0   0   0   0   0  14  1.14 0.42
  355 E    1  1 -1  2 -3  2  2 -1 -1 -2 -2  2 -2 -4  1  0 -1 -2 -3 -2   16   9   1  10   0  11  13   4   1   1   2  15   0   0   5   4   2   1   0   3  0.26 0.17
  356 K    2  1 -1  3 -4  1  2  0 -1 -4 -4  1 -3 -4 -1  1  0 -1 -3 -3   18   8   2  16   0   7  17   6   1   0   0   6   0   0   2  10   5   1   0   0  0.33 0.19
  357 S    0  0  1  1 -3  1  1 -2 -1 -1  0  0 -1 -1 -2  0 -1  7  1 -1    9   4   9   8   0   7   8   1   2   4   9   4   1   1   1   5   3  16   4   4  0.28 0.16
  358 I    0 -3 -3 -3 -2 -3 -4 -4 -3  3  4 -3  0 -1 -3 -3  1 -4 -2  2    9   1   1   1   1   0   1   0   0  14  44   1   1   2   1   1   9   0   1  13  0.51 0.24
  359 L   -1 -2 -2  1 -4 -2 -1 -1 -1 -1  1 -2 -3 -2  6  0 -2 -3 -1 -2    6   1   1   9   0   1   3   4   2   3  13   2   0   2  39   6   2   0   2   2  0.66 0.27
  360 L   -1 -2  0  3 -2  0  0 -2  1  0  2 -2 -1  0 -1 -1  0 -3 -1  0    5   1   5  20   0   4   4   1   3   6  22   1   0   4   2   3   7   0   1   8  0.14 0.12
  361 P    1  1  1  1 -4  1  1 -1 -1 -3 -3  1 -3 -5  4  0  1 -5 -4 -3   14   7   6   7   0   6   9   3   1   1   1  10   0   0  22   5   7   0   0   1  0.40 0.20
  362 D   -1 -1  2  6 -5  1  2  0  1 -5 -5 -1 -4 -5 -4 -1 -1 -6 -4 -5    5   3  10  43   0   5  14   6   3   0   0   3   0   0   0   4   4   0   0   0  0.79 0.33
  363 A    5 -2 -4 -4 -3 -3 -4  1 -4 -2 -2 -3  3 -4 -4 -1  2 -5 -4  1   49   2   0   0   0   1   0  12   0   1   3   0   8   0   0   3  11   0   0  10  0.69 0.36
  364 D   -3 -2  0  6 -6  3  3 -4  4 -4 -5 -1 -2 -6 -3 -2 -1 -6 -3 -3    1   1   3  43   0  11  19   0  10   1   0   3   1   0   0   2   3   0   0   2  0.97 0.40
  365 Y    0 -6 -6 -7 -1 -5 -6 -6 -3 -2 -3 -6 -4  6 -6 -5 -5 -2  7  1    9   0   0   0   1   0   0   0   0   2   1   0   0  33   0   0   0   0  43  11  1.62 0.55
  366 Y   -6 -5 -5 -8 -7 -6 -7 -8 -2 -6 -5 -6 -5  2 -7 -6 -6  0 10 -6    0   0   0   0   0   0   0   0   0   0   0   0   0   6   0   0   0   1  92   0  3.17 0.89
  367 I   -4 -5 -6 -6 -1 -5 -6 -6 -5  4  3 -5  1  5 -6 -5 -3 -3 -1  2    0   0   0   0   1   0   0   0   0  23  31   0   2  30   0   0   0   0   0  12  1.03 0.38
  368 C   -5 -8 -7 -8 11 -7 -8 -7 -8 -5  1 -8 -5 -6 -7 -5 -5 -7 -7 -4    0   0   0   0  87   0   0   0   0   0  13   0   0   0   0   0   0   0   0   1  3.55 0.90
  369 G   -4 -6 -4 -5 -7 -6 -6  8 -6 -8 -8 -6 -7 -7 -6 -4 -6 -3 -7 -7    0   0   0   0   0   0   0 100   0   0   0   0   0   0   0   0   0   0   0   0  2.66 0.75
  370 P   -5 -7 -6 -6 -7 -6 -6 -7 -7 -7 -7 -5 -7 -8  9 -2 -5 -8 -7 -7    0   0   0   0   0   0   0   0   0   0   0   0   0   0  98   2   0   0   0   0  3.30 0.90
  371 I   -1  0 -3 -1 -3  0  1 -2 -2  1  1  2  0 -3 -2 -1  0 -4 -3  3    4   5   0   4   0   3  10   2   0   7  13  16   1   0   1   2   5   0   0  25  0.19 0.16
  372 P    1 -3 -3 -1 -5 -1 -1  3 -4 -5 -4 -2 -5 -5  6  0 -1 -6 -5 -3   14   1   0   2   0   2   3  23   0   0   1   1   0   0  40   7   3   0   0   1  0.98 0.38
  373 F   -6 -7 -7 -8 -7 -7 -8 -7 -5 -4 -3 -7  0  9 -8 -7 -6  3 -1 -5    0   0   0   0   0   0   0   0   0   0   0   0   2  93   0   0   0   4   0   0  3.00 0.82
  374 M   -5 -6 -7 -8 -6 -4 -7 -7 -6 -1  1 -6 11 -4 -7 -6 -4 -6 -5 -4    0   0   0   0   0   1   0   0   0   2   9   0  87   0   0   0   1   0   0   0  3.05 0.89
  375 R    1  3 -1 -2 -3  4  1 -3 -1 -2 -2  2 -2 -4 -3 -1  0 -5 -4 -1   15  16   2   1   0  24   6   1   1   2   5  15   0   0   0   3   4   0   0   4  0.43 0.26
  376 M    3 -2  0  2 -3  1  0 -2  2 -3 -3 -1  0  2 -3  0 -1 -4  0 -2   31   1   3  12   0   6   5   1   6   0   1   3   2  12   0   8   4   0   3   2  0.31 0.22
  377 Q    0 -4 -4 -5 -1  3 -4 -5 -1  3 -1 -4  4 -1 -5 -3 -1 -5 -3  4    8   0   0   0   1  16   0   0   1  16   4   0  14   2   0   0   3   0   1  34  0.69 0.35
  378 H    1  3  0 -2 -2 -1 -1 -2  2  0 -1  2 -2 -2 -3 -1 -2  2  2  1   12  16   5   1   0   1   4   2   5   7   3  17   0   1   0   3   0   3   8  12  0.20 0.17
  379 D    1  3  0  1 -4  3  1 -1  1 -4 -3  3 -3 -5 -3  0 -1 -5 -4 -4   10  17   4   8   0  13   8   4   3   0   1  20   0   0   0   6   4   0   0   0  0.43 0.23
  380 A    2 -2 -1  0 -1  5  0  0  2 -1 -2  0 -2 -3 -3  0  0 -2 -1 -2   23   0   2   4   1  28   3   8   5   3   3   3   1   1   0   5   4   0   2   2  0.38 0.26
  381 L   -4 -6 -7 -7 -5 -6 -7 -6 -7 -2  7 -6 -2 -3 -7 -6 -4 -5 -5 -2    1   0   0   0   0   0   0   0   0   1  97   0   0   0   0   0   0   0   0   0  2.01 0.65
  382 K   -1  1 -2 -1 -3  1  0 -3  1  0  2  2  0 -3 -3 -1  0 -4 -2  1    5   8   1   2   0   6   6   1   3   6  21  19   1   0   0   4   5   0   0  11  0.16 0.14
  383 N    3 -1  0  2 -4  0  3 -1 -2 -4 -3 -1 -3 -5 -3  1 -1 -5 -4 -3   31   3   3   9   0   3  25   5   1   0   3   3   0   0   0   9   3   0   0   1  0.47 0.27
  384 L    1  0 -2 -4 -3 -1 -3 -4 -3  1  4 -1  3 -1 -4 -2 -3  4  0 -1   12   5   2   1   0   3   0   1   0   6  44   4   7   2   0   2   0   6   3   2  0.45 0.26
  385 G   -3 -5 -1 -3 -3 -3 -5  7 -3 -8 -7 -3 -6 -7 -6 -3 -5 -6 -7 -7    0   0   3   1   1   1   1  90   1   0   0   2   0   0   0   1   0   0   0   0  2.15 0.65
  386 I   -3 -6 -6 -7 -4 -6 -6 -7 -7  3 -2 -6  0 -2 -6 -5 -3 -6 -3  7    1   0   0   0   0   0   0   0   0  15   1   0   2   1   0   0   1   0   1  79  1.74 0.59
  387 H    1 -2 -1  2 -5 -2  0 -2 -2 -4 -5  0 -5 -5  6  1 -2 -6 -5 -4   14   1   2  14   0   1   5   3   1   0   0   5   0   0  40  10   2   0   0   0  0.92 0.37
  388 E    2  0 -1  2 -4  1  3 -2 -1 -4 -3  1 -2 -4  2  1 -1 -5 -4 -1   21   6   2  10   0   5  21   1   1   0   1   7   0   0  10   9   2   0   0   3  0.35 0.21
  389 A    1 -2 -1  3 -4  1  5  0 -1 -5 -5 -1 -4 -5 -4  2 -1 -5 -5 -4   12   1   2  19   0   4  36   6   1   0   0   2   0   0   0  14   3   0   0   0  0.69 0.33
  390 R   -3  6  2 -1 -4  4 -2 -5  3 -6 -5  0 -3 -4 -5 -1 -4 -4 -4 -5    2  48  11   3   0  21   0   0   6   0   0   4   1   1   0   3   0   0   0   0  1.18 0.47
  391 I   -3 -3 -6 -6 -1 -3 -6 -6 -6  7  0 -5  0 -2 -6 -1 -2 -6 -4  2    1   1   0   0   1   2   0   0   0  66   5   0   2   1   0   6   2   0   0  13  1.28 0.47
  392 H   -5  3 -1 -5 -7 -2 -3 -6 10 -7 -5  1 -3 -1 -6 -4 -5 -6 -2 -6    0  16   2   0   0   1   1   0  68   0   1   8   0   3   0   1   0   0   1   0  2.33 0.71
  393 Y   -2  0 -5 -6 -2 -5 -5 -6  0 -4  0 -5  3  3 -6 -2 -2 -2  8 -4    4   6   0   0   1   0   0   0   2   0   7   0   7  10   0   2   3   0  58   0  1.56 0.55
  394 E   -4 -4 -4 -3 -8 -2  8 -6 -4 -8 -7 -3 -6 -8 -5 -4 -5 -7 -6 -7    1   0   0   0   0   0  99   0   0   0   0   0   0   0   0   0   0   0   0   0  2.65 0.84
  395 V   -2 -4 -6 -6  4 -5 -3 -6 -5  0  1 -5 -2  6 -6 -3 -3 -3 -1  4    4   1   0   0  10   0   2   0   0   3  14   0   0  36   0   1   1   0   0  27  0.97 0.39
  396 F   -7 -7 -8 -8 -7 -8 -8 -8 -6 -4 -4 -8 -4 10 -8 -7 -7 -3 -1 -5    0   0   0   0   0   0   0   0   0   0   0   0   0 100   0   0   0   0   0   0  3.30 0.88
  397 G   -3 -6 -3 -5 -6 -6 -5  8 -6 -8 -8 -5 -7 -7 -6 -3 -5 -6 -7 -7    1   0   0   0   0   0   0  97   0   0   0   0   0   0   0   1   0   0   0   0  2.51 0.72
  398 P   -4 -6 -6 -6 -7 -5 -5 -6 -6 -7 -7 -5 -7 -8  9 -1 -4 -8 -7 -6    0   0   0   0   0   0   0   0   0   0   0   0   0   0  95   4   1   0   0   0  3.09 0.80
  399 D    4 -4 -3  2 -4  0 -2 -1  7 -5 -5 -3 -4 -5 -4  0 -3 -5 -3 -4   42   0   0  10   0   3   2   3  32   0   0   1   0   0   0   6   1   0   0   0  1.11 0.43
  400 L    2 -2 -3 -4 -2 -2 -2 -3 -3  1  3 -3  4 -1 -3  0  1 -3 -2  0   26   1   0   0   0   0   1   0   0   7  32   0  14   1   0   6   8   0   0   4  0.36 0.18
  401 F    1 -3 -1 -1 -2 -2 -2 -3 -2  0  3 -3  0  2 -3 -2 -1 -2  2  0   17   0   3   5   0   2   2   0   0   1  41   0   0  10   0   1   2   0  11   6  0.27 0.13
  402 A    3 -3 -2  2 -2 -2 -1 -2 -3 -1  3 -2  0 -2 -3  0 -1  1 -2  0   38   0   0  15   0   0   1   0   0   0  38   0   0   0   0   3   0   2   0   3  0.29 0.13
  403 E   -2 -2 -1  4 -5  0  6 -3 -1 -5 -4 -1 -4 -5 -2 -1 -2 -4 -4 -4    0   0   0  22   0   0  78   0   0   0   0   0   0   0   0   0   0   0   0   0  1.17 0.21

                      K         Lambda
Standard Ungapped    0.1368     0.3188
Standard Gapped      0.0631     0.2670
PSI Ungapped         0.2061     0.3160
PSI Gapped           0.0631     0.2670
