
Last position-specific scoring matrix computed, weighted observed percentages rounded down, information per position, and relative weight of gapless real matches to pseudocounts
           A  R  N  D  C  Q  E  G  H  I  L  K  M  F  P  S  T  W  Y  V   A   R   N   D   C   Q   E   G   H   I   L   K   M   F   P   S   T   W   Y   V
    1 M   -4 -4 -5 -6 -4 -3 -5 -6 -5 -2 -1 -4 11 -3 -6 -4 -4 -4 -4 -2    0   0   0   0   0   0   0   0   0   0   0   0 100   0   0   0   0   0   0   0  2.78 0.70
    2 S    2 -2  2  1 -2 -1 -1 -1 -2  0 -2  0 -2 -3 -2  3  2 -4 -2 -2   22   0  11  10   0   2   2   1   0   7   3   4   0   0   0  25  12   0   1   0  0.28 0.17
    3 I   -2  0 -1 -3 -3  0  1 -3  3  1  1  1  4 -1 -2 -2 -1 -3 -1  1    1   5   2   0   0   2   9   1  10  11  12   9  18   1   1   1   2   0   2  12  0.20 0.16
    4 D   -2 -4  3  7 -5 -2 -1 -4 -1 -5 -6 -2 -3 -5 -3 -2  0 -6 -3 -5    3   0  11  73   0   0   1   0   1   0   0   2   1   0   1   1   5   0   1   0  1.45 0.46
    5 I   -2 -3 -3 -1 -3 -3 -1 -4 -3  4  1 -1  1 -1 -2 -3  0 -1  2  2    2   0   0   5   0   0   3   0   0  39   9   4   3   0   1   0   7   1  11  15  0.41 0.23
    6 D   -1 -2  4  6 -5 -2  0 -2 -3 -3 -1 -1 -4 -5 -3 -1 -2 -5 -4 -4    4   2  25  46   0   0   3   2   0   2   7   3   0   0   1   3   1   0   0   1  0.86 0.34
    7 I   -2 -2 -1  4 -2 -1  2 -3 -2  1 -1 -1  1 -3 -3 -1  2  1 -3  1    1   2   1  25   1   1  18   1   0  12   6   2   4   0   0   1  13   3   0  10  0.32 0.22
    8 I    0  1 -1 -2 -3  1  0 -1 -1  1  1  3 -1 -2  1 -1 -1 -3  0 -1    8   6   2   0   0   5   4   5   2  12  16  26   0   0   6   1   1   0   4   1  0.15 0.15
    9 K   -1  2 -1  0 -5  3  1 -3 -1 -5 -4  6 -3 -5 -3 -2 -3 -5 -4 -4    5   8   1   4   0  13   7   1   1   0   0  56   0   0   0   1   0   0   0   0  0.93 0.39
   10 A    1  0 -1  0 -1  0  0 -2 -1  0  1 -1  0 -2 -2  2  0 -3 -2  1   14   4   2   4   1   5   4   2   1   3  17   2   2   0   0  25   3   0   0  12  0.14 0.14
   11 R    0  5 -2 -1 -3  0 -1 -2 -1 -1  1  2 -1 -3 -3 -2 -2  3 -2 -1    8  34   1   3   0   2   1   2   1   3  18  15   0   1   1   1   1   4   0   3  0.40 0.22
   12 A    0 -1 -2 -2 -2 -1  0  1  0 -1  0  2  1  3 -1  0 -1  2  0 -1    6   2   1   1   0   1   6  10   2   2   9  16   5  19   2   6   3   3   2   4  0.11 0.10
   13 K   -1  2  0 -2 -3 -1 -1 -2 -2  3  0  3  0 -3 -3 -2 -2 -4 -3  1    4  13   5   1   0   1   3   3   0  20   6  29   2   0   0   1   1   0   0  11  0.29 0.20
   14 N   -3  0  6 -2 -5 -1  0  4 -2 -5 -4 -1 -4 -4 -4 -2 -2 -5 -4 -4    0   4  45   1   0   2   6  32   0   0   2   4   0   1   0   0   1   0   0   1  1.00 0.41
   15 E    2 -3 -2  0  3 -2  3  4 -3 -1 -3 -2 -3 -4 -3 -1 -3 -4 -4 -1   16   0   0   6   8   0  25  33   0   4   1   1   0   0   0   2   0   0   0   5  0.55 0.30
   16 Y   -1  3 -4 -5 -4 -3 -4 -4 -3  2 -1 -3 -1  6 -5 -4 -3  0  4  0    5  20   0   0   0   0   0   1   0  12   2   0   1  36   0   0   0   1  14   6  0.82 0.37
   17 R   -1  4 -2 -1 -2 -1 -2 -3  2  2  0  0  4 -2 -4 -2 -2 -4 -1  1    3  27   2   4   1   1   0   1   6  14   9   5  15   1   0   2   0   0   2   8  0.35 0.24
   18 L   -2  1 -1 -2 -4  1 -2 -4  6  1  1  0 -1  1  2 -2 -2 -4 -1  0    2   7   2   1   0   9   1   0  22   7  16   5   1   7  11   1   2   0   1   9  0.36 0.24
   19 S    2 -2 -2 -2 -4  6  0 -2 -3 -4 -3  2 -2 -5 -3  1  1 -5 -4 -3   17   0   1   1   0  38   4   1   0   0   2  11   0   0   0  12  10   0   0   1  0.70 0.40
   20 K   -1  4  4 -2 -5  0 -2 -4 -3 -2 -4  5 -1 -5 -4 -1 -2 -6 -4 -3    4  21  21   0   0   2   0   0   0   2   0  43   1   0   0   3   1   0   0   2  0.95 0.46
   21 V   -1 -2  0  3 -4  4  1 -1  1  3 -2 -2 -2 -4 -3 -2 -2 -5 -2  1    3   1   4  20   0  24   7   4   3  18   1   1   0   0   0   0   1   0   1  12  0.43 0.31
   22 R   -1  3 -1  1 -5  3  0 -3 -2 -5 -4  4 -2 -1  2 -1 -1 -5 -3 -4    3  16   1   9   0  17   5   1   0   0   0  25   1   4  11   2   3   0   0   0  0.55 0.32
   23 G   -1 -2  0  2 -5 -2  2  5 -3 -6 -6  2 -5 -5 -4 -2 -3 -5 -1 -5    4   2   3  13   0   1  12  47   0   0   0  15   0   0   0   1   0   0   2   0  0.86 0.41
   24 E   -1 -2  0  3 -1 -1  1 -3  1 -2  0  0 -1  0 -3  0  2 -3  2 -2    5   1   3  23   1   1   9   0   4   2  12   4   1   3   0   4  16   0   7   2  0.25 0.21
   25 A   -1 -2  1 -2  1 -3 -1  2 -2 -1 -3  0 -3  4 -4 -1  1 -2  4 -2    3   1   6   2   3   0   3  15   0   4   0   6   0  24   0   5   9   0  16   1  0.41 0.28
   26 M    2 -3 -1 -3 -1 -3 -2 -3 -3 -1 -1 -1  3  2 -3  1  3 -3  1  1   20   0   3   0   1   0   1   0   0   3   3   4   8   8   0  12  21   0   6  10  0.32 0.27
   27 I   -2 -5 -5 -5 -2 -4 -5 -5 -3  4  2 -5  1  2 -5 -2 -3 -2  4  3    1   0   0   0   1   0   0   0   0  24  18   0   4   9   0   4   0   0  17  21  0.71 0.35
   28 S    0  5 -2 -4 -3  1 -3  0  1 -4 -5  0 -4 -5 -4  3  1 -5 -4 -3    7  41   1   0   0   5   0   9   4   1   0   2   0   0   0  20   9   0   0   1  0.75 0.42
   29 V   -2 -5 -5 -5 -4 -4 -5 -4 -5  3  3 -5  2 -1  2 -4 -2 -5 -4  4    2   0   0   0   0   0   0   1   0  17  28   0   4   2   9   0   1   0   0  37  0.79 0.39
   30 R   -3  7 -3 -4 -6  0 -3 -1  5 -2 -2  1 -4 -5 -5 -2 -4 -6 -3 -4    2  55   0   0   0   3   0   5  17   3   5   8   0   0   0   1   0   0   0   0  1.25 0.55
   31 I    0 -4 -4 -5  1 -4 -1 -4 -5  4  0 -4  4 -3 -4 -1  0 -5 -4  4    8   0   0   0   2   0   4   0   0  22   5   0  12   0   0   5   7   0   0  34  0.63 0.35
   32 P   -2 -2 -2 -3 -5 -4 -4  0 -5 -2 -4 -1 -4 -3  7 -3 -1  5  0  1    3   2   2   1   0   0   0   7   0   3   1   5   0   1  51   0   3   8   4  10  1.18 0.50
   33 G    2 -5  1 -3 -3 -4 -4  6 -4 -4 -4 -4 -4 -5 -1  0 -3 -5 -5  0   18   0   6   0   0   0   0  56   0   0   1   0   0   0   2   6   0   0   0   8  1.04 0.46
   34 G    0 -3  0 -5 -6 -4 -5  7 -5 -7 -7 -5 -6 -7 -2 -3 -3 -6 -6 -6    7   2   4   0   0   1   0  83   0   0   0   0   0   0   2   1   2   0   0   0  1.88 0.68
   35 I   -2  3  1 -2 -1 -1 -1 -4  1  2  1  0  1  0 -4 -2 -1  3  0  2    1  19   7   1   1   2   4   0   5  15  12   4   4   3   0   1   2   4   2  14  0.24 0.20
   36 L   -2 -4 -5 -5 -1 -4 -5 -5 -5  3  3 -4  3  0 -4 -3  2 -4  0  2    2   0   0   0   1   0   0   0   0  17  35   0   7   4   0   0  15   0   3  14  0.65 0.34
   37 P   -2  0  2  2 -4  0 -1 -3 -3 -3 -4 -1 -4 -4  0  3  4 -5  0 -4    2   4   8  12   0   5   3   1   0   1   0   2   0   0   4  22  31   0   4   0  0.55 0.37
   38 A    4 -4 -4 -4 -1 -4 -4 -3 -2  0 -3 -4 -4 -5  5  0 -1 -6 -5  1   43   0   0   0   1   0   0   1   1   5   1   0   0   0  25   7   4   0   0  11  0.86 0.45
   39 H    1 -1  1  3 -5  1  4 -2  0 -5 -5  2 -4 -5 -1 -1 -1 -5 -2 -4   11   2   6  21   0   5  27   2   2   0   0  12   0   0   3   3   4   0   2   0  0.53 0.31
   40 L   -3 -1 -1  1 -3  4  3 -3  2 -1  0  0 -1  1 -4 -1  0  0  2 -2    0   2   2  10   1  19  18   1   5   3   8   3   1   6   0   2   7   1   9   1  0.32 0.25
   41 L   -3 -5 -4 -6 -3 -3 -5 -6 -3  3  5 -5  4 -1 -5 -2 -3 -5 -4  0    1   0   1   0   0   1   0   0   1  13  59   0  12   2   0   4   0   0   0   5  1.03 0.47
   42 T   -1  5 -1  0 -5  0  0 -1 -2 -2 -2  3 -1  0 -2  0 -1 -5 -3 -3    4  40   2   5   0   2   6   4   1   2   3  16   1   4   2   5   3   0   0   1  0.57 0.33
   43 V    1  1  0  0  0  0  2 -1 -1 -1 -2  3  0 -3 -3 -1  0 -4 -1  0   10   7   3   6   3   2  16   4   1   4   3  21   3   1   0   1   6   0   2   8  0.18 0.17
   44 A   -2 -6 -6 -6 -4 -5 -6 -6 -6  6  2 -5  0 -1 -6 -4 -3 -5 -2  3    3   0   0   0   0   0   0   0   0  52  21   0   2   2   0   0   0   0   1  20  1.20 0.49
   45 R    5 -3 -1 -4  5  2 -2 -2 -3 -4 -3 -2 -2 -5 -4  0 -1 -5 -2 -2   56   1   2   0  11   9   1   2   0   0   2   2   1   0   0   7   2   0   1   2  0.87 0.47
   46 D   -3  2  0  5 -6 -1  4 -3  1 -5 -5  1 -3 -5 -4 -3 -2 -6  0 -4    2  10   3  38   0   2  27   1   4   0   0   6   1   0   0   0   2   0   3   1  0.91 0.44
   47 I    0 -5 -6 -6 -2 -5 -5 -6 -6  6  2 -5 -1 -3 -5 -4 -3 -1 -4  4    8   0   0   0   1   0   0   0   0  42  17   0   1   0   0   0   0   1   0  29  1.05 0.46
   48 A    6 -5 -5 -5  1 -4 -4 -4 -5 -2 -5 -4 -4 -6 -4  0 -3 -6 -5  0   82   0   0   0   2   0   0   0   0   2   0   0   0   0   0   6   1   0   0   7  1.56 0.68
   49 E   -2  0  0  4 -6  1  5 -4 -3 -6 -5  2 -5 -6 -4 -2 -3 -6 -5 -5    2   4   3  27   0   4  45   0   0   0   1  12   0   0   0   2   1   0   0   1  1.11 0.51
   50 T   -3  1 -1 -3 -6 -1  1 -3 -3 -3 -3  6 -3 -6 -4 -3  1 -6 -5 -1    1   6   2   0   0   1  10   2   0   1   2  59   0   0   0   0  10   0   0   6  1.04 0.52
   51 W   -6 -6 -6 -7 -6 -6 -6 -7  1 -5 -2 -6 -5  4 -7 -6 -6  4  9 -5    0   0   0   0   0   0   0   0   3   0   4   0   0  13   0   0   0   5  75   0  2.58 0.88
   52 G   -1 -3  1 -1  4 -2 -2  6 -2 -6 -6 -3 -4 -6 -5 -1 -4 -5 -5 -5    4   1   8   3  10   2   2  64   1   0   0   1   0   0   0   3   0   0   0   0  1.26 0.50
   53 N    0  1  3  3 -1  0 -1 -1 -1  0 -3  0 -2 -4 -3  1 -1 -4 -3  1   10   7  20  17   1   3   2   5   1   6   1   4   0   0   0   9   2   0   0  11  0.25 0.19
   54 G    0 -3 -2 -3 -4 -2 -2  6 -5 -6 -5 -1 -5 -6  3 -3 -4 -5 -5 -5    5   1   2   1   0   1   3  67   0   0   1   4   0   0  13   1   0   0   0   0  1.35 0.53
   55 Q    0 -1 -1 -2 -3  1  2 -3  1 -1 -1  1  1  0 -3 -1  2 -2  4 -2    8   3   3   1   0   5  14   1   4   2   5   8   5   3   0   3  15   0  18   2  0.25 0.23
   56 I   -2 -5 -6 -6 -1 -5 -5 -4 -5  4  2 -5  0  1 -1 -4 -3 -5 -3  5    2   0   0   0   1   0   0   1   0  23  22   0   2   5   4   1   0   0   0  40  0.84 0.40
   57 H   -3  4 -3 -3 -4 -2 -2 -2  8 -6 -5  4 -4  0 -5 -3 -1 -5 -1 -5    1  21   0   0   0   0   1   3  34   0   0  26   0   5   0   1   4   0   1   0  1.20 0.54
   58 L   -3 -4 -6 -6 -2 -4 -4 -6 -5  3  4 -5  4  4 -5 -5 -3  3 -1  2    1   1   0   0   1   0   1   0   0  17  35   0   9  16   0   0   0   4   1  15  0.81 0.38
   59 T   -4 -5 -4 -5 -5 -4 -5 -1 -6 -5 -5 -5 -5 -6 -3 -1  8 -7 -6 -4    0   0   0   0   0   0   0   5   0   0   0   0   0   0   1   3  90   0   0   0  2.19 0.87
   60 T   -1 -4  0  0 -4 -3 -3  2 -4 -2 -4 -3  0 -3 -4  3  4 -5 -4  2    2   0   4   5   0   0   0  16   0   1   0   0   3   1   0  20  34   0   0  14  0.62 0.40
   61 R    0  7 -3 -4 -6 -3  1  2 -4 -6 -6 -2 -5 -6 -5 -1 -4 -6 -5 -6    9  64   0   0   0   0   9  15   0   0   0   0   0   0   0   4   0   0   0   0  1.43 0.62
   62 Q   -3 -3  3 -4 -1  8 -2 -1  0 -6  0 -2 -4 -6 -5 -3 -4 -6 -5 -6    1   0  13   0   1  67   0   6   2   0   9   1   0   0   0   1   0   0   0   0  1.60 0.72
   63 K   -2  4  4 -3  0 -1 -2  3 -3 -5 -5 -1 -4 -5 -4  0  3 -5 -5 -4    2  23  21   0   2   2   1  22   0   0   0   3   0   0   0   7  17   0   0   0  0.71 0.40
   64 L   -3 -5 -6 -6 -4 -5 -6 -6 -5  5  2 -5  1  3 -3 -5 -3 -4 -1  3    2   0   0   0   0   0   0   0   0  43  15   0   2  14   1   0   0   0   2  20  0.99 0.43
   65 A    1 -4 -1  3 -3 -2  6 -4 -3  1 -4 -3 -5 -5 -4 -2 -4 -6  0 -4   11   0   2  16   0   0  56   1   0   8   1   0   0   0   0   2   0   0   4   0  1.08 0.54
   66 M   -4 -6 -6 -6 -2 -5 -6 -6 -6  6  2 -6  2  3 -6 -5 -4 -4 -2  1    1   0   0   0   1   0   0   0   0  51  21   0   4  14   0   0   0   0   0   8  1.19 0.49
   67 P   -3 -3 -4 -4 -4  0 -3 -4  2  0  1 -2  1 -1  6 -2 -2 -4 -2  1    1   1   0   0   0   5   1   1   5   6  18   2   4   3  39   2   2   0   1  10  0.77 0.35
   68 G   -3 -4  2 -2 -4 -3 -3  6  2 -4 -4 -4 -4  1 -4 -3 -2  3  0 -1    1   0  10   2   0   1   1  57   4   0   2   1   0   7   0   1   2   3   3   4  1.00 0.44
   69 I   -3  0 -5 -2 -1 -4 -5 -5 -5  6  0 -3 -1 -3 -4 -4 -1 -5 -4  4    1   6   0   2   1   0   0   0   0  44   6   1   1   1   0   1   3   0   0  32  0.95 0.45
   70 R   -2  2  1  2 -4  0  0 -3  1 -4 -4  4 -3 -5  3  1 -2 -5 -3 -4    2  13   6  10   0   3   4   1   4   0   1  30   0   0  12  12   2   0   0   0  0.55 0.32
   71 Y   -1 -1  0  1 -4 -1  1 -1 -1 -1 -1  3  1  1  1 -2 -2  0  3 -2    3   1   5   7   0   2  10   5   1   3   7  20   5   7   8   1   1   1  12   1  0.20 0.19
   72 E   -1 -1  0  3 -5 -1  6 -4 -3 -4 -5  0 -4 -1 -3  1 -2 -5 -4 -1    4   3   3  15   0   1  50   1   0   0   1   4   0   3   0   8   2   0   0   5  0.83 0.43
   73 D   -1  0  3  6 -3 -1 -1 -3  0 -4 -4  2 -4 -4 -3 -1  0 -5 -2 -4    5   5  13  46   0   2   1   1   2   1   2  12   0   0   0   3   5   0   2   1  0.84 0.40
   74 I   -2 -4 -5 -5 -3 -4 -5 -5 -3  4  4 -4  4  0 -4 -4 -2 -4 -2  2    4   0   0   0   0   0   0   0   0  27  37   0  12   3   0   0   1   0   1  12  0.81 0.38
   75 D   -3 -3  0  4 -5  0  4 -2 -3 -4 -4 -1 -3 -5  4 -2 -2 -5 -4 -1    1   1   4  27   0   3  28   2   0   1   1   2   0   0  21   2   1   0   0   5  0.83 0.41
   76 N    3 -1  0  1 -3 -1  3 -2  2 -3 -3  2 -3 -4  0  0 -1 -4 -3 -3   26   2   5   9   0   1  18   2   6   1   2  13   0   0   4   4   3   0   0   1  0.35 0.25
   77 V    0 -4 -4 -3 -3 -4 -3 -4 -4  2  2 -4  1  1 -4 -3 -2 -4 -3  5    9   0   0   2   0   0   1   1   0  10  17   0   4   6   0   1   2   0   0  46  0.68 0.35
   78 N   -1  0  4  0 -3 -2 -1 -3 -1 -1 -1  2 -1 -2 -3 -2 -1  8 -2 -1    4   4  20   5   1   1   3   1   1   4   8  14   2   1   1   1   3  22   0   5  0.64 0.32
   79 A    3  0 -1  0 -3  0  2 -2 -3 -3 -2  3 -3 -3 -3  0  0 -4 -3 -3   31   4   2   4   0   3  16   2   0   1   4  20   0   1   1   5   4   0   0   1  0.40 0.27
   80 A    1 -1 -2  3 -1  0  3 -2 -2 -1  0  0  0 -1 -2 -1  0 -3  1 -2   15   3   1  17   1   2  21   1   0   3   9   6   3   3   1   2   6   0   5   1  0.22 0.18
   81 L   -1 -1 -2 -4 -3 -2 -3 -4 -3  2  4 -2  1 -1 -3 -2 -2 -3  1  0    4   4   2   1   0   2   1   1   0  11  53   2   3   1   1   2   1   0   4   6  0.55 0.28
   82 E    1  0 -1  0 -2  2  3 -1 -1 -2 -2  2 -1 -2 -2  0 -1 -2 -2 -2   13   4   3   3   1  11  26   4   1   2   4  15   1   1   2   4   3   0   1   2  0.30 0.16
   83 P    0  1 -1 -1 -2  0  1 -1 -2 -2 -2  2 -2 -2  5  0  0 -2 -2 -2    7   7   3   3   1   3   9   4   1   2   4  12   1   1  29   5   5   0   1   2  0.43 0.16
   84 F   -1 -1 -1 -1 -1 -1 -1 -1 -1  1  2 -1  0  3 -1 -1 -1 -1  2  0    4   2   3   2   1   2   3   5   1  11  21   3   1  13   2   3   4   1   9   7  0.10 0.06
   85 L   -1  0 -1 -1  2 -1 -1 -1 -1  2  2 -1  0 -1 -1 -1  0 -1 -1  0    5   5   4   3   5   2   4   6   1  17  25   4   2   2   3   4   4   1   2   4  0.07 0.05
   86 R    0  0  1  1 -1  1  2 -1  0 -1 -1  1 -1 -1 -1  0  1 -1 -1 -1    6   4   5   9   1   8  18   4   1   4   5   8   1   2   3   5   9   1   2   4  0.12 0.06
   87 E    0  0  1  1 -2  0  2  1  0 -2 -1  1 -1 -2  0  0  0 -1 -1 -1    5   5   8  10   1   4  15  12   1   3   5  10   1   2   4   5   4   1   2   4  0.12 0.05
   88 I    0 -1 -1 -1  2 -1 -1 -1 -1  1  1 -1  2  1 -1 -1  0 -1  0  1    5   4   2   3   5   3   4   4   1   9  18   5   9   6   3   4   3   1   2   9  0.04 0.03
   89 E    0  0  0  1 -1  1  1  0  0 -1 -1  0 -1 -1  0  1  0 -1 -1 -1    6   4   4   8   1   8  13   9   2   3   8   5   1   2   3  10   5   1   2   4  0.07 0.03
   90 I    0 -1 -1 -1 -1  0  0  0 -1  1  0  0  0 -1  0  1  0 -1 -1  1    9   3   3   3   1   3   6   6   1  12   8   4   2   2   5  11   4   1   2  12  0.02 0.02
   91 E    0  1  1  1 -1  0  2 -1 -1  0 -1  0 -1 -1 -1  0  0 -1 -1 -1    6  10   8   6   1   2  18   5   1   8   7   5   1   3   3   6   4   1   2   4  0.08 0.04
   92 L    0  0 -1 -1 -1  0  0 -1 -1  1  0  0  0 -1  1  0  0 -1 -1  1    5   4   3   4   1   6   4   5   2  10  12   9   3   3   7   4   5   1   2  11  0.03 0.02
   93 C    0  0  0  0  3  0  0  0  0 -1 -1  1 -1  1  0  0  0 -1  0 -1    9   6   6   4   8   4   4   5   2   4   7  10   1   7   3   5   5   1   2   4  0.03 0.02
   94 D   -1 -1  1  3 -2  0  1  2 -1 -1 -1  0 -1 -1  1  0 -1 -1 -1 -1    5   3   6  21   1   2  10  16   1   3   5   4   1   3   6   4   3   1   2   4  0.17 0.07
   95 V    0 -1 -1 -1  0 -1 -1  1 -1  1  1  0  0  0  0  0  0 -1  1  1    7   2   2   3   2   2   3  11   1   7  16   5   2   4   5   5   4   1   7  12  0.02 0.03
   96 Q    0  0  2  1 -1  1  1  1 -1 -1  0  0 -1 -1  0  0  0 -2 -1 -1    6   3  13   7   2  10   7  14   1   2  10   4   2   2   3   3   5   1   1   4  0.09 0.06
   97 V    1 -1 -1 -1 -1  1  0 -1 -1  0  0  1  2 -1 -1  1  0  0 -1  0   13   2   3   3   1   7   6   5   1   6   8   9   7   2   2  11   3   1   2   9  0.04 0.04
   98 E    1 -1  0  2 -2  0  2  2 -1 -2 -2  0 -1 -1 -1  0 -1 -2  0 -1   13   2   5  11   1   2  15  18   1   2   3   5   1   3   2   4   2   0   5   4  0.16 0.10
   99 D   -1 -2  0  2 -2 -1 -1  3 -2 -1 -2  0  1 -1 -1  0  0 -3 -2 -1    3   1   5  11   1   2   3  29   1   3   4   7   5   3   3   5   7   0   1   5  0.22 0.14
  100 T   -1  0 -1  1  1 -1 -1 -1 -2  0  1  0  3  1  0  0  0 -1  0  0    2   4   2   8   3   2   2   4   1   4  16   5  12   8   5   5   7   1   3   6  0.07 0.09
  101 K   -1 -1  0  1 -3  0  1 -1  1 -1 -2  0 -2 -1  4  0  0 -3 -1 -1    3   3   5   7   0   2  11   4   4   3   3   7   1   3  25   7   4   0   2   5  0.31 0.15
  102 A    1 -2 -1 -1 -1 -1 -1  1  0  0 -1  0 -1 -2  0  2  2 -3 -2  0   16   1   2   3   1   1   2  13   2   5   4   5   1   1   5  17  12   0   1   8  0.15 0.12
  103 G    1 -3 -3 -3 -3 -3 -3  6  0 -4 -1 -3 -2 -4 -1 -2 -3 -4 -4 -3   12   1   1   1   0   1   1  62   3   1   6   1   1   1   3   2   1   0   0   2  1.04 0.39
  104 Y    2 -2 -1 -2 -3 -2 -1  2  2  0 -2 -2 -2  0 -2  1 -1 -2  4 -1   16   1   2   1   0   1   3  19   6   6   3   1   0   3   1  14   2   0  17   4  0.29 0.20
  105 L   -1 -3 -2 -3  4 -1  0 -3 -2  1 -2 -2 -1  0  3 -1  3  0  3  0    3   0   1   1   8   2   7   2   0   8   2   2   1   3  17   2  19   1  14   5  0.39 0.25
  106 A    1 -2 -2 -3 -4 -3 -3  5 -2 -4 -4 -2 -1 -4 -1  0  0 -4 -3  0   13   2   1   0   0   0   1  52   1   0   1   2   2   1   3   7   6   0   1   6  0.78 0.34
  107 I    1 -1  0 -1 -2  0  0 -2 -1  1  0  2  0 -3  2  0 -1 -3 -2 -1   14   1   4   3   0   4   7   2   1  12   9  17   2   0  11   6   1   0   1   2  0.15 0.14
  108 G    0  2 -2 -1  4 -2 -1  3 -3 -3 -1  1 -2 -2 -3  1 -1 -3 -3 -3    6  13   1   3  10   1   3  28   0   0   8   8   0   2   0  11   3   0   0   1  0.34 0.21
  109 G   -1 -3 -3 -4 -3 -3 -3  1 -1  2  1 -3  2  0 -3 -1  1 -4 -2  4    4   0   0   0   0   0   1  10   2   8  13   0   5   3   1   4   9   0   1  38  0.39 0.24
  110 R   -4  7 -3 -4  1 -2  0 -3  0 -4 -4  0 -4 -3 -2 -1 -1 -1  0 -2    0  64   0   0   3   0   5   2   2   1   0   2   0   1   2   5   3   1   4   3  1.22 0.52
  111 N    0 -3  4 -2 -2  0 -2  0 -2 -4 -4 -3 -3 -4  2  2  3 -4  1 -2    7   0  26   1   1   4   1   6   0   0   1   0   0   0  10  14  19   0   6   3  0.49 0.32
  112 I   -2 -5 -2 -5 -2 -4 -5 -5 -5  4  1 -5  1 -1 -1 -4 -1 -5 -4  5    1   0   3   0   1   0   0   0   0  28   9   0   3   2   3   0   3   0   0  47  0.94 0.42
  113 V   -2 -2 -1 -4 -2 -1 -2 -4 -4 -1 -2  4  2 -3 -4  0  2 -5 -3  4    2   1   3   0   1   2   1   0   0   2   3  31   6   1   0   6  13   0   0  29  0.54 0.35
  114 A    4 -3 -3 -3 -1 -3  0 -2  3  0 -3 -3 -2 -3 -3  2  3 -5 -3 -1   38   0   0   0   1   0   5   1   8   6   2   0   0   1   1  16  17   0   0   4  0.54 0.35
  115 C   -1 -7 -2 -7 11 -7 -4 -7 -7 -6 -6 -7 -6 -7 -7 -5  1 -7 -7 -5    5   0   2   0  83   0   1   0   0   0   0   0   0   0   0   0   8   0   0   0  3.31 0.98
  116 Q   -3  0 -3 -4 -2  3 -2 -2 -1  1 -2  2 -2  1  4 -1  1 -4 -3  2    0   4   0   0   1  16   0   3   1   9   2  12   0   6  19   3   8   0   0  16  0.40 0.29
  117 G   -3 -6 -4 -5 -2 -6 -6  7 -6 -1 -7 -5 -6 -7 -6 -3 -2 -6 -7 -6    1   0   0   0   1   0   0  90   0   5   0   0   0   0   0   1   2   0   0   0  2.20 0.76
  118 N    0 -2  3 -1  1 -1 -1  1 -3 -3 -2 -1 -1 -1 -2  2  3  4 -2 -3    7   2  14   2   3   1   2  10   0   1   3   4   2   2   1  15  23   6   1   1  0.34 0.26
  119 R   -1  3 -1  1 -3  2  2 -1 -1 -1 -2  0 -2 -4 -2  0  2 -4 -2  0    4  16   2   8   0  10  17   3   1   3   2   5   0   0   1   5  16   0   1   7  0.27 0.20
  120 I   -1 -1 -1 -4 -2 -3 -2  0  4  0 -1 -3 -2  4 -4 -2 -2  4  3  1    6   4   4   0   0   1   1   7  13   6   4   0   0  22   0   1   2   6   8  14  0.42 0.25
  121 C   -3 -8 -2 -8 11 -7 -8 -7 -7  0 -6 -7 -6 -7 -7 -5 -5 -7 -7 -5    2   0   3   0  91   0   0   0   0   5   0   0   0   0   0   0   0   0   0   0  3.73 1.05
  122 Q   -1  3  0 -3 -5  1 -1 -1  3 -2 -4  2 -3 -4  4 -1 -1 -5 -2 -3    6  20   5   0   0   7   2   5   8   3   1  13   0   0  22   2   3   0   1   1  0.52 0.29
  123 K   -3  1  2  0 -2  0 -1 -4  2 -2 -2  1 -2  5 -4  0  0 -1  2 -3    0   9  13   5   1   3   2   0   5   2   1   9   1  27   0   7   7   0   8   0  0.44 0.28
  124 A    4 -2 -4 -4 -4 -4 -4  5 -5 -3 -4 -4 -5 -6  1  0 -2 -6 -5 -4   32   3   0   0   0   0   0  49   0   2   1   0   0   0   7   5   1   0   0   1  1.07 0.48
  125 N    1 -3  2  0  1  0 -1 -3 -1  1  2 -2 -1 -3 -4 -2  1 -4 -3  0   12   1  13   5   4   5   2   0   1  10  28   1   0   0   0   0  11   0   0   6  0.24 0.22
  126 T   -1 -3 -3 -4  0  4 -3 -1 -1  4 -1 -2  0 -1 -4 -2  1 -4  2  1    5   0   1   0   2  23   0   4   1  29   3   1   2   2   0   1  10   0   7   8  0.45 0.32
  127 D   -4 -3  3  7 -6 -2  2 -4 -4 -4 -5 -3 -4 -6 -4 -1 -3 -6 -5 -3    1   1  12  62   0   1  14   0   0   1   1   1   0   0   0   3   1   0   0   2  1.45 0.55
  128 T    2 -4 -2 -2  1 -3 -2 -4 -4 -4 -3 -3 -4 -5 -2  3  5  0 -4 -1   14   0   1   2   3   0   2   0   0   0   2   1   0   0   1  27  43   1   0   5  0.85 0.47
  129 T   -1 -1 -2 -1 -3  2  0 -3 -3  1 -1  1  1 -1 -2  1  3 -3  0  1    3   2   0   3   0  11   4   0   0  10   5  10   4   3   2  11  21   0   4   9  0.19 0.19
  130 G    2 -1  1  1 -4  0  1  3 -2 -3 -3  0 -3 -4 -3  2 -1 -5 -4 -3   16   3   5   6   0   3  11  27   1   1   1   6   0   0   1  16   3   0   0   0  0.39 0.24
  131 L   -3  0 -5 -3 -4 -4 -5 -6 -5  2  5 -3  3  2 -3 -3 -2 -4 -3  0    0   5   0   1   0   0   0   0   0  10  58   1   7   8   2   2   1   0   0   4  0.84 0.40
  132 S    4 -4 -3 -3  1 -4 -3  3 -3 -4 -2 -4 -3 -5 -4  1 -2 -5 -3  0   45   0   0   1   3   0   1  25   1   0   4   0   0   0   0  10   1   0   1   8  0.73 0.40
  133 R   -1  2  0 -2 -2  1  1 -2  2  1  1  3  1 -2 -3 -1 -2 -2 -2 -1    5  14   4   1   1   6   8   3   5   9  13  19   4   1   0   2   1   0   1   4  0.18 0.17
  134 R    1  3 -2  0 -5  1  3 -4 -3 -3 -3  4 -2  1 -3 -1 -1 -4 -2 -3   10  15   1   4   0   4  21   0   0   1   2  26   1   8   0   3   3   0   0   1  0.48 0.30
  135 L   -3 -4 -5 -4 -1 -4 -4 -6 -5  5  4 -1  2 -1 -5 -4 -2 -5 -4  2    1   0   0   1   1   0   1   0   0  33  41   5   4   2   0   0   2   0   0  11  0.87 0.39
  136 E   -2 -2 -2  4 -6 -1  5  0  3 -4 -5 -3  2 -5 -4 -2 -1 -6 -4 -3    3   1   1  27   0   2  41   6   7   0   0   0   6   0   0   1   4   0   0   2  0.90 0.45
  137 K   -1  1  0  2 -5  1  3 -2  2 -5 -4  4 -2 -2 -2 -1 -2 -5 -3 -4    5   8   3  14   0   6  21   3   6   0   0  25   1   2   1   3   2   0   0   0  0.51 0.29
  138 L    0  3 -1 -1 -4  0  2 -2 -1  0  0  2  1 -2 -2 -2 -1 -4 -2 -1    9  19   1   2   0   2  17   3   1   6  10  16   4   1   1   1   2   0   1   3  0.24 0.20
  139 V   -4 -4 -2 -4 -3 -3 -4 -4 -2  2  3 -4  0  5 -5 -4 -1 -2  5  0    0   0   2   1   0   1   1   1   1  11  29   0   2  23   0   0   4   0  20   5  0.72 0.35
  140 Y   -2 -2 -3 -3 -3 -1  1 -4  4  0 -1 -2  0  5 -4 -3  0  4  4 -1    2   2   1   0   0   3  10   1  11   5   5   2   2  27   0   0   8   6  12   3  0.57 0.31
  141 P   -2  0 -1  0 -5 -1  1  4 -2 -5 -4  1 -4 -3  4 -1 -2  5 -4 -4    2   5   2   4   0   2  11  32   0   0   1   8   0   1  18   3   1   9   0   0  0.66 0.34
  142 S   -1 -2  1 -3 -1 -2 -3 -1 -1 -1  2 -3  4  2 -2  1  2 -3 -2  0    3   1   6   0   1   1   0   5   2   2  22   0  12  10   1  10  14   0   0   7  0.22 0.21
  143 P   -4 -4 -3  1 -6 -4 -4  0  5 -6 -7 -4 -6 -7  8 -4 -2 -7 -5 -5    0   1   1   8   0   0   0   7  12   0   0   0   0   0  68   1   2   0   0   0  2.02 0.72
  144 Y    2  0  0 -4 -4 -1 -3  0  7 -3 -2 -1 -2 -2 -3  0 -3 -1  3 -2   16   4   5   0   0   2   0   8  35   2   4   3   1   1   1   6   0   1  10   2  0.74 0.39
  145 H   -1  0 -3 -4 -6  0  1 -3  5 -5 -5  6 -2 -6  2 -3 -3 -6 -4 -5    5   2   0   0   0   2   7   1  14   0   0  58   1   0   9   0   1   0   0   0  1.22 0.54
  146 L   -4 -5 -6 -6 -1 -5 -6 -6 -3  2  2 -5  2  6 -6 -5 -3 -3 -1  4    0   0   0   0   1   0   0   0   0   9  17   0   5  38   0   0   1   0   0  28  1.08 0.46
  147 K   -4  5 -2 -4 -7 -2 -3 -5 -4 -6 -6  7 -5 -7 -5 -4 -1 -7 -5 -6    0  26   1   0   0   0   0   0   0   0   0  70   0   0   0   0   3   0   0   0  1.87 0.72
  148 T   -3 -5  0 -5 -4 -5 -5 -6 -5  6  1 -5  5  0 -5 -4 -2 -5 -4  3    1   0   5   0   0   0   0   0   0  45  11   0  14   4   0   1   1   0   0  17  0.99 0.44
  149 V    4 -4  0 -3 -1 -3 -3  3  3 -4 -1 -3 -3 -3 -3  1 -1 -5 -3 -1   41   0   4   0   1   0   0  20   7   0   5   0   0   1   0  12   4   0   0   3  0.60 0.35
  150 I   -1 -5 -5 -5 -2 -4 -5 -1 -5  3  2 -4  0  1 -5 -4 -3  5 -2  5    3   0   0   0   0   0   0   6   0  17  17   0   1   4   0   0   1   7   0  41  0.75 0.36
  151 V    3 -4 -1 -3 -2 -3 -3  0 -4 -3 -4 -3  2 -4 -3  4  3 -5 -4 -1   26   0   2   0   1   0   0   5   0   1   0   0   5   0   0  34  23   0   0   3  0.73 0.42
  152 G   -1 -5 -3 -1  4 -3 -2  7 -3 -6 -6 -4 -5 -6 -5 -2 -4 -5 -6 -5    5   0   0   3   8   1   3  75   1   0   0   0   0   0   0   3   0   0   0   0  1.63 0.59
  153 C   -4 -6 -6 -6 11 -6 -6 -6 -6 -5 -5 -6 -5 -6 -6 -1 -4 -6 -6 -5    0   0   0   0  89   0   0   0   0   0   1   0   0   0   0   5   0   0   0   0  3.57 0.97
  154 P   -2 -4 -4 -4 -4 -2 -4 -1 -2 -2 -2 -3 -2 -3  8 -2 -3 -6 -5 -3    3   1   0   0   0   2   0   6   1   3   5   1   1   1  70   2   1   0   0   1  1.77 0.61
  155 N   -3  3  8 -2 -5 -2 -3 -4 -1 -4 -5 -3 -4 -2 -5  0 -3 -5 -2 -5    1  15  67   0   0   1   0   0   1   1   1   0   0   2   0   7   0   0   1   0  1.56 0.61
  156 D    1  0  5  3 -2 -1 -2  0 -2 -4 -4 -1  3 -4 -2  2 -1 -5 -4 -4   10   5  28  17   1   1   0   6   0   0   1   2   8   0   1  17   2   0   0   0  0.54 0.32
  157 C   -1 -6 -6 -6 11 -6 -6 -6 -6 -5 -5 -6 -5 -6 -6 -4 -4 -6 -6 -4    5   0   0   0  89   0   0   0   0   0   1   0   0   0   0   0   0   0   0   0  3.56 0.96
  158 A    3 -3 -1 -3 -2 -2 -2  3 -3  0 -1 -3 -1 -3 -1  2  0 -4 -3  1   25   0   2   1   0   1   1  23   0   5   6   0   2   0   2  14   7   0   0   9  0.33 0.22
  159 K    0  2 -2 -1 -4  3  3 -3 -1 -4 -4  4 -2 -3 -3 -1 -3 -3 -3 -3    8  12   1   2   0  15  17   1   1   0   1  33   1   1   0   4   0   0   1   2  0.63 0.33
  160 A    3 -4 -3 -3 -1 -3 -2 -2 -1 -2 -3 -3  2 -4  5  1 -1 -5 -4  2   29   0   1   0   1   0   2   3   2   1   1   0   5   0  28  12   2   0   0  13  0.68 0.35
  161 S   -1  2  1 -1 -1  4  2 -1  5 -3 -2 -1 -1 -4 -3 -1  0  0 -2 -3    4   9   5   3   1  24  11   4  16   1   3   1   1   0   1   3   7   1   1   1  0.45 0.28
  162 M    0 -1 -1 -1  2 -2  0 -3  0  2  1 -2  4  1 -3 -1  0 -2 -1  1    5   3   3   3   5   0   7   1   3  16  11   1  17   8   1   4   5   0   0   8  0.14 0.12
  163 A    0  0  4  0  1  0 -1 -1  4 -3 -3  2  0 -3 -2  0  0 -3 -2 -1    6   3  24   3   3   4   1   4  15   1   1  17   3   0   1   7   4   0   0   4  0.35 0.20
  164 D   -3 -3 -1  7 -4 -2  1  0 -3 -4 -4 -2 -4 -4 -3  0 -3 -5 -4 -4    1   1   1  68   0   0   8   8   0   1   1   1   0   0   1   8   1   0   0   1  1.28 0.41
  165 L   -2 -3 -3 -1 -2 -3 -3 -4 -1  5  1 -3  0  3 -3 -3 -1 -2  0  2    2   1   1   4   0   0   1   1   2  44  13   1   2  13   1   1   2   0   2  11  0.48 0.21
  166 G    0 -4 -2 -3 -4 -3 -3  6 -3 -4 -4 -3 -4  0 -3  0 -3 -4 -4 -4    7   0   0   0   0   0   1  76   0   0   1   1   0   5   0   5   1   0   0   1  1.31 0.37
  167 I   -2 -3 -3 -4 -2 -3 -3 -4 -3  5  1 -3  1  2 -3 -3 -2 -3  0  2    3   1   1   1   0   1   1   1   0  47  12   1   3  10   1   1   1   0   2  15  0.57 0.22
  168 I    0 -1 -2 -3  1 -1 -1 -3 -1  3  1  0  3 -1 -2 -1  0 -3 -1  2    5   2   1   1   4   3   2   1   1  26   6   8  10   1   1   3   4   0   1  20  0.19 0.13
  169 G    0 -2 -2 -2  1 -2 -3  6 -3 -4 -3 -2 -3 -1  0  0 -1 -3 -1 -3    7   2   1   1   4   1   1  61   0   1   1   1   0   2   5   5   2   0   3   1  0.82 0.26
  170 V    0  1 -1 -2  0  1 -1  0 -2  1 -1  0  1 -1 -2 -1  1 -2  1  2    9   8   1   1   2   7   2   6   0  11   2   4   6   2   1   3   8   0   7  20  0.07 0.09
  171 A    0  0 -1  0  0 -1  0 -1  3  0 -1  0  0 -1 -1  0  0  3  2  0    9   4   2   5   3   1   5   3   9   5   4   7   3   1   2   6   6   4   8  11  0.06 0.06
  172 K   -1  3 -1  0 -3  1  1 -1 -1  0 -1  2  0  0 -1  0  0  1  0 -1    4  18   2   3   0   5  10   5   1   5   3  15   2   4   2   5   4   2   4   5  0.13 0.10
  173 M   -2 -1 -3 -2 -4 -2 -3  1 -4  1 -1  0  1 -3  6 -3 -1 -1 -4  0    2   3   1   2   0   1   1  12   0  11   5   6   3   1  39   1   3   1   0   8  0.71 0.32
  174 R   -1  0  0  1 -3  1  1  0  2 -1 -2  1 -2 -1  1 -1 -1  5  0  0    2   5   3   8   0   6  10   6   7   4   3   9   1   2   6   4   3  10   3   8  0.19 0.13
  175 F   -3  0 -3 -3 -2 -3  0 -4 -3  3  0 -3  0  1  2 -2 -1  5  3  2    1   5   1   1   1   0   6   1   0  17   7   1   2   5  10   2   4  10  13  14  0.39 0.23
  176 T   -1 -1  2  3 -1 -1  1  0  0  0 -2 -1  1 -1 -3 -1  0 -3  0  0    3   3  11  22   1   1   9   6   3   7   3   3   4   2   1   3   7   0   4   6  0.18 0.15
  177 A    0 -1 -1 -1 -3 -1  2  1  1  1 -1  0  1 -2  1  0 -1 -1  1  0    7   2   2   2   0   2  15  10   3  11   3   7   5   1   8   7   2   1   7   5  0.10 0.12
  178 D   -1 -3  2  4 -2 -1  3  1  0 -1 -3  0 -3 -3 -2 -1 -2 -2  1 -2    4   0  10  26   1   1  19  10   2   3   1   4   0   1   1   5   1   1   5   3  0.43 0.27
  179 R   -1  2  0  0 -3 -1  0  2  3 -1 -1  2 -1 -3  0 -1 -1 -4 -3 -1    6  14   4   6   0   2   4  19   7   3   6  15   1   1   4   2   2   0   0   4  0.21 0.16
  180 C   -3 -5 -3 -2 10 -4  0  3 -5 -5 -5 -1 -5 -6 -5 -3 -3 -5 -5 -3    2   0   1   2  56   1   6  19   0   0   1   4   0   0   0   2   2   0   0   2  2.02 0.73
  181 I   -2  0  2 -2 -1 -2 -1  0 -2  3 -2  1 -1 -2 -3 -1  2  1 -1  2    2   5  10   1   1   0   3   8   1  22   1   8   1   1   0   3  12   2   1  15  0.23 0.21
  182 G    0 -2  0  0 -4 -2 -1  5 -1 -2 -1  0 -2 -1 -3  0 -2 -4 -2 -1    8   2   4   6   0   1   3  41   1   2   7   5   1   3   1   5   2   0   2   4  0.44 0.26
  183 C    1 -2 -3 -1 10 -3 -4 -3 -2 -3 -3  0 -3 -2 -2 -1 -2 -5 -5 -1    9   2   1   4  51   1   1   2   1   2   3   7   1   2   2   5   2   0   0   5  1.50 0.59
  184 G   -2  1  0  0 -2  0  0  5 -2 -5 -4  2 -1 -5 -1 -2 -2 -4 -4 -4    2   7   4   5   1   5   5  47   1   1   1  13   2   0   4   1   2   0   0   1  0.76 0.38
  185 A    3  1 -2 -3 -2 -1 -1 -2 -2 -1  1  1  0 -2 -3  0  0 -3 -1  1   25   8   1   1   1   2   2   2   1   3  16   9   2   1   0   6   5   0   2  13  0.19 0.18
  186 C   -1 -5 -5 -6 10 -3 -1 -6  3 -3 -2 -4 -5 -2 -6 -3 -2 -6 -5 -4    6   1   0   0  65   1   4   0   7   2   3   1   0   2   0   2   3   0   0   1  2.37 0.85
  187 V    0 -2 -3 -1 -1  0  1 -4 -4  3  1 -2  0 -2 -2 -1 -1 -4 -3  4    8   1   0   4   1   4  11   1   0  15  11   2   2   1   2   3   2   0   1  31  0.35 0.26
  188 K    0  1  1  1 -3  1  1  0  2 -2 -1  2 -2  0  0  0  0 -3  0 -1    6  10   5   8   0   5   7   7   6   0   5  15   0   5   4   6   4   0   3   4  0.11 0.12
  189 A    1  0  0 -2 -2 -1 -1 -1  1  0  0  0  1  0 -2  1  0 -2  1  1   11   4   6   0   0   0   4   4   3   5  12   6   3   5   0  10   6   0   6  11  0.04 0.09
  190 C   -1  0 -4 -4 10  0  0 -4 -4 -3 -1 -4  2 -4 -4 -3 -3 -4 -4 -3    5   5   1   1  61   5   6   1   0   1   5   1   5   0   1   1   1   0   0   1  1.86 0.62
  191 S    0  1  1  0 -4  1  0 -3 -1 -2 -2  4 -1 -4  3 -1 -1 -4 -3 -1    6   8   8   4   0   6   4   1   2   2   2  28   1   0  15   4   3   0   0   6  0.37 0.26
  192 H    0  0  0  0 -2  1  0  0  1  0 -1  0  1  0  1  0  0 -2  1  0    6   6   5   6   0   5   6   6   5   6   6   6   5   5   6   6   6   0   5   6  0.03 0.06
  193 H    0  1  2  0  1  0  0  1  2 -1 -1  2  0 -1 -1 -1 -1 -3  0 -1    6   6  10   4   4   3   5  10   7   3   4  15   3   3   3   4   3   0   3   4  0.10 0.13
  194 A    5 -4 -4 -4  2 -4 -4  0 -4  0 -4 -1  1 -5  1  2 -3 -5 -4  0   43   0   0   0   4   0   1   5   0   6   1   4   4   0   6  18   0   0   0   6  0.71 0.45
  195 V   -1 -4 -4 -2  0 -4 -4 -4 -4  5  0 -4  2 -1 -4 -2  1 -4 -3  3    4   1   0   2   2   0   1   1   0  40   7   1   4   2   1   3  11   0   0  20  0.72 0.37
  196 G    0  2  0  0 -3  0  1  2  0 -3 -3  3 -2 -3  1  0  0 -3 -3 -2    6  10   3   5   0   3   7  20   2   1   2  19   0   1   6   6   6   0   1   3  0.26 0.17
  197 C    3 -2 -2  1  4 -2 -2 -2 -3  0 -1 -2  0 -1  2 -1 -1  1 -2  1   25   2   1  10  10   1   1   2   0   4   5   1   2   2   9   3   4   2   1  13  0.27 0.19
  198 L    1 -1 -1  0 -2 -1 -1 -1  0  1  3 -1  0  0 -1 -1 -1 -2 -2  0   12   4   3   6   0   2   4   5   3   9  32   2   1   3   2   3   3   0   1   6  0.12 0.12
  199 A    0  0  0  2 -3  0  1  1  0 -3 -3  3 -2 -3 -1  2  1 -3 -1 -2    5   5   3  12   0   2   8  10   2   1   2  18   1   1   3  15   7   0   2   2  0.23 0.18
  200 L   -1 -1 -2 -1 -1 -1 -1 -1 -3  2  2 -1  2  0 -1 -1  0 -1 -1  2    3   3   1   3   1   3   4   4   0  10  22   3   7   4   2   3   6   1   1  17  0.14 0.13
  201 K   -1  0  0  1 -3  0  3 -1 -1 -1 -2  2 -2 -2  0 -1  0 -3 -1  2    4   4   4   7   0   2  22   4   1   3   4  14   0   2   4   2   6   0   2  16  0.21 0.18
  202 N   -2 -2  5  4 -4  0  2  1  0 -4 -3  0 -3 -4 -2 -1 -2 -4 -3 -4    3   2  26  22   0   3  12  11   2   1   4   6   0   1   2   3   2   0   1   1  0.59 0.33
  203 G   -2 -1  1  0 -4 -1  0  4  1 -3 -3  2 -2  0 -3 -1 -2  0  2 -3    2   2   7   6   0   2   6  34   3   2   2  13   1   4   1   4   2   1   7   2  0.41 0.26
  204 K   -2  1 -2 -2 -4  0  0 -3 -3 -2 -2  6 -2 -2 -1 -1  0 -4 -1 -2    2   7   1   1   0   3   7   2   0   3   4  46   1   2   4   4   7   0   2   3  0.63 0.38
  205 A    0 -2 -2 -3  0 -3 -2 -3  1  3  1 -3  0 -2  2  0 -1 -3 -2  3    8   2   2   1   2   1   3   1   3  21  12   1   2   1  11   7   2   0   1  22  0.33 0.23
  206 V   -1 -1 -2 -1 -2 -1  1 -2 -1  1  0  0 -1 -1 -3  0  0 -3  1  3    5   4   2   3   0   2  10   2   2   9   6   7   1   2   1   6   7   0   7  26  0.15 0.16
  207 K   -2  2 -1 -3 -3 -2 -3 -3 -2  4  0  1 -1  2 -3 -2  0  0 -1  1    3  14   4   1   0   2   1   1   1  28   8   9   1   9   1   2   5   1   2   8  0.31 0.22
  208 E   -3 -2  4  6 -4 -2  0 -2 -1  0 -4  0 -4 -4 -3 -2 -1 -4 -4 -3    2   2  20  46   0   2   4   2   2   5   1   4   0   1   1   2   3   0   0   2  0.95 0.42
  209 E    0  1  0  0 -3  0  2 -1  2 -2 -2  1 -1 -1  1  0  0 -1  1 -1    8   7   3   3   0   3  19   4   6   2   3   9   1   2   8   4   7   1   5   4  0.16 0.13
  210 S   -1 -1  2  3  1  1  4 -2 -2 -4 -3  0 -2 -4 -3  1 -1 -4 -3 -3    4   3   8  18   4   5  28   3   0   1   2   6   1   1   1  11   3   0   1   1  0.48 0.27
  211 A    0  3  0 -2  1  0 -1 -2  0 -1  1  4 -2 -3 -3 -1 -2 -3 -2 -1    6  14   4   2   4   2   2   3   2   3  15  30   0   1   1   2   2   0   1   5  0.32 0.22
  212 C   -3 -4 -4 -5 11 -4 -5 -3 -4 -4 -4 -3 -4 -4 -4 -4 -4 -4 -4 -4    1   1   1   1  80   1   1   2   0   1   2   2   0   1   1   1   1   0   1   1  3.08 0.89
  213 I   -2  0  2 -2  2 -1 -2 -2 -3  3  1 -1  2 -2 -3 -2  0  3 -2  1    1   6  13   1   6   2   2   3   0  26  10   2   7   0   0   1   5   5   0   9  0.25 0.17
  214 G   -1  2  2 -1 -3 -1 -1  3  1 -3 -2 -1  0  0 -3 -1 -1 -2  3 -2    2  12  11   2   0   2   2  30   4   1   4   2   3   3   1   3   2   0  13   2  0.32 0.18
  215 C   -3 -4 -4  0 10 -4 -1 -4 -4 -3 -1 -4  1 -4 -4 -3 -1 -4 -4 -3    1   1   0   6  69   0   5   1   0   1   5   1   4   0   1   1   4   0   0   1  2.11 0.57
  216 G    0 -4 -2 -1 -4 -3 -3  6 -3 -4 -4 -3  2 -4  0 -1 -1 -4 -4 -4    5   1   0   4   0   0   1  67   0   1   1   1   5   0   4   4   4   0   0   1  1.13 0.37
  217 E    0  3  2  0 -3  0  2 -2 -1 -1 -2  2 -1 -2 -2 -1 -1  1 -2 -1    7  21  12   5   0   3  16   2   1   3   3  11   2   2   1   3   2   2   1   5  0.26 0.17
  218 C   -3 -5 -5 -5 11 -5 -5 -4 -5 -4 -4 -5 -4 -4 -5 -4 -4 -4 -4 -4    1   1   1   1  85   1   1   1   0   1   1   1   0   1   1   1   1   0   0   1  3.31 0.90
  219 V    1 -3 -3 -2 -3 -2 -1 -2 -3  3  0 -2  0 -1 -2 -2  0 -2  3  3   10   1   1   2   0   1   4   3   0  22   5   3   2   2   2   2   5   0  12  25  0.30 0.21
  220 L    0  1  0  1 -3  0  1  0  0 -1  0  1 -1 -2 -2  0  2 -1 -2 -1    8  10   3   6   0   3   9   8   2   3   9  12   1   1   1   3  16   1   0   2  0.11 0.11
  221 A    2 -1  1 -2 -2 -1 -1 -1 -1 -1 -1  1  3 -2 -1  2  0 -3  0  1   17   2   8   1   0   2   2   2   1   2   5   9  10   1   2  15   3   0   3  11  0.15 0.16
  222 C   -2 -5 -4 -5 11 -4 -5 -4 -5 -1 -4 -5  1 -4 -4 -2 -4 -4 -4 -2    3   1   1   1  73   1   1   1   0   4   1   1   4   1   1   3   1   0   0   3  2.59 0.77
  223 P   -2 -2  0 -1 -4 -2 -2 -3  1 -3 -4  0 -4 -5  7 -2 -1 -5 -2 -4    3   2   6   3   0   1   2   2   3   2   1   5   0   0  62   2   3   0   2   1  1.48 0.55
  224 T    1 -1  0 -2 -3 -2 -1 -1  1 -2  0  0  0  3 -3  0  3 -2  0 -1   15   2   4   1   0   1   4   4   4   1   7   7   3  15   1   5  20   0   2   4  0.18 0.18
  225 L   -1  0  2  3 -2 -1  1  1  1 -2 -1  0  2 -1 -1  0 -1 -3 -2 -2    2   4  11  19   1   2   8  13   4   2   6   4   7   4   2   7   2   0   0   2  0.18 0.14
  226 A    4 -2 -2 -1  1 -2  0 -1 -1 -1 -1 -1 -2 -3  1 -1  0 -3 -1  0   46   1   2   2   3   1   5   5   2   4   5   3   0   1   7   3   4   0   2   5  0.37 0.24
  227 W   -2 -1 -2 -4 -4 -3 -4 -1 -4  4  1 -4  1 -1 -4 -4 -3  9  0  1    4   4   2   1   0   1   1   5   0  24  13   1   4   2   1   1   1  26   2   7  0.93 0.41
  228 Q    0  0  0  0 -2  1  1 -1 -1  0 -1  1 -1 -1 -1  1  2 -2  0  0    7   4   4   5   0   7  12   3   1   7   5   8   1   2   2  10  14   0   3   6  0.09 0.09
  229 R    0  3 -1  2 -1 -1  0 -1 -2  0 -1  0  1 -3  0 -1 -1 -3 -2  1    6  18   2  16   1   1   6   4   0   5   5   5   4   1   5   4   4   0   1  11  0.15 0.14
  230 K    0 -1  0  0 -3 -1  1  2 -1 -3 -3  2 -3 -3  2  2 -1 -3 -1 -2    6   2   4   5   0   2  11  16   1   1   2  15   0   1   9  17   2   0   3   2  0.26 0.20
  231 P    0  0  0  0 -1  0  1  1 -1 -2 -2  1 -2 -2  2  0  1 -1 -2 -1    6   5   4   5   1   4  12  13   1   2   3  12   0   2   9   4   9   1   1   4  0.14 0.11
  232 D   -2 -1  2  2 -4  0  3  0 -1 -2 -3  2 -3 -4  0  0  0 -4 -1 -2    2   3  11   9   0   3  26   7   1   3   2  13   0   1   4   4   6   0   2   3  0.32 0.23
  233 Q   -1  1 -1  2 -2  1  1  0 -1 -2 -2  3 -2  0 -1  0  0 -3 -1 -2    3   7   1  14   1   5   8   6   1   2   2  25   0   5   2   7   5   0   2   3  0.24 0.18
  234 L   -2 -3 -3 -4 -2 -4 -4  6  1 -1 -1 -4 -2  0 -4 -3 -4 -4  3 -2    3   1   0   0   1   0   1  61   3   3   6   0   1   4   0   1   0   0  10   4  1.12 0.50
  235 W   -2 -5 -5 -6 -1 -5 -5 -5 -1  2 -2 -5 -1  4 -5 -5 -4  6  7  1    3   0   0   0   2   0   0   0   1  10   3   0   2  14   0   0   0  11  42  10  1.35 0.57
  236 Q    1  3  0 -1 -3  1  0 -3  0  0 -1  2  1 -2 -3  0  1 -2 -2 -1   10  18   4   2   0   5   7   1   2   8   6  13   4   2   0   7   8   1   0   3  0.17 0.16
  237 V   -2 -5 -5 -5 -4 -4 -5 -4 -5  5  2 -5  1 -1 -5 -4 -3 -1 -3  4    2   0   0   0   0   0   0   2   0  38  19   0   2   2   0   1   1   1   0  29  0.96 0.44
  238 R   -1 -1 -3 -4 -3 -2 -3 -2 -1 -1  1 -2  3  2 -3  0  0  4  5  0    3   4   0   0   0   1   1   3   1   2  15   2   7  10   1   8   8   5  22   7  0.39 0.26
  239 L   -1 -4 -4 -4 -3 -4 -3 -3 -4  4  2 -4 -1  1 -4 -3 -2 -4 -2  4    5   0   0   1   0   0   1   2   0  26  15   1   0   7   1   1   1   0   1  36  0.73 0.36
  240 G   -2 -4 -3 -4 -5 -4 -4  7  0 -5 -2 -4  2 -3 -4 -3 -4 -4 -5 -5    2   1   0   1   0   0   1  78   2   1   4   1   6   1   1   1   1   0   0   1  1.69 0.60
  241 G   -2 -2 -3 -4 -5 -4 -4  7 -4 -5 -5 -4 -5 -5 -4 -3 -4 -5 -5 -5    2   3   0   1   0   0   1  86   0   1   1   1   0   0   1   1   1   0   0   1  2.00 0.67
  242 R   -2  5  2 -3 -2 -2 -2 -2 -2 -4 -1  4 -1 -1 -3 -1  0 -4 -3 -4    3  35  10   1   1   0   1   3   1   0   5  24   1   3   0   3   6   0   0   1  0.67 0.35
  243 T    0 -1 -1 -2 -3 -2 -3  1  1 -1 -1 -2  0  3 -3 -1  2  5  0  1    8   4   2   2   0   0   1  11   3   3   6   2   2  13   0   4  16   9   2  10  0.23 0.18
  244 S   -1 -2 -1 -4 -5 -4 -4  6 -4 -4 -5 -4 -5 -5 -4  2 -3 -5 -5 -5    5   3   2   0   0   0   1  69   0   1   1   0   0   0   0  15   0   0   0   1  1.44 0.56
  245 K   -1  5  3 -3 -4 -2 -2 -2 -1 -1 -3  4 -2 -4 -2 -1 -2 -3 -4 -2    4  32  14   0   0   0   1   3   1   4   3  27   1   0   2   3   1   0   0   3  0.72 0.39
  246 K   -2  3 -1 -2 -4  1  0 -2  4 -3 -3  4 -3 -4 -3 -1  0  0 -2 -3    2  18   3   2   0   6   6   3  13   1   2  30   0   1   1   4   5   1   1   2  0.56 0.31
  247 T   -1  0  2 -1 -2 -2 -1  0 -2  3  0 -2  0  0  0 -1  1 -2  0  1    4   5  11   2   1   1   2   7   1  21   5   2   2   4   4   3   9   0   4  12  0.11 0.11
  248 P    1 -3 -2 -3  1 -2 -3 -3 -1 -3 -3 -2 -3 -4  7 -1 -3 -2 -1 -1   11   1   2   1   3   2   1   1   1   1   3   3   0   1  55   5   1   1   2   4  1.26 0.48
  249 R   -2  6 -2 -3 -2  1  1 -4  2 -2 -3  3  0 -3 -4 -2 -2 -5 -4 -3    3  41   1   0   1   6  10   1   5   3   2  17   3   1   0   2   2   0   0   1  0.79 0.42
  250 V    0 -2 -2 -2 -3 -1  0  2 -3  1  2 -2  2  2 -3 -2 -2 -3 -2  1    8   1   1   2   0   2   6  20   0   9  19   2   5  11   1   1   1   0   0   9  0.20 0.18
  251 G    2 -1 -2 -3 -3 -1 -1  5 -3 -2 -4  0 -4 -4 -2  1  0 -4 -4 -3   21   3   1   1   1   3   3  41   1   2   1   6   0   1   1  10   5   0   0   1  0.63 0.35
  252 K   -1  3 -1  2 -3  1  1 -3 -1 -1 -3  3  0 -3 -1  0  0 -1 -1 -2    5  15   2  13   0   7   9   1   1   5   1  19   2   0   2   4   6   1   2   3  0.27 0.21
  253 L   -2 -1 -1  0 -3 -1  0 -3  0  1  2 -1  2  0  1 -1 -1  0 -1  1    0   3   2   7   0   1   8   1   3   7  27   3   7   5   6   3   3   1   1  11  0.15 0.15
  254 F   -1 -3 -3 -2 -3 -3 -3 -3 -4  1  3 -2  0  4 -3 -2 -2  0  0  2    6   1   1   2   0   0   1   1   0   8  37   2   1  18   1   3   1   1   2  13  0.47 0.28
  255 L    0 -1 -1 -1  2 -2 -2 -1 -3  2  1  0  0 -1  2 -1 -1 -3 -2  1    9   3   2   5   6   1   2   4   0  13  16   8   1   2  10   1   3   0   0  12  0.12 0.13
  256 N    0  0  1  1 -3 -1  1 -1 -1  0 -1  2  0 -2  2  0  0 -3 -3 -1    7   4   7   8   0   1   8   5   1   9   6  16   3   2   9   5   6   0   0   3  0.11 0.12
  257 W   -3 -2 -1 -3 -1 -3 -2 -4 -3  2  0 -3  0  4 -5 -2 -2  8  2  3    1   2   4   1   1   1   2   1   0  10   8   1   2  17   0   4   1  19   5  21  0.71 0.37
  258 V    0 -1 -3 -2  1 -2 -1 -2 -1  1  1  0  0  1 -2 -1  0 -2  0  2   10   2   0   2   3   0   5   2   1   9  15   7   1   8   1   2   7   0   2  21  0.13 0.15
  259 T   -1 -4  0  3 -4  0 -1 -3 -4 -5 -5 -2 -4 -5  4  2  4 -5 -5 -4    4   0   5  20   0   4   3   2   0   0   0   2   0   0  18  15  27   0   0   0  0.73 0.45
  260 E   -1 -1  2  1 -4 -1  5 -4  0 -4 -4  1 -4 -4  1 -2 -1 -5 -5 -3    5   3  11   6   0   1  47   0   2   1   2   9   0   0   6   2   3   0   0   1  0.80 0.47
  261 D   -2 -2  1  5 -6 -1  5 -3 -3 -6 -6 -2 -5 -6 -3 -2 -2 -6 -5 -6    3   2   7  34   0   2  43   1   0   0   0   1   0   0   1   2   2   0   0   0  1.25 0.61
  262 V   -1  0 -2  1 -4  2  4 -4 -1 -3 -3  0 -3 -3 -1  0  0 -5 -3  1    5   5   0   7   0   8  35   1   1   1   2   4   0   1   2   7   7   0   1  10  0.46 0.34
  263 I    0 -5 -6 -6 -2 -5 -5 -6 -6  4  2 -5  0 -2 -4 -4 -1  1 -4  5    8   0   0   0   1   0   0   0   0  22  21   0   1   1   1   0   4   2   0  38  0.88 0.46
  264 K   -2 -1 -2 -1 -3 -3 -1 -4 -1  2  2 -2  1  1  2 -3  0 -4  0  2    2   3   1   3   0   0   4   1   2  15  23   3   4   7   9   0   5   0   2  16  0.26 0.22
  265 Q    1  1  0  2 -4  1  2 -1 -2 -3 -2  2 -2 -2  0  0 -1  0 -3 -2   12   6   5  10   0   7  17   3   1   1   3  17   0   2   5   5   2   1   0   2  0.27 0.22
  266 V    0 -5 -5 -6 -1 -5 -5 -5 -4  4  1 -4  2  1 -5 -4 -1 -2  0  4    7   0   0   0   1   0   0   0   0  25  13   0   4   4   0   1   3   1   4  36  0.76 0.41
  267 I   -2 -4 -4 -3  5 -5 -2 -6 -5  5 -1 -4  0  0 -5 -4  0 -5 -4  4    3   1   0   1  11   0   3   0   0  38   4   1   2   3   0   0   6   0   0  25  0.88 0.46
  268 V    0  1 -1  4 -4  0  3  0 -2 -4 -3  2 -4 -5 -3  0 -2 -5 -4 -2    8   7   1  25   0   4  19   8   0   1   3  13   0   0   1   5   1   0   0   3  0.46 0.31
  269 N    3  2  3 -2 -4 -2 -1 -1  1 -2 -3  3 -2 -5 -4 -1  0 -3 -4 -2   26  10  16   1   0   1   2   3   3   3   1  22   1   0   0   4   4   0   0   3  0.46 0.34
  270 L    1 -4 -4 -5  1 -4 -4 -3 -4  4  1 -4 -1  1 -4 -3  2  3 -1  3   10   0   0   0   3   0   0   1   0  24  15   0   1   5   0   1  14   4   1  19  0.52 0.33
  271 Y   -3 -3 -4 -3 -3  0 -3 -4 -4  4  3 -2  3  0 -4 -3 -1 -3  3  2    1   1   0   1   0   5   1   1   0  24  26   3   8   3   1   1   3   0  11  11  0.49 0.31
  272 E    0  0  0  2 -4  2  4 -3 -2 -3  0  2 -3 -3 -3 -1 -1  1 -2 -1    7   4   3  10   0  11  27   1   0   1   8  14   0   0   0   3   2   2   1   6  0.38 0.30
  273 F   -2 -5 -5 -6 -2 -5 -5 -5 -2  1  1 -4 -1  6 -5 -4 -3  3  5  2    3   0   0   0   1   0   0   0   1   6  14   1   1  32   0   1   2   4  22  12  1.00 0.48
  274 E   -3  0 -5 -5 -2 -3 -1 -6 -1  1 -3 -4 -2  4 -5 -1 -4  3  7  1    2   6   0   0   1   1   4   0   1   6   1   1   1  13   0   4   0   4  45   9  1.17 0.57
  275 K    2  4 -1  1 -4  0  1 -3 -2 -4 -4  3 -2 -5 -3 -1 -1 -5 -3 -4   16  26   3  10   0   3  10   1   1   0   1  22   1   0   0   2   3   0   1   0  0.60 0.37
  276 E   -1  0  0  1 -1  1  4 -3  1 -3 -3  2 -3 -4 -3 -1 -1  2  0 -3    5   5   4   8   1   6  34   1   3   1   3  14   0   0   0   2   4   2   4   2  0.47 0.31
  277 M   -1 -1  2 -2 -1  0  0  0  4 -1 -2 -1  1  0 -3 -2 -1  2  4 -1    6   2  12   2   1   5   6   8  10   2   4   3   4   4   1   1   3   2  19   5  0.27 0.22
  278 L    3 -2 -3 -3  0 -2 -3  3 -3  2  0 -3 -1 -2 -3  0 -2  1 -3 -1   25   2   1   1   2   2   1  28   0  13  10   1   1   2   1   5   2   2   1   2  0.39 0.27
  279 G    0  2  2  3 -4  0  0 -1  1 -3 -3  3 -3 -3 -3  0  0  1 -3 -3    6  11  10  15   0   3   5   4   3   2   2  22   0   1   1   5   7   2   0   1  0.33 0.23
  280 G    0  0  2 -1 -3 -1 -1  3  0 -3 -3  2 -2 -2  0  0  0 -2  2 -3    7   4  13   3   0   1   2  23   2   1   2  12   0   1   4   5   6   0  10   1  0.28 0.19
  281 K    1  0  2  0 -2  0  0  2 -1 -2 -2  2 -2 -2 -1  0 -1 -2 -2 -2   14   5  12   5   1   2   4  15   1   2   4  19   1   1   2   7   3   0   1   2  0.20 0.12
  282 P    0  2  0 -1 -2  0  0 -1 -1 -1  0  1 -1 -2  3 -1 -1 -2 -1 -1   10  14   4   3   1   4   6   4   1   4  10   7   1   2  16   3   3   1   2   3  0.17 0.08
  283 I   -1  1 -1 -1 -2  3  1  0 -1 -1 -1  1 -2 -2  4 -1 -1  0 -2 -1    3   6   2   3   1  14   8   6   1   4   6   9   1   2  19   4   3   1   1   6  0.26 0.14
  284 Y   -2  2 -1 -2 -3  0 -1  2  1 -2  0  3 -2 -1 -2  0 -2 -1  3 -2    2  11   1   2   0   4   3  15   3   1  10  21   1   2   1   5   2   1  14   1  0.26 0.19
  285 L   -2 -2 -3 -1 -2 -1  7 -5 -1 -3 -1 -2 -2 -5 -4 -1 -1 -5 -5 -3    2   2   1   1   1   1  68   0   2   2   7   1   1   0   0   5   3   0   0   1  1.28 0.64
  286 H   -5  8 -4 -4 -7 -2 -4 -6  6 -7 -6 -2 -3 -4 -6 -5 -5 -6 -5 -6    1  77   0   1   0   1   0   0  17   0   0   0   0   1   0   0   0   0   0   0  2.34 0.94
  287 M   -4 -5 -5 -6 -4 -5 -6 -2 -5  3  4 -5  4  4 -6 -4  0 -4 -1  1    0   0   0   0   0   0   0   4   0  15  37   0  11  20   0   0   5   0   1   7  0.85 0.45
  288 G    2  1 -3 -4 -1 -3 -4  5 -4 -4 -4 -2  3 -4 -2  0 -2 -5  0 -4   16   7   0   0   2   0   0  47   0   1   0   2   8   1   2   7   2   0   4   0  0.83 0.46
  289 H   -1  0  1  3 -5 -2  2 -2  3 -3 -4  0 -3 -1 -1  0 -1  5  3 -3    4   4   5  19   0   1  14   2   9   1   1   5   0   2   3   5   3   9   9   1  0.43 0.29
  290 L   -3 -4 -5 -5 -2  0 -4 -5 -3  2  2 -4  1  2 -5 -3  3  7  0  1    1   1   0   0   1   4   0   0   1  11  20   0   4   9   0   1  17  17   3  11  0.73 0.41
  291 I   -1 -6 -6 -6 -4 -5 -6 -6 -6  6  1 -5  4 -3 -6 -5 -4 -5 -4  3    5   0   0   0   0   0   0   0   0  50  13   0  11   0   0   0   0   0   0  19  1.28 0.58
  292 D   -1 -3 -1  6 -7 -1  4 -4 -2 -4 -6  0 -6 -7 -3 -3 -3 -7 -6 -6    4   1   1  52   0   2  29   1   1   1   0   5   0   0   1   1   1   0   0   0  1.40 0.66
  293 K   -4  7 -2 -2 -7 -1  2 -6 -1 -5 -5  1 -3 -7 -6 -3 -4 -7 -6 -6    1  69   1   2   0   2  13   0   1   1   1   6   1   0   0   2   1   0   0   0  1.70 0.76
  294 G   -1 -4 -3 -5 -4 -3 -3 -3 -3  4  2 -4  1 -3 -5 -4  1  3 -1  4    5   0   1   0   0   1   1   2   0  28  16   0   3   0   0   0   8   4   2  28  0.64 0.38
  295 G   -4 -5 -5 -3 -7 -4 -3  7 -3 -8 -8 -4 -7 -8 -6 -3 -6 -7 -7 -8    0   0   0   2   0   1   2  93   1   0   0   1   0   0   0   1   0   0   0   0  2.43 0.94
  296 Y   -4 -3 -4 -4 -5 -2 -2 -6 -2  2  2 -1  0  5 -2 -4 -3  7  3 -1    1   1   0   1   0   2   4   0   1  13  17   4   2  23   2   1   1  16  11   3  0.81 0.42
  297 L   -2 -2  0  4 -6  0  5 -1  0 -5 -3 -1 -2 -6 -1 -2 -2 -6 -4 -5    2   1   4  21   0   3  46   6   2   0   3   3   1   0   4   1   2   0   1   0  0.90 0.51
  298 R   -1  2  1 -1 -4  0  2 -1  1 -2 -3  4 -3 -4 -3  0  0 -2  0 -2    5   9   6   2   0   3  15   4   4   2   2  30   0   0   1   6   5   1   3   3  0.37 0.28
  299 F   -4 -6 -6 -7 -3 -6 -6 -7 -5  2  1 -6 -3  8 -7 -6 -5 -2  1  2    1   0   0   0   1   0   0   0   0  10  11   0   0  60   0   0   0   0   4  12  1.67 0.68
  300 K   -2  4 -3 -3 -5  0  0 -5 -2  0  0  5 -2  2 -3 -3 -2 -4 -1 -3    2  21   0   0   0   4   6   0   1   7   8  35   1   9   1   1   2   0   2   1  0.63 0.40
  301 E    1  1  0  0 -5  1  4 -2 -3 -4 -5  4 -3 -4 -4  0 -2 -5 -4 -4   10   5   4   5   0   5  31   2   0   0   1  27   0   0   0   7   2   0   0   0  0.67 0.41
  302 R    0  2 -1  0 -4  1  4 -3  0 -2 -2  1  1 -1 -3 -1 -1  4  0 -1    8   9   2   3   0   6  30   1   2   2   2  10   4   2   1   2   3   6   3   4  0.36 0.27
  303 V    0 -4 -5 -5 -2 -4 -5 -5 -4  4  2 -4  1 -3 -4 -4 -2 -4 -4  5    8   0   0   0   1   0   0   0   0  25  20   0   3   0   0   0   2   0   0  38  0.84 0.42
  304 L   -1  1 -3 -2 -4 -1  1 -4 -4 -1  4  1  1  0 -4 -3 -3 -2 -2  1    4   7   1   2   0   2  10   0   0   1  48   8   3   3   0   1   1   0   1   8  0.47 0.32
  305 R   -1  2 -1  3 -3  1  3 -2 -1 -3 -4  4 -3 -5 -2  0  0 -4 -4 -4    4   9   2  15   0   5  22   2   1   1   1  25   0   0   1   5   5   0   0   0  0.53 0.31
  306 G    0 -1  0  4 -4  0  0  3 -2 -3 -2  0  1 -4 -2 -2 -2 -4 -3 -2    8   3   4  24   0   4   6  30   1   0   3   4   4   0   1   1   2   0   0   4  0.42 0.24
  307 V   -1 -3 -3 -2 -2 -3 -2 -3 -2  2  2 -2  1  2 -1 -2 -2 -2  1  3    4   1   1   2   0   1   3   1   1  11  17   1   4  11   3   2   1   0   5  32  0.31 0.20
  308 Q   -1 -1  0  1 -2  2  5 -1 -1 -2 -2  1 -3 -4  0 -1  1 -4 -3 -2    3   1   3   5   1   8  41   5   1   2   3   7   0   0   4   2  11   0   0   2  0.48 0.29
  309 L   -1  0  2 -3 -3 -1 -3 -3 -2  0  3 -1 -1  3 -2 -2 -2 -2 -1 -1    4   6  13   1   0   3   1   1   0   3  41   4   0  16   1   2   2   0   1   1  0.35 0.23
  310 N   -1  0  4  0 -3  0  0  1 -2 -2 -2  0 -2 -3  3  0  1 -3 -3 -1    2   6  24   3   0   3   4  11   0   1   4   3   0   0  14   8   9   0   0   6  0.30 0.17
  311 P   -1  1 -2  0 -4  1  1 -3  0 -3 -2  1 -3 -4  6 -1 -2 -4 -3 -2    3   8   1   6   0   7  11   0   2   0   5   8   0   0  40   4   2   0   0   2  0.75 0.29
  312 E   -1  0 -2  1 -4  1  5 -3 -2 -2 -3  3 -2 -4 -3 -1  0 -4 -3 -3    3   2   1   6   0   4  47   1   0   2   2  22   0   0   0   2   5   0   0   1  0.69 0.31
  313 A    4  0 -2 -2  2  1  0 -1 -2  0 -1 -2  1 -1 -2 -1  0 -3 -1 -1   46   4   0   1   4   6   7   2   0   5   3   1   4   2   1   1   7   0   2   3  0.31 0.22
  314 M    0  0 -2 -1 -3  1  2 -3 -1  1  2  0  2 -2 -1 -2 -2 -3 -2  1   11   6   0   2   0   8  15   0   1   8  23   6   6   1   2   0   0   0   1   8  0.15 0.14
  315 V    0 -2 -3 -2 -2 -2  0 -3 -1  2  1 -1  1 -2 -1  0 -1 -3 -1  3    7   1   0   1   0   0   6   1   2  16  15   3   3   0   3   9   2   0   1  29  0.21 0.15
  316 A    4 -1 -1  0 -3 -1 -1  0 -1 -2 -2  2 -2 -3 -2  1 -1 -4 -1 -1   41   1   2   7   0   1   0   4   1   2   4  18   0   0   1   9   3   0   2   3  0.33 0.23
  317 E   -2  0  0  5 -5  1  4 -3 -1 -5 -5  0 -4 -5 -1 -1 -2 -5 -1 -3    2   5   4  39   0   5  31   1   1   0   0   4   0   0   2   2   2   0   2   1  0.80 0.34
  318 R   -1  3  2  2 -2  0  3 -2  1 -3 -3  0 -2  0  0 -1  0 -3  0 -2    4  18  10  12   1   3  22   2   3   0   0   1   0   6   3   1   8   0   4   1  0.29 0.19
  319 I   -2 -4 -5 -3 -3 -4 -5 -5 -4  6  3 -4  1  0 -4 -4 -2 -4 -1  1    2   0   0   1   0   0   0   0   0  56  25   0   2   3   0   0   1   0   2   6  0.89 0.35
  320 Y   -3 -2  1  2 -4 -3 -1 -4  0 -2  1 -3 -2  3 -2 -2 -3 -1  6 -1    0   2   6  17   0   0   3   0   1   0  19   0   0  11   2   1   0   0  34   3  0.58 0.28
  321 W   -2 -2 -5 -5 -5 -4 -1 -5 -4 -5 -4 -3 -4  2 -5  1 -4 11  0 -5    3   2   0   0   0   0   5   0   0   0   0   1   0   7   0  15   0  66   1   0  2.51 0.62
  322 A    2  3  0  1 -3  0  2  0 -1 -3 -3  0 -3 -4 -2  1  0 -4 -3 -2   23  20   2   7   0   2  17   7   1   0   0   3   0   0   0  14   5   0   0   1  0.34 0.19
  323 E   -2  1 -2  0 -5  1  4  3 -2 -5 -4  4 -3 -4 -3 -2 -2 -4  0 -4    0   7   0   2   0   3  31  23   0   0   0  29   0   0   0   0   2   0   4   0  0.63 0.28
  324 D   -2  3  0  3 -3  0  0 -3  0  0 -3  0 -2 -2 -1 -1  2 -3  1 -1    2  24   4  20   0   3   5   0   3   8   0   4   0   1   3   1  15   0   5   4  0.28 0.18
  325 E   -2  0 -1  3 -5  1  5 -3  2 -3 -4  1 -2 -3 -3 -2  0 -4 -3 -2    2   4   2  17   0   3  44   0   5   1   0  10   1   1   0   0   7   0   0   3  0.62 0.27
  326 S   -3 -1  1 -4 -1  0 -3 -4  5  0 -2 -3 -3  1 -4  0 -1 -1  7 -3    0   2   7   0   1   5   0   0  15   7   2   0   0   3   0   7   4   0  46   0  0.88 0.35
  327 V   -2  3 -1 -2 -1 -1 -2 -4 -3  3  2  0  0 -2  0 -2 -1 -4 -3  2    0  24   4   2   1   2   1   0   0  21  22   2   0   0   4   1   2   0   0  13  0.27 0.17
  328 A    3 -1 -2 -2 -3  0 -2  4 -3 -4 -4 -1 -3 -1 -3  1  0 -4 -3 -3   31   4   0   2   0   4   0  36   0   0   0   3   0   3   0  13   6   0   0   0  0.53 0.22
  329 R    0  2  3  0 -3  2 -1 -2 -1  0 -2 -1 -2 -3 -1  1  0 -4 -3  1    5  12  24   4   0  16   0   0   0   5   0   0   0   0   2  12   3   0   0  17  0.27 0.16
  330 M   -2 -2 -1 -2 -3 -2 -1 -4  1  2  1  1  4  3 -3 -2 -2  2  2  0    0   0   3   3   0   0   2   0   3  16   9  13  17  19   0   0   0   2  10   4  0.26 0.15
  331 H    0  1  2 -2 -4 -1 -2 -3  8 -4 -2  0 -3 -1  2 -1 -2 -4 -1 -4    8   6  12   0   0   0   0   0  49   0   3   6   0   2   9   4   0   0   0   0  0.85 0.28
  332 L   -2 -2 -3 -3 -3  3 -1 -4 -2  0  2 -2  2  2 -3 -2 -2 -2  1  2    0   0   0   0   0  23   3   0   0   0  25   0   7  13   0   0   0   0   5  24  0.34 0.18
  333 K   -2  4 -2 -2 -5  0 -1 -3 -2 -4 -3  6  1 -4 -3 -2 -2 -4 -3 -4    0  20   0   0   0   0   0   0   0   0   0  73   6   0   0   0   1   0   0   0  1.08 0.32
  334 P    0 -1 -2  0 -3  4  0 -3 -2 -3 -3  1 -2  0  5  0 -2 -3 -2 -3    9   0   0   5   0  29   0   0   0   0   0  10   0   7  37   4   0   0   0   0  0.74 0.18
  335 A    2 -2 -3 -3 -2 -2 -1 -2 -3  1  1 -2  0 -2  3 -1  1 -3 -2  2   28   0   0   0   0   0   3   0   0   8  14   0   0   0  19   0   9   0   0  18  0.30 0.10
  336 G    1 -2  0  0 -1 -2 -2  5 -2 -4 -4 -2 -3 -4 -2  2 -1 -3 -3 -3    9   0   4   4   2   0   0  58   0   0   0   0   0   0   0  23   2   0   0   0  0.71 0.14
  337 H   -2 -1  3  2 -4  3  2 -2  6 -4 -3  0 -2 -3 -2 -1 -1 -3 -1 -3    0   0  19  14   0  19  16   0  33   0   0   0   0   0   0   0   0   0   0   0  0.58 0.09

                      K         Lambda
Standard Ungapped    0.1384     0.3223
Standard Gapped      0.0463     0.2670
PSI Ungapped         0.1510     0.3129
PSI Gapped           0.0463     0.2670
