
Last position-specific scoring matrix computed, weighted observed percentages rounded down, information per position, and relative weight of gapless real matches to pseudocounts
           A  R  N  D  C  Q  E  G  H  I  L  K  M  F  P  S  T  W  Y  V   A   R   N   D   C   Q   E   G   H   I   L   K   M   F   P   S   T   W   Y   V
    1 M   -2 -3 -4 -5 -3 -2 -4 -4 -3  1  1 -3  9  1 -4 -3 -2 -3 -2  0    0   0   0   0   0   0   0   0   0   4   3   0  88   5   0   0   0   0   0   0  1.30 0.23
    2 L   -3 -3 -4 -5 -2 -3 -4 -5 -4  1  5 -4  2 -1 -4 -3  0 -3 -2  1    0   0   0   0   0   0   0   0   0   2  83   0   5   0   0   0   5   0   0   4  0.84 0.20
    3 N    1  1  0  0 -2  2  0 -2  0 -3 -3  4 -2 -4 -1  1 -1 -4 -3 -3   14   5   3   2   0  13   3   0   2   0   1  40   0   0   1  14   1   0   0   0  0.41 0.13
    4 D   -3 -3  1  7 -5 -1  1 -3 -3 -4 -2 -2 -4 -5  0 -1 -2 -5 -4 -4    1   0   3  78   0   1   4   0   0   0   6   0   0   0   5   1   1   0   0   0  1.21 0.24
    5 Q   -1  0  0 -1 -4  5  3 -3  3 -4 -4  3 -2 -4 -2  1 -1 -4 -2 -3    1   1   2   1   0  37  19   0   7   0   0  21   0   0   0   9   1   0   0   0  0.64 0.18
    6 D   -3 -3  1  7 -5  0  0 -3 -3 -5 -5 -2 -4 -5  2 -2 -3 -6 -5 -4    1   0   4  79   0   4   1   1   0   0   0   0   0   0  11   0   0   0   0   1  1.39 0.28
    7 R   -2  7 -2 -3 -3  2 -1 -4 -1 -3 -3  1 -2 -4 -4 -2 -2 -4 -3 -1    1  74   1   0   1  10   0   0   0   1   1   4   0   0   0   1   1   0   0   5  1.11 0.26
    8 I   -3 -5 -5 -5  0 -5 -5 -6 -5  7  0 -5  0 -1 -5 -4 -2 -4 -3  2    0   0   0   0   2   0   0   0   0  88   3   0   0   1   0   0   0   0   0   7  1.27 0.29
    9 F   -4 -5 -5 -6 -4 -5 -5 -5 -3 -2  1 -5 -1  8 -6 -4 -4 -1  4 -2    0   0   0   0   0   0   0   0   0   0   9   0   0  81   0   0   0   0  10   0  1.68 0.33
   10 T    1  1 -1 -2 -3  2 -1 -3 -2 -2 -2  0 -2 -4 -2  0  5 -4 -3 -2   12   9   1   1   0  12   1   0   0   0   1   4   0   0   1   3  55   0   0   0  0.59 0.21
   11 N   -2 -2  7  0 -4 -2 -2  1 -1 -5 -5 -2 -4 -5 -4 -1  2 -5 -4 -4    1   0  72   3   0   0   0  10   0   0   0   0   0   0   0   1  12   0   0   0  1.22 0.30
   12 L   -1 -2 -4 -5 -2 -3 -4 -5 -4  2  5 -3  1 -1 -4 -3 -2 -3 -2  1    3   2   1   0   0   0   0   0   0  12  71   1   2   0   0   0   0   0   0   7  0.71 0.20
   13 Y   -3 -3  1  1 -4 -1 -3 -3  4 -3 -3 -3 -3  1 -4 -2 -2  0  8 -3    0   0   7   7   0   2   0   2  12   0   0   0   0   1   0   2   2   0  62   0  1.19 0.29
   14 G   -1 -1 -1 -3  1 -2 -3  6 -2 -3 -1 -1 -2  0 -4 -1 -2 -3 -1 -3    0   3   2   0   3   1   0  69   1   1   8   3   1   4   0   2   1   0   2   0  0.87 0.21
   15 M   -2  3 -1  3 -3  1  1 -3  1 -2  0  1  0  0 -1 -1 -1  0 -1 -2    2  22   1  21   0   6   8   0   4   2   9   6   4   6   2   1   2   1   2   1  0.21 0.09
   16 G   -2  0  1  0 -4  2  1  0  7 -3 -3  1 -2 -1 -2 -1 -1 -3  1 -3    1   3   6   5   0   9   9   7  35   1   1   8   1   3   1   3   2   0   3   0  0.47 0.14
   17 D   -2 -3  2  5 -2 -1 -1  0 -2 -4 -5 -2 -4 -5  4  1 -1 -5 -4 -4    1   0  12  47   1   1   0   8   0   0   0   0   0   0  19   9   3   0   0   0  0.82 0.20
   18 R   -1  0 -3 -4 -4 -3 -3 -4  3 -3 -4 -1 -3  0  2 -2 -2 10  0 -3    6   5   1   1   0   0   0   0  10   1   0   3   0   3  13   1   2  50   1   2  1.56 0.30
   19 S   -1  3  0  2 -3 -1 -1  1  1 -3 -2  0 -2  0 -2  2  1 -3  0 -3    2  21   3  12   0   0   0  12   4   0   2   5   0   5   0  18  13   0   4   0  0.23 0.10
   20 L   -3 -4 -5 -5 -3 -4 -5 -5 -4  2  5 -4  1 -1 -5 -4 -3 -3  0  0    0   0   0   0   0   0   0   0   0  12  83   0   1   1   0   0   0   0   2   1  1.00 0.25
   21 A    1  0 -1  2 -2  1  3 -2 -1 -4 -4  4 -3 -4 -1  0 -2 -4 -3 -3   13   0   1  10   1   5  22   1   0   0   0  42   0   0   1   4   0   0   0   0  0.53 0.17
   22 G    1 -3  0  2 -3 -1 -1  4  0 -3 -4 -2 -3 -4 -3  1  0 -4 -3 -1    9   0   4  13   0   1   3  42   3   0   0   0   0   0   0  15   5   0   0   6  0.48 0.14
   23 A    5 -3 -3 -4 -3 -3 -3 -2 -2 -3 -3 -3 -3 -1 -3  0 -2 -2  6 -2   62   0   0   0   0   0   0   0   0   0   0   0   0   0   0   3   0   0  35   0  1.01 0.29
   24 K   -2  2 -2 -2 -3  2  1 -3 -2  0  2  1  4 -2 -3 -2 -2 -3 -2  0    1  13   0   0   0  12  12   0   0   4  21  12  17   0   0   0   0   0   0   8  0.26 0.12
   25 K    2  1 -1 -2 -3  1  0 -1 -2 -3 -3  4 -2 -4 -2  2 -1 -4 -3 -2   22   4   2   1   0   7   1   2   0   0   1  42   0   0   0  17   1   0   0   0  0.47 0.17
   26 R   -3  7 -2 -3  0  0 -2 -4  1 -2 -2  0  0 -3 -4 -2 -1 -4 -1  0    0  71   1   0   2   1   0   0   3   1   3   0   2   0   0   0   3   0   2   9  0.97 0.26
   27 G   -2 -4 -2 -2 -5 -4 -3  7 -4 -6 -6 -3 -5 -5 -4 -2 -3 -5 -5 -5    0   0   1   2   0   0   1  97   0   0   0   1   0   0   0   0   0   0   0   0  1.83 0.33
   28 H   -1 -3  0  5 -2 -2 -1  4  3 -4 -5 -2 -4 -4 -3 -1 -2 -5 -3 -4    5   0   1  44   1   1   0  36   8   0   0   0   0   0   0   2   1   0   0   1  0.84 0.21
   29 W   -5 -5 -5 -6 -5 -4 -5 -5 -2 -4 -4 -5 -4  0 -6 -5 -5 11  7 -5    0   0   0   0   0   0   0   0   0   0   0   0   0   1   0   0   0  62  38   0  2.85 0.44
   30 D   -1 -1  1  3 -4  2  1 -3  4 -3 -3  0 -2 -1 -3  0 -1 -2  4 -3    5   1   5  21   0  13   6   0  11   0   0   5   0   0   0   7   1   0  23   1  0.42 0.15
   31 G    2  2  1 -1 -3  1 -1  1 -2 -3 -3  3 -1 -3 -2  0 -1 -4 -2 -1   22  11  10   2   0   8   1  13   0   0   1  22   1   0   0   1   1   0   1   4  0.25 0.10
   32 T   -2 -3 -2 -3 -3 -3 -3 -4 -4  0  2 -3 -1 -1 -3 -1  6  5 -2 -1    0   0   0   0   0   0   0   0   0   4  23   0   1   2   0   0  63   8   0   0  0.82 0.26
   33 A    0  4 -1 -1 -3  0  1 -3 -2 -4 -4  6 -3 -5 -3 -2 -2 -4 -3 -4    7  20   1   1   0   1   7   1   0   0   0  60   0   0   0   0   1   0   0   0  0.83 0.23
   34 A    0  2  0  3 -4  1  3 -1 -1 -4 -4  3 -3 -3 -2 -1 -2 -4 -3 -3    7  11   2  18   0   2  28   4   0   0   0  25   0   1   0   0   0   0   0   0  0.50 0.15
   35 I   -2 -4 -5 -5 -3 -4 -5 -5 -5  6  2 -4  1  0 -4 -4 -2 -3 -3  2    3   0   0   0   0   0   0   0   0  70  17   0   1   2   0   0   0   0   0   6  0.92 0.23
   36 I   -3 -4 -5 -5 -2 -4 -4 -5 -4  4  4 -4  1  0 -4 -4 -2 -3 -2  2    0   0   0   0   0   0   0   0   0  26  59   0   2   2   0   0   0   0   0  10  0.74 0.19
   37 Q    1 -1 -1  1 -1  0  1  0 -1 -1  1  1 -1 -2 -2  0  1 -2 -2 -1   15   2   1   8   1   4  14   7   1   1  24   9   0   0   0   5   9   1   0   0  0.10 0.07
   38 R   -2  1  0 -1 -3  1  2 -3 -2 -2 -1  5  3 -3 -3 -1 -1 -4 -3 -3    1   4   4   1   0   3  16   0   0   1   5  47  14   0   0   2   1   0   0   0  0.50 0.18
   39 G   -1 -1 -1 -1 -4 -2 -2  6 -3 -5 -5  2 -4 -4 -1  1  0 -4 -4 -4    1   1   0   2   0   0   1  64   0   0   0  14   0   0   2   8   7   0   0   0  0.89 0.21
   40 R    0  3 -2  0 -4  2 -1 -2  3 -4 -4  0 -3 -4  5 -1 -2 -2 -3 -3    7  20   0   6   0  11   1   1  10   0   0   2   0   0  35   3   1   1   0   1  0.71 0.17
   41 D   -2 -2  0  6 -5  0  4 -2 -2 -4 -4  0 -4 -5 -3  0 -1 -5 -4 -4    2   0   1  56   0   2  28   1   0   0   0   3   0   0   0   5   2   0   0   0  1.00 0.22
   42 K   -1 -2 -2  1 -4  3  0 -3 -2 -4 -3 -1 -3  0 -4 -1 -2 10  0 -3    5   1   1   8   0  14   6   1   1   0   1   4   0   4   0   3   1  48   1   1  1.33 0.25
   43 I   -2 -4 -4 -5 -3 -4 -4 -5 -5  6  1 -4  0 -2 -4 -4 -2 -4 -3  3    0   0   0   0   0   0   0   0   0  70   6   0   0   0   0   0   1   0   0  21  0.95 0.23
   44 I   -3 -4 -5 -5 -1 -3 -4 -5 -5  6  1 -4  0 -2 -4 -4 -2 -4 -3  3    0   0   0   0   1   1   0   0   0  76   6   0   0   0   0   0   0   0   0  13  0.99 0.24
   45 D    1 -1  3  3 -3  2  3 -1 -1 -4 -4  0 -3 -4 -2  1 -1 -4 -3 -3   14   0  19  21   0   9  22   2   0   0   0   4   0   0   0   7   1   0   0   0  0.45 0.13
   46 E   -2 -1 -1  1 -5  2  6 -3 -1 -3 -3 -1 -1 -4 -3 -1  0 -4 -3 -3    0   1   1   3   0   9  74   0   0   1   1   0   2   0   0   0   6   0   0   1  1.02 0.25
   47 M   -2 -4 -4 -4 -2 -3 -4 -4 -4  4  1 -3  5 -1 -4 -3 -1 -3 -2  4    0   0   0   0   0   0   0   0   0  30   9   0  19   0   0   0   0   0   0  39  0.68 0.18
   48 K   -2  1 -2 -2 -3  0 -1 -3 -2 -4 -4  7 -2 -5 -3 -2 -2 -5 -4 -4    0   2   0   0   0   0   0   0   0   0   0  93   1   0   0   1   2   0   0   0  1.37 0.31
   49 A    3  0  0  1 -2  0  0 -1 -2 -2 -2  2 -1 -3 -2  0  1 -3 -3 -1   34   2   3   8   0   3   5   1   0   2   3  22   0   0   0   4  11   0   0   1  0.24 0.11
   50 S    0 -3 -1 -2 -3 -2 -2 -2 -3 -4 -4 -2 -3 -4 -1  6  0 -5 -3 -3    2   0   0   0   0   0   0   1   0   0   0   0   0   0   1  95   0   0   0   0  1.26 0.32
   51 G    0 -3  0 -2 -2 -2 -2  6 -3 -5 -5 -2 -4 -4 -3 -1 -2 -4 -4 -3    8   0   5   0   1   0   2  77   0   0   0   2   0   0   0   3   0   0   0   1  1.14 0.22
   52 L   -3 -4 -5 -5 -3 -4 -4 -5 -4  1  6 -4  1 -1 -4 -4 -3 -3 -3 -1    0   0   0   0   0   0   0   0   0   3  95   0   1   0   0   0   0   0   0   0  1.14 0.26
   53 R   -3  8 -2 -3 -5 -1 -2 -4 -2 -5 -4  0 -3 -5 -4 -3 -3 -5 -4 -4    0  98   0   0   0   0   0   0   0   0   0   0   0   0   0   0   0   0   0   0  1.84 0.35
   54 G   -2 -4 -2 -3 -4 -3 -4  7 -4 -5 -5 -3 -4 -5 -4 -2 -3 -4 -5 -5    0   0   0   0   0   0   0  98   0   0   0   0   0   0   0   0   0   0   0   0  1.82 0.31
   55 R   -3  8 -2 -3 -5 -1 -2 -4 -2 -5 -4  0 -3 -5 -4 -3 -3 -5 -4 -4    0  98   0   0   0   0   0   0   0   0   0   0   0   0   0   0   0   0   0   0  1.84 0.35
   56 G   -2 -4 -2 -3 -4 -3 -4  7 -4 -5 -5 -3 -4 -5 -4 -2 -3 -4 -5 -5    0   0   0   0   0   0   0  98   0   0   0   0   0   0   0   0   0   0   0   0  1.82 0.31
   57 G   -1 -4 -2 -3 -4 -4 -4  7 -4 -6 -5 -3 -4 -5 -4 -1 -3 -4 -5 -5    0   0   0   0   0   0   0  98   0   0   0   0   0   0   0   1   0   0   0   0  1.82 0.31
   58 A    6 -3 -3 -4 -2 -3 -3 -1 -3 -3 -3 -2 -3 -4 -3 -1 -2 -4 -4 -2   99   0   0   0   0   0   0   0   0   0   0   0   0   0   0   0   0   0   0   0  1.28 0.31
   59 G   -1 -4 -2 -3 -2 -4 -4  7 -4 -6 -5 -3 -4 -5 -4 -2 -3 -4 -5 -5    0   0   0   0   1   0   0  98   0   0   0   0   0   0   0   0   0   0   0   0  1.81 0.31
   60 F   -4 -5 -5 -6 -4 -5 -5 -5 -3 -2 -1 -5 -2  9 -6 -4 -4 -1  1 -3    0   0   0   0   0   0   0   0   0   0   0   0   0  99   0   0   0   0   0   0  2.10 0.37
   61 P   -2 -4 -3 -3 -5 -3 -3 -4 -4 -5 -4 -3 -4 -5  8  0 -3 -5 -5 -4    0   0   0   0   0   0   0   0   0   0   1   0   0   0  88   9   0   0   0   0  2.31 0.35
   62 T    0 -3 -1 -2 -3 -2 -2 -3 -3 -3 -3 -2 -3 -4 -2  3  6 -4 -3 -2    3   0   0   0   0   0   0   0   0   0   0   0   0   0   0  25  71   0   0   0  1.05 0.28
   63 G   -1 -4 -2 -3 -4 -4 -4  7 -4 -6 -6 -3 -5 -5 -4 -2 -3 -4 -5 -5    1   0   0   0   0   0   0  99   0   0   0   0   0   0   0   0   0   0   0   0  1.86 0.32
   64 M   -3 -3 -5 -5 -3 -2 -4 -5 -4  1  5 -4  5 -1 -4 -4 -2 -3 -3  0    0   0   0   0   0   1   0   0   0   2  75   0  17   0   0   0   0   0   0   3  0.92 0.23
   65 K   -3  0 -2 -3 -5 -1 -1 -4 -3 -5 -5  7 -3 -5 -3 -2 -3 -5 -4 -4    0   0   0   0   0   0   0   0   0   0   0 100   0   0   0   0   0   0   0   0  1.63 0.36
   66 W   -5 -5 -6 -7 -5 -5 -5 -5 -4 -5 -4 -6 -4 -1 -6 -5 -5 13  3 -5    0   0   0   0   0   0   0   0   0   0   0   0   0   0   0   0   0  93   7   0  3.84 0.52
   67 S   -1 -3 -1 -2 -3 -2 -2 -1 -3 -4 -3 -2 -3 -4 -3  6  0 -5 -4 -3    0   0   0   0   0   0   0   3   0   0   2   0   0   0   0  92   2   0   0   0  1.20 0.32
   68 F   -4 -5 -5 -6 -5 -5 -5 -5 -3 -1 -1 -5 -2  9 -6 -5 -4  0  1 -3    0   0   0   0   0   0   0   0   0   2   0   0   0  97   0   0   0   0   0   0  2.07 0.37
   69 M   -2 -4 -4 -5 -4 -3 -4 -5  0  0  0 -4 10 -2 -5 -4 -3 -4 -3 -1    1   0   0   0   0   0   0   0   2   2   1   0  92   0   0   0   0   0   0   1  2.00 0.43
   70 P   -2 -3  4 -2 -5 -3 -3 -3 -2 -5 -5 -2 -4 -5  8 -2 -2 -6 -5 -4    2   1  22   0   0   0   0   0   0   0   0   1   0   0  73   1   1   0   0   0  1.88 0.32
   71 K   -2  4 -2 -2 -5  0 -1 -3 -1 -4 -4  6 -3 -1 -1 -2 -2 -4 -3 -4    0  25   0   0   0   0   0   0   1   0   0  65   0   3   3   1   0   0   0   0  0.98 0.25
   72 E   -1 -1  2  1 -3  2  3  0  0 -3 -3  0 -2 -4  3  0  0 -4 -2 -2    4   1  10   9   0  13  21   5   1   0   0   4   0   0  17   8   3   0   1   3  0.38 0.10
   73 S    0 -1  0  0 -1  0 -1  0 -1 -1 -1  1 -1  2  1  2  0 -2  1  0    6   1   2   4   1   2   2   5   1   1   3  11   1  14   5  23   5   0   4   7  0.09 0.06
   74 D   -1 -3  0  6 -4 -1  0 -1 -3 -4 -4 -1 -1 -4  4  0 -1 -1 -4 -4    3   0   1  51   0   1   4   3   0   0   0   2   3   0  24   5   2   1   0   0  0.87 0.20
   75 G   -1 -1 -1  0 -4  0 -1  6 -2 -4 -4 -1 -3 -4  1 -1 -2 -4 -4 -3    2   3   2   6   0   4   4  64   0   0   0   1   0   0   7   1   2   0   0   2  0.81 0.17
   76 R   -2  6 -1  0 -4  3  0 -3 -1 -3 -3  2 -2 -4 -3 -2 -1  1 -3 -3    1  52   1   4   0  20   2   1   0   1   1   9   0   0   0   1   3   2   0   1  0.74 0.19
   77 P   -1 -2 -2 -2 -1 -1 -1 -2 -2 -2 -2  0 -2 -3  7 -1 -1 -3 -2 -2    4   1   1   2   2   2   2   2   1   2   3   5   1   1  65   2   2   0   1   2  1.28 0.16
   78 S    0  3 -1 -2 -2  0 -1 -3  5 -3 -3  4 -2 -4 -2  1 -1 -4 -2 -3    7  14   1   0   1   1   0   0  17   1   0  44   0   0   0  14   1   0   0   1  0.57 0.18
   79 Y   -4 -4 -4 -5 -5 -4 -4 -5  0 -3 -3 -4 -3  3 -5 -4 -4  0  9 -3    0   0   0   0   0   0   0   0   0   0   0   0   0   8   0   0   0   0  91   0  2.14 0.38
   80 L   -3 -4 -5 -5 -3 -4 -4 -5 -4  2  5 -4  1 -1 -4 -4 -2 -3 -2  1    0   0   0   0   0   0   0   0   0   9  82   0   1   0   0   0   0   0   0   8  0.93 0.22
   81 V   -1 -4 -5 -5  1 -4 -4 -5 -5  1  0 -4 -1 -1 -4 -3 -2 -4 -3  6    2   0   0   0   3   0   0   0   0   2   6   0   0   2   0   0   0   0   0  85  0.98 0.25
   82 I   -2 -4 -4 -5  8 -4 -4 -4 -4  3 -1 -4 -1 -3 -4 -3 -2 -4 -3  4    0   0   0   0  35   0   0   0   0  16   0   0   0   0   0   0   0   0   0  47  1.04 0.23
   83 N   -3 -2  8 -1 -5 -2 -2 -2 -1 -5 -5 -2 -4 -5 -4 -1 -2 -6 -4 -5    0   0  98   0   0   0   0   0   0   0   0   0   0   0   0   0   0   0   0   0  1.90 0.36
   84 A    5 -2 -2 -2 -1 -2 -2  1 -3 -3 -3 -2 -2 -4 -2  3  0 -4 -3 -2   58   0   0   0   1   0   0   7   0   0   0   0   0   0   0  27   4   0   0   0  0.65 0.20
   85 D   -4 -3  0  8 -5 -2  0 -3 -3 -5 -5 -3 -5 -5 -3 -2 -3 -6 -5 -5    0   0   0  98   0   0   0   0   0   0   0   0   0   0   0   0   0   0   0   0  1.92 0.34
   86 E   -3 -2 -2  0 -6  0  7 -4 -2 -5 -5 -1 -4 -5 -3 -2 -3 -5 -4 -4    0   0   0   0   0   0  98   0   0   0   0   0   0   0   0   0   0   0   0   0  1.68 0.35
   87 S   -1 -3 -1 -2 -3 -2 -2  5 -3 -5 -5 -2 -4 -4 -3  4 -1 -4 -4 -4    0   0   0   0   0   0   0  53   0   0   0   0   0   0   0  45   0   0   0   0  1.02 0.24
   88 E   -3 -2 -2  0 -6  0  7 -4 -2 -5 -5 -1 -4 -5 -3 -2 -3 -5 -4 -4    0   0   0   0   0   0  98   0   0   0   0   0   0   0   0   0   0   0   0   0  1.68 0.35
   89 P   -3 -4 -4 -4 -5 -3 -3 -4 -4 -5 -5 -3 -5 -6  9 -3 -3 -6 -5 -4    0   0   0   0   0   0   0   0   0   0   0   0   0   0  98   0   0   0   0   0  2.75 0.39
   90 A   -1 -4 -2 -3 -2 -3 -4  7 -4 -6 -6 -3 -4 -5 -4 -2 -3 -4 -5 -5    2   0   0   0   1   1   0  97   0   0   0   0   0   0   0   0   0   0   0   0  1.78 0.31
   91 T   -1 -3 -2 -3 -3 -3 -3 -3 -4 -3 -3 -3 -1 -4 -3  1  7 -4 -4 -2    1   0   0   0   0   0   0   0   0   0   0   0   1   0   0   4  94   0   0   0  1.43 0.34
   92 C   -2 -5 -5 -6 10 -5 -6 -5 -5 -3 -3 -5 -3  4 -5 -2 -3 -3 -2 -3    2   0   0   0  77   0   0   0   0   0   0   0   0  20   0   1   0   0   0   0  2.21 0.37
   93 K   -3  0 -2 -3 -5  0 -1 -4 -3 -5 -5  7 -3 -5 -3 -2 -3 -5 -4 -4    0   0   0   0   0   0   0   0   0   0   0 100   0   0   0   0   0   0   0   0  1.62 0.35
   94 D   -4 -4 -1  8 -6 -2  0 -3 -3 -5 -6 -3 -5 -6 -4 -2 -3 -6 -5 -5    0   0   0 100   0   0   0   0   0   0   0   0   0   0   0   0   0   0   0   0  2.03 0.36
   95 R   -3  8 -2 -4 -6 -1 -2 -4 -2 -5 -4  0 -3 -5 -4 -3 -3 -3 -4 -5    0  99   0   0   0   0   0   0   0   0   0   0   0   0   0   0   0   0   0   0  1.89 0.36
   96 E   -3 -2 -1  5 -5  1  5 -3 -2 -5 -5 -1 -4 -5 -3 -2 -2 -5 -4 -4    0   0   0  43   0   5  52   0   0   0   0   0   0   0   0   0   0   0   0   0  1.19 0.26
   97 I   -3 -5 -5 -5 -3 -5 -5 -6 -5  7  0 -5  0 -2 -5 -4 -2 -4 -3  1    0   0   0   0   0   0   0   0   0  96   2   0   1   0   0   0   0   0   0   1  1.43 0.31
   98 M   -3 -3 -4 -5 -3 -3 -4 -5 -3  2  4 -4  7 -1 -4 -4 -2 -3 -3  0    0   0   0   0   0   0   0   0   0  12  42   0  45   0   0   0   0   0   0   0  1.02 0.26
   99 R   -3  7 -2 -3 -2  0  0 -4 -2 -5 -3  0 -1 -4 -4 -2 -2 -5 -4 -4    0  88   0   0   1   2   4   0   0   0   1   0   2   0   0   0   1   0   0   0  1.51 0.33
  100 H   -3 -2  1 -3 -4 -2 -2 -1  7 -4 -3  0 -3  3 -4 -2 -3  0  5 -4    0   0   8   0   0   0   0   4  40   0   1   8   0  16   0   0   0   1  21   0  0.93 0.24
  101 D   -3 -2  5  6 -5 -1  2 -3 -1 -5 -5 -2 -4 -5 -3 -1 -2 -6 -4 -5    0   0  34  52   0   0  14   0   0   0   0   0   0   0   0   0   0   0   0   0  1.19 0.26
  102 P   -3 -4 -4 -4 -5 -4 -3 -4 -4 -5 -5 -3 -5 -6  9 -3 -3 -6 -5 -5    0   0   0   0   0   0   0   0   0   0   0   0   0   0 100   0   0   0   0   0  2.84 0.42
  103 H   -4 -3 -2 -3 -6 -1 -2 -5 11 -6 -5 -3 -4 -3 -5 -3 -4 -5  0 -6    0   0   0   0   0   1   0   0  98   0   0   0   0   1   0   0   0   0   0   0  2.70 0.46
  104 T    1  0 -2 -2 -2  2 -1 -3 -1  0 -1  4  0 -3 -2  0  1 -4 -3 -2   11   2   0   0   0  12   0   0   1   6   7  44   2   0   0   4  11   0   0   0  0.36 0.15
  105 L   -3 -4 -5 -5 -3 -4 -4 -5 -4  1  5 -4  1 -1 -4 -4 -2 -3 -3  2    0   0   0   0   0   0   0   0   0   3  82   0   0   0   0   0   0   0   0  15  0.97 0.24
  106 I   -2 -4 -5 -5 -3 -4 -5 -5 -5  6  1 -4  0 -1 -4 -4 -2 -4 -3  4    0   0   0   0   0   0   0   0   0  63   6   0   0   2   0   0   0   0   0  29  0.95 0.24
  107 E   -3 -2 -2  0 -6  0  7 -4 -2 -5 -5 -1 -4 -5 -3 -2 -3 -5 -4 -5    0   0   0   1   0   0  99   0   0   0   0   0   0   0   0   0   0   0   0   0  1.76 0.38
  108 G   -2 -4 -2 -3 -4 -4 -4  7 -4 -6 -6 -3 -5 -5 -4 -2 -3 -5 -5 -5    0   0   0   0   0   0   0  99   0   0   0   0   0   0   0   1   0   0   0   0  1.89 0.33
  109 A    1 -4 -4 -5  8 -3 -4 -4 -4  1 -1 -4  6 -3 -4 -2 -2 -4 -3 -1   13   0   0   0  45   0   0   0   0   8   2   0  31   0   0   1   0   0   0   0  1.26 0.29
  110 L    1 -3 -4 -4 -2 -3 -4 -4 -4  2  4 -3  1 -1 -4 -2 -2 -3 -2  1   18   0   0   0   0   0   0   0   0  13  61   0   1   0   0   0   1   0   0   6  0.57 0.17
  111 I   -3 -4 -5 -5 -1 -4 -5 -5 -5  6  1 -4  0 -1 -4 -4 -2 -4 -3  3    0   0   0   0   1   0   0   0   0  70  11   0   0   0   0   0   0   0   0  17  0.97 0.24
  112 A    6 -3 -3 -3 -1 -3 -3  1 -3 -3 -3 -2 -3 -4 -3  0 -1 -4 -3  0   83   0   0   0   1   0   0   9   0   0   0   0   0   0   0   1   1   0   0   5  0.94 0.27
  113 S    2 -3 -2 -3  3 -3 -3  5 -3 -4 -4 -3 -3 -4 -3  2 -1 -4 -4 -3   18   0   0   0   8   0   0  58   0   0   0   0   0   0   0  15   1   0   0   0  0.90 0.21
  114 F   -3  3 -3 -4 -3 -2 -3 -4  0 -2 -2 -2 -2  5 -4 -2 -3  0  7 -1    1  23   0   0   0   0   0   0   1   0   0   1   0  26   0   1   0   0  42   4  0.96 0.24
  115 A    5 -3 -3 -3  1 -2 -2  0 -3 -2 -3 -2 -2 -4 -2  0  0 -4 -3  0   79   0   0   0   3   0   0   4   0   1   0   0   0   0   0   4   5   0   0   4  0.83 0.25
  116 M   -3 -4 -4 -5 -3 -3 -4 -5 -4  2  1 -4  9 -2 -5 -3 -1 -4 -3  0    0   0   0   0   0   0   0   0   0  13   3   0  77   0   0   0   4   0   0   3  1.53 0.36
  117 G   -1  2  3 -2 -3 -1 -2  5 -1 -5 -4 -1 -4 -4 -3 -1 -2 -4 -4 -4    0  13  16   0   0   2   1  60   1   0   1   2   0   0   0   3   0   0   0   0  0.89 0.21
  118 A    5 -3 -3 -3  0 -3 -3 -2 -3  2 -2 -2 -2 -3 -3  1 -1 -4 -3  0   75   0   0   0   1   0   0   0   0  13   0   0   0   0   0   5   1   0   0   4  0.77 0.24
  119 H   -1  3  1 -1 -1  1 -1 -2  5 -3 -3  1 -2 -3 -2  1  3 -4 -2 -2    1  20   7   1   2   6   1   0  18   1   0   5   0   0   0  10  27   0   0   1  0.43 0.15
  120 A    4 -1 -3 -2  0 -2 -2 -2 -2  0 -2 -1 -2 -3 -2 -1  1 -4 -2  2   54   3   0   1   1   1   0   0   0   2   0   2   0   0   0   0  10   0   1  24  0.46 0.18
  121 A    4 -3 -2 -3  4 -3 -3  4 -3 -3 -3 -3 -3 -4 -3  0 -2 -4 -4 -2   50   0   0   0  12   0   0  34   0   0   0   0   0   0   0   2   0   0   0   1  0.79 0.21
  122 Y   -4 -4 -4 -5 -1 -4 -4 -5  0 -3 -3 -4 -3  2 -5 -4 -4  0  9 -3    0   0   0   0   1   0   0   0   0   0   0   0   0   5   0   0   0   0  94   0  2.25 0.42
  123 I   -3 -4  4 -3 -3 -3 -4 -4 -3  6  0 -3 -1 -2 -4 -3 -2 -5 -3  1    1   0  31   0   0   0   0   0   0  62   2   0   0   0   0   0   0   0   0   4  0.86 0.26
  124 Y   -4 -4 -4 -6 -5 -4 -4 -5  0 -4 -3 -4 -3  2 -5 -4 -4  0  9 -3    0   0   0   0   0   0   0   0   0   0   0   0   0   2   0   0   0   0  98   0  2.40 0.43
  125 I   -3 -4 -5 -5 -1 -4 -5 -5 -5  6  1 -4  1 -2 -4 -4 -1 -4 -3  3    0   0   0   0   1   0   0   0   0  76   6   0   3   0   0   0   1   0   0  13  1.03 0.25
  126 R   -3  7 -2 -3 -2 -1 -2 -4  5 -5 -4  0 -3 -4 -4 -3 -3 -5 -3 -5    0  81   0   0   1   0   0   0  18   0   0   0   0   0   0   0   0   0   0   0  1.57 0.34
  127 G   -2 -4 -2 -3 -4 -4 -4  7 -4 -6 -6 -3 -5 -5 -4 -2 -3 -4 -5 -5    0   0   0   0   0   0   0  99   0   0   0   0   0   0   0   0   0   0   0   0  1.88 0.33
  128 E   -3 -2 -2  0 -6  0  7 -4 -2 -5 -5 -1 -4 -5 -3 -2 -3 -5 -4 -4    0   0   0   0   0   0  99   0   0   0   0   0   0   0   0   0   0   0   0   0  1.73 0.37
  129 F   -4 -4 -4 -5 -4 -4 -4 -5 -2  2 -1 -4 -1  7 -5 -4 -3 -1  5 -1    0   0   0   0   0   0   0   0   0  17   0   0   0  58   0   0   0   0  22   1  1.24 0.27
  130 I   -2 -2 -3 -4 -3 -3 -3 -4  2  2 -1 -3  1  4 -4 -3 -2  5  6  1    2   2   0   0   0   0   0   0   5  15   1   0   4  17   0   0   0  10  33   9  0.67 0.17
  131 R   -1  3  4  1 -4  1  2 -2  3 -3 -2  0 -2 -2 -3 -1 -1 -4 -1 -2    3  20  27   5   0   5  19   0   9   1   3   1   0   1   0   1   1   0   1   2  0.42 0.14
  132 E   -2 -2 -2  0 -4  0  6 -2 -2 -2 -3 -1 -3 -4  2 -1 -1  2 -2  0    1   0   0   3   0   1  66   2   0   1   1   0   0   0  10   1   3   3   1   7  0.79 0.22
  133 R    3  2 -2 -3 -3 -2 -2 -1 -1  0 -2 -1 -2  2 -3 -1 -2  0  5 -1   31  17   0   0   0   0   0   3   0   8   0   2   0   7   0   3   1   1  25   1  0.35 0.15
  134 E    0  0  0  0 -1  2  4 -2  1 -2 -1  1 -1 -3 -2  1  0 -3 -2 -1    5   4   4   2   1   8  35   0   3   2   6   6   1   0   0  14   4   0   1   4  0.27 0.10
  135 A    1  4  2 -2 -1  0 -1 -2  3  0 -2  0 -2 -2 -3  0 -1 -4 -2  0   14  32  15   0   1   2   0   1  10   6   2   1   0   1   0   3   2   0   0  11  0.29 0.12
  136 L   -3 -3 -4 -5 -1 -3 -4 -5 -3  0  4 -4  3  5 -4 -3 -2 -2  0  1    0   0   0   0   1   0   0   0   0   1  50   0  11  28   0   0   1   0   0   6  0.70 0.19
  137 Q   -2 -1 -1  0 -5  6  5 -3 -1 -4 -4  0 -2 -2 -3 -1 -1 -4 -3 -4    0   0   1   1   0  46  43   1   0   0   0   1   1   2   0   2   2   0   0   0  1.01 0.26
  138 A    2  2 -1  0 -3  2  2 -1 -1 -2 -1  1 -1 -2 -2  0 -1 -3 -1 -1   26  12   2   3   0  12  16   2   1   1   5   9   0   1   0   1   2   0   1   6  0.19 0.09
  139 A    6 -3 -3 -3 -2 -2 -2 -2 -3 -3 -3 -2 -3 -4 -3 -1 -2 -4 -4 -2   96   0   0   0   0   0   2   0   0   0   0   0   0   0   0   0   0   0   0   1  1.24 0.32
  140 I   -2 -3 -4 -5 -1 -4 -4 -5 -4  5  3 -4  0 -1 -4 -4 -2 -4 -2  2    0   1   0   0   1   0   0   0   0  53  31   0   0   0   0   0   0   0   0  13  0.76 0.20
  141 D    1  0  2  4 -3  1  2 -1  2 -3 -3  1 -3 -4 -2 -1 -1 -4 -3 -3   14   6   9  32   0   6  15   2   5   2   1   7   0   0   0   1   1   0   0   0  0.41 0.12
  142 E   -2 -2 -2  0 -5  2  7 -4 -2 -5 -4  0 -4 -5 -3 -2 -3 -5 -4 -4    0   0   0   2   0   9  86   0   0   0   0   2   0   0   0   0   0   0   0   0  1.41 0.32
  143 C    6 -3 -3 -4  3 -3 -3 -2 -3 -3 -2 -3 -2 -4 -3 -1 -2 -4 -3 -1   89   0   0   0   6   0   0   0   0   0   2   0   1   0   0   0   0   0   0   1  1.08 0.29
  144 Y   -4  3 -3 -5 -5 -3 -3 -5  0 -4 -3 -2 -1  1 -5 -3 -3  0  8 -3    0  21   0   0   0   0   0   0   0   0   0   1   1   0   0   0   0   0  75   0  1.63 0.35
  145 D    3  0 -1  2 -3  2  3 -2 -1 -3 -3  2 -2 -4 -2  0 -1 -4 -3 -2   33   2   0  13   0  12  21   0   0   0   0  15   0   0   0   1   2   0   0   1  0.41 0.15
  146 A    5 -2 -1 -1 -2 -1 -1 -2  0 -3 -3  1 -2 -3 -2  0 -2 -4 -2 -1   76   1   2   2   0   1   2   0   2   0   1  10   0   0   0   1   0   0   1   1  0.73 0.24
  147 G   -1 -2 -1 -3 -4 -3 -4  7 -2 -6 -5 -1 -4 -5 -4 -2 -3 -4 -5 -5    0   2   2   0   0   0   0  90   1   0   0   5   0   0   0   0   0   0   0   0  1.57 0.29
  148 L   -3 -3 -4 -5 -3 -3 -4 -4 -2  0  4 -3  1  3 -4 -3 -3  2  4 -1    0   0   0   0   0   0   0   0   0   0  60   1   1  16   0   0   0   2  17   0  0.73 0.19
  149 L   -2 -4 -4 -5 -2 -3 -4 -5 -4  4  4 -4  1 -1 -4 -4 -2 -3 -2  1    0   0   0   0   0   0   0   0   0  34  57   0   0   0   0   0   0   0   0   6  0.76 0.19
  150 G   -2 -4 -2 -3 -4 -3 -4  7 -4 -5 -5 -3 -4 -5 -3 -2 -3 -4 -5 -5    0   0   0   0   0   0   0  96   0   0   0   0   0   0   1   0   0   0   0   0  1.78 0.31
  151 R   -2  2  0  1 -4  1  1 -2 -1 -4 -4  5 -3 -4  0 -1 -1 -4 -3 -3    1   9   3   7   0   4   8   1   1   0   0  59   0   0   3   2   1   0   0   1  0.67 0.19
  152 N   -3 -1  7  2 -3  0 -1 -1 -1 -5 -5  0 -4 -5 -3 -1 -2 -5 -4 -4    0   1  76  11   0   2   0   2   1   0   0   4   0   0   0   1   0   0   0   0  1.29 0.29
  153 A    4 -3  1 -3 -2 -2 -2 -2 -3  3 -1 -2 -1 -2 -3  0 -1 -4 -3  0   46   0  11   0   0   0   0   0   0  30   3   0   0   0   0   2   3   0   0   3  0.40 0.17
  154 A    0 -3 -3 -3  8 -1 -3 -3 -3  0  2  0  1 -1 -3 -2 -2 -3 -2 -1    7   0   1   0  40   3   0   1   0   4  23   8   5   3   0   1   0   0   0   3  0.66 0.18
  155 G   -1 -2  1 -1 -3 -2 -2  6 -2 -4 -4  0 -3 -3 -2 -1 -2 -3 -3 -3    1   1   6   3   0   1   1  72   0   1   2   5   0   1   1   3   1   0   0   1  0.97 0.18
  156 S   -1 -2 -1 -2 -1 -1 -2 -2  2 -3 -2 -1 -2 -2 -2  5  2 -4 -2 -3    0   1   0   0   1   1   0   0   7   0   3   2   0   1   0  65  16   0   1   0  0.68 0.22
  157 G   -1 -3  0  1 -4 -2 -1  6 -3 -5 -5 -2 -4 -4 -3 -1 -2 -4 -4 -4    2   1   2   8   0   0   4  78   0   0   0   0   0   0   0   2   1   0   0   0  1.20 0.23
  158 W   -3 -4 -4 -5 -4 -3 -4 -5  1  0 -2 -4  0  5 -5 -4 -3  7  7  0    0   0   0   0   0   0   0   0   3   5   0   0   2  25   0   0   0  16  41   7  1.19 0.25
  159 D   -2 -2  2  6 -2 -2  0 -2 -2 -4 -5 -2 -2 -5  0  2 -1 -5 -4 -4    2   1   6  63   1   0   1   1   1   0   0   1   1   0   4  18   1   0   0   0  0.95 0.23
  160 F   -2 -5 -5 -5  1 -5 -5 -5 -3  0  0 -5  0  8 -5 -4 -4 -1  2 -1    2   0   0   0   3   0   0   0   0   3   4   0   1  81   0   0   0   0   2   4  1.48 0.30
  161 D   -3 -2  0  7 -5  2  2 -3  0 -5 -5 -2 -4 -5 -3 -2 -3 -6 -4 -5    0   0   2  77   0   9   9   0   2   0   0   1   0   0   0   0   0   0   0   0  1.39 0.29
  162 L   -2 -4 -4 -5 -1 -4 -4 -5 -4  3  3 -4  1 -1 -4 -3 -2 -3 -2  4    0   0   0   0   1   0   0   0   0  23  38   0   1   1   0   0   0   0   0  36  0.66 0.17
  163 Y   -3 -2 -2 -4 -4 -3 -3 -5  5 -1 -2 -3 -2  5 -5 -3 -2  0  7 -1    1   1   1   0   0   0   0   0  15   3   0   0   0  22   0   0   1   0  52   4  1.18 0.27
  164 L    2 -3 -1 -3 -2 -2 -3 -2 -3  2  1 -2  2 -2 -2 -1  0 -3 -2  3   19   0   5   0   0   0   0   2   0  15  15   0   6   0   1   2   4   0   0  31  0.25 0.11
  165 H   -1 -2 -2 -3 -4  0 -2 -4 10 -4 -4 -3 -2 -1 -4 -2 -2 -4  0 -1    7   0   0   0   0   3   0   0  76   0   0   0   1   3   0   2   2   0   2   5  1.64 0.34
  166 H   -3  5 -2 -3 -3  0 -2 -4  7 -2 -1  0 -1 -2 -2 -2 -3 -3  1 -3    0  42   0   0   1   2   0   0  33   2   8   3   1   1   1   2   0   0   3   0  0.82 0.23
  167 G   -2 -4 -2 -3 -4 -4 -4  7 -4 -6 -6 -3 -5 -5 -4 -2 -3 -5 -5 -5    0   0   0   0   0   0   0  99   0   0   0   0   0   0   0   1   0   0   0   0  1.90 0.33
  168 A    5 -3 -3 -4 -2 -2 -3 -1 -2 -3 -3 -3  1  0 -3 -1 -2 -1  3 -2   76   0   0   0   0   0   0   2   0   0   0   0   4   5   0   0   0   0  13   0  0.82 0.26
  169 G   -2 -4 -2 -3 -5 -4 -4  7 -4 -6 -6 -3 -5 -5 -4 -2 -4 -5 -5 -5    0   0   0   0   0   0   0 100   0   0   0   0   0   0   0   0   0   0   0   0  1.94 0.34
  170 A    6 -3 -3 -4 -2 -3 -3 -2 -4 -3 -3 -3 -3 -4 -3 -1 -2 -5 -4 -2  100   0   0   0   0   0   0   0   0   0   0   0   0   0   0   0   0   0   0   0  1.36 0.34
  171 Y   -4 -4 -4 -6 -5 -4 -4 -6  0 -4 -3 -4 -3  1 -5 -4 -4  0  9 -4    0   0   0   0   0   0   0   0   0   0   0   0   0   0   0   0   0   0 100   0  2.48 0.45
  172 I   -3 -5 -5 -5 -3 -5 -5 -6 -5  7  0 -5 -1 -2 -5 -4 -2 -5 -3  2    0   0   0   0   0   0   0   0   0  91   0   0   0   0   0   0   0   0   0   9  1.38 0.31
  173 C   -3 -6 -5 -6 11 -5 -6 -5 -6 -4 -4 -6 -4 -5 -5 -3 -3 -5 -5 -3    0   0   0   0  99   0   0   0   0   0   0   0   0   0   0   1   0   0   0   0  3.16 0.48
  174 G   -2 -4 -2 -3 -5 -4 -4  7 -4 -6 -6 -3 -5 -5 -4 -2 -4 -5 -5 -5    0   0   0   0   0   0   0 100   0   0   0   0   0   0   0   0   0   0   0   0  1.94 0.34
  175 E   -3 -2 -2  0 -6  0  7 -4 -2 -5 -5 -1 -4 -5 -3 -2 -3 -5 -4 -5    0   0   0   1   0   0  99   0   0   0   0   0   0   0   0   0   0   0   0   0  1.75 0.37
  176 E   -3 -2 -2  0 -6  0  7 -4 -2 -5 -5 -1 -4 -5 -3 -2 -3 -5 -4 -5    0   0   0   0   0   0 100   0   0   0   0   0   0   0   0   0   0   0   0   0  1.77 0.38
  177 T   -2 -3 -2 -3 -3 -3 -3 -4 -4 -3 -3 -3 -1 -4 -3  1  7 -5 -4 -2    0   0   0   0   0   0   0   0   0   0   0   0   1   0   0   5  94   0   0   0  1.48 0.36
  178 A    6 -3 -3 -3 -2 -2 -3 -1 -3 -3 -3 -2 -3 -4 -3  1 -2 -4 -4 -2   89   0   0   0   0   0   0   2   0   0   0   0   0   0   0   9   0   0   0   0  1.11 0.30
  179 L   -3 -4 -5 -5 -3 -1 -4 -5 -4  0  6 -4  2 -1 -5 -4 -3 -3 -3 -1    0   0   0   0   0   3   0   0   0   0  92   0   4   0   0   0   0   0   0   0  1.12 0.27
  180 L   -3 -4 -5 -5 -3 -4 -4 -5 -4  4  4 -4  3 -1 -4 -4 -2 -3 -3  0    0   0   0   0   0   0   0   0   0  36  54   0  10   0   0   0   0   0   0   0  0.84 0.21
  181 E   -3 -2  0  0 -6  0  7 -4 -2 -5 -5 -1 -4 -5 -3 -2 -3 -5 -4 -5    0   0   5   0   0   0  94   0   0   0   0   0   0   0   0   1   0   0   0   0  1.58 0.35
  182 S    0 -3 -1 -2 -3 -2 -2 -2 -3 -4 -5 -2 -4 -4 -3  7  0 -5 -4 -4    1   0   0   0   0   0   0   0   0   0   0   0   0   0   0  99   0   0   0   0  1.43 0.37
  183 L   -3 -4 -5 -5 -3 -4 -4 -5 -4  4  5 -4  1 -1 -4 -4 -2 -3 -3  0    0   0   0   0   0   0   0   0   0  24  73   0   1   0   0   0   0   0   0   2  0.93 0.23
  184 E   -3 -2 -2  0 -6  0  7 -4 -2 -5 -5 -1 -4 -5 -3 -2 -3 -5 -4 -5    0   0   0   0   0   0  99   0   0   0   0   1   0   0   0   0   0   0   0   0  1.74 0.37
  185 G   -2 -4 -2 -3 -5 -4 -4  7 -4 -6 -6 -3 -5 -5 -4 -2 -4 -5 -5 -5    0   0   0   0   0   0   0 100   0   0   0   0   0   0   0   0   0   0   0   0  1.94 0.34
  186 K   -3  1 -2 -3 -5 -1 -1 -3 -3 -5 -4  7 -3 -5 -3 -2 -3 -5 -4 -4    0   2   1   0   0   0   1   1   0   0   0  95   0   0   0   0   0   0   0   0  1.50 0.35
  187 K   -1  2 -2 -2 -4  4  0 -3 -2 -4 -4  6 -3 -5  0 -1 -2 -4 -3 -3    5   5   0   0   0  23   0   0   0   0   0  61   0   0   5   1   0   0   0   0  0.90 0.25
  188 G   -1 -4 -2 -3 -4 -4 -4  7 -4 -6 -6 -3 -5 -5 -4 -2 -3 -4 -5 -5    2   0   0   0   0   0   0  98   0   0   0   0   0   0   0   0   0   0   0   0  1.88 0.33
  189 M   -2  1 -2 -2 -4  6  0 -3 -2 -3 -2  4  3 -2 -3 -2 -2 -1  0 -3    0   4   0   0   0  47   0   0   0   0   1  32  12   1   0   0   0   1   3   0  0.85 0.26
  190 P   -3 -4 -4 -4 -5 -4 -3 -4 -4 -5 -5 -3 -5 -6  9 -3 -3 -6 -5 -5    0   0   0   0   0   0   0   0   0   0   0   0   0   0 100   0   0   0   0   0  2.86 0.42
  191 R   -4  8 -2 -4 -6 -1 -2 -5 -2 -5 -4  0 -3 -5 -4 -3 -3 -5 -4 -5    0 100   0   0   0   0   0   0   0   0   0   0   0   0   0   0   0   0   0   0  1.96 0.39
  192 M   -3 -4 -3 -5 -3 -3 -4 -5 -3  0  4 -4  3  5 -4 -3 -3 -2  2 -1    0   0   1   0   0   0   0   0   0   3  51   0   8  30   0   1   0   0   5   1  0.72 0.19
  193 K   -3  0 -2 -3 -5 -1 -1 -4 -3 -5 -5  7 -3 -5 -3 -2 -3 -5 -4 -4    0   0   0   0   0   0   0   0   0   0   0 100   0   0   0   0   0   0   0   0  1.66 0.37
  194 P   -3 -4 -4 -4 -5 -4 -3 -4 -4 -5 -5 -3 -5 -6  9 -3 -3 -6 -5 -5    0   0   0   0   0   0   0   0   0   0   0   0   0   0 100   0   0   0   0   0  2.86 0.42
  195 P   -3 -4 -4 -4 -5 -4 -3 -4 -4 -5 -5 -3 -5 -6  9 -3 -3 -6 -5 -5    0   0   0   0   0   0   0   0   0   0   0   0   0   0 100   0   0   0   0   0  2.86 0.42
  196 F   -4 -5 -5 -6 -5 -5 -5 -5 -3 -2 -2 -5 -2  9 -6 -5 -4 -1  2 -3    0   0   0   0   0   0   0   0   0   0   0   0   0  97   0   0   0   0   3   0  2.13 0.39
  197 P   -3 -4 -4 -4 -5 -4 -3 -4 -4 -5 -5 -3 -5 -6  9 -3 -3 -6 -5 -5    0   0   0   0   0   0   0   0   0   0   0   0   0   0 100   0   0   0   0   0  2.86 0.42
  198 A    6 -3 -3 -4 -2 -3 -3 -2 -4 -3 -3 -3 -3 -4 -3 -1 -2 -5 -4 -2  100   0   0   0   0   0   0   0   0   0   0   0   0   0   0   0   0   0   0   0  1.35 0.34
  199 G    0 -2  4  3 -3  1 -1  2 -1 -3 -3 -1 -2 -3 -3  2 -1 -4 -3 -3    9   0  26  18   0   6   0  17   0   0   2   0   1   1   0  19   1   0   0   0  0.41 0.14
  200 A    1 -1 -2 -4 -1 -2 -3 -3 -2  1  0 -2  2  3 -3 -1 -1 -2  2  3   15   3   1   0   1   0   0   0   0   7   1   2   6  18   0   1   1   0   9  34  0.28 0.13
  201 G   -2 -4 -2 -3 -5 -4 -4  7 -4 -6 -6 -3 -5 -5 -4 -2 -4 -5 -5 -5    0   0   0   0   0   0   0 100   0   0   0   0   0   0   0   0   0   0   0   0  1.94 0.34
  202 L   -3 -4 -5 -5 -3 -4 -4 -5 -4  1  5 -4  1 -1 -4 -4 -2 -3 -3  2    1   0   0   0   0   0   0   0   0   3  83   0   0   0   0   0   0   0   0  13  0.98 0.24
  203 Y   -4 -4 -4 -5 -4 -4 -4 -5 -1 -3 -2 -4 -3  5 -5 -4 -4  5  8 -3    0   0   0   0   0   0   0   0   0   0   0   0   0  29   0   0   0   6  64   0  1.74 0.33
  204 G   -2 -4 -2  0 -4 -3 -3  7 -4 -6 -6 -3 -5 -5 -4 -2 -3 -4 -5 -5    0   0   0   4   0   1   1  94   0   0   0   0   0   0   0   1   0   0   0   0  1.70 0.31
  205 C    0  1 -3 -4  9 -1 -3 -4 -3 -3 -3  3 -1 -3 -4 -2 -2 -4 -2 -3    6   9   0   0  54   1   0   0   0   0   0  25   2   1   0   0   0   0   2   0  1.25 0.28
  206 P   -3 -4 -4 -4 -5 -1 -3 -4 -4 -5 -5 -3 -5 -6  9 -3 -3 -6 -5 -5    0   0   0   0   0   3   0   0   0   0   0   0   0   0  97   0   0   0   0   0  2.72 0.41
  207 T   -2 -3 -2 -3 -3 -3 -3 -3 -4 -3 -3 -3 -3 -4 -1  1  7 -5 -4 -2    0   0   0   0   0   0   0   0   0   0   0   0   0   0   3   8  89   0   0   0  1.36 0.34
  208 T   -2 -3  0 -3 -3 -1 -3 -3 -3  0 -3 -2 -1 -4 -3  0  7 -4 -3 -1    0   0   4   0   0   3   0   0   0   4   0   0   1   0   0   0  86   0   0   1  1.21 0.32
  209 V   -2 -4 -5 -5 -2 -4 -4 -5 -4  5  0 -4  0 -2 -4 -3 -2 -4  0  5    0   0   0   0   0   0   0   0   0  43   0   0   0   0   0   0   0   0   3  53  0.93 0.24
  210 N    1 -2  7 -1 -4  0 -2 -2 -1 -4 -4 -2 -3 -4 -3  0  2 -5 -4 -4   12   0  70   0   0   3   0   0   0   0   0   0   0   0   0   2  13   0   0   0  1.10 0.28
  211 N   -3 -2  8 -1 -4 -2 -2 -2 -1 -5 -5 -2 -4 -5 -4 -1 -2 -5 -4 -5    0   0  96   0   0   0   0   0   0   0   0   0   0   0   0   0   0   0   0   0  1.89 0.37
  212 V   -1 -4 -3 -4  1 -3 -3 -4 -4  1 -1 -3  0 -3 -3 -2  4 -4 -3  5    0   0   0   0   4   0   0   0   0   1   0   0   1   0   0   0  30   0   0  64  0.80 0.25
  213 E   -3 -2 -2  0 -6  0  7 -4 -2 -5 -5 -1 -4 -5 -3 -2 -3 -5 -4 -5    0   0   0   0   0   1  98   0   0   0   0   0   0   0   0   0   0   0   0   0  1.72 0.37
  214 S   -1 -3 -2 -3 -3 -2 -2 -3 -3 -3 -3 -2 -3 -4 -3  3  6 -4 -3 -2    0   0   0   0   0   0   0   0   0   0   0   0   0   0   0  29  71   0   0   0  1.13 0.31
  215 I   -2 -4 -4 -5 -3 -4 -4 -5 -3  4  1 -4  0  4 -4 -3 -2 -2  2  3    0   0   0   0   0   0   0   0   0  35  10   0   0  20   0   0   0   0   6  29  0.62 0.17
  216 A    6 -3 -3 -3 -1 -2 -2 -1 -3 -3 -3 -2 -3 -4 -3  1 -1 -4 -4 -2   89   0   0   0   1   1   0   0   0   0   0   0   0   0   0   8   1   0   0   0  1.10 0.29
  217 V    1 -3 -1 -3 -2 -3 -3 -2 -3  0 -1 -3 -1 -2 -3  3 -1 -4 -2  5   12   0   2   0   0   0   0   1   0   0   0   0   1   1   0  26   1   0   1  55  0.51 0.20
  218 V    3 -3 -3 -3  0 -3 -3 -3 -3  2 -1 -3 -1 -2 -3  0  0 -4 -3  4   27   0   0   0   1   0   0   0   0  10   0   0   0   0   0   8   2   0   0  49  0.47 0.17
  219 P   -2 -4 -4 -3 -5 -3 -3 -1 -4 -5 -5 -3 -4 -5  8 -2 -3 -5 -5 -4    2   0   0   0   0   0   0   4   0   0   0   0   0   0  90   1   0   0   0   0  2.40 0.36
  220 T    1 -2 -2 -1 -2 -2 -1 -3 -3 -1 -2 -2 -1  1 -3  0  5  5  0  0   10   0   0   3   0   0   3   0   0   1   2   0   1   8   0   2  50  11   2   6  0.52 0.18
  221 I   -3 -5 -5 -5 -3 -4 -5 -5 -5  7  0 -4  0 -2 -4 -4 -2 -4 -3  1    0   0   0   0   0   0   0   0   0  94   3   0   0   0   0   0   0   0   0   1  1.38 0.31
  222 L   -2 -4 -4 -4  5 -3 -4 -4 -4  3  4 -4  3  0 -4 -3 -2 -3 -2  0    1   0   0   0  16   0   0   0   0  20  52   0   7   2   0   0   0   0   0   1  0.67 0.18
  223 R   -1  7  0 -2 -2  1  1 -3 -1 -4 -3  1 -3 -4 -3 -1 -2 -4 -3 -3    4  72   3   0   1   3   8   0   1   0   2   3   0   0   0   1   0   0   0   1  1.03 0.24
  224 R   -3  6  2 -1 -3  0 -1 -3  2 -3 -3  2 -1 -4 -3 -2 -2 -4 -2 -3    0  60  13   2   1   1   1   0   6   2   2   8   2   0   0   0   0   0   1   1  0.82 0.21
  225 G   -2 -4 -2 -3 -4 -3 -4  7  0 -6 -6 -3 -5 -5 -3 -1 -3 -4 -5 -5    0   0   0   0   0   0   0  94   3   0   0   0   0   0   1   2   1   0   0   0  1.70 0.31
  226 A    3 -3 -2 -3 -3 -2 -3  5  0 -4 -4 -2 -3 -4  2  0 -2 -4 -4 -3   31   0   0   0   0   0   0  49   3   0   0   0   0   0  10   7   0   0   0   0  0.80 0.20
  227 E    1 -1  0  2 -3  2  3 -1  1 -3 -3  0 -2 -4 -1  2  0 -4 -3 -3   17   0   3  14   0  13  20   3   3   0   0   5   0   0   2  19   2   0   0   0  0.35 0.12
  228 W    0 -4 -3 -6 -4 -3 -2 -3 -3 -5 -4 -2 -4 -2 -5 -4 -3 12  0 -4    9   0   1   0   0   0   2   1   0   0   0   4   0   0   0   0   1  79   0   1  2.83 0.43
  229 F   -3 -4 -4 -5 -4 -4 -5 -5 -2 -2 -2 -4 -2  8 -5 -4 -4  0  5 -3    1   0   0   0   0   0   0   0   0   0   0   0   0  80   0   0   0   0  17   0  1.68 0.32
  230 A    4 -1 -1 -2 -1 -1 -2 -2 -1 -1  1 -1  0 -2 -2  2 -1 -3 -3 -1   48   2   1   0   1   1   0   0   1   0  22   2   1   0   0  18   1   0   0   2  0.36 0.15
  231 S    0 -2  1  1 -3  0  2  3 -2 -4 -4  0 -3 -4 -2  3 -1 -4 -3 -3    6   0   6   6   0   2  13  23   0   0   0   5   0   0   0  37   0   0   0   0  0.43 0.14
  232 F   -2 -3 -4 -4  1 -2 -4 -4 -2  2  3 -3  1  5 -4 -3 -2 -1  0  0    1   0   0   0   3   2   0   0   1  16  31   2   2  39   0   1   0   0   0   1  0.59 0.16
  233 G   -1 -4 -2 -3 -4 -3 -4  7 -4 -5 -5 -3 -4 -5 -4 -1 -3 -4 -5 -5    0   0   0   0   0   0   0  96   0   0   0   0   0   0   0   2   0   0   0   0  1.75 0.31
  234 R   -1  6 -1 -2 -4  0 -1 -3 -2 -1 -3  3 -2 -4 -2 -1  0 -4 -3 -1    4  52   1   0   0   0   0   1   0   3   1  24   0   0   1   1   5   0   0   6  0.68 0.19
  235 P   -1 -1 -2 -1 -4 -1  3 -3 -2 -4 -4  1 -3 -4  6 -1 -1 -4 -4 -3    5   3   1   2   0   1  28   0   0   0   1   9   0   0  46   0   4   0   0   0  1.02 0.21
  236 N   -3  3  6 -1 -5 -1 -2 -1 -1 -5 -5  2 -4 -5 -1 -1 -2 -5 -4 -4    0  20  60   0   0   0   0   4   0   0   0  12   0   0   3   0   1   0   0   0  0.99 0.25
  237 N   -2 -2  7 -1 -2 -2 -2 -2  1 -5 -5 -2 -4 -5 -4  2 -2 -5 -4 -4    3   0  79   0   1   0   0   0   3   0   0   0   0   0   0  15   0   0   0   0  1.39 0.32
  238 A    1  0 -1 -2 -1  0 -1  4  0 -3 -3  0 -2 -3  0  1  1 -3 -2 -1   10   4   0   0   1   6   0  35   3   0   0   3   0   0   4  13  13   0   0   6  0.33 0.11
  239 G   -1 -4 -2 -3 -4 -4 -4  7 -4 -6 -6 -3 -5 -5 -4 -2 -3 -5 -5 -5    1   0   0   0   0   0   0  99   0   0   0   0   0   0   0   0   0   0   0   0  1.91 0.33
  240 V   -2 -3 -2 -3  0 -2 -2 -3 -4 -2 -2 -2 -2 -4  1  0  7 -4 -3  0    1   0   0   0   2   1   2   0   0   0   1   0   0   0   5   2  81   0   0   5  1.06 0.30
  241 K   -2  0 -2 -2 -5  0 -1 -3 -3 -3 -4  7 -3 -3 -3 -2 -2 -5 -3 -3    0   0   0   0   0   1   0   0   0   1   0  93   0   1   0   0   0   0   0   2  1.37 0.32
  242 L   -3 -4 -4 -5 -1 -4 -4 -5 -4  4  5 -4  1 -1 -4 -4 -2 -3 -2  1    0   0   0   0   1   0   0   0   0  26  66   0   0   0   0   0   0   0   0   5  0.79 0.20
  243 F   -4 -4 -5 -5 -4 -5 -5 -5 -3 -2 -1 -5  0  8 -5 -4 -4 -1  4 -3    0   0   0   0   0   0   0   0   0   0   0   0   3  85   0   0   0   0  10   0  1.73 0.32
  244 G    1 -3  1 -2  7 -1 -2  1 -3 -3 -3 -2  0 -4 -3  3 -1 -4 -3 -3   10   0   9   0  32   3   0   8   0   0   0   0   2   0   0  36   0   0   0   0  0.74 0.21
  245 L   -2 -4 -4 -5 -2 -4 -4 -5 -5  6  1 -4  1 -2 -4 -2 -2 -4 -3  4    1   0   0   0   0   0   0   0   0  58   4   0   3   0   0   3   0   0   0  31  0.84 0.22
  246 T   -1 -2 -1 -2 -2 -2 -2 -2 -3 -4 -4 -2 -3 -4  0  6  1 -5 -4 -3    0   1   0   0   1   0   0   1   0   0   0   0   0   0   3  88   5   0   0   1  1.11 0.31
  247 G   -1 -4 -2 -3 -4 -4 -4  7 -1 -6 -6 -3 -5 -5 -4 -2 -3 -4 -5 -5    3   0   0   0   0   0   0  96   1   0   0   0   0   0   0   0   0   0   0   0  1.78 0.32
  248 H   -3 -2  1  2 -1  0 -2 -4 10 -5 -5 -3 -4 -4 -4 -1 -3 -5 -1 -5    1   0   4  11   2   2   0   0  77   0   0   0   0   0   0   3   0   0   0   0  1.78 0.36
  249 V   -2 -4 -5 -5 -3 -4 -4 -5 -5  2 -1 -4 -1 -3 -4 -3 -1 -5 -3  7    0   0   0   0   0   0   0   0   0   3   1   0   0   0   0   0   1   0   0  95  1.29 0.32
  250 N   -1 -2  7  0 -3  0  2 -2  0 -4 -5  0 -3 -5 -3 -1 -1 -5 -4 -3    6   0  67   0   0   3  15   0   1   0   0   3   0   0   0   0   1   0   0   2  1.02 0.26
  251 T   -1  3  4 -1 -2  0 -1 -2  1 -3 -2  3 -2 -2 -1  0  1 -4 -1 -3    2  21  27   0   1   2   2   0   3   0   3  23   0   1   3   2   8   0   1   0  0.42 0.14
  252 P   -3 -4 -4 -4 -5 -1 -3 -3 -4 -5 -5 -3 -5 -6  9 -3 -3 -6 -5 -5    0   0   0   0   0   2   0   2   0   0   0   0   0   0  96   0   0   0   0   0  2.65 0.40
  253 C   -2 -5 -3 -4  9 -4 -5  4 -4 -3 -4 -3 -3 -5 -4 -2 -3 -4 -5 -3    1   0   1   0  59   0   0  35   0   1   0   1   0   0   0   1   0   0   0   1  1.68 0.32
  254 V   -2 -3  5 -1 -3 -2 -2 -3 -2 -1 -3 -2 -2 -4 -2 -1  4 -5 -3  2    0   0  44   0   0   0   0   0   0   2   0   0   0   0   1   0  32   0   0  22  0.72 0.24
  255 V   -2 -3 -4 -5 -3 -4 -4 -5 -2  1 -1 -4 -1  3 -4 -3 -2 -1  5  5    0   1   0   0   0   0   0   0   0   1   0   0   0  12   0   0   0   0  29  56  0.85 0.24
  256 E   -3 -2 -2  0 -6  0  7 -4 -2 -5 -5 -1 -4 -5 -3 -2 -3 -5 -4 -5    0   0   0   1   0   0  98   0   0   0   0   1   0   0   0   0   0   0   0   0  1.70 0.37
  257 E   -2 -2 -2  0 -4  0  5 -4 -2  2 -2 -1 -2 -3 -3 -2 -2 -4 -1  2    1   0   0   2   0   0  59   0   0  13   1   0   0   0   0   0   1   0   2  20  0.69 0.22
  258 A    1 -1 -2 -1 -4  0  4 -2 -1 -4 -4 -1 -3 -5  5  0 -1 -4 -4 -3   13   2   1   0   0   1  44   2   1   0   0   0   0   0  30   4   2   0   0   1  0.83 0.21
  259 M   -3 -3 -4 -5 -3 -3 -4 -5 -4  0  3 -4  8 -2 -4 -3 -1 -3 -3 -1    0   0   0   0   0   0   0   0   0   0  33   0  62   0   0   0   4   0   0   1  1.28 0.32
  260 S   -1 -3 -1 -2 -3 -2 -3  5 -3 -5 -5 -2 -4 -4 -3  4 -1 -4 -4 -4    0   0   0   0   0   0   0  55   0   0   0   0   0   0   0  44   0   0   0   0  1.08 0.26
  261 I   -2 -4 -3 -4 -3 -2 -4 -4 -4  5  0 -3  2 -2 -4 -2  3 -4 -3  2    0   0   0   0   0   1   0   0   0  56   3   0   5   0   0   0  28   0   0   7  0.71 0.22
  262 P   -2 -4 -3 -3 -4 -3 -3 -4 -4 -4 -3 -3 -4 -5  8  1  0 -5 -5 -4    1   0   0   0   0   0   0   0   0   0   3   0   0   0  79  10   6   0   0   0  1.97 0.33
  263 M   -3 -3 -5 -5 -3 -4 -4 -5 -3  0  4 -4  2  6 -5 -4 -3 -1  0  0    0   1   0   0   0   0   0   0   0   2  41   0   5  47   0   0   1   0   0   2  0.89 0.22
  264 R    1  4 -1 -1 -4  1  0 -3 -2 -4 -3  4 -2 -4 -1  1  0 -4 -3 -3   11  31   0   2   0   2   2   0   0   0   0  35   0   0   2   9   4   0   0   0  0.56 0.17
  265 E   -2 -1 -1  3 -5  1  6 -3 -2 -4 -4  1 -3 -3 -3 -1  0 -4 -2 -3    1   0   0  16   0   3  63   0   0   0   0   7   0   1   0   1   6   0   1   1  0.89 0.23
  266 L   -3 -4 -5 -5 -3 -4 -5 -5 -5  1  6 -4  1 -1 -5 -4 -3 -3 -3  0    0   0   0   0   0   0   0   0   0   4  94   0   1   1   0   0   0   0   0   1  1.16 0.27
  267 I   -3 -4 -5 -5 -3 -4 -5 -5 -5  6  3 -4  1 -1 -4 -4 -2 -4 -3  1    0   0   0   0   0   0   0   0   0  58  37   0   1   0   0   0   0   0   0   4  0.90 0.23
  268 E   -1 -2 -1  3 -5  0  6 -3 -2 -5 -4 -1 -4 -3 -3 -2 -2 -4 -2 -4    4   0   2  17   0   1  72   0   0   0   0   0   0   1   0   0   0   0   2   0  1.09 0.26
  269 K   -2  3 -2 -2 -4  0  0 -3 -2 -1  1  4  3 -3 -3 -2 -1 -4 -3 -2    0  23   0   1   0   0   6   0   0   1  17  35  14   0   0   0   3   0   0   1  0.44 0.16
  270 H   -1 -1 -1 -2 -2 -1 -1 -2  8 -2 -2 -1  0 -1 -2 -1 -2 -2  2 -1    4   2   1   2   1   1   2   2  58   2   3   2   3   1   2   2   2   0   7   5  0.93 0.17
  271 G    5 -4 -3 -4  7 -3 -3  1 -4 -3 -3 -3 -3 -3 -3 -1 -1 -4 -4 -2   55   0   0   0  33   0   0   9   0   0   0   0   0   1   0   1   1   0   0   0  1.03 0.26
  272 G   -2 -4 -2 -3 -4 -4 -4  7 -4 -6 -6 -3 -5 -5 -4 -2 -3 -4 -5 -5    0   0   0   0   0   0   0  98   0   0   0   1   0   0   0   0   0   0   0   0  1.86 0.33
  273 G   -2 -4 -2 -3 -4 -4 -4  7 -4 -6 -6 -3 -3 -5 -4 -2 -3 -4 -5 -5    0   0   0   0   0   0   0  99   0   0   0   0   0   0   0   0   0   0   0   0  1.87 0.33
  274 I   -2 -4 -4 -5 -2 -4 -4 -4 -4  3  0 -4  4 -2 -4 -3 -2 -2 -3  5    0   0   0   0   0   0   0   1   0  19   3   0  12   0   0   0   0   0   0  65  0.85 0.23
  275 R   -3  6 -2 -3 -4  0 -2 -4 -2  1 -2  2 -2 -3 -2 -2  0  2 -2 -2    0  67   0   0   0   1   0   0   0  10   2   7   0   0   1   0   5   3   0   2  0.88 0.23
  276 G   -1 -3  1  0 -4 -2 -2  6 -2 -5 -5  0 -4 -4 -1 -1 -2 -4 -3 -4    1   0   6   5   0   1   2  74   0   0   0   6   0   0   3   0   1   0   1   0  1.10 0.23
  277 G   -2 -4 -2 -3 -4 -3 -3  7 -4 -5 -5 -3 -4 -5 -4 -2 -3 -4 -5 -5    0   0   1   0   0   0   0  97   0   0   0   0   0   0   0   0   0   0   0   0  1.81 0.32
  278 W   -2 -2 -2 -3 -3 -2 -2 -2  1 -2 -2 -2 -2 -1 -3 -2 -2 11  0 -3    3   3   2   2   1   1   2   3   4   2   3   2   1   1   1   3   2  63   1   2  1.89 0.24
  279 K   -3  3  1  6 -5 -1  0 -2 -2 -4 -4  2 -4 -5 -3 -1 -2 -5 -4 -4    1  19   5  56   0   0   2   2   0   0   0  13   0   0   0   1   0   0   0   0  0.89 0.21
  280 N   -2  0  7 -1 -4  1 -1 -2 -1 -4 -4  2 -3 -4 -2 -1 -1 -4 -3 -4    2   2  64   0   0   5   1   1   0   0   0  18   0   0   1   2   3   0   0   0  0.94 0.24
  281 L   -3 -4 -5 -5 -3 -4 -5 -5 -5  1  6 -4  1 -1 -5 -4 -3 -3 -3  0    0   0   0   0   0   0   0   0   0   5  93   0   0   0   0   0   0   0   0   1  1.16 0.27
  282 K   -2  0 -3 -3 -4  1 -2 -4 -3 -1  4  5  0 -2 -3 -2 -2 -4 -3 -2    0   0   0   0   0   5   0   0   0   0  46  48   0   0   0   0   0   0   0   0  0.66 0.23
  283 A    6 -3 -3 -3  1 -3 -3  2 -3 -3 -3 -3 -2 -4 -3 -1 -2 -4 -4 -2   80   0   0   0   3   0   0  16   0   0   0   0   0   0   0   0   0   0   0   0  0.98 0.27
  284 V   -1 -4 -5 -5  0 -4 -4 -5 -5  3  0 -4 -1 -2 -4 -3 -2 -4 -3  6    1   0   0   0   2   0   0   0   0  17   1   0   0   0   0   0   0   0   0  78  1.02 0.26
  285 I   -3 -5 -5 -5 -3 -5 -5 -6 -5  7  0 -5 -1 -2 -5 -4 -2 -5 -3  1    0   0   0   0   0   0   0   0   0  96   0   0   0   0   0   0   1   0   0   3  1.49 0.33
  286 P   -3 -4 -4 -4 -5 -4 -3 -4 -4 -5 -5 -3 -5 -6  9 -3 -3 -6 -5 -5    0   0   0   0   0   0   0   0   0   0   0   0   0   0 100   0   0   0   0   0  2.86 0.42
  287 G   -2 -4 -2 -3 -5 -4 -4  7 -4 -6 -6 -3 -5 -5 -4 -2 -4 -5 -5 -5    0   0   0   0   0   0   0 100   0   0   0   0   0   0   0   0   0   0   0   0  1.94 0.34
  288 G   -2 -4 -2 -3 -5 -4 -4  7 -4 -6 -6 -3 -5 -5 -4 -2 -4 -5 -5 -5    0   0   0   0   0   0   0 100   0   0   0   0   0   0   0   0   0   0   0   0  1.94 0.34
  289 A    1 -3 -1 -2  1 -2 -2 -2 -3 -3 -3 -2 -3 -4 -1  6  0 -5 -3 -2    7   0   0   0   3   0   0   0   0   1   1   0   0   0   2  81   3   0   0   3  0.95 0.29
  290 S   -1 -3 -1 -2 -3 -2 -2 -2 -3 -5 -5 -2 -4 -5 -3  7  0 -5 -4 -4    0   0   0   0   0   0   0   0   0   0   0   0   0   0   0 100   0   0   0   0  1.46 0.37
  291 C    1 -3 -3 -3  3 -2 -3 -3 -3  0 -1 -3  3 -3 -3  0  3 -4 -3  4    9   0   0   0   8   0   0   0   0   0   0   0  10   0   0   7  27   0   0  39  0.46 0.18
  292 P   -1 -2 -4 -4 -5 -3 -3 -4 -3 -5 -5 -2 -5 -6  8 -2 -3 -6 -5 -4    3   3   0   0   0   0   0   0   0   0   0   2   0   0  92   0   0   0   0   0  2.46 0.38
  293 V   -2 -4 -4 -4  2 -3 -4 -4 -4  3  2 -3  3 -2 -1 -3 -2 -4 -2  4    0   0   0   0   6   0   0   0   0  14  19   0  12   0   3   0   0   0   0  46  0.56 0.17
  294 L   -2 -4 -5 -5 -2 -4 -4 -5 -4  4  4 -4  2 -1 -4 -3 -2 -3 -2  3    0   0   0   0   0   0   0   0   0  26  50   0   3   0   0   0   0   0   0  20  0.69 0.18
  295 T   -2  0 -1 -2 -4 -3 -3 -3 -3 -4 -4 -1 -4 -5  8 -2  1 -5 -4 -4    1   6   4   1   0   0   0   0   0   1   0   4   0   0  74   1   9   0   0   0  1.76 0.30
  296 A    3  0 -2 -2 -3  0 -1  3 -2 -2 -3  4 -3 -4 -1 -1 -2 -4 -3 -2   33   4   0   0   0   2   0  20   0   2   0  37   0   0   1   0   0   0   0   0  0.50 0.18
  297 E    0 -1  1  4 -4  0  3 -2  2 -4 -4  0 -3 -4 -2  1 -1 -4 -3 -3    7   1   7  26   0   1  28   1   7   0   0   5   0   0   0  15   1   0   0   0  0.52 0.15
  298 Q   -1 -2 -2  0 -2  1  0 -3 -2  3  0 -1  1 -2 -3 -2  0 -3 -2  3    4   0   1   6   0  11   6   0   1  25   4   4   5   0   0   0   6   0   0  27  0.21 0.11
  299 C    0 -4 -4 -5  8 -3 -4 -4 -3  2  0 -4  6 -3 -4 -2 -2 -4 -3  0    6   0   0   0  44   0   0   0   0  14   2   0  30   0   0   1   0   0   0   2  1.20 0.28
  300 E   -1 -1  0  3 -3  0  3 -2 -2 -1  0 -1  5 -3 -3 -1 -2 -1 -3 -1    3   2   2  24   0   1  21   2   0   3   4   2  29   0   0   3   0   1   0   1  0.41 0.17
  301 N    0 -2  1  5 -4  1  2  0 -2 -3 -4  0 -3 -4 -2  0  2 -4 -3 -3    5   0   7  37   0   6  14   8   0   0   0   4   0   0   0   2  14   0   0   1  0.50 0.14
  302 A    2 -3 -3 -4  4 -1 -3 -3 -3  1  1 -3  0 -2 -3 -1  1 -4 -2  3   22   0   0   0  10   4   0   0   0   4  11   0   2   0   0   1   8   0   0  38  0.35 0.14
  303 I   -1 -2  0  1 -2 -1 -2 -3 -1  2  2 -2  1 -2  1 -1  2 -3 -2  0    1   0   6   9   0   2   1   0   1  13  32   1   3   0   6   1  22   0   0   3  0.20 0.10
  304 M   -3 -4 -5 -6 -4 -3 -4 -5 -3 -1  1 -4 10 -1 -5 -4 -3 -4 -3 -2    0   0   0   0   0   0   0   0   1   0   3   0  95   1   0   0   0   0   0   0  2.18 0.45
  305 D   -4 -4  0  8 -5 -2  0 -3 -3 -5 -6 -3 -5 -6 -3 -1 -2 -6 -5 -5    0   0   0  95   0   0   1   1   0   0   0   0   0   0   0   2   1   0   0   0  1.86 0.35
  306 Y   -3 -4 -4 -5 -4 -4 -3 -5 -1 -2 -2 -4 -2  7 -5 -4 -4  0  7 -3    2   0   0   0   0   0   1   0   0   0   0   0   0  51   0   0   0   0  46   0  1.60 0.32
  307 D   -4 -3  0  8 -6 -2  1 -3 -3 -5 -6 -2 -5 -6 -3 -2 -3 -6 -5 -5    0   0   1  92   0   0   7   0   0   0   0   0   0   0   0   0   0   0   0   0  1.83 0.35
  308 G    2 -2 -1  0 -1 -2 -1  2 -2 -3 -3 -2 -3 -3 -2  4  0  0 -2 -3   21   0   0   5   1   0   1  19   0   0   1   0   0   0   0  45   4   2   1   0  0.50 0.17
  309 M   -3 -4 -5 -5 -2 -4 -4 -5 -4  4  5 -4  2 -1 -4 -4 -2 -3 -3  0    0   0   0   0   0   0   0   0   0  26  69   0   4   0   0   0   1   0   0   1  0.88 0.22
  310 R    2  4 -2 -2 -3  1 -1 -2 -2  0 -2  2 -1 -3 -2  0 -1 -4 -3  0   21  29   0   0   0   5   1   2   0   7   0  17   1   0   0   7   0   0   0   9  0.31 0.13
  311 D    2  0 -1  2 -3  1  3 -1 -2 -4 -4  3 -3 -4 -2  0 -1 -4 -3 -3   22   2   1  15   0   5  19   2   0   0   0  31   0   0   0   1   1   0   0   0  0.44 0.15
  312 V    4 -2 -1 -3 -2 -1 -1 -2 -1 -1  0 -1  0 -2 -2  0 -1 -4 -2  2   52   2   3   0   0   1   3   1   1   1  10   2   2   0   0   4   0   0   1  17  0.32 0.15
  313 R   -2  1 -1 -2 -4  3 -1  5 -2 -5 -4  1 -3 -5 -3 -2 -2 -4 -3 -4    0   7   1   0   0  22   1  56   1   0   0  11   0   0   0   0   1   0   0   0  0.86 0.21
  314 S   -1 -3 -1 -2 -3 -2 -2 -2 -3 -4 -4 -2 -3 -4 -3  6  3 -5 -4 -3    0   0   0   0   0   0   0   0   0   0   0   0   0   0   0  83  17   0   0   0  1.15 0.32
  315 S    0 -3 -2 -3 -3 -2 -3  5 -1 -3 -2 -3  5 -2 -3  1 -2 -3 -1 -3    6   0   0   0   0   0   0  47   1   0   1   0  26   1   0  16   0   0   2   0  0.71 0.21
  316 F   -3 -4 -5 -5 -3 -4 -5 -5 -4  0  6 -4  2  2 -5 -4 -3 -3 -2 -1    0   0   0   0   0   0   0   0   0   1  88   0   3   8   0   0   0   0   0   0  1.06 0.26
  317 G   -2 -4 -2 -3 -5 -4 -4  7 -4 -6 -6 -3 -5 -5 -4 -2 -4 -5 -5 -5    0   0   0   0   0   0   0 100   0   0   0   0   0   0   0   0   0   0   0   0  1.92 0.34
  318 T    0 -3 -1 -2 -2 -2 -2 -3 -3 -3 -3 -2 -3 -4 -3  3  6 -4 -3 -2    7   0   0   0   0   0   0   0   0   0   0   0   0   0   0  28  66   0   0   0  0.99 0.28
  319 A    4 -3 -2 -3 -3 -3 -3  5 -3 -4 -4 -3 -3 -4 -3 -1 -2 -4 -4 -3   51   0   0   0   0   0   0  49   0   0   0   0   0   0   0   0   0   0   0   0  1.02 0.25
  320 C    5 -3 -3 -3  1 -2 -2  2 -3 -3 -3 -2 -3 -4 -3  1 -1 -4 -3 -2   73   0   0   0   3   0   0  16   0   0   0   0   0   0   0   8   1   0   0   0  0.83 0.24
  321 M   -2 -4 -4 -5 -2 -4 -4 -4 -5  3  1 -4  3 -2 -4 -3 -2 -4 -3  6    1   0   0   0   0   0   0   0   0  16   5   0   7   0   0   0   0   0   0  70  0.87 0.23
  322 I   -3 -5 -5 -5 -3 -4 -5 -6 -5  7  1 -4  0 -2 -5 -4 -1 -4 -3  2    0   0   0   0   0   0   0   0   0  88   3   0   1   0   0   0   2   0   0   5  1.24 0.29
  323 V   -2 -4 -5 -5 -3 -4 -4 -5 -5  2 -1 -4  0 -3 -4 -4 -2 -5 -3  7    0   0   0   0   0   0   0   0   0   4   0   0   1   0   0   0   0   0   0  95  1.30 0.32
  324 M   -3 -4 -4 -5 -3 -3 -4 -5 -4  1  2 -4  9  0 -5 -3 -3 -3 -3 -1    0   0   0   0   0   0   0   0   0   6  10   0  80   3   0   1   0   0   0   0  1.63 0.37
  325 D   -3 -3  3  7 -5 -2  0 -3 -3 -5 -6 -2 -5 -5 -3 -2 -3 -6 -5 -5    1   0  15  83   0   0   0   0   0   0   0   0   0   0   0   0   0   0   0   0  1.61 0.32
  326 Q   -2  1  0  2 -5  1  3 -3 -1 -4 -4  5 -3 -5 -3 -1 -2 -5 -3 -4    0   2   3  13   0   4  23   0   0   0   0  53   0   0   0   0   0   0   0   0  0.80 0.22
  327 S   -1 -2  0  1 -3  2 -1 -1 -2 -3 -4 -1 -3 -4 -2  5  3 -4 -3 -3    0   0   2   8   0  10   2   2   0   0   0   0   0   0   0  54  22   0   0   0  0.65 0.22
  328 T    0  2 -2 -3 -2 -1 -2 -3 -2 -2 -3 -2 -2 -4 -3  0  6 -4 -3  1    4  11   0   0   0   2   0   0   0   0   0   0   0   0   0   1  69   0   0   9  0.82 0.26
  329 D   -3 -4 -1  7  7 -3 -1 -3 -3 -4 -5 -3 -4 -5 -3 -2 -3 -5 -5 -4    0   0   1  67  30   0   0   0   0   0   0   0   0   0   0   1   0   0   0   0  1.54 0.32
  330 V   -2 -4 -4 -5 -1 -3 -4 -5 -4  4  1 -4  6 -2 -3 -3 -2 -4 -3  3    0   0   0   0   1   0   0   0   0  35   7   0  36   0   1   0   1   0   0  19  0.81 0.23
  331 V   -2 -4 -5 -5 -2 -4 -4 -5 -5  4  0 -4  0 -2 -4 -3 -2 -4 -2  6    0   0   0   0   0   0   0   0   0  30   0   0   0   0   0   0   0   0   1  67  1.00 0.26
  332 K    0  4 -1  0 -4  1  1 -2 -1 -4 -4  5 -3 -4 -3 -1 -2 -4 -2 -3    7  27   1   4   0   2   8   1   1   0   0  46   0   0   0   2   0   0   1   0  0.66 0.19
  333 A    5 -3 -2 -3  2 -2 -2 -1 -3 -2 -3 -2 -2 -2 -2  1  0  0 -3  0   69   0   1   0   4   0   0   1   0   0   0   0   0   2   0  10   2   2   0   7  0.65 0.22
  334 I   -2 -4 -5 -5 -1 -4 -4 -5 -4  5  3 -4  1  0 -4 -4 -1 -4 -2  1    2   0   0   0   1   0   0   0   0  59  31   0   1   2   0   0   2   0   0   3  0.79 0.21
  335 W    3  1 -2 -2 -1  0  1 -2  1 -2  0  0 -1 -2 -2  1 -1  5 -1 -2   35   8   0   0   1   4  13   0   4   0  10   3   0   0   0   8   2   9   1   0  0.26 0.12
  336 R   -3  8  0 -3 -1 -1 -2 -4 -2 -5 -4  0 -3 -5 -4 -3 -3 -5 -4 -5    0  94   4   0   2   0   0   0   0   0   0   0   0   0   0   0   0   0   0   0  1.75 0.37
  337 L   -2 -4 -5 -5 -3 -3 -4 -5 -4  3  5 -4  1  2 -4 -4 -2 -3 -1  1    1   0   0   0   0   1   0   0   0  22  66   0   1   7   0   0   0   0   0   3  0.76 0.20
  338 S    2 -3 -1 -2 -2 -2 -2 -2 -3  0 -2 -2 -1 -3 -2  5  0 -4 -3 -2   17   0   0   0   0   0   0   0   0   8   2   0   1   0   0  68   2   0   0   0  0.74 0.25
  339 K    0  1 -2 -1 -3  1  0 -3  4 -3 -2  2 -1  0 -3 -1 -2  1  5 -2    8   9   0   2   0   6   7   0  14   0   1  14   1   1   0   4   1   2  29   2  0.41 0.15
  340 F   -4 -5 -5 -6 -4 -5 -5 -5 -3 -2 -2 -5 -2  9 -6 -4 -4 -1  1 -3    0   0   0   0   0   0   0   0   0   0   0   0   0  98   0   0   0   0   0   0  2.16 0.40
  341 F   -4 -4 -4 -5 -5 -4 -4 -5 -1 -3 -3 -4 -3  3 -5 -4 -4  0  9 -3    0   0   0   0   0   0   0   0   0   0   0   0   0  10   0   0   0   0  88   0  2.14 0.40
  342 K   -1  1 -2 -3 -4  0 -1 -3  2 -3 -2  5  3  1 -3 -1 -2  0  3 -2    4   4   0   0   0   3   1   0   7   0   1  48  13   5   0   1   1   1  11   0  0.51 0.19
  343 H   -2 -2 -1 -1 -5 -1  2 -4  9 -5 -5 -1 -3 -4 -4 -2 -3 -4 -1 -5    2   1   1   3   0   0  16   0  72   0   0   2   0   0   0   2   0   0   0   0  1.70 0.35
  344 E   -3 -2 -2  0 -6  0  7 -4 -2 -5 -5 -1 -4 -5 -3 -2 -3 -5 -4 -4    0   0   0   0   0   0  98   0   0   0   0   0   0   0   0   0   0   0   0   0  1.75 0.38
  345 S   -1 -3 -1 -2 -3 -2 -2 -2 -3 -4 -4 -2 -3 -4 -3  7 -1 -5 -4 -4    0   0   0   0   0   0   0   0   0   0   0   0   0   0   0  98   0   0   0   0  1.45 0.37
  346 C   -3 -6 -5 -6 11 -5 -6 -5 -5 -4 -4 -5 -4 -5 -5 -3 -3 -5 -5 -3    0   0   0   0  98   0   0   0   0   0   0   0   0   0   0   0   0   0   0   0  3.14 0.48
  347 G   -2 -4 -2 -3 -4 -4 -4  7 -4 -6 -5 -3 -5 -5 -4 -2 -3 -4 -5 -5    0   0   0   0   0   0   0  98   0   0   0   0   0   0   0   0   0   0   0   0  1.89 0.34
  348 Q   -3 -1 -2 -3 -5  8  0 -4 -1 -5 -4 -1 -3 -5 -4 -2 -3 -4 -4 -4    0   0   0   0   0  98   0   0   0   0   0   0   0   0   0   0   0   0   0   0  2.02 0.44
  349 C   -3 -6 -5 -6 11 -5 -6 -5 -5 -4 -4 -5 -4 -5 -5 -3 -3 -5 -5 -3    0   0   0   0  98   0   0   0   0   0   0   0   0   0   0   0   0   0   0   0  3.14 0.48
  350 T   -2 -3 -2 -3 -3 -3 -3 -3 -4 -3 -3 -3 -3 -4 -3  0  7 -4 -4 -2    0   0   0   0   0   0   0   1   0   0   0   0   0   0   0   1  96   0   0   0  1.58 0.38
  351 P   -3 -5 -4 -4 -5 -4 -3 -5 -5 -5 -4 -3 -5 -6  9 -3 -3 -6 -5 -5    0   0   0   0   0   0   0   0   0   0   1   0   0   0  99   0   0   0   0   0  2.83 0.44
  352 C   -3 -6 -5 -6 11 -6 -6 -5 -6 -4 -2 -6 -4 -5 -5 -3 -3 -5 -5 -3    0   0   0   0  98   0   0   0   0   0   2   0   0   0   0   0   0   0   0   0  3.16 0.50
  353 R   -4  8 -3 -4 -6 -1 -2 -5 -2 -5 -4  0 -4 -5 -2 -3 -3 -5 -4 -5    0  98   0   0   0   0   0   0   0   0   0   0   0   0   2   0   0   0   0   0  1.94 0.40
  354 E   -2 -2 -2  0 -6  0  7 -4 -2 -5 -5 -1 -4 -5 -3 -2 -3 -5 -4 -5    2   0   0   0   0   0  98   0   0   0   0   0   0   0   0   0   0   0   0   0  1.75 0.39
  355 G   -2 -4 -2 -3 -5 -4 -4  7 -4 -6 -6 -4 -5 -5 -4 -2 -4 -5 -5 -5    0   0   0   0   0   0   0 100   0   0   0   0   0   0   0   0   0   0   0   0  1.99 0.36
  356 T   -2 -3 -2 -3  2 -3 -3 -3 -4  0 -2 -3 -1 -4 -3  1  6 -4 -2  0    0   0   0   0   4   0   0   0   0   4   1   0   2   0   0   8  74   0   1   7  0.98 0.29
  357 G    0 -3 -1  0 -4 -3 -3  6 -2 -5 -5 -1 -3 -5 -1  0  0 -4 -4 -4    4   1   2   5   0   0   0  71   1   0   0   4   1   0   2   4   7   0   0   0  1.03 0.23
  358 W   -5 -5 -7 -7 -5 -5 -6 -5 -5 -6 -5 -4 -4 -2 -7 -6 -5 13  0 -6    0   0   0   0   0   0   0   0   0   0   0   1   0   0   0   0   0  98   1   0  4.15 0.58
  359 M   -3 -3 -4 -5 -3 -2 -4 -5 -4  1  4 -4  8 -1 -4 -3 -1 -3 -3  0    0   0   0   0   0   0   0   0   0   4  42   0  48   0   0   0   3   0   0   3  1.06 0.28
  360 M   -1 -3  2 -2 -4 -1  0 -3  1 -3 -2 -2  3  0 -4 -1 -1  8  5 -1    4   0  12   1   0   1   7   0   4   0   1   1  12   0   0   4   2  24  24   3  0.76 0.21
  361 R   -3  6  1  1 -5  1 -1 -3 -1 -4 -4  3 -2 -4 -3 -1 -2 -4 -3 -4    0  57   7   7   0   5   0   0   0   0   0  19   1   0   0   2   1   0   0   0  0.92 0.24
  362 V   -2 -4 -4 -5 -2 -3 -4 -5 -4  4  1 -4  5 -2 -4 -3 -1 -4 -3  4    1   0   0   0   0   0   0   0   0  26   8   0  23   0   0   0   2   0   0  41  0.75 0.22
  363 M   -3 -4 -4 -5 -3 -3 -4 -5 -4  1  3 -4  8 -2 -4 -3 -2 -3 -3  2    0   0   0   0   0   0   0   0   0   6  25   0  51   0   0   0   1   0   0  16  1.02 0.28
  364 E   -1 -1  1  3 -2  1  3 -1  4 -3 -3  1 -2 -3 -2  0  1  3 -1 -3    2   2   4  18   1   6  20   3  16   1   0   8   1   0   0   3  10   5   2   1  0.37 0.12
  365 R   -3  8 -2 -3 -6 -1 -2 -4 -2 -5 -4  1 -3 -5 -4 -2 -3 -5 -4 -5    0  94   0   1   0   1   0   0   0   0   0   4   0   0   0   1   0   0   0   0  1.82 0.38
  366 L   -3 -4 -4 -5 -3 -4 -4 -5 -4  4  2 -4  5  4 -4 -4 -3 -1 -1  0    0   0   0   0   0   0   0   0   0  36  14   0  24  25   0   0   0   0   0   0  0.80 0.23
  367 V    0 -1 -2 -2 -2  0  3 -3 -2  0 -1 -1  0 -2 -3 -1 -1 -4 -2  4    7   3   0   0   0   3  27   0   1   1   3   3   1   0   0   1   2   0   1  45  0.34 0.16
  368 R   -1  2  2  1 -3  1  2 -2  3 -2 -3  2 -2 -3 -2  0  1 -4 -2 -1    5   9  10   7   0   3  18   0   8   2   0  21   0   0   0   1  11   0   0   5  0.28 0.11
  369 G   -2 -4 -2 -3 -5 -4 -4  7 -4 -6 -5 -4 -5 -5 -4 -2 -4 -5 -5 -5    0   0   0   0   0   0   0  99   0   0   0   0   0   0   0   0   0   0   0   0  1.93 0.35
  370 D   -2  2  3  3 -4  3  2 -2  1 -3 -3  2 -2 -4 -3 -1 -1 -4 -3 -3    0  11  15  16   0  20  17   1   3   0   2  12   0   0   0   1   2   0   0   0  0.48 0.14
  371 A    5 -3 -3 -3 -3 -3 -3  4 -3 -3 -3 -3 -3 -4 -3  0 -2 -4 -4 -3   57   0   0   0   0   0   0  39   0   1   0   0   0   0   0   2   0   0   0   0  0.92 0.25
  372 E   -2  4  0  1 -3  2  2 -3  2 -3 -3  2 -2 -4 -3  0  1 -4 -2 -2    1  32   3   8   0  11  11   0   5   0   0  14   0   0   0   4  10   0   0   2  0.45 0.14
  373 V    0 -1 -2 -2 -3  0  1 -3 -1  0  0  1  2 -1  4 -1 -1 -3 -1  1    5   2   0   0   0   5   8   0   1   8   9  14   7   2  23   3   1   0   1  10  0.28 0.09
  374 E    0  3 -1  2 -4  0  4  0  1 -4 -4  1 -3 -4 -2  1 -1 -3 -3 -3    9  18   0   9   0   1  37   6   3   0   0   4   0   0   0  11   1   0   0   0  0.46 0.15
  375 E   -3 -2 -1  5 -6  0  6 -4 -2 -5 -5 -1 -4 -5 -3 -2 -3 -5 -4 -5    0   0   0  40   0   0  59   0   0   0   0   0   0   0   0   0   0   0   0   0  1.34 0.31
  376 I   -3 -4 -5 -5 -3 -4 -5 -5 -5  6  3 -4  1 -1 -4 -4 -2 -4 -3  1    0   0   0   0   0   0   0   0   0  66  29   0   2   0   0   0   0   0   0   3  1.00 0.25
  377 D   -3 -3  0  7 -5  0  2 -3  1 -5 -4 -2 -4 -5 -2 -2 -3 -6 -4 -5    1   0   0  79   0   2   9   1   3   0   1   0   0   0   1   0   0   0   0   0  1.41 0.30
  378 M   -1  0 -3 -4 -3  0 -3 -4 -2  0  3 -1  7 -1 -4 -2  0 -3 -2 -1    4   5   0   0   0   5   0   0   0   0  28   3  44   2   0   1   5   0   0   1  0.65 0.23
  379 L   -2 -4 -5 -5 -3 -4 -5 -5 -5  1  6 -4  1  0 -5 -4 -3 -3 -3  0    2   0   0   0   0   0   0   0   0   5  89   0   1   2   0   0   0   0   0   0  1.09 0.27
  380 F   -2 -1  1  1 -3  1  1 -3 -1 -1  1  0  0  1 -3 -2 -1  6  1 -1    0   1   7  11   0   6  10   1   0   2  22   5   2   8   0   1   1  15   4   4  0.28 0.11
  381 D   -1  0  1  3 -4  1  4 -2 -1 -4 -4  0 -3 -4 -2  2 -1 -4 -3 -3    2   3   6  21   0   6  39   1   0   0   0   3   0   0   0  15   2   0   0   0  0.61 0.17
  382 V   -2 -4 -5 -5 -2 -4 -4 -5 -5  4  2 -4  0 -2 -4 -3 -1 -4 -3  5    1   0   0   0   0   0   0   0   0  23  20   0   0   0   0   0   1   0   0  54  0.77 0.21
  383 T    3 -3 -2 -2  2 -1 -2 -1 -3 -3 -3 -2 -2 -4 -2  3  4 -4 -3 -2   26   0   0   0   5   1   0   4   0   0   0   0   0   0   0  27  37   0   0   0  0.59 0.21
  384 K   -1  1  1  1 -4  0  0  1 -1 -4 -4  5 -3 -3 -2  0  0 -4  0 -3    2   6   6   7   0   2   3  10   1   0   0  49   0   0   0   5   4   0   4   0  0.46 0.16
  385 Q   -3  0  4 -1 -5  7  0 -3  0 -4 -4  1 -3 -5 -3 -1 -2 -4 -3 -4    0   4  23   0   0  62   2   1   1   1   0   4   0   0   0   1   0   0   0   0  1.13 0.31
  386 V   -3 -4 -5 -5 -3 -4 -5 -5 -5  6  0 -4  3 -2 -4 -4 -2 -4 -3  3    0   0   0   0   0   0   0   0   0  68   2   0   7   0   0   0   1   0   0  22  1.03 0.26
  387 E   -1 -2 -2  0 -3  1  6 -2 -2 -3 -3 -1  2 -4 -3 -1 -2 -4 -4 -3    5   0   1   1   0   5  72   2   0   1   0   0   9   0   0   3   0   0   0   0  1.00 0.28
  388 G   -2 -4 -2 -3 -4 -4 -4  7 -4 -6 -5 -3 -4 -5 -4 -2 -3 -4 -5 -5    0   0   1   0   0   0   0  97   0   0   1   0   0   0   0   0   0   0   0   0  1.84 0.34
  389 H   -4  4  1 -3 -5 -1 -2 -4  9 -5 -5  0 -4 -4 -4 -3 -3 -5 -1 -5    0  31   7   0   0   0   0   0  60   0   0   2   0   0   0   0   1   0   0   0  1.58 0.34
  390 T   -2 -3 -2 -3 -1 -3 -3 -4 -4 -3 -3 -3 -3 -4 -3  0  7 -5 -4 -2    0   0   0   0   1   0   0   0   0   0   0   0   0   0   0   4  94   0   0   1  1.52 0.38
  391 I   -3 -5 -5 -5 -3 -5 -5 -6 -5  7  0 -5 -1 -2 -5 -4 -3 -5 -3  1    0   0   0   0   0   0   0   0   0  97   0   0   0   0   0   0   0   0   0   2  1.58 0.36
  392 C   -3 -6 -5 -6 11 -6 -6 -5 -6 -4 -4 -6 -4 -5 -5 -3 -3 -5 -5 -3    1   0   0   0  99   0   0   0   0   0   0   0   0   0   0   0   0   0   0   0  3.25 0.50
  393 A    6 -2 -3 -4 -2 -3 -3  0 -4 -3 -3 -3 -3 -4 -2 -1 -1 -4 -4 -2   92   1   0   0   0   0   0   4   0   0   0   0   0   0   0   0   1   0   0   1  1.18 0.31
  394 L   -3 -4 -5 -5 -3 -4 -5 -5 -4  0  6 -4  1  2 -5 -4 -3 -1 -2 -1    0   0   0   0   0   0   0   0   0   0  91   0   1   7   0   0   0   1   0   0  1.14 0.28
  395 G    1 -4 -2 -3 -4 -3 -4  7 -4 -5 -5 -3 -4 -5 -4 -1 -3 -4 -5 -4   13   0   0   0   0   0   0  85   0   0   0   0   0   0   0   1   0   0   0   1  1.51 0.29
  396 D   -3 -3 -1  7 -5 -2  2 -2 -3 -5 -5 -2 -3 -5 -3 -2 -2 -6 -5 -5    0   0   0  82   0   0  13   2   0   0   0   0   1   0   0   0   2   0   0   0  1.56 0.32
  397 A    6 -3 -3 -3 -2 -3 -3  2 -3 -3 -4 -3 -3 -4 -3  0 -2 -4 -4 -2   83   0   0   0   0   0   0  16   0   0   0   0   0   0   0   1   0   0   0   0  1.08 0.29
  398 A    6 -3 -3 -4 -2 -3 -3 -1 -3 -3 -3 -3 -3  0 -1  0 -2 -4 -3 -2   87   0   0   0   0   0   0   2   0   0   1   0   0   4   2   3   0   0   0   1  1.02 0.29
  399 A    6 -2 -3 -4 -1 -3 -3 -2 -3 -2 -3 -2 -3 -4 -3  1 -1 -4 -4  0   88   1   0   0   1   0   0   0   0   0   0   0   0   0   0   6   0   0   0   4  1.06 0.29
  400 W   -2 -5 -5 -4 -4 -3 -5 -5 -4 -3 -3 -5  5  0 -6 -4 -3 12 -1 -4    3   0   0   1   0   1   0   0   0   1   0   0  19   3   0   0   2  71   0   0  2.69 0.44
  401 P   -2 -4 -4 -4 -5 -4 -3 -3 -5 -5 -5 -3 -5 -6  9 -3 -3 -6 -5 -5    1   0   0   0   0   0   0   1   0   0   0   0   0   0  97   0   0   0   0   0  2.76 0.43
  402 I   -2 -4 -5 -5 -1 -4 -4 -5 -5  4  0 -4  0 -2 -3 -3 -2 -4 -2  5    1   0   0   0   1   0   0   0   0  31   1   0   0   0   1   0   0   0   1  64  0.97 0.25
  403 Q   -2  3 -2 -2 -5  7  0 -3 -1 -2 -3  0 -2 -5 -3 -2 -2 -3 -3 -2    0  16   0   0   0  71   1   1   0   3   2   2   0   0   0   0   0   0   0   2  1.18 0.32
  404 G    0 -4 -2 -3 -4 -3 -3  6 -3 -5 -5 -3 -4 -4 -3  2 -2 -4 -2 -4    6   0   0   0   0   0   0  73   0   0   0   0   0   0   0  20   0   0   1   0  1.21 0.26
  405 L   -2 -4 -4 -5 -3 -3 -4 -5 -2  0  5 -4  3  4 -4 -3 -2 -2  0 -1    1   0   0   0   0   0   0   0   1   0  63   0   9  23   0   1   1   0   1   1  0.78 0.21
  406 I   -2 -4 -5 -5 -3 -4 -5 -5 -5  6  2 -4  2  0 -4 -4 -1 -4 -3  2    1   0   0   0   0   0   0   0   0  65  20   0   4   2   0   0   2   0   0   6  0.86 0.22
  407 R   -2  6 -1 -2 -5  0 -1 -4  0 -4 -2  4 -3 -4 -3 -2 -2 -4 -3 -4    1  56   2   1   0   2   0   0   2   0   3  33   0   0   0   0   2   0   0   0  1.04 0.26
  408 N   -3  0  3 -3 -4  0 -2 -4  9 -5 -4  0 -3 -4 -4 -2 -2 -2 -1 -5    1   3  14   0   0   4   0   0  69   0   1   4   0   0   0   2   1   1   0   0  1.57 0.34
  409 F   -4 -5 -5 -6 -5 -5 -5 -5 -3 -2 -2 -5 -2  9 -6 -5 -4  1  3 -3    0   0   0   0   0   0   0   0   0   0   0   0   0  90   0   0   0   1   9   0  2.00 0.38
  410 R   -3  7 -2 -4 -5 -1 -2 -3 -2 -5 -4  1 -3 -4 -4 -3 -3  4 -1 -4    0  83   0   0   0   1   1   2   0   0   0   5   0   0   0   0   1   6   2   0  1.46 0.33
  411 E   -2 -3  0  2 -4 -1  1 -2  4 -4 -4 -1 -4 -5  6 -1 -2 -5 -3 -4    2   0   3  15   0   2   8   2  14   0   0   2   0   0  49   3   0   0   0   0  1.12 0.23
  412 E   -3 -2 -2  0 -5  0  6 -4 -2 -3 -1 -1 -2 -4 -3 -2 -2 -4 -2  0    0   0   0   1   0   0  80   0   0   0   5   2   1   0   0   0   1   0   2   8  1.12 0.30
  413 I   -3 -4 -4 -5 -3 -4 -4 -5 -3  4  2 -4  3  5 -4 -4 -2 -2  1  1    0   0   0   0   0   0   0   0   0  28  18   0   9  36   0   0   0   0   1   8  0.70 0.19
  414 E   -1 -1 -2  0 -5  1  7 -4 -2 -3 -3 -1 -3 -5 -3 -2 -3 -5 -4 -1    3   1   0   0   0   2  83   0   0   1   2   1   0   0   0   0   0   0   0   6  1.20 0.31
  415 D    1  1  0  2 -2  1  2 -3  3 -3 -3  1 -2 -1 -3 -1 -2 -1  4 -3   16   8   3  12   0   4  16   0   7   0   0   9   0   0   0   2   0   0  22   0  0.34 0.13
  416 R   -3  6 -2 -3 -1 -1 -2 -4  5 -4 -2  1 -1 -1 -4 -2 -3 -3  2 -4    1  61   0   0   1   0   0   0  18   0   3   4   2   2   0   0   0   0  10   0  1.03 0.26
  417 I   -2 -4 -5 -5  2 -3 -5 -5 -4  6  0 -4  4 -1 -4 -3 -2 -4 -2  2    1   0   0   0   4   1   0   0   0  70   2   0  14   1   0   1   0   0   1   7  0.96 0.26
  418 K    0  1  0  2 -3  2  3 -2  1 -3 -3  2 -2 -4 -1 -1  0 -4 -2 -2    9   8   3  14   0  10  23   0   3   0   1  19   1   0   1   1   4   0   0   2  0.35 0.11
  419 A    0  1  2  1 -4  2  2 -2  6 -3 -3  1 -2 -3 -1  0 -2 -4 -1 -3    9   5   9   7   0  11  12   1  30   0   2   8   1   0   1   3   0   0   0   0  0.45 0.14
  420 K   -2  0 -2 -3 -4 -1 -2  2  1 -3 -3  3 -2  3 -1 -2 -2 -1  5 -3    1   5   1   0   0   2   0  17   3   0   0  24   0  16   2   1   0   0  26   0  0.45 0.16
  421 R    0  4  0 -2 -4  2  0 -2  4 -3 -3  3 -2 -4 -2  0 -1 -4 -2 -2    9  29   4   0   0   9   4   2  12   0   0  22   0   0   0   4   3   0   0   1  0.45 0.13
  422 T    2 -1  0 -1  5  0  1  0 -2 -2 -2  1 -2 -3  0  2  1 -3 -3 -2   20   2   2   2  18   5   8   4   0   1   1   9   0   0   3  19   7   0   0   0  0.29 0.10
  423 G    1  1  1 -1 -2  1  1  1 -1 -1 -1  1  2 -2  0  0 -1 -3 -2 -1   11   8   7   1   0   7   9  10   0   1   6  11  12   0   4   8   2   0   0   1  0.11 0.05
  424 R    0  2  1 -1 -3  1  0 -2  3 -1 -1  2 -1 -2  0 -1  0 -3 -1  1    5  16   6   2   0   5   4   2  13   1   4  14   0   0   4   1   4   0   0  16  0.15 0.06
  425 M    1 -1  0  0 -2  0  0  3  1 -1 -1  0  0 -3 -1  0 -1 -3 -2 -1   19   2   2   6   0   4   7  24   4   2   4   7   3   0   2   6   2   0   0   5  0.15 0.04
  426 G    1 -1  0  0 -1  1  0  3 -1 -2 -2 -1 -1 -3  1  1  0 -3 -3 -1   19   1   3   6   1   6   5  24   0   1   2   1   1   0   7  15   3   0   0   3  0.24 0.06
  427 A    3  1 -1 -2 -2  0  0  0 -1 -2 -2  1 -1 -3  1  1  0 -2 -1  0   37   8   0   0   0   4   5   7   1   0   2   8   1   0   7   7   4   0   1   9  0.18 0.06
  428 M    2  0 -2 -2 -2  1  0 -2 -2  1  1  0  2 -2 -1  0 -1 -3 -2  1   29   4   0   0   0   8   4   1   0   5  11   7  10   0   2   2   1   0   1  16  0.12 0.06
  429 A    5 -2 -2 -2 -2 -1 -1  0 -2 -2 -1 -1 -1 -2 -2  1  0 -3 -1 -1   72   1   0   0   0   1   2   4   1   0   7   1   0   0   0   6   2   0   1   2  0.48 0.13
  430 A    6 -2 -2 -3 -1 -2 -2 -1 -3 -2 -2 -2 -2 -3 -2  1 -1 -4 -3 -1   95   0   0   0   0   0   0   0   0   0   0   0   0   0   0   3   0   0   0   2  0.83 0.16
  431 E   -1  0 -1  1 -4  3  6 -3 -1 -4 -4  1 -2 -4 -2 -1 -1 -3 -3 -3    0   0   0   0   0  12  84   0   0   0   0   4   0   0   0   0   0   0   0   0  0.90 0.09

                      K         Lambda
Standard Ungapped    0.1376     0.3208
Standard Gapped      0.0617     0.2670
PSI Ungapped         0.2017     0.3162
PSI Gapped           0.0617     0.2670
