
Last position-specific scoring matrix computed, weighted observed percentages rounded down, information per position, and relative weight of gapless real matches to pseudocounts
           A  R  N  D  C  Q  E  G  H  I  L  K  M  F  P  S  T  W  Y  V   A   R   N   D   C   Q   E   G   H   I   L   K   M   F   P   S   T   W   Y   V
    1 M   -5 -5 -6 -7 -5 -4 -6 -7 -5 -3 -2 -5 11 -4 -6 -5 -4 -5 -5 -3    0   0   0   0   0   0   0   0   0   0   0   0 100   0   0   0   0   0   0   0  3.32 0.78
    2 K   -3  3  0 -3 -6  4  0 -4  1 -5 -4  6 -3 -5 -4 -3 -3 -5 -3 -5    0  16   4   0   0  20   4   0   3   0   1  50   0   0   0   0   0   0   1   0  1.07 0.37
    3 F   -2 -5 -5 -6 -4 -5 -5 -6 -4  2  3 -5 -1  7 -5 -5 -4 -2  0  1    3   0   0   0   0   0   0   0   0  13  26   0   0  51   0   0   0   0   1   7  1.17 0.35
    4 T   -1 -1  0 -2 -3 -1 -1 -3 -1  2 -3  1 -2 -4 -3  2  5 -4 -3  0    2   2   5   1   0   2   3   0   1  13   0   9   0   0   0  15  41   0   0   7  0.49 0.25
    5 V   -2 -5 -5 -5 -3 -3 -5 -5 -5  6  1 -5 -1 -3 -5 -2  1 -5 -4  3    2   0   0   0   0   1   0   0   0  57   9   0   0   0   0   2   8   0   0  21  1.03 0.34
    6 E   -1 -2  3  2 -4  2  4 -3 -2 -3 -4  0 -3 -5 -2  2  1 -5 -4 -3    3   0  16  10   0   8  30   0   0   1   1   3   0   0   1  17   8   0   0   2  0.55 0.25
    7 R   -5  8  0 -5 -7  1 -3 -6 -3 -6 -6  1 -5 -6 -5 -4 -4 -6 -5 -6    0  88   3   0   0   5   0   0   0   0   0   4   0   0   0   0   0   0   0   0  2.16 0.58
    8 E    0 -3  0  4 -5 -1  5 -2 -3 -5 -5  0 -3 -5 -3  0 -1 -5 -4 -4   10   0   4  25   0   0  42   2   0   0   0   6   0   0   0   8   2   0   0   0  0.83 0.31
    9 H    2 -2  1  0 -3  2  0 -2  2  0 -2  0 -2 -3 -2  1  2 -4 -2 -1   26   0   9   4   0  13   5   1   6   6   2   3   0   0   0   8  12   0   1   2  0.26 0.17
   10 L   -4 -5 -6 -6 -4 -5 -6 -6 -5  1  6 -5  0  3 -6 -5 -4 -4 -3  0    0   0   0   0   0   0   0   0   0   4  81   0   0  11   0   0   0   0   0   4  1.37 0.42
   11 L   -4 -5 -6 -6 -4 -5 -6 -6 -6  2  6 -5  0 -2 -6 -5 -3 -2 -2  0    0   0   0   0   0   0   0   0   0   9  85   0   1   0   0   0   1   1   1   3  1.42 0.43
   12 K   -1  3 -1 -3 -5  1 -1 -3 -2 -5 -4  6 -4 -5  0 -2 -1 -5 -4 -3    4  12   3   0   0   5   2   2   0   0   1  62   0   0   4   1   3   0   0   1  1.02 0.37
   13 P    1 -4 -1 -4 -2 -4 -4 -3 -2 -4 -4 -3 -4 -6  7  2 -2 -6 -5 -1   11   0   3   0   1   0   0   1   1   1   1   1   0   0  59  16   2   0   0   5  1.45 0.42
   14 L   -4 -5 -7 -7 -4 -5 -6 -7 -6 -1  7 -6 -1 -3 -6 -6 -4 -5 -4 -2    1   0   0   0   0   0   0   0   0   1  98   0   0   0   0   0   0   0   0   1  1.81 0.52
   15 Q   -1 -2  0 -3 -5  7 -1  1 -2 -5 -4 -1 -2 -6 -4  1 -1 -5 -4 -3    4   0   5   0   0  62   0  12   0   0   1   1   1   0   0  10   3   0   0   2  1.21 0.45
   16 Q   -1  0 -1 -3 -4  4 -2 -4  5 -1  1  1  1 -3 -3  1  1 -4 -2 -2    6   3   2   0   0  22   0   0  20   3  15   7   4   0   0  10   8   0   0   2  0.44 0.24
   17 V   -2 -6 -6 -6 -4 -5 -5 -5 -6  3 -2 -5 -2 -4 -5 -5 -2 -6 -4  7    2   0   0   0   0   0   0   1   0  13   1   0   0   0   0   0   1   0   0  83  1.62 0.48
   18 S    2 -3  0 -3  3  2 -2 -2  3  0 -3 -2 -2 -2 -3  3  1 -4 -3  1   18   0   3   0   6   9   0   0  10   6   1   0   0   1   0  25  10   0   0  10  0.35 0.22
   19 G   -1  2 -1 -4 -5 -3 -4  6 -4 -4 -6 -3 -5 -6 -4  2 -3 -5 -5 -5    2  13   3   0   0   0   0  64   0   1   0   0   0   0   0  17   0   0   0   0  1.27 0.40
   20 P    1 -3 -5 -5 -3 -4 -5 -5 -5  4 -1 -4 -1 -1 -1 -3 -2 -5 -3  5   13   1   0   0   0   0   0   0   0  25   3   0   1   2   4   1   1   0   0  50  0.85 0.32
   21 L   -3 -5 -6 -6 -4 -5 -5 -6 -6  2  2 -5 -2 -3 -5 -5 -3 -5 -4  6    0   0   0   0   0   0   0   0   0  10  16   0   0   0   0   0   0   0   0  74  1.40 0.43
   22 G   -3 -3 -3 -1 -6 -1  7  0 -3 -6 -6 -2 -5 -6 -4  0 -2 -6 -5 -3    0   0   1   0   0   0  81   7   0   0   0   0   0   0   0   7   2   0   0   2  1.62 0.52
   23 G   -3  7 -2 -4 -6 -1 -3  0 -3 -6 -5  3 -4 -6 -4 -1 -4 -6 -5 -4    1  69   1   0   0   1   0   9   0   0   0  14   0   0   0   4   0   0   0   1  1.48 0.45
   24 R   -5  8  0 -5 -2 -2 -3 -6 -3 -6 -6  2 -5 -6 -5 -4 -4 -6 -5 -6    0  87   4   0   1   0   0   0   0   0   0   8   0   0   0   0   0   0   0   0  2.16 0.58
   25 P   -3 -3  4 -3 -5  5 -2 -4  7 -2 -5 -3 -4 -5  3 -2 -2 -5 -3 -5    1   0  22   0   0  29   0   0  29   3   0   0   0   0  13   1   2   0   0   0  1.22 0.42
   26 T   -2 -3  0 -4 -4 -3 -4 -5 -5 -4 -5 -4 -3 -5 -2  0  7 -6 -5 -3    1   1   4   0   0   1   0   0   0   0   0   0   0   0   1   5  86   0   0   0  1.81 0.57
   27 L   -3 -4 -6 -6 -4 -3 -5 -6 -5  3  5 -3  5  0 -5 -5 -3 -4 -3  0    1   0   0   0   0   1   0   0   0  20  59   1  14   3   0   0   0   0   0   2  1.08 0.35
   28 P   -3 -6 -2 -5 -7 -3 -5 -6 -6 -7 -7 -5 -6 -7  9 -4 -5 -7 -7 -6    2   0   2   0   0   1   0   0   0   0   0   0   0   0  94   0   0   0   0   0  2.98 0.69
   29 I   -4 -6 -6 -6 -4 -6 -6 -7 -7  8 -2 -6 -2 -3 -6 -5 -4 -6 -4  3    0   0   0   0   0   0   0   0   0  85   0   0   0   0   0   0   0   0   0  15  1.96 0.53
   30 L   -5 -5 -7 -7 -4 -5 -6 -7 -6  0  7 -6  0 -3 -6 -6 -4 -5 -4 -2    0   0   0   0   0   0   0   0   0   2  98   0   1   0   0   0   0   0   0   0  1.85 0.53
   31 G    3 -4  0 -2 -3 -3 -1  2 -4 -5 -5 -3 -4 -4 -3  5 -1 -5 -4 -4   27   0   4   1   0   0   3  12   0   0   0   0   0   0   0  51   2   0   0   0  0.89 0.37
   32 N   -5 -4  9 -2 -3 -4 -4 -4  3 -7 -7 -4 -6 -7 -6 -3 -4 -7 -5 -7    0   0  94   0   1   0   0   0   6   0   0   0   0   0   0   0   0   0   0   0  2.60 0.67
   33 L   -3 -5 -6 -6 -3 -5 -5 -6 -6  4  2 -5 -1 -1 -5 -4 -2 -5 -3  6    0   0   0   0   0   0   0   0   0  18  18   0   0   3   0   0   1   0   0  59  1.15 0.37
   34 L   -4 -3 -6 -6 -4 -4 -5 -6 -4 -1  6 -2  2 -2 -6 -5 -4 -5 -3 -1    0   1   0   0   0   1   0   0   0   1  89   3   3   0   0   0   0   0   1   1  1.50 0.46
   35 L   -4 -5 -6 -6 -4 -5 -5 -6 -5  5  4 -5  2 -1 -5 -5 -3 -4 -3  1    0   0   0   0   0   0   0   0   0  36  50   0   4   2   0   0   0   0   0   8  1.11 0.35
   36 Q   -2  3  0  1 -4  3  3 -3 -1 -3 -4  2 -3 -4 -3  0  0 -5 -3  0    0  18   3   5   0  15  23   0   1   1   0  12   0   0   0   8   5   0   0   7  0.49 0.22
   37 V    3 -1 -2 -3 -2 -1 -3 -2 -3  2 -1  2 -2 -3 -3 -1 -1 -4 -3  3   29   2   1   1   0   2   0   1   1  12   3  15   0   0   0   2   2   0   0  29  0.39 0.22
   38 A   -1  0  2  1 -4  1  3 -1  1 -4 -4  2 -3 -4 -3  1  1 -5 -3 -3    3   5  11   8   0   5  26   3   3   0   0  15   0   0   0   9  11   0   0   1  0.43 0.20
   39 D    0 -2  2  3 -5  0  2  4  0 -5 -5 -1 -4 -5 -2 -1 -2 -5 -4 -5    7   2  11  20   0   4  12  37   2   0   0   2   0   0   1   2   1   0   0   0  0.67 0.25
   40 G   -1 -2  4  3 -5  1  0  4  0 -5 -5 -1 -4 -5 -2  0 -1 -5 -4 -5    4   1  21  19   0   8   6  30   2   0   0   1   0   0   1   5   2   0   0   0  0.65 0.25
   41 T    0  2 -1 -1  0  3  0  0  0 -1 -2  1 -1 -3 -3  1  1 -3 -2 -1    9  13   2   1   2  19   3   7   2   3   3  11   1   0   0  11   8   0   1   4  0.20 0.13
   42 L   -3 -5 -6 -6 -4 -5 -5 -6 -5  2  5 -5  0 -1 -5 -4 -1 -4 -4  2    2   0   0   0   0   0   0   0   0   8  72   0   1   1   0   1   3   0   0  13  1.13 0.37
   43 S    0  0 -1 -1 -1  1 -1 -2  0 -2 -1  0 -1 -2 -3  3  2  0 -2 -1    8   6   2   1   1   7   3   1   2   2   5   5   1   1   0  34  16   1   1   3  0.29 0.19
   44 L   -4 -5 -6 -6 -4 -5 -5 -6 -5  2  5 -5  4  4 -5 -5 -4 -1 -2  0    0   0   0   0   0   0   0   0   0  10  52   0  13  21   0   0   0   1   0   4  1.05 0.34
   45 T   -2 -2 -2 -4 -2 -3 -3 -4 -4  0  0  1  0 -4 -4 -1  6 -5 -4 -1    2   1   1   0   0   0   0   0   0   6  11  10   2   0   0   1  61   0   0   3  0.94 0.38
   46 G    4 -4 -3 -4 -3 -4 -4  5 -4 -5 -5 -4 -4 -5 -4  0  1 -5 -5 -4   45   0   0   0   0   0   0  40   0   0   0   0   0   0   0   5   9   0   0   0  1.08 0.38
   47 T   -3 -5 -3 -4 -4 -4 -4 -5 -5 -4 -5 -4 -4 -6 -5  1  8 -6 -5 -4    0   0   0   0   0   0   0   0   0   0   0   0   0   0   0  10  90   0   0   0  2.09 0.63
   48 D   -5 -5  1  8 -7 -4 -2 -5 -5 -7 -7 -4 -7 -7 -5 -4 -5 -8 -7 -7    0   0   6  94   0   0   0   0   0   0   0   0   0   0   0   0   0   0   0   0  2.52 0.64
   49 L   -3 -5 -6 -6 -4 -3 -6 -6 -6  1  6 -5  3 -2 -6 -5 -2 -5 -4 -2    1   0   0   0   0   1   0   0   0   6  83   0   7   0   0   0   2   0   0   0  1.45 0.45
   50 E   -4 -4 -3  4 -7 -1  7 -5 -4 -7 -6 -3 -6 -7 -4 -3 -4 -7 -6 -6    0   0   0  22   0   0  77   0   0   0   0   0   0   0   0   1   0   0   0   0  1.90 0.56
   51 M   -3 -4 -5 -6 -3 -5 -5 -6 -5  5  2 -5  4 -3 -5 -4 -2 -5 -4  5    0   0   0   0   0   0   0   0   0  30  18   0  10   0   0   0   1   0   0  40  1.03 0.34
   52 E   -4 -3 -3 -1 -7  5  7 -5 -3 -7 -6 -2 -5 -7 -4 -3 -4 -6 -5 -6    0   0   0   2   0  30  68   0   0   0   0   0   0   0   0   0   0   0   0   0  1.84 0.57
   53 M   -3 -5 -5 -5 -3 -4 -5 -5 -5  5  3 -4  4 -2 -5 -4 -3 -4 -3  2    1   0   0   0   0   0   0   0   0  41  33   0  10   0   0   1   1   0   0  12  0.98 0.32
   54 V   -1  1 -2 -3 -2 -2 -2 -4  0  3 -1 -1  0 -3 -4  0  3 -4 -3  4    3   8   1   1   1   1   1   0   2  16   1   3   1   0   0   6  20   0   0  34  0.42 0.23
   55 A    3 -3 -2 -1 -1 -2  2  1 -3 -3 -3 -3 -3 -4 -3  1  4 -5 -4 -2   25   0   1   2   1   0  14  13   0   0   2   0   0   0   0   8  32   0   0   2  0.53 0.27
   56 R   -1  3  1 -1 -2  2  1 -2  2 -4 -3  1 -2 -3 -3  2  2 -3  0 -3    4  19   8   2   1  10   9   1   6   0   2   5   1   0   0  16  13   0   3   1  0.32 0.18
   57 V    3 -4 -4 -4  0 -3 -3 -2 -4  2  1 -3 -1 -1 -3 -1  1 -4 -3  3   26   0   0   0   1   0   0   2   0  15  11   0   1   2   0   4  10   0   0  28  0.42 0.21
   58 A    1 -1  0  1 -3  2  2 -1 -1 -2 -3  0 -3 -2  3  0  2 -4 -3 -1   13   1   4  10   0   9  14   4   1   2   0   4   0   1  15   4  14   0   0   3  0.30 0.16
   59 L   -1 -2 -3 -1  1 -2 -2 -2 -3  1  3 -2  1  1  0 -2 -1 -2 -1  1    6   1   1   3   4   1   3   3   0   9  41   1   2   6   4   2   4   0   1   8  0.24 0.11
   60 V    3 -2 -1  0 -2  0  2  2  0 -1 -2 -1 -2 -3 -2  1 -1 -4 -3  0   27   0   2   6   0   3  16  15   3   5   3   1   1   0   1  10   3   0   0   6  0.24 0.15
   61 Q   -1 -2  1  1 -3  2  2  2  1 -2 -3  0  0 -3 -2  1  1 -4 -3 -1    3   0   7   8   0   9  15  15   4   1   1   6   2   1   1  12   8   0   0   6  0.21 0.12
   62 P    1 -3 -1  1 -1 -1  0  2  0  0 -2 -1 -2 -3  2  0  0 -4 -3  2   10   0   2  11   1   1   7  15   2   7   2   2   0   0   9   6   4   0   0  21  0.16 0.12
   63 H    1 -2  0  1 -2  0  2  1  2 -2 -2 -1 -2  0 -1  1  0 -3  1 -1   16   0   2  10   0   3  14  12   6   1   2   3   0   4   2  11   4   0   5   6  0.15 0.11
   64 E   -1 -1 -1  2 -4  3  4  0 -1 -2 -3  0 -2 -4 -1  0  0 -4 -3 -1    2   2   1   9   0  17  29   8   1   3   0   5   1   0   3   4   8   0   0   5  0.39 0.19
   65 P    1 -3  0  3 -3 -1  2 -1 -2 -2 -3 -2 -3 -1  4  1 -1 -4 -3 -2   14   0   5  18   0   1  15   3   0   3   1   0   0   3  19  11   3   0   0   3  0.41 0.19
   66 G    0 -5 -3 -4 -2 -4 -2  6 -3 -4 -5 -4 -3  2 -5 -1 -2 -4 -3 -2    7   0   0   0   1   0   2  70   1   1   0   0   1  11   0   3   3   0   0   2  1.26 0.38
   67 A    3  1  0 -1 -3  0  2 -1 -2 -3 -3  1 -1 -4 -2  2  1 -4 -3 -2   27  10   3   3   0   3  17   2   0   1   1   6   1   0   1  18   7   0   0   1  0.34 0.19
   68 T   -1 -4 -4 -5 -2 -4 -4 -5 -5  5 -1 -4 -2  1 -4 -2  5 -5 -3  2    3   0   0   0   1   0   0   0   0  34   3   0   0   5   0   0  43   0   0  10  0.92 0.36
   69 T   -3 -5 -4 -5 -4 -4 -4 -5 -5 -3 -5 -4 -2 -6 -5 -2  8 -6 -5 -3    1   0   0   0   0   0   0   0   0   1   0   0   1   0   0   0  97   0   0   0  2.27 0.66
   70 V    0 -5 -5 -6 -3 -5 -5 -5 -5  3  1 -5 -1 -3 -5 -4 -1 -5 -4  6    7   0   0   0   0   0   0   0   0  14  11   0   1   0   0   0   4   0   0  63  1.07 0.36
   71 P    1 -5 -1 -4 -2 -4 -4  0 -5 -6 -6 -4 -5 -6  8  2 -3 -6 -6 -5   10   0   3   0   1   0   0   6   0   0   0   0   0   0  66  14   0   0   0   0  1.78 0.49
   72 A    7 -5 -4 -5 -4 -4 -4  0 -5 -4 -5 -4 -3 -5 -4  0 -3 -6 -5 -3   89   0   0   0   0   0   0   6   0   0   0   0   1   0   0   4   0   0   0   1  1.62 0.51
   73 R   -4  6 -3 -4 -6  0 -3 -5  6 -6 -5  4 -4 -5 -5 -3 -4 -6 -2 -4    0  54   0   0   0   2   0   0  19   0   1  24   0   0   0   0   0   0   1   1  1.52 0.46
   74 K   -4 -1 -3 -4 -6 -2 -2 -5 -4 -4 -1  7  1 -6 -4 -3  1 -6 -5 -3    0   0   0   0   0   0   0   0   0   0   6  80   4   0   0   0   9   0   0   1  1.55 0.50
   75 F   -4 -5 -6 -7 -4 -5 -6 -6 -5 -1  6 -5 -1  5 -6 -5 -4 -1 -2 -2    0   0   0   0   0   0   0   0   0   2  73   0   0  25   0   0   0   1   0   0  1.45 0.44
   76 F   -2 -4 -4 -5 -4  1 -4 -5 -1  1  4 -4  3  3 -5 -3 -3 -2  4  0    2   0   0   0   0   8   0   0   1   5  41   0   7  13   0   1   0   0  16   5  0.64 0.26
   77 D   -5 -5 -2  8 -7 -3  2 -5 -4 -7 -7 -4 -6 -7 -5 -3 -3 -7 -3 -6    0   0   0  87   0   0  10   0   0   0   0   0   0   0   0   1   1   0   1   0  2.22 0.58
   78 I   -5 -7 -7 -7 -5 -6 -7 -7 -7  8 -2 -6 -2 -2 -6 -6 -4 -6 -5  0    0   0   0   0   0   0   0   0   0  98   0   0   0   1   0   0   0   0   0   1  2.31 0.60
   79 C   -2 -6 -6 -6  9 -5 -6 -6 -6 -1  2 -5 -2 -4 -5 -4 -3  0 -4  3    3   0   0   0  46   0   0   0   0   2  21   0   0   0   0   1   1   2   0  26  1.53 0.43
   80 R   -5  8 -3 -5 -7 -2 -3 -5 -4 -6 -6  4 -5 -6 -5 -4 -4 -6 -5 -6    0  79   0   0   0   0   0   0   0   0   0  20   0   0   0   0   0   0   0   0  2.08 0.56
   81 G    3 -2  0 -3 -2 -2 -2  1 -1 -4 -3  3 -3 -4 -3  3  0 -5 -4 -3   26   0   5   0   1   0   0  11   1   0   3  20   0   0   0  28   4   0   0   0  0.49 0.25
   82 L   -4 -5 -6 -6 -4 -5 -6 -6 -6  0  6 -5  2 -2 -6 -2 -4 -5 -4 -1    1   0   0   0   0   0   0   0   0   2  88   0   4   1   0   3   0   0   0   1  1.51 0.45
   83 P   -4 -5 -3 -5 -6 -3 -4 -3 -5 -6 -3 -4 -5 -7  8  0 -4 -7 -6 -6    0   0   1   0   0   1   0   2   0   0   4   0   0   0  85   7   0   0   0   0  2.47 0.60
   84 E    0 -3  0  6 -5 -2  4 -2 -3 -5 -6 -3 -5 -6 -2 -1 -2 -6 -5 -5    8   0   4  47   0   0  31   3   0   0   0   0   0   0   1   4   2   0   0   0  1.12 0.37
   85 G   -1 -2  1  2 -4  0  0  5 -1 -5 -4 -2 -1 -4 -3  1 -1 -5 -4 -4    3   1   7  13   0   3   5  47   1   0   0   1   2   0   0  11   2   0   0   0  0.71 0.26
   86 A    4 -3 -1 -3  0  0 -2 -1 -3 -3 -3 -3 -2 -4 -3  4  0 -5 -4 -2   40   0   2   0   2   4   1   4   0   1   1   0   0   0   0  37   5   0   0   2  0.72 0.31
   87 E   -2 -1  1  2 -4  3  4 -4 -2 -2 -1  0 -2 -4 -1 -1  1 -5 -4 -1    1   2   5  12   0  14  32   0   0   2   7   3   1   0   2   3  10   0   0   5  0.44 0.22
   88 I   -3 -6 -6 -6 -4 -5 -6 -6 -6  6  1 -5 -1 -3 -5 -5 -3 -5 -4  5    0   0   0   0   0   0   0   0   0  54   8   0   1   0   0   0   0   0   0  38  1.38 0.41
   89 A    0  1  1  0 -3  1  2 -2  0 -2 -2  1 -1 -3 -3  2  2 -4 -3 -1    5   6   8   5   0   6  13   1   2   1   3   8   2   0   0  20  16   0   0   5  0.25 0.15
   90 V   -3 -5 -5 -6 -3 -5 -5 -6 -5  3  4 -5  2  3 -5 -4 -3 -4 -2  2    1   0   0   0   0   0   0   0   0  18  52   0   3  13   0   0   0   0   0  14  0.91 0.30
   91 Q    0  0  0  1 -2  2  3 -2 -2 -3 -3  0 -2 -4 -3  2  2 -4 -2 -1    5   3   3   7   1   9  27   1   0   1   2   5   1   0   0  16  13   0   1   4  0.36 0.19
   92 L    0 -2 -2 -3 -3  1 -2 -2 -1  1  3 -2  0  1 -3  0  1  2  0  1    8   2   1   0   0   7   2   1   2   6  31   1   1   6   0   6   9   3   3  13  0.18 0.13
   93 E    0 -2  1  4 -4  2  3 -2  0 -4 -4  1 -4 -4 -3  1 -1 -5 -4 -4   10   0   7  26   0   8  22   2   2   0   0   8   0   0   0   9   3   0   0   0  0.54 0.22
   94 G    0 -3  1  4 -5  0  2  4 -2 -5 -5 -2 -3 -5 -2 -1 -2 -5 -5 -5    6   0   7  30   0   4  15  31   1   0   0   1   0   0   1   2   1   0   0   0  0.76 0.27
   95 E   -2 -2  4  4 -4  2  2  1  1 -5 -5  0 -3 -5 -3  0  0 -5 -4 -4    2   0  20  25   0   8  11  12   3   0   0   6   0   0   1   7   4   0   0   0  0.57 0.23
   96 R   -3  6 -2 -3 -6  2 -2 -4 -1 -4 -5  5 -2 -5 -4 -2 -2 -5 -4 -3    1  47   1   0   0   9   0   0   1   0   0  32   1   0   0   2   2   0   0   2  1.18 0.39
   97 M    1 -4 -5 -5  2 -4 -4 -3 -4  2  3 -4  5 -1 -4 -3 -2 -2 -3  2   13   0   0   0   5   0   0   1   0  10  36   0  19   1   0   0   1   1   0  14  0.65 0.26
   98 L   -1 -2 -1 -3 -3  1 -2 -3  1  2  2 -1  0 -2 -3  0  3 -3  0  1    4   1   3   0   0   7   0   1   5  11  20   4   1   0   0   6  22   0   3  12  0.21 0.15
   99 V   -3 -5 -6 -6 -3 -5 -5 -5 -6  4  3 -5 -1 -2 -5 -4 -3 -5 -4  5    0   0   0   0   0   0   0   0   0  28  29   0   0   0   0   0   0   0   0  42  1.06 0.34
  100 R   -1  4 -1 -3 -2  3 -1 -4 -1 -1 -3  4 -3 -4 -3  0  1 -5 -3 -1    4  28   1   0   1  13   1   0   1   5   1  26   0   0   0   7   8   0   0   3  0.56 0.25
  101 S    4 -4 -3 -4  1 -3 -3 -1 -4 -5 -4 -3 -4 -5 -4  5  0 -5 -4 -3   33   0   0   0   3   0   0   4   0   0   1   0   0   0   0  55   4   0   0   0  1.06 0.41
  102 G   -2 -5 -1 -2 -6 -5 -3  7 -4 -7 -6 -4 -6 -6 -2 -2 -3 -6 -6 -6    2   0   2   2   0   0   2  87   0   0   0   0   0   0   2   2   1   0   0   0  1.86 0.49
  103 R   -3  7  0 -4  0 -1 -3 -5  0 -6 -5  4 -4 -6 -5 -2 -2 -6 -4 -5    0  59   4   0   3   1   0   0   3   0   0  28   0   0   0   1   2   0   0   0  1.45 0.44
  104 S   -1 -4 -2 -4 -3 -3 -4 -1 -4 -5 -6 -4 -5 -6 -4  7 -1 -6 -5 -5    4   0   0   0   0   0   0   3   0   1   0   0   0   0   0  91   1   0   0   0  1.79 0.57
  105 R   -3  7 -1 -4 -6  0 -3 -5  0 -6 -5  3 -4 -6 -5 -2 -3 -6 -5 -6    1  75   3   0   0   3   0   0   2   0   0  13   0   0   0   3   0   0   0   0  1.74 0.49
  106 F   -6 -6 -7 -7 -6 -7 -7 -7 -4 -4 -3 -7 -4  9 -7 -6 -6 -2  3 -4    0   0   0   0   0   0   0   0   0   0   1   0   0  91   0   0   0   0   8   0  2.72 0.64
  107 S    1 -1  3 -2 -3  0 -1 -3 -3 -1 -3  0 -2 -4 -3  3  3 -5 -2 -1    9   2  14   0   0   4   2   0   0   5   1   4   1   0   0  29  25   0   1   4  0.45 0.24
  108 L   -5 -5 -7 -7 -4 -5 -6 -7 -6 -1  7 -6  0 -3 -6 -6 -4 -5 -4 -2    0   0   0   0   0   0   0   0   0   0  99   0   1   0   0   0   0   0   0   0  1.91 0.53
  109 S    2 -1 -2 -3 -4  5 -2  0 -2 -4 -4 -2 -2 -5  0  4  1 -5 -4 -3   14   3   0   0   0  33   0   5   1   0   0   0   1   0   5  30   7   0   0   1  0.72 0.33
  110 T   -1 -4 -3 -4  4 -4 -4 -5 -5 -2 -3 -4 -2 -5 -4  1  7 -6 -5 -1    3   0   0   0   8   0   0   0   0   2   1   0   1   0   0   7  75   0   0   4  1.50 0.49
  111 L   -5 -5 -7 -7 -4 -5 -6 -7 -6 -1  6 -6  0 -1 -6 -6 -4 -5 -4 -2    0   0   0   0   0   0   0   0   0   1  96   0   1   1   0   0   0   0   0   0  1.80 0.51
  112 P   -1 -5 -3 -2 -6 -4 -4 -5 -5 -6 -6 -4 -6 -7  8  1 -4 -7 -6 -6    5   0   1   2   0   0   0   0   0   0   0   0   0   0  81   9   0   0   0   0  2.38 0.59
  113 A    6 -2 -4 -3 -3 -1  0 -2 -4 -4 -4 -1 -3 -5 -2  0 -1 -5 -3 -1   71   2   0   0   0   2   6   1   0   0   0   2   0   0   2   6   2   0   1   4  0.96 0.37
  114 A    1 -2  2  3 -4  0  3  0 -2 -3 -3 -1 -3 -4 -2  2  1 -5 -4 -3   11   1   9  18   0   4  24   5   0   1   1   3   0   0   0  15   7   0   0   1  0.41 0.19
  115 D   -5 -4  1  7 -7 -3  3 -4  0 -6 -7 -3 -6 -7 -5 -2 -4 -7 -6 -6    0   0   7  71   0   0  19   0   2   0   0   0   0   0   0   1   0   0   0   0  1.78 0.49
  116 F   -6 -6 -6 -7 -6 -6 -6 -7 -4 -4 -3 -6 -4  9 -7 -6 -6  0  5 -4    0   0   0   0   0   0   0   0   0   0   0   0   0  79   0   0   0   1  20   0  2.51 0.60
  117 P   -5 -6 -6 -5 -7 -4 -5 -6 -6 -7 -7 -5 -6 -8  9 -5 -5 -8 -7 -6    0   0   0   0   0   1   0   0   0   0   0   0   0   0  99   0   0   0   0   0  3.29 0.74
  118 N   -1  0  4  1 -1 -1  0 -2 -1 -1  0 -1  0 -3 -3  0  1 -4 -2  1    4   4  26   9   1   1   6   1   1   3  10   3   2   0   0   6  12   0   1  12  0.24 0.15
  119 L   -3 -4 -5 -5 -3 -3 -4 -4  0  3  3 -4  5  1 -5 -2 -2 -4 -3  3    0   0   0   0   0   0   0   1   3  14  35   0  16   5   0   3   1   0   0  21  0.68 0.26
  120 D    1 -2  1  3 -4  1  4 -3 -1 -4 -3 -1 -1 -4  0  2  1 -5 -4 -3   12   0   6  14   0   4  29   0   1   0   2   1   2   0   3  14  10   0   0   0  0.45 0.21
  121 D    1 -2  0  3 -3  1  3 -1  0 -2 -2  0 -2 -4  0  1 -1 -4 -2 -2   13   0   3  21   0   6  22   4   2   2   3   3   0   0   4   8   3   0   1   3  0.32 0.16
  122 W    0 -2 -2  0 -2 -1  1  3 -2 -1 -3 -2 -2  0 -1  0 -1  7 -2 -2    8   1   1   5   1   3   9  23   0   6   1   1   1   5   3   9   4  18   0   2  0.45 0.20
  123 Q    0 -1  1  2 -4  4  4 -1  2 -3 -4  0 -3 -5  0  0  0 -5 -3 -3    6   1   6  13   0  19  27   4   4   1   1   4   0   0   5   6   4   0   0   1  0.47 0.21
  124 S    0 -2  0 -1 -1 -1 -1  1  1 -2  0 -2  0  2 -1  2  0  1  0 -1    8   0   4   3   1   1   4  13   4   1  10   1   3  14   3  19   3   2   3   3  0.11 0.10
  125 E   -1 -2  0  2 -3  1  3  1 -2 -1 -2 -1 -2 -4  1  1  1 -4 -3 -1    2   1   5  13   0   6  21  11   0   4   2   0   1   0   6  13   9   0   1   5  0.26 0.15
  126 V    1 -2 -1 -2 -2  0 -1 -2  4  1  0 -2  0  0 -1  0  1 -3 -1  2   11   0   3   2   0   3   3   1  13   8   8   1   1   3   3   7   9   0   1  20  0.14 0.12
  127 E    0  1  0  1 -1  2  3 -2  0 -3 -3  1 -3 -3 -3  2  1 -4 -2 -1    7   8   3   6   1  10  23   2   2   1   0   7   0   0   0  16   9   0   1   4  0.31 0.16
  128 F   -4 -6 -6 -6 -3 -6 -6 -6 -4  2  1 -6 -2  8 -6 -5 -4  1  0  2    0   0   0   0   0   0   0   0   0  10  12   0   0  62   0   0   0   1   1  13  1.49 0.42
  129 T    0  0  0 -1 -1  1  1 -2 -2 -3 -3  0 -2 -2 -2  3  3 -4 -1 -1    7   4   3   2   1   7  12   2   0   0   1   5   0   2   0  24  23   0   1   5  0.31 0.19
  130 L   -3 -5 -5 -6  0 -4 -5 -6 -5  4  4 -5  3 -2 -5 -4 -2 -4 -3  3    0   0   0   0   1   0   0   0   0  25  49   0   7   0   0   0   1   0   0  16  0.96 0.31
  131 P    0 -3  0  0 -4  0  1 -2 -3 -4 -3  0 -3 -5  5  2  2 -5 -4 -3    7   0   3   5   0   3   7   1   0   0   1   6   0   0  34  17  14   0   0   1  0.73 0.27
  132 Q    2  0 -3 -3 -3  7  1 -3 -3 -5 -4 -1 -4 -6 -2  0 -2 -5 -4 -5   16   3   0   0   1  60   6   1   0   0   1   2   0   0   2   5   2   0   0   0  1.23 0.44
  133 A    2  1  1  0 -3  0  0  1  0 -3 -3  2 -3 -3 -2  1 -1 -4 -3 -2   18   9   6   4   0   2   7  13   2   1   2  19   0   1   0  14   2   0   0   1  0.27 0.15
  134 T    0 -1 -1  2 -3  1  2 -2 -1  0 -2  0 -2 -3 -2  0  2 -4 -2  0    9   2   1  14   0   5  17   2   1   8   3   5   1   0   1   4  19   0   1   7  0.22 0.14
  135 M   -4 -5 -6 -6 -4 -5 -6 -6 -5  0  6 -5  2  3 -6 -5 -3 -4 -3 -1    0   0   0   0   0   0   0   0   0   3  79   0   3  12   0   0   0   0   0   2  1.37 0.41
  136 K   -1  5 -3 -4 -6 -1 -2 -3 -3 -4 -4  6 -4 -6 -4 -2 -4 -6 -5 -5    4  29   0   0   0   1   0   1   0   1   2  61   0   0   0   1   0   0   0   0  1.43 0.45
  137 R   -1  5  0  0 -4  2  0 -1  4 -5 -4  2 -1 -4 -3  0 -1 -2 -3 -4    4  33   5   6   0   8   5   4  10   0   0  14   2   0   0   5   2   1   0   0  0.57 0.23
  138 L   -1 -5 -6 -6 -4 -3 -5 -5 -5  0  6 -5  4 -2 -5 -5 -4 -4 -4 -1    4   0   0   0   0   1   0   1   0   3  78   0  10   0   0   0   0   0   0   2  1.31 0.41
  139 I   -4 -5 -6 -6 -4 -5 -6 -6 -6  6  3 -5  1  2 -6 -5 -4 -4 -3  0    0   0   0   0   0   0   0   0   0  57  30   0   3   9   0   0   0   0   0   2  1.25 0.38
  140 E   -1 -3  1  5 -5  0  4  0  0 -5 -4 -1 -4 -4 -4  1 -3 -5 -3 -5    4   0   5  35   0   2  34   6   2   0   1   2   0   0   0   8   0   0   1   0  0.85 0.31
  141 A    1  3 -2 -2  1  2 -1 -3 -2 -4 -2  4  2 -4 -3  1 -2 -4 -2 -3   10  19   1   1   3  12   1   1   0   0   3  29   8   0   0  11   1   0   1   0  0.50 0.24
  142 T   -3 -5 -4 -5 -4 -4 -4 -5 -5 -2 -4 -4 -3 -5 -5 -2  7 -6 -5  3    1   0   0   0   0   0   0   0   0   1   0   0   0   0   0   0  75   0   0  22  1.65 0.53
  143 Q    1  1 -2 -3 -4  5 -1 -1  5 -3 -4 -1 -2 -4 -4  1 -3 -4  0 -2   13   9   0   0   0  36   1   4  14   1   1   1   1   0   0  13   0   0   4   2  0.69 0.31
  144 F   -6 -6 -7 -7 -6 -7 -7 -7 -3 -4 -3 -7 -4  9 -7 -6 -6 -2  3 -4    0   0   0   0   0   0   0   0   0   0   0   0   0  93   0   0   0   0   7   0  2.78 0.65
  145 S    5 -4 -4 -4  3 -3 -4 -3 -4 -5 -5 -3 -4 -5 -4  4 -2 -6 -5 -3   61   0   0   0   6   0   0   0   0   0   0   0   0   0   0  33   0   0   0   0  1.27 0.45
  146 M   -5 -5 -6 -7 -5 -4 -6 -7 -6  4 -2 -5 10 -4 -6 -5 -4 -5 -5 -1    0   0   0   0   0   0   0   0   0  20   0   0  77   0   0   0   0   0   0   3  2.51 0.66
  147 A    6 -4 -4 -4 -3 -4 -4  0 -4 -5 -5 -4 -4 -5 -2  3 -3 -6 -5 -3   73   0   0   0   0   0   0   5   0   0   0   0   0   0   2  20   0   0   0   0  1.32 0.45
  148 H   -3 -2  3 -3 -4  5 -2 -4  4 -3 -4  0 -3 -5 -4  0  3 -5 -2  0    1   0  16   0   0  36   0   0  10   1   1   3   0   0   0   4  18   0   1   9  0.78 0.34
  149 Q   -4 -3 -2 -3 -7  8  3 -5  0 -6 -6 -2 -4 -7 -5 -4 -4 -6 -5 -6    0   0   1   1   0  76  20   0   2   0   0   0   0   0   0   0   0   0   0   0  2.08 0.61
  150 D   -5 -5 -2  8 -7 -3  3 -5 -4 -7 -7 -4 -6 -7 -5 -3 -4 -7 -6 -6    0   0   0  80   0   0  20   0   0   0   0   0   0   0   0   0   0   0   0   0  2.16 0.57
  151 V   -1 -5 -5 -5 -3 -4 -5 -5 -5  4 -2 -4 -2 -3 -5 -3  3 -5 -4  5    4   0   0   0   0   0   0   0   0  22   0   0   0   0   0   0  20   0   0  54  1.09 0.38
  152 R   -5  9 -4 -5 -7 -3 -4 -6 -4 -7 -6 -1 -5 -7 -6 -4 -5 -7 -5 -6    0 100   0   0   0   0   0   0   0   0   0   0   0   0   0   0   0   0   0   0  2.72 0.68
  153 Y   -6 -5 -6 -7 -6 -2 -6 -7  1 -5 -5 -6 -5  2 -7 -5 -5 -2 10 -5    0   0   0   0   0   2   0   0   3   0   0   0   0   5   0   0   0   0  90   0  2.89 0.70
  154 Y   -6 -6 -6 -7 -2 -5 -6 -7 -2 -5 -5 -6 -5  2 -7 -4 -5 -2 10 -5    0   0   0   0   1   0   0   0   0   0   0   0   0   4   0   1   0   0  94   0  3.04 0.72
  155 L   -5 -5 -7 -7 -5 -5 -6 -7 -6 -1  7 -6 -1 -3 -6 -6 -4 -5 -4 -2    0   0   0   0   0   0   0   0   0   0 100   0   0   0   0   0   0   0   0   0  1.94 0.54
  156 N   -5 -4  9 -2 -6 -4 -4 -4 -1 -7 -7 -4 -6 -7 -6 -3 -1 -8 -6 -7    0   0  96   0   0   0   0   0   1   0   0   0   0   0   0   0   3   0   0   0  2.66 0.68
  157 G   -2 -6 -4 -5 -6 -5 -6  8 -6 -7 -7 -5 -6 -7 -6 -4 -5 -6 -7 -7    1   0   0   0   0   0   0  99   0   0   0   0   0   0   0   0   0   0   0   0  2.46 0.59
  158 M   -3 -5 -5 -6 -4 -4 -5 -6 -5  4  4 -5  8 -3 -5 -4 -1 -5 -4  0    1   0   0   0   0   0   0   0   0  23  33   0  38   0   0   0   3   0   0   2  1.28 0.40
  159 L   -4 -4 -5 -6 -4 -4 -5 -6 -2 -1  5 -2  1  2 -5 -2 -4 -3  4 -2    0   0   0   0   0   0   0   0   1   0  69   3   2   7   0   4   0   0  14   0  1.08 0.37
  160 F   -4 -5 -6 -6 -4 -5 -6 -6 -5 -1  5 -5  2  6 -6 -5 -4  2 -1 -1    0   0   0   0   0   0   0   0   0   2  53   0   6  35   0   0   0   3   0   2  1.27 0.39
  161 E   -2 -3 -2  0 -5  0  6 -5  6 -2 -3 -2 -4 -5 -4 -2 -3 -5 -3  1    2   0   1   5   0   3  51   0  20   2   2   1   0   0   0   1   0   0   0  13  1.04 0.38
  162 T    1 -2 -3 -4 -2 -3 -4 -4 -4  3  1 -2  0  1 -4 -1  3 -2 -3  3   11   1   0   0   0   0   0   0   0  16  11   1   2   6   0   1  24   0   0  26  0.44 0.21
  163 E   -1  0  0  3 -2  0  4 -1  0 -1 -3  0 -3 -4 -3  1  0 -4 -3 -1    5   4   3  17   1   2  29   5   2   6   1   6   0   0   0  11   5   0   0   4  0.34 0.17
  164 G    0 -3  2  3 -4  0  2  4 -1 -5 -5 -1 -4 -5  1 -1 -2 -5 -4 -4    7   0  11  15   0   3  12  35   1   0   0   2   0   0   7   4   1   0   0   1  0.59 0.23
  165 E    0 -1  4  1 -4  1  1  3  1 -4 -4  1 -3 -4 -2  1  0 -4 -3 -4    5   2  23   7   0   6   7  20   3   0   1   9   0   0   1  11   5   0   1   0  0.41 0.18
  166 E   -1  1  0 -1  0  2  1 -1  0 -1 -1  2  1 -3 -2  0  1 -3 -2  0    4   7   3   1   2  12  11   3   2   3   6  14   5   0   0   8  11   0   1   7  0.13 0.10
  167 L   -3 -5 -6 -6 -4 -5 -5 -6 -5  3  5 -5  2  0 -5 -5 -4 -4 -3  1    1   0   0   0   0   0   0   0   0  13  72   0   4   3   0   0   0   0   0   8  1.19 0.37
  168 R   -3  7 -1 -4 -2  0 -3 -5  1 -2 -4  2 -2 -4 -5 -1 -1 -5  0 -3    1  65   2   0   1   2   0   0   3   3   0  10   1   0   0   5   3   0   3   2  1.22 0.40
  169 T    4 -4 -3 -4  2 -3 -3 -3 -4 -1  1 -3  1 -3 -3  0  3 -5 -4  0   44   0   0   0   4   0   0   1   0   2  13   0   3   0   0   6  21   0   0   6  0.58 0.28
  170 V   -2 -6 -6 -7 -4 -6 -6 -6 -6  1 -2 -6 -2 -4 -6 -5 -3 -6 -4  7    2   0   0   0   0   0   0   0   0   4   2   0   0   0   0   0   0   0   0  92  1.91 0.54
  171 A    7 -5 -5 -5 -4 -4 -4 -1 -5 -5 -5 -4 -4 -6 -4 -1 -1 -6 -5 -3   91   0   0   0   0   0   0   4   0   0   0   0   0   0   0   3   2   0   0   0  1.70 0.53
  172 T   -4 -5 -4 -5 -4 -4 -4 -5 -5 -4 -5 -4 -4 -6 -5  0  8 -6 -5 -4    0   0   0   0   0   0   0   0   0   0   0   0   0   0   0   4  96   0   0   0  2.28 0.65
  173 D   -5 -5 -2  8 -7 -4 -2 -5 -5 -7 -7 -4 -7 -7 -5 -4 -5 -8 -7 -7    0   0   0  99   0   0   1   0   0   0   0   0   0   0   0   0   0   0   0   0  2.73 0.66
  174 G   -3 -6 -4 -5 -6 -5 -6  8 -6 -7 -7 -5 -6 -7 -6 -4 -5 -6 -7 -7    0   0   0   0   0   0   0 100   0   0   0   0   0   0   0   0   0   0   0   0  2.51 0.60
  175 H   -6 -4 -3 -5 -7 -4 -4 -6 11 -7 -7 -5 -6 -5 -6 -5 -6 -6  1 -6    0   0   0   0   0   0   0   0  96   0   0   0   0   0   0   0   0   0   3   0  3.57 0.79
  176 R   -5  9 -4 -5 -7 -3 -4 -6 -4 -7 -6 -1 -5 -7 -6 -4 -5 -7 -5 -6    0 100   0   0   0   0   0   0   0   0   0   0   0   0   0   0   0   0   0   0  2.72 0.68
  177 L   -5 -5 -7 -7 -4 -5 -6 -7 -6 -1  6 -6  2 -3 -6 -6 -4 -5 -4 -2    0   0   0   0   0   0   0   0   0   0  95   0   5   0   0   0   0   0   0   0  1.82 0.51
  178 A    7 -5 -4 -5 -4 -4 -4 -1 -5 -5 -5 -4 -4 -5 -4  1 -3 -6 -5 -3   88   0   0   0   0   0   0   4   0   0   0   0   0   0   0   8   0   0   0   0  1.63 0.51
  179 V   -2  1 -3 -4 -2  0 -3 -4  0  1  2 -1  3  3 -4 -2 -1 -2  2  1    1  10   0   0   1   6   0   0   2   6  23   2   9  14   0   1   4   0   7  13  0.30 0.16
  180 C    3 -4 -1 -4  7 -3 -4 -2 -2 -2 -3 -3 -3  0 -4  2  0 -4  0  1   28   0   3   0  26   0   0   2   1   1   1   1   0   4   0  15   5   0   4   9  0.68 0.28
  181 S    0 -1 -1  1 -1  2  3 -2  2 -3 -3  0 -3 -4 -3  2  2 -4 -3 -2    7   2   2   8   1  10  23   1   5   0   1   3   0   0   0  22  12   0   0   2  0.39 0.20
  182 M    0  0 -2 -1 -1 -1 -1 -3 -1  2  1 -2  4 -1 -3 -1  2 -4 -2  1    9   5   1   4   1   1   3   0   1  14  12   1  14   2   0   3  16   0   0  12  0.19 0.14
  183 P    1 -2  0  2 -3  0  2 -2 -2 -2 -1  0 -1 -3  3  0  1 -4 -2 -1   12   1   3  12   0   4  19   1   1   1   5   4   1   1  17   4  10   0   1   4  0.31 0.15
  184 I    2 -2 -3 -4 -1 -2 -3 -3 -3  2  3 -2  1 -1 -3 -2  0 -4 -2  1   19   2   0   0   1   1   1   1   0  15  38   1   3   1   0   1   7   0   0   8  0.37 0.19
  185 G    0 -2  1  3 -4  0  3  1 -3 -4 -4  0 -4 -5  4  0 -1 -2 -4 -3    6   0   7  17   0   4  19  10   0   0   0   5   0   0  22   6   2   1   0   1  0.55 0.21
  186 Q    1 -2  0  0 -3  3  2  0  0 -1 -2  0 -1 -3 -2  1  1 -4 -2  0   15   0   3   4   0  16  15   8   2   4   3   4   1   0   1   9   8   0   0   8  0.19 0.13
  187 S    0 -2  1  1 -3  0  1  3 -1 -2 -3 -1 -3 -2  1  1  0 -4 -3 -1    8   0   6   8   0   3  12  24   1   2   2   2   0   2   7  13   6   0   0   3  0.25 0.13
  188 L    1 -2 -2 -1 -1  0 -1 -1 -2  1  2 -2  0  0 -3  0  0 -3 -1  1   18   1   1   3   1   5   3   3   1   6  24   1   2   5   0   6   7   0   2  12  0.11 0.10
  189 P    1 -3 -2  1 -4  1  3  1 -2 -3 -4 -1 -4 -5  4  0 -1 -5 -4 -3   14   0   1   8   0   6  24   9   1   1   0   1   0   0  23   6   3   0   0   1  0.56 0.23
  190 S    0  1  1  0 -1  1  1  2  0 -3 -3  2 -2 -3  0  1  0 -4 -1 -3    6  10   6   4   1   5   8  17   2   1   1  15   1   0   3  11   6   0   2   1  0.22 0.11
  191 H    0  2 -2 -2 -2  3 -2 -4  4 -4 -3  1 -2  0  4 -2 -1 -4 -1 -3    8  14   1   1   1  17   0   0  11   0   1  10   1   5  21   1   4   0   2   2  0.53 0.23
  192 S   -1 -1 -2  0 -5  5  3  2 -3 -5 -5 -1 -4 -5 -4  2 -3 -5 -4 -5    2   2   0   5   0  36  20  16   0   0   0   2   0   0   0  16   0   0   0   0  0.81 0.33
  193 V    0 -5 -5 -6 -3 -5 -5 -5 -6  4  0 -5 -1 -3 -4 -3 -2 -1 -4  6    7   0   0   0   0   0   0   0   0  26   5   0   0   0   0   1   0   1   0  58  1.13 0.37
  194 I   -5 -7 -7 -7 -5 -6 -7 -7 -7  8 -2 -6 -2 -4 -6 -6 -4 -6 -5  0    0   0   0   0   0   0   0   0   0  98   0   0   0   0   0   0   0   0   0   2  2.35 0.60
  195 V   -3 -5 -6 -6 -3 -5 -5 -6 -6  4  3 -5  1 -2 -5 -4 -3 -5 -4  5    0   0   0   0   0   0   0   0   0  29  25   0   2   0   0   0   0   0   0  44  1.08 0.34
  196 P   -5 -6 -6 -5 -7 -5 -5 -6 -6 -7 -7 -5 -6 -8  9 -4 -2 -8 -7 -6    0   0   0   0   0   0   0   0   0   0   0   0   0   0  98   0   2   0   0   0  3.18 0.72
  197 R   -5  8 -3 -5 -7 -2 -3 -6 -4 -7 -6 -1 -5 -7 -6 -3 -5 -6 -5 -6    0  97   0   0   0   0   1   0   0   0   0   0   0   0   0   2   0   0   0   0  2.57 0.65
  198 K   -4 -1 -4 -4 -7 -2 -3 -5 -4 -6 -6  8 -5 -7 -5 -4 -4 -7 -5 -6    0   1   0   0   0   0   0   0   0   0   0  99   0   0   0   0   0   0   0   0  2.38 0.64
  199 G    2 -4 -3 -4  1 -4 -4  5 -4 -4 -5 -4 -4 -3 -3 -1  4 -5 -5 -3   18   0   0   0   3   0   0  41   0   0   0   0   0   1   0   2  35   0   0   1  0.98 0.36
  200 V   -3 -6 -6 -6 -4 -5 -6 -6 -6  4 -2 -5 -2 -4 -6 -5 -3 -6 -4  7    1   0   0   0   0   0   0   0   0  22   0   0   0   0   0   0   0   0   0  77  1.68 0.49
  201 I   -1 -3 -1 -2 -3  1 -3  1 -3  2  4 -3  2 -1 -4 -2 -1 -4 -2  0    5   0   3   2   0   8   0  11   0  15  42   0   4   2   0   1   4   0   0   4  0.36 0.19
  202 E   -4 -4 -4 -2 -7  0  8 -6 -4 -7 -7 -3 -6 -7 -5 -4 -4 -7 -6 -6    0   0   0   0   0   2  98   0   0   0   0   0   0   0   0   0   0   0   0   0  2.41 0.65
  203 L   -3 -5 -6 -6 -2 -5 -6 -6 -6  2  6 -5  1 -2 -6 -5 -4 -3 -4  0    1   0   0   0   1   0   0   0   0  11  79   0   3   0   0   0   0   0   0   5  1.33 0.40
  204 M    1  1  0 -3 -3  4 -1 -2 -2 -1  0 -1  2 -1 -3  1 -2 -3  0  0   11  10   3   0   0  25   0   2   0   4   8   2   8   2   1  11   0   0   4   9  0.25 0.18
  205 R   -4  7 -3 -5 -7 -2 -3 -4 -2 -6 -6  4 -5 -6 -5 -4 -4 -6 -5 -6    0  69   0   0   0   0   0   1   1   0   0  29   0   0   0   0   0   0   0   0  1.89 0.53
  206 M   -4 -5 -6 -7 -4 -1 -6 -7 -6  0  6 -5  1 -3 -6 -5 -4 -5 -4 -2    0   0   0   0   0   3   0   0   0   2  92   0   3   0   0   0   0   0   0   0  1.66 0.48
  207 L   -3 -5 -6 -6 -4 -5 -6 -6 -6  1  6 -5  1 -1 -6 -5 -4 -4 -3  0    1   0   0   0   0   0   0   0   0   7  82   0   3   2   0   0   0   0   0   5  1.38 0.41
  208 D    0 -3  2  5 -4  0  3  0 -1 -4 -4 -1 -3 -5 -3  1 -1 -5 -4 -3    6   0  10  31   0   4  24   6   1   1   0   1   0   0   1  11   4   0   0   1  0.62 0.25
  209 G    0 -2  2  5 -4 -1  2  0 -1 -1 -4 -2 -3 -5 -1  0 -2 -5 -3 -2    7   2   8  41   0   1  15   6   2   5   0   1   0   0   2   7   1   0   1   2  0.61 0.24
  210 G    0 -2  1  1 -2 -1  1  1 -2 -3 -3  0 -3 -3  3  3  1 -4 -3 -1    7   1   6   7   1   2   8  10   0   1   1   4   0   1  13  26   9   0   0   3  0.31 0.16
  211 D   -2 -2 -1  6 -6  0  4 -1 -3 -5 -6 -1 -5 -6 -4 -1 -2 -6 -5 -4    2   2   2  52   0   2  27   3   0   1   0   2   0   0   0   3   2   0   0   1  1.17 0.37
  212 N    1 -1  0  3 -4  2  4  2 -1 -3 -3 -1 -2 -5 -3 -1  0 -5 -4 -2   12   1   4  16   0   9  28  15   1   1   2   2   1   0   0   2   5   0   0   2  0.43 0.20
  213 P    0 -2 -1  2 -4  0  2 -3 -2 -2  0 -1  0 -3  4  0  0 -4 -3 -2    7   1   3  10   0   4  16   1   0   2  10   2   2   0  25   8   5   0   1   2  0.41 0.18
  214 L   -1 -5 -5 -6 -2 -5 -5 -6 -6  4  1 -5 -1 -3 -5 -4 -2 -5 -4  6    6   0   0   0   0   0   0   0   0  21  14   0   0   0   0   0   1   0   0  58  1.10 0.36
  215 R   -1  2  0  0  0  1  2 -2 -1 -3 -2  2 -3 -3 -3  1  2 -4 -3 -2    4  13   4   4   3   7  17   1   1   0   2  12   0   0   0  11  19   0   0   2  0.32 0.17
  216 V   -3 -5 -5 -6 -3 -5 -5 -6 -5  5  3 -5  3 -1 -5 -4 -3 -5 -3  4    0   0   0   0   0   0   0   0   0  31  31   0   6   1   0   0   0   0   0  30  0.97 0.31
  217 Q    0  0 -2  1 -3  4  3 -2 -1 -2 -1  0 -2 -3 -3  1  0 -4 -3 -1    6   5   0   7   0  20  26   1   1   1   5   3   0   1   0  13   5   0   0   6  0.38 0.20
  218 I   -3 -5 -5 -6 -3 -5 -5 -6 -5  5  3 -5  1  3 -5 -4 -2 -4 -1  2    0   0   0   0   0   0   0   0   0  32  33   0   2  15   0   0   1   0   1  16  0.85 0.28
  219 G    1 -4 -1 -3 -2 -3 -3  5 -4 -4 -2 -3 -3 -3 -4  4 -1 -5 -4 -4   13   0   3   1   1   0   0  42   0   1   4   0   0   1   0  32   2   0   0   0  0.83 0.32
  220 S    1  0  2  2 -3  2  2 -1 -2 -4 -4  1 -3 -4  1  2  1 -4 -3 -3   10   5   9  12   0   8  12   4   0   0   0   8   0   0   6  19   7   0   0   0  0.32 0.16
  221 N   -1 -1  7 -1 -5  0 -1 -1  1 -5 -5 -1 -3 -5 -4  1  2 -6 -4 -5    5   2  55   1   0   3   2   4   3   0   0   3   0   0   0  11  11   0   0   0  1.03 0.36
  222 N   -3 -1  3 -3 -5  5 -2 -4  6 -5 -3  3 -4 -2 -4  0 -2 -5 -1 -5    1   1  17   0   0  25   0   0  24   0   2  21   0   2   0   5   1   0   2   0  0.96 0.36
  223 I    0 -5 -5 -6 -3 -5 -5 -5 -5  6  2 -5  0  0 -5 -4 -3 -5 -3  3    7   0   0   0   0   0   0   0   0  49  17   0   2   3   0   0   0   0   0  22  0.98 0.32
  224 R   -4  7  0 -4 -2 -1 -2 -4 -2 -6 -5  3 -4 -6 -5 -3 -3 -6 -4 -2    0  74   3   0   1   1   1   1   0   0   0  13   0   0   0   1   1   0   0   3  1.65 0.48
  225 A    2 -5 -5 -5 -4 -4 -5 -5 -4  3  0 -4  0  6 -5 -3 -3 -3 -1  3   19   0   0   0   0   0   0   0   0  15   7   0   2  38   0   0   1   0   0  19  0.83 0.30
  226 H    0  1 -1 -1  0  0  1 -1  2 -1 -2  0 -2 -1 -3  2  3 -3  0 -1    6   7   2   2   2   4   9   3   7   3   1   6   0   2   0  14  24   0   4   4  0.20 0.14
  227 V   -2 -2 -3 -2  1 -4 -4 -2 -3  2  1 -4  0  5 -4 -1  1 -1  0  2    1   2   0   2   3   0   0   3   0  14  13   0   2  29   0   3  11   1   1  15  0.44 0.20
  228 G    0 -2  2  1 -4  0  0  5 -2 -5 -5 -1 -3 -4  0  1 -2 -5 -4 -4    7   2  12   7   0   4   6  43   1   0   0   2   0   0   5  10   2   0   0   0  0.61 0.23
  229 D   -1 -2  3  5 -4  1  1  2  0 -5 -5 -2 -3 -5 -2  1  0 -5 -4 -4    4   2  16  32   0   7   9  13   2   0   0   0   0   0   1  10   4   0   0   0  0.61 0.24
  230 F    0 -4 -3 -5 -3 -4 -4 -4 -3  3  1 -4  2  4 -4 -2  0 -3  2  3    8   0   1   0   0   0   0   0   0  15  11   0   6  21   0   1   6   0   7  25  0.51 0.21
  231 I   -2  0 -3 -3 -2 -2  2 -4 -1  3 -2 -2 -1 -3 -4  0  3 -5 -3  4    1   6   0   0   1   0  15   0   1  17   1   1   1   0   0   5  18   0   0  32  0.46 0.24
  232 F   -5 -5 -6 -7 -5 -6 -6 -6 -5  0  3 -6  2  7 -6 -5 -5 -3 -1 -2    0   0   0   0   0   0   0   0   0   3  33   0   4  58   0   0   0   0   0   2  1.58 0.44
  233 T   -3 -3 -2 -4 -4 -4 -4 -5 -5  2 -3 -4 -3 -5 -4  0  7 -6 -4  2    1   1   1   0   0   0   0   0   0  12   0   0   0   0   0   4  69   0   0  12  1.35 0.46
  234 S    0 -4 -3 -4  1 -3 -3 -4 -4 -5 -5 -3 -4 -6 -4  7  3 -6 -5 -4    5   0   0   0   2   0   0   0   0   0   0   0   0   0   0  78  14   0   0   1  1.51 0.51
  235 K   -4 -1 -2 -4 -7  0 -3 -5 -4 -6 -6  8 -5 -7 -5 -4 -4 -7 -5 -5    0   0   2   0   0   3   0   0   0   0   0  95   0   0   0   0   0   0   0   1  2.19 0.61
  236 L   -4 -3 -6 -7 -4 -5 -6 -7 -6  0  6 -5 -1 -2 -6 -5 -4 -5 -4  1    0   1   0   0   0   0   0   0   0   3  88   0   0   0   0   0   0   0   0   8  1.53 0.45
  237 V   -4 -6 -6 -6 -4 -5 -6 -7 -6  6 -1 -5 -2 -3 -6 -5 -3 -6 -4  5    0   0   0   0   0   0   0   0   0  57   2   0   0   0   0   0   0   0   0  40  1.57 0.45
  238 D   -5 -4 -1  8 -7 -3  3 -5 -4 -6 -7 -3 -6 -7 -5 -2 -4 -7 -6 -6    0   0   2  77   0   0  20   0   0   0   0   0   0   0   0   2   0   0   0   0  2.01 0.54
  239 G    0 -6 -4 -5 -6 -5 -5  7 -5 -7 -7 -5 -6 -6 -5 -2 -5 -6 -6 -6    5   0   0   0   0   0   0  94   0   0   0   0   0   0   0   1   0   0   0   0  2.23 0.55
  240 R   -2  5 -1 -3 -2  1 -2 -4 -3 -5 -5  5 -4 -5 -4 -1  2 -5 -4 -3    2  31   1   0   1   5   0   0   0   0   0  39   0   0   0   2  16   0   0   2  0.97 0.35
  241 F   -6 -6 -7 -7 -6 -7 -7 -7 -4 -4 -3 -7 -4  9 -7 -6 -6 -2  3 -4    0   0   0   0   0   0   0   0   0   0   0   0   0  91   0   0   0   0   9   0  2.74 0.64
  242 P   -5 -6 -6 -5 -7 -5 -5 -6 -6 -7 -7 -5 -6 -8  9 -5 -5 -8 -7 -6    0   0   0   0   0   0   0   0   0   0   0   0   0   0 100   0   0   0   0   0  3.32 0.74
  243 D   -5 -5  1  8 -7 -3  0 -5 -4 -7 -7 -4 -6 -7 -5 -3 -4 -8 -6 -7    0   0   6  89   0   0   4   0   0   0   0   0   0   0   0   1   0   0   0   0  2.32 0.59
  244 Y   -6 -6 -6 -7 -1 -5 -6 -7 -1 -5 -4 -6 -5  4 -7 -5 -5  1  9 -5    0   0   0   0   1   0   0   0   0   0   0   0   0  12   0   0   0   1  85   0  2.76 0.67
  245 R   -2  4  3  0 -5  3  3  0  1 -5 -3  0 -2 -5 -3 -1  0 -5 -3 -4    1  22  17   3   0  13  20   7   4   0   2   4   1   0   0   4   4   0   0   0  0.52 0.23
  246 R   -2  8 -2 -3 -6 -2 -3 -4 -4 -6 -5  1 -5 -6 -5 -1 -4 -6 -5 -6    3  83   1   1   0   0   0   1   0   0   0   7   0   0   0   4   0   0   0   0  1.93 0.54
  247 V   -3 -6 -6 -7 -4 -6 -6 -7 -7  0 -2 -6 -2 -4 -6 -5 -3 -6 -5  7    0   0   0   0   0   0   0   0   0   2   2   0   0   0   0   0   0   0   0  95  2.02 0.56
  248 L   -4 -5 -6 -6 -4 -5 -6 -6 -6  7  3 -5  1  2 -6 -5 -3 -5 -3  1    0   0   0   0   0   0   0   0   0  63  24   0   2   7   0   0   0   0   0   4  1.32 0.39
  249 P   -4 -6 -4 -5 -6 -3 -5 -6 -2 -4 -3 -5 -6 -7  9 -4 -5 -7 -6 -6    0   0   1   0   0   1   0   0   1   1   3   0   0   0  93   0   0   0   0   0  2.87 0.67
  250 K   -1  3 -1 -2 -4  3  0 -3 -1 -2 -1  4 -2 -4 -3  0  1 -4 -3 -1    4  19   1   1   0  13   2   1   1   2   6  29   1   0   0   4  12   0   0   4  0.45 0.22
  251 N   -1 -1  4  2 -4  0 -1  4  0 -5 -5 -1 -4 -5 -3  0 -1 -5 -4 -5    3   3  27  10   0   4   3  35   2   0   0   3   0   0   1   5   3   0   0   0  0.71 0.26
  252 P    0 -3  4 -2 -1 -2 -3  3  3 -3 -2 -1 -3 -1  1  0 -1 -3  2 -3    7   0  27   0   1   1   0  20   9   1   3   3   0   2   7   5   3   0  10   1  0.44 0.22
  253 D   -2 -2  2  6 -3  1  1 -2 -1 -5 -4  1 -3 -4 -1 -1  1 -6 -4 -5    2   1   8  50   1   5   5   2   1   0   1   9   1   1   3   1   9   0   0   0  0.85 0.30
  254 K   -4  3  3 -2 -6 -1 -2 -3  1 -3 -5  6 -4 -6 -4 -2 -2 -6 -4 -4    0  12  17   1   0   1   0   1   3   2   0  61   0   0   0   1   1   0   0   1  1.21 0.41
  255 H   -1 -1 -1 -2 -1  1  1 -2  2  2  0  0  0 -1 -1  0  1 -3 -1  1    4   3   1   0   1   6   9   2   8  17   8   5   2   2   2   7  10   0   1  12  0.09 0.09
  256 L   -1 -4 -5 -5 -3 -4 -5 -5 -4  2  3 -4  3  4 -5 -4 -2 -3 -2  3    6   0   0   0   0   0   0   0   0  11  34   0   7  17   0   0   0   0   0  24  0.71 0.26
  257 E   -2  0  0  0 -3  1  2 -3  0  2  0  0  0 -2 -2 -1  2 -3 -2  1    1   5   4   4   0   5  17   0   2  14  10   5   1   1   0   4  14   0   0  12  0.15 0.12
  258 A    3 -4 -4 -4 -2 -4 -4  0 -4  3  1 -4  0 -1 -4 -2 -1 -4 -3  3   25   0   0   0   0   0   0   6   0  21  16   0   1   1   0   2   3   0   0  25  0.48 0.22
  259 G   -2 -2  3  5 -5  0  2  1 -1 -5 -5 -1 -4 -5 -2  1 -3 -6 -4 -5    3   1  15  39   0   2  13  12   1   0   0   2   0   0   1   9   0   0   0   0  0.78 0.28
  260 C   -3  7  0 -4  5 -2 -3 -4  1 -5 -5  2 -4 -5 -2 -2 -2  1 -4 -4    1  59   4   0  15   0   0   0   3   0   0   9   0   0   2   2   3   2   0   0  1.30 0.41
  261 D    1 -1  0  4 -4  2  3 -1 -1 -3 -1  1 -2 -4 -2 -1  0 -4 -3 -2   12   1   2  24   0  12  19   3   1   1   6   7   1   0   1   3   5   0   0   2  0.37 0.18
  262 L    1 -1 -1  0 -2  0  2 -2 -1  0  1 -1  0 -2  1  0  1  0 -2  1   13   2   1   6   0   4  15   2   1   6  17   0   2   0   6   7   9   1   1   9  0.10 0.09
  263 L   -4 -5 -6 -6 -4 -5 -6 -6 -5  0  5 -5  0  5 -6 -5 -4 -3 -2 -1    0   0   0   0   0   0   0   0   0   3  65   0   2  28   0   0   0   0   0   2  1.35 0.41
  264 K    0  4 -3 -3 -4  2 -1 -4 -2 -3  1  5 -1 -3 -4 -1 -2 -5 -4 -3   10  22   0   0   0   8   2   0   0   1  14  37   1   1   0   4   0   0   0   1  0.62 0.27
  265 Q    1  1 -1  0 -5  6  1  0  0 -5 -3  1 -3 -5 -3  1 -2 -5 -4 -4   10   7   2   4   0  44   7   8   2   0   2   5   0   0   0   9   1   0   0   0  0.71 0.30
  266 A    6 -4 -4 -4 -1 -3 -4 -1 -4 -3 -4 -3 -3 -5 -4  3 -1 -5 -5 -1   69   0   0   0   1   0   0   2   0   1   0   0   0   0   0  20   3   0   0   3  1.15 0.42
  267 F   -4 -5 -6 -6 -1 -5 -5 -6 -5 -1  5 -5  1  4 -5 -5 -3 -3 -2  3    0   0   0   0   1   0   0   0   0   0  56   0   3  20   0   0   0   0   0  20  1.05 0.35
  268 A    0 -2 -1  3 -4  4  0 -2 -1 -2 -1 -1 -1 -4 -3  2  1 -5 -4 -1    8   0   0  20   0  24   3   2   1   2   6   2   2   0   0  18   9   0   0   3  0.41 0.23
  269 R   -5  8 -4 -5 -7 -3 -4 -6 -4 -5 -6 -1 -5 -7 -6 -4 -5 -6 -5 -6    0  99   0   0   0   0   0   0   0   1   0   0   0   0   0   0   0   0   0   0  2.66 0.67
  270 A    5 -4 -4 -5 -3 -4 -4 -4 -5 -1 -3 -4 -1 -4 -4 -2  2 -5 -4  4   47   0   0   0   0   0   0   0   0   0   0   0   1   0   0   1  13   0   0  38  0.97 0.38
  271 A    5 -4 -2 -4 -3 -3 -3 -1 -4 -5 -4 -3 -3 -5 -4  4 -2 -6 -5 -3   58   0   1   0   0   0   0   3   0   0   1   0   1   0   0  36   1   0   0   0  1.19 0.43
  272 I   -2 -6 -5 -6 -4 -5 -6 -6 -6  7 -2 -5 -2 -3 -5 -4  3 -6 -4  0    2   0   0   0   0   0   0   0   0  78   0   0   0   0   0   0  18   0   0   2  1.66 0.49
  273 L   -4 -5 -6 -6 -4 -5 -6 -7 -6  3  6 -5  1 -2 -6 -5 -4 -5 -4  0    0   0   0   0   0   0   0   0   0  19  76   0   3   0   0   0   0   0   0   2  1.40 0.41
  274 S    1 -4 -3 -3 -2 -3 -3 -3 -4 -5 -5 -3 -2 -5 -4  6  3 -6 -3 -4   10   0   0   0   1   0   0   0   0   0   0   0   1   0   0  71  16   0   1   0  1.35 0.48
  275 N   -2 -3  7 -2 -5 -2 -3 -3  2 -5 -6 -3 -5 -5 -4  3  1 -6 -3 -4    3   0  62   0   0   0   1   0   5   0   0   0   0   0   0  20   8   0   1   0  1.39 0.45
  276 E   -4 -3 -3  4 -7 -1  7 -5 -3 -7 -6 -2 -5 -7 -4 -3 -4 -6 -5 -6    0   0   0  18   0   0  80   0   0   0   0   1   0   0   0   0   0   0   0   0  1.90 0.54
  277 K   -4  3 -2 -4 -6 -1 -2 -5 -2 -6 -4  7 -4 -6 -4 -3 -4 -6 -5 -5    0  13   1   0   0   2   0   0   1   0   2  81   0   0   0   0   0   0   0   0  1.76 0.52
  278 F   -4 -5 -4 -5 -5 -3 -5  1  0 -2  0 -5 -3  7 -5  0 -1 -2  5 -2    0   0   0   0   0   1   0  10   2   2   7   0   0  47   0   8   3   0  20   1  1.06 0.35
  279 R   -4  7 -3 -5  1 -2 -3 -4 -1 -6 -5  4 -4 -6 -3 -4 -4 -6 -5 -6    0  73   0   0   3   0   0   1   1   0   0  21   0   0   1   0   0   0   0   0  1.81 0.51
  280 G    2 -5 -3 -4 -2 -4 -4  6 -5 -4 -6 -4 -5 -6 -3  1 -3 -5 -5 -5   16   0   0   0   1   0   0  71   0   1   0   0   0   0   1  11   1   0   0   0  1.44 0.41
  281 V   -2 -6 -6 -6 -4 -5 -6 -6 -6  3 -2 -5 -2 -4 -5 -5 -3 -6 -4  7    2   0   0   0   0   0   0   0   0  11   0   0   0   0   0   0   0   0   0  87  1.75 0.50
  282 R   -4  7 -2 -4 -4 -1 -1 -5 -2 -6 -5  4 -4 -2 -5 -3 -2 -5 -2 -5    0  65   1   0   0   1   3   0   1   0   0  24   0   2   0   1   2   0   1   0  1.50 0.45
  283 L   -4 -5 -6 -6  1 -5 -5 -6 -5  1  5 -5  3  3 -5 -5 -3 -1 -2  1    0   0   0   0   3   0   0   0   0   6  64   0   7  12   0   0   0   1   0   7  1.02 0.33
  284 Y    1 -2  3 -1 -3  1  0 -2  2  0 -1 -1 -1 -2 -3  1  1 -3  1  0   12   1  18   2   0   9   4   1   7   5   4   2   1   1   0  11   8   0   6   8  0.17 0.13
  285 V   -3 -5 -6 -6 -4 -5 -5 -6 -5  3  5 -5  0  3 -5 -5 -3 -4 -3  1    1   0   0   0   0   0   0   0   0  19  63   0   1  11   0   0   0   0   0   6  1.08 0.34
  286 S    1  0  0  1 -3  0  2  0 -2 -3 -4  0 -3 -4 -3  3  1 -4 -4 -3   13   5   4   7   0   3  18   6   0   1   0   3   0   0   0  29  10   0   0   1  0.38 0.20
  287 E    0 -1  3  2 -2  1  2 -1  1 -4 -4  0 -3 -4  3  0  0 -5 -3 -3    9   3  15   9   1   5  16   3   3   0   1   6   0   0  18   6   6   0   0   0  0.41 0.17
  288 N   -3 -4  5  3 -5 -2 -3  5 -1 -6 -5 -2 -5 -6 -4 -2 -2 -6 -5 -5    0   0  27  17   0   1   0  48   1   0   1   1   0   0   0   2   1   0   0   0  1.14 0.36
  289 Q   -1  1  1 -2 -4  4  1 -3 -2 -2  1  1 -1 -3 -3  1  1 -4 -2 -1    2   7   5   0   0  24   6   0   0   0  17   9   1   0   0  12  10   0   0   4  0.30 0.19
  290 L   -4 -5 -6 -6 -4 -5 -6 -6 -5  1  6 -5  3  0 -6 -5 -4 -4 -3  0    0   0   0   0   0   0   0   0   0   5  79   0   7   3   0   0   0   0   0   6  1.32 0.40
  291 K   -2  4 -2 -2 -2  2 -1 -3 -1 -3 -3  5 -2 -5 -3 -1  3 -5 -4  0    1  21   0   1   1   9   1   1   1   1   1  36   0   0   0   3  18   0   0   6  0.66 0.28
  292 I   -2 -5 -6 -6 -3 -5 -5 -6 -5  6  3 -5  0 -2 -5 -4 -3 -5 -3  3    3   0   0   0   0   0   0   0   0  47  32   0   1   1   0   0   0   0   0  16  1.06 0.33
  293 T    0 -1 -1 -3 -1  1 -2 -3 -1  1 -1 -1  0 -1 -3  2  4 -4 -3  1    5   3   2   0   1   7   1   0   1   7   6   2   2   3   0  20  30   0   0  10  0.31 0.20
  294 A    5 -4 -3 -4  3 -3 -3 -2 -4 -2 -3 -3 -3 -4 -4  2  0 -5 -2  2   49   0   0   0   7   0   0   1   0   0   0   0   0   0   0  19   4   0   1  20  0.79 0.33
  295 N   -3 -1  6  0 -5 -1 -2 -3  4 -3 -5 -1 -4 -5 -4  2  2 -6 -4 -4    1   2  46   3   0   2   0   0  11   1   0   2   0   0   0  14  16   0   0   0  0.98 0.35
  296 N   -5 -4  9 -2 -6 -3 -4 -3 -3 -7 -7 -4 -6 -7 -5  0 -3 -7 -6 -6    0   0  93   0   0   0   0   1   0   0   0   0   0   0   0   6   0   0   0   0  2.48 0.64
  297 P    1 -4  0 -4 -5  0 -4 -4 -4 -4 -2 -3 -1 -3  7  0 -1 -6 -5 -2   13   0   4   0   0   4   0   0   0   1   3   0   2   1  61   6   3   0   0   2  1.46 0.41
  298 E   -3 -3 -3  4 -7 -1  7 -5 -3 -6 -6 -3 -5 -6 -4 -3 -4 -6 -3 -6    1   0   0  22   0   0  76   0   0   0   0   0   0   0   0   0   0   0   1   0  1.83 0.53
  299 Q   -1 -1  0 -3 -5  7  0 -4  4 -6 -5 -2 -4 -6 -4  1 -2 -5 -4 -5    4   2   4   0   0  64   4   0   9   0   0   0   0   0   0  11   1   0   0   0  1.42 0.48
  300 E   -3 -3 -3  1 -6 -1  7  3 -3 -6 -6 -2 -5 -6 -4 -2 -4 -6 -5 -6    0   0   0   6   0   0  72  20   0   0   0   0   0   0   0   1   0   0   0   0  1.54 0.48
  301 E   -2 -3 -2 -1 -5  2  6 -4 -2 -4 -5 -2 -3 -6 -4  2  0 -5 -5 -3    2   0   1   1   0   8  64   0   0   1   0   0   0   0   0  16   6   0   0   1  1.18 0.41
  302 A    7 -5 -5 -5 -3 -4 -4 -2 -5 -4 -5 -4 -4 -5 -4 -1 -2 -6 -5 -2   94   0   0   0   0   0   0   2   0   0   0   0   0   0   0   2   1   0   0   1  1.74 0.53
  303 E   -2 -1 -2 -2 -5  3  5 -4 -1 -1 -4  0 -3 -5 -4 -1  1 -5 -4  1    2   2   1   0   0  11  53   0   1   3   0   3   0   0   0   2  10   0   0  11  0.80 0.32
  304 E   -4 -3 -3  3 -7 -1  7 -5 -3 -5 -6 -2 -5 -6 -4 -3 -4 -6 -5 -4    0   0   0  15   0   0  84   0   0   1   0   0   0   0   0   0   0   0   0   1  1.90 0.54
  305 I   -2 -2 -2  0 -5  0  6 -5 -2  2 -3 -2 -1 -3 -4 -1  0 -5 -3 -2    2   1   1   4   0   3  60   0   0  13   1   0   1   1   0   3   6   0   1   2  0.90 0.35
  306 L   -3 -5 -5 -6 -3 -4 -5 -6 -5  4  4 -5  1  0 -5 -4 -3 -4 -3  3    1   0   0   0   0   0   0   0   0  24  50   0   2   4   0   0   0   0   0  20  0.93 0.30
  307 D    1 -3  0  4 -4 -1  4 -2 -1 -4 -4 -2 -3 -4  0  0 -1 -5 -4 -2   12   0   3  27   0   1  36   2   1   1   1   0   0   1   5   4   3   0   0   3  0.66 0.26
  308 V    1 -5 -4 -5 -3 -4 -5 -3 -5  5  0 -4 -1 -3 -5 -3 -1 -5 -4  5   11   0   0   0   0   0   0   1   0  32   4   0   1   0   0   0   2   0   0  49  0.95 0.33
  309 T    0 -2  2  5 -4  1  2 -1 -1 -3 -3 -1 -3 -5 -3  0 -1 -5 -4 -4    9   1   8  40   0   5  16   4   1   2   1   1   0   0   0   7   4   0   0   0  0.65 0.24
  310 Y   -5 -5 -6 -7 -6 -5 -6 -7 -2 -5 -5 -5 -5  2 -7 -5 -2 -1 10 -4    0   0   0   0   0   0   0   0   0   0   0   0   0   4   0   0   2   0  93   1  2.90 0.68
  311 S    0 -1  1  2 -4  4  1  1  1 -2 -3  0 -3 -4 -1  1  1 -4 -3 -2    7   1   5  13   0  22   7   9   3   2   1   5   0   0   2  14   7   0   0   2  0.32 0.17
  312 G    0 -4  0  0 -4 -3 -3  6  0 -5 -5 -3 -4 -3 -4  1 -3 -5 -3 -3    7   0   4   5   0   0   1  66   2   0   0   1   0   1   0  10   0   0   1   2  1.12 0.34
  313 A    0 -2  0  4 -5  0  4  0 -3 -5 -5 -1 -4 -5  1  0  0 -5 -4 -4    8   1   3  29   0   2  31   6   0   0   0   2   0   0   6   6   6   0   0   0  0.65 0.25
  314 E    1 -3  0  2 -4 -2  2  0 -2 -4 -4 -1 -3 -4  4  2  0 -5 -4 -3   14   0   4  11   0   0  14   6   0   0   0   2   0   0  24  18   5   0   0   1  0.55 0.22
  315 M   -3 -4 -5 -6 -3 -4 -5 -6 -5  3  4 -4  4  2 -5 -4 -2 -4 -2  1    1   0   0   0   0   0   0   0   0  21  50   0  12   9   0   0   2   0   0   5  0.87 0.29
  316 E   -1 -3 -2  4 -6  0  6 -4 -3 -6 -5  0 -5 -6 -4  0 -2 -6 -5 -4    4   0   1  24   0   1  59   0   0   0   0   4   0   0   0   5   2   0   0   1  1.21 0.39
  317 I   -3 -6 -6 -6 -4 -5 -6 -6 -6  7 -1 -5  1 -3 -6 -5 -3 -5 -4  3    1   0   0   0   0   0   0   0   0  77   0   0   3   0   0   0   1   0   0  18  1.64 0.46
  318 G   -1 -5 -3 -4 -5 -4 -5  7 -5 -3 -6 -4 -5 -6 -5  1 -4 -5 -6 -3    4   0   0   0   0   0   0  82   0   2   0   0   0   0   0  11   0   0   0   2  1.72 0.45
  319 F   -6 -6 -7 -7 -6 -7 -7 -7 -5 -1 -1 -7 -3  9 -7 -6 -5 -2  0 -4    0   0   0   0   0   0   0   0   0   3   4   0   0  93   0   0   0   0   0   0  2.60 0.61
  320 N   -5 -4  9 -2 -6 -3 -4 -4 -3 -7 -7 -4 -6 -7 -6 -3 -4 -7 -6 -7    0   0 100   0   0   0   0   0   0   0   0   0   0   0   0   0   0   0   0   0  2.76 0.68
  321 V    2 -4 -2 -5 -3 -4 -4 -3 -5  2 -2 -4 -2 -4 -4  0 -2 -5 -4  6   19   0   2   0   0   0   0   1   0   8   0   0   0   0   0   9   0   0   0  61  0.92 0.35
  322 S    0  3  2 -2 -3  0 -2  1 -1 -3 -4  0 -3 -3 -3  3  2 -4 -1 -3    5  17  12   1   0   4   0  10   1   1   0   3   0   1   0  30  13   0   3   0  0.43 0.22
  323 Y   -6 -5 -6 -7 -6 -5 -6 -7 -2 -5 -5 -6 -5  0 -7 -5 -5 -1 10 -5    0   0   0   0   0   0   0   0   0   0   0   0   0   1   0   0   0   0  99   0  3.20 0.73
  324 V   -4 -5 -6 -6 -4 -5 -5 -6 -5  2  5 -5  2  0 -5 -5 -3 -1 -3  1    0   0   0   0   0   0   0   0   0  10  74   0   4   2   0   0   0   1   0   9  1.17 0.36
  325 L   -4 -4 -6 -6 -4 -2 -5 -6 -5  2  5 -4  3 -2 -5 -4 -3 -4 -4  0    0   0   0   0   0   2   0   0   0  13  74   1   7   0   0   0   1   0   0   3  1.17 0.37
  326 D   -5 -5 -2  8 -7 -3  0 -5 -4 -7 -7 -4 -7 -7 -5 -4 -4 -8 -7 -7    0   0   0  96   0   0   4   0   0   0   0   0   0   0   0   0   0   0   0   0  2.53 0.61
  327 V    1 -5 -5 -5 -3 -5 -5 -3 -5  4 -1 -5 -1 -3 -5 -4 -3 -5 -4  6   12   0   0   0   0   0   0   1   0  23   3   0   0   0   0   0   0   0   0  60  1.09 0.36
  328 L    0 -4 -5 -5 -2 -4 -5 -5 -5  1  5 -4  2 -2 -5 -4  0 -4 -3  0   10   0   0   0   1   0   0   0   0   5  71   0   3   0   0   0   7   0   0   3  0.97 0.34
  329 N    1 -1  6 -1 -4  0 -2  2 -2 -5 -5 -2 -4 -5 -4  2 -1 -5 -4 -4   13   3  43   2   0   4   0  18   0   0   0   0   0   0   0  14   3   0   0   0  0.83 0.31
  330 A    2 -2  4 -2 -3  4 -2 -3  0 -1 -3 -2 -1 -4 -3  0  2 -5 -3  2   19   0  22   0   0  20   0   0   2   3   0   0   1   0   0   5  12   0   0  15  0.47 0.25
  331 L   -3 -5 -5 -6 -3 -4 -5 -6 -5  4  4 -5  3 -2 -5 -4 -2 -4 -3  2    1   0   0   0   0   0   0   0   0  28  49   0   8   0   0   0   1   0   0  12  0.93 0.30
  332 K   -1  0  1  3 -4  0  2 -1  2 -4 -4  3 -3 -4 -1  1  1 -5 -3 -3    3   4   5  16   0   1  14   3   5   1   0  25   0   0   3  13   8   0   0   0  0.42 0.19
  333 C    0 -3  0  0  5  0 -1  3 -3 -4 -4 -3 -3 -4 -3  3  2 -5 -4 -2    5   0   2   5  13   3   4  26   0   0   0   0   0   0   0  25  14   0   0   1  0.55 0.24
  334 E   -3 -3 -1  5 -6  1  5 -2 -3 -6 -6  0 -5 -6 -2 -1 -2 -6 -5 -5    0   0   2  38   0   4  43   2   0   0   0   4   0   0   1   4   2   0   0   0  1.14 0.37
  335 N   -1  0  2  2 -3  3  2 -2 -1 -2 -2  1  1 -2 -2  0  2 -4 -2 -1    3   4  12  10   0  14  13   1   1   1   2   9   5   1   1   5  14   0   0   3  0.25 0.14
  336 V    2 -5 -5 -5 -3 -4 -5 -5 -5  3  0 -4  1 -2 -4 -3 -2 -5 -3  5   17   0   0   0   0   0   0   0   0  16   6   0   4   1   0   0   0   0   0  56  0.92 0.33
  337 R   -2  4  0 -1 -2  2  1 -4  0  0 -1  2 -2 -2 -3 -1  0 -4 -3  0    1  28   3   1   1  12  10   0   1   7   5  11   0   1   0   4   6   0   0   8  0.33 0.17
  338 M   -3 -5 -5 -6  0 -4 -5 -5 -4  3  3 -5  3  5 -5 -4 -3  4 -1  1    0   0   0   0   2   0   0   0   0  18  31   0   8  26   0   0   0   6   0   9  0.81 0.27
  339 M    1  1 -1 -2 -2  0  0 -2  1 -1  0  0  1  1 -3  2  2 -3 -1 -2   11   8   1   1   1   3   5   0   4   2   8   3   4   6   0  24  16   0   1   1  0.18 0.14
  340 L   -4 -5 -6 -6 -2 -5 -5 -6 -5  0  5 -5  3  5 -6 -5 -4 -3 -2 -1    0   0   0   0   0   0   0   0   0   4  58   0   7  29   0   0   0   0   0   2  1.17 0.36
  341 T    3 -1  1 -2 -3  0 -2  1 -3 -2 -3  0 -3 -3 -2  2  2 -4 -3 -1   28   3   9   0   0   3   1  12   0   2   1   6   0   0   1  15  16   0   0   2  0.33 0.18
  342 D   -4 -4  3  8 -6 -3  0 -3 -4 -6 -7 -3 -6 -6 -4 -1 -2 -7 -6 -6    0   0  11  79   0   0   4   1   0   0   0   0   0   0   0   4   2   0   0   0  1.87 0.50
  343 S    4 -3 -1 -3 -3 -1 -1  1 -3 -4 -4 -2 -3 -5  2  3 -1 -5 -4 -2   47   0   3   0   0   2   4   8   0   0   0   1   0   0  12  22   1   0   0   1  0.68 0.29
  344 V    1 -3  6  0 -4 -1 -1  2 -2 -3 -4 -2 -2 -5 -4  1 -1 -5 -4 -2   11   0  49   3   0   1   3  13   0   2   1   1   1   0   0  10   3   0   0   3  0.79 0.30
  345 S    2 -1  0 -3 -4 -1 -3 -1 -3 -5 -5 -2 -4 -5 -4  6 -1 -6 -4 -3   13   4   4   0   0   2   0   2   0   0   0   0   0   0   0  73   0   0   0   1  1.17 0.44
  346 S   -2 -4 -3 -3 -2 -3 -3 -2 -4 -5 -6 -3 -3 -6  4  6 -1 -6 -5 -5    1   0   0   0   1   0   0   3   0   0   0   0   0   0  20  74   1   0   0   0  1.48 0.50
  347 V    4 -4 -3 -4  5 -3 -3 -1 -4  0 -2 -3 -2 -4 -3 -1  3 -5 -4  2   37   0   0   0  13   0   0   3   0   6   1   0   0   0   0   3  21   0   0  16  0.64 0.28
  348 Q   -4 -3 -5 -6 -4  2 -4 -6 -5  0  6 -4  0 -1 -5 -5 -3 -4 -3  0    0   1   0   0   0  10   0   0   0   3  76   0   1   2   0   0   0   0   0   6  1.12 0.38
  349 I   -3 -5 -6 -6 -4 -5 -5 -6 -5  6  2 -5  1  1 -5 -5 -3  1 -3  3    0   0   0   0   0   0   0   0   0  55  13   0   2   5   0   0   0   2   0  23  1.12 0.35
  350 E   -3  3 -1 -1 -4  2  4 -4  0 -4 -3 -1 -2 -4 -3 -1  4 -5 -3 -3    0  16   1   2   0  10  33   0   2   0   2   1   1   0   0   3  28   0   1   1  0.69 0.30
  351 D   -1 -3  1  4 -4 -1  2  0 -3  0 -1 -2 -2 -4 -1  0 -1 -5 -4  0    5   0   6  34   0   1  16   7   0   8   7   1   0   0   3   5   2   0   0   6  0.39 0.19
  352 A    1 -1  0 -2  2 -1  1 -2 -1 -2 -2 -1 -2 -2  5  0  0 -4 -3  0   11   3   4   1   4   1   8   1   2   2   2   3   0   1  33   8   7   0   0   8  0.52 0.19
  353 A    1 -3  2  4 -4 -1  3  3 -1 -4 -4 -2 -3 -5 -3  0 -1 -5 -4 -3   12   0   9  28   0   2  18  20   1   1   0   1   1   0   0   4   3   0   0   2  0.55 0.22
  354 S   -2 -2  5  5 -4  0  1  0  0 -4 -5  0 -4 -4 -4  1 -1 -5 -4 -3    3   1  28  34   0   3   6   6   2   0   0   5   0   0   0   8   2   0   0   1  0.73 0.27
  355 Q    1 -1  0  3 -2  1  2 -1  0 -3 -4  0 -3 -4  2  0  0 -4 -3 -3   13   2   4  22   1   6  15   5   2   1   1   5   0   0  12   7   5   0   0   1  0.37 0.16
  356 S    0  0  2  4 -3  0  1  1  1 -3 -4 -1 -2 -3 -1  2  0 -4 -3 -3    8   4  11  25   0   3   6   9   3   1   1   2   1   1   2  18   5   0   0   1  0.35 0.16
  357 A    4 -3 -3 -4  2 -1 -1 -2 -3 -2 -3 -3 -2  4 -3  2  0 -3  1 -1   36   1   0   0   5   2   3   1   0   1   0   0   0  22   0  14   7   0   4   5  0.49 0.25
  358 A   -1  1 -3 -3 -2  1  0 -4 -1  0  2  3  2 -3 -3 -1  0 -4 -3 -1    5   6   0   0   0   7   4   0   1   4  29  27   6   0   0   3   5   0   0   4  0.31 0.19
  359 Y   -5 -5 -4 -7 -6 -4 -6 -7  1 -5 -5 -5 -4  2 -7 -5 -5 -1 10 -5    0   0   1   0   0   0   0   0   3   0   0   0   0   7   0   0   0   0  89   0  2.78 0.67
  360 V   -3 -6 -6 -6 -4 -5 -6 -6 -6  3 -2 -5 -2 -4 -5 -5 -3 -6 -4  7    0   0   0   0   0   0   0   0   0  11   1   0   0   0   0   0   0   0   0  87  1.76 0.50
  361 V   -3 -5 -6 -6 -3 -5 -5 -6 -6  3  3 -5 -1 -3 -5 -4 -3 -5 -4  6    1   0   0   0   0   0   0   0   0  12  23   0   0   0   0   0   0   0   0  64  1.22 0.39
  362 M   -5 -5 -6 -7 -5 -4 -6 -7 -6 -3 -2 -5 11 -4 -7 -5 -5 -5 -5 -3    0   0   0   0   0   0   0   0   0   0   0   0 100   0   0   0   0   0   0   0  3.35 0.80
  363 P   -4 -6 -6 -5 -6 -5 -5 -6 -6 -6 -3 -5 -6 -7  9 -4 -5 -7 -7 -6    0   0   0   0   0   0   0   0   0   0   4   0   0   0  96   0   0   0   0   0  3.06 0.69
  364 M   -4 -5 -6 -7 -5 -4 -6 -6 -5  2  1 -5 10 -3 -6 -5 -4 -5 -4 -2    0   0   0   0   0   0   0   0   0  10  10   0  80   0   0   0   0   0   0   0  2.44 0.64
  365 R   -5  8 -4 -5 -7 -2 -3 -6 -4 -7 -6  1 -5 -6 -6 -4 -5 -6 -5 -6    0  96   0   0   0   0   0   0   0   0   0   4   0   0   0   0   0   0   0   0  2.49 0.63
  366 L   -3 -5 -5 -6 -3 -5 -5 -6 -5  4  4 -5  1 -2 -5 -4 -3 -4 -3  3    0   0   0   0   0   0   0   0   0  28  46   0   3   0   0   0   0   0   0  23  1.00 0.31

                      K         Lambda
Standard Ungapped    0.1354     0.3192
Standard Gapped      0.0635     0.2670
PSI Ungapped         0.2078     0.3157
PSI Gapped           0.0635     0.2670
