
Last position-specific scoring matrix computed, weighted observed percentages rounded down, information per position, and relative weight of gapless real matches to pseudocounts
           A  R  N  D  C  Q  E  G  H  I  L  K  M  F  P  S  T  W  Y  V   A   R   N   D   C   Q   E   G   H   I   L   K   M   F   P   S   T   W   Y   V
    1 M   -2 -3 -4 -5 -3 -2 -4 -4 -3  0  1 -3  9 -1 -4 -3 -2 -3 -2 -1    0   0   0   0   0   0   0   0   0   2   0   0  98   0   0   0   0   0   0   0  1.51 0.24
    2 S    0 -1  1 -1 -2 -1 -1 -2  1 -3 -3 -1 -3 -4 -2  5  2 -4 -3 -3    0   2   7   0   0   0   0   0   5   1   0   1   0   0   0  76   8   0   0   0  0.72 0.17
    3 H   -3 -2 -4 -5 -4 -3 -4 -5  4  1  2 -4  8  0 -5 -3 -3 -4 -1 -1    0   2   0   0   0   0   0   0  10   6  18   0  58   4   0   0   0   0   1   1  1.25 0.34
    4 F   -5 -6 -6 -6 -5 -6 -6 -6 -4 -3 -2 -6 -3  9 -6 -5 -5  1  1 -3    0   0   0   0   0   0   0   0   0   0   1   0   0  98   0   0   0   1   0   0  2.44 0.47
    5 A    1 -1  0  2 -4  1  4 -1 -1 -4 -4  0 -3 -4 -2  2  0 -4 -3 -3   11   1   4  11   0   5  38   2   0   0   0   4   0   0   0  19   3   0   0   1  0.53 0.18
    6 K    2  0  2 -1 -3  2  0 -1  3 -2 -3  2 -2 -3 -2  1  0 -4 -2 -1   21   3  12   2   0   9   2   2  10   1   0  16   0   0   0  11   7   0   0   4  0.26 0.12
    7 V   -3 -4 -5 -5 -3 -4 -5 -5 -5  5  3 -4  0 -2 -4 -4 -2 -4 -3  4    0   0   0   0   0   0   0   0   0  37  27   0   0   0   0   0   0   0   0  35  0.87 0.24
    8 A   -1 -1 -1  1 -3  2  3 -1 -1 -2 -3  1 -2 -4  1  1  1 -4 -3 -1    4   0   1   5   0  12  27   4   1   1   1  10   0   0   7   7  13   0   0   5  0.32 0.13
    9 R    3  2 -3 -3 -3  0 -2 -3 -2 -2  1 -1  4 -3  2 -1 -1 -2 -3 -1   37  12   0   0   0   4   0   0   1   0  16   0  15   0  10   0   2   1   0   2  0.38 0.18
   10 V    5 -3 -4 -4 -2 -2 -3 -2 -3 -1  1 -3  1 -3 -3 -1 -2 -4  0  2   59   0   0   0   0   0   0   0   0   1  15   0   3   0   0   0   0   0   4  17  0.61 0.24
   11 P    0 -5 -5 -4 -5 -4 -4 -4 -5 -5 -5 -4 -5 -6  8 -2 -3 -6 -5 -4    9   0   0   0   0   0   0   0   0   0   0   0   0   0  89   1   0   0   0   1  2.51 0.45
   12 G    4  3 -2 -2 -3  0 -2  3 -3 -3 -4 -1 -3 -4  1 -1  0 -4 -4 -3   43  19   1   1   0   3   0  21   0   0   0   0   0   0   6   1   4   0   0   0  0.54 0.20
   13 D   -4 -4 -1  8 -6 -3 -1 -4 -4 -6 -6 -3 -6 -6 -4 -3 -4 -7 -6 -6    0   0   0 100   0   0   0   0   0   0   0   0   0   0   0   0   0   0   0   0  2.34 0.47
   14 P   -1 -5 -4 -4 -5 -4 -4 -5 -5 -5 -6 -2 -5 -6  8 -1 -3 -6 -6 -5    4   0   0   0   0   0   0   0   0   0   0   2   0   0  91   3   0   0   0   0  2.60 0.46
   15 I   -4 -6 -6 -6 -4 -5 -6 -6 -6  8  0 -5 -1 -3 -5 -5 -3 -5 -4  0    0   0   0   0   0   0   0   0   0  98   2   0   0   0   0   0   0   0   0   0  1.84 0.42
   16 L   -4 -4 -6 -6 -3 -4 -5 -6 -5  0  6 -5  0 -1 -5 -5 -3 -4 -1 -1    0   0   0   0   0   0   0   0   0   1  97   0   1   0   0   0   0   0   2   0  1.43 0.35
   17 G    0 -4 -2 -3 -4 -2 -4  7 -4 -6 -6 -3 -5 -5 -4  0 -3 -5 -5 -5    4   0   1   0   0   2   0  87   0   0   0   0   0   0   0   6   1   0   0   0  1.65 0.35
   18 L   -4 -4 -6 -6 -3 -4 -5 -6 -5  0  6 -5  0 -2 -5 -5 -3 -4 -3 -1    0   0   0   0   0   0   0   0   0   3  95   0   1   0   0   0   0   0   0   1  1.42 0.35
   19 L    0 -3  3 -2 -3 -2 -2  0 -2  1  0 -2  4 -3 -3  1  3 -4 -3 -1    8   0  18   0   0   0   0   6   0   8   6   0  19   0   0   9  24   0   0   2  0.35 0.18
   20 D    0 -2 -1  4 -4  0  5 -2 -2 -2 -4 -1 -2 -5 -3 -2  0 -5 -4 -2   10   0   0  21   0   1  53   2   0   3   0   1   1   0   0   0   4   0   0   3  0.78 0.25
   21 A    4 -1 -3 -2 -2  1  0 -2 -3 -2  0  0 -1 -3 -3  0  0 -4 -3 -2   55   3   0   0   0   9   7   1   0   1  10   5   1   0   0   3   5   0   0   0  0.46 0.20
   22 Y   -4 -5 -5 -6 -2 -5 -5 -6  0 -3 -2 -5 -3  8 -6 -5 -4 -1  6 -3    0   0   0   0   1   0   0   0   2   0   0   0   0  69   0   0   0   0  28   0  1.90 0.40
   23 R    0  4  4 -2 -4  0 -1 -3 -1 -4 -3  4 -3 -5 -3 -2 -2 -5 -3 -3    9  29  22   0   0   2   0   1   1   0   1  34   0   0   0   0   1   0   0   1  0.75 0.24
   24 N    4 -1  1 -1 -3  1  1 -2 -2 -3 -3  2 -3 -4 -2  0 -1 -4 -3 -2   53   1   6   2   0   7  10   1   0   0   1  13   0   0   0   3   2   0   0   0  0.51 0.21
   25 D   -4 -4 -1  8 -6 -3  1 -4 -4 -6 -6 -3 -6 -6 -4 -3 -4 -7 -6 -6    0   0   0  94   0   0   6   0   0   0   0   0   0   0   0   0   0   0   0   0  2.14 0.44
   26 P    0 -2 -1  0 -3 -1  0 -3 -3 -2 -3 -1 -3 -4  5  1  4 -5 -4 -2    6   1   2   5   0   3   5   0   0   1   1   3   0   0  30   8  35   0   0   1  0.70 0.21
   27 R   -4  6  6 -2 -3 -1 -2 -4  2 -5 -5 -1 -4 -5 -4 -2 -3 -5 -4 -5    0  56  39   0   1   0   0   0   4   0   0   0   0   0   0   0   0   0   0   0  1.40 0.36
   28 A    1 -3 -2 -1 -4 -1 -1 -3 -3 -4 -4 -2 -4 -5  7  0  1 -5 -4 -3   13   0   1   3   0   1   4   0   0   0   1   1   0   0  60   8   8   0   0   0  1.36 0.30
   29 D    0 -1  4  3 -2  1  1  0  1 -4 -3  0 -3 -4 -2  0  1 -4 -3 -3    9   2  29  15   0   5   9   7   4   0   1   4   0   0   0   2  11   0   0   0  0.39 0.14
   30 K   -3  0 -3 -3 -6 -1 -2 -4 -3 -5 -5  8 -4 -6 -4 -3 -3 -6 -4 -5    0   1   0   0   0   0   0   0   0   0   0  98   0   0   0   0   0   0   0   0  1.90 0.45
   31 L   -3 -5 -5 -5 -3 -4 -5 -5 -5  5  0 -4  0  1 -4 -4 -1 -4 -2  5    0   0   0   0   0   0   0   0   0  44   4   0   1   5   0   0   1   0   0  43  0.94 0.26
   32 D   -4 -3  7  5 -5 -2 -2 -3 -2 -6 -6 -3 -5 -6 -4 -2 -3 -6 -5 -5    0   0  63  37   0   0   0   0   0   0   0   0   0   0   0   0   0   0   0   0  1.67 0.38
   33 L   -4 -4 -6 -6 -4 -4 -5 -6 -5 -1  6 -5  0 -2 -5 -5 -3 -4 -3 -1    0   0   0   0   0   0   0   0   0   0 100   0   0   0   0   0   0   0   0   0  1.55 0.37
   34 G   -2 -5 -3 -4 -5 -4 -4  7 -4 -6 -6 -4 -5 -5 -4  0 -4 -5 -5 -5    1   0   0   0   0   0   0  93   0   0   0   0   0   0   0   6   0   0   0   0  1.89 0.38
   35 V   -2 -5 -5 -5 -3 -4 -5 -5 -5  4  0 -4 -1 -3 -4 -4 -2 -5 -3  6    2   0   0   0   0   0   0   0   0  22   2   0   0   0   0   0   0   0   0  75  1.21 0.32
   36 G   -1 -5 -3 -4 -5 -4 -5  7 -4 -6 -6 -4 -5 -6 -5 -3 -4 -5 -6 -6    2   0   0   0   0   0   0  98   0   0   0   0   0   0   0   0   0   0   0   0  2.09 0.41
   37 V   -2 -5 -5 -5 -3 -4 -5 -5 -5  3  0 -4 -1 -3 -5 -4 -2 -5 -3  6    0   0   0   0   0   0   0   0   0  15   6   0   0   0   0   0   0   0   0  78  1.24 0.32
   38 Y   -5 -5 -5 -6 -5 -4 -5 -6 -1 -4 -4 -5 -4  2 -6 -5 -4  0 10 -4    0   0   0   0   0   0   0   0   0   0   0   0   0   3   0   0   0   0  97   0  2.70 0.53
   39 K   -3  1 -2 -3  0  0 -2 -4 -2 -4 -3  6  0  0 -3 -2 -1 -3  4 -3    0   4   1   0   2   2   0   0   0   0   0  62   3   3   0   1   3   0  18   1  0.91 0.29
   40 D   -4 -4  4  7 -6 -2 -1 -3 -3 -5 -6 -3 -5 -6 -4 -2 -1 -7 -5 -5    0   0  20  76   0   0   0   0   0   0   0   0   0   0   0   0   4   0   0   0  1.70 0.38
   41 A    2 -1 -1  3 -4  0  5 -3 -2 -5 -5 -1 -4 -5 -2 -1 -2 -5 -4 -4   18   2   1  19   0   1  55   1   0   0   0   0   0   0   1   2   0   0   0   0  0.90 0.27
   42 Q    1 -1  2  1 -3  4  2 -2  0 -3 -3  0 -2 -4 -3  1  1 -4 -3 -2   11   1  11   8   0  28  12   0   1   0   1   2   0   0   0  12  12   0   0   1  0.43 0.17
   43 G   -2 -5 -3 -4 -5 -4 -5  7 -5 -6 -6 -4 -5 -6 -5 -2 -4 -5 -6 -6    0   0   0   0   0   0   0 100   0   0   0   0   0   0   0   0   0   0   0   0  2.14 0.42
   44 L   -1  2  3 -1 -4  2  0 -3  3 -1  0  3 -2 -3 -3 -1 -1 -4 -2 -1    3  11  16   1   0  11   3   0   8   4  10  27   0   0   0   1   2   0   0   3  0.32 0.14
   45 T   -2 -4 -3 -4 -3 -3 -3 -4 -4  3 -1 -3 -2 -4 -4 -1  6 -5 -4  0    0   0   0   0   0   0   0   0   0  20   6   0   0   0   0   0  72   0   0   3  1.15 0.34
   46 P   -2 -5 -5 -4 -6 -4 -4 -5 -5 -6 -6 -4 -5 -6  9 -3 -3 -7 -6 -5    2   0   0   0   0   0   0   0   0   0   0   0   0   0  98   0   1   0   0   0  2.91 0.50
   47 I   -3 -4 -5 -5 -3 -1 -4 -5 -5  5  2 -4  0 -2 -4 -4 -2 -4 -3  4    0   0   0   0   0   3   0   0   0  43  22   0   0   0   0   0   0   0   0  32  0.83 0.24
   48 L   -3 -4 -5 -5 -3 -4 -5 -5 -5  0  5 -4  4 -2  1 -4 -3 -4 -3  0    0   0   0   0   0   0   0   0   0   0  75   0  13   0   9   0   0   0   0   3  1.06 0.29
   49 R    1  3  0  1 -3  2  0 -1  0 -3 -3  3 -2 -4 -2  0  1 -4 -3 -3   16  23   5   7   0   8   3   2   2   0   0  19   0   0   1   4  11   0   0   0  0.35 0.13
   50 S    4 -3 -3 -3  6 -3 -3 -2 -3 -3 -3 -3 -3 -4 -3  3  1 -4 -4 -2   46   0   0   0  19   0   0   0   0   0   0   0   0   0   0  26   9   0   0   0  0.87 0.27
   51 V   -3 -5 -5 -6 -3 -5 -5 -6 -6  1 -1 -5 -2 -3 -5 -4 -2 -5 -4  7    0   0   0   0   0   0   0   0   0   1   0   0   0   0   0   0   0   0   0  99  1.69 0.41
   52 K    1  2 -2 -3 -4  2 -1 -3  0 -3 -3  6 -3 -5 -3 -2 -2 -5 -3 -2   11   8   0   0   0   8   1   0   2   1   1  64   0   0   0   0   1   0   0   2  0.88 0.27
   53 L    0  1 -1 -1 -4  2  3 -3 -1 -2  0  4 -2 -3 -3 -1 -1 -4 -3 -2    9   3   1   1   0  11  27   0   0   1   9  33   0   0   0   0   2   0   0   1  0.46 0.18
   54 A    7 -4 -4 -4 -3 -3 -3 -2 -4 -3 -4 -3 -3 -5 -3 -1 -2 -5 -4 -2   97   0   0   0   0   0   0   0   0   1   0   0   0   0   0   0   0   0   0   1  1.51 0.40
   55 E   -3 -2 -3 -1 -6  2  7 -5 -3 -6 -5 -2 -4 -6 -4 -3 -3 -5 -5 -5    0   0   0   0   0   6  94   0   0   0   0   0   0   0   0   0   0   0   0   0  1.88 0.44
   56 Q    2  2 -1 -2 -3  4  0 -2 -1 -3 -3  3 -2 -4 -3 -1  1 -4 -3 -2   24   9   1   1   0  26   4   0   1   1   1  23   0   0   0   1   8   0   0   1  0.47 0.19
   57 R    1  4 -2 -3 -3  1 -1 -3  0  0  0  0 -1  1 -3 -1 -2 -2  2 -1   17  32   0   0   0   8   1   0   3   8   8   4   1   6   0   1   0   0   9   2  0.30 0.15
   58 L   -3  4 -4 -5 -4 -3 -4 -5 -4  0  5 -2  2 -2 -5 -4 -3 -4 -2 -1    0  24   0   0   0   0   0   0   0   2  69   0   4   0   0   0   0   0   0   0  0.92 0.28
   59 V   -1 -3 -1 -4 -3 -3 -4 -4 -3  2  4 -3  2  1 -4 -3 -1 -1 -2  2    5   0   3   0   0   1   0   0   0  12  53   0   4   4   0   0   2   1   0  16  0.53 0.18
   60 E    2 -1 -1  3 -4  1  5 -2 -2 -4 -4  0 -3 -5 -3 -1 -1 -5 -4 -3   21   1   2  17   0   4  44   2   0   0   1   5   0   0   0   1   2   0   0   1  0.66 0.22
   61 Q    1  0  3  0 -3  2  0 -1  0 -3 -2  1 -2 -4 -2  1  2 -4 -3 -2   14   4  19   3   0  15   5   2   2   0   3   6   0   0   0   9  18   0   0   0  0.31 0.14
   62 E    0 -2 -2 -1 -5  2  6 -2  2 -5 -3 -1 -1 -5  1 -1 -3 -5 -3 -4    7   1   0   1   0   9  63   2   5   0   2   0   1   0   7   2   0   0   0   0  0.92 0.28
   63 T    1 -1  0  0 -3  0  0 -2  0 -2 -1  2 -1 -3  0  1  4 -4 -3 -1   10   1   4   6   0   3   3   1   3   1   4  17   1   0   3   7  36   0   0   1  0.31 0.15
   64 T    0 -3 -2 -3 -3 -2 -3 -1 -3 -3 -4 -2 -3 -4  3  3  5 -5 -4 -3    5   0   1   0   0   0   0   3   0   0   0   0   0   0  17  20  54   0   0   0  0.92 0.29
   65 K   -1  4 -2 -3 -5 -1 -2 -4 -1 -5 -5  7 -4 -5 -3 -2 -3 -5 -4 -5    3  22   0   0   0   0   0   0   1   0   0  74   0   0   0   0   0   0   0   0  1.40 0.36
   66 S    0 -3  3 -2 -3 -2 -2  3 -2 -3 -2 -2 -3 -4 -3  3  2 -4 -3 -1    4   0  19   0   0   0   0  24   0   0   2   0   0   0   0  29  16   0   0   6  0.50 0.19
   67 Y   -5 -5 -5 -6 -5 -4 -5 -6 -1 -4 -4 -5 -4  0 -6 -5 -5 -1 10 -4    0   0   0   0   0   0   0   0   0   0   0   0   0   0   0   0   0   0 100   0  2.83 0.56
   68 V   -3 -4 -5 -5 -3 -1 -4 -5 -4  4  5 -4  0 -1 -4 -4 -2 -4 -3  1    0   0   0   0   0   4   0   0   0  24  63   0   0   0   0   0   2   0   0   8  0.86 0.25
   69 G   -1 -4 -2 -3 -4 -3 -3  4 -4 -5 -5 -3 -4 -5  5  1  1 -5 -4 -4    3   0   0   0   0   0   0  40   0   0   0   0   0   0  33  12  11   0   0   0  1.03 0.26
   70 G   -3 -4 -4 -4 -3 -4 -4  0 -4  6  0 -4  2 -2  3 -1 -2 -4 -3  0    0   0   0   0   0   0   0   9   0  60   4   0   7   0  15   4   0   0   0   0  0.80 0.26
   71 H    1 -2 -1  4 -4  1  3 -2  4 -4 -4 -2 -3 -4 -1 -1  0 -4 -1 -3   14   0   1  31   0   4  25   0  12   0   1   0   0   0   2   2   5   0   1   0  0.59 0.20
   72 G   -2 -5 -3 -4 -5 -4 -5  7 -5 -6 -6 -4 -5 -6 -5 -3 -4 -5 -6 -6    0   0   0   0   0   0   0 100   0   0   0   0   0   0   0   0   0   0   0   0  2.17 0.42
   73 D    0 -2  1  2 -2 -2 -2 -3 -2  3  1 -2  0 -2 -1  0  0 -4 -2  1    7   1   7  15   0   0   1   0   1  23  16   0   0   0   3   8   5   0   1  12  0.18 0.11
   74 A    4 -3  0 -3 -3  1 -1 -2 -3 -2 -2 -2 -2 -4  5 -1 -1 -4 -4 -1   43   0   4   0   0   8   2   0   0   2   4   1   0   0  30   1   3   0   0   3  0.70 0.23
   75 L    3 -2 -1  1 -3  0  2  2 -1 -3 -2 -1 -2 -4 -2  0 -1 -4 -3 -2   39   1   1   9   0   4  18  14   1   0   3   1   1   0   1   3   2   0   0   2  0.36 0.16
   76 F   -3 -5 -5 -6 -5 -4 -5 -5 -2 -3 -2 -5 -3  7 -6 -4 -4 -1  8 -3    2   0   0   0   0   0   0   0   0   0   1   0   0  43   0   0   0   0  54   0  1.87 0.40
   77 A    0  0  4  3  1 -2 -1  3 -2 -2 -4 -2 -3 -4 -3 -1 -1 -5 -4 -3   10   7  31  16   3   0   1  24   0   4   0   0   0   0   0   1   3   0   0   0  0.53 0.19
   78 A    1  2  0  0 -3  3  1 -2  1 -3 -1  1 -2 -3 -1  1  1 -4 -2 -2   16  14   4   6   0  17   9   0   3   0   6   8   0   0   2   7   8   0   0   1  0.24 0.11
   79 R    3 -1 -2 -3  3  0 -2  0  0 -1  1 -1 -1 -2 -3 -1 -1 -3 -1  0   39   4   1   0   9   4   1   7   2   2  15   4   0   0   0   0   0   0   3   8  0.23 0.14
   80 L   -1 -4 -4 -4 -2 -3 -4 -4 -4  3  1 -3  4 -2 -4 -2  3 -4 -3  4    4   0   0   0   0   0   0   0   0  13   7   0  14   0   0   0  22   0   0  41  0.61 0.22
   81 A    0  1 -1 -2 -1  6  1 -2 -2 -3  0  0 -2 -4 -3  0 -1 -4 -3 -3   10   5   2   0   1  53   4   2   0   1  10   4   0   0   0   4   3   0   0   0  0.67 0.25
   82 E    0  1  0  0 -4  2  4 -1 -1 -3 -4  3 -3 -4  0  0  0 -2 -3 -3    5   6   4   4   0   6  32   5   1   1   0  20   0   0   4   4   6   1   0   0  0.40 0.15
   83 L   -4 -4 -6 -6 -3 -3 -5 -6 -5  0  6 -5  1 -2 -5 -5 -3 -4 -3 -1    0   0   0   0   0   1   0   0   0   0  96   0   2   0   0   0   0   0   0   0  1.44 0.36
   84 A    0 -4 -4 -5 -3 -4 -4 -5 -4  2  5 -4  1 -2 -4 -3 -2 -4 -3  3    6   0   1   0   0   0   0   0   0   7  60   0   2   0   0   0   1   0   0  23  0.75 0.23
   85 L   -4 -5 -5 -6 -4 -5 -5 -6 -4 -2  3 -5 -1  8 -6 -5 -4 -2  1 -2    0   0   0   0   0   0   0   0   0   0  33   0   0  66   0   0   0   0   1   0  1.53 0.35
   86 G   -2 -5 -3 -4 -5 -4 -5  7 -4 -6 -6 -4 -5 -6 -5 -2 -4 -5 -5 -6    0   0   0   0   0   0   0  99   0   0   0   0   0   0   0   1   0   0   0   0  2.10 0.41
   87 A    3 -1  1  1 -3  1  2 -1 -2 -3 -3  2 -2 -4 -1  0  0 -4 -3 -2   37   1   6   7   0   5  13   1   0   0   0  19   0   0   1   6   3   0   0   1  0.37 0.16
   88 A   -1 -2  2  5 -4  0  2  2 -1 -4 -4 -2 -4 -4 -3  0 -2 -4 -4 -4    4   1   8  47   0   3  10  16   1   0   0   1   0   0   0   6   1   0   0   1  0.72 0.20
   89 S    1 -3  1 -2 -2 -2 -2 -3  6 -4 -4 -2 -3 -4 -3  5 -1 -5 -2 -4    9   0   7   1   0   0   0   0  27   0   1   0   0   0   0  54   0   0   0   0  0.99 0.31
   90 P    2 -1 -1  1 -3  0  2 -2 -3 -3 -4  0 -3 -4  5  0 -1 -4 -4 -2   19   1   1   9   0   3  15   0   0   1   0   6   0   0  35   4   4   0   0   2  0.67 0.18
   91 L    1 -3 -4 -4 -2 -3 -3 -4 -4  3  3 -3  0 -2 -2 -2 -2 -4 -3  3   16   1   0   0   0   1   0   0   0  20  32   0   1   0   1   1   0   0   0  27  0.47 0.17
   92 L   -2 -4 -4 -5 -3 -4 -4 -5 -4  5  3 -4  0 -2 -4 -3 -1 -4 -3  3    2   0   0   0   0   0   0   0   0  42  32   0   1   0   0   1   2   0   0  19  0.73 0.21
   93 L    3  0  0 -1 -2  1  0 -1 -2 -1  0  1 -1 -3 -2  1  1 -3 -3 -1   31   4   5   3   0   6   3   2   0   1  12  12   1   0   0   9  11   0   0   2  0.17 0.10
   94 E    3 -2  1  3 -3  1  2 -1 -1 -3 -3 -1 -3 -3 -2  2 -1 -4 -3 -3   27   0   5  17   0   7  17   2   1   0   0   1   0   1   1  17   2   0   0   0  0.40 0.16
   95 Q   -1  0  3  0 -4  2 -1  4 -1 -4 -4  3 -3 -4 -3 -1 -1 -4 -3 -4    2   4  15   5   0  10   1  34   1   0   0  24   0   0   0   2   2   0   0   0  0.55 0.18
   96 R   -4  8 -3 -4 -6 -1 -3 -5 -2 -5 -3  0 -4 -5 -5 -3 -4 -5 -4 -5    0  95   0   0   0   1   0   0   0   0   2   0   0   0   0   0   0   0   0   0  2.03 0.44
   97 A    4 -4 -4 -4 -2 -3 -3 -3 -4  2 -1 -3 -2 -3 -3 -2 -1 -4 -3  4   48   0   0   0   0   1   0   0   0   9   1   0   0   0   0   0   2   0   0  39  0.72 0.26
   98 D    1  3 -2 -2 -1  0 -1  0 -1  0 -1  1 -1 -2 -3  0 -1 -3 -2  1   18  25   1   1   1   3   0   8   1   6   5  10   1   1   0   6   2   0   0  12  0.19 0.11
   99 A    2 -3 -2 -3  0 -3 -3 -3 -4 -2 -3 -3 -3 -4 -3  1  6 -5 -4 -1   18   0   0   0   2   0   0   1   0   1   1   0   0   0   0   6  70   0   0   2  1.08 0.33
  100 T    4 -3 -3 -4 -1 -3 -3 -2 -4  1 -1 -3 -1 -3 -3  0  2 -4 -3  3   44   0   0   0   1   0   0   0   0   8   3   0   1   0   0   3  18   0   0  24  0.52 0.21
  101 Q   -3 -2 -2 -3 -6  8  0 -4  2 -5 -5 -1 -2 -6 -4  0 -3 -5 -4 -5    0   0   0   0   0  88   2   0   4   0   0   0   1   0   0   5   0   0   0   0  1.91 0.47
  102 T    4 -3 -2 -3 -1 -3 -3 -2 -4 -3 -3 -3 -3 -4 -3  2  5 -5 -4 -2   40   0   0   0   1   0   0   1   0   0   0   0   0   0   0  11  47   0   0   0  0.89 0.29
  103 P   -3 -4 -5 -4 -4 -4 -4 -5 -5  0  2 -4 -2 -4  7 -3 -3 -5 -4  0    0   0   0   0   0   0   0   0   0   6  22   0   0   0  67   0   0   0   0   5  1.65 0.35
  104 G   -2 -5 -3 -4 -5 -4 -5  7 -5 -6 -6 -4 -5 -6 -5 -3 -4 -5 -6 -6    0   0   0   0   0   0   0 100   0   0   0   0   0   0   0   0   0   0   0   0  2.17 0.42
  105 G   -2 -5 -3 -4 -5 -4 -5  7 -5 -6 -6 -4 -5 -6 -5 -3 -4 -5 -6 -6    0   0   0   0   0   0   0 100   0   0   0   0   0   0   0   0   0   0   0   0  2.17 0.42
  106 T   -2 -4 -2 -3  4 -3 -3 -4 -1 -3 -4 -3 -3 -5 -4  1  7 -5 -4 -3    0   0   0   0  11   0   0   0   2   0   0   0   0   0   0   9  78   0   0   0  1.40 0.39
  107 G   -2 -5 -3 -4 -5 -4 -5  7 -5 -6 -6 -4 -5 -6 -5 -3 -4 -5 -6 -6    0   0   0   0   0   0   0 100   0   0   0   0   0   0   0   0   0   0   0   0  2.17 0.42
  108 A    6 -4 -4 -4 -3 -3 -3  1 -4 -4 -4 -3 -3 -5 -3  0 -2 -5 -4 -3   89   0   0   0   0   0   0   7   0   0   0   0   0   0   0   4   0   0   0   0  1.33 0.37
  109 L   -4 -4 -6 -6 -4 -4 -5 -6 -5 -1  6 -5  0 -2 -5 -5 -3 -4 -3 -1    0   0   0   0   0   0   0   0   0   0 100   0   0   0   0   0   0   0   0   0  1.55 0.38
  110 R   -4  7 -2 -4 -6 -1 -2 -4 -3 -5 -5  4 -4 -5 -4 -3 -3 -5 -4 -5    0  74   1   0   0   0   0   0   0   0   0  25   0   0   0   0   0   0   0   0  1.65 0.38
  111 L   -2 -4 -5 -5 -3 -4 -4 -5 -5  4  2 -4  2 -2 -4 -4 -1 -4 -3  5    0   0   0   0   0   0   0   0   0  32  16   0   4   0   0   0   2   0   0  46  0.85 0.24
  112 A    5 -4 -3 -3 -3 -3 -3  4 -4 -3 -2 -3 -3 -4 -3  0 -2 -4 -4 -2   60   0   0   0   0   0   0  30   0   0   4   0   0   0   0   3   0   0   0   2  0.88 0.27
  113 G    6 -4 -4 -4 -3 -3 -3  1 -4 -4 -4 -3 -2 -5 -3  0 -2 -5 -4 -3   87   0   0   0   0   0   0  11   0   0   0   0   0   0   0   2   0   0   0   0  1.28 0.36
  114 D   -4 -3 -1  6 -6 -1  5 -3 -2 -5 -6 -2 -5 -6 -4 -2 -3 -6 -5 -5    0   0   0  56   0   0  42   1   1   0   0   0   0   0   0   0   0   0   0   0  1.48 0.36
  115 F   -5 -5 -6 -6 -5 -5 -6 -6 -4 -2  1 -5 -1  8 -6 -5 -4 -2  1 -2    0   0   0   0   0   0   0   0   0   0  13   0   0  84   0   0   0   0   2   1  1.91 0.41
  116 I   -2 -4 -5 -5 -3 -4 -5 -5 -5  5  4 -4  0 -1 -5 -4 -3 -4 -3  1    2   0   0   0   0   0   0   0   0  48  44   0   0   0   0   0   0   0   0   5  0.97 0.26
  117 A    2  2 -2 -3 -4  0 -1 -2 -2 -3 -3  5 -2 -3 -3 -1 -2 -4 -3  0   23   8   1   0   0   2   0   1   0   0   1  52   0   1   0   2   0   0   0   7  0.63 0.24
  118 H   -1  6 -1 -3 -5  2 -1 -3  2 -4 -3  3 -2 -4 -3 -1  0 -4 -3 -4    4  52   2   0   0  10   0   1   6   0   2  16   0   0   0   2   5   0   0   0  0.86 0.25
  119 C    0 -2  2 -3  6  3 -2 -3  1 -1  1 -1 -1  0 -3 -1 -1 -3  0 -1    7   0  13   0  21  21   0   1   4   2  15   2   0   4   0   2   2   0   4   4  0.38 0.17
  120 L   -1 -1  3 -1 -2 -1 -2 -3 -2 -1  2  0 -1  1 -3  0  3 -3 -1 -1    2   2  21   1   1   1   0   1   0   1  33   4   0   5   0   4  22   0   1   0  0.29 0.16
  121 P    0 -3  0  0 -3 -2 -1  0 -3 -4 -4 -1 -4 -5  7  1 -1 -5 -4 -3    5   0   4   5   0   1   3   7   0   0   1   4   0   0  53  13   3   0   0   1  1.10 0.25
  122 G    1 -2  3  3 -3  0  0  2  0 -3 -3 -1 -3 -4 -1  1 -1 -4 -3 -1   16   0  16  19   0   2   4  21   2   1   0   3   0   0   2   7   3   0   0   5  0.34 0.12
  123 R    4  2 -2 -2 -3  1 -1 -2 -2 -2 -2  3 -2 -4 -2  1  0 -4 -3 -1   41  11   1   1   0   5   0   0   0   1   1  19   0   0   1   8   5   0   0   4  0.39 0.17
  124 G   -2  3  1 -2 -3  0 -1  1 -2 -2 -3  3 -2 -4 -2  0  3 -4 -3  0    0  18   7   0   0   2   1  11   0   0   0  21   0   0   0   3  29   0   0   7  0.39 0.17
  125 I   -2 -5 -5 -5 -2 -4 -5 -5 -5  4  1 -4  0 -2 -5 -4 -2 -5 -3  6    0   0   0   0   0   0   0   0   0  31   6   0   1   0   0   0   0   0   0  62  1.09 0.29
  126 W    1 -5 -6 -7 -5 -4 -5 -5 -5 -5 -2 -5 -3 -1 -6 -5 -5 12  1 -5   12   0   0   0   0   0   0   0   0   0   4   0   0   1   0   0   0  79   4   0  3.16 0.54
  127 L   -2 -4 -5 -5 -2 -4 -5 -5 -5  5  2 -4  0 -2 -4 -4 -2 -4 -3  5    0   0   0   0   0   0   0   0   0  39  17   0   1   0   0   0   0   0   0  43  0.92 0.25
  128 S   -1 -3 -2 -3 -3 -3 -3 -2 -3 -5 -5 -3 -4 -5 -2  7  1 -5 -1 -4    0   0   0   0   0   0   0   1   0   0   0   0   0   0   2  91   4   0   2   0  1.44 0.41
  129 D   -2 -2  5  6 -5 -1 -1 -3 -2 -5 -5 -2 -4 -5 -4 -1  1 -6 -4 -4    1   0  36  46   0   1   0   0   0   0   0   1   0   0   0   3  11   0   0   0  1.12 0.30
  130 P   -4 -5 -5 -4 -6 -4 -4 -5 -5 -6 -5 -4 -5 -7  9 -4 -4 -7 -6 -5    0   0   0   0   0   0   0   0   0   0   0   0   0   0 100   0   0   0   0   0  3.02 0.52
  131 T   -2 -3 -2 -3 -3 -3 -3 -3 -4 -3 -4 -3 -3 -5 -3  4  6 -5 -4 -3    0   0   0   0   0   0   0   0   0   0   0   0   0   0   0  31  69   0   0   0  1.33 0.38
  132 W   -6 -6 -7 -8 -6 -5 -6 -6 -6 -6 -5 -6 -5 -2 -7 -4 -6 13 -1 -6    0   0   0   0   0   0   0   0   0   0   0   0   0   0   0   2   0  98   0   0  4.40 0.68
  133 P    3 -3 -1 -2 -4 -2  3 -1 -3 -4 -4 -2 -3 -5  5 -1 -2 -5 -4 -3   37   0   2   1   0   0  25   5   0   0   0   0   0   0  31   0   0   0   0   0  0.88 0.26
  134 I   -4 -3  8 -1  0 -3 -3 -3 -2  1 -5 -3 -4 -5 -5 -2 -3 -6 -5 -4    0   0  88   0   2   0   0   0   0   9   0   0   0   0   0   0   0   0   0   0  1.87 0.44
  135 H   -5 -3 -2 -4 -6 -2 -3 -5 11 -6 -6 -4 -5 -4 -5 -2 -5 -5 -1 -6    0   0   0   0   0   0   0   0  98   0   0   0   0   0   0   2   0   0   0   0  3.10 0.57
  136 E   -2  3  2 -1 -3  1  1 -2  2  1 -1  1  0 -2 -1 -1  0 -4 -2 -1    0  23  12   0   0   7  10   1   5  14   3  10   3   1   2   0   4   0   1   4  0.22 0.12
  137 T    3 -3  2 -2 -3 -1 -2  2 -3 -3 -4 -2 -3 -4  3  1  1 -4 -4 -2   36   0  11   0   0   2   0  17   0   0   0   0   0   0  14  11   8   0   0   0  0.52 0.18
  138 L   -3 -4 -5 -5 -3 -4 -5 -5 -5  4  4 -4  1 -2 -4 -4 -2 -4 -3  3    0   0   0   0   0   0   0   0   0  34  42   0   1   0   0   0   0   0   0  22  0.85 0.23
  139 F   -3 -5 -5 -6 -5 -5 -6 -6 -4  0  0 -5  1  8 -6 -5 -4 -2  0 -3    2   0   0   0   0   0   0   0   0   3   9   0   3  83   0   0   0   0   0   0  1.83 0.40
  140 A    1  0  2  0 -3  1  3  2 -1 -3 -4  0 -3 -4 -2  1  1 -4 -3 -3   14   4  11   1   0   6  29  14   0   0   0   4   0   0   1   7   9   0   0   0  0.36 0.14
  141 A    4 -1  1 -1 -2 -1 -1  1 -3 -3 -3 -1 -2 -4 -2  3  1 -4 -3 -2   47   2   6   3   0   1   2   9   0   0   0   2   1   0   0  21   7   0   0   0  0.49 0.19
  142 A    6 -4 -4 -4 -1 -3 -3 -2 -4 -3 -3 -3 -3 -4 -2 -1 -2 -5 -4  1   87   0   0   0   1   0   0   0   0   0   0   0   0   0   1   1   1   0   0  10  1.23 0.36
  143 G   -2 -4 -2 -4 -5 -4 -4  7 -4 -6 -6 -3 -5 -6 -5 -2 -4 -5 -6 -6    0   0   1   0   0   0   0  97   0   0   0   1   0   0   0   1   0   0   0   0  2.03 0.41
  144 L   -3 -4 -5 -5 -3 -4 -5 -5 -4  2  4 -4  2  5 -5 -4 -3 -2 -1  1    0   0   0   0   0   0   0   0   0   9  53   0   4  29   0   0   0   0   0   6  0.88 0.24
  145 K   -1 -1  1  0 -4  1  4 -2 -2 -3 -4  2 -3 -4  2 -1  2 -4 -3 -2    4   1   7   1   0   6  35   1   0   0   0  13   0   0  10   2  18   0   0   3  0.48 0.18
  146 V   -2 -4 -4 -4 -2 -4 -4 -5 -5  4  1 -4 -1 -2 -4 -3  0 -4 -3  5    0   0   0   0   0   0   0   0   0  21   7   0   0   1   0   1   6   0   0  63  0.91 0.27
  147 S    0  2  0  0  2  1  1  0  0 -2 -2  3 -2 -3 -2  1 -1 -4 -3  0    8  14   2   3   5   7   9   6   3   2   1  22   0   0   0   9   1   0   0   7  0.21 0.10
  148 H   -1 -1  2  1 -4  1  3 -2  4 -3 -4  0 -2 -4 -1  1  3 -2 -2 -3    2   1  10   7   0   6  25   1  11   0   0   3   1   0   1   7  24   1   0   1  0.42 0.17
  149 Y   -5 -5 -5 -6 -5 -4 -5 -6 -1 -4 -4 -5 -4  1 -6 -5 -5  0 10 -4    0   0   0   0   0   0   0   0   0   0   0   0   0   1   0   0   0   0  99   0  2.79 0.55
  150 P    1  3 -1 -1 -3 -2 -2 -2 -2 -4 -4 -1 -4 -5  6  0  0 -5 -4 -4   10  18   2   3   0   1   0   2   1   0   0   1   0   0  50   6   4   0   0   0  1.10 0.26
  151 Y   -5 -5 -5 -6 -5 -4 -5 -6 -1 -4 -4 -5 -4  0 -6 -5 -5  4 10 -4    0   0   0   0   0   0   0   0   0   0   0   0   0   0   0   0   0   5  95   0  2.70 0.53
  152 V   -4 -4 -5 -6 -5 -4 -5 -6 -1 -2 -1 -4 -3  4 -5 -4 -4 -1  8  1    0   0   0   0   0   0   0   0   0   0   4   0   0  12   0   0   0   0  72  12  1.75 0.40
  153 S   -3 -4  3  7 -6 -2 -1  1 -2 -5 -6 -2 -5 -6 -4 -2 -3 -6 -5 -5    1   0  11  76   0   0   0   9   0   0   0   2   0   0   0   1   0   0   0   0  1.52 0.35
  154 A    5 -2 -3 -3 -3 -2 -2 -1 -1 -3 -3  0 -3 -3  1  1 -2 -2  2 -2   67   0   0   0   0   0   1   2   1   0   0   5   0   0   6   7   1   0   9   0  0.74 0.26
  155 D    2 -2 -1  3 -3  0  3 -2 -2 -3 -3 -1 -3 -4 -2  1  2 -4 -3 -2   23   0   1  20   0   1  25   1   0   0   1   1   0   0   1   7  17   0   0   1  0.46 0.18
  156 N   -1 -2  5 -1 -4 -1 -2 -2  4 -4 -4  0 -3 -4 -3  0  4 -5 -3 -3    3   1  40   0   0   1   0   2  11   0   0   4   0   0   0   6  32   0   0   0  0.82 0.27
  157 R   -2  4 -1 -2 -4  0 -1  2  6 -5 -4  3 -3 -4 -3  0 -1 -4 -2 -4    0  24   0   1   0   2   0  20  22   0   0  20   0   0   0   8   2   0   0   0  0.66 0.22
  158 L   -3 -4 -5 -4 -3 -4 -4 -5 -4  3  4 -2  1 -1 -4 -4 -2 -4 -3  3    0   0   0   0   0   0   0   0   0  13  55   3   1   1   0   0   0   0   0  26  0.75 0.22
  159 D   -3  1  4  6 -5 -2 -1 -3 -2 -5 -3  1 -4 -5 -4 -2 -3 -6 -4 -5    1   9  23  55   0   0   1   0   0   0   3   9   0   0   0   0   0   0   0   0  1.07 0.29
  160 V   -4  0 -5 -5 -4 -5 -4 -4 -4 -1 -1 -4 -2  8 -6 -4 -3  5  1  0    0   6   0   0   0   0   0   1   0   1   1   0   0  74   0   0   1   7   1   9  1.52 0.35
  161 E    2 -3  0  6 -4 -1  2 -1 -2 -4 -5 -2 -4 -4 -1 -1 -2 -5 -4 -4   23   0   3  49   0   2  16   2   0   0   0   0   0   0   2   1   1   0   0   0  0.83 0.25
  162 A    3 -2  0  0 -3 -1  1  4 -2 -4 -4 -2 -3 -4 -3 -1 -2 -4 -4 -3   37   2   4   5   0   1   9  40   0   0   1   0   0   0   0   1   0   0   0   0  0.67 0.21
  163 M   -3 -4 -5 -6 -4 -3 -5 -5 -4 -1  3 -4  9  0 -5 -4 -3 -4 -3 -2    2   0   0   0   0   0   0   0   0   0  20   0  76   2   0   0   0   0   0   0  1.87 0.45
  164 L   -3 -3 -4 -5 -3 -2 -4 -5 -4  2  4 -1  4 -1 -4 -3 -2 -3 -3  1    0   0   0   0   0   2   0   0   0  14  58   5  13   1   0   0   0   0   0   6  0.71 0.22
  165 A    4 -2  1  1 -3 -1  3 -1 -2 -3 -3 -1 -2 -4 -3  0  0 -4 -3 -2   49   0   7   7   0   1  21   1   0   0   0   2   1   0   0   4   6   0   0   0  0.53 0.21
  166 G    3 -2 -1  4  2 -2 -1 -1 -2 -3 -4  0 -3 -3 -3  2  2 -4 -3 -2   26   0   0  28   4   0   1   2   1   0   0   4   0   1   0  18  15   0   0   1  0.48 0.19
  167 L   -4 -4 -6 -6 -3 -4 -5 -6 -5  0  6 -5  0 -1 -5 -5 -3 -4 -3 -1    0   0   0   0   0   0   0   0   0   1  97   0   0   1   0   0   0   0   0   0  1.46 0.36
  168 E    0  1  3  0 -4  2  3 -1 -1 -4 -4  2 -3 -4 -2  2 -1 -4 -3 -3    7   5  18   1   0   9  19   3   1   0   0  18   0   0   0  17   1   0   0   0  0.42 0.16
  169 R    1  0  1 -1 -3  4  2 -1  0 -4 -3  1 -2 -4 -2  1  1 -4 -3 -3   16   2   7   2   0  28  13   4   1   0   0   8   0   0   0   7  12   0   0   0  0.40 0.16
  170 I    4 -3 -4 -4 -2 -3 -3 -3 -3  2  1 -2  0 -2 -3 -2 -1 -3  0  3   41   0   0   0   0   0   0   0   0  11  16   1   2   1   0   0   2   0   3  23  0.44 0.18
  171 P    0 -1  0 -1 -4  2  1  0 -2 -4 -4  2 -3 -5  6  0 -2 -5 -4 -3    8   1   3   2   0  11   7   6   0   0   0  13   0   0  41   5   0   0   0   2  0.81 0.21
  172 Q    4 -1 -1 -2 -3  0  2 -2 -1 -3 -3  2 -3 -4  3  1 -1 -4 -3 -2   42   3   1   1   0   2  14   0   1   0   0  13   0   0  14   7   2   0   0   0  0.49 0.19
  173 G   -2  0  0  0 -5 -1 -3  7 -3 -6 -6 -3 -5 -5 -4 -2 -3 -5 -5 -5    0   6   3   4   0   3   0  82   0   0   0   0   0   0   0   0   0   0   0   0  1.49 0.33
  174 D   -3 -4 -1  7 -5 -2  0 -3 -3 -5 -5 -3 -5 -5 -4  1  2 -6 -5 -5    0   0   0  74   0   0   1   0   0   0   0   0   0   0   0  12  12   0   0   0  1.46 0.35
  175 V   -1 -4 -5 -5 -3 -4 -4 -5 -5  4  1 -4 -1 -2 -4 -3 -1 -5 -3  5    4   0   0   0   0   0   0   0   0  26   9   0   0   0   0   0   2   0   0  60  0.94 0.27
  176 V   -2 -5 -5 -6 -3 -5 -5 -6 -6  2 -1 -5 -1 -2 -5 -4 -2 -5 -3  7    0   0   0   0   0   0   0   0   0   5   2   0   0   1   0   0   0   0   0  92  1.48 0.38
  177 L   -3 -4 -5 -6 -3 -4 -5 -6 -5  1  5 -4  0 -2 -5 -4 -3 -4 -3  3    0   0   0   0   0   0   0   0   0   2  77   0   0   0   0   0   0   0   0  21  1.10 0.30
  178 L   -4 -4 -5 -6 -3 -4 -5 -6 -5  0  6 -5  0  3 -5 -4 -3 -3 -2 -1    0   0   0   0   0   0   0   0   0   1  82   0   0  15   0   0   0   0   0   2  1.18 0.31
  179 H   -5 -3 -2 -4 -6 -2 -3 -5 11 -6 -6 -4 -5 -4 -5 -4 -3 -5 -1 -6    0   0   0   0   0   0   0   0  98   0   0   0   0   0   0   0   2   0   0   0  3.10 0.58
  180 A    5 -4 -3 -3 -3 -3 -3  5 -4 -4 -4 -3 -4 -5  0 -1 -3 -5 -4 -3   54   0   0   0   0   0   0  42   0   0   0   0   0   0   4   0   0   0   0   0  1.07 0.30
  181 C   -3 -7 -6 -7 11 -6 -7 -6 -6 -4 -4 -6 -5 -6 -6 -4 -4 -5 -6 -4    0   0   0   0 100   0   0   0   0   0   0   0   0   0   0   0   0   0   0   0  3.59 0.60
  182 C   -3 -7 -6 -7 11 -6 -7 -6 -6 -4 -4 -6 -5 -6 -6 -4 -4 -5 -6 -4    0   0   0   0 100   0   0   0   0   0   0   0   0   0   0   0   0   0   0   0  3.59 0.60
  183 H   -5 -3 -2 -4 -6 -2 -3 -5 11 -6 -6 -4 -5 -4 -5 -4 -5 -5 -1 -6    0   0   0   0   0   0   0   0 100   0   0   0   0   0   0   0   0   0   0   0  3.21 0.59
  184 N   -4 -3  9 -1 -6 -3 -3 -3 -2 -6 -6 -3 -5 -6 -5 -2 -3 -7 -5 -6    0   0 100   0   0   0   0   0   0   0   0   0   0   0   0   0   0   0   0   0  2.38 0.50
  185 P   -4 -5 -5 -4 -6 -4 -4 -5 -5 -6 -6 -4 -5 -7  9 -4 -4 -7 -6 -5    0   0   0   0   0   0   0   0   0   0   0   0   0   0 100   0   0   0   0   0  3.05 0.53
  186 T   -2 -3 -2 -3 -1 -3 -3 -4 -4 -3 -4 -3 -3 -5 -3  3  7 -5 -4 -3    0   0   0   0   1   0   0   0   0   0   0   0   0   0   0  19  80   0   0   0  1.46 0.40
  187 G   -2 -5 -3 -4 -5 -4 -5  7 -5 -6 -6 -4 -5 -6 -5 -3 -4 -5 -6 -6    0   0   0   0   0   0   0 100   0   0   0   0   0   0   0   0   0   0   0   0  2.17 0.42
  188 F    2 -4 -4 -4 -2 -3 -4 -3 -3  4 -1 -3  3  2 -4 -2 -2 -3  0  2   25   0   0   0   0   0   0   0   0  33   0   0   8  12   0   0   1   0   3  16  0.48 0.19
  189 D   -4 -4  0  8 -6 -3 -1 -4 -4 -6 -6 -3 -6 -6 -4 -3 -4 -7 -6 -6    0   0   2  98   0   0   0   0   0   0   0   0   0   0   0   0   0   0   0   0  2.28 0.47
  190 L   -3 -4 -5 -5 -4 -4 -4 -5 -5  0  5 -4  0 -2  5 -4 -3 -4 -3 -2    0   0   0   0   0   0   0   0   0   3  64   0   0   0  32   0   0   0   0   0  1.16 0.30
  191 S   -1 -3  2  1 -3 -1 -2 -2 -2 -3 -4 -2 -3 -4 -3  3  5 -5 -4 -3    1   0  12   6   0   1   0   1   0   0   0   1   0   0   0  25  51   0   0   0  0.82 0.28
  192 H    1  0  0  0 -3  1  0 -2  2 -1  0  0 -1 -1  4 -1 -1 -3 -2 -1   13   5   5   5   0   7   6   0   6   2  13   4   0   3  21   1   3   0   1   5  0.24 0.09
  193 D    3 -2 -1  3 -3  1  5 -2 -2 -4 -4 -1 -3 -5 -2  0 -1 -5 -4 -3   29   1   1  16   0   3  43   1   0   0   0   1   0   0   0   3   2   0   0   1  0.70 0.24
  194 D   -3 -2 -2  3 -6  8  1 -4  0 -5 -5 -1 -3 -6 -4 -3 -3 -5 -4 -5    1   0   0  15   0  78   4   0   1   0   0   0   0   0   0   0   0   0   0   0  1.68 0.43
  195 W   -6 -6 -7 -8 -6 -5 -6 -6 -6 -6 -5 -6 -5 -2 -7 -6 -6 13 -1 -6    0   0   0   0   0   0   0   0   0   0   0   0   0   1   0   0   0  99   0   0  4.49 0.69
  196 R   -1  2 -1  3 -4  4  2 -2  1 -4 -3  2 -3 -4 -3 -1 -1 -4 -2 -3    6  11   1  16   0  26  14   2   3   0   2  16   0   0   0   1   1   0   1   0  0.51 0.18
  197 R    1  1 -1 -1 -4  5  2 -3 -1 -2 -3  0 -2 -4 -3 -1  1 -4 -3 -1   16   9   1   2   0  36  14   0   0   2   1   4   0   0   0   1   9   0   0   6  0.47 0.20
  198 V   -2 -4 -5 -5 -3 -4 -4 -5 -5  3  3 -4  0  0 -4 -4 -2 -4 -3  5    0   0   0   0   0   0   0   0   0  17  29   0   1   2   0   0   0   0   0  51  0.84 0.24
  199 L    4 -3 -3 -4 -2 -3 -3 -2 -4  1  2 -3 -1 -3 -3 -1  1 -4 -3  1   49   0   0   0   0   0   0   0   0   9  20   0   0   0   0   1  10   0   0  11  0.49 0.20
  200 D    1 -1 -1  3 -4  2  4 -1 -2 -4 -4  2 -3 -4 -3  0 -1 -4 -3 -3   15   1   1  18   0   8  36   2   0   0   0  12   0   0   0   3   1   0   0   1  0.56 0.19
  201 V   -1 -4 -4 -5 -2 -2 -4 -5 -4  2  4 -4  2  0 -4 -3 -1 -3 -2  3    5   0   0   0   0   1   0   0   0   9  43   0   6   2   0   0   1   0   0  31  0.60 0.19
  202 V    2 -3 -3 -4  4 -3 -3 -3 -4  1  1 -3  0 -2 -3  1  0 -4 -3  3   17   0   0   0  11   0   0   0   0   6  11   0   1   1   0  16   3   0   0  33  0.38 0.17
  203 R    2  2 -1 -2 -3  2  0 -2 -2 -2 -1  4 -2 -3 -2  0 -1 -4 -3  0   19  11   2   0   0  10   2   1   0   0   6  33   0   0   0   4   1   0   0   9  0.33 0.15
  204 R    2  1 -1  1 -3  1  4 -2 -2 -4 -4  2 -3 -4 -3  0 -2 -4 -3 -3   23   9   2   8   0   4  38   0   0   0   0  10   0   0   0   5   1   0   0   0  0.53 0.19
  205 R   -2  5  0 -3 -5  2 -1 -3 -2 -4 -3  5 -3 -5 -3 -2 -2 -5 -3 -2    1  41   5   0   0   7   0   1   0   0   1  37   0   0   0   0   1   0   0   4  0.88 0.26
  206 E   -1 -2  2 -1 -4  0  1  5 -3 -5 -5  1 -4 -5 -3 -1 -3 -4 -4 -5    1   1  10   3   0   5  13  57   0   0   0   8   0   0   0   3   0   0   0   0  0.86 0.23
  207 L   -3 -4 -5 -5 -4 -3 -5 -4  1 -1  4 -4 -1  4 -5 -4 -3  7 -1 -1    1   0   0   0   0   0   0   0   4   1  55   0   0  17   0   0   0  19   0   1  1.05 0.28
  208 L   -2 -4 -4 -5 -3 -4 -4 -5 -4  3  4 -4  1 -1 -4 -3  1 -4 -2  3    0   0   0   0   0   0   0   0   0  14  49   0   2   2   0   0  10   0   0  23  0.66 0.20
  209 P   -2 -5 -5 -4 -3 -4 -4 -5 -5 -5 -6 -4 -5 -6  9 -3 -4 -7 -6 -4    2   0   0   0   1   0   0   0   0   0   0   0   0   0  96   0   0   0   0   1  2.84 0.50
  210 L   -4 -4 -5 -6 -4 -5 -5 -5 -4  0  4 -5  1  6 -5 -4 -3 -2  0 -1    0   0   0   0   0   0   0   0   0   1  51   0   2  44   0   0   0   0   0   2  1.16 0.30
  211 I   -3 -4 -5 -5 -3 -4 -5 -5 -4  3  3 -4  0  5 -5 -4 -3 -2 -1  3    0   0   0   0   0   0   0   0   0  22  26   0   0  31   0   0   0   0   0  20  0.77 0.22
  212 D   -4 -4 -1  8 -6 -3 -1 -4 -4 -6 -6 -3 -6 -6 -4 -3 -2 -7 -6 -6    0   0   0  98   0   0   0   0   0   0   0   0   0   0   0   0   2   0   0   0  2.26 0.46
  213 F   -2 -4 -5 -5 -4 -4 -5 -5 -4  3 -1 -4  6  7 -5 -4 -2 -2  0 -1    2   0   0   0   0   0   0   0   0  18   1   0  26  49   0   0   2   0   0   2  1.16 0.32
  214 A    7 -4 -4 -4 -3 -3 -3 -2 -4 -4 -4 -3 -3 -2 -3 -1 -2 -5 -4 -3   98   0   0   0   0   0   0   0   0   0   0   0   0   2   0   0   0   0   0   0  1.56 0.41
  215 Y   -5 -5 -5 -6 -5 -4 -5 -6 -1 -4 -4 -5 -4  0 -6 -5 -5 -1 10 -4    0   0   0   0   0   0   0   0   0   0   0   0   0   0   0   0   0   0 100   0  2.83 0.56
  216 Q   -4 -2 -3 -3 -6  9 -1 -5 -2 -6 -4 -1 -3 -6 -4 -3 -4 -5 -4 -5    0   0   0   0   0  99   0   0   0   0   1   0   0   0   0   0   0   0   0   0  2.32 0.54
  217 G   -2 -5 -3 -4 -5 -4 -5  7 -5 -6 -6 -4 -5 -6 -5 -3 -4 -5 -6 -6    0   0   0   0   0   0   0 100   0   0   0   0   0   0   0   0   0   0   0   0  2.17 0.42
  218 F   -5 -5 -6 -6 -5 -6 -6 -6 -4 -2  0 -6 -2  9 -6 -5 -5 -2  1 -3    0   0   0   0   0   0   0   0   0   0   7   0   0  93   0   0   0   0   0   0  2.24 0.45
  219 G    3 -4 -3 -1 -4 -3 -4  6 -4 -5 -5 -3 -4 -5 -4 -1 -3 -5 -5 -4   28   0   0   2   0   0   0  69   0   0   0   0   0   0   0   1   0   0   0   0  1.32 0.31
  220 D    0  1  2  4 -4  0  2 -2  0 -3 -4  1 -3 -4 -3  0  0 -4 -3 -2    8   8   9  35   0   3  15   1   3   0   0   8   0   0   0   4   4   0   1   2  0.48 0.15
  221 G   -2 -4 -1 -1 -5 -4 -4  7 -4 -6 -6 -4 -5 -5 -4  0 -4 -5 -5 -5    0   0   2   3   0   0   0  91   0   0   0   0   0   0   0   5   0   0   0   0  1.80 0.37
  222 L   -3 -4 -5 -5 -3 -4 -5 -5 -5  4  4 -4  2 -1 -4 -4 -2 -4 -3  2    0   0   0   0   0   0   0   0   0  26  57   0   4   0   0   0   1   0   0  12  0.85 0.24
  223 E   -1 -2 -1  5 -3  0  6 -4 -2 -5 -5 -1 -4 -5 -3 -1 -2 -5 -4 -4    5   0   2  32   0   2  55   0   0   0   0   0   0   0   0   1   1   0   0   0  1.14 0.30
  224 E    1 -2 -2  0 -5  3  6 -4 -2 -4 -5 -1 -4 -5 -2 -1 -2 -5 -4 -4   10   0   0   2   0  12  71   0   0   1   0   0   0   0   1   2   1   0   0   0  1.18 0.33
  225 D   -4 -4 -1  8 -6 -3 -1 -4 -4 -6 -6 -3 -6 -6 -4 -3 -4 -7 -6 -6    0   0   0 100   0   0   0   0   0   0   0   0   0   0   0   0   0   0   0   0  2.34 0.48
  226 A    6 -2 -3 -4 -3 -3 -3  1 -4 -3 -3 -2 -1 -4 -3 -1 -1 -5 -4 -2   85   2   0   0   0   0   0   8   0   0   0   1   1   0   0   1   2   0   0   0  1.15 0.34
  227 W    2 -1 -2 -3 -2  2  1 -3 -1 -2 -2 -1 -2  0 -3 -1 -1  5  5 -1   26   3   0   0   1  10   9   0   0   2   2   3   0   3   0   1   2  10  24   3  0.46 0.19
  228 A    3 -4 -3 -3 -3 -3 -4  6 -4 -3 -4 -3 -4 -5 -4 -1 -3 -4 -4  0   29   0   0   0   0   0   0  62   0   1   0   0   0   0   0   2   0   0   0   7  1.09 0.28
  229 V   -2 -4 -5 -5 -3 -4 -4 -5 -5  2  4 -4  1 -2 -3 -4 -2 -4 -3  4    1   0   0   0   0   0   0   0   0   8  48   0   3   0   1   0   1   0   0  38  0.77 0.23
  230 R   -3  8 -2 -3 -6  0 -2 -3 -1 -6 -5  0 -4 -5 -5 -3 -4 -5 -4 -5    1  92   1   0   0   2   1   2   1   0   0   0   0   0   0   0   0   0   0   0  1.90 0.43
  231 L    1 -1 -3 -3 -2 -1 -2 -3 -1  2  3 -1  1 -1 -3 -2  0 -3  0  0   13   2   0   0   0   4   2   0   2  15  41   5   2   0   0   0   8   0   4   3  0.27 0.13
  232 F   -4 -4 -5 -5 -2 -4 -5 -5 -4  1  2 -5  4  7 -5 -4 -3 -2  0  0    0   0   0   0   1   0   0   0   0   5  19   0  13  57   0   0   0   0   0   6  1.15 0.29
  233 A    6 -4 -4 -4 -1 -3 -3 -2 -4 -2 -1 -3 -2 -4 -3  0 -1 -5 -4  1   79   0   0   0   1   0   0   0   0   0   4   0   0   0   0   3   2   0   0   9  1.00 0.31
  234 G    3  0  0  2 -3  1  3 -1 -1 -4 -4  1 -3 -4 -2  0 -1 -4 -3 -3   31   3   4  11   0   6  26   3   0   0   0  10   0   0   0   6   1   0   0   0  0.43 0.17
  235 E    2  0  2 -1 -1  1  0 -2  1 -2 -2  1 -1 -2 -1  2  1 -3  0 -2   22   6  10   0   1   6   6   0   4   0   3   8   2   0   1  19   7   0   4   1  0.19 0.11
  236 L   -2 -3  1 -2  1 -2 -2  3  4 -1  1 -3 -1 -2 -4 -2 -2 -4 -2  2    0   0   9   2   3   0   1  25  15   0  19   0   1   1   0   0   0   0   1  24  0.33 0.17
  237 P   -2 -1 -1  2 -4  0  0 -2 -2 -1  1  1  0 -3  5 -1 -2 -4 -3 -2    1   2   2  12   0   5   3   2   0   4  18  12   2   0  33   2   1   0   0   1  0.53 0.16
  238 E   -3 -2  1  1 -5  1  6 -4 -2 -5 -4 -1 -4 -5  1  0  0 -5 -4 -4    0   0   6   4   0   3  67   0   0   0   1   0   0   0   7   6   6   0   0   0  1.04 0.30
  239 V   -1 -4 -4 -5 -3 -3 -4 -5 -4  1  3 -4  5  3 -4 -3 -2 -3 -1  2    4   0   0   0   0   0   0   0   0   4  37   0  20  16   0   0   0   0   1  18  0.64 0.21
  240 L   -3 -4 -5 -5 -3 -4 -5 -5 -4  4  4 -4  1  4 -5 -4 -3 -3 -1  1    0   0   0   0   0   0   0   0   0  31  43   0   1  19   0   0   0   0   0   6  0.79 0.22
  241 V   -2 -5 -5 -5 -3 -4 -5 -5 -5  5  0 -4 -1 -2 -4 -4 -2 -5 -3  6    1   0   0   0   0   0   0   0   0  32   5   0   0   1   0   0   0   0   0  61  1.07 0.29
  242 T    4 -3 -3 -3  5 -3 -3 -2 -3 -3 -3 -3 -3 -4 -3  3  2 -4 -4 -2   49   0   0   0  16   0   0   0   0   0   0   0   0   0   0  23  13   0   0   0  0.83 0.27
  243 S    0 -3  3 -2 -2 -1 -2 -2 -3 -4 -4 -2 -4 -4 -3  6  1 -5 -3 -4    5   0  15   0   0   1   0   0   0   1   0   0   0   0   0  71   6   0   1   0  1.02 0.33
  244 S   -1 -3 -2 -3 -3 -3 -3 -3 -3 -5 -5 -3 -4 -5 -3  7 -1 -5 -4 -4    0   0   0   0   0   0   0   0   0   0   0   0   0   0   0 100   0   0   0   0  1.75 0.47
  245 C   -4 -5 -5 -6  8 -5 -5 -4 -3 -3 -3 -5 -3  7 -6 -4 -4 -2  5 -3    0   0   0   0  33   0   0   1   0   0   0   0   0  47   0   0   0   0  19   0  1.71 0.37
  246 S   -1 -3 -2 -3 -3 -3 -3 -3 -3 -5 -5 -3 -4 -5 -3  7 -1 -5 -4 -4    0   0   0   0   0   0   0   0   0   0   0   0   0   0   0 100   0   0   0   0  1.75 0.47
  247 K   -3  0 -3 -3 -6 -1 -2 -4 -3 -5 -5  8 -4 -6 -4 -3 -3 -6 -4 -5    0   0   0   0   0   0   0   0   0   0   0 100   0   0   0   0   0   0   0   0  1.96 0.46
  248 N   -3 -3  8 -1 -5 -2 -3 -3 -2 -2 -5 -3 -4 -5 -4  3 -2 -6 -4 -5    0   0  75   0   0   0   0   0   0   3   0   0   0   0   0  22   0   0   0   0  1.56 0.40
  249 F   -5 -6 -6 -6 -5 -6 -6 -6 -4 -3 -1 -6 -2  9 -6 -5 -5 -2  1 -3    0   0   0   0   0   0   0   0   0   0   3   0   0  97   0   0   0   0   0   0  2.42 0.48
  250 G   -1 -4 -2 -3 -4 -3 -4  6 -4 -5 -5 -3 -4 -5 -4  3 -2 -5 -5 -5    2   0   0   0   0   0   0  72   0   0   0   0   0   0   0  26   0   0   0   0  1.42 0.33
  251 L   -3 -4 -6 -6 -3 -4 -5 -6 -5  1  6 -5  2 -1 -5 -5 -3 -4 -3  0    0   0   0   0   0   0   0   0   0   4  90   0   3   1   0   0   0   0   0   2  1.29 0.33
  252 Y   -5 -5 -5 -6 -5 -4 -5 -6 -1 -4 -4 -5 -4  0 -6 -5 -5 -1 10 -4    0   0   0   0   0   0   0   0   0   0   0   0   0   0   0   0   0   0 100   0  2.83 0.56
  253 R   -3  5  5 -2 -1 -1 -2  3 -2 -5 -5 -1 -4 -5 -4 -1 -2 -5 -4 -5    0  36  32   0   1   1   0  26   0   0   0   0   0   0   0   4   0   0   0   0  0.91 0.27
  254 D   -3 -3 -3  2 -6 -1  7 -5 -3 -6 -6 -2 -5 -6 -4 -3 -3 -6 -5 -5    0   0   0   8   0   0  92   0   0   0   0   0   0   0   0   0   0   0   0   0  1.83 0.43
  255 R   -4  8 -3 -4 -6 -1 -3 -5 -3 -6 -5  0 -4 -6 -5 -2 -4 -5 -4 -5    0  98   0   0   0   0   0   0   0   0   0   0   0   0   0   2   0   0   0   0  2.18 0.47
  256 V   -1 -4 -4 -5  1 -4 -4 -5 -5  3 -1 -4 -1 -3 -4 -3  2 -5 -3  6    2   0   0   0   3   0   0   0   0  16   0   0   0   0   0   0  14   0   0  66  0.95 0.29
  257 G   -2 -5 -3 -4 -5 -4 -5  7 -5 -6 -6 -4 -5 -6 -5 -3 -4 -5 -6 -6    1   0   0   0   0   0   0  99   0   0   0   0   0   0   0   0   0   0   0   0  2.14 0.42
  258 A    6 -4 -3 -4  1 -3 -2  1 -4 -3 -2 -3 -2 -4 -3  0 -1 -5 -4 -2   80   0   0   0   2   0   1   8   0   1   3   0   0   0   0   3   1   0   0   0  1.02 0.31
  259 L    0 -4 -5 -5  5 -4 -4 -4 -4  1  4 -4  0  3 -4 -3 -3 -3 -2  1    7   0   0   0  17   0   0   0   0   4  50   0   1  14   0   0   0   0   0   8  0.70 0.22
  260 I    0 -3 -2 -3  0 -2 -3 -2 -2  1 -2 -2  1 -3 -3  4  5 -4 -3 -1    4   0   0   0   2   0   0   1   1  11   2   0   3   1   0  35  39   0   0   2  0.61 0.24
  261 V   -1 -4 -5 -5 -2 -4 -4 -5 -4  4  3 -4  2 -1 -4 -3 -2 -4 -3  4    5   0   0   0   0   0   0   0   0  29  30   0   4   1   0   0   0   0   0  31  0.67 0.20
  262 C   -2 -5 -5 -5  4 -4 -5 -5 -5  4  0 -4  0 -3 -4 -4 -2 -5 -3  6    0   0   0   0   8   0   0   0   0  20   5   0   1   0   0   0   0   0   0  66  1.06 0.29
  263 A    4 -3 -3 -3  4 -2 -2  1 -3 -3 -3 -2 -3 -3 -3  1  3 -4 -2 -2   52   0   0   0   8   0   1   7   0   0   1   0   0   1   0  10  19   0   1   0  0.65 0.24
  264 Q    3  0  0  1 -3  1  2  0  0 -3 -3  2 -3 -4 -1  0  0 -4 -3 -2   31   2   2   6   0   6  19   8   2   0   0  15   0   0   2   5   4   0   0   0  0.33 0.14
  265 N   -2 -3  3  5 -4 -2 -1 -2 -2 -4 -5 -2 -4 -5 -3  3  2 -5 -4 -4    1   0  18  43   0   0   1   1   0   0   0   0   0   0   0  23  12   0   0   0  0.87 0.26
  266 A    3  0 -1 -1 -3  0  0 -1 -1 -3 -3  2 -2 -4  0  2  1 -4 -3 -2   38   4   2   1   0   3   6   3   1   0   0  16   0   0   4  16   7   0   0   0  0.36 0.16
  267 E    2 -2 -1  4 -4  0  5 -2 -2 -4 -4  0 -3 -5 -3 -1  0 -5 -4 -3   18   0   1  24   0   2  42   1   0   0   0   3   0   0   0   3   4   0   0   0  0.69 0.22
  268 K    0 -1 -1  0 -3  2  3 -3 -2  0 -2  1 -2 -3 -2  0  2 -4 -3  1    7   2   2   3   0  12  26   0   0   6   0   8   0   0   0   4  19   0   0  11  0.30 0.14
  269 L    5 -1 -2 -3 -2 -2 -3 -2 -2 -2  0 -2  1 -3 -3  1 -1 -4 -3  0   63   4   1   0   0   0   0   1   1   0  10   0   4   0   0   8   3   0   0   6  0.59 0.23
  270 T    2 -2  1  3 -3  0  1  0 -2 -2 -2  0 -2 -3 -2  0  1 -4 -3 -1   20   0   8  22   0   4   7   6   0   2   4   7   0   0   0   5  10   0   0   5  0.23 0.10
  271 D    1  4  1  1 -3 -1 -2 -3 -2  1 -2  0 -2 -3 -3 -1  1 -4 -3  0   13  37   8  10   0   0   0   0   0   9   1   4   0   0   0   1   9   0   0   8  0.38 0.17
  272 L    4 -3 -4 -4 -1 -3 -3 -2 -4  1 -1 -3 -1 -3 -3  0 -1 -4 -3  4   45   0   0   0   1   0   0   2   0   7   2   0   0   0   0   4   1   0   0  37  0.62 0.23
  273 R   -2  2 -1 -3 -3  1 -3 -3 -1 -1  3 -1  1  5 -4 -2 -1 -2  0 -1    1  13   4   0   0  10   0   2   1   0  30   1   3  30   0   2   2   0   1   1  0.41 0.18
  274 S   -1 -3 -2 -3 -3 -2 -3  0 -3 -5 -5 -3 -4 -5 -3  6  1 -5 -4 -3    0   0   0   0   0   0   0   7   0   0   0   0   0   0   0  86   6   0   0   1  1.33 0.39
  275 Q   -3 -2 -1 -3 -5  8 -1 -4  1 -2 -4 -1 -2 -5 -4 -3 -3 -5 -4  0    0   0   1   0   0  84   0   0   3   2   1   0   0   0   0   0   0   0   0   8  1.68 0.44
  276 L   -2 -4 -5 -5 -3 -4 -4 -5 -4  3  4 -4  2 -2 -4 -4 -2 -4 -3  4    2   0   0   0   0   0   0   0   0  16  44   0   6   0   0   0   0   0   0  30  0.71 0.21
  277 A    1  0 -2 -3 -4  1 -1 -2 -3 -3  1  6  0 -3 -3 -2 -2 -4 -3 -3   13   0   0   0   0   5   0   2   0   0  15  62   2   1   0   0   0   0   0   0  0.76 0.27
  278 F    1  3  0 -2 -3  0 -2 -2 -1  0 -2  0 -2 -1 -2  3  0 -3  1 -2   16  24   4   0   0   2   0   1   0   9   1   2   1   2   1  26   6   0   6   1  0.28 0.15
  279 L    1 -4 -4 -4 -1 -3 -4 -3 -3  4  0 -3  0 -2 -4 -2  2 -4 -3  4   10   0   0   0   1   0   0   1   0  28   4   1   1   0   0   2  13   0   0  40  0.54 0.20
  280 A    2 -4 -5 -5 -3 -4 -4 -4 -5  6 -1 -4 -1 -2 -4 -3 -2 -5 -3  3   22   0   0   0   0   0   0   0   0  55   0   0   0   0   0   0   1   0   0  22  0.89 0.27
  281 R   -4  8 -3 -4 -6 -2 -3 -5 -3 -6 -5  0 -4 -6 -5 -3 -4 -5 -4 -5    0 100   0   0   0   0   0   0   0   0   0   0   0   0   0   0   0   0   0   0  2.27 0.48
  282 N    2  0  2 -1  1 -1 -1  1 -2 -2 -3 -2 -2 -4 -2  1  3 -4 -3  0   20   4   9   2   4   1   2   9   0   0   0   0   0   0   0  12  30   0   0   7  0.32 0.15
  283 L   -3 -3  6 -2 -4 -3 -3 -3  1  3  1 -3  0 -3 -4 -1 -1 -5 -3 -1    1   0  50   0   0   0   0   0   3  24  17   0   2   0   0   2   1   0   0   1  0.79 0.27
  284 W   -5 -5 -5 -6 -5 -4 -5 -6 -1 -3 -4 -5 -4  0 -6 -5 -4  6  9 -4    0   0   0   0   0   0   0   0   0   1   0   0   0   0   0   0   0  10  89   0  2.56 0.51
  285 S   -1 -3 -2 -3 -3 -3 -3 -3 -3 -5 -5 -3 -4 -5 -3  7 -1 -5 -4 -4    0   0   0   0   0   0   0   0   0   0   0   0   0   0   0 100   0   0   0   0  1.75 0.47
  286 T   -3 -3  7 -2 -4 -2 -3 -3 -2 -3 -3 -3  6 -4 -4  1  1 -5 -4 -3    0   0  57   0   0   0   0   0   0   0   0   0  25   0   0   9   9   0   0   0  1.21 0.35
  287 P   -4 -5 -5 -4 -6 -4 -4 -5 -5 -6 -6 -4 -5 -7  9 -4 -4 -7 -6 -5    0   0   0   0   0   0   0   0   0   0   0   0   0   0 100   0   0   0   0   0  3.05 0.53
  288 P   -1 -5 -4 -4 -5 -4 -4 -5 -5 -5 -6 -4 -5 -6  8 -1 -3 -6 -6 -5    5   0   0   0   0   0   0   0   0   0   0   0   0   0  91   4   0   0   0   0  2.61 0.47
  289 A    4 -2  0  1 -2 -2 -2 -2 -3 -1 -3 -2 -2 -4 -3  2  3 -4 -3 -2   46   2   4   8   0   0   0   0   0   4   0   0   0   0   0  17  19   0   0   0  0.53 0.21
  290 H   -5 -3 -2 -4 -6 -2 -3 -5 11 -6 -5 -4 -4 -1 -5 -4 -4 -5  2 -6    0   0   0   0   0   0   0   0  92   0   0   0   0   3   0   0   0   0   4   0  2.82 0.54
  291 G   -2 -5 -3 -4 -5 -4 -5  7 -5 -6 -6 -4 -5 -6 -5 -3 -4 -5 -6 -6    0   0   0   0   0   0   0 100   0   0   0   0   0   0   0   0   0   0   0   0  2.17 0.42
  292 A    5 -4 -3 -3 -3 -3 -3  3 -4 -4 -4 -3 -3 -4 -3  0 -2 -5 -4 -3   69   0   0   0   0   0   1  26   0   0   0   0   0   0   0   5   0   0   0   0  1.05 0.31
  293 E    4 -2 -1 -1 -2  1 -1 -1 -2 -2 -1  0 -2 -4 -2  2  0 -4 -3 -2   55   0   2   2   0   7   1   1   1   2   6   4   0   0   0  13   6   0   0   0  0.48 0.20
  294 V   -1 -4 -5 -5 -3 -4 -4 -5 -5  5  1 -4 -1 -2 -4 -3  0 -4 -3  5    4   0   0   0   0   0   0   0   0  35  10   0   0   0   0   0   4   0   0  47  0.83 0.24
  295 V   -2 -5 -5 -6 -3 -5 -5 -6 -6  1 -1 -5 -2 -3 -5 -4 -2 -5 -4  7    2   0   0   0   0   0   0   0   0   1   0   0   0   0   0   0   1   0   0  96  1.57 0.40
  296 A    4 -2 -1  1 -2 -1  1 -2 -2 -3 -3 -2 -3 -4 -2  1  1 -4 -2 -2   54   2   2   7   0   1  10   1   0   0   0   0   0   0   0  10  11   0   1   0  0.53 0.21
  297 A    1 -2 -2 -3 -3 -2  0 -2  1  1 -2 -2  0 -3 -3  0  5 -4 -2 -1   13   2   1   0   0   1   5   3   4   9   2   0   3   0   0   2  55   0   1   1  0.56 0.23
  298 I   -2 -5 -5 -5 -3 -5 -5 -6 -5  6 -1 -5 -1 -2 -5 -4 -2 -5 -3  5    1   0   0   0   0   0   0   0   0  60   0   0   0   0   0   0   0   0   0  38  1.24 0.32
  299 L   -3 -4 -6 -6 -3 -4 -5 -6 -5  0  6 -5  2 -1 -5 -5 -3 -4 -3 -1    0   0   0   0   0   0   0   0   0   0  96   0   3   0   0   0   0   0   0   1  1.44 0.36
  300 G    1 -2  4  0 -3  0 -1  3  1 -4 -4 -1 -3 -4 -3  2  0 -4 -3 -3   15   0  23   2   0   3   3  26   5   0   0   1   0   0   0  17   4   0   0   0  0.46 0.16
  301 D   -2 -2  4  6 -4 -2 -1 -3 -2 -5 -5 -2 -4 -5 -3  3  1 -6 -4 -4    0   1  20  48   0   0   0   0   0   0   0   0   0   0   0  25   7   0   0   0  1.01 0.28
  302 S    2 -3 -1  3 -4 -1  2 -3 -2 -4 -4 -1 -4 -5  6 -1  0 -5 -4 -3   18   0   2  17   0   1  14   0   0   0   0   2   0   0  38   2   4   0   0   0  0.86 0.23
  303 E    3 -2 -2  1 -4  1  5 -2 -2 -3 -4 -1 -3 -5 -2 -1  0 -5 -4 -2   25   0   0   5   0   4  52   2   0   0   1   1   0   0   0   2   4   0   0   2  0.73 0.25
  304 L   -4 -4 -6 -6 -4 -4 -5 -6 -5 -1  6 -5  0 -2 -5 -5 -3 -2 -3 -1    0   0   0   0   0   0   0   0   0   0 100   0   0   0   0   0   0   0   0   0  1.54 0.38
  305 K   -2  6 -1 -3 -1 -1 -2 -4  0 -4 -4  4 -2 -2 -3 -1  1 -4  0 -4    1  50   1   0   1   0   0   0   2   0   0  25   1   1   0   2  12   0   4   0  0.87 0.26
  306 G    4 -1  0 -2 -3  3 -1 -1 -1 -3 -2  0 -2 -4 -2  0  1 -4 -3 -2   51   2   3   1   0  18   2   2   1   0   2   5   0   0   0   5   7   0   0   0  0.52 0.22
  307 L   -2 -1 -1  0 -2  2  2 -3 -2  1  2 -1  4 -2 -3 -1  0 -3 -3 -1    2   2   1   5   0  14  17   1   0   8  27   1  14   0   0   3   4   0   0   1  0.26 0.14
  308 W   -6 -6 -7 -8 -6 -5 -6 -6 -6 -6 -5 -6 -5 -2 -7 -6 -6 13 -1 -6    0   0   0   0   0   0   0   0   0   0   0   0   0   0   0   0   0 100   0   0  4.54 0.69
  309 Q   -1  0 -2 -1 -4  2  5 -4  3  0  0 -1 -1 -3 -3 -1 -1 -4 -2  0    4   3   0   1   0  10  45   0   8   7   9   1   0   0   0   1   2   0   1   8  0.48 0.19
  310 E    2 -1  0  3 -3  4  2 -1 -1 -4 -3  0 -2 -4 -2  1  0 -4 -3 -3   19   1   4  17   0  24  14   2   0   0   1   5   1   0   0   7   5   0   0   1  0.41 0.16
  311 E   -3 -3 -3 -1 -6 -1  8 -5 -3 -6 -6 -2 -5 -6 -4 -3 -3 -6 -5 -5    0   0   0   0   0   0 100   0   0   0   0   0   0   0   0   0   0   0   0   0  2.06 0.47
  312 V   -3 -4 -5 -6 -3 -4 -5 -6 -5  0  5 -4  0 -2 -5 -4 -3 -4 -3  3    0   0   0   0   0   0   0   0   0   0  73   0   0   0   0   0   0   0   0  27  1.08 0.30
  313 E    3 -1  0  1 -3  0  2  1 -2 -3 -3  1 -3 -4 -2  0  3 -4 -3 -2   28   1   4   9   0   1  15   9   0   0   0   7   0   0   0   2  25   0   0   0  0.36 0.16
  314 G    1 -2 -2  2 -4  1  5  1 -2 -3 -3 -1 -3 -4 -3  0  0 -4 -4 -1   17   0   0  10   0   4  44  12   0   1   1   0   0   0   0   3   5   0   0   4  0.54 0.20
  315 M   -4 -4 -5 -6 -4 -3 -5 -6 -5 -2 -1 -4 10 -3 -6 -5 -4 -4 -4 -2    0   0   0   0   0   0   0   0   0   0   0   0  97   0   0   0   0   0   0   1  2.69 0.58
  316 R   -4  8 -3 -4  0 -2 -3 -5 -3 -6 -5  0 -4 -6 -5 -3 -4 -5 -4 -5    0  97   0   0   3   0   0   0   0   0   0   0   0   0   0   0   0   0   0   0  2.15 0.47
  317 S   -1 -2  1  4 -2  2  3 -1 -2 -2 -1 -1 -2 -4 -3  0  0 -4 -3  0    3   0   7  25   1  12  22   3   0   0   8   1   0   0   0   5   5   0   0   8  0.35 0.14
  318 R   -4  8 -3 -4 -4 -2 -3 -5 -2 -6 -5  0 -4 -6 -5 -3 -4 -5 -4 -5    0  99   0   0   0   0   0   0   0   0   0   0   0   0   0   0   0   0   0   0  2.22 0.48
  319 I   -4 -5 -6 -6 -4 -5 -6 -6 -6  8 -1 -5  2 -2 -5 -5 -3 -5 -4  1    0   0   0   0   0   0   0   0   0  93   0   0   6   0   0   0   0   0   0   2  1.71 0.40
  320 A    1  2  2 -1 -3  3 -1 -2  3 -2 -1  2 -2 -3 -3 -1 -2 -2 -2 -2   17  15  14   1   0  16   0   1   9   2   7  18   0   1   0   0   0   0   0   0  0.34 0.16
  321 S    1  2  0  1 -3  1  2  2  0 -3 -3  0 -2 -4 -2  1  0 -4 -3 -3   17  12   2   7   0   6  17  17   1   0   2   2   0   0   0   9   7   0   0   0  0.27 0.11
  322 L   -3 -4 -1 -5 -4 -3 -4 -5 -4 -1  3 -4  8 -2 -5 -4 -3 -4 -1 -1    0   0   4   0   0   0   0   0   0   0  33   0  58   0   0   0   0   0   1   1  1.37 0.38
  323 R   -4  8 -3 -4 -6 -2 -3 -5 -3 -6 -5  0 -4 -6 -5 -3 -4 -5 -4 -5    0 100   0   0   0   0   0   0   0   0   0   0   0   0   0   0   0   0   0   0  2.27 0.48
  324 I    0  0  0 -1 -3  4  1 -2  2 -2 -1  1 -1 -3 -2  1  1 -3 -2  0   10   3   5   1   0  25   8   2   6   1   5   6   0   0   0  10  10   0   0   9  0.23 0.12
  325 G    1 -2 -2 -1 -3  1 -1  2 -2 -1  3  0  1 -2 -3 -1 -1 -3 -3 -1   13   1   0   3   0  10   1  17   1   1  36   8   4   0   0   4   1   0   0   0  0.21 0.13
  326 L   -4 -4 -5 -6 -4 -4 -5 -5 -4  1  4 -5  3  6 -5 -4 -3 -2 -1 -1    0   0   0   0   0   0   0   0   0   4  52   0   7  37   0   0   0   0   0   0  1.05 0.28
  327 V   -1 -4 -4 -5 -3 -3 -4 -5 -5  1 -1 -2 -1 -3 -4 -3 -2 -5 -2  7    5   0   0   0   0   1   0   0   0   1   3   2   0   0   0   1   0   0   1  86  1.22 0.34
  328 E    0 -1  2  3 -4  2  4 -2 -2 -4 -4  0 -3 -5 -3  0 -1 -5 -4 -4    8   1  13  18   0   9  39   1   0   0   0   4   0   0   0   3   3   0   0   0  0.63 0.20
  329 A    2  0  0 -2 -3  0 -1  0 -2 -2 -1  3 -1 -3 -2  1  3 -4 -3 -1   18   4   2   0   0   4   1   7   0   0   7  23   0   0   0   7  23   0   0   3  0.25 0.13
  330 L   -4 -4 -6 -6 -3 -4 -5 -6 -5  1  6 -5  2 -1 -5 -5 -3 -4 -3 -1    0   0   0   0   0   0   0   0   0   3  91   0   5   1   0   0   0   0   0   0  1.34 0.34
  331 A    2  1 -1 -2 -3  3  0 -2  0 -2 -3  4 -2 -4 -2  0  0 -4 -3 -2   25   5   2   1   0  14   4   0   1   2   0  36   0   0   0   3   5   0   0   1  0.46 0.19
  332 P    3 -1 -1  1 -3  0  4 -1 -2 -3 -4  0 -3 -4  3  0 -1 -4 -4 -3   33   2   1   6   0   2  31   2   0   0   0   4   0   0  14   3   2   0   0   0  0.53 0.19
  333 H    1  1  0 -2 -2  2  1 -2  3 -2 -1  3 -1 -1 -2  0 -1 -3  1 -2   16   4   4   0   1   9   6   0  10   1   6  26   0   2   0   5   2   0   7   1  0.23 0.12
  334 G    0 -4 -2 -3 -4 -1 -3  7 -4 -5 -5 -3 -2 -5 -3 -1 -3 -5 -5 -3    5   0   1   1   0   3   0  82   0   0   0   0   1   0   0   3   0   0   0   2  1.46 0.32
  335 L    3 -3 -2 -3 -1 -1 -3 -2 -3  1  1 -2 -1 -2  1 -1 -1 -4 -2  3   29   0   2   1   1   2   0   1   0   5  13   0   0   0   7   3   1   0   1  33  0.32 0.15
  336 A    1  0  1  2 -3  1  1  1 -1 -3 -3  2 -2 -3  0  1  1 -4 -3 -2   14   2   8  12   0   8   8   9   1   0   0  14   0   0   3   9  10   0   0   1  0.23 0.09
  337 E   -1  3 -1 -1 -4  5  2  0  1 -4 -3  2 -2 -4 -2 -1 -2 -4 -3 -3    4  22   1   3   0  34  12   6   4   0   1   9   0   0   1   2   1   0   0   2  0.57 0.19
  338 R   -4  2  2  7 -6 -2 -1 -3 -2 -5 -5 -1 -5 -5 -4 -2 -3 -6 -5 -5    0  14   7  75   0   0   0   1   0   0   0   2   0   0   0   0   0   0   0   0  1.50 0.35
  339 F   -5 -5 -4 -6 -5 -6 -6 -6 -4 -3 -2 -6  0  9 -6 -5 -5 -2  2 -3    0   0   1   0   0   0   0   0   0   0   1   0   2  93   0   0   0   0   2   0  2.25 0.45
  340 A    2 -2 -1  2 -3 -2 -1  1 -1 -4 -4 -2 -3 -4 -3  5 -1 -5 -4 -3   14   1   1  12   0   0   2   8   1   0   0   0   0   0   0  61   0   0   0   0  0.77 0.27
  341 H   -5 -5 -5 -6 -1 -5 -5 -5  4 -3 -2 -5 -3  8 -6 -5 -4 -1  3 -3    0   0   0   0   2   0   0   0  12   0   0   0   0  81   0   0   0   0   6   0  1.93 0.41
  342 V   -3 -5 -5 -5 -3 -5 -5 -6 -5  7  1 -5  0 -2 -5 -4 -3 -5 -3  3    0   0   0   0   0   0   0   0   0  74   5   0   0   1   0   0   0   0   0  20  1.28 0.32
  343 G    2 -1  1 -1 -2  0  1  0 -2  1  0  0 -1 -3 -2  1  1 -3 -3  0   21   2   9   1   0   2  10   7   0  15   6   5   0   0   0   7  12   0   0   1  0.12 0.09
  344 A    0  4  0  1 -4  3  2 -2  1 -3 -3  2 -2 -4 -3 -1 -1 -4 -3 -2    9  25   2   6   0  15  13   1   3   1   0  16   0   0   0   3   3   0   0   3  0.41 0.15
  345 Q   -4 -2 -3 -3 -6  9  0 -5  0 -6 -5 -1 -3 -6 -4 -3 -3 -5 -4 -5    0   0   0   0   0  96   3   0   2   0   0   0   0   0   0   0   0   0   0   0  2.20 0.51
  346 R   -2  5  5 -2 -2  0 -2 -3  1 -3 -4  2 -3 -3 -4 -1 -2 -5 -2 -3    2  39  30   0   1   2   0   0   3   2   0  14   0   1   0   2   0   0   1   1  0.76 0.24
  347 G   -2 -5 -3 -4 -5 -4 -5  7 -5 -6 -6 -4 -5 -6 -5 -3 -4 -5 -6 -6    0   0   0   0   0   0   0 100   0   0   0   0   0   0   0   0   0   0   0   0  2.16 0.42
  348 M   -4 -4 -5 -6 -4 -3 -5 -6 -5 -2 -1 -4 11 -3 -6 -5 -4 -4 -4 -2    0   0   0   0   0   0   0   0   0   0   0   0  98   0   0   0   0   0   0   0  2.73 0.58
  349 F   -5 -6 -6 -6 -5 -6 -6 -6 -4 -3 -2 -6 -3  9 -6 -5 -5 -2  1 -4    0   0   0   0   0   0   0   0   0   0   0   0   0 100   0   0   0   0   0   0  2.54 0.49
  350 S   -1 -3 -2 -3 -3 -3 -3 -3 -3 -5 -5 -3 -4 -5 -3  7 -1 -5 -4 -4    0   0   0   0   0   0   0   0   0   0   0   0   0   0   0  99   1   0   0   0  1.71 0.45
  351 Y   -4 -2 -5 -6 -5 -5 -5 -6 -2 -3 -2 -5 -3  7 -6 -4 -4 -1  7 -3    0   2   0   0   0   0   0   0   0   0   1   0   0  56   0   0   0   0  41   0  1.84 0.39
  352 T   -1 -3 -2 -3 -2 -2 -3 -3 -3 -2  2 -3 -2 -3 -3  5  3 -4 -3 -2    0   0   0   0   1   0   0   0   0   0  23   0   0   0   0  56  20   0   0   0  0.75 0.28
  353 G   -2 -5 -3 -3  2 -4 -4  7 -4 -6 -6 -4 -5 -6 -5 -2 -4 -5 -5 -5    0   0   0   1   4   0   0  95   0   0   0   0   0   0   0   1   0   0   0   0  1.95 0.39
  354 L   -3 -4 -5 -6 -3 -4 -5 -6 -5  3  5 -4  0 -1 -5 -4 -3 -1 -3  0    0   0   0   0   0   0   0   0   0  18  80   0   0   0   0   0   0   1   0   2  1.14 0.29
  355 S   -1 -3  3 -1 -3 -2 -2 -2 -3 -3 -4 -2 -3 -4 -2  3  5 -5 -4 -3    1   0  17   2   0   0   0   0   0   0   0   1   0   0   0  27  51   0   0   0  0.90 0.29
  356 P    2 -1 -2 -2 -4 -1 -1 -3 -3 -3 -3  4 -3 -4  5 -1 -1 -5 -4 -1   19   1   1   1   0   1   2   0   0   0   2  33   0   0  31   2   1   0   0   4  0.72 0.22
  357 Q    2 -2 -1  2 -4  1  5 -3 -2 -4 -4 -1 -1 -5 -1 -1 -2 -5 -4 -3   20   0   1  12   0   3  55   0   0   0   1   0   2   0   2   1   1   0   0   1  0.80 0.25
  358 Q   -4 -2 -3 -3 -6  9 -1 -5  0 -4 -5 -1 -3 -6 -4 -3 -3 -5 -4 -4    0   0   0   0   0  97   0   0   2   1   0   0   0   0   0   0   0   0   0   1  2.21 0.51
  359 V   -2 -5 -5 -5 -3 -4 -5 -5 -5  2 -1 -4  2 -3 -5 -4 -2 -5 -3  7    1   0   0   0   0   0   0   0   0   4   1   0   4   0   0   0   0   0   0  90  1.41 0.36
  360 A    1  0  0  3 -3  2  2 -1  0 -2 -1  0 -1 -3 -2 -1  0 -4 -3 -1   13   5   3  24   0  12  15   2   1   2   8   3   1   0   0   1   6   0   0   3  0.26 0.11
  361 R   -1  7 -2 -3 -5  2  0 -3 -1 -3 -4  2 -3 -5 -4 -2 -2 -1 -4 -4    5  67   0   0   0  11   4   1   1   1   1   7   0   0   0   1   1   1   0   0  1.14 0.30
  362 L   -4 -4 -6 -6 -3 -4 -5 -6 -5  0  6 -5  1 -2 -5 -5 -3 -4 -3  0    0   0   0   0   0   0   0   0   0   0  97   0   1   0   0   0   0   0   0   2  1.44 0.35
  363 R   -3  7 -2 -3 -5  2 -2 -4 -2 -4 -4  4 -3 -5 -4 -3 -3 -5 -4 -4    1  69   0   0   0   7   0   0   0   1   0  22   0   0   0   0   0   0   0   0  1.40 0.34
  364 D    0 -2  2  4 -4  1  4 -2 -2 -4 -4  1 -3 -4 -3  1 -1 -5 -4 -3    6   0  10  25   0   4  33   1   0   0   0   8   0   0   0  10   3   0   0   1  0.60 0.19
  365 E   -3 -1 -1  2 -6  1  6 -4  0 -5 -5  1 -4 -5 -3 -2 -3 -5 -4 -4    0   2   1   8   0   4  75   0   2   0   0   7   0   0   0   0   0   0   0   0  1.30 0.33
  366 H   -4 -4 -2 -3 -5 -3 -4 -5  6 -3 -2 -3 -3  7 -5 -3 -4 -1  4 -3    0   0   2   1   0   1   0   0  25   0   1   1   0  55   0   1   0   0  13   0  1.43 0.33
  367 A    2 -3 -1 -3 -3 -3 -3  5 -2 -4 -5 -3 -4 -4 -3  3 -2 -4 -4 -4   20   0   1   0   0   0   0  47   1   0   0   0   0   0   0  32   0   0   0   0  0.92 0.26
  368 V   -3 -5 -5 -5 -3 -5 -5 -6 -5  6 -1 -5 -1 -2 -5 -4 -2 -5 -3  5    0   0   0   0   0   0   0   0   0  60   0   0   0   0   0   0   0   0   0  40  1.26 0.32
  369 Y   -5 -5 -5 -6 -5 -4 -5 -6  0 -4 -4 -5 -4  0 -6 -5 -4  0 10 -4    0   0   0   0   0   0   0   0   1   0   0   0   0   0   0   0   0   0  99   0  2.77 0.54
  370 L    3 -3 -4 -4 -3 -3 -3 -1 -4  3  1 -3  5  0 -3 -2 -2 -4 -3  0   35   0   0   0   0   0   0   4   0  22   8   0  23   4   0   0   0   0   0   3  0.54 0.22
  371 V   -1 -5 -5 -5 -3 -4 -4 -5 -5  2  0 -4 -1 -3 -4 -3  0 -5 -3  6    2   0   0   0   0   0   0   0   0   6   6   0   0   0   0   0   4   0   0  82  1.18 0.32
  372 S    0  1  1  3 -4 -2  0  4 -2 -4 -4 -1 -4 -4 -3  2 -2 -4 -4 -4    6   9   7  22   0   0   3  35   0   0   0   1   0   0   0  17   0   0   0   0  0.59 0.18
  373 S   -1 -3 -1  0 -3 -2 -2 -2 -3 -4 -4 -2 -3 -5 -3  6  3 -5 -4 -3    0   0   1   4   0   0   0   1   0   0   0   0   0   0   0  72  22   0   0   0  1.10 0.33
  374 G   -2 -4 -2 -3 -4 -3 -4  6 -4 -6 -5 -3 -4 -5 -4  3 -2 -5 -5 -5    0   0   0   0   0   0   0  77   0   0   0   0   0   0   0  23   1   0   0   0  1.47 0.33
  375 R   -4  8 -3 -4 -6 -1 -3 -5 -3 -6 -5  0 -4 -5 -5 -3 -4 -5 -4 -5    0 100   0   0   0   0   0   0   0   0   0   0   0   0   0   0   0   0   0   0  2.22 0.46
  376 A    1 -4 -5 -5 -3 -4 -4 -5 -5  6  0 -4  3 -2 -4 -3 -2 -4 -3  3   12   0   0   0   0   0   0   0   0  63   0   0   9   0   0   0   0   0   0  16  0.95 0.27
  377 N   -2 -3  6 -2  7 -3 -3 -3 -2 -5 -5 -3 -4 -5 -4  3 -2 -5 -4 -4    0   0  52   0  27   0   0   0   0   0   0   0   0   0   0  21   0   0   0   0  1.35 0.34
  378 V   -2 -5 -5 -5 -3 -4 -5 -5 -5  3  0 -4  0 -3 -4 -4 -2 -5 -3  6    1   0   0   0   0   0   0   0   0  13   6   0   1   0   0   0   0   0   0  79  1.19 0.31
  379 A    7 -4 -4 -4 -3 -3 -3 -2 -4 -4 -4 -3 -3 -5 -3 -1 -2 -5 -4 -2  100   0   0   0   0   0   0   0   0   0   0   0   0   0   0   0   0   0   0   0  1.59 0.40
  380 G    3 -4 -3 -3 -4 -4 -4  6 -4 -5 -5 -3 -4 -5 -4 -2 -3 -5 -5 -4   23   0   0   0   0   0   0  76   0   0   0   0   0   0   0   1   0   0   0   0  1.46 0.32
  381 L   -2 -4 -5 -5 -3 -3 -4 -5 -4  4  4 -4  5  0 -4 -4 -2 -3 -3  1    1   0   0   0   0   0   0   0   0  26  44   0  20   2   0   0   0   0   0   6  0.79 0.23
  382 D   -2 -2  5  2 -3 -2 -2 -1 -2 -4 -4 -2 -3 -4 -1  2  4 -5 -4 -2    1   1  35   9   0   0   0   2   0   0   0   0   0   0   2  14  35   0   0   1  0.75 0.25
  383 A    1  0  0  1 -3  1  1 -2  2 -2 -2  1 -2 -3  2  1  1 -4 -2 -2   12   4   2   7   0   9  11   0   6   1   4  10   0   0  11  13   9   0   0   1  0.23 0.09
  384 R    0  2  1  3 -3  0  1  0  0 -3 -3  1 -3 -4 -2  1  1 -4 -3 -3    8  12   6  19   0   3  11   6   2   0   0   9   0   0   0  14   9   0   0   0  0.31 0.11
  385 R   -4  2  8 -1 -3 -2 -3 -2 -2 -5 -6 -1 -4 -5 -4 -1 -2 -6 -4 -4    0  10  84   0   1   0   0   1   0   0   0   2   0   0   0   1   1   0   0   1  1.68 0.39
  386 L   -3 -4 -5 -5 -3 -3 -4 -5 -4  4  3 -4  6 -1 -4 -4 -2 -4 -3  3    0   0   0   0   0   0   0   0   0  32  23   0  26   0   0   0   0   0   0  17  0.80 0.24
  387 D    0  0 -1  5 -4  0  1 -1  0 -4 -3 -1 -3 -4  2 -1 -2 -5 -4 -3   10   4   1  49   0   3   9   5   2   0   2   1   0   0   9   3   1   0   0   2  0.66 0.20
  388 R    1  0 -2 -2 -3  0 -2 -3  0 -2 -1 -1 -2 -1  3 -2  0  0  6  0   13   7   1   2   0   3   1   0   1   1   4   2   0   0  18   1   5   1  33   7  0.49 0.18
  389 L   -3 -4 -5 -5 -3 -4 -4 -5 -4  1  4 -4  0  1 -4 -4 -2 -3 -2  4    0   0   0   0   0   0   0   0   0   4  57   0   1   6   0   0   0   0   0  32  0.82 0.23
  390 A    4 -4 -4 -4  8 -3 -4 -3 -4 -1 -3 -3 -3 -4 -3  0  0 -4 -4  0   44   0   0   0  38   0   0   0   0   2   0   0   0   0   0   3   6   0   0   6  1.12 0.29
  391 Q    0  1  1  2 -4  2  4 -2 -2 -4 -4  3 -3 -4 -2  0 -1 -4 -3 -3    8   4   6  13   0   8  28   1   0   0   0  27   0   0   0   4   1   0   0   0  0.54 0.17
  392 A    6 -3 -3 -3 -2 -3 -3  0 -4 -4 -4 -3 -3 -4 -3  2 -2 -5 -4 -2   78   0   0   0   0   0   0   5   0   0   0   0   0   0   0  17   0   0   0   0  1.09 0.32
  393 I   -3 -5 -5 -5 -3 -5 -5 -6 -5  7  1 -5  1  0 -5 -4 -3 -4 -3  2    0   0   0   0   0   0   0   0   0  76   8   0   2   3   0   0   0   0   0  10  1.20 0.30
  394 A    5 -1 -3 -4 -2 -3 -3 -2 -3 -1 -2 -1 -1 -3 -3 -1 -1 -4 -3  3   61   3   1   0   0   0   0   1   0   1   0   2   1   0   0   1   2   0   0  28  0.71 0.26
  395 Q    3  0 -1  0 -3  2  1 -1 -2 -3 -3  3 -2 -4 -2  1  0 -4 -3 -2   36   2   1   6   0  10   7   1   0   0   0  23   0   0   0  10   4   0   0   0  0.40 0.16
  396 V   -2 -5 -5 -6 -3 -5 -5 -6 -6  1 -1 -5 -1 -3 -5 -4 -2 -5 -3  7    0   0   0   0   0   0   0   0   0   2   0   0   0   0   0   0   0   0   0  97  1.58 0.39
  397 C   -2 -4 -5 -5  4 -4 -4 -5 -4  2  5 -4  0 -1 -4 -2 -2 -4 -3  1    1   0   0   0   9   0   0   0   0  11  68   0   0   0   0   3   1   0   0   7  0.82 0.23
  398 A    0  3 -1 -2 -4  0 -1  2 -2 -4 -3  5 -2 -4 -2  0 -1 -4 -3 -3    6  12   0   0   0   0   0  15   0   0   0  59   0   0   0   3   3   0   0   1  0.60 0.15
  399 D   -2 -1  3  6 -4  0  2 -1 -1 -4 -4 -1 -3 -4 -2  0 -1 -4 -3 -3    0   0  19  72   0   0  10   0   0   0   0   0   0   0   0   0   0   0   0   0  0.80 0.03

                      K         Lambda
Standard Ungapped    0.1376     0.3214
Standard Gapped      0.0606     0.2670
PSI Ungapped         0.1986     0.3166
PSI Gapped           0.0606     0.2670
