
Last position-specific scoring matrix computed, weighted observed percentages rounded down, information per position, and relative weight of gapless real matches to pseudocounts
           A  R  N  D  C  Q  E  G  H  I  L  K  M  F  P  S  T  W  Y  V   A   R   N   D   C   Q   E   G   H   I   L   K   M   F   P   S   T   W   Y   V
    1 M   -3 -4 -4 -5 -3 -3 -4 -5 -4  3  1 -4  9  1 -5 -4 -3 -3 -2 -1    0   0   0   0   0   0   0   0   0  16   6   0  73   5   0   0   0   0   0   0  1.39 0.35
    2 Q   -2  1  2  0 -4  2 -1 -3  1 -2 -3  4  2 -4  3  0 -1 -4 -3 -3    0   5  10   4   0  11   0   0   4   2   0  34   7   0  16   3   2   0   0   0  0.45 0.17
    3 I   -3 -4 -5 -5 -3 -4 -4 -5 -5  6  2 -1  1  0 -4 -4 -1 -4 -3  1    0   0   0   0   0   0   0   0   0  70  18   4   2   3   0   0   2   0   0   1  0.88 0.26
    4 K   -2  0 -2 -2 -2 -1 -1 -4 -3  0  2  5  3  1 -3 -2 -2 -3 -1 -1    1   1   0   2   1   0   1   0   0   4  23  51   8   6   0   0   0   0   2   1  0.48 0.21
    5 R    1  3  0  1 -4  1  0 -2 -1 -2 -2  4 -2 -3 -2  0 -1 -4 -3 -3   13  22   5   7   0   7   3   1   1   2   2  33   0   1   0   4   0   0   0   0  0.41 0.16
    6 S    1  0 -1 -2 -2 -1 -1 -1 -2 -1 -1  2  0  0 -2  1  4 -1 -1 -1   15   2   1   0   0   2   0   3   1   2   4  18   2   5   0   9  34   1   1   1  0.25 0.14
    7 I   -2 -3 -4 -5 -3 -3 -4 -5 -2  5  2 -2  5  0 -4 -3 -2 -3 -1  2    0   0   0   0   0   0   0   0   1  42  19   2  22   2   0   0   0   0   1  12  0.65 0.20
    8 E   -1  0  2  2 -4  2  4 -2 -1 -3 -3  2 -1 -3  0  0 -1 -4 -3 -3    1   3   9   8   0   6  35   2   0   2   0  18   1   1   3   6   3   0   0   0  0.42 0.14
    9 K   -2  4 -1 -2 -5  0 -1 -3  1 -4 -4  6 -3 -4 -3 -1 -1 -4 -3 -4    1  29   1   0   0   0   1   0   4   0   0  60   0   0   0   1   3   0   0   0  0.95 0.24
   10 I   -2 -4 -4 -5 -2 -4 -4 -5 -4  5  1 -4  1  3 -4 -3 -2 -3 -1  3    0   0   0   0   0   0   0   0   0  46  10   0   2  15   0   0   0   0   0  27  0.67 0.18
   11 P   -3 -4 -4 -4 -5 -3 -3 -4 -4 -5 -5  0 -5 -6  9 -3 -3 -6 -5 -5    0   0   0   0   0   0   0   0   0   0   0   6   0   0  94   0   0   0   0   0  2.55 0.39
   12 G    1 -4 -2 -1 -4 -3 -3  7 -4 -5 -5 -3 -4 -5 -4 -2 -3 -4 -5 -4   13   0   0   2   0   0   0  85   0   0   0   0   0   0   0   0   0   0   0   0  1.44 0.28
   13 G    0 -4 -2  0 -4 -3 -3  7 -4 -5 -5 -3 -4 -5 -4  0 -3 -4 -5 -4    5   0   0   5   0   0   0  83   0   0   0   0   0   0   0   6   0   0   0   0  1.36 0.26
   14 M   -2 -3  1 -4 -3 -2 -3 -4 -3  1  3 -3  7 -2 -4 -3  0 -3 -3  0    2   0   9   0   0   1   0   0   0   6  34   0  39   0   0   0   7   0   0   3  0.65 0.24
   15 M   -3 -4 -5 -5 -4 -3 -4 -5 -4  2  1 -4  9  1 -5 -4 -3 -4 -3  0    0   0   0   0   0   0   0   0   0   9   8   0  75   5   0   0   0   0   0   3  1.58 0.41
   16 L   -2 -4 -5 -5 -2 -4 -4 -5 -4  4  3 -4  1 -1 -4 -3 -1 -4 -2  4    0   0   0   0   0   0   0   0   0  23  37   0   3   0   0   0   1   0   0  35  0.69 0.20
   17 V   -1 -4 -5 -5 -1 -4 -4 -3 -4  4  0 -4  0 -2 -4 -3 -2 -4  0  5    3   0   0   0   1   0   0   1   0  26   1   0   1   0   0   0   0   0   3  63  0.86 0.26
   18 P   -3 -5 -5 -4 -5 -4 -4 -5 -5 -5 -5 -3 -5 -1  9 -3 -4 -6 -5 -5    0   0   0   0   0   0   0   0   0   0   0   0   0   3  97   0   0   0   0   0  2.77 0.48
   19 L   -2 -4 -5 -5 -3 -4 -5 -5 -4  0  5 -4  5 -1 -5 -4 -3 -3 -3 -1    2   0   0   0   0   0   0   0   0   0  80   0  17   0   0   0   0   0   0   0  1.12 0.31
   20 F   -2 -4 -4 -5 -3 -4 -4 -4 -4  2  4 -4  1  4 -4 -3 -2 -2 -1  1    2   0   0   0   0   0   0   1   0  14  45   0   1  26   0   1   1   0   0   9  0.60 0.19
   21 L   -2 -4 -5 -5 -1 -4 -4 -5 -4  4  4 -4  1  1 -4 -3 -2 -1 -2  1    3   0   0   0   1   0   0   0   0  33  50   0   1   4   0   0   1   1   0   7  0.67 0.20
   22 G    2 -4 -2 -3 -1 -3 -3  6 -4 -5 -5 -3 -4 -5 -3  0 -1 -4 -4 -4   15   0   0   0   1   0   0  73   0   0   0   0   0   0   0   7   4   0   0   0  1.20 0.28
   23 A    5 -3 -3 -3  2 -2 -3 -1 -3  0 -1 -2  0 -3 -3  1 -1 -4 -3  1   59   0   0   0   5   0   0   1   0   6   4   0   3   0   0  11   2   0   0   9  0.52 0.21
   24 L    0 -3 -4 -4  1 -3 -4 -4 -4  3  4 -3  1  0 -4 -2 -1 -3 -2  2    8   0   0   0   3   0   0   1   0  16  51   0   1   3   0   1   2   0   0  14  0.49 0.17
   25 C   -2 -4 -4 -5  3 -4 -4 -5 -4  4  2 -4  2  2 -4 -3 -1 -3 -2  3    1   0   0   0   7   0   0   0   0  36  23   0   4  10   0   0   1   0   0  17  0.54 0.17
   26 H    0 -1  6 -1 -2 -1 -2 -1  5 -4 -4  0 -3 -3 -3 -1  0 -4  1 -3    7   2  54   0   1   0   0   3  17   0   0   5   0   0   0   1   4   0   5   1  0.83 0.26
   27 T   -2 -3 -1 -3 -3 -3 -3 -4 -4 -2 -3 -3 -3 -4 -3  1  7 -5 -4 -1    0   0   2   0   0   0   0   0   0   1   0   0   0   0   0   8  87   0   0   2  1.36 0.38
   28 F   -2 -5 -6 -6  2 -5 -6 -6 -4  3  1 -5 -2  7 -6 -5 -4  3  0  0    3   0   0   0   5   0   0   0   0  17   9   0   0  56   0   0   0   3   0   6  1.28 0.43
   29 S    2 -2 -3  1  2 -2 -3 -3 -1 -1 -1 -3  0  5 -4 -1 -1  4  1 -1   23   2   0  11   5   1   0   0   2   4   5   0   2  26   0   4   3   6   4   2  0.38 0.23
   30 P   -4 -5 -5 -5 -6  2 -4  0 -5 -6 -6 -4 -6 -7  8 -4 -4 -7 -6 -6    0   0   0   0   0  11   0   7   0   0   0   0   0   0  82   0   0   0   0   0  2.48 0.69
   31 G   -1 -1  2  2 -3  2  0  2  0 -3  0  0 -2 -3 -3  0  0  1 -1 -2    2   2  14  13   0  11   5  18   2   0  11   3   0   0   0   5   6   2   2   2  0.21 0.14
   32 A    2 -2 -3 -3 -2 -2 -3 -2  3  1  1 -3  1  0 -1 -1  1  1 -2  2   23   2   0   0   0   0   0   2  11   8  11   0   4   4   2   3   8   2   0  19  0.24 0.18
   33 G   -1 -3 -2  1 -3 -2 -2  1 -1 -1  3 -3  0  3  0 -2 -3 -3  1 -1    3   0   2  11   0   2   2  15   2   2  31   0   2  16   4   2   0   0   4   2  0.28 0.24
   34 K    1  0  0  1 -3  1  2  0  1 -1 -2  2 -1 -3 -1  0  0 -3 -2 -1   12   3   4   6   0   8  13   6   3   4   4  17   2   0   3   3   6   0   0   4  0.14 0.13
   35 Y   -1 -3 -3 -3 -3 -2 -1 -3 -2  2  1  0  0  4 -3 -2  0  2  3  1    5   1   0   1   0   0   5   1   0  15  10   6   2  18   1   1   7   3  13  12  0.29 0.20
   36 F   -2 -1 -3 -2 -3 -3 -4  3 -3  3  2 -2 -1  4 -4 -3 -3 -3  1  0    3   3   0   3   0   0   0  22   0  18  18   3   0  22   0   0   0   0   4   3  0.42 0.28
   37 G    0 -2  1 -2 -3 -2 -2  5 -2 -3 -3 -1 -3 -3  1  0  0 -3 -3 -1    5   0   7   0   0   0   1  54   0   0   1   4   0   0   7   6   8   0   0   5  0.58 0.19
   38 S    0 -2 -1 -2 -2 -2 -2  2 -2 -2 -1 -2 -2  2  3  2  0 -2  1 -1    4   1   1   1   0   0   1  19   0   1   5   1   0  14  17  22   4   0   5   4  0.28 0.13
   39 F   -1 -2 -2 -3 -2 -2 -2 -1 -2  0  0 -2  1  5 -3  0  2 -1  1  0    4   0   0   0   0   0   1   5   0   5   4   0   4  34   0   6  23   0   3   8  0.29 0.17
   40 T   -2 -3 -2 -2 -3  0  0 -3 -3 -3 -3 -2 -2 -4 -3  2  6 -4 -3 -1    1   0   0   0   0   3   7   1   0   0   1   0   0   0   0  18  63   0   0   5  0.90 0.41
   41 N    3 -2  1 -1 -2  1  0  2 -2 -1 -2 -1 -2 -1 -2  0  2 -3 -2 -2   29   0   8   2   0   8   6  15   0   4   2   3   0   3   0   2  17   0   0   0  0.23 0.17
   42 G    2 -2 -1 -2 -2 -1 -2  1 -2 -1  2 -2  0  0 -1  1 -1 -2  0 -1   27   0   2   2   0   2   1  12   0   0  31   1   2   3   2  10   2   0   3   1  0.19 0.17
   43 M   -2 -3 -3 -4  1 -3 -3 -4 -3  1  3 -3  2  5 -3 -1  0  1  1  0    1   1   0   1   3   0   1   1   0   6  31   1   7  27   1   7   5   2   3   4  0.46 0.25
   44 I   -1  0 -1 -3 -2 -1 -2  0 -2  1  0  1  1  3 -3  0 -1  1  1  0    5   4   2   0   0   2   0   6   0  10   9  12   5  19   0   9   3   2   4   7  0.11 0.12
   45 T    0  0  1  0 -3  2  0 -1  1 -1 -3  3 -2 -3 -2  1  2 -3 -2 -1    4   3   7   5   0  10   4   4   4   4   1  22   0   0   0  11  17   0   0   3  0.23 0.17
   46 G    0 -2  1  1 -3  0 -2  5 -3 -4 -4  0 -3 -4 -3  0  0 -4 -4 -4    5   0   7   7   0   4   0  55   0   0   1   7   0   0   0   7   4   0   0   0  0.75 0.31
   47 T    0 -2  1  0 -2  1 -1  0 -2  0  0 -2  2 -1 -2  0  0  4  1  0    8   0   7   8   0   7   0   8   0   8   8   0   7   0   0   8   8   7   7   8  0.11 0.13
   48 V    0  0  0 -2  2  1 -1  0 -2  0  0  0  1  0  1  0  0 -3 -2  0    7   7   7   0   6   7   0   7   0   7   7   7   6   6   7   7   7   0   0   7  0.05 0.10
   49 P    1 -3 -3 -3  2 -3 -3 -1 -3  1 -1 -3 -2  2  4  0  2 -3  1  0   13   0   0   0   5   0   0   5   0   8   5   0   0   9  23   5  14   0   5   7  0.37 0.24
   50 I    0  1 -2 -2 -2 -1 -2 -2 -2  1  1 -1  2  2 -2 -1  1 -2 -1  1   12  12   0   1   0   0   1   1   0  12  12   1  11  12   1   1  12   0   0  12  0.10 0.07
   51 L   -1 -3 -3 -3  1 -2 -3 -3 -3  3  3 -3  4 -1 -3 -2 -1 -2 -2  2    4   1   1   1   3   1   1   1   0  22  34   1  15   0   1   1   1   0   0  13  0.36 0.14
   52 A    3 -2 -1  0 -2 -2 -2  4 -2 -3 -3 -2 -2  0 -2  0 -1 -3 -2 -2   32   1   1   4   0   1   1  44   0   1   1   1   0   6   1   5   1   0   0   1  0.52 0.17
   53 V    0 -2 -3 -3  1 -2 -2 -2 -3  2  2 -2  3  1 -2 -1 -1 -2 -1  2   10   1   1   1   4   1   1   3   0  18  20   1  12   5   1   4   1   0   0  17  0.18 0.09
   54 W   -1 -2 -1 -3 -2  0 -2 -1 -2  0  1 -2  0  5 -3 -2  0  5  2 -1    3   1   3   1   0   5   1   4   0   4  12   1   2  37   1   1   8  10   4   3  0.38 0.14
   55 F   -2 -3 -3 -3  1 -3 -3 -3 -2  1  3 -3  2  3 -3 -2 -1 -1  2  0    1   1   1   1   4   0   1   1   0   7  46   1   5  18   1   2   2   0   6   2  0.39 0.16
   56 F   -1 -3 -3 -3  0 -3 -3 -3 -3  1  2 -3  1  5 -3 -1 -2 -1  0  2    2   1   1   1   2   0   1   1   0   8  22   1   2  37   1   4   1   0   0  16  0.41 0.17
   57 C    1 -3 -3 -3  8 -3 -3 -2 -3  1  0 -3  0  1 -3 -1 -1 -2 -1  1   10   1   1   1  38   0   1   3   0   7   6   1   1   8   1   3   3   0   1  15  0.56 0.19
   58 M    0 -2  2 -2  2 -1 -1 -2  1  0  0 -1  3 -1 -2  2  1  3 -1  0    6   1  12   1   5   1   1   1   5   7   9   1  13   1   1  19   6   4   1   6  0.12 0.08
   59 G    2 -2 -1 -2 -2 -2 -2  5 -2 -3 -3 -2 -3 -3 -2  1 -1 -3 -3 -3   15   1   1   1   0   1   1  58   0   1   2   1   0   1   1  14   1   0   1   1  0.76 0.17
   60 A    2  1 -1 -2  1 -1 -1  0 -2  0 -1 -1  1 -2 -2  1  2 -3 -2  0   24   9   1   1   4   1   1   8   0   5   1   1   5   1   1  10  23   0   0   4  0.17 0.10
   61 S    0 -1  0  0 -2  3  0  0 -1 -2  0  0  0 -2 -2  1  1 -3 -2 -1    8   1   3   3   0  25   3   8   0   1  10   4   3   0   1  13  13   0   0   5  0.18 0.12
   62 I   -2 -3  0 -3 -2 -2 -3 -3 -3  4  2 -2  2 -1 -3 -2  0 -3 -2  2    1   1   7   1   0   1   1   1   0  43  21   1   7   1   1   1   6   0   0   7  0.36 0.15
   63 K   -2  0  4  3 -1  1  0 -2  0 -3 -3  2 -2 -3 -1  1  1 -3 -2 -3    1   4  22  19   1   7   2   1   2   1   1  15   0   0   2  10  10   0   1   1  0.36 0.17
   64 L   -1 -1 -3 -4 -2 -3 -3 -2 -3  2  3 -3  1  3 -1 -3 -2 -2  0  1    4   3   0   0   0   0   1   4   0   9  37   0   3  19   3   1   0   0   2  12  0.34 0.19
   65 S   -1  4  0 -1 -3  1  0 -1 -2 -4 -3  4 -3 -4 -2  2 -1 -4 -3 -3    4  23   3   3   0   4   3   4   0   0   1  35   0   0   0  18   0   0   0   1  0.53 0.28
   66 A    2  1  0  1 -2  2  0 -2  1 -2 -2  0 -1 -3 -2  1  1 -3 -2 -1   23   7   5   8   0  13   3   1   5   2   3   5   2   0   0  10  12   0   0   3  0.19 0.15
   67 T    2 -1 -2 -1 -2 -2 -2  0 -2  1  1 -2  1 -1 -2  1  2 -2  0  0   19   3   0   2   0   0   0   6   0  10  13   0   3   2   0  11  19   0   5   4  0.13 0.14
   68 G   -1 -1 -2 -3 -3 -2 -3  4 -3 -2 -2 -1 -3 -2  5  0 -1 -4 -3 -2    2   2   0   0   0   0   0  42   0   2   5   4   0   2  28   5   3   0   0   3  0.72 0.30
   69 T    0  0 -1 -2 -3  0  0 -1  0 -1 -1  2  1 -2  1  0  1 -2  1  0    4   3   1   0   0   4   5   5   2   2   7  23   4   0   7   4  13   0   8   7  0.12 0.12
   70 V    2 -3 -3 -3  0 -2 -3 -3  0  2  0 -2  1  0  2  0 -1 -3 -2  3   25   0   0   0   2   0   0   0   3  11   4   0   3   4   9   6   2   0   0  29  0.28 0.20
   71 L    0 -3 -1 -4  0 -2 -4 -4 -3  2  4 -3  1  2 -4 -3 -2 -3 -2  1    7   0   3   0   1   1   0   0   0  12  52   0   2  10   0   0   0   0   0   9  0.49 0.24
   72 R    1  3 -2 -3 -4  0 -1  0 -1 -3 -2  5 -2 -3 -3 -1 -2  1  2 -2   11  14   0   0   0   2   1   7   1   1   4  42   0   0   0   1   1   2   8   1  0.45 0.26
   73 K   -1  4 -1 -3 -4  0 -1 -3  1 -3 -4  6 -3 -4 -3 -1  0 -4 -3 -4    3  23   1   0   0   3   0   0   3   2   0  56   0   0   0   1   6   0   0   0  0.89 0.38
   74 S   -1 -3 -2 -3 -1 -1 -2  6 -1 -1 -2 -3 -1 -1 -3  1 -1 -3 -1 -3    3   0   0   0   1   3   1  60   2   4   4   0   1   2   0  10   4   0   2   0  0.76 0.31
   75 G    1 -3 -2 -3 -2 -3 -3  5 -3  0 -1 -3 -1  1 -3 -1 -1 -3 -3  0   15   0   0   0   1   0   0  49   0   5   6   0   1   6   0   3   3   0   0   8  0.55 0.25
   76 T    1 -2 -2 -3 -2 -2 -2 -1 -3  1  0 -1  0 -1  0  0  3 -3 -2  3   13   0   1   0   0   0   0   3   0   9   7   4   1   2   4   7  22   0   0  26  0.23 0.18
   77 L   -2 -4 -4 -4 -3 -3 -4 -1  0  3  4 -4  2 -1 -4 -2 -2 -3 -1  1    0   0   0   0   0   0   0   6   3  23  52   0   4   0   0   2   0   0   2   8  0.53 0.22
   78 V   -1 -3 -2 -3 -2 -3 -3 -4 -3  2  2 -3  1  0  0 -1  2  1 -2  2    3   0   2   0   0   0   0   0   0   9  29   0   4   4   5   2  21   2   0  20  0.29 0.16
   79 V    0 -3 -3 -3 -2 -3 -3  1 -3  2  2 -3  1  1 -3 -1  1 -3 -2  1    9   0   0   0   0   0   0  13   0  15  29   0   2   7   0   4   9   0   0  11  0.21 0.12
   80 T    1 -3 -2 -3  1 -2 -2  1 -3  0  1 -2  1  1  0  0  2 -3 -2  1   14   0   0   0   4   0   0  13   0   4  14   0   5   7   3   6  17   0   0  13  0.14 0.11
   81 K   -3  3  1 -2 -5  2 -1 -3 -2 -4 -4  6 -3 -5 -3 -2 -2 -5 -4 -1    0  11   7   0   0   7   0   0   0   0   0  68   0   0   0   0   0   0   0   7  1.00 0.36
   82 I    0 -3 -3 -3  3  1 -2 -3 -2  1  0 -2  2  2 -3  0  1  5  2  1    8   0   0   0   8   8   0   0   0   8   8   0   8   8   0   8   8   8   8   8  0.23 0.18
   83 A    1 -3 -3 -4  3 -3 -3  0 -3  3  2 -3  0  2 -3 -2  0 -3 -2  1   12   0   0   0   7   0   0  10   0  19  25   0   0  10   0   0   7   0   0  11  0.26 0.15
   84 V    0 -4 -4 -4 -1 -4 -4 -3 -4  4  1 -4  0  1 -4 -1  1 -4 -2  4    9   0   0   0   1   0   0   1   0  23  13   0   1   6   0   3   9   0   0  35  0.49 0.26
   85 A    4 -4 -2 -4  2 -3 -3  4 -4 -4 -4 -3 -4 -5  2  0 -2 -5 -4 -2   42   0   1   0   4   0   0  35   0   0   0   0   0   0   9   6   1   0   0   2  0.82 0.37
   86 W    3 -4 -4 -5 -2 -3 -4 -2 -4  2  0 -2  0  1 -4 -2 -1  7 -2  2   28   0   0   0   1   0   0   2   0  12   6   3   2   6   0   1   2  19   0  20  0.61 0.31
   87 V    2 -4 -4 -4 -1 -3 -4  0 -4  2  2 -3  0 -1 -4 -2  1 -4 -3  3   17   0   0   0   1   0   0   8   0  12  27   0   1   2   0   1   9   0   0  22  0.35 0.24
   88 V    0 -4 -5 -5  0 -4 -4 -3 -4  3  3 -4  1  1 -4 -2 -2 -4 -1  3   10   0   0   0   2   0   0   1   0  20  31   0   2   5   0   2   1   0   1  26  0.55 0.29
   89 A    3 -4 -2 -4 -1 -4 -4  5 -4  1 -4 -4 -3 -4 -4 -1  0 -5 -1  0   26   0   2   0   1   0   0  45   0   9   0   0   0   0   0   3   5   0   2   6  0.75 0.38
   90 A    0 -4 -5 -5 -1 -4 -5 -5 -4  3  3 -4  2  1  0 -4 -2  5 -1  2    9   0   0   0   1   0   0   0   0  16  31   0   5   7   4   0   2   9   1  15  0.56 0.30
   91 I    0 -4 -4 -4  0 -4 -4  0 -4  4  3 -4  0  0 -4 -2 -1 -4 -3  2    8   0   0   0   2   0   0   9   0  31  27   0   1   4   0   1   2   0   0  12  0.49 0.27
   92 A    2 -4 -4 -4  1 -3 -4 -2 -4  1  1 -3  0  2 -4 -2  0  2  0  4   19   0   0   0   3   0   0   2   0   8  14   0   2   9   0   0   5   3   2  30  0.39 0.25
   93 S    2 -2  1 -2 -3 -1 -1  3 -3 -1 -1 -1 -1 -1 -2  1 -1 -3  0 -2   20   1   7   2   0   1   3  27   0   3   7   2   1   3   1  13   1   0   4   2  0.26 0.19
   94 R    0  2 -1 -3  2  1 -2 -3  3 -2 -1  3  1  1 -1  0 -1  1  0 -2    9  10   2   0   5   7   0   0   8   1   6  24   4   6   2   6   4   2   2   2  0.23 0.20
   95 I   -2 -4 -5 -5 -4 -4 -5 -5 -4  2  3 -5  1  6 -5 -4 -2  2  0  2    2   0   0   0   0   0   0   0   0  10  26   0   3  36   0   0   1   2   2  14  0.84 0.37
   96 I   -1 -4 -4 -5  1 -4 -4 -3 -4  2  2 -4  2  6 -4 -3 -2  1 -1  1    5   0   0   0   4   0   0   2   0  13  20   0   5  34   0   1   2   2   0  10  0.65 0.31
   97 P   -3 -4  0 -1 -4 -4 -4  5 -4 -5 -2 -3 -4 -5  5 -3 -3 -5 -5 -4    1   0   4   3   0   0   1  51   0   0   5   1   0   0  30   1   1   0   0   1  1.24 0.47
   98 E    0 -1  0  1 -4  0  2  0  0 -1 -1 -1  1 -1  3 -1 -1 -4  0 -1    7   3   4   7   0   4  16   7   3   4   4   3   4   3  17   3   3   0   3   4  0.20 0.18
   99 H    0 -2  1  2 -4  0  2  1  1 -3 -2  0  0 -1 -3  0  0 -4  0 -1   10   0   8  12   0   4  18   9   4   0   4   5   3   3   0   6   6   0   3   4  0.20 0.21
  100 G   -1 -3 -2 -2 -3 -2 -3  6 -3 -3 -2 -2  0 -1  1 -1 -1 -3 -2 -2    4   1   1   1   0   1   1  60   0   1   5   1   3   3   7   3   3   0   2   3  0.80 0.27
  101 V   -1 -2 -2  1 -2 -2 -2 -2 -2  4  0 -2 -1  0 -2 -2 -1 -2 -2  3    5   1   1   9   1   1   2   4   1  35   4   2   1   4   1   2   2   0   1  24  0.33 0.16
  102 E    0  0 -1  0 -1  1  1  0 -1 -1  0  0  0 -1  2  1  0 -1 -1 -1    6   4   2   4   1   9  10   9   1   2  10   5   2   2  11  10   6   1   1   5  0.10 0.04
  103 V    1  0  1  0 -1  0  0  1 -1 -1 -1 -1  0 -1 -1  1  1  1 -1  0   13   4   7   4   1   3   4  11   2   3   4   2   3   2   2  15   8   2   1   8  0.07 0.04
  104 G    0 -2  0  0 -2 -1  0  4  1 -1 -2 -1 -2 -2 -1  0 -1 -2 -2 -2    5   2   4   6   1   2   5  43   3   6   4   2   1   2   2   4   4   1   1   3  0.37 0.12
  105 F    0 -1  0 -1  0 -1 -1  1 -1  0  1 -1  1  2  0  0 -1  0  0  0    6   3   4   4   2   2   3  13   1   5  15   2   4  14   5   7   3   1   1   5  0.03 0.03
  106 F   -2 -3 -3 -3 -2 -3 -3 -3 -2  1  2 -3 -1  6 -3 -2 -2  4  0 -1    2   1   1   1   0   1   2   2   1   9  22   1   1  39   1   3   1   7   1   3  0.62 0.22
  107 A    3 -3 -3 -4  0 -3 -3 -2 -3 -1  3 -2  0  4 -3 -1 -1  2 -1 -1   26   0   0   0   2   0   0   2   0   2  31   2   2  21   0   2   3   3   0   1  0.42 0.25
  108 G   -2 -4 -3 -4 -5 -4 -4  7 -4 -6 -5 -4 -5 -5 -4 -1 -4 -5 -5 -5    1   0   0   0   0   0   0  91   0   0   1   0   0   0   0   3   0   0   0   0  1.98 0.57
  109 L   -2 -4 -5 -5 -3 -4 -4 -5 -4  3  5 -4  1  0 -4 -4 -2 -3 -3  1    2   0   0   0   0   0   0   1   0  17  63   0   2   2   0   0   2   0   0   8  0.86 0.33
  110 S    0 -3 -1 -3  1 -3 -3 -2 -3 -4 -3 -3 -3 -4 -2  6  2 -5 -4 -3    5   0   1   0   2   0   0   1   0   0   2   0   0   0   1  71  11   0   0   1  1.08 0.47
  111 T    1 -3 -3 -3 -2 -3 -3  0 -3  1  0 -3 -1 -3  3  1  3 -4 -3  2   13   0   0   0   0   0   0   6   0   6   8   0   1   0  14  10  20   0   0  20  0.33 0.21
  112 L   -3 -4 -4 -5 -3 -3 -4 -5 -4  1  5 -4  3  0 -4 -4 -3 -3 -2  1    0   0   0   0   0   0   0   0   0   6  70   0   8   3   0   0   0   0   0   9  0.88 0.32
  113 A    6 -3 -3 -3 -1 -3 -3  0 -3 -3 -3 -3 -3 -4 -3  0  0 -4 -3  0   74   0   0   0   1   0   0   6   0   0   1   0   0   0   0   3   4   0   0   7  0.90 0.37
  114 L   -2 -4 -4 -4 -2 -3 -4 -4 -4  5  3 -4  2  1 -4 -3 -2  0 -1  3    2   0   0   0   0   0   0   0   0  40  26   0   4   6   0   0   0   1   1  16  0.61 0.24
  115 V    0 -2 -2 -3  1 -2 -2 -3 -3  3  1 -2  2  0 -2 -1  1 -2 -1  2    6   1   0   1   4   0   1   1   0  31  13   1   7   4   1   1  12   0   0  17  0.20 0.09
  116 A    3 -2 -1 -2  4 -1 -2  1 -2  0 -1 -1 -1 -2  0  1  1 -3 -2  1   34   1   0   1  12   0   1   8   0   5   1   1   0   0   4  10  10   0   0  10  0.21 0.10
  117 A    1 -2 -1 -2  4 -1 -2  1 -2  1  0 -2  2 -2 -2  1  1 -2 -2  1   12   1   0   1  11   0   1  12   0  12   1   1  11   0   1  12  12   0   0  12  0.14 0.08
  118 M   -2 -3 -4 -4  1 -3 -4 -4 -4  3  2 -3  6  2 -4 -2 -2 -3 -2  2    1   0   0   0   3   0   0   0   0  19  17   0  35  11   0   3   0   0   0  10  0.63 0.23
  119 D    0 -2  2  2  0 -2 -1 -1 -2 -3 -2 -2  1 -3 -2  2  4 -4  0 -2    5   0  11  16   2   0   0   2   0   0   3   0   5   0   1  19  32   0   4   0  0.39 0.19
  120 M   -1 -2  5  1  0 -1  0 -1 -2 -3 -3 -2  3 -1 -3  2 -1 -4 -3 -2    2   0  41   7   3   1   4   3   0   0   0   0  13   3   0  21   0   0   0   3  0.56 0.24
  121 T    1 -2  0 -2  3 -1 -2 -2  1 -1  0 -2 -2 -3 -3  3  3 -4 -3 -1   10   0   3   0   6   1   0   1   4   4  10   1   0   0   0  31  27   0   0   1  0.36 0.19
  122 N   -3 -3  8 -1 -5 -2 -3 -3 -2 -6 -6 -3 -5 -6 -4  0 -2 -6 -5 -5    2   0  95   0   0   0   0   0   0   0   0   0   0   0   0   4   0   0   0   0  2.04 0.49
  123 G   -1 -3  2 -2 -4 -3 -3  5 -3 -3 -4 -3 -1 -5  3  0 -2 -4 -4 -3    3   0  11   0   0   0   0  57   0   1   0   0   2   0  17   6   1   0   0   2  0.93 0.26
  124 G    1 -4 -2 -3 -3 -3 -3  6 -4 -5 -5 -3 -4 -5 -3  3 -2 -5 -4 -2   12   0   0   0   0   0   0  59   0   0   0   0   0   0   0  27   0   0   0   2  1.05 0.29
  125 L   -3 -4 -5 -5 -3 -4 -5 -5 -5  2  5 -4  4 -1 -5 -4 -3 -4 -3  2    0   0   0   0   0   0   0   0   0   9  65   0  13   0   0   0   0   0   0  13  0.92 0.27
  126 Y   -2 -4 -5 -6 -5 -4 -5 -5 -1 -4 -3 -4 -3  4 -6 -4 -4  5  9 -4    4   0   0   0   0   0   0   0   0   0   0   0   0  15   0   0   0   8  73   0  1.96 0.44
  127 A    3 -3 -4 -4 -2 -3 -3 -3 -4  2  3 -3  3 -2 -3 -1  0 -3 -3  1   31   0   0   0   0   0   0   0   0  10  35   0  10   0   0   3   5   0   0   6  0.42 0.18
  128 S    5 -3 -2 -3 -2 -2 -3  2 -3 -3 -3 -2 -3 -4 -3  2  1 -4 -4  0   55   0   0   0   0   0   0  16   0   0   0   0   0   0   0  15   7   0   0   7  0.66 0.24
  129 I   -3 -4 -5 -5 -3 -4 -5 -6 -4  3  5 -4  0  1 -5 -4 -3 -3 -1  1    0   0   0   0   0   0   0   0   0  20  69   0   0   6   0   0   0   0   2   4  0.92 0.27
  130 M    1 -3 -1 -4  0 -2 -3 -4  1  0  0 -3  7 -2 -4 -1  2 -4 -3  1   11   0   3   0   2   0   1   0   4   4   6   0  40   0   0   4  15   0   0  10  0.54 0.24
  131 Q    0 -1  1 -1 -3  2  0  4  0 -2 -3  0 -3 -4 -1  2  0 -4 -2 -3    5   1   7   1   0  12   6  35   2   3   1   3   0   0   1  16   6   0   1   0  0.39 0.15
  132 Q   -1 -1  1  2 -4  5  3 -3  0 -4 -4  1 -3 -4 -3  0  1 -4 -3 -2    3   1   5  14   0  32  17   0   2   0   0   9   0   0   0   7   9   0   0   3  0.52 0.20
  133 Y   -4 -4 -2 -1 -1 -4 -4 -5  0 -1 -1 -4  0  4 -5 -4 -4  0  8 -3    0   0   2   5   1   0   0   0   1   3   4   0   3  16   0   0   0   0  65   0  1.43 0.36
  134 G   -2 -4 -3 -4 -5 -4 -4  7 -4 -1 -5 -2 -5 -5 -1 -3 -4 -5 -5 -4    0   0   0   0   0   0   0  90   0   6   0   2   0   0   3   0   0   0   0   0  1.69 0.38
  135 T   -2  1  2  5 -4 -1  0 -2 -2 -4 -4  0 -4 -5 -3  2  2 -5 -4 -4    1   9  11  46   0   1   1   1   0   0   0   4   0   0   0  14  12   0   0   0  0.74 0.24
  136 K    0  1 -1  1 -4  1  4 -3  0 -4 -4  3 -3 -3  0  0 -1 -4 -1 -3    7   6   2   7   0   2  36   0   2   0   0  23   0   1   4   7   2   0   2   0  0.49 0.18
  137 E    0  1 -1  1 -3  1  3 -2 -2  0 -1  0  1 -2 -2  0  1 -3  0  0    5  11   2   6   0   4  25   2   0   6   4   2   5   0   0   4  14   0   4   5  0.18 0.10
  138 E   -4 -3 -1  7 -6 -2  4 -3 -3 -5 -5 -2 -5  0 -4 -2 -3 -6 -4 -5    0   0   0  70   0   0  24   1   0   0   0   0   0   4   0   0   0   0   0   0  1.48 0.37
  139 A    1  0 -2 -2  3  2  0 -1  0  0 -1  1  1 -3 -1  0  0 -3 -2  0   14   4   0   0   8  14   7   5   2   8   5  12   5   0   2   3   3   0   0   8  0.10 0.09
  140 G    2 -2 -1 -2 -2 -2 -2  4 -3 -1 -2 -2 -2 -3 -2  1  1 -3 -3  1   27   0   0   0   0   0   0  37   0   0   0   0   0   0   0  10  10   0   0  16  0.40 0.11
  141 A    3 -2  1 -2  2 -2 -2  1 -2 -1 -1 -2 -1 -3 -2  1  1 -3 -2  0   50   0  10   0   6   0   0   8   0   0   7   0   0   0   0   7   7   0   0   7  0.28 0.11
  142 F    0  0 -3 -3 -3 -1 -2 -2 -1  1  0 -2  2  4 -3 -1 -1 -1  4  0   10   7   0   0   0   3   0   3   0   8   4   0  11  22   0   5   3   0  20   5  0.27 0.14
  143 V    2 -3 -2 -2  1 -2 -2  1 -3  0 -1 -2  0 -3  2  2  0 -4 -3  2   17   0   0   0   3   0   0  11   0   4   2   0   2   0  12  25   3   0   0  21  0.25 0.13
  144 L    0 -3 -4 -4 -2 -3 -3 -4 -3  3  3 -3  3  2  0 -3 -2 -2 -1  2    7   0   0   0   0   0   0   0   0  22  35   0   8  10   5   0   0   0   0  12  0.38 0.14
  145 M   -1 -3 -3 -4 -2  0 -3 -3 -3  2  3 -3  4  1 -3  0  1  1 -2  0    3   0   0   0   0   4   0   1   0  19  28   0  13   7   0   7  13   2   0   2  0.30 0.17
  146 S    2 -2  2 -2  1 -2 -1  1 -2 -2 -2 -2 -1 -2 -3  4  1 -4 -3 -2   20   0  12   0   4   0   2  10   0   2   2   0   2   1   0  39   7   0   0   0  0.40 0.22
  147 L   -2 -4 -4 -5 -3 -4 -4 -5 -4  4  4 -4  1  1 -4 -3 -1 -3 -2  2    0   0   0   0   0   0   0   0   0  25  50   0   2   6   0   2   2   0   0  14  0.66 0.24
  148 E   -1 -2  4  0 -3  0  3 -3 -2  0  0  0 -1 -1 -3  0  0 -4 -3 -1    3   0  30   2   0   2  25   0   0   9  11   4   1   3   0   4   5   0   0   3  0.31 0.19
  149 S    0 -2  1  1  3 -1  1  1 -2 -1  0 -2  2 -2 -2  1  1 -3 -3  0    9   0   9   9   9   0   9   9   0   0   9   0   9   0   0   9   9   0   0   9  0.12 0.12
  150 G   -1 -2  2 -2 -2 -2 -2  1 -2  2  1 -2  3 -1 -3 -1  1 -3 -2  1    0   0  14   0   0   0   0  14   0  14  14   0  14   0   0   0  14   0   0  14  0.15 0.08
  151 P    0 -4 -4 -3 -4 -3 -3 -4 -4 -4 -5 -3 -4 -5  8 -2 -3 -5 -5 -4   10   0   0   0   0   0   0   0   0   0   0   0   0   0  90   0   0   0   0   0  2.32 0.36
  152 L    1 -3 -3 -4 -2 -3 -3  0 -2  0  1 -3  1  5 -1 -2 -1 -1  1  0   19   0   0   0   0   0   0   8   0   3  11   0   5  40   3   0   4   0   2   5  0.36 0.14
  153 M   -1 -3 -3 -4 -2 -3 -3 -1 -2  2  1 -3  2  4 -4 -2  0  3  2  1    6   0   0   0   0   0   0   5   0  16  11   0   7  30   0   0   5   5   5  10  0.35 0.15
  154 T    0 -2 -2 -2 -2 -2  0 -3 -3  0 -2 -2  1 -3  4  2  3 -4 -3  0    7   0   0   0   0   0   6   0   0   6   0   0   7   0  23  15  29   0   0   6  0.46 0.19
  155 M   -2 -3 -3 -4 -2 -2 -3 -4 -3  2  3 -3  7  1 -4 -3 -2 -2 -1  1    0   0   0   0   0   0   0   0   0  10  22   0  57   5   0   0   0   0   0   7  0.60 0.16
  156 I   -1 -3 -3 -4  2 -3 -3 -4 -3  3  3 -3  2  1 -3 -2 -1 -2 -1  2    4   0   0   0   7   0   0   0   0  25  34   0   6   5   0   0   3   0   0  17  0.31 0.07
  157 I    1 -2 -2 -3 -1 -2 -2 -2 -3  3  1 -2  0  1 -2  0  1 -2 -1  2   23   0   0   0   0   0   0   0   0  27   5   0   0  10   0   3  15   0   0  16  0.18 0.07
  158 L   -2 -3 -4 -4 -2 -3 -3 -4 -2  1  4 -3  3  2 -4 -3 -2 -1  2  0    0   0   0   0   0   0   0   0   0   5  64   0  11   8   0   0   0   0  11   0  0.49 0.11
  159 G    1 -2  1 -1 -2 -2 -2  5 -2 -3 -3 -2 -3 -3 -2  2 -1 -3 -3 -2    7   0   5   0   0   0   0  60   0   0   0   0   0   0   0  24   0   0   0   5  0.67 0.12
  160 T    1 -2 -2 -3 -2 -2 -2 -1 -3  2  1 -2  1  1 -2  0  0 -2 -1  2   18   0   0   0   0   0   0   4   0  22  11   0   6  10   0  10   5   0   0  13  0.14 0.07
  161 A    3 -2 -1 -2 -1 -1 -2  1 -2 -1 -1 -1  0  0 -2  2  1 -3 -2 -1   38   0   0   0   0   0   0   7   0   3   6   0   2   4   0  27  10   0   0   2  0.26 0.11
  162 G   -1 -2  1 -1 -4  0 -1  6 -2 -5 -4  0 -3 -4 -3  0 -2 -4 -4 -4    0   0   7   2   0   4   2  72   0   0   0   6   0   0   0   7   0   0   0   0  0.93 0.18
  163 I    0 -2 -2 -3 -2  0 -1  0 -2  1  3 -2  2 -1 -1 -1 -1 -3 -2  1   10   1   0   0   0   5   4   6   1   8  38   0   8   1   2   5   2   0   0   9  0.15 0.09
  164 A    5 -3  1 -2 -2 -2 -2  1 -3 -2 -3 -2  0 -3 -2  2  0 -4 -3 -1   61   0   6   0   0   0   0  10   0   0   0   0   3   0   0  12   5   0   0   3  0.54 0.21
  165 S    1 -1  3  2 -2  0  0  1  0 -2 -3  0 -2 -1 -1  2  0 -4 -2 -1   12   0  21  10   0   5   3  10   2   2   0   3   0   3   2  17   4   0   0   5  0.21 0.09
  166 F   -3 -4 -2 -5 -3 -4 -4 -5 -4  5  1 -4  1  5 -4 -4 -2 -2  0  1    0   0   2   0   0   0   0   0   0  45   6   0   2  37   0   0   0   0   0   8  0.78 0.23
  167 E   -2 -3 -1  2 -4 -1  2 -2 -3 -4 -3 -1 -3 -5  6  1 -1 -5 -4 -4    0   0   2  16   0   0  12   2   0   0   2   1   0   0  50  11   3   0   0   0  1.07 0.24
  168 P   -3 -4 -4 -4 -3 -3 -4 -4 -3  2  1 -4  0  3  3 -3 -2  8  2  0    1   0   0   0   0   0   0   0   0  14  11   0   2  15  18   0   1  25   7   7  0.83 0.21
  169 H   -1  0 -1 -2 -2  2  0 -2  2  1  0  0  3 -2  0  0  1  2 -1  0    1   6   2   0   0  14   5   3   6   8   8   3  18   0   3   5  10   3   0   3  0.12 0.10
  170 V    2 -2  0  0 -2 -1  0 -2  0 -1 -1 -1 -1 -3  2  2  2 -3 -2 -1   21   0   3   3   0   2   5   0   3   2   8   0   0   0  11  22  16   0   1   4  0.23 0.11
  171 F   -2 -3 -4 -5 -3 -3 -4 -5 -3  3  4 -4  2  4 -4 -3 -2 -2  2  1    2   0   0   0   0   0   0   0   0  17  44   0   7  22   0   0   0   0   5   4  0.57 0.17
  172 V   -1 -4 -4 -4 -2 -3 -4 -4 -4  4  2 -4  0  0 -4 -3 -2  1 -1  4    4   0   0   0   0   0   0   0   0  26  18   0   0   2   0   0   0   2   2  47  0.58 0.19
  173 G    3 -3 -1  0 -2 -2 -2  4 -3 -3 -3 -2 -3 -3 -2  2  0 -4 -3 -2   38   0   0   4   0   0   0  30   0   0   0   0   0   1   0  22   4   0   0   1  0.56 0.19
  174 A    3 -2  0 -3  0 -2 -2 -2 -3  1  0 -2  0 -2 -2  1  2 -4 -2  2   29   0   4   0   1   0   0   0   0   5   4   0   3   0   0   9  20   0   0  25  0.27 0.14
  175 V   -1 -4 -4 -5 -2 -3 -4 -5 -4  4  3 -4  1  0 -4 -3 -2 -3 -2  3    4   0   0   0   0   0   0   0   0  32  38   0   1   2   0   0   0   0   0  24  0.59 0.18
  176 L   -1 -4 -4 -5 -2 -3 -4 -5 -4  4  4 -4  1 -1 -4 -3 -2 -3 -2  3    4   0   0   0   0   0   0   0   0  26  49   0   1   1   0   0   1   0   0  19  0.60 0.18
  177 P   -3 -4 -4 -4 -5 -3 -3 -4 -4 -5 -5 -3 -5 -6  9 -3 -3 -6 -5 -5    0   0   0   0   0   0   0   0   0   0   0   0   0   0 100   0   0   0   0   0  2.83 0.47
  178 F   -3 -4 -4 -5 -3 -4 -4 -5 -4  4  3 -4  1  5 -4 -4 -2 -2  0  1    0   0   0   0   0   0   0   0   0  30  33   0   2  29   0   0   1   0   0   4  0.66 0.20
  179 L    0 -3 -4 -4  1 -3 -4 -3 -4  3  3 -3  1 -1 -3 -2 -1 -3 -2  3   11   0   0   0   3   0   0   1   0  22  39   0   1   1   0   0   1   0   0  21  0.43 0.15
  180 V    0 -3 -4 -4 -2 -3 -3 -4 -4  3  3 -3  1  0 -3 -2 -1 -3 -2  3    5   0   0   0   0   0   0   0   0  30  28   0   3   3   0   0   3   0   0  28  0.39 0.09
  181 G   -1 -4 -2 -3 -4 -3 -3  7 -3 -5 -5 -3 -4 -5 -3 -1 -3 -4 -4 -5    0   0   0   0   0   0   0 100   0   0   0   0   0   0   0   0   0   0   0   0  1.61 0.23
  182 F   -1 -3 -3 -4  0 -3 -3 -4 -3  3  1 -3  5  3 -4 -2 -1 -2  0  1    5   0   0   0   3   0   0   0   0  26   9   0  29  20   0   0   2   0   0   6  0.41 0.12
  183 A    0 -3 -3 -3 -2 -3 -3 -2 -3  3  2 -3  1  1 -3 -1  0 -3 -1  2    8   0   0   0   0   0   0   3   0  34  21   0   3   6   0   3   5   0   0  16  0.27 0.09
  184 L   -2 -3 -4 -4 -2 -3 -4 -1 -4  2  4 -3  2  1 -4 -3 -2  4 -1  1    0   0   0   0   0   0   0   5   0  15  59   0   4   4   0   0   0   6   0   7  0.49 0.13
  185 G    1 -3 -1 -2 -3 -3 -3  6 -3 -5 -5 -2 -4 -4 -3  1 -2 -4 -4 -4    9   0   0   0   0   0   0  81   0   0   0   0   0   0   0  10   0   0   0   0  1.20 0.21
  186 N    0 -2  6  0  1 -1 -2  0 -1 -3 -3 -1  0 -3 -3  1  1 -4  0 -3    9   0  63   0   3   0   0   3   0   0   0   0   3   0   0   8   7   0   4   0  0.69 0.19
  187 L   -1 -4 -5 -6  3 -4 -5 -5 -5  2  5 -5  1  0 -5 -3 -2 -4 -3  0    5   0   0   0   6   0   0   0   0  10  69   0   2   2   0   2   1   0   0   4  0.92 0.36
  188 D   -5 -5 -2  8 -6 -4 -2 -5 -4 -6 -6 -4 -6  2 -5  0 -4 -6  1 -6    0   0   0  81   0   0   0   0   0   0   0   0   0   9   0   6   0   0   5   0  1.92 0.68
  189 P   -1  2 -2 -1 -5 -1  2 -2  2 -4 -5  3 -4 -5  5  0 -2 -5 -4 -3    5  10   1   3   0   1  14   2   6   1   0  17   0   0  34   6   1   0   0   1  0.76 0.34
  190 E   -2 -1  0  4 -5  0  3 -2  1 -2 -4  1 -4 -1 -3  1 -1  0  0 -4    2   1   4  29   0   4  23   3   3   3   0  10   0   3   0   9   2   1   3   0  0.50 0.28
  191 L   -2 -4 -5 -6  0 -4 -5 -5 -4  2  2 -4  6  4 -5 -1 -3  6 -1  0    3   0   0   0   2   0   0   0   0  10  21   0  26  20   0   5   0  10   0   4  0.86 0.39
  192 R    0  7 -1 -4  0 -1 -3 -2 -3 -5 -5  3 -4 -6 -3 -2  0 -6 -4 -5    7  61   2   0   2   1   0   2   0   0   0  17   0   0   1   2   5   0   0   0  1.22 0.51
  193 E    0  0  1  3 -1  1  2 -3 -2 -3 -4  4 -2 -5 -3  0  0 -5 -4 -2    6   3   5  15   1   4  17   1   0   2   0  32   1   0   0   7   4   0   0   2  0.46 0.27
  194 F   -1 -4 -3 -5 -4 -2 -5 -5 -4  0  2 -3  3  7 -5 -3 -2  0  1  1    5   0   1   0   0   2   0   0   0   4  18   2   7  48   0   1   1   1   2   8  0.89 0.39
  195 F   -3 -5 -5 -6  3 -5 -5 -6 -4 -1  4 -5  2  5 -5 -3 -2 -3  0 -2    2   0   0   0   7   0   0   0   0   2  48   0   6  30   0   2   2   0   2   1  0.97 0.42
  196 S    2  1 -1  0 -3 -1 -1  2  0 -3 -3  2 -3 -4 -3  2  0 -4 -2 -1   20   7   2   5   0   1   3  16   3   0   1  13   0   0   0  18   5   0   1   5  0.26 0.19
  197 K    0  1  1  0 -4  1 -2 -2 -1 -4 -3  2 -4 -5  5  0  0 -5 -4 -4    6   8   6   5   0   7   0   2   2   0   2  16   0   0  35   6   5   0   0   0  0.71 0.32
  198 A    3 -2 -3 -4  1 -3 -3  4 -1 -2  0 -3  0 -4 -4  0 -1 -4 -4  0   27   2   0   0   3   0   0  39   1   1   8   0   2   0   0   6   3   0   0   7  0.57 0.31
  199 V   -1 -1  0 -2 -2  2  0  0 -2  1 -1 -1  2 -3  1  1  1 -4 -3  2    2   1   4   0   1  11   6   9   0   7   5   2   7   0   6  10   9   0   0  20  0.13 0.15
  200 Q    0 -2  2 -1 -4  0 -2  1  1 -1 -2  0  1 -3  5 -1  0 -4 -3 -1    8   1  12   3   0   4   1   9   4   4   1   7   5   1  26   3   8   0   0   3  0.38 0.21
  201 T    1 -3 -4 -4 -3 -3 -3 -2 -4  3  2 -2  2 -1  2 -2  0 -4 -1  2   12   1   0   0   0   0   0   2   0  19  25   2   7   2   9   1   5   0   2  14  0.32 0.20
  202 L   -1 -4 -4 -5  1 -4 -4 -5 -4  3  4 -4  4 -1 -2 -2 -1 -4 -3  2    5   0   0   0   3   0   0   0   0  22  39   0  11   1   1   4   3   0   0  11  0.56 0.26
  203 I   -3 -5 -5 -5 -4 -5 -5 -6  0  7  1 -5  1 -3 -2 -4  0 -5 -4  2    0   0   0   0   0   0   0   0   2  69   7   0   4   0   2   0   7   0   0   9  1.19 0.45
  204 P   -1 -5 -5 -5 -5 -4 -4 -5 -5  1 -4 -4  0  2  8 -2 -2 -5 -4  0    4   0   0   0   0   0   0   0   0   8   0   0   3   8  67   2   2   0   0   6  1.69 0.53
  205 F   -3 -6 -6 -6 -5 -6 -6 -6 -4  1 -1 -6  1  8 -6 -5 -3 -2  0  1    2   0   0   0   0   0   0   0   0   8   4   0   3  73   0   0   1   0   0   9  1.69 0.54
  206 F    0 -2  1 -2 -2 -2 -2 -3 -2  1  1 -2  2  2 -3 -1  1 -1  2  1   11   0  11   0   0   0   0   0   0  11  11   0  11  11   0   0  11   0  11  11  0.16 0.11
  207 A    4 -3 -2 -3 -1 -2 -3  4 -3 -3 -3 -2 -1  0 -3  1  0 -4 -3 -2   42   0   0   0   1   0   0  37   0   1   0   0   2   4   0  10   4   0   0   0  0.64 0.22
  208 F   -4 -5 -5 -6  0 -5 -5 -5 -3  1  0 -5 -2  8 -6 -4 -4  5  1 -1    0   0   0   0   2   0   0   0   0   6   6   0   0  73   0   0   0   8   1   4  1.45 0.35
  209 A    4 -2  0 -2  3 -2 -2  0 -3 -2 -3 -2 -2 -4  2  2  1 -4 -3 -1   44   1   4   0   7   1   0   5   0   2   0   0   0   0   9  15  10   0   0   2  0.43 0.18
  210 L   -3 -4 -5 -5 -3 -4 -4 -5 -4  3  5 -4  2  2 -4 -4 -3 -3 -2  1    0   0   0   0   0   0   0   0   0  16  66   0   5   9   0   0   0   0   0   4  0.81 0.24
  211 G   -2 -5 -3 -4 -5 -4 -4  7 -4 -6 -6 -4 -5 -6 -4 -2 -4 -5 -5 -6    0   0   0   0   0   0   0 100   0   0   0   0   0   0   0   0   0   0   0   0  2.05 0.43
  212 N    4 -2  3 -2  1  0 -2 -1 -2 -2 -3 -2  0 -2 -3  1  1 -3  0 -2   48   0  17   0   3   4   0   1   0   1   1   0   2   1   0   8   7   0   4   1  0.42 0.20
  213 T    0 -1  2 -2 -3 -1 -2  5 -3 -4 -4 -1 -3 -4 -3  1  2 -4 -4 -3    4   2  11   0   0   1   0  46   0   0   0   4   0   0   0  12  19   0   0   0  0.65 0.21
  214 I   -3 -4 -4 -5 -3 -3 -4 -5 -4  5  2 -4  6 -2 -4 -2 -1 -4 -3  1    0   0   0   0   0   0   0   0   0  49  16   0  25   0   0   3   4   0   0   3  0.84 0.28
  215 D   -3 -3  6  5 -5 -2 -1 -3 -2 -5 -5 -1 -4 -5 -3  1 -1 -6 -4 -5    0   0  48  37   0   0   0   0   0   0   0   3   0   0   0   9   3   0   0   0  1.16 0.33
  216 L   -3 -4 -5 -5 -3 -4 -5 -5 -4  1  5 -4  1  4 -5 -4 -3 -3 -1  0    0   0   0   0   0   0   0   0   0   7  69   0   2  20   0   0   0   0   0   2  0.97 0.31
  217 T    0  2  1  0 -2  0  0  1  2  0 -1  0  0 -2 -2  1  0 -3 -2 -1    9  13   7   3   0   4   4  13   7   8   4   3   3   1   0  13   5   0   0   2  0.10 0.07
  218 V    0 -1  1  1 -2  0  1 -2 -2 -1 -1  1  2 -3 -2  1  3 -4 -3  1    9   2   6   7   0   4   7   0   0   0   3   8   9   0   0  10  22   0   0  12  0.17 0.12
  219 I    1 -4 -4 -4 -2 -3 -4 -2 -4  4  2 -4  0  1 -4 -3 -1 -3 -2  2   16   0   0   0   0   0   0   3   0  39  20   0   0   6   0   0   1   0   0  16  0.49 0.20
  220 A    0 -4 -4 -4 -2 -3 -4 -3 -3  3  2 -3  0  3 -4 -2 -1  4  0  2    9   0   0   0   0   0   0   1   0  24  23   0   1  13   0   3   1   7   3  16  0.39 0.16
  221 Q   -1  0  1  0 -3  4  1 -2  2 -3 -3  3 -1 -4 -3  0  2 -4 -3 -2    3   3   5   4   0  23   5   1   7   0   1  22   1   0   0   6  18   0   0   2  0.40 0.19
  222 T    4 -3 -2 -3 -2 -1 -2  3 -3 -2 -3 -2 -3 -2  0  2  1 -4 -3 -2   41   0   0   0   0   2   0  21   0   2   0   0   0   2   3  17  11   0   0   1  0.51 0.22
  223 G   -1 -2 -2 -3 -4 -3 -2  6 -3 -2 -4 -3 -4 -4 -3  1 -3 -4 -4 -4    2   2   0   0   0   0   3  75   0   3   0   0   0   0   0  12   0   0   0   0  1.21 0.32
  224 L    0 -3 -3 -4 -2 -3 -3  1 -3  1  3 -3  1  2 -2 -1 -1 -3 -1  1    9   0   0   0   0   0   0  11   0   7  40   0   4  11   2   4   1   0   0  12  0.29 0.15
  225 L    1 -2 -1 -2 -2  0 -2  1 -2 -1  1 -1  0 -2  2  2  0 -3 -1 -1   13   0   2   0   0   5   0   9   1   1  22   3   1   0  11  23   5   0   3   2  0.19 0.13
  226 G   -2 -2 -1 -3 -5 -4 -4  7 -4 -6 -6 -3 -5 -6  0 -2 -4 -5 -5 -5    0   2   3   0   0   0   0  89   0   0   0   0   0   0   5   0   0   0   0   0  1.73 0.42
  227 I   -2 -4 -5 -5 -3 -4 -5 -1 -5  6  2 -4  1 -1 -4 -4 -2 -4 -3  3    1   0   0   0   0   0   0   5   0  55  18   0   3   1   0   0   0   0   0  16  0.77 0.27
  228 L   -1 -4 -4 -4 -1 -3 -4 -2 -4  3  4 -4  1  1 -4 -3 -1 -3 -2  2    6   0   0   0   1   0   0   3   0  20  43   0   2   6   0   0   2   0   0  18  0.49 0.19
  229 L   -2 -3 -4 -4 -2 -3 -4 -4 -4  3  4 -3  3  0 -4 -3 -2 -3 -2  2    0   0   0   0   0   0   0   0   0  16  61   0  13   0   0   0   0   0   0  10  0.55 0.14
  230 G    1 -2 -1 -2 -2 -2 -2  5 -2 -1 -1 -2 -1  0 -2  0  0 -3 -2 -1   13   0   0   0   0   0   0  51   0   5   9   0   0   4   0   7   5   0   0   4  0.42 0.10
  231 V    0 -3 -3 -3 -2 -2 -3  1 -3  2  2 -2  1  1 -3 -2 -1 -2 -1  3    6   0   0   0   0   0   0  13   0  17  17   0   5   6   0   0   0   0   0  34  0.21 0.08
  232 A    1 -3 -3 -4 -2 -3 -3 -1 -3  3  2 -3  2  1 -2 -1 -1 -3 -2  1   13   0   0   0   0   0   0   6   0  31  23   0   7   7   1   4   1   0   0   7  0.30 0.18
  233 V    0 -3 -3 -3  3 -3 -3 -3 -3  2 -1 -3 -1  1 -3  0  3 -3  1  3    5   0   0   0   8   0   0   0   0  11   0   0   0   7   0   6  22   0   7  34  0.37 0.22
  234 I    0 -3 -3 -3  0 -2 -3 -3 -2  2  0 -3  1  1 -3  0  1  0  3  2    8   0   0   0   2   0   0   0   0  18   6   0   3   7   0   8  11   1  12  23  0.24 0.18
  235 I    2 -3 -3 -4  1 -3 -3 -2 -3  2  2 -3  1  2 -1 -1 -1 -2  0  2   22   0   0   0   3   0   0   2   0  14  18   0   3  11   3   1   0   0   3  20  0.24 0.18
  236 V   -1 -3 -3 -4  0 -3 -3 -2 -3  3  2 -3  0  2 -2 -1  0  0 -1  3    3   0   0   0   2   0   0   2   0  20  17   0   0  13   2   4   5   1   0  29  0.30 0.19
  237 T    1 -2 -1 -2 -2 -2 -2  2 -2 -1 -1 -2  1  0 -2  1  4 -3 -2 -1    9   0   2   0   0   0   1  19   0   3   3   1   6   5   0  12  36   0   0   3  0.34 0.23
  238 G    0 -3 -2 -3 -3 -3 -3  5 -3 -1 -1 -3  0  1 -3 -1 -2 -3 -3  0    7   0   0   0   0   0   0  60   0   3   6   0   3   8   0   3   0   0   0   7  0.74 0.32
  239 I    0 -3 -3 -3  0 -2 -3  0 -3  2  1 -2  0  2  1 -1  0  0  0  1    6   0   0   0   2   0   0   7   0  21  18   0   1  13   8   6   4   1   1   9  0.15 0.12
  240 P    0 -3 -3 -3  0 -3 -3 -1 -3  1  1 -3  0  3  4 -1 -1 -2 -1  1   11   0   0   0   2   0   0   5   0  12  11   0   2  16  24   2   3   0   0   9  0.36 0.19
  241 L   -1 -2  1 -2  1 -2 -2  0 -2  1  2 -2  1  1 -3 -1  1 -2  0  0    4   0   9   0   4   0   0   9   0   9  28   1   5   6   0   3  13   0   3   6  0.12 0.13
  242 I   -2 -3 -3 -4 -3 -1 -3 -4 -2  3  0 -3  1  3 -4 -2 -1  1  5  2    3   0   0   0   0   2   0   0   0  22   6   0   3  14   0   2   2   1  28  15  0.51 0.26
  243 I   -1 -1 -4 -4  0 -3 -3 -3 -3  2  3 -2  1  4 -1 -3 -1  2  0  1    4   3   0   0   2   0   0   2   0  11  35   1   1  21   3   0   3   3   2   8  0.32 0.20
  244 A    3 -3 -3 -3  1 -3 -3  0 -3  1  1 -3  0  2 -3 -1  0 -3  0  2   32   0   0   0   4   0   0   7   0   8  12   0   1  11   0   2   7   0   2  15  0.23 0.20
  245 D   -3 -3  0  6 -4 -1  1 -3 -1 -2 -3 -2 -1  0 -3 -1 -2 -3  3 -2    0   0   4  54   0   2   7   0   1   2   3   0   1   4   0   3   1   0  14   2  0.82 0.39
  246 K   -2  5  0 -3 -4  0 -1 -3 -1 -1 -1  4 -2 -4 -3 -1 -1 -4 -1 -3    1  37   4   0   0   2   0   1   1   6   5  34   0   0   0   3   2   0   2   0  0.65 0.34
  247 L    0 -3 -2 -4 -3 -2 -2 -3 -2  1  3  0  1  2 -3 -1 -1  3  2  0    9   0   2   0   0   0   2   2   0   9  38   6   2   8   0   3   2   4   9   3  0.28 0.21
  248 I   -2 -2 -4 -4 -3 -3 -4 -2 -3  3  2 -3  1  2 -4 -2  0  5  0  1    2   2   0   0   0   0   0   4   0  25  23   0   3  11   0   3   8   8   3   8  0.37 0.23
  249 G   -1  2  2 -2  0 -1 -2  3  1 -2  0  0  0 -1  0  0  0 -3 -2 -2    4  16  10   1   2   0   1  25   5   1  12   4   2   3   4   4   4   0   0   3  0.18 0.15
  250 G   -1  2 -1 -1  0 -2  0  4 -3 -4 -4  3  1 -4 -2 -1 -3 -4 -2 -2    2  12   2   2   2   0   5  38   0   0   0  25   4   0   2   2   0   0   2   3  0.56 0.34
  251 G   -2  2  1 -1 -4  0  1  3 -2 -4 -4  3 -3 -4 -3  1  0  3 -3 -4    0  14   6   3   0   4   7  25   0   0   0  23   0   0   0   8   4   4   0   0  0.45 0.27
  252 D   -1  0  3  1 -4  0  1  2  1 -4 -4  1 -3 -2  1  1  0 -4 -3 -3    3   5  16   9   0   4   7  16   3   0   0   9   0   2   7  13   6   0   0   0  0.30 0.17
  253 G   -1 -1 -1 -1 -4 -2 -3  5 -2  0 -3 -2 -1 -3  3  0 -1 -4 -4 -1    2   4   2   3   0   1   0  47   1   8   2   1   2   1  14   6   2   0   0   4  0.60 0.28
  254 T    2  0 -3 -3 -2 -1 -1  0  0  2 -1 -1 -1 -2 -1 -1  1  0  0  2   26   4   0   0   0   3   2   7   2  16   2   3   0   0   3   1   9   1   4  16  0.17 0.18
  255 A    2 -2 -2 -1 -2 -2 -2  3 -3  0 -1 -2  1 -2 -2  1  0 -3 -3  0   31   0   0   3   0   0   0  23   0   5   4   0   8   0   0  12   6   0   0   9  0.24 0.11
  256 G    2 -3 -1 -2 -2 -2 -2  5 -3 -3 -3 -2 -2 -3  0  1  0 -3 -3 -1   22   0   0   0   0   0   0  51   0   0   0   0   0   0   5   8   8   0   0   4  0.60 0.15
  257 I    3 -3 -3 -3 -2 -2 -3 -1 -3  1  1 -2  1  2 -3 -1  0  3 -1  1   39   0   0   0   0   0   0   4   0  11  13   0   3  12   0   0   4   5   0   9  0.23 0.11
  258 A    5 -2 -2 -2 -2 -2 -2  2 -2 -2 -3 -2 -2 -3 -2  1  0 -3 -3 -1   67   0   0   0   0   0   0  13   0   0   1   0   0   0   0  10   6   0   0   0  0.57 0.18
  259 A    3 -2 -2 -2  0 -1  0 -2 -3  3  0 -2  2 -2 -2  0  0 -3 -2  1   33   0   0   0   2   2   7   0   0  24   5   0  10   0   0   5   6   0   0   5  0.22 0.14
  260 S    0 -3  1 -2  3 -2 -2  1 -2  1 -2 -2 -1 -1 -3  1  1  5  2  1   10   0  10   0  10   0   0  10   0  10   0   0   0   0   0  10  10  10  10  10  0.23 0.15
  261 S    1 -2  1 -1  3 -1 -1  0 -2 -2 -2 -1 -2 -3 -2  3  3 -3 -2 -1    6   0   6   0  10   0   0   3   0   0   1   0   0   0   0  37  33   0   0   0  0.41 0.11
  262 S    0 -2 -2 -2  1 -2 -2 -3 -3  1  0 -2 -1 -2 -2  1  5 -3 -2  2    7   0   0   0   3   0   0   0   0   8   5   0   0   0   0   5  55   0   0  17  0.40 0.13
  263 A    3 -2 -1 -2 -1 -1 -1  2 -2 -2 -2 -1 -1 -3 -1  2  0 -3 -2 -1   63   0   0   0   0   0   0  19   0   0   0   0   0   0   0  18   0   0   0   0  0.37 0.02
  264 G    2 -2 -1 -2 -2 -2 -2  5 -2 -2  0 -2 -1 -2 -2  0 -1 -3 -3 -1   26   0   0   0   0   0   0  57   0   0  17   0   0   0   0   0   0   0   0   0  0.46 0.01
  265 A    1 -2  5  0 -3 -1 -1 -1 -1 -1 -1 -1  0  0 -3  1  0 -4 -2 -1   13   0  50   0   0   0   0   0   0   5   5   0   3   5   0  12   3   0   0   3  0.40 0.11
  266 A    4 -2  0 -2  1  0 -1  0 -2 -3 -3 -1 -2 -3 -2  3  0 -4 -3 -2   51   0   4   0   4   4   0   4   0   0   0   0   0   0   0  29   4   0   0   0  0.44 0.11
  267 V    2 -3 -3 -3 -1 -2 -3 -3 -3  2  1 -2  2 -2 -3 -1  0 -3 -2  3   23   0   0   0   0   0   0   0   0  11   7   0   9   0   0   3   6   0   0  42  0.31 0.11
  268 A    1 -2 -2 -2 -2 -2 -2  1 -3  1  1 -2  2 -2  2  1  1 -3 -2  1   11   0   0   0   0   0   0  11   0  11  11   0  11   0  11  11  11   0   0  11  0.17 0.10
  269 T    0 -2  1 -2 -2 -1 -2 -2 -2  0  0 -2 -1  0 -2  2  4 -3 -2  1    6   0   8   0   0   0   0   0   0   6   6   0   0   6   0  19  39   0   0   9  0.25 0.09
  270 P    1 -3 -3 -3 -3 -2 -2  1 -3 -2 -3 -2 -2 -4  7 -1 -2 -4 -3  1   13   0   0   0   0   0   0  13   0   0   0   0   0   0  56   0   0   0   0  19  1.09 0.16
  271 V    3 -1 -3 -3 -3 -1 -2 -3 -1 -1  0 -1  3 -1  1  0 -1 -4 -1  1   36   2   0   0   0   2   2   0   1   1  10   3   9   3   7   6   2   0   2  13  0.29 0.23
  272 L    3 -4 -4 -5 -3 -4 -4 -4 -4  4  2 -4  3  1 -4 -1 -2 -4 -3  1   34   0   0   0   0   0   0   0   0  24  17   0  10   5   0   3   0   0   0   7  0.57 0.32
  273 I   -3 -5 -5 -5 -3 -4 -5 -5 -5  5  1 -4  3  0 -5 -1 -1 -5 -3  4    0   0   0   0   0   0   0   0   0  36  10   0   7   3   0   6   3   0   0  37  0.85 0.37
  274 A    5 -4 -3 -4  1 -1 -2  0 -4 -4 -4 -3 -1 -5 -3  1  0 -5 -4 -1   65   0   0   0   2   3   2   7   0   0   0   0   2   0   0  10   5   0   0   4  0.88 0.43
  275 E    3 -2  0  1 -3  3  2 -1 -1 -2 -1 -1  0 -4 -3  1 -1 -4 -3 -2   26   0   3   6   0  17  17   3   1   2   5   1   3   0   0  12   1   0   0   2  0.33 0.23
  276 M    3 -2 -2 -2 -2 -2  0 -3 -3  2  0 -2  3  0 -3 -1 -1 -3  1  1   31   2   1   2   0   0   7   0   0  14   6   0  11   3   0   3   3   0   5   9  0.23 0.20
  277 V    1 -3  3  5 -1 -2 -1 -3 -1 -2 -1 -2 -1 -1 -3 -1 -2 -4 -2 -1   12   0  13  43   1   1   2   0   1   2   7   2   2   3   0   3   2   0   1   5  0.54 0.28
  278 P    1 -2 -4 -4 -5  1 -1 -2  0 -5 -5 -1 -4 -5  7 -2 -1 -5 -5 -3   10   2   0   0   0   6   4   2   2   0   0   3   0   0  63   2   3   0   0   2  1.50 0.50
  279 A    2 -1  0 -1 -2  2  1 -2  0 -1 -1 -1  0 -3 -2  3  1 -4 -3  0   18   2   3   3   0  10   8   2   2   2   4   2   3   0   0  24   9   0   0   7  0.21 0.18
  280 F   -3 -2 -4 -5 -4 -4 -4 -5 -1  0  2 -4  1  6 -5 -1 -3  4  5 -1    0   2   0   0   0   0   0   0   1   4  19   0   3  35   0   6   0   5  19   4  0.84 0.37
  281 K    3  0 -1 -1 -3  3  1 -1 -2 -2 -1  1 -1 -3 -2  0  0 -3 -1 -2   33   3   1   2   0  13  11   3   0   1   4  11   1   0   0   4   6   0   3   2  0.28 0.23
  282 P    2 -3 -1  0 -3  0  1  0 -3 -3 -3  0 -2 -4  5  0 -1 -4 -2 -2   23   0   2   5   0   3   9   7   0   1   1   6   1   0  31   4   2   0   1   2  0.56 0.28
  283 M    1 -3 -1 -3 -3 -1 -2 -2 -1  2  1 -3  1  1 -3 -1 -1 -2  4  3   11   0   2   0   0   2   2   2   1  10  11   0   4   4   0   4   3   0  17  24  0.27 0.20
  284 A    4 -2 -3 -3 -3 -2 -1 -2 -4  0 -1 -3  1 -3 -3 -1 -1 -4 -3  3   48   2   0   0   0   2   4   2   0   4   5   0   3   0   0   2   2   0   0  25  0.56 0.33
  285 P    3 -2  0  0 -3  1  1  0 -2 -3 -3 -1 -3 -4  4  1  0 -4 -3 -2   29   1   4   4   0   6  11   7   0   0   2   3   0   0  18   8   4   0   0   1  0.39 0.22
  286 A    1 -1 -1 -2 -2  1 -1 -2 -1  1  0 -1  0 -2 -1  2  2 -3 -2  1   15   3   1   0   0   8   2   2   1  11   7   1   1   0   2  17  15   0   1  11  0.17 0.16
  287 A    6 -4 -4 -4 -3 -3 -3 -3 -4 -4 -2 -3 -3 -4 -3  1 -2 -5 -4 -3   82   0   0   0   0   0   0   1   0   0   3   0   0   0   0  10   0   0   0   0  1.38 0.57
  288 T    0 -4 -1 -3 -3 -2 -3 -4 -4  1 -3 -3 -1 -4 -4 -1  7 -5 -2 -2    7   0   2   0   0   2   0   1   0   7   1   0   1   0   0   3  71   0   1   1  1.23 0.54
  289 S    5 -3 -3 -3 -2 -3 -3 -1 -3 -1 -2 -2 -1 -3  1  1  0 -4 -3  1   55   0   0   0   0   0   1   3   0   3   3   0   2   0   7   8   5   0   0  11  0.58 0.30
  290 L   -3 -2 -3 -3 -4  7 -1 -4 -3  1  2 -2  0 -4 -4 -3 -2 -4 -3 -2    1   0   0   0   0  62   1   1   0   7  20   0   2   0   0   1   1   0   0   1  1.17 0.49
  291 V   -2 -4 -4 -4  1 -4 -4 -4 -4  4  1 -4  0 -2 -4 -3 -2 -4 -3  5    2   0   0   0   4   0   1   1   0  30  10   0   2   0   0   1   1   0   0  47  0.82 0.33
  292 A    6 -3 -3 -3 -3 -3 -3  0 -3 -3 -3 -3 -1 -4 -3  1  0 -4 -4 -2   73   0   0   0   0   0   1   4   0   0   2   0   1   0   0   8   5   0   0   2  0.98 0.42
  293 T    4 -3 -3 -3  0 -2 -3 -2 -3  0 -1 -2  1  2 -3  0  3 -3 -2  0   38   0   0   0   2   0   1   1   0   4   4   0   3   9   0   5  26   0   0   4  0.45 0.27
  294 A    4 -3 -2 -3  4 -2 -2  0 -3 -3 -2 -2 -2 -4 -3  3  0 -4 -3  0   37   0   0   0  11   0   1   7   0   0   3   0   0   0   0  29   2   0   0   6  0.57 0.30
  295 V    0 -3 -3 -4  3 -3 -3 -3 -4  1  0 -3  0 -2 -3  0  2 -4 -3  5    6   0   0   0   7   0   1   1   0   4   4   0   1   0   0   6  11   0   0  57  0.60 0.27
  296 I   -2 -4 -4 -4 -3 -4 -4 -5 -4  6  1 -4  0 -2 -4 -3 -2 -4 -3  4    1   0   0   0   0   0   1   1   0  51  12   0   0   0   0   1   0   0   0  31  0.88 0.30
  297 V   -2 -4 -4 -4 -2 -3 -4 -4 -4  4  1 -3 -1  1 -3 -3  1 -3 -2  4    1   0   0   0   0   0   1   1   0  31   7   0   0   6   0   1  11   0   0  40  0.62 0.25
  298 T   -2 -3 -2 -3  1 -3 -3 -3 -3 -3 -3 -3 -3 -4 -3  2  7 -4 -3 -2    1   0   0   0   3   0   1   1   0   0   1   0   0   0   0  17  73   0   0   1  1.21 0.43
  299 S    5 -3 -3 -3 -1 -3 -3 -2 -3  0 -2 -3  0 -4 -3  4  0 -5 -4 -2   52   0   0   0   1   0   0   0   0   6   3   0   3   0   0  34   2   0   0   0  0.78 0.36
  300 I   -3 -5 -4 -5 -3 -5 -5 -5 -5  6  2 -5  0  3 -5 -4 -3 -3 -2  2    1   0   1   0   0   0   0   0   0  53  20   0   1  16   0   0   0   0   0   8  0.90 0.33
  301 L   -1 -4 -5 -5  0 -4 -4 -5 -5  2  5 -4  1 -1 -4 -4 -1 -4 -3  2    5   0   0   0   2   0   0   0   0   9  66   0   1   2   0   0   3   0   0  12  0.78 0.30
  302 V    1 -4 -3 -4  5 -3 -3 -4 -4 -1 -1 -3 -1 -1 -3  0  4 -4 -3  3   12   0   0   0  14   0   0   0   0   1   3   0   1   3   0   4  33   0   0  29  0.60 0.29
  303 P   -4 -5 -5 -5 -6 -4 -4 -5 -5 -6 -4 -4 -5 -7  9 -2 -4 -7 -6 -5    0   0   0   0   0   0   0   0   0   0   2   0   0   0  97   2   0   0   0   0  2.91 0.68
  304 I   -3 -4 -5 -5 -3 -4 -5 -5 -4  5  2 -4  1  4 -3 -4 -2  1  2  1    1   0   0   0   0   0   0   0   0  40  18   0   3  20   1   0   1   2   7   6  0.69 0.27
  305 L   -1 -4 -5 -5 -3 -4 -4 -4 -4  3  4 -4  1  0 -4 -4 -2 -3 -1  2    5   0   0   0   0   0   0   1   0  19  55   0   2   3   0   0   0   0   2  14  0.68 0.27
  306 T    1 -3 -3 -4 -1 -3 -3 -4 -4  0 -2 -3 -1 -3 -3 -1  6 -4  0  3    9   0   0   0   1   0   0   0   0   3   2   0   1   0   0   1  55   0   3  24  0.78 0.35
  307 S    3  0  0 -2 -2 -1 -2  1 -1 -1 -3  1 -1 -4 -2  3  0 -4 -3 -1   31   4   3   1   0   2   0   9   1   4   0  10   2   0   0  28   3   0   0   2  0.35 0.21
  308 I   -2 -1 -4 -5 -3 -2 -4 -4 -3  1  1  1  1  3 -4 -3 -3  8  4 -2    3   3   0   0   0   1   0   0   0  10  14  10   4  14   0   1   1  25  14   1  0.81 0.29
  309 W   -2 -4 -5 -5 -1 -2 -4 -5 -2  1  1 -4  0  3 -5 -4 -2  8  2  3    3   0   0   0   1   1   0   0   1   6  16   0   2  11   0   0   2  26   7  23  0.86 0.29
  310 S    3 -2 -1  2  0 -2 -1 -2  0 -1 -1 -1 -1 -1 -3  1 -1 -1  2  0   31   0   2  14   2   0   2   0   2   2   4   2   1   2   0  13   1   1  11   9  0.23 0.18
  311 R   -2  4  0 -1 -5 -1 -1  0 -1 -5 -4  6 -3 -5 -3 -1 -1 -5 -4 -3    1  23   4   3   0   1   1   7   1   0   0  54   0   0   0   3   2   0   0   1  0.89 0.36
  312 K   -3  5 -2 -3 -5  0 -1 -3  2 -2 -3  4 -1 -2 -4 -2 -2  3  1 -3    1  35   1   0   0   3   1   1   6   2   1  34   1   1   0   1   2   5   4   1  0.76 0.32
  313 V    0 -1  0 -2 -2  0  0 -2  0  0  1 -2  2  3 -3 -1  0 -2  2  2    8   2   6   0   0   6   6   1   2   4  10   1   9  15   1   2   4   0   6  18  0.12 0.12
  314 K    0  2  0  0 -4  2  0  2  1 -3 -4  3 -2 -4 -3 -1 -1 -2 -2 -3    9   9   4   4   0  10   5  21   4   0   0  25   1   0   0   2   4   1   1   1  0.35 0.19
  315 A    2  2  0 -2 -1  1 -1 -1 -2 -1 -3  4 -2 -4 -1  1 -1 -4 -3 -1   20  11   5   0   1   5   1   4   0   3   1  31   1   0   3   9   2   0   0   3  0.32 0.20
  316 R   -1  5  0 -2 -5  0  1 -1  0 -4 -3  4 -3 -5 -1 -1 -2 -1 -4 -4    4  37   3   1   0   1   9   4   2   0   2  30   0   0   3   2   1   1   0   1  0.69 0.29
  317 A    2  0  0  0 -3  2  1  2  1 -2 -3  3 -3 -4 -1  1 -1 -4 -3 -3   19   3   4   3   0  10  10  14   4   2   0  21   0   0   1   7   2   0   0   0  0.30 0.17
  318 A    2 -1  2 -1 -3  1  1  1 -2 -1 -2  1 -1 -3  1  1 -1 -4 -1 -1   26   1  10   2   0   6  11   8   0   4   3   8   1   0   7   7   1   0   3   2  0.19 0.14
  319 K    0  0  0 -1 -3  1  2  0 -2 -3 -2  4 -2 -4  1  1  0 -4 -3 -2   10   2   4   1   0   6  11   7   0   0   4  32   1   0   8   8   4   0   0   1  0.32 0.17
  320 I    0  0 -2 -1 -2  0 -1 -3  1  2  1  0  1 -1 -1 -1  0 -3 -2  1   11   6   1   3   0   3   2   0   5  21  14   5   4   2   3   2   3   0   0  13  0.09 0.08
  321 E   -2 -1 -2  0 -5  3  5 -2 -2 -3 -3  1 -3 -5  1 -1  0 -4 -4 -3    2   2   0   3   0  11  57   2   0   1   2   6   0   0   7   1   5   0   0   1  0.75 0.27
  322 I   -1 -2 -1 -2 -2  2  1 -1 -2  3  0 -1  2 -2 -3 -1  0 -3 -2  2    0   0   4   0   0  14   9   4   0  27   6   2  10   0   0   4   5   0   0  15  0.18 0.12
  323 L   -1  1 -2 -1 -3  0  0 -1 -2  0  1  0  1 -1  3  0 -1 -3 -2  0    3  10   0   2   0   4   7   5   0   1  23   4   6   3  17   7   0   0   0   8  0.17 0.07
  324 G    1 -2  2  0 -3  0  1  4 -2 -3 -3  0 -2 -4 -2  1  0 -4 -3 -3   17   0  16   2   0   5   9  33   0   0   2   3   0   0   0   6   6   0   0   0  0.39 0.12
  325 T    3 -2 -2 -2 -2 -1  1 -2 -2 -2 -1 -1 -2 -3  0  1  4 -4 -3 -1   34   0   0   0   0   0  11   0   0   0   6   0   0   0   4   8  35   0   0   1  0.38 0.15
  326 V    0 -3 -3 -3 -2 -3 -3 -3 -4  2  0 -3 -1 -2  4 -2  1 -4 -2  4    5   0   0   0   0   0   0   0   0   7   4   0   0   0  22   0  10   0   0  52  0.52 0.14
  327 K   -2  1  3 -1 -4  0  1 -2  2 -4 -4  5 -2 -4 -2 -1 -1 -4 -2 -3    0   0  16   0   0   0   7   0   7   0   0  69   0   0   0   0   0   0   0   0  0.67 0.14

                      K         Lambda
Standard Ungapped    0.1388     0.3244
Standard Gapped      0.0475     0.2670
PSI Ungapped         0.1554     0.3177
PSI Gapped           0.0475     0.2670
