
Last position-specific scoring matrix computed, weighted observed percentages rounded down, information per position, and relative weight of gapless real matches to pseudocounts
           A  R  N  D  C  Q  E  G  H  I  L  K  M  F  P  S  T  W  Y  V   A   R   N   D   C   Q   E   G   H   I   L   K   M   F   P   S   T   W   Y   V
    1 M   -3 -4 -5 -5 -3 -3 -4 -5 -4  1  4 -4  8 -2 -5 -4 -3 -3 -3 -1    0   0   0   0   0   0   0   0   0   5  33   0  62   0   0   0   0   0   0   0  1.29 0.36
    2 A    2 -1 -1 -3 -3 -1 -2 -3 -2  0  1  2  0  3 -3  0  0 -3 -1 -1   25   2   2   0   0   1   0   0   0   5  12  20   1  19   0   7   4   0   1   0  0.23 0.18
    3 R   -3  8 -3 -4 -6 -1 -3 -5 -3 -6 -5  3 -4 -6 -5 -2 -4 -6 -5 -4    1  76   0   0   0   1   0   0   0   0   0  18   0   0   0   2   0   0   0   1  1.77 0.58
    4 S    1 -1  2  0 -4  2  1 -2  1 -4 -4 -1 -4 -5 -3  4  2 -1 -3 -3   12   2   8   5   0   9  10   1   4   0   0   2   0   0   0  31  13   1   1   0  0.47 0.32
    5 G    1 -2  2  0 -3 -1 -1  2  0 -3 -2 -2 -3 -4  1  3  0 -5 -3 -2   11   2   9   4   0   2   2  18   3   1   5   1   0   0   8  28   3   0   0   1  0.35 0.25
    6 F   -4 -5 -7 -7 -5 -6 -6 -7 -4  1  5 -6  0  5 -7 -6 -5  6 -2 -2    1   0   0   0   0   0   0   0   0   6  54   0   1  22   0   0   0  12   0   2  1.37 0.57
    7 E    1  1 -2 -2 -5  2  0 -3 -1 -1 -1  1 -2 -2 -5 -1 -1  8  1 -2   12   9   1   2   0   9   6   1   1   4   6   9   1   1   0   4   3  25   4   3  0.66 0.35
    8 V   -1  3 -1 -3 -2  1 -2 -2  1  2 -1  1 -2 -2 -4 -1  0 -4  0  2    5  18   2   1   1   5   2   2   4  16   3  11   0   1   0   4   5   0   3  17  0.23 0.21
    9 Q   -4 -1  2 -4 -6  5 -4 -6  4 -5 -4 -2 -2  0 -6 -3 -1  2  7 -4    1   4   9   1   0  22   0   0   8   0   1   2   1   2   0   1   5   2  39   1  1.20 0.59
   10 K   -2  7 -3 -5 -2 -1 -4  0 -3 -3 -1  2 -4  0 -5 -2 -3  2 -2 -2    2  54   0   0   1   1   0   6   0   2   7  11   0   5   0   2   1   3   1   2  1.03 0.52
   11 V   -1  4  0  3 -5  0  2 -1  0 -4 -4 -2 -3  1 -2  0 -2 -4  0 -4    6  23   3  16   0   3  15   5   3   0   1   0   1   8   2   8   2   0   3   1  0.40 0.29
   12 T   -2 -6 -6 -7 -4 -5 -6 -7 -6  1  5 -6  2  1 -6 -3 -1 -5 -4  4    2   0   0   0   0   0   0   0   0   4  49   0   4   5   0   2   4   0   0  31  1.04 0.50
   13 V   -4 -6 -7 -7 -5 -6 -6 -7 -6  6  3 -6 -1  2 -6 -6 -2  3 -3  2    0   0   0   0   0   0   0   0   0  42  29   0   1   7   0   0   3   4   0  14  1.16 0.51
   14 E   -1  1 -3 -3 -3 -1 -1  1  2  0  0  1  0  3 -4 -1 -1  5  3 -1    5   8   0   0   0   2   3  10   5   5   9   9   2  11   0   5   3   8  12   3  0.25 0.20
   15 A    4 -2  1 -2 -4  3  1 -1 -3 -2 -2 -3  0  1 -4  1 -1 -5 -4 -2   39   1   6   1   0  12   9   4   0   1   3   0   2   7   0   9   3   0   0   3  0.46 0.35
   16 L   -5 -6 -5 -7 -5 -6 -6 -7 -6 -1  6 -6  3  1 -6 -1 -4 -5 -3 -3    0   0   1   0   0   0   0   0   0   2  79   0   6   5   0   5   0   0   1   0  1.55 0.66
   17 F    1 -5 -5 -6 -4 -5 -5 -5 -5  3  1 -5  2  3 -5 -2  2 -5 -3  4   11   0   0   0   0   0   0   0   0  15  11   0   5  11   0   2  11   0   0  33  0.68 0.39
   18 L   -2  2 -3 -4 -4  0 -2 -4 -1  0  2  3  4  0 -5 -1 -2  6 -2  0    3  10   1   0   0   4   1   1   2   5  19  19  12   3   0   4   2  10   1   6  0.43 0.30
   19 R   -6  8 -1 -6 -8 -3 -5 -6 -4 -8 -7  2 -6 -8 -7 -3 -5 -8 -6 -7    0  85   3   0   0   1   0   0   0   0   0   8   0   0   0   2   0   0   0   0  2.46 0.94
   20 E   -6 -5 -2  6 -8 -3  6 -3 -3 -8 -8 -4 -7 -8 -6 -4 -5 -8 -7 -7    0   0   1  39   0   0  57   2   0   0   0   0   0   0   0   0   0   0   0   0  1.97 0.83
   21 I   -1 -6 -6 -6 -4 -5 -6 -6 -6  5  3 -5  4  4 -6 -4 -1 -4 -2  2    4   0   0   0   0   0   0   0   0  29  22   0   9  17   0   0   3   0   0  15  0.90 0.43
   22 R   -1  2 -3 -3 -5  1 -1 -4  2  1  0  4 -2 -4 -4  0 -1 -5 -4  0    5   9   0   0   0   7   3   0   4   9  11  33   1   0   0   6   3   0   0   8  0.42 0.31
   23 T    1 -3 -3 -3 -4 -3 -3  1 -5  0  0 -3 -1 -4 -4  1  5 -4 -4  2   10   1   0   1   0   0   1  13   0   4   9   1   1   0   0  10  33   0   0  14  0.52 0.37
   24 R   -5  8 -3 -6 -8 -2 -4 -5 -5 -6 -3  4 -3 -3 -6 -3 -3 -7 -6 -4    1  70   1   0   0   1   0   1   0   0   2  19   1   1   0   1   2   0   0   1  1.91 0.80
   25 F   -7 -7 -6 -8 -7 -7 -7 -8 -2 -5 -3 -7 -6  5 -8 -5 -3 -3  9 -4    0   0   0   0   0   0   0   0   0   0   2   0   0  19   0   1   2   0  75   1  2.79 1.02
   26 G   -1  4 -4 -4 -6  0 -3  4 -4 -5 -4  4 -1 -4 -5 -2 -3 -6 -5 -3    5  24   0   0   0   3   0  31   0   0   2  27   1   1   0   2   1   0   0   2  0.92 0.49
   27 K   -2  5  2 -1 -6  3 -3  3 -1 -5 -5  0 -5 -6 -5 -1 -2 -6 -5 -5    3  31  10   3   0  15   0  24   2   0   1   5   0   0   0   5   1   0   0   0  0.82 0.46
   28 F   -1 -2  0 -1 -5 -2  0 -4  1 -6 -6  0 -2 -3 -5  5  3 -6 -1 -5    3   2   4   4   0   1   5   1   3   0   0   5   1   1   0  51  17   0   3   0  0.88 0.53
   29 R    0  2  2 -4 -3 -2 -3 -3 -3  1  0 -1  1  2  0 -2 -1 -1  2  2    9  13  12   0   0   1   0   1   0  10   6   4   3   8   5   2   2   1   7  18  0.21 0.21
   30 L   -2 -6 -7 -7 -5 -6 -6 -1 -6  3  5 -6  3  2 -6 -5 -5 -5 -4 -1    2   0   0   0   0   0   0   6   0  15  61   0   6   7   0   0   0   0   0   1  1.17 0.54
   31 G   -3 -7 -5 -6 -7 -7 -7  8 -7 -9 -9 -6 -8 -8 -7 -4 -6 -8 -8 -8    2   0   0   0   0   0   0  98   0   0   0   0   0   0   0   1   0   0   0   0  2.76 0.99
   32 Y    0 -5 -3 -6 -5 -4 -5 -3 -3  2  1 -4  1  4 -1 -3 -3  3  5  1    8   0   2   0   0   0   0   2   0  13  10   0   4  19   4   1   0   3  24  10  0.69 0.38
   33 L    2 -5 -6 -6 -2 -5 -5 -3 -5  1  5 -5  1  3 -5 -2 -2 -2 -1  0   15   0   0   0   1   0   0   2   0   5  49   0   2  12   0   3   2   0   1   7  0.77 0.42
   34 W   -9 -9-10-11 -9 -8 -9 -9 -9 -9 -6 -9 -8 -5-10 -9 -9 13 -3 -9    0   0   0   0   0   0   0   0   0   0   0   0   0   0   0   0   0  99   0   0  5.36 1.62
   35 A    3 -4 -3 -4 -4 -4 -4 -4 -4  0  0 -4  2  0 -2  4  2 -5 -3  0   28   0   0   0   0   0   0   0   0   5   9   0   5   4   2  28  10   0   1   7  0.55 0.40
   36 I   -3 -6 -7 -7 -5 -6 -6 -7 -6  4  3 -6  2  5 -5 -6 -4 -4 -2  3    1   0   0   0   0   0   0   0   0  23  26   0   4  26   1   0   0   0   0  18  1.10 0.50
   37 L    0 -5 -6 -6 -4 -5 -6 -2 -6  4  4 -5 -1  3 -6 -5 -4 -5 -3  2    8   0   0   0   0   0   0   4   0  22  43   0   1  10   0   0   0   0   0  12  0.87 0.44
   38 E   -4  0  6  0 -7  4  5 -5  1 -6 -6 -3 -5 -7 -5 -2 -2 -3 -4 -5    0   4  33   4   0  15  33   0   3   0   1   0   0   0   0   2   3   0   0   0  1.19 0.61
   39 P   -6 -8 -7 -7 -8 -3 -6 -8 -8 -7 -8 -6 -8 -9  9 -5 -4 -9 -8 -7    0   0   0   0   0   1   0   0   0   0   0   0   0   0  97   0   1   0   0   0  3.39 1.21
   40 S   -1 -6 -6 -7 -5 -5 -6 -6 -6  2  5 -6  4  1 -6 -4 -2 -5 -4  1    7   0   0   0   0   0   0   0   0  11  54   0  10   5   0   1   2   0   0  10  1.04 0.50
   41 A    2 -5 -5 -6 -2 -5 -5 -3 -5  1  4 -5  4  2 -5  0 -3 -5 -3  0   17   0   0   0   1   0   0   2   0   7  42   0   9  10   0   6   1   0   0   5  0.69 0.40
   42 H   -2 -4 -2 -5 -5  2 -4 -3  4 -1  0 -4  7  3 -5 -1  3 -3 -2 -2    2   0   2   0   0  11   0   2   9   3   6   0  29  12   0   4  16   0   1   2  0.83 0.50
   43 L    0 -5 -5 -6  0 -5 -6 -6 -6  4  3 -5  6 -3 -6 -3  2 -5 -5  2    6   0   0   0   2   0   0   0   0  19  25   0  22   0   0   1  13   0   0  11  0.89 0.47
   44 L    2 -5 -5 -5  0 -4 -5 -1 -5  3  3 -4  1  0 -5 -1 -1 -5 -4  3   19   0   0   0   1   0   0   5   0  15  26   0   4   4   0   4   4   0   0  17  0.48 0.31
   45 I   -2 -6 -6 -7 -5 -6 -6  0 -6  4  1 -6  2  0 -6 -4 -2 -6 -4  5    3   0   0   0   0   0   0   7   0  26  10   0   4   4   0   0   1   0   0  45  1.05 0.51
   46 L   -5 -6 -6 -7 -6 -4 -6 -7 -4  1  2 -6  4  5 -7 -5 -4 -1  7  1    0   0   0   0   0   1   0   0   0   8  20   0  10  19   0   0   0   1  32   9  1.24 0.57
   47 L    0 -5 -3 -5 -3 -4 -5 -3 -5 -2 -1 -4  1 -2 -5  2  6  3  1  1    9   0   1   0   0   0   0   2   0   2   5   0   4   1   0  13  47   4   4   8  0.86 0.53
   48 G    0 -5 -6 -6 -4 -5 -5 -3 -5  3  2 -5  0  5 -6 -3 -1 -3  0  3    8   0   0   0   0   0   0   2   0  16  18   0   2  26   0   2   4   0   3  20  0.72 0.39
   49 I   -2 -6 -7 -7 -5 -6 -6 -6 -5  5  1 -6  2  0 -6 -6 -4 -6 -5  6    2   0   0   0   0   0   0   1   0  30  13   0   4   3   0   0   0   0   0  47  1.30 0.59
   50 L   -6  0 -8 -8 -7 -7 -8 -7  0 -4 -2 -6 -3  9 -8 -7 -7  6 -1 -4    0   5   0   0   0   0   0   0   3   1   4   0   0  74   0   0   0  11   1   1  2.45 0.92
   51 G   -1 -2 -2 -3 -5  0 -2  3 -1 -5 -6 -1 -4 -6 -4  5  2 -6 -5 -4    4   2   1   1   0   4   2  24   1   0   0   4   0   0   1  44  10   0   0   0  0.88 0.53
   52 Y    0  0  1 -2 -3  0 -1 -2  0  0  0  0  1  2 -3 -1  0 -2  1  2    7   4   8   0   0   4   4   2   2   5  10   5   3  12   0   3   8   0   5  16  0.10 0.13
   53 V   -2 -3 -6 -6 -4 -5 -5 -2 -5  4  3 -5  2  1 -5 -3 -2 -4 -3  4    3   2   0   0   0   0   1   4   0  28  22   0   5   6   0   1   2   0   1  25  0.71 0.38
   54 M    1  1 -4 -4 -5 -3 -4  0 -2 -2  1 -1  5  5 -5 -2 -4 -2 -2 -2   14  10   1   1   0   1   0   8   1   2  11   4  16  27   0   2   0   0   0   2  0.60 0.39
   55 H    0  4 -1 -2 -6  1 -2  1  3 -5 -5  4 -1 -5 -1 -1 -3 -6 -4 -4    8  25   3   2   0   5   1  11   6   0   0  27   2   0   3   4   0   0   0   1  0.66 0.40
   56 R    2  1  0 -1 -3 -1 -2 -1  1  0  0 -1  1  1 -1  1  0 -3 -2  1   18   9   3   4   0   3   0   3   4   7   7   1   4   7   2  13   5   0   0   9  0.09 0.14
   57 T   -2  3  1  1 -5  1  0 -1  2 -4 -4  1 -1 -4  4  0  0 -5 -2 -4    2  18   6   9   0   5   4   5   5   0   1   9   2   0  19   7   7   0   1   1  0.43 0.29
   58 M    0 -3 -3 -3 -4 -2 -2 -1 -3  3  1 -3  1 -1  1  1  1  6 -1  1    6   1   0   1   0   1   3   5   1  16  11   0   4   3   6  11   8  12   1  10  0.32 0.24
   59 P   -1 -3 -1  2 -5 -1  1  1  3 -3 -1 -2 -3 -3  5  2 -2 -5 -3 -3    4   1   2  10   0   2  11  10   6   1   6   1   0   1  25  15   2   0   1   1  0.49 0.32
   60 D   -3 -3  4  2 -5 -3 -2  5  1 -5 -5 -1 -5 -6 -3 -1  0 -6 -5 -4    1   1  18  10   0   1   1  48   3   1   1   4   0   0   1   4   5   0   0   1  0.97 0.48
   61 I    0 -2 -1 -2 -2 -1 -2 -1 -2  3  1 -2  1  0 -2 -1  1 -3  0  2    9   2   2   2   0   2   2   4   1  18  15   2   4   4   1   3   9   0   2  18  0.17 0.13
   62 S   -1 -1  2  2 -4 -1  1 -1 -3 -3 -4 -2 -3 -4  5  2 -1 -4 -3 -3    5   3  10  12   0   2   8   4   0   1   2   1   0   1  29  15   3   0   1   1  0.62 0.32
   63 F   -4 -6 -7 -7 -6 -3 -6 -6 -3  2 -2 -5  0  7 -2 -6 -3 -2  7 -2    1   0   0   0   0   2   0   0   0  11   3   1   2  37   3   0   2   0  35   3  1.59 0.68
   64 P    3 -4 -4 -4 -4 -2 -3 -2 -3  1 -2 -4 -1  0  5  0  0 -4 -2  1   24   0   0   0   0   2   1   3   0   7   4   0   1   4  27   8   6   0   2  10  0.58 0.37
   65 V    1 -5 -5 -5 -4 -4 -4 -5 -5  3  4 -5  2 -3 -1 -3 -3 -5 -4  3   11   0   0   0   0   0   1   0   0  16  36   0   5   0   4   2   1   0   0  22  0.71 0.39
   66 F   -4 -6 -6 -8 -4 -7 -7 -7 -3  0 -1 -7  0  8 -7 -6 -5  5  6 -1    1   0   0   0   0   0   0   0   1   5   5   0   2  51   0   0   0   6  22   5  1.79 0.72
   67 L    0 -5 -5 -6 -3 -5 -6 -6 -5  1  4 -5  2  1 -6 -3 -2 -4  3  2    8   0   0   0   0   0   0   0   0   6  47   0   5   6   0   2   2   0  10  13  0.80 0.43
   68 L    0 -5 -6 -6  2 -5 -6 -4 -5  3  3 -5  3  5 -6 -4 -3 -4  0  0   10   0   0   0   5   0   0   1   0  15  25   0   8  27   0   0   1   0   2   6  0.81 0.42
   69 N    3 -5 -1 -5  3 -4 -4 -4 -5  0 -2 -4 -2 -5 -4  3  4 -6 -3  2   23   0   2   0   6   0   0   0   0   6   3   0   1   0   0  21  26   0   1  12  0.68 0.45
   70 G    1 -7 -5 -6 -7 -7 -7  8 -7 -8 -8 -6 -7 -8 -7 -4 -6 -7 -8 -6   10   0   0   0   0   0   0  88   0   0   0   0   0   0   0   1   0   0   0   1  2.41 0.92
   71 L   -5 -2 -2 -6 -5  0 -5 -6 -4  3  4 -4  5  1 -6 -4 -2 -4  4  0    0   2   2   0   0   5   0   0   0  17  34   1  12   4   0   1   2   0  17   5  0.83 0.45
   72 I   -2 -5 -5 -6 -2 -5 -5 -4 -4  4  4 -5  2 -1 -1 -1  0 -2 -4  2    2   0   0   0   1   0   0   1   0  25  35   0   5   2   3   4   6   1   0  14  0.70 0.39
   73 P    0 -5 -5 -5  0 -5 -5 -2 -6  1  0 -5  1 -1  6 -1  1 -6 -3  1    7   0   0   0   2   0   0   3   0   7   8   0   4   3  41   4   9   0   1  12  0.92 0.48
   74 F   -4 -7 -6 -8 -7 -6 -7 -8  2 -3 -1 -7 -2  6 -8 -7 -7 11  3 -2    1   0   0   0   0   0   0   0   4   1   5   0   1  33   0   0   0  41   8   3  2.41 0.89
   75 F   -2 -2  4 -2 -3  2 -3  1 -1  0 -1 -3  2  2 -4  0  1 -3 -1 -2    3   1  22   1   0  11   0  10   1   5   7   0   6  11   0   8  11   0   2   1  0.35 0.30
   76 I   -2 -6 -6 -7 -2 -5 -6 -6 -5  0  3 -6  5  6 -7 -5 -3  3  3 -1    4   0   0   0   1   0   0   0   0   5  28   0  12  32   0   1   1   4   9   3  1.12 0.52
   77 F   -7 -7 -7 -8 -5 -8 -8 -7 -6 -3 -2 -8  2  9 -8 -7 -6  6  3 -2    0   0   0   0   0   0   0   0   0   1   4   0   4  71   0   0   0   9   8   2  2.41 0.89
   78 S    3  4  0 -3 -5  1 -4 -3 -4 -4 -4 -2 -2 -6 -5  4  1 -6 -5 -3   22  20   4   1   0   7   0   1   0   1   1   1   1   0   0  34   7   0   0   2  0.77 0.49
   79 S   -1 -1  4  1 -6 -1  4 -1  2 -5 -5 -1 -2 -5 -5  1  0 -6 -5 -5    5   2  21   7   0   1  32   5   5   0   1   2   1   0   0  10   6   0   0   0  0.69 0.42
   80 I    2 -5 -3 -5  5 -4 -4  0 -5  2 -1 -4  2 -4 -4  2  1 -5 -4  1   19   0   1   0  14   0   0   8   0  14   4   0   5   0   0  16  10   0   0   9  0.52 0.35
   81 S    0 -5 -4 -5 -3 -4 -4 -4 -5  2  3 -4  1  0 -2  1  3 -3 -4  3    8   0   0   0   0   0   0   1   0  11  25   0   2   4   2  10  19   0   0  18  0.48 0.33
   82 K   -1 -3  5 -3 -5  0 -3  1 -3 -2 -2 -2  1 -3 -4  3  3 -3 -4 -3    4   1  26   1   0   4   0  12   0   3   4   2   3   1   0  20  17   0   0   1  0.57 0.40
   83 R   -2  6  1 -2 -6  3  0 -1 -1 -5 -3  1 -1 -3 -4  0 -1 -3 -1 -4    4  38   6   2   0  12   4   6   1   0   2   8   2   1   0   7   3   0   2   1  0.64 0.39
   84 S    4 -5 -4 -5  4 -3 -4  1 -5 -2  0 -4 -1 -4 -5  3  0 -6 -5 -1   33   0   0   0  10   0   0  12   0   2   8   0   2   0   0  23   5   0   0   4  0.67 0.43
   85 I    1 -4 -2 -4  0  0 -3 -1 -4  1  0 -3  5 -4  2  2  1 -5 -4  0   12   0   2   0   2   4   1   4   0   7   8   1  16   0  11  16  10   0   0   7  0.38 0.31
   86 G   -1 -1  4 -1 -4 -1 -2  3 -1 -4 -3 -1  0 -2 -3  2  2 -1 -2 -3    4   3  18   3   0   2   1  21   1   0   2   4   3   2   1  17  13   1   2   2  0.39 0.29
   87 A    3 -5 -4 -5  1 -3 -4 -1 -5  0  1 -4  0 -5 -5  4  0 -6 -5  0   28   0   0   0   3   0   0   4   0   4  12   0   2   0   0  33   6   0   0   8  0.65 0.44
   88 I   -4 -6 -7 -7 -5 -6 -7 -7 -6  6  2 -6  1  4 -6 -6 -3 -5 -2  3    1   0   0   0   0   0   0   0   0  44  17   0   2  17   0   0   1   0   1  17  1.28 0.56
   89 E   -2  1 -1 -1 -3  0  1 -3 -3  3  1  0  0 -3 -3  0  1 -3 -2  2    2   7   3   3   0   3   8   1   0  17  14   5   1   0   0   7   7   0   1  18  0.19 0.19
   90 A    3 -3  1  2 -4 -1  1  2 -2 -4 -4 -2 -3 -2 -1  2 -1 -4 -2 -3   29   1   5  10   0   2   8  16   1   1   1   1   0   2   2  15   3   0   2   0  0.41 0.31
   91 N   -4 -3  8 -3 -7  1 -3 -4  0 -8 -8 -2 -6 -7 -7  0 -5 -8 -2 -7    2   1  77   1   0   5   1   1   2   0   0   2   0   0   0   7   0   0   2   0  2.18 0.90
   92 Q    3  2 -3 -4 -4  2 -2  1 -3 -2 -1  1 -1 -4  0  1 -1 -5 -4  0   29  10   0   0   0   8   1   8   0   1   6   9   1   0   4  11   3   0   0   5  0.31 0.27
   93 G    2 -4  5 -1 -4  0 -2  2 -1 -6 -5 -3 -4 -4  2  2 -2 -6 -2 -5   16   0  26   3   0   4   1  15   2   0   0   1   0   1  10  18   1   0   1   0  0.66 0.42
   94 L   -4 -5 -4 -6 -4 -5 -5 -6 -5  2  6 -5  3  0 -5 -5 -4 -4 -2 -1    1   0   1   0   0   0   1   1   0  10  72   0   6   3   0   1   1   0   1   2  1.35 0.56
   95 F   -4 -5 -6 -7 -5 -6 -6 -7 -5  4  4 -6  3  4 -6 -6 -4 -2  3  2    0   0   0   0   0   0   0   0   0  23  33   0   6  15   0   0   0   0  10  13  1.00 0.48
   96 N    1  0  0 -4 -2 -1 -3 -1 -1 -3 -4  4 -2 -1 -4  1  1 -4  3  1   10   5   4   0   1   1   0   4   1   0   1  31   1   3   0  10   8   0   9   9  0.41 0.33
   97 Y   -5 -2 -5 -6 -7 -2 -4 -6  5 -6 -5  7 -6 -1 -6 -4 -4 -5  5 -6    0   1   0   0   0   1   0   0  12   0   1  61   0   2   0   1   1   0  19   0  1.80 0.80
   98 R   -3  4 -3 -4 -3 -1 -3 -5 -4  2 -2  2  0 -4  2 -3 -1 -5 -4  3    1  25   0   0   0   2   0   1   0  12   3  11   2   0  11   1   4   0   0  25  0.60 0.36
   99 P   -2 -1  2 -4 -5  3 -4 -4 -2 -1 -3 -3 -1 -2  1 -1 -3 -3  6  2    3   3  11   0   0  12   0   1   0   3   2   1   2   0   7   6   1   0  31  17  0.71 0.46
  100 V   -3 -3 -5 -5 -3 -5 -5 -5 -5  3 -2 -4 -1  5 -5 -4 -3 -4 -2  6    1   1   0   0   0   0   1   1   0  14   2   1   1  22   0   1   1   0   1  51  1.22 0.53
  101 K   -2  1 -3 -4 -4 -1 -4 -6 -3 -5 -4  1 -4  5  6 -1  1 -5 -2 -5    2   8   1   1   0   3   0   0   1   0   1  10   0  26  34   4   8   0   1   0  1.06 0.55
  102 P   -3  4 -4 -5 -7 -3 -3 -6 -3 -1 -4  2 -2 -3  6 -4 -4  0 -2 -1    1  22   1   0   0   0   1   0   0   3   2  14   1   1  44   0   0   1   1   6  1.26 0.62
  103 I   -2  1 -4 -5 -4 -2 -2 -5 -2  4  3 -4  1  2 -3 -3 -2 -1  3  0    2   9   0   0   0   1   3   0   1  21  31   0   3   7   1   2   2   1  11   5  0.50 0.32
  104 D   -1 -4 -3  5  2 -2  2 -4  0  3  0 -3 -1 -4 -4 -1 -1 -4 -5  1    4   0   0  32   4   1  14   1   2  16   8   0   1   0   0   5   2   0   0   9  0.55 0.36
  105 T    0 -5 -5 -6  0 -5 -5 -5 -5  4  2 -5  1  3 -2 -3  2 -4  0  2    7   0   0   0   2   0   0   0   0  26  19   0   3  12   2   1  13   0   3  12  0.59 0.35
  106 I   -3 -6 -6 -6 -5 -5 -6 -6 -6  3  3 -5  1  2  5 -4 -2 -4 -2  2    1   0   0   0   0   0   0   0   0  14  30   0   2   8  27   1   2   0   1  13  0.90 0.47
  107 I   -2 -6 -6 -6 -2 -5 -5 -5 -6  4  3 -5  0  1  5 -3 -3 -5 -3  2    3   0   0   0   1   0   0   1   0  19  29   0   2   7  24   1   1   0   1  11  0.85 0.44
  108 A    4 -5 -4 -5 -1 -3 -3 -2 -4  1 -1 -4 -3 -2 -4  3  0  3 -3  1   34   0   0   0   1   0   2   2   0   9   4   0   0   1   0  23   5   4   1  11  0.59 0.41
  109 R    0  6 -2 -4 -3 -3 -4 -3 -4  0 -3  1 -3 -3 -4  1 -1 -6 -3  2    6  38   2   0   0   0   0   2   0   6   1   8   0   1   0  13   3   0   1  18  0.68 0.43
  110 A    2 -4  0 -4  0 -3 -4 -2 -3  1  0 -2  1  1 -2  0  1 -4 -2  3   16   0   5   0   2   0   0   2   0   8   6   2   4   7   2   6  10   0   1  28  0.31 0.26
  111 L   -2 -5 -5 -6  1 -5 -5 -2 -6  4  4 -5  2  1 -5 -3  0 -5 -4  3    3   0   0   0   3   0   0   4   0  20  36   0   4   6   0   1   6   0   0  18  0.69 0.37
  112 L   -1 -4 -2 -5 -2 -3 -4  0 -5  1  4 -4  1  1 -5  2 -1 -4 -3  1    5   0   2   0   1   1   0   8   0   7  36   0   3   6   0  18   4   0   0  11  0.43 0.31
  113 E    1 -2  2 -2 -1  1  4 -2 -4 -4 -5 -2 -3 -4 -3  3  0 -6 -4 -1   14   1  10   1   1   5  28   3   0   1   0   2   0   1   1  22   5   0   0   6  0.53 0.39
  114 T    2 -4 -1 -4  0 -4 -4  0 -4  0  2 -3  1  3 -4  0  0  0 -1  0   22   0   2   0   2   0   0   7   0   5  18   1   4  16   0   7   6   1   1   6  0.31 0.26
  115 L    1 -5 -5 -6  1 -5 -5  0 -5  3  3 -5  2  2 -5 -2 -2 -4 -3  3   10   0   0   0   3   0   0   7   0  15  29   0   5   7   0   2   1   0   0  19  0.55 0.33
  116 I   -3 -4  4  0 -2 -3 -3  1 -1  3 -1 -4 -2  3 -5 -2  2 -5 -2  1    1   0  19   6   1   1   0  11   2  16   5   0   1  13   0   2  13   0   0  10  0.39 0.31
  117 Y    0 -3  1  0 -1  1 -1 -2  4 -2 -1 -2  1  4 -4 -1  0 -2  3 -2    8   1   9   7   1   7   2   2  12   2   6   2   4  19   0   4   5   0   9   2  0.33 0.26
  118 V    1 -4 -4 -5 -3 -3 -4 -1  0  1  2 -4  2  4 -4  0  2 -3 -1  1   12   0   0   0   0   0   0   4   2   7  22   0   6  16   0   8  12   0   2   8  0.37 0.28
  119 A    1 -5 -5 -5  1 -4 -5 -2 -5  3  3 -5  3  3 -4 -1 -1 -4 -1  2   11   0   0   0   3   0   0   3   0  17  27   0   7  12   0   4   3   0   1  11  0.49 0.30
  120 V    1 -5 -4 -5 -1 -3 -3 -4 -5  4  0 -4 -1  0 -5  3  0 -5 -4  3   12   0   0   0   1   1   1   1   0  21   9   0   1   4   0  21   5   0   0  23  0.55 0.37
  121 Y    0 -4 -2 -5 -3 -1 -4  0 -4  0  1 -4  1  5 -5  2 -2 -3  2 -2    7   0   1   0   0   4   1   7   0   5  15   0   4  27   0  19   1   0   6   2  0.51 0.35
  122 I    0 -5 -4 -5  0 -5 -5  0 -5  4  3 -5  1  2 -2 -2 -1 -3 -2  2    8   0   0   0   2   0   0   7   0  21  26   0   2   9   2   2   3   0   1  15  0.47 0.29
  123 L    2 -5 -5 -6  1 -5 -5 -2 -5  4  2 -5  1  0 -1 -2 -2 -5 -4  3   15   0   0   0   3   0   0   4   0  22  22   0   3   4   4   2   2   0   0  21  0.55 0.33
  124 L   -3 -6 -6 -7 -4 -6 -6 -7 -6  4  4 -6  1  3 -5 -5 -3 -5 -2  4    2   0   0   0   0   0   0   0   0  20  36   0   3  12   0   0   1   0   1  25  1.00 0.47
  125 M   -2 -5 -6 -6 -2 -5 -6 -5 -5  2  4 -5  4  4 -5 -3 -1  3  1  1    4   0   0   0   1   0   0   1   0  12  38   0   9  14   0   2   4   4   4   7  0.74 0.39
  126 L    1 -5 -5 -5 -1 -4 -5  0 -5  3  3 -4  0  2 -2 -1 -1 -2 -2  2   13   0   0   0   1   0   0   8   0  17  27   0   2   8   2   4   4   0   0  13  0.39 0.27
  127 I    0 -4 -5 -5 -2 -5 -5  1 -5  3  1 -5  2  3 -3 -3 -2 -4  0  3    9   1   0   0   1   0   0  11   0  16  15   0   4  12   1   1   2   0   2  25  0.48 0.30
  128 V    1 -5 -5 -6 -1 -4 -5 -2 -5  2  3 -5  5  4 -4 -3 -3 -2 -1  1   13   0   0   0   1   0   0   3   0  10  25   0  14  21   0   1   1   0   1   7  0.67 0.38
  129 W    0 -3 -4 -5 -2 -2 -3 -1 -2  3  2 -3  3  2 -4 -2 -2  3  3  1   10   1   1   0   1   2   1   5   1  19  17   0   7   9   0   2   1   4   9  10  0.35 0.24
  130 M    2 -4 -4 -5  0 -4 -3 -3 -4  2  2 -4  1  3 -4 -2 -2  3  1  1   16   0   0   0   2   0   1   1   0  13  23   0   4  13   0   2   2   5   5  11  0.44 0.28
  131 T   -1 -3 -4 -4 -1 -3 -3 -3 -2  2  2 -4  1  3 -5 -1  1  4  2  1    6   1   0   0   1   1   1   1   1  14  22   0   3  10   0   5  12   6   7   7  0.38 0.26
  132 G   -2 -1 -1  0 -3 -2 -3  5 -2 -2 -2 -1 -1  2 -4 -1 -2 -1  3 -2    2   4   2   7   1   2   1  42   1   2   5   3   1   9   1   4   2   1  11   2  0.56 0.33
  133 E   -1  0  1  0 -3  1 -1  1  1  0  0 -1  1  1 -3 -1 -1  4  0  0    5   5   8   5   0   6   3  12   5   7   7   3   4   8   0   3   3   6   3   7  0.08 0.10
  134 Y    0 -1 -1  0 -2  0  0  1  2  0 -1 -1  0  1  0  0  0 -1  1  0    5   4   2   6   1   3   6  14   6   8   4   2   4   6   5   6   4   1   5   9  0.04 0.06
  135 F   -1 -1 -2 -1 -3 -1 -1 -2  0  1  0 -1  1  3  3 -1  0  1  0  1    5   2   2   3   0   3   3   3   3   8   9   3   3  14  15   3   5   2   2  12  0.17 0.15
  136 E   -1 -2 -1 -3 -4 -1 -2 -1  1  0  1 -2  0 -1  5  0  1 -2 -2  0    3   1   3   1   0   2   2   5   3   6  15   1   3   3  27   8   8   1   1   7  0.38 0.26
  137 I   -2 -4 -1 -2 -2 -2 -3  0  3  1 -1 -3 -1 -1  5  0  1  4 -1 -1    2   1   3   2   1   2   0   8   7   9   7   1   1   2  30   6   9   5   1   3  0.54 0.33
  138 T    1 -2 -2 -1 -3  0 -1 -3  0  1  0 -1  0 -1 -1  0  0  7  0  0   13   2   2   3   0   6   4   1   2   7   9   3   2   2   3   6   6  17   2   7  0.34 0.23
  139 N    0  0  2  3 -4 -1 -1 -3  3 -1 -2 -2 -1 -2 -2  0  2  2  2 -1    7   6  11  18   0   3   1   1   9   3   4   1   1   1   1   5  14   3   6   3  0.28 0.23
  140 F    0 -5 -4 -6 -2 -4 -5 -5 -4  4  3 -5  2  2  2 -3 -2  3 -1  2    8   0   0   0   1   0   0   0   0  21  24   0   5   9  11   1   1   4   2  12  0.58 0.34
  141 L   -2 -5 -6 -5 -4 -4 -5 -1 -4  2  5 -5  0  2 -1 -4 -3  2 -3  1    4   0   0   0   0   0   1   6   0  10  54   0   2   7   3   1   1   3   1   7  0.77 0.42
  142 Q    1 -2 -2 -3 -1  0 -1 -1 -3 -1  2 -2  1  2 -2 -1  0  4  2 -1   11   2   2   1   1   6   4   5   0   2  24   2   4  10   2   4   6   5   9   3  0.19 0.18
  143 L   -1 -5 -6 -6 -2 -5 -6 -6 -5  3  4 -5  3  3 -4 -4 -3  1 -3  2    6   0   0   0   1   0   0   0   0  13  41   0   7  11   1   1   1   2   0  15  0.80 0.41
  144 V   -2 -6 -6 -6 -6 -6 -6 -5 -6  3  2 -5  1  1  7 -5 -4 -4 -1  0    4   0   0   0   0   0   0   1   0  15  17   0   3   5  47   0   0   0   2   6  1.27 0.60
  145 L    0 -3 -5 -4 -2 -3 -2 -1 -3  2  3 -4  0  2  2 -3 -2 -1  1  1    7   1   0   0   1   0   4   5   0  10  31   0   2  10   9   1   2   1   4  12  0.37 0.26
  146 T    1 -4 -3 -4  0 -4 -4  1 -4  2  1 -4 -1  1  0 -1 -1 -2  0  3   14   0   1   0   2   0   0  13   0  11  15   0   1   7   6   3   4   1   3  20  0.28 0.22
  147 W   -2 -5 -5 -6 -5 -2 -5 -3 -4  3  3 -5  3  2 -6 -2 -3  7  1  1    4   0   0   0   0   2   0   2   0  16  32   0   6   7   0   3   1  16   4   8  0.86 0.43
  148 S    1 -5 -5 -5 -1 -5 -5  0 -5  2  3 -5  1  3 -4 -2 -2 -4 -2  1   12   0   0   0   1   0   0   7   0  12  34   0   2  14   1   3   2   0   1  11  0.53 0.32
  149 L   -1 -4 -5 -5  2 -1 -3 -3 -3  2  3 -4  3  1  3 -2 -1 -2  0  0    6   0   0   0   4   2   1   2   1  12  31   0   7   5  13   2   3   0   3   6  0.44 0.29
  150 L    1 -3 -4 -5 -3  3 -1 -3 -2  0  4 -4  4 -1 -5 -3  0 -3 -1  0   11   0   1   0   0  13   3   2   1   4  36   0  10   2   0   1   7   0   2   5  0.48 0.35
  151 I    2 -4 -5 -5  0 -3 -4 -2 -4  2  1 -4  2  3 -3 -1  0  3  1  1   18   0   0   0   2   1   0   3   0  12  16   0   6  14   1   3   5   5   4  11  0.39 0.27
  152 I    0 -4 -5 -6  1 -5 -5 -3 -5  3  3 -5  3  2 -4 -3 -2  4 -3  1    9   0   0   0   3   0   0   2   0  17  33   0   8   7   1   2   2   7   0  11  0.64 0.35
  153 L   -2 -6 -6 -7 -4 -6 -6 -5 -6  0  4 -6  2  7 -6 -2 -2 -1 -2 -2    4   0   0   0   0   0   0   1   0   4  33   0   4  44   0   3   3   1   0   2  1.26 0.57
  154 S    3 -4 -3 -4  3 -4 -4  3 -5 -1 -2 -4 -2 -5 -4  3  2 -6 -5 -1   26   0   1   0   5   0   0  18   0   4   3   0   1   0   0  22  15   0   0   5  0.61 0.41
  155 C    0 -5 -6 -6  1 -5 -5 -5 -4  2  4 -5  3  4 -4 -3 -1 -3 -1  1    7   0   0   0   3   0   0   1   0  10  41   0   7  15   0   2   4   0   1   7  0.71 0.39
  156 G    1 -7 -5 -6 -5 -6 -6  7 -6 -7 -8 -6 -5 -8 -5  1 -4 -3 -7 -6   10   0   0   0   0   0   0  79   0   0   0   0   0   0   0   9   1   0   0   0  2.01 0.81
  157 V   -1 -5 -6 -6 -1 -5 -6 -4 -6  3  4 -5  2  2 -4 -4 -2 -3 -2  3    4   0   0   0   1   0   0   1   0  16  41   0   5   7   1   1   2   0   1  20  0.80 0.41
  158 G    2 -6 -4 -5 -1 -5 -6  6 -6 -5 -6 -5 -4 -7 -6  3 -2 -7 -7 -3   16   0   0   0   1   0   0  59   0   1   0   0   0   0   0  19   2   0   0   3  1.43 0.66
  159 L   -4 -6 -7 -7 -3 -5 -6 -7 -6  1  5 -6  5  1 -7 -5 -1  7  2 -1    1   0   0   0   0   0   0   0   0   8  46   0  13   6   0   0   4  13   6   3  1.18 0.55
  160 I   -2 -6 -6 -6  0 -5 -6 -5 -6  5  2 -6  1  3 -5 -4 -1  5 -3  2    4   0   0   0   2   0   0   1   0  34  20   0   2  13   0   1   3   7   0  11  0.88 0.43
  161 F   -3 -5  1 -6 -2 -5 -6 -6 -5  2  4 -5  2  4 -6 -4 -1 -5 -3  1    2   0   8   0   1   0   0   0   0  11  46   0   4  14   0   0   4   0   0   9  0.84 0.44
  162 M    4 -5 -3 -5  5 -5 -5  2 -5 -3 -6 -5  0 -6 -5  4 -1 -6 -6 -5   38   0   1   0  11   0   0  14   0   1   0   0   3   0   0  31   2   0   0   0  1.08 0.59
  163 V    4 -5 -4 -5 -3 -3 -4 -2 -5  1 -3 -4 -3 -2 -1  3  1 -6 -2  3   32   0   0   0   0   1   0   3   0   6   1   0   0   2   3  22   9   0   1  18  0.61 0.42
  164 V    0 -6 -6 -7 -2 -5 -6 -4 -6  3  5 -6  3  0 -6 -4 -2 -2 -3  1    9   0   0   0   1   0   0   1   0  15  52   0   6   3   0   1   2   0   1   9  0.93 0.47
  165 G    0 -4  5 -3 -1 -2 -3  2 -2 -3 -4 -3  0  0 -5  1  2 -1 -2 -1    9   0  27   0   1   1   0  17   1   1   1   0   3   5   0  12  15   1   1   4  0.55 0.38
  166 K   -1 -3 -3 -5 -3 -2  0 -4  1  0 -1 -3 -2 -2 -4 -1  1 -6 -1  6    5   2   1   0   0   2   7   1   4   3   3   1   1   1   0   4   8   0   2  55  0.78 0.47
  167 T   -3  1 -4 -5 -6 -2 -2 -6 -1 -2  0  2  0  6 -6 -3 -1 -2  5 -2    2   8   0   0   0   2   3   0   1   1   7  11   2  36   0   1   3   0  19   2  0.93 0.48
  168 F   -4 -5 -3 -6 -5 -6 -6 -5 -2  0  1 -5 -1  7 -6  0 -4  1  5  1    1   0   1   0   0   0   0   0   1   5  14   0   1  40   0   7   0   2  17   9  1.10 0.52
  169 P   -3  7 -5 -3 -6 -1  2 -5 -5 -6 -7  0 -6 -7  3 -3 -4 -7 -6 -6    2  61   0   2   0   2  12   1   0   0   0   4   0   0  15   1   1   0   0   0  1.62 0.74
  170 E   -3 -5 -3  7 -7 -4  1 -4 -5 -2 -1 -5 -5 -2 -2 -2 -1 -8 -5 -2    2   0   0  66   0   0   7   1   0   2   6   0   0   2   3   2   3   0   0   4  1.49 0.69
  171 M   -2 -5 -6 -6 -4 -5 -6 -6 -5  4  2 -5  2  3 -6 -3  0  4  0  4    3   0   0   0   0   0   0   0   0  22  17   0   6  11   0   1   6   5   3  26  0.76 0.40
  172 Q   -1  2 -1 -1 -5  3  3  3 -2 -3 -4  0 -1 -4 -1  0 -1 -5 -5 -3    5  10   2   3   0  12  23  21   0   1   1   6   2   1   3   5   3   0   0   1  0.44 0.31
  173 K   -5  2 -2 -5 -7  5 -3 -6  6 -4 -4  3 -1  1 -6 -4 -2 -5  4 -4    0   9   1   0   0  28   0   0  18   1   1  17   2   5   0   1   2   0  13   1  1.05 0.57
  174 V   -1 -6 -6 -6 -4 -5 -6 -5 -6  4  3 -5  0  3 -5 -4  0 -5 -3  3    5   0   0   0   0   0   0   0   0  26  29   0   1  13   0   0   6   0   0  17  0.84 0.43
  175 L   -3 -5 -6 -6 -3 -4 -5 -6 -4  3  1 -5  1  1 -6 -4  0  7  3  3    1   0   0   0   0   0   0   0   0  18  14   1   4   6   0   1   5  17  10  22  0.94 0.46
  176 P    0 -1  1 -2 -5 -2 -2  4  3 -5 -5 -1 -4 -6  3  2  0 -6 -5 -4    6   3   6   2   0   2   2  30   6   0   0   3   0   0  17  16   6   0   0   1  0.64 0.38
  177 I   -2 -6 -4 -6 -4 -5 -6 -6 -5  5  1 -5  2  3  0 -4 -1 -5  0  4    2   0   1   0   0   0   0   0   0  28  10   0   5  13   5   0   4   0   3  28  0.81 0.42
  178 L    0 -5 -5 -6  0 -5 -5 -1 -5  3  3 -5  2  3 -5 -3 -2 -3 -3  3    8   0   0   0   2   0   0   6   0  19  30   0   4  12   0   1   1   0   0  18  0.63 0.35
  179 L   -2 -5  0 -5 -2 -3 -5 -5 -4  2  3 -4  3  0 -5  1  3 -5 -3  1    2   0   5   0   1   1   0   0   0  10  27   0   9   3   0  11  21   0   0  10  0.54 0.37
  180 K   -3  3 -1 -5 -5  5 -3 -5 -3 -2 -1 -2  4  0 -5 -1  3 -5  3 -4    1  13   3   0   0  28   0   0   0   2   4   2  11   5   0   4  16   0  10   1  0.71 0.48
  181 P    1 -5 -6 -6 -4 -5 -5 -4 -5  2  2 -5  2  3  4 -4 -4 -3 -3  2   12   0   0   0   0   0   0   1   0  11  22   0   5  13  18   0   0   0   0  17  0.67 0.39
  182 L   -2 -6 -7 -7 -4 -6 -7  0 -6 -1  4 -6  4  0 -7 -4 -3  9 -3 -3    3   0   0   0   0   0   0   9   0   2  43   0  10   3   0   1   1  25   0   1  1.45 0.65
  183 Y   -5 -5 -5 -7 -6 -3 -7 -7 -5 -1  2 -6  8  6 -7 -5 -3 -3  3 -3    0   1   1   0   0   1   0   0   0   3  17   0  31  33   0   0   2   0  10   1  1.56 0.68
  184 F   -6 -7 -7 -8 -7 -6 -7 -7 -4 -1 -1 -7 -1  6  2 -6 -6  7  7 -5    0   0   0   0   0   0   0   0   0   3   7   0   1  30  12   0   0  13  33   0  1.76 0.74
  185 I    2 -5 -6 -6  0 -5 -5 -4 -5  3  4 -5  2  1 -5 -3 -1 -5 -4  1   16   0   0   0   2   0   0   1   0  17  40   0   5   7   0   1   3   0   0   8  0.71 0.40
  186 S   -2 -6 -3 -5 -1 -5 -5 -5 -6 -6 -6 -5 -4 -7 -6  6  6 -7 -6 -4    2   0   1   0   1   0   0   0   0   0   0   0   0   0   0  56  38   0   0   1  1.74 0.85
  187 C   -1 -7 -5 -6  2 -6 -6  4 -7 -8 -7 -6 -7 -7  7 -4 -4 -8 -8 -7    6   0   0   0   4   0   0  28   0   0   0   0   0   0  59   1   1   0   0   0  2.03 0.85
  188 I    0 -7 -7 -7 -5 -6 -7 -6 -7  6 -1 -6 -1 -4 -6 -4 -2 -7 -5  5    8   0   0   0   0   0   0   0   0  45   4   0   1   0   0   1   2   0   0  40  1.46 0.64
  189 M   -2 -6 -7 -7 -4 -6 -7 -1 -6  3  0 -6  3  7 -6 -6 -5 -4 -2  2    3   0   0   0   0   0   0   5   0  15   8   0   8  46   0   0   0   0   0  15  1.30 0.58
  190 F   -7 -7 -5 -8 -7 -7 -7 -8 -3 -2 -4 -7 -3  6 -8 -6 -4  2  9 -4    0   0   1   0   0   0   0   0   0   2   1   0   0  31   0   0   1   2  60   1  2.53 0.96
  191 P   -2 -4 -4 -2 -3 -3 -4 -4 -5 -3  0 -4  3 -1  7  2 -1 -7 -3 -2    3   1   1   2   0   1   0   1   0   2   8   0   8   2  48  16   3   0   1   3  1.15 0.58
  192 L    1 -4 -4 -4 -4 -3 -3 -4 -4  3  2 -4  2 -1  1  0  0 -4  0  3   11   0   0   0   0   1   2   0   0  17  17   0   5   2   7   7   5   0   3  22  0.39 0.27
  193 H   -1 -2  2  3 -5  0  2 -3  2 -4 -6 -2 -4 -4 -4  4  1  2 -3 -5    5   1   8  15   0   4  15   1   5   1   0   2   0   1   0  30   9   3   1   0  0.61 0.41
  194 S    1 -3 -1 -2 -4  0 -3 -4 -3  4  0 -2  2 -2 -4  1  0  5 -2  0   14   1   4   3   0   4   1   0   0  24   8   2   6   1   0  14   6   7   1   4  0.34 0.28
  195 I   -3 -6 -7 -7 -5 -6 -6 -7 -6  4  4 -5  3  0 -6 -5 -3 -6 -3  4    2   0   0   0   0   0   0   0   0  24  39   0   6   3   0   0   1   0   1  25  1.11 0.51
  196 P   -5 -7 -5 -4 -8 -5 -5 -5 -6 -7 -6 -5 -6 -9  9 -2 -3 -9 -6 -7    1   0   1   1   0   0   0   1   0   0   1   1   0   0  88   4   2   0   0   0  2.90 1.10
  197 K    0 -1 -1  1 -6  2  5 -2  1 -4 -3  1 -3 -5  3 -1 -2 -6 -4 -3    9   2   3   5   0   8  36   2   4   0   2   7   0   0  13   3   1   0   0   2  0.61 0.39
  198 Q   -1  1  1 -1 -5  3  1 -1  0 -4 -4  3 -4 -4  3  0 -1  4 -2 -3    6   8   6   2   0  12   9   4   3   1   1  16   0   0  14   8   2   6   1   1  0.41 0.29
  199 Y    0 -5 -5 -7 -5 -5 -5 -5 -3  1  1 -5  1  4 -6 -4 -4  6  6  1   10   0   0   0   0   0   0   1   0   7  13   0   4  15   0   1   0   9  30   9  1.00 0.50
  200 W   -2  6 -3 -4 -6  5 -3 -4  0 -3 -1  1  0 -5 -5 -2 -4  3 -3 -4    3  41   0   1   0  26   0   1   2   2   7   6   2   0   0   3   1   4   1   1  1.06 0.57
  201 S    0  0  0  2 -4  0  0 -1  1 -2 -1  0 -2  1  2  0 -1  5  0 -2    7   4   4  11   0   3   7   4   4   2   5   6   1   7  10   7   3  10   3   3  0.20 0.16
  202 Y   -2 -6 -6 -7 -4 -5 -6 -6 -2  4  3 -5  0  2 -5 -5 -4  7  4  1    3   0   0   0   0   0   0   0   1  21  28   0   2   7   0   0   0  13  14  10  0.99 0.47
  203 L   -2 -5 -6 -7 -4 -4 -5 -6 -5  3  4 -5  3  3 -6 -5 -4 -3  4  2    3   0   0   0   0   1   1   0   0  14  37   0   6  10   0   0   0   0  15  13  0.88 0.44
  204 L    0 -1 -1 -1 -3  0 -1 -2  0 -1  2  1  3  0 -4  0 -1  3  2 -2    8   3   4   3   0   4   5   2   2   2  26   8   8   2   0   8   2   4   9   1  0.18 0.20
  205 W   -2 -6 -7 -7 -1 -6 -6 -6 -5  1  4 -6  1  2 -7 -5 -5  8  4 -2    3   0   0   0   1   0   0   0   0   6  43   0   3   8   0   0   0  18  15   1  1.30 0.59
  206 N   -6 -6  9 -4 -8 -5 -5 -6 -5 -3 -3 -5 -5 -2 -7 -1 -5 -9 -7 -3    0   0  86   0   0   0   0   0   0   2   3   0   0   2   0   4   0   0   0   3  2.59 1.03
  207 P   -6 -8 -8 -7 -9 -7 -7 -8 -8 -7 -8 -7 -8 -9  9 -6 -6-10 -9 -8    0   0   0   0   0   0   0   0   0   0   0   0   0   0  99   0   0   0   0   0  3.57 1.28
  208 L   -4 -6 -7 -8 -5 -5 -7 -7 -6  2  4 -6  8  0 -6 -4 -4 -4 -3  0    1   0   0   0   0   0   0   0   0   9  38   0  39   3   0   1   1   0   1   7  1.55 0.68
  209 V    1 -5 -4 -5 -3 -4 -4 -3 -4  0  0 -4 -2  0 -4 -1  4 -4  4  4   14   0   1   0   0   0   0   1   0   4   7   0   1   4   1   4  23   0  13  27  0.60 0.40
  210 H   -1 -2  0 -2 -2  1 -3  1  7 -3 -3 -4 -2  1  2  0 -3  0  2 -3    6   2   4   1   1   5   1  12  32   1   3   0   1   5  10   7   1   1   6   2  0.71 0.42
  211 V   -1 -5 -3 -6  1 -5 -5  1 -5  4  1 -5  1  1 -2 -4 -3 -4  2  3    6   0   1   0   3   0   0  10   0  28  12   0   3   5   2   1   0   0   7  23  0.58 0.34
  212 V   -3 -6 -5 -7 -5 -6 -6 -7 -5  6  0 -6  3  0 -6 -4  0 -6 -5  4    2   0   1   0   0   0   0   0   0  48   8   0   6   4   0   1   6   0   0  26  1.24 0.56
  213 E   -3 -3 -1  2 -4  0  6 -1 -2 -3 -3 -2  1 -6 -5 -1  0 -7 -5 -3    2   1   3  10   0   3  54   5   1   2   2   1   4   0   0   3   7   0   0   1  0.99 0.55
  214 L    1 -3 -1 -3  0  2 -2  2 -3  0  1 -3  4  0 -4  0 -1  2  0 -1   10   0   2   1   2  10   2  15   0   4  16   1  13   3   0   8   4   3   3   2  0.23 0.23
  215 S   -1 -5 -5 -6 -1 -3 -5 -5 -3  1  0 -5  2  6 -6 -1 -2  1  5  0    6   0   0   0   1   1   1   1   0   7   8   0   6  34   0   6   3   2  18   7  0.87 0.45
  216 R   -6  8 -5 -7 -9  2 -5 -7  1 -8 -7 -1 -6 -8 -7 -6 -6 -8 -7 -8    0  86   0   0   0   9   0   0   3   0   0   2   0   0   0   0   0   0   0   0  2.65 1.03
  217 E    0 -1  1  3 -3  0  1 -1  2 -3 -3  0 -2  0 -4  0  0  5  2 -3   10   2   8  18   0   4   9   4   5   1   1   6   1   3   0   8   5   8   7   1  0.31 0.24
  218 A    2 -4 -2 -4  1 -4 -4  3 -4  3  0 -4 -2 -3 -4  0 -1 -5 -4  2   17   0   2   0   3   0   1  24   0  17   6   0   0   1   0   7   3   0   0  17  0.46 0.31
  219 V   -2 -5 -6 -6 -2 -2 -6 -6 -5  2  3 -5  2  5 -6 -4 -3  0  3  2    2   0   0   0   1   2   0   0   0  13  27   0   5  24   0   1   1   1   9  13  0.81 0.41
  220 M   -3 -6 -6 -7 -4 -5 -6 -6 -4  2  3 -6  3  5 -6 -3 -4 -2  5  0    2   0   0   0   0   0   0   0   0  12  30   0   6  25   0   2   1   0  16   6  1.00 0.48
  221 P   -1 -2  0  0 -5 -2  0  3  1 -4 -3 -2 -3  1  1 -1 -2  5  4 -3    5   1   5   6   0   1   6  24   3   0   2   2   0   5   8   5   2   8  15   2  0.43 0.29
  222 G   -1 -3  2  0 -3 -1  0  5  2 -5 -5 -1 -3 -5 -4  1  0 -6 -2 -4    4   1  11   6   0   3   5  42   5   0   1   3   0   0   1  10   5   0   1   1  0.68 0.38
  223 Y   -1  1  0 -1 -4  2  0 -1  0 -2 -2  0 -2  0 -3  0  1 -2  5 -1    4   7   3   2   0  12   6   5   2   2   3   6   1   3   1   7   9   0  21   4  0.29 0.25
  224 I    0 -1 -2 -1 -3  0 -1 -2 -1  1  0 -2  1  0  2  0  0  4 -1  1    7   4   1   3   0   4   3   3   2   8  11   1   5   5  10   8   4   7   1  13  0.14 0.14
  225 S    0 -2 -1 -2 -5 -1 -2 -4  0  1 -2 -2 -2 -1  6  0  0 -3 -3 -1    9   2   3   2   0   3   2   1   3   7   5   2   1   3  43   6   5   0   1   4  0.80 0.42
  226 E    0 -1  2  4 -3  0  1 -2  2 -2 -3 -1 -2 -4  2  1  1 -3 -1 -2    6   3   9  25   0   3   7   2   6   2   3   2   1   0   8   9   9   0   2   2  0.34 0.25
  227 G   -2 -4 -2 -4 -5 -3 -3  1  2 -1  0 -4  0  2  1 -4 -2  8  4 -2    3   0   2   1   0   1   1  12   6   4  11   0   2   7   8   1   2  22  14   3  0.81 0.43
  228 V   -1 -1  0 -1 -3  0  0  0  0  0  0 -1  0  0 -1  0  0  1  3  1    4   2   4   3   0   4   7   7   3   5  11   3   3   3   3   7   5   2  13  11  0.05 0.09
  229 S    0 -3  1  3 -4  0  0  1  0 -3 -1 -3  1 -2  0  3  0  1 -1 -3    5   0   6  15   0   4   5   8   3   1   6   0   4   1   4  27   4   2   2   1  0.28 0.26
  230 L   -3 -3 -2 -5 -3 -4 -3 -4 -1  2  4 -3  3  2  0 -3 -2  4  1  0    1   1   2   0   0   0   1   1   2  14  37   1   6   8   6   1   2   6   5   5  0.55 0.33
  231 N    1 -3 -2 -2 -2 -2 -2  2 -2  1  2 -3  0  1 -2  0  0  3 -2  0   14   1   2   2   0   1   2  16   1   8  21   0   2   7   2   7   5   5   1   6  0.19 0.18
  232 Y   -2 -4 -4 -6 -4 -2 -5 -5 -1  2  0 -4  0  2  0 -3 -3  2  7  1    3   1   1   0   0   2   0   1   1  13   9   1   2   6   4   2   1   2  43   9  1.05 0.53
  233 L    1 -4 -3 -3  3 -3 -4 -1 -3  0  2 -4  2  0  1  1 -1 -1  2  1   10   0   0   1   7   0   0   6   0   5  21   0   4   4   7  13   3   1   7  10  0.23 0.22
  234 A    2 -4 -4 -5  0 -4 -4 -2 -4  2  2 -4  1  2 -4  0  1  3  1  1   16   0   0   0   2   0   0   3   0  11  20   0   4  10   0   7   8   5   5  10  0.34 0.26
  235 M    1 -4 -4 -4 -1 -3 -3  2 -4  2  2 -3  0  1 -4 -1 -1 -1 -3  2   15   0   0   0   1   0   2  14   0  11  21   1   2   7   0   5   3   1   0  15  0.29 0.23
  236 F    0 -5 -4 -5  4 -4 -3 -2 -5  3  1 -5  0  3 -4  0 -1  5  0  2    7   0   0   0  10   0   1   3   0  16  11   0   3  12   0   6   3   9   3  16  0.52 0.31
  237 T    3 -4  0 -1  3 -4 -4  1 -5  0 -3 -4 -1 -5 -4  3  2 -6 -5 -1   27   0   4   3   5   0   0  12   0   5   2   0   1   0   0  23  15   0   0   3  0.54 0.39
  238 L    1 -5 -5 -6 -1 -5 -5 -2 -4  3  4 -5  1  1 -5 -2 -2 -4 -3  2   12   0   0   0   1   0   0   3   0  17  36   0   3   7   0   3   2   0   0  15  0.62 0.36
  239 V    1 -5 -5 -5  1 -5 -5  0 -5  3  2 -5 -1  1 -4 -2 -1 -5 -4  4   11   0   0   0   3   0   0   7   0  18  15   0   1   6   0   2   4   0   0  31  0.57 0.35
  240 T    0 -5 -5 -5  1 -4 -5 -5 -5  2  3 -5  3  3 -3  0  1 -3 -2  2    6   0   0   0   3   0   0   0   0  13  29   0   7  11   1   8   7   0   0  15  0.52 0.32
  241 L    1 -5 -3 -5  2 -5 -5 -4 -4  0  4 -5  2  3 -5 -3  1 -2 -2 -1   11   0   1   0   4   0   0   1   0   4  45   0   5  13   0   2   8   1   1   4  0.69 0.40
  242 F    1 -5 -5 -6  1 -4 -5 -2 -5  2  2 -5  0  4 -3 -2 -1  5 -1  2   12   0   0   0   3   1   0   3   0  11  17   0   2  18   1   2   3   8   1  17  0.54 0.32
  243 I    0 -5 -6 -6 -2 -5 -5 -3 -5  4  3 -5  0  3 -5 -2 -1 -3 -3  2    7   0   0   0   1   0   0   3   0  26  31   0   1  11   0   4   3   0   0  13  0.70 0.38
  244 G    0 -7 -5 -6 -3 -6 -7  7 -7 -8 -8 -6 -7 -8 -7 -1 -5 -7 -8 -6    7   0   0   0   1   0   0  86   0   0   0   0   0   0   0   5   0   0   0   0  2.28 0.89
  245 L   -1 -5 -5 -6 -4 -4 -5 -4 -2  2  4 -5  3  3 -6 -2 -2  3  2  0    5   0   0   0   0   0   0   1   1   9  41   0   7  13   0   3   2   4   8   5  0.71 0.39
  246 A    2  0 -4 -5 -1 -3 -4 -2 -2  1  2 -2  0  2 -3 -1 -2  5  1  2   19   5   0   0   1   1   0   2   1   8  17   1   2  10   1   5   1   9   5  13  0.35 0.26
  247 L   -2 -5 -6 -6  1 -3 -5 -5 -4  2  3 -5  3  2 -6 -3 -2  6  3  3    3   0   0   0   3   1   0   1   0  11  24   0   7   7   0   2   2   9  10  20  0.68 0.37
  248 Y   -6 -7 -7 -7 -1 -6 -2 -8  0 -2 -1 -7 -3  8 -8 -6 -4 -3  5  0    0   0   0   0   1   0   3   0   2   1   6   0   0  63   0   0   1   0  15   7  1.94 0.77
  249 R   -3  6  1 -3 -5  3 -1 -4  1 -4 -3  2 -1 -3 -5 -2 -1 -3  2 -4    1  41   8   1   0  11   2   1   3   1   3  11   2   1   0   3   3   0   7   1  0.81 0.46
  250 T   -1  5 -1 -3 -5 -1 -3 -5  0 -3 -2  5 -3 -3 -5 -1 -2 -1 -1 -1    4  30   3   1   0   2   0   0   2   1   4  38   0   1   0   4   2   1   3   4  0.87 0.49
  251 R    0  1  1 -3 -1 -1 -3 -3  1 -1  1  0  2  1 -4  0  2 -3  1  1    7   7   6   0   1   2   0   1   4   2  14   4   5   8   0   6  16   0   4  10  0.15 0.18
  252 E   -2  5 -1 -3 -6  3  4 -4  1 -5 -5  1 -3 -6 -5  1 -3  0 -3 -3    3  30   2   1   0  13  25   0   3   0   0   7   0   0   0  11   0   1   0   2  0.84 0.49
  253 E   -1  4  0  2 -4  1  0 -1  1 -5 -4  4 -3 -5  2 -2 -3 -4 -2 -4    5  24   4  10   0   4   5   5   3   0   1  25   1   0   8   2   1   0   1   1  0.57 0.36
  254 A    0  3  0  1 -5  0  1  2  2 -3 -4  2 -3 -3 -4 -1  1 -5  0 -3    6  17   3   6   0   2  11  17   5   1   1  12   1   1   0   4   8   0   3   1  0.32 0.24
  255 M   -5 -7 -7 -8 -6 -7 -7 -8 -6  2  2 -7  4  8 -7 -6 -6 -4 -2  0    1   0   0   0   0   0   0   0   0  12  15   0  11  55   0   0   0   0   0   6  1.74 0.71
  256 L    4 -2 -5 -5 -4 -4 -5 -4 -3  3  1 -4  2 -4 -5 -2 -1 -5 -3  3   39   3   0   0   0   0   0   0   1  19  12   0   4   0   0   2   2   0   0  19  0.71 0.42
  257 T    0 -3  0  7 -6 -3  2 -5 -4 -6 -7 -3 -6 -7 -5 -1  0 -7 -6 -4    7   1   4  63   0   0  14   0   0   0   0   0   0   0   0   4   6   0   0   1  1.46 0.62
  258 S    1 -3 -3 -1 -5 -2  6 -4 -3 -5 -5 -2 -4 -6 -4  3  2 -6 -5 -4   12   0   0   2   0   0  52   0   0   0   0   0   0   0   0  19  16   0   0   0  1.02 0.48

                      K         Lambda
Standard Ungapped    0.1460     0.3314
Standard Gapped      0.0537     0.2670
PSI Ungapped         0.1757     0.3179
PSI Gapped           0.0537     0.2670
