
Last position-specific scoring matrix computed, weighted observed percentages rounded down, information per position, and relative weight of gapless real matches to pseudocounts
           A  R  N  D  C  Q  E  G  H  I  L  K  M  F  P  S  T  W  Y  V   A   R   N   D   C   Q   E   G   H   I   L   K   M   F   P   S   T   W   Y   V
    1 M   -5 -5 -6 -7 -5 -4 -6 -7 -6 -3 -2 -5 11 -4 -7 -5 -5 -5 -5 -3    0   0   0   0   0   0   0   0   0   0   0   0 100   0   0   0   0   0   0   0  3.39 1.08
    2 L   -1 -2 -7 -8 -7 -1 -6 -7 -7 -1  0  2 10 -5 -7 -3 -2 -7 -6 -5    5   2   0   0   0   2   0   0   0   3   9  13  62   0   0   2   3   0   0   0  2.14 1.02
    3 Q   -6  6  1 -4 -8 -1 -4 -5  4 -4 -3  5 -6 -7 -4 -1 -4 -7 -6 -5    0  36   6   1   0   2   0   1   8   1   3  36   0   0   1   4   1   0   0   1  1.37 0.75
    4 I   -6 -5 -8 -8 -6 -7 -8 -8 -8  7 -1 -7 -2 -5 -8 -6 -5 -7 -3  5    0   1   0   0   0   0   0   0   0  57   6   0   0   0   0   1   0   0   1  34  1.98 0.91
    5 L    2 -5 -4 -7  0 -6 -6 -3 -6  2  4 -5  0 -2 -5 -3 -2 -3 -4  2   16   0   1   0   2   0   0   2   0  11  46   0   1   1   0   1   2   0   0  14  0.82 0.51
    6 Y   -6 -6 -1 -7  0 -6 -7 -7  3  1 -1 -6  2  6 -7 -3 -2 -4  6  1    0   0   3   0   2   0   0   0   6   6   5   0   5  31   0   2   3   0  26  11  1.29 0.68
    7 L   -6 -7 -7 -8 -3 -7 -7 -8 -7  5  4 -7  0  4 -7 -4 -2 -6 -2  2    0   0   0   0   0   0   0   0   0  27  40   0   1  15   0   1   2   0   1  12  1.23 0.64
    8 A    1 -1  1 -4  4 -3 -3  2  2 -1 -1 -4 -2 -3 -1  0  1 -5 -3  3   11   4   6   1   8   1   1  14   5   3   4   0   1   1   3   7   7   0   0  23  0.31 0.29
    9 Q    1 -2  1 -1 -6  1 -1 -5  8 -3 -6 -4 -6  0 -2  3 -1 -7 -3 -6    9   2   6   4   0   7   4   1  35   2   0   0   0   4   3  19   4   0   1   0  1.12 0.67
   10 D   -2 -3  2  5 -5 -3 -1 -2  1 -2 -3 -2 -3  1  1  1 -3 -5  3 -1    3   1   9  29   0   0   4   3   4   3   2   2   0   5   6  13   1   0  10   4  0.51 0.39
   11 L    1  0 -2 -2 -1 -3 -4 -1 -2 -1  2 -2 -1  1  2 -1 -1  1  1  1   13   7   2   2   1   0   0   4   1   2  20   2   1   6  13   4   3   2   4  12  0.21 0.22
   12 A    0 -1  3  0 -1  0 -2  1  0 -3 -4 -1 -5 -1  4  1  1 -5  1 -4    8   3  13   5   1   4   2   9   3   2   1   3   0   3  19   9   8   0   5   1  0.37 0.32
   13 D   -1 -6  0  7 -3  0  0 -5  1  0 -7 -5 -7 -5 -4  0 -1 -8 -2 -4    5   0   4  55   1   4   6   1   3   5   0   0   0   1   1   8   3   0   2   2  1.33 0.75
   14 P    1 -3 -2 -5 -6  0 -3 -2 -4  0 -6 -4 -6 -7  6  0  1 -8 -5  0   11   2   2   0   0   4   2   4   0   6   0   1   0   0  43   8   9   0   0   7  1.05 0.67
   15 A    2  7 -4 -2 -8 -5 -5 -4  5 -3 -4 -4 -7 -4 -7 -3 -3 -8 -2 -7   14  58   1   3   0   0   0   2  11   2   2   1   0   1   0   2   2   0   2   0  1.69 0.91
   16 V   -1 -3 -3 -4 -4 -3 -6 -3  1  4  0 -6  1 -2 -3 -2 -2 -7 -3  5    6   1   2   1   0   1   0   2   3  21   8   0   3   2   1   4   3   0   1  41  0.85 0.52
   17 R   -2  3 -2 -4 -6  3  0 -2  1  0  2 -3  0  0 -5 -3 -1  3  3 -2    3  16   1   0   0  13   7   3   3   6  19   0   2   3   0   1   4   4  10   2  0.41 0.35
   18 R   -3  5 -2 -3 -8 -1  2 -5 -2 -8 -7  6 -1 -4 -7 -2 -5 -8 -7 -7    3  30   2   1   0   3  13   1   1   0   0  41   2   1   0   3   1   0   0   0  1.43 0.81
   19 R   -4  4 -3 -3 -7  2  4 -6  0  0 -1 -2  1 -3 -5 -4 -1 -3 -1  1    1  19   1   1   0   9  31   0   2   6   6   2   4   1   1   1   4   0   2   9  0.67 0.50
   20 T    4 -7 -4 -7  5 -5 -6 -5 -7  4 -1 -6  0 -3 -6 -1  0 -7 -4  3   31   0   1   0  11   0   0   0   0  19   4   0   3   1   0   4   6   0   1  18  0.94 0.58
   21 L    1  4 -1  0 -1  1  1 -4 -3 -3 -1  3 -3 -5 -4 -1  0 -6 -3 -4   10  24   3   4   2   6  10   1   0   2   7  17   1   0   0   4   7   0   1   1  0.49 0.39
   22 T    3 -3 -4 -4 -1 -3  2 -1 -4 -4 -2 -4  1 -2 -6  3  3 -3  0 -3   26   1   1   1   1   1  12   5   0   1   5   0   4   2   0  21  16   0   3   2  0.57 0.48
   23 L   -5 -5 -9 -9 -3 -8 -9 -9 -8  0  6 -8  1  3 -7 -8 -6  4 -2 -3    1   1   0   0   1   0   0   0   0   5  71   0   3  10   0   0   0   5   2   1  1.79 0.91
   24 V    2  2 -3 -4 -2  3 -1 -4 -1  1  0  1 -4 -4 -5 -1 -1 -6 -2  2   16  11   1   1   1  13   4   1   2   6  10   7   0   1   0   4   4   0   1  17  0.34 0.32
   25 A    3  3  0  1 -6  1  1 -1 -2 -7 -6  3 -5 -7 -4  0 -2 -7 -6 -6   22  13   4   9   0   7  10   4   1   0   1  20   0   0   1   6   2   0   0   0  0.63 0.48
   26 G    3  2  1 -2 -1  2 -1  0  1 -2  0  0 -1 -3 -5 -1 -3 -4 -3 -2   29  11   6   2   1   8   4   8   3   2  10   5   2   1   0   3   1   0   1   2  0.33 0.32
   27 G   -4 -6 -1 -2 -8 -8 -6  7 -4 -9 -9 -3 -8 -5 -8 -7 -3 -8 -2 -7    1   0   3   2   0   0   1  85   0   0   0   2   0   1   0   0   2   0   1   0  2.39 1.16
   28 A    0 -7 -3 -3 -5 -4 -4 -5  8 -2 -3 -6 -2  2 -8 -4 -6  3  6 -4    9   0   2   2   0   1   1   1  37   3   3   0   1   7   0   1   0   4  25   1  1.74 0.91
   29 R   -3  1  1  4 -4  2  4 -5  0 -6 -5  1 -7 -8 -4  0  0 -4 -7 -4    2   7   5  23   1   9  26   1   2   0   1   7   0   0   1   7   5   0   0   1  0.79 0.56
   30 V   -5 -7 -7-10 -4 -6 -9 -8 -1  2 -3 -7 -2 -7 -5 -8 -3 -5 -1  7    1   0   0   0   0   0   0   0   1   9   2   0   1   0   1   0   2   0   2  78  2.22 1.10
   31 T   -2  0 -1  0 -3 -3  1 -5  3 -2 -3  0 -3 -2 -6 -1  5 -4 -1  1    3   5   3   4   0   1   9   1   7   3   3   6   1   2   0   4  36   0   2  10  0.62 0.49
   32 L   -3 -6 -8 -8 -4 -5 -6 -3 -7  4  3 -5  1  1 -6 -4 -3 -7 -1  5    2   0   0   0   0   0   0   3   0  20  27   1   3   5   0   2   2   0   2  32  1.02 0.58
   33 A    1 -5 -6 -7 -1 -5 -6 -6 -2  4  2 -7 -1  4 -7 -4 -4 -3  2  3   12   0   0   0   1   1   0   0   1  21  19   0   1  14   0   1   1   0   7  20  0.85 0.50
   34 G    3 -6 -4 -5  5 -6 -6  4 -6 -4 -4 -5 -2 -1 -6  0  2  0 -1 -1   24   0   1   1  11   0   0  31   0   1   1   0   1   2   0   7  12   1   2   5  0.90 0.57
   35 F   -1 -1 -3 -5 -4 -2 -4 -2 -3 -2 -2 -3  1  5 -1  0  0  8  4 -2    6   3   1   1   0   2   1   4   1   3   5   1   3  20   3   6   7  17  13   3  0.80 0.45
   36 R   -2  5  2  4 -2 -1  0 -2  0 -4 -3 -1 -3 -4 -2 -1 -2 -1 -1 -3    4  29   9  20   1   3   5   4   2   1   3   4   1   1   3   4   2   1   2   2  0.62 0.39
   37 R   -2  6  1  1 -5 -2 -1 -2  1 -2 -3  1 -1 -3 -2 -2 -2  0 -3 -2    4  43   5   7   0   2   4   3   3   2   3   9   1   1   2   2   3   1   1   3  0.80 0.48
   38 G    0  1  0  1 -4  0  1  3  1 -4 -4  2 -3 -2  0  0  0 -4 -3 -3    6   8   4   9   0   4  10  19   3   1   1  12   1   2   4   6   5   0   1   2  0.28 0.24
   39 D   -1 -2  1  2 -2  1  1  3 -1 -4 -2  1 -3 -3  1 -1  0  0 -2 -3    6   2   7  11   1   5  10  20   2   1   4   8   0   1   8   4   5   1   1   2  0.27 0.24
   40 N   -1  0  2  0 -3  0  1  0  1 -1  0  1  0 -1 -1  0  0  0  2 -1    5   5  12   5   0   3  11   6   4   3   9   7   2   2   2   5   6   1   7   4  0.09 0.12
   41 P    0  1  1 -1 -5  1 -1 -1 -3 -2 -3 -1 -3 -4  5  0 -2 -2  1 -1    8   9   8   3   0   6   4   4   1   2   3   4   1   1  27   7   3   1   5   5  0.46 0.37
   42 L    0  1 -2 -1 -1  0  1 -2 -2  0  1  1 -1  0  2  0 -1 -2 -1  0   10   6   2   2   1   4   9   3   1   5  15   8   1   4  12   6   3   1   2   6  0.11 0.13
   43 A    2  0  0  1 -3  0  3 -2  1 -3 -2 -1  0 -2  2 -1 -1 -3 -2 -1   16   5   5   8   0   4  17   3   3   1   4   4   3   2  10   5   3   0   2   5  0.22 0.23
   44 A   -1  0  1  2 -3  0  2 -1  0 -1 -2  0 -1  0 -2  0  1 -1  0  0    5   5   6  13   1   4  16   4   2   3   3   6   1   4   2   7   8   1   4   7  0.16 0.17
   45 I   -2 -2 -2 -2 -4 -1  0 -2 -1  3  1 -2  1  1 -1 -2  0  1  0  2    2   3   2   2   0   3   7   3   2  17  14   2   3   5   4   3   5   2   4  17  0.21 0.19
   46 D   -1 -1  2  4 -6 -1  3 -1  1 -3 -4  0 -4 -4  1 -1 -2 -4 -2 -2    5   3   8  26   0   2  19   4   3   1   2   5   0   1   8   4   3   0   1   3  0.54 0.40
   47 G   -2  2  1  2 -3 -2 -1  5 -1 -3 -3 -3 -3 -2 -4 -1 -1  1 -3 -2    3  10   7  12   1   2   5  37   2   1   3   1   1   2   1   4   3   2   1   3  0.59 0.41
   48 V   -1 -1 -2 -4 -1 -3 -4 -3 -3  4  1 -1 -2  2 -4 -2 -2  3  0  4    5   4   2   1   1   1   1   3   1  23  10   3   1   7   1   3   2   4   3  25  0.53 0.34
   49 E   -3  3  0  1 -3  1  1 -4  1  0 -2  1 -1 -2  2 -1  0 -5 -2 -1    2  15   4   9   0   5  11   1   4   6   4   9   1   1  12   3   6   0   2   5  0.27 0.24
   50 P   -2 -3  1 -1 -3 -2 -2 -1 -3  2 -2 -1 -3  0  4 -2 -1 -2  2  3    3   1   6   3   0   1   2   5   1  11   4   5   0   3  17   3   4   1   7  20  0.34 0.28
   51 I   -3 -1 -5 -3 -3 -4 -2 -4  2  4  0 -1  0  0 -3 -3 -1 -5  1  4    2   3   0   2   0   1   3   2   5  20   8   5   2   3   1   1   4   0   5  31  0.60 0.38
   52 E   -2  4 -1  2 -4  0  2 -2  2 -1 -2  0 -4 -2  0 -1 -1  2  0 -1    4  20   3  12   0   3  11   3   6   4   3   5   0   1   6   4   4   3   4   5  0.29 0.25
   53 L   -1  0 -2 -3 -1 -2 -3 -4 -2  2  4 -3 -1  1 -3 -1 -1 -4 -1  2    5   5   2   1   1   2   1   1   1  11  36   2   1   5   2   4   3   0   2  13  0.42 0.28
   54 G   -2  0 -2 -3 -2 -2 -1  4  1 -3 -3  1 -3  0  1 -1 -2 -1  3 -2    3   4   2   1   1   1   4  31   3   1   3  10   1   4   8   5   3   1  11   3  0.46 0.33
   55 T   -1  3 -1 -2 -2  1  1 -2  0  0 -1  0  0 -3  0 -1  1  1 -1  0    6  18   3   2   1   6   8   3   2   6   7   6   2   1   6   5   8   2   2   8  0.15 0.16
   56 T    0 -2 -2 -2 -4 -3 -2 -2  0  2 -1 -1  1 -1  0  1  3 -1 -1  1    9   2   2   2   0   1   2   3   2  10   7   3   3   2   5  10  22   1   2  12  0.24 0.24
   57 A    1  2  0 -2 -3  0 -1  0  2 -2 -2  1 -1 -1  3  0 -1 -3  1 -1   14  11   3   1   0   5   3   7   5   2   3   7   2   3  13   8   2   0   4   5  0.20 0.20
   58 D   -2  2  2  3 -1 -1 -1 -1  0 -1 -2  2 -3 -1 -1 -1 -2 -1  3 -2    4  11   9  19   1   2   4   4   2   3   5  11   0   2   3   4   2   1   9   3  0.29 0.24
   59 G    1  1 -1 -3 -5 -3  0  4  0 -3 -2  1 -2 -3 -3 -1 -2  1 -1 -4   12   7   3   1   0   1   7  35   2   2   4   8   1   1   1   5   2   2   2   1  0.49 0.35
   60 R   -1  3  4  0 -6  0  0  1  2 -4 -3  1 -5 -3 -1  0 -2 -3 -3 -4    4  17  19   6   0   5   5   9   4   1   3  10   0   1   4   8   2   0   1   1  0.43 0.34
   61 F   -3 -1 -2 -3 -3 -3 -5  1 -1 -1  2 -1  1  4 -2 -3 -2  1  3 -1    2   4   2   1   1   1   0  13   1   3  18   5   3  20   3   2   3   2  10   5  0.41 0.30
   62 A    1 -2 -1 -2 -4 -3 -3  0 -2  1  2 -1  0  1  0 -1 -1  2  0  1   15   2   3   2   0   1   2   8   1   8  21   3   2   7   5   4   3   3   3   8  0.16 0.17
   63 Q   -1  3 -1 -2 -6  3 -1 -1  2 -2 -2  3 -2 -1 -3  1 -1  2 -1 -2    4  14   2   3   0  13   4   6   5   3   4  20   1   3   2   9   3   3   2   3  0.37 0.32
   64 R   -3  7  0 -4 -5  1 -2 -4 -1 -6 -3  2 -1 -4 -3 -3 -4 -1 -3 -7    3  54   5   1   0   6   3   2   2   1   4  10   2   1   2   2   1   1   1   0  1.37 0.79
   65 I    0 -2 -3 -4 -2 -4 -2 -2 -4  3  3 -3  1  0 -2 -2 -2 -4  0  2    8   2   1   1   1   1   3   4   0  18  27   2   3   4   3   3   3   0   3  12  0.38 0.27
   66 G    2  1 -2 -3 -2 -2 -2  0 -2  0  1  0  0  2  1  0 -2  1  0 -1   16   7   2   1   1   2   2   8   1   7  15   6   2   8   6   6   2   2   3   5  0.11 0.14
   67 A    2  1  2 -1 -4 -2 -2  0  0 -3 -1  1 -1 -1 -1  2  0 -2 -1 -2   19   7  10   3   0   1   3   6   2   1   7   8   1   2   4  17   5   0   2   3  0.20 0.23
   68 V    0 -2 -2 -4 -2 -3 -3 -4 -4  1  2 -4  3  3 -3 -2  1  2  2  2    7   2   2   1   1   1   2   2   0   8  17   1   8  13   1   2   9   2   6  14  0.39 0.29
   69 A    1 -1 -4 -4 -4 -3 -4 -1 -2  2  3 -2  1  3 -2 -1 -3  0  1  0   13   4   1   1   0   1   1   5   1   9  25   3   3  14   2   4   2   1   5   6  0.35 0.27
   70 R   -1  4 -2 -2 -3 -1 -2 -2 -2 -2 -1  3 -3  4 -2  1 -3  0  0 -3    4  22   2   3   0   2   3   3   1   2   5  14   0  16   2  12   1   1   3   2  0.49 0.38
   71 A    3 -3 -1 -4 -4 -1 -3  0  0 -2 -1 -1 -1  4 -3  1  0  1  2 -2   21   1   3   1   0   3   2   8   3   2   7   4   2  17   1  10   6   2   7   2  0.35 0.30
   72 C    2 -2 -1 -4 -1 -2 -3 -3 -2  1  1 -3  3  3 -1  0  0  3  1  1   16   2   2   1   1   2   2   2   1   8  13   1   8  10   4   6   6   3   4   8  0.24 0.22
   73 L    0  1 -2 -2 -2 -2 -2 -3 -2  0  2  0  1  3 -3  0 -2  6  1  0    8   8   2   2   1   2   2   2   1   6  17   5   3  10   2   7   3   9   5   7  0.27 0.22
   74 S    1  2  0 -1 -3  0 -1 -1  0 -1 -1  1 -1 -1 -3  2  0  1 -1 -1   11  13   5   4   0   4   2   5   3   3   7   9   1   3   1  14   6   2   2   4  0.14 0.17
   75 L    1 -3 -4 -3 -1 -3 -4 -4 -2  2  3 -3  1  3 -3 -1 -1 -2  1  1   13   1   1   2   1   1   1   1   1  10  30   1   3  10   1   6   4   1   4   9  0.41 0.30
   76 Q    1  2 -2 -3 -2 -1 -2 -1 -2  1  1  1 -1  2 -2 -1 -1  3  1  0   13  10   1   1   1   3   2   4   1   9  12  10   1   9   1   4   3   3   5   7  0.15 0.16
   77 R    0  5 -2 -1 -3  0 -1 -2 -1 -2 -1  3 -2  0 -3 -1  0  1  0 -4    7  27   2   3   1   3   5   4   2   2   5  17   1   4   1   5   6   2   3   1  0.43 0.34
   78 Q    0  1 -2 -1 -1  1  0 -2  1  0  1  1  0  2 -4 -1 -1  1  0  0    8   8   2   4   2   7   6   2   4   6  14  11   2   9   0   3   3   2   3   6  0.11 0.13
   79 L    1  1 -3 -5 -2 -2 -3 -2 -2  2  3 -1  0  1 -5 -2 -2  1  0  2   12   8   1   0   1   2   2   3   1  13  24   4   2   5   0   2   2   2   3  13  0.32 0.25
   80 G    1  2 -1 -1  0  0  0  0 -1 -1  0  2  0  0 -1 -1 -2  0  0 -1   12  14   3   3   2   4   6   6   1   4  11  13   2   5   3   2   2   1   3   5  0.09 0.12
   81 H    0  2  0  0 -4  0  1 -1  1 -2  1  2  0  0 -2 -1 -2 -2  0 -2    8  13   4   6   0   3  11   4   4   2  13  14   2   4   1   5   2   0   3   2  0.17 0.18
   82 V    0 -1 -1 -2  1  0 -1 -2  1  1  2  0  0  1 -2 -1 -1 -1  1  1    9   4   3   2   3   5   5   2   4  10  18   6   2   6   1   3   4   1   4   9  0.09 0.10
   83 R    1  3  0  0 -3  1  2 -1  1 -2 -2  2 -2 -2  1 -1 -1  0 -1 -3   10  16   4   4   0   5  14   5   3   2   3  11   1   2   7   5   3   2   2   2  0.24 0.22
   84 K   -2  4  0  1 -4  2 -1  0 -1 -4 -5  5 -3 -3 -1  0 -3 -4 -4 -5    4  20   4   7   0   7   4   7   1   1   1  29   1   2   4   6   2   0   0   1  0.66 0.46
   85 P    2 -3 -5 -2  0 -2 -2 -4 -5 -3 -5 -4 -4  2  6 -4 -4 -3  2 -1   17   1   0   3   2   2   3   2   0   2   1   1   1   9  43   1   1   0   6   5  1.14 0.72
   86 D   -4 -4 -1  8 -5 -3 -1 -6 -3 -7 -9 -3 -9 -9 -4 -2 -3 -9 -6 -4    2   1   3  76   0   1   4   1   1   0   0   2   0   0   1   4   2   0   0   2  2.27 1.15
   87 V   -1 -7 -8 -6  0 -6 -7 -6 -5  4  3 -6 -1  0 -5 -7 -3 -7 -1  5    5   0   0   1   2   0   0   1   0  22  23   0   1   3   1   0   2   0   2  36  1.15 0.63
   88 I   -5 -8 -9 -6 -4 -7 -8 -9 -8  7  1 -8 -2  0 -8 -8 -6 -4  1  4    1   0   0   1   0   0   0   0   0  47  11   0   1   3   0   0   0   0   5  29  1.70 0.85
   89 I   -6 -6 -3 -5 -4 -3 -5 -8  8  3  0 -5 -2  2 -4 -5 -5  1  4  1    1   0   2   1   0   1   1   0  35  16   8   1   1   7   1   1   1   2  14   8  1.48 0.78
   90 A    4 -5 -5 -6  4 -4 -2 -1 -3  0 -1 -5 -3  0 -6 -1 -1 -6  3  1   38   0   0   0   8   0   4   4   1   5   6   0   1   4   0   5   4   0   9  10  0.70 0.49
   91 R   -3  2  2 -3  2 -1 -2 -4  8 -3 -4 -5 -2 -2 -3  2  1 -7  0 -3    2  11  10   1   4   3   2   1  28   2   2   0   1   2   1  16   9   0   3   2  0.95 0.60
   92 N   -4 -5  3  4 -3 -1 -2 -2  3 -5 -4 -4 -4  2 -4  3 -2 -2 -1 -6    1   0  15  23   1   3   2   4   7   1   2   1   0   9   1  24   2   1   3   0  0.82 0.56
   93 L   -2 -5 -4 -5 -4 -5 -5 -3 -1  0  3 -5  1  3  4 -3  0  5  0  0    4   1   1   1   0   0   1   2   2   5  25   0   4  13  19   2   5   8   3   6  0.70 0.45
   94 E   -3 -3  0  4 -6  0  2 -2  2 -3 -2 -3 -2 -1  2 -1  0 -3  2 -4    2   2   5  25   0   5  12   3   5   1   4   1   1   3  12   5   6   0   7   1  0.52 0.40
   95 M    0 -5 -3 -3 -2 -4 -5 -1 -5  0  2 -5  5  2  1  1  2 -3 -3  0    8   0   1   1   1   0   0   6   0   5  17   0  15   7   8   9  14   0   1   6  0.46 0.36
   96 L    1 -6 -4 -5 -3 -3 -4 -1 -5  1  5 -6  2  2 -1 -3 -2  2 -2 -1   10   0   1   1   0   1   1   6   0   6  44   0   5   7   3   2   3   3   2   4  0.69 0.45
   97 A    2 -4 -3 -1 -1 -2 -3 -1  2  0  2 -3 -1  2  2 -1 -1  3 -1  0   17   1   1   4   1   2   1   4   5   5  17   1   1   7  12   5   5   4   2   7  0.25 0.24
   98 V    1 -4 -4 -6  1 -3 -5 -1 -6  3  2 -5  1  2  1 -2 -1  0 -2  2   10   1   1   0   3   1   1   4   0  17  20   0   3   7   7   3   3   1   1  15  0.43 0.30
   99 A    4 -4 -3 -4  2 -3 -4  2  0 -1 -1 -4 -2  0 -2 -1 -1 -2 -1  0   37   1   1   1   3   1   1  16   2   3   7   1   1   5   2   4   3   1   2   7  0.55 0.40
  100 R    1  0 -2 -2 -1 -2 -3 -1  1  0  1 -1 -1  1  0  0  0  5  1  1   14   5   2   2   1   1   1   5   4   5  12   3   2   5   5   8   5   8   5   8  0.18 0.18
  101 R    2  2 -2 -3 -2 -2 -4  1 -4  1  2 -1  0  1 -1 -2 -2  3 -1  0   17  11   2   1   1   1   1   9   0   9  19   3   2   6   3   3   2   4   2   5  0.24 0.22
  102 A    3 -2 -4 -3 -1 -3 -3 -3 -2  1  2 -2  1  1 -3 -1 -2  2  3  0   27   3   1   2   1   1   1   2   1   6  17   2   4   6   1   3   2   3   9   6  0.39 0.30
  103 V    1  3 -2 -3 -1 -1 -3 -1 -2  0  0  4 -1 -3 -2  0 -2 -2 -2  0   13  14   1   1   1   2   1   5   1   6   8  23   2   1   2   6   2   1   2   7  0.32 0.27
  104 A    0  3 -3 -3 -3 -2 -2 -1  0 -1  2  3 -2  0 -2 -1 -1  1  0  0    9  13   1   1   0   1   3   4   2   4  17  19   1   4   2   4   3   2   3   6  0.25 0.23
  105 F    1  1 -1 -3 -1 -2 -2 -2 -1  1  2  0  0  1 -1  0 -2  0 -1 -1   14   8   3   1   1   2   1   3   1  10  21   7   3   6   3   6   2   1   2   4  0.15 0.15
  106 F    0  1 -1 -3  1 -1 -2 -2  1 -2  0  2 -1  2 -2 -1  1  3  1 -2    8   9   3   1   3   2   2   4   3   2  11  14   2   9   2   4  11   4   4   2  0.16 0.16
  107 G   -1  2  0 -1 -4 -1 -1  3 -1 -1 -1  2 -1 -1 -1 -1 -2 -1 -1 -2    6  13   4   3   0   2   4  24   1   4   7  15   1   3   3   4   2   1   2   3  0.29 0.22
  108 G    1  2 -1 -2 -3  0 -2  0  1 -1 -1  3 -2  0  1  0  0 -1  0  0   11  11   3   2   0   3   1   7   3   3   6  18   1   4   6   6   5   1   3   6  0.16 0.15
  109 T   -1  3  2  0 -3  0 -2  1  0 -4 -3  4 -4 -4 -1  0  0 -2 -3 -2    4  16  10   5   1   4   2  11   2   1   2  21   0   1   3   6   5   1   1   3  0.40 0.28
  110 V    2 -1 -2 -4  2 -2 -4 -2 -2  2 -1  0 -2 -2  0 -1  0 -3 -2  4   19   3   2   1   4   2   1   3   1  13   5   5   1   1   5   3   6   0   2  24  0.37 0.28
  111 P   -2  2 -3 -5 -6 -4 -4 -4 -2 -4 -4  4 -3 -5  6 -3 -3 -1 -6 -2    4  12   2   1   0   1   1   2   1   1   2  24   1   1  40   2   2   1   0   3  1.22 0.71
  112 I   -5 -6 -5 -4  0 -5 -5 -5 -2  3  3 -5  0  3 -5 -4 -2  2  3  3    1   0   1   1   2   0   1   1   1  17  28   1   2  11   1   1   2   2   8  19  0.82 0.47
  113 V   -2 -5 -7 -5 -3 -7 -6 -6 -4  6 -1 -7 -3 -2 -6 -6 -1 -4 -4  6    3   1   0   1   1   0   1   1   1  35   5   0   1   2   1   0   5   0   1  43  1.50 0.76
  114 Y   -2 -4 -6 -5 -2 -2 -5 -5  1 -2  0 -3 -1  4 -5 -4 -2  1  8 -2    3   1   0   1   1   2   1   1   3   3   8   2   2  17   1   2   2   2  45   3  1.50 0.75
  115 E   -4 -2  0  5 -3 -2  5 -3  2 -3 -3 -3 -4 -3 -4 -2 -1  0 -1 -2    2   2   4  29   1   2  31   2   5   2   3   1   0   1   1   3   4   1   2   4  0.87 0.49
  116 C    1 -4 -2 -3  5 -3 -2 -4  0  3  0 -4  0 -2 -3 -1 -3 -4 -3  4   11   1   2   1  10   1   3   2   3  15   7   1   2   1   1   5   2   0   1  31  0.63 0.36
  117 L   -1  3 -3 -4 -1  0 -4 -2  7 -2  1 -3  1  0 -2 -1 -4 -1  1 -2    6  17   1   1   1   5   1   3  25   2  14   1   3   3   3   6   1   1   4   3  0.71 0.43
  118 D   -3 -4 -3  8 -7 -4  2 -3  0 -5 -6 -4 -7 -7 -6 -4 -1 -4 -7 -5    2   1   1  68   0   1  11   2   2   1   1   1   0   0   0   1   4   0   0   1  1.99 0.99
  119 I   -2 -4 -4 -4 -2 -3 -3 -5 -3  5  3 -3  1  0 -4 -2 -1  1  1  1    4   1   1   1   1   1   2   1   1  26  30   1   3   4   1   4   3   2   4   8  0.65 0.37
  120 H   -1 -3 -2 -3 -7 -1 -2 -5  8 -5 -6 -5 -4  1  2 -3 -2  6  4 -4    6   2   2   2   0   3   3   1  33   1   1   1   1   6  10   2   2  11  12   1  1.41 0.78
  121 R   -1  3  0 -1 -6  0  2 -1 -2 -6 -3 -2 -1 -4  3  2  0 -1  1 -3    5  14   4   4   0   3  15   4   1   0   3   2   2   1  16  13   6   1   4   2  0.39 0.36
  122 L    0 -3 -2  1 -2 -1 -1  1 -2 -1  2 -2  0  1 -3  0 -1  0  1 -1    8   1   2  10   1   3   5  12   1   3  23   2   2   6   1   7   3   1   6   4  0.17 0.18
  123 M   -1  0 -4 -1  0 -1 -3 -4 -1  3  2 -3  3  2 -3 -2 -1  0  1  1    5   5   1   3   2   3   2   1   1  16  21   1   7   9   1   2   4   1   5   8  0.34 0.24
  124 L   -2 -2  0 -3 -2 -2 -2 -2 -2  2  2  0  0  1  2  0  0  1  0  1    3   2   6   1   1   1   3   3   1  11  17   5   2   6  11   6   6   2   3  11  0.17 0.16
  125 R   -1  4  0  1 -4  0  0  1 -1 -3 -2  3 -1 -3  0  0 -1 -2 -2 -3    5  21   4   6   0   4   6  10   1   1   4  15   1   1   5   6   4   1   1   2  0.33 0.28
  126 K   -2  2  3  2 -2  2  0 -1 -1 -3 -5  2 -2 -2  0  0 -1 -3 -1 -2    3   9  15  10   1  10   5   5   2   1   1  13   1   2   5   7   4   0   3   2  0.33 0.30
  127 D   -1  1  1  1 -6 -1 -2  3  1 -3 -3  2 -3 -1  1  1 -1 -2 -2 -4    5   7   6   8   0   3   3  20   3   1   3  14   0   2   7   9   4   1   1   1  0.29 0.27
  128 I   -2  0 -2 -4 -5 -3 -3 -2  1  1  2  0  1  2  2 -2 -1  5  0  0    4   5   2   1   0   1   2   3   3   7  17   5   4   9  11   2   4   9   3   7  0.33 0.26
  129 V    0 -1 -5 -3 -3 -4 -3 -5 -1  3  2  1  0  2  0 -3 -2  0  0  2    7   4   0   2   1   0   2   1   2  17  22   7   2   7   5   2   2   1   4  12  0.37 0.27
  130 G    0  2  1 -2 -4  0 -1  1  0  0  0  1 -1 -1  1  1 -1  0  0 -2    7  10   6   1   0   5   4  13   2   7   8   7   1   2   6  12   2   1   3   3  0.10 0.14
  131 R   -2  4 -1 -4 -7  0 -2 -3 -3 -3 -3  5 -4 -2  1 -1 -3  1 -4 -4    4  23   3   1   0   5   3   2   1   2   3  32   1   2   8   5   2   2   1   1  0.81 0.55
  132 M    1 -2 -4 -7 -3 -3 -5 -2 -4  3  3 -4  3  2 -1 -3 -3  2 -1  1   11   2   1   0   1   2   1   4   0  14  26   1   7   9   4   1   1   3   2  10  0.49 0.33
  133 L    0 -3 -5 -4 -3 -3 -5 -5 -2  2  3 -4  4  2 -5 -3 -3  3  3  1    9   1   0   1   1   2   1   1   1  10  30   1   8   7   0   2   2   3  11   9  0.63 0.41
  134 R   -2  5 -2 -2 -7  2  0 -3  1 -3 -2  3 -5 -3 -4 -2 -2 -3  2 -3    4  32   2   2   0   8   6   3   4   2   5  15   0   1   1   4   3   0   6   3  0.68 0.47
  135 A    2  1 -4 -4 -3 -2 -3 -1 -1  0 -1  2 -2  1  1  0 -1  7  0 -3   15   8   1   1   1   2   1   5   1   5   7  10   1   6   8   6   5  13   3   2  0.40 0.33
  136 A    0 -2 -4 -5  1 -3 -5 -3 -2  3  4 -5  2  1 -5 -3 -2  1 -1  1    8   2   1   1   2   2   1   3   1  16  34   0   5   5   1   2   3   2   2  10  0.59 0.37
  137 E   -3 -4 -2  1 -1  0  7 -5 -1 -6 -4 -3  3 -4 -7 -2 -5 -8 -2 -4    3   1   2   7   1   5  61   1   2   0   2   2   6   1   0   3   1   0   2   2  1.51 0.89
  138 S   -1  5  1 -1 -2  0 -2 -3  0 -3 -2  4 -2 -4 -6 -1 -2  0 -5 -5    5  32   7   4   1   4   2   3   2   1   4  24   1   1   0   5   3   1   0   1  0.80 0.53
  139 Q   -1  4 -1 -4 -4  0 -2 -3  2 -1 -1  1 -2  4 -6 -2 -1  5  3 -2    5  18   3   1   0   5   2   2   5   4   6   8   1  14   0   4   4   8   8   3  0.51 0.37
  140 L    1 -5 -5 -6  1 -2 -6 -4 -1  2  3 -5  1  4 -5 -2  0 -3  1  0   10   1   1   0   2   2   0   2   1  12  31   0   3  14   0   3   6   0   4   7  0.61 0.39
  141 G    0 -6 -4 -6  3 -4 -5 -3 -5  2  3 -5  3  1 -4 -1 -4 -3  5  1    7   0   1   1   5   1   1   2   0  10  26   1   6   6   1   5   1   0  20   8  0.74 0.47
  142 K    1  5  0 -2 -7 -1 -1 -1  1 -6 -5  4 -5 -5  0  0 -3 -5 -4 -6   10  28   4   3   0   3   4   5   3   0   1  23   0   1   4   6   1   0   1   1  0.76 0.53
  143 D   -1  4  1 -1 -1  1 -1 -2  3 -4 -2  3 -3  1 -6  0 -1 -2  0 -3    4  21   7   4   2   6   3   3   8   1   3  16   0   5   0   8   4   1   3   2  0.42 0.34
  144 A    5 -6 -7 -6  2 -6 -6 -5 -4 -1 -2 -6  0 -1 -4  2 -1 -7 -4  3   44   0   0   0   4   0   0   0   0   4   4   0   2   3   1  12   4   0   1  18  1.00 0.65
  145 R   -1  0  0  7 -4 -2 -1 -4 -2 -6 -5  1 -6 -6 -5 -1 -2 -2 -2 -5    6   4   4  55   0   2   4   2   1   0   2   7   0   0   1   5   3   1   1   1  1.32 0.78
  146 L    2  2 -3 -3 -1  0 -2 -1  1 -1  2  1 -1  0 -4 -1 -1  0  1 -1   18  11   1   1   1   4   2   5   4   4  19   9   1   3   0   3   4   1   4   5  0.20 0.21
  147 L   -4 -6 -6 -8 -1 -7 -7 -7 -1  5  2 -6  0  0 -7 -3  1 -7 -4  4    2   0   0   0   1   0   0   0   2  31  17   1   2   4   0   2   8   0   1  30  1.12 0.62
  148 I   -3 -8 -6 -6 -1 -7 -8 -8 -8  6  1 -8 -1  0 -6 -3 -1 -2 -2  5    3   0   0   1   1   0   0   0   0  35  11   0   2   4   0   2   5   1   1  34  1.30 0.69
  149 T    2 -5 -4 -6  1 -6 -6 -1 -5  1 -1 -4 -1  0 -4  0  4 -7 -4  3   18   0   1   0   3   0   0   5   0   6   5   1   1   4   1   6  26   0   1  22  0.68 0.49
  150 S    1 -4  0 -3  1 -2 -3 -5 -2  1  0 -5 -2 -5 -1  2  3 -6 -5  3   12   1   4   2   3   2   2   0   1   6   9   0   1   0   3  15  15   0   0  23  0.46 0.38
  151 S   -2 -5  1 -2 -1 -4 -2 -3 -4 -5 -2 -3 -2 -5 -5  6  2 -5 -5 -4    4   1   6   2   1   1   2   3   1   1   4   2   1   1   1  57  12   0   0   1  1.22 0.80
  152 P   -2  1 -2  1 -7  0  4 -4  1 -6 -4  0 -4 -6  6 -3 -4 -7 -1 -4    4   7   2   8   0   5  22   2   3   0   2   6   1   0  32   2   1   0   2   1  0.93 0.62
  153 A    2 -1  2  0 -2 -2 -1  3  0 -3 -3  0 -2  1 -2  1 -2 -5  0 -3   15   3   9   6   1   2   5  22   2   1   2   5   1   6   2  10   3   0   4   2  0.29 0.24
  154 F   -2 -2 -3 -4 -3 -3 -3 -3 -1  2  1 -3  4  5 -4 -4 -2 -3  5 -1    4   3   2   1   1   1   2   3   2  12  11   1   9  22   1   2   3   0  16   4  0.73 0.38
  155 I    2  3 -4 -4 -2 -1 -3 -3 -3  1  1  2 -1 -3 -4 -3 -2  0 -1  2   18  13   1   1   1   2   2   2   1   9  14  14   1   1   0   2   2   2   2  13  0.37 0.28
  156 E    1  1  0  3 -3  1  3 -1  0 -3 -4  1 -5 -4 -2  0 -1 -3 -5 -4   11   8   4  17   0   5  21   5   2   1   2   8   0   1   2   7   4   0   0   1  0.43 0.33
  157 H   -1  3  1  0 -4  1  1  0  4 -3 -2  0 -2 -1 -3 -1 -1  2  2 -2    4  14   7   5   0   5   9   7  11   2   5   4   1   2   1   5   4   3   6   3  0.26 0.21
  158 Y   -2 -3 -3 -4 -1 -3 -3 -3  1  0  2 -2  0  3 -4 -2 -2  0  7  0    3   1   1   1   1   1   2   2   4   6  17   3   2  12   1   3   3   1  30   6  0.79 0.39
  159 F   -1  0  0 -1 -2 -1  0 -2  0  1  0 -1  1  4 -2  1 -1 -1  1  0    5   4   4   4   1   2   5   3   2   8  10   3   4  17   2  10   3   1   5   6  0.15 0.12
  160 R    1  3 -1  0 -2  1  2 -2 -1 -1 -1  2 -2 -3 -1  0 -1 -4 -2 -1   10  14   3   5   1   6  11   4   1   5   5  14   1   1   3   6   4   0   2   5  0.18 0.16
  161 P   -1  0  0  2 -2 -1  0 -2 -1  0 -2  2 -2 -1  3  0  0 -2  0  0    6   6   4  10   1   3   6   4   1   6   4  11   1   3  14   6   6   1   3   6  0.15 0.13
  162 L   -1  2 -1 -2  0 -1  0 -2  1  0  1  0  0  1 -2 -1 -1 -1  2  0    6  14   2   2   2   2   7   4   4   4  15   6   2   6   2   5   3   1   7   8  0.10 0.11
  163 S    0  1 -1 -1 -2  2 -1  2 -1 -3 -2  2 -2 -2  0  1 -1 -2  1 -3    7   8   3   3   1  10   4  17   1   1   4  12   1   2   6  10   3   0   5   2  0.22 0.20
  164 G    0  2  1  0 -2  1  0  2  0  0 -2  1 -1 -1 -2 -1 -1 -3  0 -1    6  10   7   5   1   7   6  18   3   5   4   8   2   2   2   4   3   0   3   4  0.13 0.12
  165 I   -1  0 -1  1 -1 -2 -2 -2 -2  1  0 -1  0  3  1 -1 -1  1  4  1    5   6   3   7   1   1   2   3   1   9  10   3   2  10   7   3   4   2  13   8  0.19 0.15
  166 G    0  1  1  1 -1  0  0  0  0 -1 -1  1 -1 -2  0  1 -1 -3 -1  0    9   8   8   8   2   4   6   8   2   4   5  10   1   2   5   9   3   0   2   6  0.08 0.08
  167 A    1  0  0  0 -1  0  1  0  0  0 -1  1 -1 -1  0  0  0 -3 -1  0   12   5   3   6   1   4   9   8   2   5   6   8   1   2   4   8   4   0   1   9  0.05 0.06
  168 P   -1  1  0  1 -3  0  0 -3 -2 -3 -4  4 -2 -3  4  0 -1 -3 -3 -2    4   6   4   7   1   3   7   2   1   2   2  25   1   1  19   6   3   0   1   3  0.50 0.34
  169 P   -1 -2 -2 -4 -2 -3 -3 -2  1  3 -1 -1 -1  0  2 -2  1  3  0  3    6   3   2   1   1   1   2   3   3  16   5   4   1   4  12   3   8   4   3  19  0.34 0.24
  170 M    0  0  0 -1 -1 -1  0  0  2  0  0  0  1 -1 -1  0  0 -2  0  1    7   6   4   4   1   2   7   7   7   5   9   5   3   3   2   6   6   0   2  12  0.03 0.05
  171 L   -3 -3 -1 -2 -2 -4 -4 -3 -1  3  2 -2 -1  0 -4 -3 -2 -1 -1  5    2   1   4   2   1   1   1   2   2  15  18   3   1   4   1   2   3   1   2  33  0.61 0.36
  172 L   -3 -4 -2 -2 -2 -3 -4 -4 -3  5  1 -4 -2 -1  0 -3 -2  0  0  4    3   1   2   3   1   1   1   1   1  28  13   1   1   2   5   2   2   1   3  27  0.71 0.40
  173 E   -2  1  0  0 -3 -1  3 -4  3 -4 -2 -1 -3 -3  5 -1  0 -5  0 -4    3   8   5   6   1   3  17   1   6   1   4   4   1   2  25   4   6   0   3   1  0.57 0.41
  174 N   -4 -1  8  0 -6 -2 -1 -5 -2 -3 -3 -3 -4 -3 -2 -1 -2 -4 -2 -5    2   4  61   6   0   2   4   1   1   2   3   1   1   1   2   4   2   0   2   1  1.66 0.85
  175 K    0  1 -1 -1 -2 -1 -1  3 -3 -2 -2  4 -1 -1 -2 -1 -1  2  1 -2    6   6   3   3   1   2   3  19   0   2   3  24   1   3   2   4   4   3   6   3  0.33 0.24
  176 V    0 -2 -2 -3  0 -2 -3 -3 -2  3  1 -3  0 -1  3 -1 -1 -1 -1  3    7   2   2   1   2   1   2   2   1  15  13   1   2   3  13   4   4   1   2  21  0.35 0.23
  177 L   -1 -2  1  2 -3 -2  0 -2 -1  1  1 -1  0  2 -1  0 -1  0  0  1    5   2   7  14   0   1   6   3   2   9  13   3   2   8   3   6   3   1   3  10  0.12 0.11
  178 E    0 -1  0  0 -2 -1  1 -2  0  0  0  0 -1  0  2  0  0  0  2  1    6   4   4   5   1   2   9   3   2   6  10   4   1   4   9   8   5   1   7  10  0.06 0.07
  179 I    0 -1  0  0 -2  0  0 -2 -1  1  1 -1 -1  0  2  0 -1 -2  0  0    7   3   5   6   1   5   8   3   1  11  13   2   1   4   9   8   4   0   4   6  0.06 0.08
  180 D    0  0  1  3 -2  0  1 -1  0 -2 -2 -1 -1 -1  3  0 -1 -2  1 -2    8   5   6  14   1   4   9   6   2   2   5   3   2   3  15   5   4   1   5   2  0.21 0.19
  181 G    0 -1  3 -1 -4 -1 -1  0 -1  0  0 -2 -1  2  0  0 -1  1  1 -1   10   3  14   3   0   3   4   8   1   5   8   2   1  10   5   6   4   2   6   5  0.12 0.14
  182 T    0 -1  0  0 -1 -1  0  1 -1 -1 -1  0 -1 -1  3  0  0 -1 -1 -1    8   4   4   6   1   2   5  11   1   5   7   5   2   3  14   7   6   1   3   5  0.10 0.10
  183 V    1 -1 -2  0 -2 -1  0 -3 -1  1  0 -1 -1  1  3 -1 -1 -3 -1  1   11   3   2   5   1   3   5   2   1   7   9   3   1   7  16   5   4   0   2  11  0.17 0.16
  184 E    0  0  0  3 -3 -1  2 -2  0 -1 -1 -1 -1 -1  2  0 -1 -5 -1 -2    8   5   4  14   1   3  16   3   2   3   7   3   1   2  12   7   4   0   3   3  0.21 0.21
  185 R    0  2  0  2 -2  0  1 -1 -2 -1 -1  1 -2 -1  3  0  0 -2 -2 -1    7  10   4  10   1   4  11   4   1   3   6   8   0   3  12   5   5   1   1   4  0.16 0.16
  186 R    0  2  0  0 -2  0  1 -1  1 -1 -1  2 -1 -1  1  0  0 -4 -3 -1    8  12   4   6   1   3  10   3   3   4   5  13   2   3   8   6   5   0   1   4  0.14 0.14
  187 T    0  0  1  2 -2  0  1 -1 -1  0 -1  0 -1 -1  1  0  0  0  0 -1    8   5   6  11   1   4   7   5   1   6   7   5   1   3   7   8   6   1   3   5  0.06 0.06
  188 A    1  0  0  0 -2  0  0  0 -1 -1  0  0 -1  1  1  0  0 -1  0 -1   12   4   5   5   0   4   7   5   1   4  10   5   1   8   7   8   5   1   4   5  0.04 0.06
  189 S    0  1  2  1 -2  0  1 -1  0 -1 -1  0 -2 -1  1  0  0 -1 -1 -1    9   6   9   8   1   4   9   3   3   4   8   6   1   2   7   8   4   1   3   4  0.08 0.09
  190 P    0  2 -2 -1 -4  0  0 -3  1 -1  1  1 -2 -1  4 -1 -1 -2  0 -1    6  10   2   4   0   4   6   1   3   4  12   8   1   3  19   5   3   1   4   4  0.24 0.22
  191 A    1  1  0 -1 -2  0  0 -2 -1  0  0  1 -1  0  1  0  0  0  0  0   11  10   4   4   1   4   7   3   2   5  10   7   1   3   7   5   7   1   3   7  0.05 0.07
  192 K    0  3 -1  0 -3  0  1 -2 -2 -1 -1  2 -1 -2  1  0 -1  2 -2 -1    7  17   3   6   0   3   9   4   1   3   5  15   1   1   7   6   3   3   1   4  0.21 0.20
  193 S    0  2  0  0 -2  1  2 -1 -1 -1  0  1 -2 -1  1  1 -1 -3 -2 -1    6  10   3   6   1   5  16   4   1   4   9   8   1   2   7   9   3   0   2   3  0.13 0.15
  194 P    0  1  0  0 -1  1  0 -1  1  0  0  1 -1 -1  2  0  0  0  0 -1    6  10   3   4   1   6   5   5   3   5  10  11   1   2   9   6   5   1   3   4  0.07 0.08
  195 P    0  0  1  0 -3  0  0  0  0  0  0  1 -1 -1  1  0  0 -1  0 -1    8   5   6   5   0   2   7   8   2   8   8   9   1   3   8   6   5   1   4   4  0.04 0.05
  196 P    0 -1  0  1 -3  0  0  0 -1  0  0  0 -1 -2  3  0 -1 -2 -1 -1    8   3   5   9   0   4   7   7   2   5  10   5   1   2  15   6   3   1   2   5  0.12 0.12
  197 G    0 -1  2  2 -2  0  1  2  2 -2 -3  1 -3 -2 -1  0 -1 -3 -3 -2    7   4   8  11   1   4  10  18   4   2   3   9   1   1   3   7   4   0   1   2  0.22 0.19
  198 A    0  1  1  3 -3  0  1  2  0 -3 -4  1 -3 -3  1  0 -1  0 -2 -3    7   6   6  15   0   3  10  16   3   2   2   9   1   1   6   7   4   1   1   2  0.24 0.21
  199 P   -1  2 -2 -2 -3  0 -1 -2  0 -1 -3  3 -2 -3  5 -1  0 -5 -2 -1    6  10   2   2   1   3   4   3   2   4   2  18   1   1  24   4   5   0   2   5  0.45 0.33
  200 W   -2 -2 -4 -4 -2 -4 -3 -5 -2  3  2 -1 -1  5 -1 -4 -1  4  0  1    3   3   1   1   1   1   2   1   1  16  19   4   1  24   4   1   3   5   3   8  0.61 0.36
  201 K   -3  3  1 -2 -3 -1 -2 -3 -2  1  0  1 -1  0 -3 -2  1 -4  0  3    1  16   8   2   1   2   2   1   1   9   7   9   1   4   1   2  11   0   4  18  0.31 0.27
  202 I   -1 -6 -7 -7 -2 -4 -5 -6 -6  6  2 -6 -1  3 -6 -6 -5 -6 -3  4    4   0   0   0   1   1   1   1   0  36  18   0   1  11   0   0   0   0   1  24  1.18 0.61
  203 G    1 -4 -3 -4  1 -3 -4  4 -1 -1  1 -4  0 -2 -5  0 -2 -3 -3  2    9   1   1   0   3   1   1  33   1   4  14   0   3   2   0   7   2   0   1  16  0.54 0.36
  204 W   -4 -7 -4 -6 -7 -3 -7 -4  1 -4 -3 -5 -4  6 -8 -5 -3  5  8 -4    2   0   1   1   0   1   0   2   2   1   2   1   0  29   0   1   2   7  46   1  2.04 0.99
  205 F    1 -4 -4 -6 -5  1 -5 -3  0  3  0 -5 -2  3 -6 -1 -1 -2 -2  4   13   1   1   0   0   6   0   2   3  19   9   0   1  10   0   4   4   1   1  26  0.57 0.41
  206 G   -3 -8 -7 -5 -8 -8 -8  8 -3 -9 -9 -5 -8 -9 -8 -2 -5 -8 -9 -5    2   0   0   1   0   0   0  91   1   0   0   1   0   0   0   3   1   0   0   1  2.67 1.26
  207 A    1  2  2 -3 -4 -1 -2  1 -1 -2 -1 -1  0 -2 -3  1  2 -2 -3  0   13  10  11   1   0   3   2  12   1   2   6   3   2   2   1   9  13   1   1   8  0.20 0.23
  208 L   -2 -5 -3 -7 -3 -4 -4 -6  2  5  4 -6  2  0 -5 -5 -3 -3 -3  1    3   1   2   0   0   1   1   0   5  29  37   0   5   4   0   1   2   0   1   8  0.98 0.55
  209 R   -1  5  1 -2 -4  1 -2  2 -1 -4 -4  0 -3 -5 -5  1 -1 -6 -3 -1    4  33   7   2   0   6   2  18   1   1   1   5   1   0   0   9   3   0   1   5  0.65 0.47
  210 C    0  0 -1 -1  3 -1  1  0  1 -1 -2  0  0  0  3 -2 -1 -1  4 -2    7   4   3   4   6   3   8   6   3   3   4   5   3   4  15   2   3   1  14   3  0.24 0.24
  211 R    1  1  0  0 -3  0  0  0  0 -1 -1  0 -1  1  0 -1 -2  4  3 -1   13   9   5   4   0   3   5   7   2   4   4   4   1   6   4   4   2   5  12   5  0.14 0.17
  212 R   -4  4  2 -1 -7  2  1 -3  3 -4 -3  4 -3 -4 -2 -3 -3 -1  0 -5    1  24   8   4   0   9   8   2   6   1   2  22   1   1   2   1   2   1   3   1  0.70 0.49
  213 S   -1 -3  1  0 -2 -2  0  5 -1 -1 -3 -2 -1 -1 -3  1 -3 -6 -1 -3    5   1   7   6   1   1   5  43   1   4   3   2   2   3   2   9   1   0   2   2  0.64 0.44
  214 L   -3 -6 -2 -6 -2 -3 -4 -7 -2  3  5 -4  2  1 -3 -4 -2 -6 -1  1    2   0   2   0   1   1   2   0   1  15  48   1   5   6   1   1   2   0   2   9  0.89 0.53
  215 A   -1  0 -1  4 -2  1  4 -2  3 -2 -1  1 -3 -3 -1 -2 -2 -6 -3 -4    4   5   2  20   1   5  25   3   6   2   7   7   1   1   3   2   2   0   1   1  0.47 0.38
  216 L    0 -1  1 -1 -1  0  0 -2 -1  1  1  0  0  1 -2 -1  1  1  0  1    7   2   6   3   1   3   7   2   2  10  13   8   2   5   1   2  11   2   3   9  0.06 0.10
  217 L   -1 -7 -8 -8 -4 -7 -6 -8 -7  4  5 -7  2  0 -5 -4 -4 -6 -3  1    5   0   0   0   0   0   1   0   0  18  55   0   5   3   1   1   1   0   1   9  1.26 0.69
  218 A    1 -2 -5 -3 -1 -4 -3 -3 -6  5  3 -2  0 -1 -4 -3 -3 -6 -2  2   11   3   0   1   1   1   2   2   0  29  27   3   1   3   1   2   1   0   1  12  0.62 0.41
  219 E    1  1 -1  4 -4  0  4 -3 -2 -5 -3  2 -4 -6 -5 -2 -3 -7 -5 -4   11   7   3  21   0   4  30   1   1   0   3  11   0   0   0   3   1   0   0   1  0.73 0.53
  220 F    5 -5 -6 -4  0 -2 -3 -3 -3  0  0 -3  1  1 -6 -2 -1 -6 -2  1   51   0   0   1   2   2   2   1   1   5   8   1   3   5   0   3   4   0   1   9  0.84 0.58
  221 S    4 -4 -4 -6  1 -5 -4 -3 -6  1  1 -3  3  2 -3 -1 -1 -1 -3  1   33   1   1   0   3   0   1   2   0   6  15   1   7  10   1   4   3   1   1  10  0.55 0.42
  222 R    1  3  0  0 -3  2  2 -2  0 -2 -4  3 -3 -5  0 -1 -2 -6 -3 -4   11  18   3   4   1   9  12   2   2   2   1  18   1   0   5   5   2   0   1   1  0.44 0.37
  223 K    0  3  1  0 -3  2  1 -2  2 -1  0  1 -1 -3 -3 -1 -1 -3 -1 -2    8  18   7   5   0   8  10   3   6   4   8   9   2   1   1   4   3   0   2   2  0.22 0.22
  224 M    0 -1 -1 -1 -2 -3 -2 -4  1  1  3 -1  3  1 -1 -1 -1 -4 -1  1    6   4   3   4   1   1   2   1   4   8  30   3   8   5   3   5   3   0   2   9  0.25 0.21
  225 E   -2  1  1  4 -6  0  2  1 -1 -5 -5  0 -3 -4  4 -1 -2 -6 -2 -4    4   7   8  20   0   4  12  11   1   1   1   4   1   1  17   4   3   0   2   1  0.51 0.40
  226 G    0 -1  1  3 -1  0  0  1 -1 -2 -2  0 -3  0  2  0  0 -2 -1 -2    7   2   5  16   1   3   5  13   1   2   5   5   0   5  10   8   5   1   2   2  0.17 0.17
  227 R   -1  3  2  2 -2  0  0 -1  2 -3 -2  2 -4 -3  1  0 -2  0 -2 -2    6  19  10  11   1   3   6   4   5   1   4  10   0   1   7   6   2   1   2   3  0.30 0.25
  228 F    0 -2 -4 -4 -1 -3 -3 -5 -1  3  1 -3  0  4 -3 -3 -1  2  2  3    8   2   1   1   1   1   1   0   2  16  12   2   2  17   1   2   3   2   6  20  0.49 0.33
  229 E   -2  2  1  0 -2  1  2 -3  3 -2 -1  1 -3  0 -2 -1  0 -1 -3  0    3  11   8   6   1   6  16   1   8   2   8   7   0   4   2   4   6   1   0   6  0.23 0.23
  230 I   -3 -6 -7 -6 -3 -6 -6 -4 -4  4  4 -5  1  4 -5 -6 -4  0 -1  2    2   0   0   0   1   0   1   2   0  18  36   1   3  17   0   0   1   1   2  15  0.99 0.56
  231 V   -2  0 -2 -1 -1  0 -2 -5  4  2  2 -3  0  0 -5 -3 -1  0  0  3    3   5   2   4   1   4   2   0  10  11  16   1   2   4   0   1   5   1   3  23  0.37 0.30
  232 L   -3 -7 -7 -7 -3 -7 -7  0 -7  5  2 -7  2  4 -7 -6 -3 -1  0  3    2   0   0   0   1   0   0   9   0  29  20   0   4  14   0   0   1   1   3  16  0.93 0.53
  233 R    2  1 -3 -2  2 -4 -4  1  2  1 -1 -3  1 -1 -3 -3 -3  0  2  3   18   7   1   2   4   1   1  11   5   8   6   1   3   3   1   2   1   2   6  17  0.34 0.26
  234 G   -6 -9 -5 -1 -3 -9 -6  7 -9 -2 -2 -6 -5 -2 -5 -5 -5 -9 -4 -2    1   0   1   4   1   0   1  75   0   3   4   0   0   2   1   1   1   0   1   4  2.00 1.02
  235 R   -1  2  0  2 -3 -1  0  2 -2 -1 -3  1 -2  1 -1 -1 -1 -1  0  0    4  10   4  12   1   3   7  15   1   3   2   8   1   6   3   4   4   1   4   8  0.17 0.16
  236 P   -3 -4 -2 -4 -3 -2 -1  5 -5 -2 -4 -4 -5 -1  4 -3 -3 -4 -4 -1    3   1   2   1   1   2   4  43   0   2   2   1   0   3  23   2   2   0   1   5  1.06 0.63
  237 A    2 -2  0  1 -3  1  0 -1  1 -1 -1  0 -1 -1  1  1  0 -1 -1 -1   16   2   5   8   0   6   6   5   3   3   7   5   1   3   7  12   4   1   2   4  0.12 0.14
  238 Y   -2  0 -2  1 -3  1  4  2  1 -3  0 -1 -1 -3 -1 -2 -3 -2  2 -2    4   6   2   7   1   5  22  13   3   2   9   4   2   1   3   3   2   1   7   4  0.31 0.27
  239 S    0  0 -1  2 -3  0  1 -3  1 -4 -3  3 -2 -4  0  2  0  0 -4 -3    9   6   3   9   1   4   9   3   3   1   3  19   1   1   6  14   5   1   1   2  0.35 0.31
  240 E    0 -1 -2  1 -3  2  5 -3 -1 -2 -3 -1 -2 -4 -2 -2 -2  1  2 -2    8   4   2   8   1   7  34   2   1   2   3   4   1   1   3   4   3   2   6   4  0.58 0.43
  241 F   -2  0 -3 -3 -2 -2 -1 -3 -1  1  3  0  1  2 -3 -3 -2  1  1  1    4   6   1   1   1   2   5   3   1   7  28   6   3   9   2   2   3   2   5   8  0.34 0.22
  242 D    0  1 -1  1  0  0  2 -2  0 -2  2  2 -3 -4  2 -2 -3 -2 -3 -1    9   8   3   7   2   4  14   3   2   2  16  10   1   1   9   3   2   1   1   4  0.23 0.21
  243 D   -1  3  1  3 -3  1  3 -4  0 -2 -4  2 -3 -4 -4 -1 -3 -1 -2 -3    6  12   6  16   1   6  20   2   2   2   2  10   1   1   1   5   2   1   2   3  0.50 0.37
  244 F   -1 -2 -4 -2 -3  2  0 -5 -2  1  3 -2  2  4 -4 -3 -4 -2  0  0    5   2   1   2   1   9   6   1   1   7  29   3   5  13   1   3   1   1   3   6  0.49 0.33
  245 D    1  1 -2  1 -2  1  1 -4  1  1 -1  3 -1 -3 -4 -2 -1 -2 -1  0   14   7   2   7   1   6   9   1   3   8   8  15   2   1   1   2   4   1   2   6  0.22 0.19
  246 G    4  2 -2 -1 -1  1  2 -1 -1 -2 -4  2 -3 -4 -4  0 -1 -8 -2 -1   26   9   2   4   1   6  11   4   1   3   2  11   1   1   1   7   3   0   1   5  0.39 0.33
  247 F    1  2 -1  0 -2  2  2 -4  0 -1  1  2  0  0 -4 -2 -2 -2  1 -3   10   9   3   5   1   8  12   1   2   4  13  10   2   5   1   4   3   1   5   2  0.20 0.18
  248 V    2 -1 -2 -2  1 -1  1 -3  0  0  2 -1  1 -1 -2  0 -2 -2 -1  2   15   4   2   2   3   2   8   2   2   5  19   4   3   2   2   7   3   1   2  12  0.19 0.16
  249 R    1  2  1  0 -3  0  2  1  0 -4 -1  2 -1 -3 -2 -1 -3 -2 -3 -3   13  10   6   5   1   4  12  12   2   1   7  11   1   1   2   5   1   1   1   2  0.23 0.21
  250 N    0  1  2  0 -2  0  0  2 -1 -1  1  1 -1 -3 -3 -1  0 -4 -2  0    6   7  10   5   1   4   6  14   1   2  13  11   1   1   1   4   5   0   1   7  0.12 0.15
  251 E    0  1  1  0 -2  0  1 -2  1 -1  2  0 -1 -1 -3  0 -1  1  1 -1    7   7   6   4   1   4   9   3   4   3  24   5   1   3   1   6   4   2   5   4  0.10 0.14
  252 P   -1 -2  1  3 -6  0  1  0 -1 -5 -3  1 -3 -3  4  1 -1 -6 -4 -4    6   1   5  17   0   5  10   9   2   0   3   9   1   1  19   9   3   0   1   1  0.46 0.37
  253 F   -3  3  7 -1 -2  0 -4 -3  3 -3 -4  0 -4 -2 -4 -2 -1 -1 -1 -4    2  13  46   3   1   4   1   2   6   2   2   5   1   2   1   3   3   1   2   1  1.11 0.69
  254 M   -4 -5 -4 -4 -2 -7 -4 -5 -8  4 -1 -4  0 -3 -4 -7 -2 -7 -3  6    1   1   1   1   1   0   1   1   0  21   6   1   2   1   1   0   2   0   1  57  1.49 0.80
  255 R   -3  3  0  0 -1  0  1 -4  4  1 -2  1 -2  1 -3  0  2 -5  0  0    1  15   4   5   1   4   7   0  11   7   3   7   1   5   1   6  12   0   3   6  0.30 0.28
  256 F   -5 -4 -8 -5 -4 -5 -5 -8 -2  0  1 -5 -2  8 -6 -5 -5  2  3 -2    1   1   0   1   0   1   1   0   1   5  11   1   1  59   0   1   1   3   9   3  1.87 0.93
  257 E   -2  1 -3 -2 -2 -3 -2 -3  4  0  3 -1  1  1 -3 -2  1 -2  1  0    3   8   1   3   1   1   2   2  11   5  27   4   3   6   1   3   8   1   6   7  0.31 0.26
  258 G   -2 -5 -1  0 -5 -5 -2  6 -2 -4 -4 -3 -2 -3  0 -2 -3 -5 -5 -2    3   1   3   6   0   1   2  62   1   1   2   2   1   1   5   3   2   0   0   3  1.26 0.65
  259 A    1  3 -3 -1 -2 -2  0 -2 -2 -2 -3  0 -1 -3  5  0 -2  0 -2  0   11  14   1   4   1   2   5   3   1   2   3   6   2   1  26   6   3   2   1   6  0.46 0.32
  260 Y   -2 -2 -3 -4 -3 -2 -3 -3  2  0  1 -2  1  4 -2 -2 -2  3  5  2    3   2   1   1   0   2   1   2   4   5  12   2   3  15   3   3   2   4  19  15  0.51 0.29
  261 R    0  1 -1  0 -2  1  0 -2  0  1  0  1  0 -2  2  0 -1 -4 -2  1    7   8   2   4   1   7   6   3   3   8   7   8   2   1  11   5   3   0   1  13  0.12 0.14
  262 N   -1  0  2  1 -4 -1 -1 -2  1 -2 -2  0 -1 -1  3  1 -1  1  2 -1    4   5  10   9   0   2   3   3   3   2   4   6   2   2  13  12   3   2   8   6  0.21 0.22
  263 P    0  0 -1  2 -4 -1  0 -2  2 -2 -2  1 -2 -2  5 -1 -2 -1 -1 -1    7   5   2  11   0   3   5   4   5   3   3   9   1   2  25   5   3   1   2   4  0.41 0.31
  264 E    0  0 -1  3 -6  1  5 -2  1 -4 -4  1 -2 -3 -3 -2 -2 -1 -3 -3    7   5   2  14   0   6  36   3   3   1   2   9   1   1   1   2   2   1   1   2  0.67 0.50
  265 D   -1 -1 -1  4 -2  1  3 -1 -1 -2 -3  1 -1 -3 -2 -2 -1 -6 -1 -1    6   3   2  26   1   6  19   5   1   2   3   8   2   1   2   3   3   0   2   5  0.45 0.36
  266 L   -2 -3 -4 -6 -1 -2 -4 -6 -1  3  3  0  4 -1 -3 -3 -2  0 -2  3    3   1   1   0   1   2   1   0   2  13  31   5   9   3   1   2   3   1   1  20  0.63 0.42
  267 A    2  0 -1 -2 -1  0  0 -2  0 -2  0  0 -1 -2  4  0 -2  0 -1  0   17   5   3   2   1   4   6   2   2   2   8   5   2   2  21   7   2   1   3   6  0.28 0.26
  268 E    1  1  0  1 -2  0  2 -1  2 -1  0  0 -1 -2 -2  0 -1  0  0 -2   14   8   5   7   1   4  15   4   5   3   8   7   1   2   2   6   3   1   3   3  0.12 0.15
  269 I   -2 -2 -3 -4  0 -2 -3 -4 -1  3  3 -3  1  1 -6 -3 -2  0  2  1    4   2   1   1   2   2   2   1   2  18  32   2   3   5   0   2   2   1   7  11  0.55 0.36
  270 Y   -2 -3 -2 -2 -2 -1 -2 -4 -1 -1  2 -2  2  2 -5 -3 -1  2  6 -2    4   2   2   2   1   3   4   2   1   3  22   2   4   6   0   2   4   2  30   3  0.74 0.47
  271 G    2  2  2 -1 -1  1  0  0 -1 -3 -1  0 -2 -3 -3  2 -1 -1 -2 -3   15  10   9   4   2   5   6   7   2   1   6   7   1   1   1  17   4   1   1   1  0.21 0.23
  272 E    1  1  2  0  1  1  0  0  0 -2 -1  1 -1 -3 -2  1 -1 -4 -1 -2   15   6   9   4   3   8   7   6   3   2   6   8   2   1   1  12   4   0   2   2  0.14 0.16
  273 V    3 -3 -3 -4  4 -4 -4 -2 -2  1  0 -2  0 -1 -3  1  0  0 -1  1   28   2   1   1   9   0   0   2   1   7   8   2   2   3   1  13   5   1   2  11  0.42 0.34
  274 H   -1 -2 -2  7 -2  0 -1 -1  4 -4 -4 -3 -2 -4 -5 -2 -2 -2 -4 -3    5   2   2  54   1   5   3   4   8   1   2   2   1   1   0   3   2   1   1   2  1.25 0.71
  275 F    0 -3 -5 -3  2 -4 -5 -3 -2  4  2 -3  2  3 -3 -3 -3  0  0  3    7   1   0   1   4   0   1   2   1  19  18   1   4  10   1   2   1   1   3  21  0.53 0.33
  276 T    1 -2  0 -2  2 -2 -2  1 -1  1  0 -2  0 -2 -2  1  0 -4 -2  2   11   2   5   2   4   1   1  11   1   8  10   1   2   2   1  12   7   0   1  18  0.17 0.17
  277 W   -1 -3 -3 -4 -2 -3 -3 -3 -2  2  2 -3 -1  3 -3 -2 -2  6  4  0    5   2   2   1   1   1   2   3   1  12  23   1   1  11   2   3   3  10  12   7  0.51 0.28
  278 A    3 -3 -1 -2  3 -3 -3  0 -3  1 -1 -3  0 -2  0  0 -2 -5 -3  3   27   1   3   2   5   1   1   8   1   8   6   1   2   1   4   8   2   0   1  19  0.37 0.29
  279 I   -1 -4 -2 -4 -1 -1 -3 -2 -1  3  2 -3  1 -1  2  0  0 -4 -3  2    6   1   1   1   1   3   1   4   1  16  18   1   3   3  10   8   6   0   1  16  0.30 0.23
  280 D   -1 -1  0  2  0 -1 -1 -2  2  0  1 -2  1 -1  2  1 -1  0 -1  1    4   3   5  13   2   2   2   3   5   4  12   2   3   2   9  12   4   1   3  10  0.11 0.12
  281 F   -2  0 -2 -3 -2 -1 -2 -3  1  0  2 -1 -1  3  0 -1 -1 -1  4 -1    2   5   2   2   1   2   3   2   4   6  19   4   1  14   6   4   4   1  16   4  0.32 0.23
  282 F   -3  0  1  2 -3 -2 -2 -2 -1 -2  0 -2 -1  3  4 -1 -2  4  2 -2    1   6   6  12   1   1   3   3   1   3   9   3   1  10  19   4   2   6   6   3  0.40 0.30
  283 E    0  0  1  0 -4  1  2 -2  1  0 -1  0 -2 -2  2  1  0  0  1 -1    6   5   6   5   0   7  13   3   3   5   5   5   1   1  10  10   5   2   5   4  0.13 0.14
  284 E   -1  0 -1  1 -4 -1  3 -1  2 -2 -3  0 -1 -2  3  0  0  1 -1 -1    5   6   3   6   0   2  19   4   4   2   3   6   2   2  15   7   5   2   2   5  0.26 0.24
  285 G    0 -1  1  0  0 -1 -1  2 -1 -1  0 -1  0  0  0  0  1  0  1 -1    8   2   9   4   2   2   2  18   2   4  10   3   2   3   4   6   8   1   4   4  0.08 0.10
  286 Q   -1  0  0  0 -2  0  0  0 -1 -1  1  0  0  2  1 -1 -1 -1  1 -1    5   5   4   4   1   5   7   7   1   4  14   6   2  11   7   2   4   1   6   3  0.07 0.09
  287 N   -2  0  6 -2 -4 -2 -3  1 -1 -2 -2  0 -2 -3 -3  1  0 -5 -1 -1    3   5  40   1   0   2   1   9   1   2   4   5   1   1   2  11   5   0   2   4  0.76 0.47
  288 S    0 -1  0 -2 -3 -2  0 -1  3  0 -2 -2  0  1 -3  2  1 -1  1  1    7   2   4   2   0   1   7   4   8   6   4   2   3   6   1  18   7   1   5  11  0.16 0.18
  289 A    1  1 -1  1 -1  0  1  0 -2 -1 -1  0 -1 -1  0  1  1 -3  0  0   11   9   1   8   1   3   8   6   1   3   5   7   1   3   4   9   9   0   3   9  0.07 0.09
  290 W   -2 -2 -2 -3 -3 -2 -3 -2  0  2  1 -2  0  3 -2 -2 -1  4  5 -1    4   2   2   2   0   2   2   3   2  11  15   3   2  12   2   3   5   6  21   4  0.46 0.27
  291 L    3 -3 -1 -3  2 -1 -2  1 -3 -2  1 -2 -1 -1 -3  1  1 -1 -3  1   27   1   3   1   4   3   2   9   0   2  12   2   1   3   1  11   7   1   1   9  0.26 0.21
  292 L   -1 -1 -2 -2 -2 -2 -1 -3 -2  2  3 -2  3  0 -3  1 -1 -3 -1  1    5   4   1   3   1   2   4   2   1  10  29   2   6   4   1  11   4   0   2   9  0.26 0.17
  293 P   -2 -4 -4 -4 -3 -3 -4 -3 -4 -4 -4 -4 -3 -5  8  2 -3 -5 -2 -4    3   1   1   1   1   1   1   3   0   1   2   1   1   1  63  14   1   0   1   1  1.78 0.81
  294 N   -3 -3  7 -3 -4 -3 -3 -1 -1 -1 -1 -3 -1 -3 -4  2  0 -3 -3 -1    2   1  44   1   0   1   1   4   2   4   7   1   2   1   1  13   7   0   1   5  0.92 0.49
  295 R   -3  2 -2 -4 -5 -3 -3 -4 -4 -4 -5  7 -4 -5 -4 -2 -3 -5 -4 -1    2   8   2   1   0   1   1   2   0   1   2  68   0   1   1   3   2   0   1   4  1.69 0.76
  296 L   -3 -5 -5 -5 -3 -3 -5 -5 -5  3  4 -5  2  3 -2 -4 -2 -3  0  1    2   1   1   1   1   1   1   1   0  15  44   1   4  10   3   1   2   0   3   9  0.85 0.44
  297 Y   -3 -5 -3 -5 -4  1 -5 -4 -2 -2  0 -4  0  7 -3 -4 -3 -2  6 -1    3   1   1   1   0   5   1   2   1   2  10   1   2  37   2   1   2   1  25   4  1.29 0.63
  298 E   -3 -6 -2  3 -9 -2  7 -4 -2 -8 -7 -3 -3 -6 -4 -2 -4 -8 -4 -5    2   0   2  15   0   2  67   1   1   0   1   2   1   0   1   3   1   0   1   1  1.79 0.98
  299 G    4 -6 -5 -7  1 -6 -6  1 -2 -3 -4 -6  0 -1 -7  0 -4 -5  7 -4   32   0   1   0   2   0   0  11   1   1   2   0   2   2   0   8   1   0  35   1  1.33 0.77
  300 C    0 -5 -5 -7  2 -2 -6 -4 -4  3  3 -6  8  0 -7 -1 -4 -2 -2 -1    9   0   0   0   4   2   0   2   1  13  24   0  31   3   0   4   1   1   2   4  1.09 0.63
  301 R    5  0 -2 -6 -1  1 -3 -1  1 -1 -1 -4  4  0 -6  1 -3 -1  0 -3   40   4   2   0   1   5   1   4   3   3   7   0  10   4   0   8   1   1   3   1  0.62 0.47
  302 H    3 -4 -4 -6  5 -1 -5 -4  3 -4  0 -5  2  3 -6  1 -2 -2  3 -3   27   1   1   0  10   2   0   1   7   1   8   0   6  12   0  10   3   1  10   2  0.70 0.49
  303 G    0  0 -1 -5 -2 -4 -1  7 -2 -9 -7 -2 -8 -9 -5 -1 -6 -8 -4 -8    9   5   3   1   1   1   5  67   1   0   0   2   0   0   0   4   0   0   1   0  1.59 0.85
  304 R   -2  3 -4 -6  1 -3 -5 -4 -4  1  2  5 -3 -3 -6 -4  1 -7 -6  1    4  16   1   0   3   1   0   1   0   9  16  30   0   1   0   0   7   0   0  10  0.72 0.50
  305 I   -2 -6 -5 -6 -3 -6 -8 -6 -9 -4 -2 -3 -5 -9  8 -6 -6-10 -6 -2    4   0   1   1   1   0   0   1   0   1   4   2   0   0  80   1   0   0   0   3  2.58 1.28
  306 P   -2 -7 -7 -8  0 -3 -7 -8 -5  5  0 -7  3 -3  1 -4 -3 -7 -4  5    4   0   0   0   2   1   0   0   0  27   9   0   6   1   7   2   1   0   0  40  1.19 0.65
  307 I   -4 -8 -8 -8 -3 -8 -8 -9 -8  7  2 -8 -3 -3 -8 -6 -5 -4 -7  4    1   0   0   0   0   0   0   0   0  54  17   0   0   1   0   1   0   0   0  23  1.81 0.84
  308 A    4 -6 -4 -6  3 -2 -5 -1 -2  0 -2 -5  0 -2 -5  1  2 -6 -1  3   34   0   1   0   5   2   0   4   1   4   3   0   2   2   0  10  12   0   2  17  0.66 0.47
  309 M    0 -4  2 -3  3 -4 -4 -1 -4 -2 -2 -4  0  0 -2  4  2  0 -2 -1    9   1   9   1   6   0   1   5   0   2   3   0   3   5   2  32  14   1   1   5  0.53 0.43
  310 K    1  2  2  3 -5 -1  1 -1  0 -2 -3  1 -3 -3  0  1 -1 -5 -2 -1   12  10   9  14   0   2  10   5   2   3   2   7   0   1   5   9   2   0   1   5  0.22 0.21
  311 G   -1 -2  1  1 -1 -2 -1  3 -1  1  0 -1  0  1 -2  0 -1 -3 -1  0    4   1   7  10   1   1   4  23   2   8   8   4   2   6   2   6   3   0   2   7  0.16 0.16
  312 T   -1 -3 -2 -4 -3 -3 -3  4 -6 -2 -4 -2 -2 -3  3 -1  4 -6 -4  0    5   1   1   1   1   1   2  25   0   2   1   3   1   1  15   4  28   0   1   6  0.74 0.51
  313 E    0 -3 -2  0 -2 -1  4  3  0 -3 -2 -1 -3 -1 -1 -1 -2  2  1 -2    9   1   1   5   1   3  27  19   2   2   4   3   0   3   4   4   2   3   5   2  0.40 0.34
  314 T    0 -4 -3 -5 -1 -2 -3 -2 -2  1  2 -3  5 -1 -2 -1  3  2 -1  1    9   0   1   0   1   2   1   3   1   8  19   1  13   3   2   5  16   3   2   8  0.39 0.31
  315 A    3  1  0 -3 -5 -1  0  3  0 -3 -5  0 -3 -5  0  2 -1 -3 -2 -3   26   8   4   1   0   2   5  18   2   1   1   6   1   0   5  12   4   0   1   2  0.40 0.34
  316 R   -2  3  1  3 -5  0  4 -4  0 -4 -5  1 -4 -3 -4 -1 -2 -4  1 -6    4  15   7  16   0   3  27   1   2   1   1   9   0   1   1   4   3   0   5   0  0.66 0.46
  317 F   -3 -2 -5 -4 -4 -3 -2 -6 -4  4  2 -1  1  3 -2 -4 -2  3  2  2    2   2   0   1   0   1   3   0   0  25  15   4   3  13   2   1   2   4   6  16  0.63 0.39
  318 L   -3 -7  0 -8 -3 -5 -6 -7 -8  4  1 -6 -3 -3 -8 -3 -3 -8 -4  6    2   0   4   0   1   0   0   0   0  21  15   0   1   1   0   2   2   0   1  50  1.37 0.72
  319 S    1  2  2  0 -2  1  4 -2 -1 -1 -3  1 -4 -5 -4 -1 -1 -3 -5 -2   10   9   9   5   1   7  25   3   1   4   2   9   0   0   1   5   4   0   0   4  0.40 0.34
  320 V   -1  1  0  3 -4  2  3 -1  2 -4 -3  2 -3 -6 -3 -1 -1 -6 -5 -3    6   7   3  17   0   7  20   5   5   1   2  14   1   0   1   4   4   0   0   2  0.48 0.36
  321 R    1 -1  2  0 -3  0  1  1  4 -4 -3 -2 -2  0 -2  0 -1 -1  4 -4   11   4   9   5   1   3   9  11   9   1   3   2   1   3   2   8   4   1  13   0  0.31 0.27
  322 S   -1  1  3  2 -3  2  1  3  1 -3 -4  1 -3 -5 -4 -2 -3 -6 -4 -1    5   6  12  11   1   8  10  22   3   1   2  10   1   0   1   2   1   0   0   4  0.42 0.32
  323 I    1 -4  1 -2  6 -3 -5 -3 -4  2  0 -4 -1  0 -3 -1  2 -6 -3  1   14   1   6   2  16   1   0   2   0  13   9   1   1   4   1   5  12   0   1  10  0.49 0.34
  324 G   -3 -5 -4 -7 -8 -6 -8  8 -8 -9 -6 -7 -8 -6 -8 -4 -5 -8 -6 -6    2   1   1   0   0   0   0  90   0   0   1   0   0   0   0   1   1   0   0   1  2.63 1.20
  325 L   -3 -3 -6 -6 -1 -6 -2 -6 -3  4  3 -3 -1  3 -7 -4 -3  4  3  2    2   2   0   0   1   0   3   0   1  19  28   2   1  11   0   1   2   6   8  13  0.75 0.44
  326 V    0 -5 -3 -5  2 -4 -2 -3 -1  1  2 -5 -2 -1 -4  1  2 -3  0  4    9   0   1   0   4   1   2   2   2   6  17   0   0   3   1  10  11   0   3  28  0.46 0.35
  327 L   -1 -5 -7 -7  3 -6 -5 -6 -4  3  0 -4 -3  3 -6 -2 -1 -6  0  5    4   1   0   0   5   0   1   0   0  15  10   1   0  11   0   4   4   0   3  40  0.95 0.54
  328 E   -1  0  1  4 -3 -1  2 -3 -2 -5 -5  0 -4 -5  5 -1 -1 -4 -6 -5    6   5   6  20   1   3  13   2   1   1   1   5   0   0  27   5   4   0   0   1  0.75 0.51
  329 G    1 -3  0  0 -2 -1  1 -2  0 -4 -5 -2 -3 -2  6  0 -3 -3  0 -3   11   1   4   6   1   2   9   4   3   1   1   3   1   2  36   7   2   0   4   2  0.72 0.49
  330 A    0 -1  2  1 -3  0  2  3  1 -4 -2 -2 -3  0  0  0 -2 -4  1 -3    7   4   9   9   1   3  15  19   3   1   4   2   1   4   4   7   2   0   6   2  0.26 0.24
  331 D   -4 -3  4  6 -4 -3 -1 -5 -4 -6 -6 -2 -6 -7 -4  2  1 -4 -6 -7    1   1  16  47   0   1   4   1   0   0   1   2   0   0   1  13   8   0   0   0  1.36 0.78
  332 V    2 -4 -4 -2 -4 -4  0 -4 -3  0 -2 -2 -4 -5  6  0 -2 -2 -1  2   15   1   1   2   0   0   7   1   1   5   4   3   0   0  34   7   3   1   2  12  0.75 0.53
  333 E    1 -1  0  4 -4  2  4 -2 -3 -4 -3  1 -5 -6 -3 -1 -1 -7 -5 -2   11   4   3  19   0   8  28   3   0   1   3   8   0   0   1   4   3   0   0   3  0.60 0.45
  334 S    4 -2 -2  2 -4  0  2 -1 -1 -5 -4 -1 -2 -3 -5  2 -2 -4 -6 -5   33   2   2  13   0   5  15   4   1   1   1   4   1   1   0  13   3   0   0   1  0.62 0.48
  335 L   -3 -7 -8 -8 -3 -5 -7 -4 -7  4  5 -6  2  2 -6 -6 -5 -1  0  0    2   0   0   0   1   0   0   1   0  21  50   0   4   8   0   0   1   1   3   7  1.22 0.65
  336 A    5  1 -2 -3 -1 -2  1 -1 -3 -1 -3  0 -3 -4 -3 -1 -1 -7 -2  1   43   7   2   1   1   1   9   4   1   4   2   5   0   1   2   4   3   0   1   8  0.56 0.44
  337 T    2  1  1  3 -2  1  3 -2 -1 -4 -4  1 -3 -5 -4  0 -1 -6 -5 -3   15   8   7  15   1   7  18   3   2   1   2  10   1   0   1   6   4   0   0   1  0.42 0.34
  338 V    5 -1 -2 -5  0 -2 -4 -1 -4  0  0  0 -2  0 -5 -2 -1 -2 -1  0   44   3   2   0   2   2   1   4   0   6  10   6   1   4   0   2   4   1   3   6  0.57 0.43
  339 L   -4 -6 -8 -8 -3 -7 -6 -8 -5  5  4 -6  4  1 -8 -6 -6 -7 -2  2    1   0   0   0   1   0   0   0   0  31  39   0   8   5   0   1   0   0   1  12  1.32 0.68
  340 G   -1  3  2  0 -2  2  1 -1 -2 -1  0  1  0 -3 -4  0  0 -5 -2 -2    6  15  10   5   1   9  10   4   1   4  10   7   2   1   0   6   5   0   1   3  0.20 0.20
  341 P    0  3  0  0 -3  2  2 -2  0 -3 -2  2 -1 -3 -3  1  0  0 -1 -4    8  15   4   5   0   8  13   3   2   1   4  12   2   1   1  10   6   2   2   1  0.29 0.27
  342 L   -2 -6 -6 -7 -3 -6 -5 -7 -7  3  5 -6  4  1 -5 -5 -4 -4 -2 -2    4   0   0   0   0   0   1   0   0  14  59   0   8   5   1   1   1   0   1   2  1.33 0.69
  343 T    0  0  2  3 -2 -1  0 -3 -1 -1 -1  1 -1 -3 -3  0  2  1 -1 -1    7   4  10  19   1   2   5   1   1   3   7   8   2   1   1   8  11   2   3   4  0.23 0.22
  344 P    0 -1  2  2 -5  0  2 -2  1 -3 -2  0 -3 -4  3  0 -2 -2 -3 -2   10   3  11  10   0   4  16   2   3   1   4   6   1   1  17   6   2   1   1   3  0.37 0.31
  345 N   -1 -2  2  4 -5  1  3 -1  2 -4 -4 -1  0 -4  0 -1 -2 -4 -3 -3    6   2  10  24   0   7  17   4   5   1   2   4   3   1   4   5   2   0   1   2  0.50 0.37
  346 C   -1  3 -1  2 -2  1  2 -2 -2 -3 -1  1 -3 -3  1  0  0 -2 -2 -2    5  19   2  12   1   6  11   3   1   1   8   8   0   1   7   7   4   1   1   2  0.27 0.24
  347 Y    0  0 -2  0 -3  0  0 -3 -2  1  0 -1 -1  2 -2 -2 -2  1  5  1    8   5   2   5   0   4   6   2   1   9   8   3   1   7   2   3   2   1  22   8  0.29 0.24
  348 A    2  2  1 -1 -4  1  1 -1 -1 -2  0  1 -1 -3  1 -1 -1 -2 -2 -3   17  11   8   3   0   5  10   4   1   2  11  10   2   1   6   3   3   0   1   1  0.20 0.21
  349 D    2  2 -1  1 -4  2  3 -2 -1 -4 -2  1 -1 -4 -3  0 -1 -1 -1 -3   17  11   3   7   0   8  22   3   2   1   4   8   2   0   1   5   3   1   2   1  0.36 0.32
  350 A    2  0  0 -3  0  0  0 -3 -2 -1  2  1  4 -2 -4 -1 -2  1  0 -1   15   5   5   1   2   5   6   1   1   3  20   9  12   2   0   4   2   2   3   4  0.25 0.25
  351 A    0  4 -1 -4  0  1 -1  1 -1 -2 -1  3  0 -1 -4  0 -2 -2 -2 -2    9  23   2   0   2   5   4   9   2   3   6  16   3   3   0   5   2   1   2   2  0.32 0.28
  352 E    2  1  0  0 -4  2  3  0 -1 -4 -1  1  1 -2 -3 -2 -2 -3 -2 -4   15   9   4   4   0   8  22   8   1   1   6   9   4   1   1   3   2   0   1   0  0.33 0.30
  353 R    2  5  1 -4 -4  1  1  1 -1 -5 -4  1 -4 -5 -4  0 -2 -7 -5 -5   14  31   7   0   0   6   9  10   1   1   1   7   0   0   0   8   2   0   0   1  0.67 0.47
  354 I    1  0  0 -3  3 -1 -1 -1 -2  2  2  0  1 -1 -3 -1 -1 -2 -2  1   13   4   4   1   6   2   3   4   1  13  18   5   4   2   1   3   2   0   1  11  0.17 0.16
  355 S    2  2  1 -1 -4  0  0  1  0 -4  0  1 -2 -4 -3  0 -2 -5  0 -3   20  13   6   3   0   3   7  13   2   1  11   8   1   1   1   5   1   0   3   1  0.25 0.25
  356 R    4  2  0 -2 -4  1  1 -2 -2 -3 -2  1 -3 -1 -4 -1 -2 -6 -4  0   35   9   5   2   0   7   9   3   1   1   4  10   1   2   0   4   2   0   1   6  0.44 0.37
  357 C    1  3 -1 -3  0  1  0 -3 -1  2  1  0  0 -2 -4 -1 -1 -3 -1  1   14  16   3   1   2   6   5   1   2  11  13   5   2   2   0   4   2   0   2   9  0.20 0.20
  358 N    2  1  2  1 -3  0  1  0  1 -3 -3  0 -4  0  1  0 -2 -1  2 -2   17   7   9   8   0   3   8   8   3   1   2   5   0   5   6   5   2   1   8   2  0.18 0.20
  359 P   -2  5  1  0 -2  0  1 -2  0 -2 -2  1 -3 -5  1 -1 -2 -2 -3 -3    4  35   5   4   1   4   9   3   2   2   4   8   1   0   6   5   3   1   1   2  0.55 0.40
  360 G    0  3  1 -1 -4  2  0 -3  2 -3 -1  2 -4  0 -2 -1 -1  0  4 -4    8  15   6   3   0   8   6   1   4   1   6  11   0   4   2   5   3   1  14   1  0.32 0.28
  361 S    0  0  1  1 -2  1  2 -3  0 -4 -1  0 -2 -3 -4  2  2 -2 -2 -2    7   4   7   6   1   6  14   2   2   0   6   5   1   1   0  17  14   1   1   3  0.27 0.28
  362 W   -4 -2 -6 -5 -7 -3  0 -7 -4 -1 -2 -3 -4  5 -5 -6 -4 10  4 -4    1   2   0   1   0   1   6   0   0   3   4   2   0  21   1   1   1  39  13   1  2.05 0.96
  363 V    0 -1  0  1  1  0  3 -3 -2  0  0 -1  1 -2 -3  1  1 -3 -2  1    7   2   3   7   3   3  18   1   1   4  10   2   4   1   1  10   7   0   1  13  0.17 0.19
  364 F    1  0  0 -1 -3  0  1 -3  0 -1  0 -1  0  2 -3  0  1  4  1 -1   13   6   4   3   0   4   8   1   2   4   7   4   2  11   0   6  10   7   4   3  0.15 0.17
  365 D   -2  1  2  4 -4  1  3 -2 -2 -3 -5 -1 -1 -6 -3 -1  1  0 -3 -2    3   8   8  25   0   5  22   3   1   1   0   4   2   0   1   3   9   1   1   2  0.59 0.42
  366 R    2  4  0 -2 -3  0  0 -2  0 -3 -2  2  1 -3 -1 -1 -2 -1 -1  0   19  22   4   1   0   4   7   2   2   1   3  11   4   1   3   5   2   1   3   6  0.33 0.29
  367 T    1  1  0  1 -5  2  3 -2  2 -3 -4  0 -3 -1 -3  2  0 -5  0 -3   10   7   3   8   0   9  19   3   5   2   1   5   0   3   1  15   5   0   4   1  0.32 0.29
  368 D   -2  3  1  4 -5  1  2 -3 -1 -2 -3  1 -3 -3 -2  0 -1 -2 -3 -1    2  14   7  24   0   5  14   2   2   2   2   7   0   1   2   6   4   1   1   5  0.44 0.31
  369 C   -2 -2 -3 -4  5 -2 -2 -3 -1  1  3 -4  2  0 -3 -2 -2  2  2  1    3   3   1   1  11   1   3   2   1   8  30   1   6   2   1   2   2   3   9  11  0.46 0.30
  370 E    1  3 -1 -1 -3  1  1 -2 -1 -1  1  1 -2 -1 -1 -1 -2 -4 -2 -1   11  21   2   4   1   5   8   2   1   4  13  10   0   2   2   4   2   0   1   5  0.20 0.20
  371 A    3  2 -2  2 -4  1  0 -1 -1 -2 -2  1 -1 -3 -3  0 -1 -2 -2 -1   26  12   1  10   0   8   7   4   1   2   4   8   2   1   1   4   4   0   1   4  0.27 0.26
  372 L   -1 -3 -3 -4 -3 -3 -4 -4 -6  2  5 -5  0  2 -6 -1 -3 -2 -2  1    6   2   1   1   0   1   1   1   0  11  51   0   2   8   0   4   1   1   1   8  0.79 0.47
  373 V    0 -4 -6 -6 -2 -5 -3 -6 -4  2  2 -5  2  1 -6 -3 -1 -1  5  3   10   1   0   0   1   0   1   0   0   9  18   0   6   4   0   2   4   1  22  22  0.73 0.46
  374 R    1  1  0  2 -6  3  5 -2  0 -6 -5 -1 -5 -6 -4  0 -2 -6 -5 -5   11   8   4  12   0  11  35   3   2   0   1   4   0   0   1   6   2   0   0   0  0.73 0.50
  375 Q    0  5 -1  0 -5  1  1 -2 -1 -3 -4  3 -4 -4 -4  1 -1 -3 -5 -3    8  31   3   4   0   6   7   3   1   2   1  16   0   0   1  11   4   0   0   1  0.57 0.41
  376 L   -3 -5 -7 -5 -5 -6 -4 -7 -4  3  5 -5 -2 -3 -7 -6 -4 -5  2  1    2   0   0   1   0   0   1   0   0  15  63   0   0   0   0   0   1   0   6  10  1.31 0.67
  377 A    2  3 -1 -2 -2 -2  2 -2 -3 -2 -1  0 -3 -3 -3  1 -1 -5 -1 -1   23  20   3   1   1   1  15   2   0   1   6   5   0   1   1  11   3   0   2   4  0.34 0.31
  378 T    2  3  2  0 -2  0  1  0 -3 -4 -4  0 -4 -5 -2  2  1 -5 -4 -2   19  15   9   4   1   4   9   6   0   0   0   6   0   0   1  13  11   0   0   2  0.35 0.30
  379 L   -1 -1 -3 -3 -4 -3 -2 -3 -5  2  4 -2  0 -2 -3 -3 -1  0 -3  2    5   4   1   1   0   1   3   2   0  13  49   2   1   1   1   1   3   1   0  11  0.58 0.36
  380 T    2 -1 -1 -2 -1 -1 -1 -1 -1  0  1 -1  1  0  0  0  2 -3 -1  1   22   3   3   2   1   2   2   4   2   3  18   2   3   3   3   3  14   0   2   9  0.11 0.15
  381 L    2  3 -1  0 -1  0  1 -2  1 -2 -1  2 -1 -4  0 -1 -1 -4 -2  0   23  16   2   4   2   2  10   2   3   2   4  13   1   0   5   1   3   0   1   7  0.21 0.20
  382 Q    2 -1  0  1 -2  1  2  0 -1 -3 -2  0 -1 -3  1  2  0 -4 -3 -2   16   3   4   7   1   6  12   6   1   1   3   4   2   1   6  21   6   0   0   1  0.22 0.20
  383 A    4  0 -1 -2 -3 -2 -2 -1 -4 -1 -1 -3 -3 -4  1  1  1 -5 -4  2   37   4   3   2   0   1   1   3   0   1   4   0   0   0   7   9   7   0   0  19  0.40 0.32
  384 P    1  2 -3 -1 -5 -1  2 -3 -1 -5 -4 -1 -2 -2  6 -1 -1 -5 -2 -4   14  11   0   4   0   2  13   1   1   0   0   3   1   2  38   4   4   0   2   0  0.80 0.39
  385 Q    2  0 -2  1 -3  3  1  2  0 -4 -4  0 -1 -4  2  0  1 -4 -3 -3   19   4   0   7   0  16   8  14   2   0   0   5   2   0  10   5   8   0   0   0  0.33 0.23
  386 T    0  2 -1  2 -3 -1  1 -1  2 -3 -2  0 -2 -3  3  1  1 -4  0 -1    7  14   0  12   0   0   9   3   6   0   3   2   1   0  15   9  11   0   4   4  0.26 0.19
  387 V    2 -1 -1 -2 -2 -1  0 -1  0  0  1 -2  0 -1 -3  1 -1 -3  1  1   26   3   2   1   0   2   8   4   2   4  17   0   2   1   0   9   2   0   5  12  0.11 0.14
  388 P    0 -1 -3 -3 -4 -2  2  0 -1 -2 -3 -2 -3 -5  6  0  0 -5 -4 -2    7   3   0   0   0   0  16   7   2   2   2   0   0   0  47   5   5   0   0   3  0.94 0.37
  389 V    2  0 -2  0  0  0  1  0 -2  0 -1 -1 -1 -1 -1  0 -1 -3 -2  2   26   5   0   6   3   3  11   8   0   6   5   0   0   3   2   3   2   0   0  18  0.11 0.13
  390 V    2  0  0 -1 -2  1  2 -1 -2  0 -1 -1 -1 -1  0  1  0 -3 -2  0   23   5   3   1   0   7  14   4   0   6   6   0   0   3   3  12   5   0   0   8  0.12 0.12
  391 A    5 -3 -3  0 -2 -2 -2 -1  0 -3 -3 -2 -3 -4  0  1  1 -4 -3 -1   66   0   0   6   0   0   0   3   3   0   0   0   0   0   5   7   7   0   0   3  0.71 0.34
  392 M   -1 -2 -2 -1 -2  0 -2 -1 -3  0  2 -2  1  0  2  0  2 -3 -2  0    4   0   0   5   0   4   0   4   0   3  32   0   2   5  13   4  18   0   0   4  0.21 0.13
  393 A    3 -1 -3 -3 -3 -2 -2  2 -3 -2 -2 -2 -2 -4  4  0 -2 -4 -3  0   38   5   0   0   0   0   0  17   0   0   4   0   0   0  26   2   0   0   0   8  0.58 0.21
  394 G    1  0 -1 -1 -3  2  2  4  2 -3 -3 -1 -2 -4  1 -1 -2 -3 -3 -1   10   5   0   0   0  12  15  41   6   0   0   0   0   0   6   0   0   0   0   6  0.44 0.16
  395 S    2 -2 -1 -2 -2  1  1 -2  2 -1  1 -1 -1 -2  1  0  1 -3 -2  0   23   0   0   0   0   7  12   0   7   0  20   0   0   0   6   7  13   0   0   7  0.14 0.09
  396 S    0  4 -1 -1 -3  0  2 -3  4 -2 -3  1 -2 -3  1  0 -1 -3 -1 -1    8  33   0   0   0   0  16   0  17   0   0   7   0   0   7   5   0   0   0   8  0.37 0.12
  397 H   -2  4 -1 -2 -4  2  1  0  7 -4 -4  0 -2 -3 -3 -1 -2 -3 -1 -4    0  34   0   0   0   8   8   8  41   0   0   0   0   0   0   0   0   0   0   0  0.75 0.17
  398 K    0  2  4  2 -3  0  0 -1 -1 -3 -3  1 -2 -3  2  1 -1 -4 -3 -3   12  13  37  11   0   0   0   0   0   0   0   6   0   0  11  10   0   0   0   0  0.40 0.07
  399 E   -1  4 -1  0 -4  3  4 -3 -1 -4 -3  2 -2 -4 -2 -1 -1 -3 -2 -3    0  29   0   0   0  13  47   0   0   0   0  11   0   0   0   0   0   0   0   0  0.62 0.09
  400 G    0 -2  0 -1 -2 -1 -2  5 -2 -4 -4 -1 -3 -3 -2  3  0 -3 -3 -3    0   0   0   0   0   0   0  59   0   0   0   0   0   0   0  41   0   0   0   0  0.71 0.08
  401 G    0 -3  0  2 -3 -2 -1  6 -2 -4 -4 -2 -3 -4 -2 -1 -2 -3 -4 -4    0   0   0  19   0   0   0  81   0   0   0   0   0   0   0   0   0   0   0   0  0.94 0.07
  402 F    1 -2 -3 -3 -1 -2 -3 -2 -3  2  2 -2  1  2 -3 -1 -1 -2  0  1   23   0   0   0   0   0   0   0   0  23  38   0   0  16   0   0   0   0   0   0  0.22 0.02
  403 L   -1 -3 -4 -4 -1 -2 -3 -4 -3  2  4 -3  2  0 -3 -2 -1 -2 -1  2    0   0   0   0   0   0   0   0   0   0  73   0   0   0   0   0   0   0   0  27  0.40 0.02

                      K         Lambda
Standard Ungapped    0.1398     0.3239
Standard Gapped      0.0444     0.2670
PSI Ungapped         0.1452     0.3128
PSI Gapped           0.0444     0.2670
