
Last position-specific scoring matrix computed, weighted observed percentages rounded down, information per position, and relative weight of gapless real matches to pseudocounts
           A  R  N  D  C  Q  E  G  H  I  L  K  M  F  P  S  T  W  Y  V   A   R   N   D   C   Q   E   G   H   I   L   K   M   F   P   S   T   W   Y   V
    1 M   -5 -6 -7 -7 -6 -5 -6 -7 -6  3 -2 -6 10  0 -7 -6 -5 -6 -5 -3    0   0   0   0   0   0   0   0   0  12   0   0  84   4   0   0   0   0   0   0  2.93 0.88
    2 E   -5 -4 -1  4 -7 -2  7 -6 -4 -7 -7 -2 -6 -7 -5 -4 -5 -7 -6 -6    0   0   3  21   0   0  75   0   0   0   0   1   0   0   0   0   0   0   0   0  1.95 0.68
    3 F   -5 -6 -7 -7 -5 -6 -6 -7 -4  0  6 -6  0  2 -6 -6 -3 -5 -4 -2    0   0   0   0   0   0   0   0   0   4  86   0   1   7   0   0   1   0   0   1  1.66 0.58
    4 R   -5  8 -3 -6 -7 -2 -4 -6 -1 -7 -6  0 -5 -7 -6 -2 -5 -7 -4 -7    0  92   1   0   0   1   0   0   1   0   0   2   0   0   0   2   0   0   0   0  2.52 0.80
    5 Q   -3 -1 -4 -4 -7  5 -3 -6 10 -7 -2 -3 -5 -5 -6 -4 -4 -6 -2 -6    2   2   0   1   0  28   0   0  61   0   5   1   0   0   0   0   0   0   1   0  2.27 0.74
    6 L   -5 -6 -7 -7 -5 -6 -6 -7 -6  1  6 -6  2 -1 -6 -6 -5 -1 -4 -2    0   0   0   0   0   0   0   0   0   5  88   0   4   1   0   0   0   1   0   1  1.74 0.60
    7 R   -4  8 -3 -5 -7  1 -2 -6  0 -6 -5  1 -5 -7 -6 -3 -3 -6 -5 -6    1  82   1   0   0   5   2   0   2   0   0   5   0   0   0   1   1   0   0   0  2.09 0.70
    8 Y   -3 -6 -6 -7  3 -3 -5 -6  1 -6 -5 -6 -5 -1 -7 -3 -6 -2 10 -5    2   0   0   0   5   1   0   0   2   0   0   0   0   0   0   2   0   0  86   0  2.82 0.86
    9 F   -7 -7 -7 -8 -7 -8 -8 -8 -6 -4 -4 -8 -4 10 -8 -7 -7 -3  0 -5    0   0   0   0   0   0   0   0   0   0   0   0   0  99   0   0   0   0   1   0  3.25 0.91
   10 V   -2 -2 -4 -5 -2  0 -4 -6 -4  4  2 -3  0 -3 -5 -4 -1 -5 -4  5    3   3   1   0   1   5   0   0   0  22  15   1   1   0   0   0   3   0   0  46  0.81 0.36
   11 A    6 -5 -5 -5 -1 -4 -4 -4 -5 -2 -4 -4 -1 -5 -4 -2  2 -6 -5  1   74   0   0   0   1   0   0   0   0   1   0   0   1   0   0   0  13   0   0   9  1.38 0.58
   12 A   -2 -6 -7 -7 -3 -6 -6 -7 -7  0  1 -6 -3 -4 -6 -5 -2 -6 -5  7    2   0   0   0   0   0   0   0   0   2  12   0   0   0   0   0   1   0   0  82  1.75 0.62
   13 A    7 -5 -5 -6 -4 -5 -5 -2 -6 -5 -5 -5 -5 -6 -5 -3 -4 -7 -6 -2   96   0   0   0   0   0   0   1   0   0   0   0   0   0   0   0   0   0   0   2  2.11 0.75
   14 E   -2  0 -2  0 -7  0  7 -5 -4 -7 -7 -2 -6 -7 -5 -3 -3 -7 -6 -6    3   4   1   3   0   3  83   0   0   0   0   0   0   0   0   1   1   0   0   0  1.92 0.69
   15 E   -2 -4 -4 -2 -7 -2  8 -6 -4 -7 -7 -3 -6 -7 -5 -3  1 -7 -6 -5    3   0   0   0   0   1  88   0   0   0   0   0   0   0   0   0   8   0   0   0  2.11 0.75
   16 G   -3  3 -5 -5 -2  0 -3  0 -5 -2  5 -2  1 -3 -5 -3 -4 -5 -4 -3    1  16   0   0   1   4   1   7   0   0  64   2   3   0   0   1   0   0   0   0  0.93 0.43
   17 N   -5 -4  6 -4 -7 -4 -4 -4  9 -7 -7 -4 -6 -6 -6  1 -5 -7 -3 -7    0   0  34   0   0   0   0   1  56   0   0   0   0   0   0  10   0   0   0   0  2.34 0.75
   18 V   -6 -7 -7 -8 -6 -7 -7 -7 -5 -1 -2 -7 -4  9 -8 -7 -6 -3 -1 -2    0   0   0   0   0   0   0   0   0   4   2   0   0  92   0   0   0   0   0   3  2.83 0.82
   19 G   -3 -1  0 -4 -5 -4 -4  5 -3 -5 -6 -4 -5 -6 -5  1  4 -6 -5 -5    0   4   3   0   0   0   0  49   0   0   0   0   0   0   0  12  31   0   0   0  1.22 0.50
   20 A   -3  8 -4 -6 -4 -2 -4 -5 -3 -7 -6  1 -5 -7 -6 -5 -5 -7 -6 -6    2  89   0   0   0   1   0   1   0   0   0   7   0   0   0   0   0   0   0   0  2.41 0.77
   21 A    7 -5 -6 -6 -4 -5 -5 -4 -6 -5 -6 -5 -5 -6 -5 -3 -4 -7 -6 -4  100   0   0   0   0   0   0   0   0   0   0   0   0   0   0   0   0   0   0   0  2.28 0.79
   22 A    7 -5 -5 -6 -4 -5 -5 -4 -6 -5 -5 -5 -5 -6 -5 -1 -4 -7 -6 -4   97   0   0   0   0   0   0   0   0   0   0   0   0   0   0   3   0   0   0   0  2.15 0.76
   23 R    2  1 -3 -2 -5  2  5 -4 -2 -4 -2  0 -3 -5 -4 -2 -1 -5 -4 -2   20   8   0   1   0  10  46   1   0   1   4   4   0   0   0   0   3   0   0   2  0.79 0.40
   24 R   -4  8 -4 -5 -7  0 -4 -6 -4 -3 -2  1 -3 -6 -6 -4 -3 -6 -5 -4    1  80   0   0   0   4   0   0   0   2   4   6   0   0   0   0   2   0   0   1  1.93 0.67
   25 L   -5 -6 -7 -7 -3 -6 -7 -7 -7 -1  7 -6  0 -3 -7 -6 -5 -5 -5 -1    0   0   0   0   1   0   0   0   0   1  95   0   1   0   0   0   0   0   0   3  1.94 0.66
   26 H   -2 -1  3 -4 -5  0 -4  2  9 -6 -6 -3 -3 -1 -5 -1 -4 -6 -1 -6    2   3  16   0   0   5   0  17  49   0   0   0   1   3   0   3   0   0   1   0  1.51 0.55
   27 I   -5 -6 -7 -7 -5 -5 -6 -7 -6  7 -1 -6  7 -4 -6 -6 -4 -6 -5  1    0   0   0   0   0   0   0   0   0  59   3   0  32   0   0   0   0   0   0   6  1.93 0.65
   28 S    5 -3 -3 -4 -2 -2 -3  1 -4 -4 -5 -3 -3 -5 -4  3  3 -5 -5 -2   44   1   0   0   0   1   1   9   0   0   0   0   0   0   0  24  18   0   0   2  0.87 0.43
   29 Q   -5 -3 -4 -5 -8  9 -2 -6 -4 -7 -7 -3 -5 -8 -6 -5 -5 -7 -6 -7    0   0   0   0   0 100   0   0   0   0   0   0   0   0   0   0   0   0   0   0  3.12 1.00
   30 P   -4 -6 -6 -6 -7 -2 -5 -7 -7 -7 -7 -5 -7 -8  9 -4 -5 -8 -7 -7    1   0   0   0   0   2   0   0   0   0   0   0   0   0  96   1   0   0   0   0  3.24 0.93
   31 P    0 -6 -6 -6 -7 -5 -5 -6 -6 -7 -7 -5 -7 -8  9 -3 -4 -8 -7 -6    7   0   0   0   0   0   0   0   0   0   0   0   0   0  91   2   1   0   0   0  2.97 0.87
   32 V   -5 -6 -7 -8 -5 -6 -7 -8 -7 -2  7 -6 -2 -3 -7 -6 -5 -5 -5 -2    0   0   0   0   0   0   0   0   0   0  98   0   0   0   0   0   0   0   0   1  2.07 0.69
   33 T   -3 -5 -3 -4 -5 -4 -4 -4 -5 -6 -7 -4 -6 -7 -5  7  1 -7 -6 -6    0   0   0   0   0   0   0   0   0   0   0   0   0   0   0  94   6   0   0   0  2.17 0.81
   34 R   -3  5 -2 -4 -6  7 -2 -5 -2 -5 -3  0  0 -4 -5 -2 -3 -6 -5 -5    1  35   1   0   0  50   0   0   0   1   2   3   2   1   0   2   1   0   0   0  1.54 0.61
   35 Q   -1 -2 -3 -4 -7  9 -2 -5 -2 -7 -5 -2 -3 -7 -5 -2 -3 -6 -6 -6    4   1   1   0   0  86   1   1   1   0   1   0   0   0   0   2   2   0   0   0  2.33 0.82
   36 I   -5 -7 -7 -7 -5 -7 -7 -8 -7  8 -2 -7 -2 -4 -7 -6 -4 -7 -5  0    0   0   0   0   0   0   0   0   0  96   1   0   1   0   0   0   0   0   0   2  2.49 0.76
   37 H   -2  5 -4 -4 -6  7 -2 -4  1 -6 -5  2 -2 -6 -5 -3 -4 -6 -5 -6    3  35   0   0   0  45   0   1   3   0   1  11   1   0   0   1   0   0   0   0  1.48 0.59
   38 A    3  0  0  0 -4  6 -1 -3 -2 -1 -1  0 -1 -5 -4  0 -2 -5 -4 -2   23   4   4   4   0  40   1   1   1   3   5   3   1   0   0   4   1   0   0   3  0.65 0.37
   39 L   -5 -6 -7 -7 -5 -6 -7 -7 -7 -1  7 -6 -1 -1 -7 -6 -5 -5 -5 -2    0   0   0   0   0   0   0   0   0   2  95   0   1   2   0   0   0   0   0   0  1.96 0.66
   40 E   -5 -4 -4 -3 -8 -2  8 -6 -4 -8 -7 -3 -6 -8 -5 -4 -5 -7 -6 -7    0   0   0   0   0   0 100   0   0   0   0   0   0   0   0   0   0   0   0   0  2.68 0.88
   41 Q    0  2 -1  3 -5  3  4 -3  0 -4 -5  1 -4 -5 -4 -1 -1 -5 -4 -4   10  11   3  14   0  13  34   1   2   1   0   6   0   0   0   3   3   0   0   1  0.65 0.33
   42 H   -2 -1 -2  0 -6  2  7 -5  0 -2 -3 -2 -1 -6 -5 -2 -3 -6 -5 -5    3   2   1   4   0   7  70   0   2   2   3   1   2   0   0   2   1   0   0   0  1.36 0.55
   43 L   -4 -5 -6 -7 -4 -5 -6 -7 -6  3  5 -6  1 -2 -6 -5 -3 -5 -4  2    0   0   0   0   0   0   0   0   0  16  67   0   2   1   0   0   1   0   0  13  1.30 0.48
   44 G   -3 -5 -4 -1 -4 -4 -4  7 -5 -8 -8 -5 -7 -7 -5 -3 -5 -6 -7 -7    0   0   0   4   0   0   1  93   0   0   0   0   0   0   1   1   0   0   0   0  2.30 0.71
   45 V    3 -5 -5 -5 -4 -4 -5 -4 -3  0 -1 -4 -2  0 -5 -2  2 -5 -3  5   24   0   0   0   0   0   0   0   1   3   3   0   1   3   0   1  12   0   0  52  0.91 0.43
   46 L    0  3 -3 -2 -3  4  1 -4 -3 -3 -1  0  0 -4  2 -1  1 -5 -4 -1    8  18   0   1   0  21  10   0   0   1   6   3   2   0  12   3  10   0   0   5  0.42 0.27
   47 L   -5 -6 -7 -8 -5 -6 -7 -8 -7 -2  7 -6 -2 -3 -7 -6 -5 -5 -5 -2    0   0   0   0   0   0   0   0   0   0 100   0   0   0   0   0   0   0   0   0  2.12 0.71
   48 F   -5 -6 -7 -7 -5 -6 -7 -7 -5  1  3 -6 -2  8 -7 -6 -5 -3 -1 -1    0   0   0   0   0   0   0   0   0   6  28   0   0  62   0   0   0   0   0   4  1.79 0.59
   49 E    0  1  0  3 -4  0  4 -4  3 -2 -1  0 -3 -4 -3 -1 -1 -5 -3  0    9   6   3  16   0   3  30   0   9   3   5   4   0   0   0   2   3   0   0   7  0.42 0.25
   50 R   -6  9 -5 -6 -8 -3 -4 -7 -4 -7 -7 -2 -6 -7 -6 -5 -5 -7 -6 -7    0 100   0   0   0   0   0   0   0   0   0   0   0   0   0   0   0   0   0   0  2.94 0.89
   51 S   -1 -3  3 -1 -4 -3 -2  1 -3 -3 -2 -3 -3 -5 -3  2  5 -5 -5 -1    3   0  13   2   0   1   1   9   0   0   4   1   0   0   1  16  46   0   0   3  0.78 0.41
   52 A    0  1  3 -2 -4  0 -2 -1  0 -4 -4  3 -3 -4  2  2  2 -5 -4 -3    7   9  16   0   0   2   1   3   2   0   0  17   0   0  10  18  13   0   0   0  0.45 0.26
   53 R   -5  8 -4 -5 -7 -2 -4 -5  2 -7 -6  0 -5 -7 -6 -3 -4 -7 -4 -6    0  87   0   0   0   1   0   1   4   0   0   4   0   0   0   1   1   0   0   0  2.34 0.76
   54 G   -1  2  0 -3 -4  0 -2  3  1 -4 -5  0 -2 -4  4  2 -1 -3 -4 -3    2  15   4   0   0   4   1  20   3   1   0   4   1   1  20  19   4   0   0   1  0.54 0.29
   55 V   -1 -6 -6 -6 -4 -5 -6 -6 -6  1  2 -5  1 -3 -6 -5 -3 -6 -4  6    5   0   0   0   0   0   0   0   0   5  19   0   2   0   0   0   1   0   0  66  1.30 0.51
   56 Q    1  3 -2 -1 -5  2  4 -3 -2 -5 -4  1 -2 -5 -4  0 -1 -3 -4 -2   13  20   1   3   0  10  31   1   0   0   0   6   1   0   0   7   3   0   0   3  0.60 0.32
   57 L   -4 -5 -7 -7 -5 -6 -7 -7 -7 -1  7 -6  0 -3 -7 -6 -3 -5 -5 -2    0   0   0   0   0   0   0   0   0   1  96   0   1   0   0   0   1   0   0   0  1.96 0.67
   58 T   -4 -5 -3 -5 -5 -5 -5 -6 -6 -5 -5 -5 -5 -6 -5 -1  8 -7 -6 -4    0   0   1   0   0   0   0   0   0   0   0   0   0   0   0   4  95   0   0   0  2.45 0.85
   59 P    2 -2 -3  2 -5  1  4 -3 -2 -4 -4 -2 -3 -5  4 -1 -2 -2 -5 -3   21   1   0  11   0   5  34   1   1   0   1   1   1   0  19   3   1   1   0   1  0.75 0.37
   60 A    7 -5 -5 -5 -4 -4 -3 -3 -5 -4 -4 -4 -4 -6 -1 -1 -2 -6 -5 -1   87   0   0   0   0   0   1   0   0   0   1   0   0   0   3   2   1   0   0   3  1.70 0.65
   61 G   -4 -6 -4 -5 -7 -6 -6  8 -6 -8 -8 -6 -7 -7 -6 -4 -6 -7 -7 -7    0   0   0   0   0   0   0 100   0   0   0   0   0   0   0   0   0   0   0   0  2.69 0.79
   62 A    1  5 -3 -2 -5  3  3 -4  1 -4 -4  2 -3 -5 -4 -2 -1 -5 -4 -3   12  36   0   1   0  15  16   0   3   0   1  10   0   0   0   2   3   0   0   1  0.79 0.38
   63 A    2 -1 -3 -2 -3  1 -2 -3 -2  0  1 -3  1  3 -4  0 -1 -3  0  2   21   2   0   2   0   7   2   0   1   4  15   0   3  13   0   6   2   0   3  18  0.24 0.19
   64 F   -6 -6 -7 -7 -6 -6 -7 -7 -5 -2  3 -7 -2  8 -7 -6 -5  1  2 -3    0   0   0   0   0   0   0   0   0   1  24   0   1  68   0   0   0   1   5   0  2.00 0.64
   65 L   -3 -3 -5 -6  0 -3 -5 -6  1 -2  6 -4 -1  0 -6 -5 -4 -4  4 -2    2   1   0   0   2   1   0   0   3   0  70   1   0   2   0   0   0   0  16   1  1.24 0.50
   66 E    1 -1 -2  2 -5  2  4 -1 -1 -2 -4  0 -3 -4  2 -1 -1 -5 -4 -1   11   2   1  12   0   7  34   3   1   3   1   5   0   0  10   2   3   0   0   4  0.48 0.27
   67 D   -3  1 -2  3 -1  4  5 -2  4 -6 -5 -2 -4 -6 -1 -3 -4 -6 -4 -5    1   7   0  15   1  17  40   3  11   0   0   1   0   0   2   0   0   0   0   1  0.96 0.43
   68 A    6 -5 -4 -5  0 -4 -4 -2 -5 -2 -4 -4 -4 -5 -4  1  1 -6 -5  2   63   0   0   0   2   0   0   1   0   1   0   0   0   0   0  10   7   0   0  17  1.09 0.49
   69 R   -3  6 -2 -4 -1  1 -1 -3 -3 -2 -1  1 -2 -4 -1 -3 -3 -1  0 -1    1  53   2   0   1   6   2   1   0   2   7   7   1   0   3   1   1   1   4   6  0.86 0.40
   70 R    0  4  0 -1 -5  5  0 -2 -1 -4 -2  1 -1 -5 -3 -1 -1 -5 -4 -2   10  25   5   3   0  26   5   3   1   0   5   7   1   0   0   3   3   0   0   2  0.53 0.30
   71 M   -1 -5 -5 -6 -4 -5 -5 -4 -5  5  2 -5  1 -2 -5 -4  0 -5 -4  3    6   0   0   0   0   0   0   1   0  42  19   0   3   0   0   1   5   0   0  22  0.91 0.37
   72 L   -5 -3 -5 -7 -5 -5 -6 -7 -4  1  6 -5  0  0 -4 -5 -2 -5 -4  0    0   1   0   0   0   0   0   0   0   5  81   0   2   3   1   0   2   0   0   3  1.42 0.53
   73 E    3  1 -1  2 -4  2  2  0  1 -3 -3 -1 -2 -4 -3  1 -1 -5 -4 -2   35   7   2  11   0   8  13   6   3   1   2   2   1   0   0   7   2   0   0   1  0.38 0.25
   74 L    0  3 -1  1 -3  5  0 -2  0 -3  0 -1  0 -4 -4 -1 -3 -5 -3 -3    7  17   2   8   0  34   5   2   2   1  12   1   2   0   0   5   1   0   0   1  0.55 0.33
   75 G    3 -4 -4 -5 -2 -4 -4 -3 -5  1  2 -4  1 -2 -4 -1  0 -5 -4  4   24   0   0   0   0   0   0   1   0   5  25   0   3   0   0   5   6   0   0  30  0.55 0.30
   76 R    0 -1  0  5 -6  1  5 -2 -2 -6 -5 -2 -5 -5 -4 -1 -3 -6 -5 -5    6   3   4  33   0   6  38   3   0   0   1   1   0   0   0   2   1   0   0   0  0.98 0.42
   77 T    0  3 -1  1 -5  4  2 -2  2 -3 -3  1 -3 -4 -3 -1 -1 -5 -3 -3    9  16   2   8   0  23  14   2   5   1   2   9   0   0   0   3   4   0   0   1  0.47 0.27
   78 S    6 -4 -4 -4 -3 -4 -4 -2 -5  0  1 -4  1 -4 -4 -1  0 -5 -4  0   63   0   0   0   0   0   0   2   0   5  12   0   4   0   0   3   6   0   0   5  0.92 0.44
   79 V    2  1 -3 -3  1 -1 -1 -1 -2  1  0  0 -1 -3  0  0  0 -4 -3  2   20   7   0   0   4   1   4   4   1   9   6   7   0   0   4   4   6   0   0  22  0.17 0.16
   80 D    1  1 -1  3 -4  1  3 -2  0 -3 -2  0 -2 -4  0 -1 -1 -3 -3 -2   13  10   2  20   0   6  23   1   3   1   5   3   0   0   4   4   3   0   0   2  0.36 0.22
   81 R    1  2  0 -1 -3  0  0 -1  0 -1  1  0  2 -3 -3 -1  1 -4 -3  0   15  15   4   2   0   4   6   4   2   1  13   4   8   0   0   3   9   0   0   8  0.14 0.14
   82 S    5 -4 -4 -5 -3 -4 -4 -2 -5 -3 -3 -4  0 -5 -4 -1  4 -6 -5  2   50   0   0   0   0   0   0   2   0   0   1   0   2   0   0   3  29   0   0  12  1.00 0.48
   83 R   -1  6 -3 -4 -6  5 -1 -4 -2 -6 -4  1 -3 -6 -4 -3 -4 -6 -5 -4    6  51   1   0   0  28   3   1   0   0   1   7   0   0   0   1   0   0   0   1  1.34 0.54
   84 A    0  7 -4 -4 -5  2 -1 -3 -1 -5 -2 -1 -2 -6 -5 -1 -3 -6 -5 -5    7  67   0   1   0   8   2   1   1   0   5   2   1   0   0   4   1   0   0   0  1.39 0.54
   85 A    4 -4 -4 -5 -3 -4 -4 -3 -4  3  1 -4 -1 -2 -4 -2  1 -5 -4  2   40   0   0   0   0   0   0   1   0  18  15   0   1   1   0   0   8   0   0  15  0.64 0.34
   86 S    4 -2 -1 -1 -4  1 -1  4  3 -4 -5 -3 -4 -5 -3  1 -3 -5 -3 -3   35   1   2   2   0   6   4  30   8   0   0   0   0   0   0   9   0   0   1   1  0.70 0.35
   87 R    0  6 -2 -2 -5  3 -1 -3  1 -4  0  1 -2 -5 -4 -1 -2 -5 -4 -3    7  45   1   2   0  14   3   1   3   0   9   5   1   0   0   4   2   0   0   2  0.75 0.36
   88 G   -3 -5 -1 -4 -6 -3 -5  7 -3 -2 -6 -5 -6 -6 -5 -1 -3 -6 -6 -4    1   0   2   0   0   1   0  85   1   3   0   0   0   0   0   4   1   0   0   1  1.89 0.61
   89 E   -2  1 -3  1 -6  2  6 -5 -2 -5 -2  1 -2 -6 -4 -2 -3 -6 -3 -3    3   6   1   5   0   9  60   0   0   0   5   6   1   0   0   1   1   0   1   1  1.08 0.47
   90 I    1  3 -2 -2 -3  0 -1 -3 -1  2  1  0 -1 -1 -3  0  1 -4 -1  1   13  18   1   1   0   3   3   0   2  13  12   4   0   3   0   8  11   0   2   9  0.17 0.15
   91 G   -2  0 -3 -4 -5 -1 -2  7 -3 -5 -5 -4 -5 -6 -3 -2 -2 -5 -5 -5    1   5   1   0   0   3   3  80   1   1   1   0   0   0   1   1   2   0   0   0  1.67 0.55
   92 Q   -2  5 -1 -2 -5  2  2 -4  3 -4 -3  0 -2 -4 -4  1  0  5 -3 -1    2  31   2   1   0  10  15   0   6   0   2   3   1   0   0   9   5   8   0   5  0.63 0.33
   93 L   -4 -5 -6 -7 -4 -5 -6 -7 -6  1  6 -6  1  2 -6 -5 -4 -4 -2  0    0   0   0   0   0   0   0   0   0   7  74   0   3   9   0   0   0   0   1   6  1.35 0.50
   94 D    1  3  0  0 -3 -1 -1  0 -2 -1 -3  0 -2 -4 -3  2  2 -5 -3  1    9  20   3   7   0   1   3   7   1   2   1   5   0   0   0  17  14   0   0  10  0.27 0.20
   95 I   -4 -6 -6 -6 -4 -6 -6 -7 -6  6  2 -6  0 -2 -6 -5 -4 -6 -4  4    0   0   0   0   0   0   0   0   0  52  14   0   2   1   0   0   0   0   0  32  1.41 0.50
   96 G    1 -5 -4 -5 -6 -5 -6  7 -6 -7 -7 -5 -6 -7 -6 -2 -4 -6 -7 -6   10   0   0   0   0   0   0  87   0   0   0   0   0   0   0   2   1   0   0   0  2.13 0.67
   97 Y   -6 -7 -7 -7  2 -7 -7 -7 -3 -1 -2 -7 -2  9 -7 -6 -5 -3  2 -2    0   0   0   0   5   0   0   0   1   3   2   0   1  83   0   0   0   0   4   2  2.44 0.73
   98 L    0 -5 -2 -5 -4 -3 -4 -5 -5  1 -2 -4 -2  1 -5 -2  4 -5 -2  5    8   0   2   0   0   0   0   0   0   5   1   0   0   5   0   1  32   0   1  43  0.89 0.43
   99 G    2 -2 -2 -2 -4 -3 -2  4 -3 -5 -5 -3 -3 -4  2  3 -3 -5 -5 -3   17   2   1   2   0   0   2  36   0   0   0   0   0   0  11  27   0   0   0   1  0.80 0.38
  100 T    0 -4 -3 -4 -3 -4 -4 -2 -3 -3 -5 -4 -5 -6 -3  7  1 -6 -5 -3    7   0   0   0   0   0   0   2   0   2   1   0   0   0   1  77   9   0   0   1  1.47 0.62
  101 A    5 -4 -4 -4 -3 -4 -4 -1 -4 -3 -2 -4 -1 -5 -4  1  3 -5 -4  0   51   0   0   0   0   0   0   4   0   1   4   0   2   0   0  11  20   0   0   6  0.84 0.42
  102 I    2 -4 -3  0 -3 -3 -3 -3 -4  1  2 -3  2 -2  3  0  2 -4 -2  0   17   0   0   6   0   0   0   1   0   8  22   0   6   1  14   6  14   0   1   5  0.33 0.22
  103 Y   -4 -5 -2 -4 -6 -4 -5 -5  2 -4  0 -5 -3  5 -6 -4 -5 -2  8 -3    1   0   2   1   0   1   0   1   4   0   9   0   0  27   0   0   0   0  53   1  1.75 0.59
  104 Q   -1 -1  1  2 -2 -1  1  4  1 -5 -5 -1 -4 -5 -2  2  0 -5 -4 -4    4   3   8  13   1   2   7  32   4   0   0   2   0   0   1  18   6   0   0   0  0.53 0.27
  105 T    0 -1 -3 -3 -3 -2 -3 -1 -2  2  1 -2  1  1 -1 -1  0 -1 -2  3    9   4   0   1   0   2   0   6   1  14  16   1   4   6   3   4   7   1   0  22  0.18 0.15
  106 V   -4 -5 -6 -6 -4 -5 -6 -6 -6  2  5 -5  2  0 -6 -5 -3 -5 -4  3    0   0   0   0   0   0   0   0   0  10  58   0   4   2   0   0   0   0   0  25  1.16 0.44
  107 P   -2 -5 -6 -5 -6 -5 -5 -6 -6 -4 -6 -5 -6 -7  8  1 -2 -8 -7 -5    3   0   0   0   0   0   0   0   0   1   0   0   0   0  83   9   3   0   0   0  2.56 0.79
  108 A    1  3 -1  2 -4  0  2 -2  0 -3 -2  1 -2 -4  2  0  0 -5 -3 -2   11  19   1  14   0   4  15   2   2   1   4   7   1   0   8   5   4   0   0   1  0.31 0.19
  109 L    1 -4 -3 -5 -3 -4 -4 -4 -5  4  4 -4  1 -1 -4 -1  0 -2 -2  2   12   0   1   0   0   0   0   0   0  22  37   0   2   2   0   3   6   0   1  13  0.57 0.28
  110 L   -3 -5 -6 -6 -4 -5 -6 -6 -6  5  4 -5 -1 -2 -5 -4 -1 -5 -4  3    2   0   0   0   0   0   0   0   0  34  39   0   0   1   0   1   3   0   0  21  1.05 0.41
  111 H   -1  7 -2 -4 -6  0 -2 -3  1 -4 -2  1 -4 -1 -5 -1 -3 -5 -1 -4    5  58   1   0   0   4   2   2   4   0   5   7   0   3   0   4   1   0   2   0  1.03 0.44
  112 A    3  3 -1  0 -3  1  2 -2  0 -4 -1  0 -1 -4 -3  0  0 -5 -3 -2   31  21   2   4   0   6  12   2   3   0   5   3   1   0   0   4   5   0   0   2  0.37 0.25
  113 F   -4 -6 -6 -7 -2 -6 -6 -7 -3 -3  1 -6  0  8 -7 -5 -5 -2  5 -2    1   0   0   0   1   0   0   0   0   0  13   0   2  62   0   1   0   0  17   3  1.81 0.59
  114 T   -4  8 -4 -5 -4 -2 -3 -1  2 -7 -6  0 -5 -7 -6 -3 -2 -7 -5 -6    1  82   0   0   0   1   0   5   4   0   0   3   0   0   0   1   2   0   0   0  2.05 0.70
  115 Q    2  2 -1  1 -4  4  3 -2  0 -4 -3  1 -3 -5 -3  0  0 -5 -4 -3   17  11   1   7   0  23  18   2   2   1   2   5   0   0   0   4   6   0   0   1  0.46 0.27
  116 A    2  4 -2  0 -1  2  1 -2  2 -3 -2  1 -2 -4 -4  0 -1 -5 -3 -3   20  29   1   4   1  10   9   1   5   2   4   5   0   0   0   5   3   0   0   1  0.44 0.26
  117 V    0  0 -2 -2  0 -1 -3 -5  4 -3  0 -3 -2  4 -5 -2 -3  4  6 -2    7   5   1   2   2   2   1   0  12   0   8   1   1  20   0   2   1   6  28   2  0.79 0.35
  118 P   -3 -6 -6 -4 -6 -5 -5 -4 -5 -6 -5 -5 -6 -7  9 -4 -3 -7 -7 -6    2   0   0   1   0   0   0   1   0   0   1   0   0   0  90   1   1   0   0   0  2.85 0.83
  119 G    0  0  1  4 -4  3  2  2  1 -5 -3 -1 -2 -4 -4  0 -2 -5 -3 -4    9   4   5  25   0  14  15  14   4   0   2   2   1   0   0   4   1   0   0   0  0.49 0.26
  120 A   -1 -6 -6 -7 -4 -6 -6 -6 -6  2  1 -6 -1 -4 -6 -5 -2 -6 -5  7    3   0   0   0   0   0   0   0   0  10   9   0   1   0   0   0   1   0   0  75  1.55 0.56
  121 T   -1  2  0  2 -5  2  4 -3  4 -5 -5  0 -3 -5 -4 -1  0 -5 -4 -4    4  11   3  13   0   7  33   1  13   0   0   5   0   0   0   4   5   0   0   1  0.68 0.33
  122 L   -4 -5 -6 -6 -4 -5 -6 -6 -6  4  5 -5  1 -1 -6 -5 -3 -1 -4  3    0   0   0   0   0   0   0   0   0  21  56   0   2   2   0   0   0   1   0  18  1.13 0.43
  123 S    0  0  0  1 -3  3  2  0  0 -1 -2  0 -2 -3 -3  1  1 -4 -3  1    5   5   2   7   0  16  12   7   2   2   2   4   0   1   0  14  10   0   0  11  0.21 0.17
  124 L   -4 -5 -6 -7 -4 -5 -6 -7 -6  0  6 -5  3 -1 -3 -5 -1 -2 -4  0    0   0   0   0   0   0   0   0   0   3  78   0   7   2   1   0   3   1   0   5  1.39 0.52
  125 A   -1  4 -2 -3 -3  2  0 -4  5 -1 -1  0 -1 -2 -4  1  0 -4 -2 -1    4  26   1   0   0  10   6   0  16   3   5   4   1   1   0   9   6   0   1   6  0.44 0.26
  126 L   -4 -3 -1 -2 -7  1  7 -3 -1 -7 -5 -3 -6 -7 -3 -3 -2 -3 -6 -5    1   0   2   1   0   5  82   2   1   0   1   0   0   0   1   1   2   0   0   0  1.80 0.67
  127 M    0 -4 -4 -4 -3 -1 -5 -3 -5  0  3 -4  8 -3 -5 -1 -2 -2 -4 -1    9   1   0   1   0   3   0   2   0   5  24   0  46   0   0   5   2   0   0   1  1.14 0.49
  128 P   -1 -3  3 -1 -2 -2 -2 -3 -1 -2 -1 -3  0 -1 -1  2  4 -5 -2  0    3   1  16   2   1   0   1   1   1   1   7   0   3   3   3  16  35   0   1   5  0.49 0.31
  129 K    0 -3 -2 -4 -4 -4 -4 -4 -5 -3 -5  0 -4 -5 -2  3  6 -6 -3 -2    6   0   1   0   0   0   0   0   0   1   0   6   0   0   2  26  56   0   1   1  1.19 0.53
  130 V    0  1  0  1 -3  0  0  0 -1 -1  0  0  0 -2  2  0  0 -3 -2  0    8   8   4  12   0   3   4   7   2   2  12   5   4   1   9   6   5   0   0   7  0.08 0.07
  131 R    0  1 -2  2 -5  4  4 -3 -2 -3 -2 -1 -2 -5 -1 -1 -1 -5 -4  0    8   7   1  13   0  22  28   1   0   1   4   1   1   0   3   2   2   0   0   7  0.54 0.31
  132 Q   -3 -3 -4 -5 -7  8 -2 -6 -4 -4  0 -3 -4 -6 -6 -4 -4 -6 -5 -1    2   0   0   0   0  82   0   0   0   0  11   0   0   0   0   0   0   0   0   4  2.15 0.79
  133 I   -1 -2 -4 -5 -3 -3 -2 -5 -5  4  3 -3  1  0 -5 -3 -2 -4 -3  3    5   2   0   0   0   1   3   0   0  31  27   1   3   4   0   0   2   0   0  21  0.65 0.30
  134 E    2  1 -2  2 -4  3  4 -2  0 -3 -3  1 -3 -5 -2 -1 -1 -5 -4 -2   19   6   1  11   0  12  31   2   2   1   1   6   0   0   2   4   3   0   0   2  0.51 0.29
  135 A    6  0 -4 -2 -4 -2  0  0 -3 -5 -5 -3 -3 -5  1 -1 -3  1 -3 -4   65   6   0   2   0   2   6   7   0   0   0   1   0   0   7   1   0   2   1   0  0.98 0.47
  136 L   -5 -6 -7 -7 -5 -6 -6 -7 -6  0  6 -6  0 -2 -6 -6 -5 -5 -5  0    0   0   0   0   0   0   0   0   0   4  90   0   1   0   0   0   0   0   0   5  1.77 0.61
  137 R    0  3  0 -2 -3  0  0 -3  2 -1  1  3  0 -2 -3 -1 -1 -4 -2 -1    8  21   4   1   0   3   4   1   6   3  17  22   2   1   0   2   2   0   1   4  0.30 0.21
  138 A    2  0  0  4 -4  1  4 -1  0 -5 -4 -1 -4 -5 -3  1 -1 -5 -4 -4   19   4   4  21   0   5  27   3   2   0   1   2   0   0   0  10   2   0   0   0  0.57 0.30
  139 G   -2  2 -1 -3 -6 -2 -1  6  0 -7 -6 -1 -2 -6 -5 -2 -4 -6 -5 -6    1  11   3   1   0   2   5  68   3   0   0   4   1   0   0   1   0   0   0   0  1.35 0.49
  140 T   -1  6 -1 -1 -5  2  2 -4  0 -4 -3  0 -4 -5 -4  0  0 -1 -4 -4    4  48   2   3   0   7  11   0   2   0   2   4   0   0   0   8   6   1   0   1  0.85 0.39
  141 I   -3 -6 -7 -7 -4 -6 -6 -7 -6  7  3 -6 -1 -3 -6 -5 -3 -6 -4  1    1   0   0   0   0   0   0   0   0  64  29   0   0   0   0   0   1   0   0   5  1.55 0.54
  142 H   -4 -4 -2  8 -7  0 -1 -4  2 -7 -7 -4 -5 -7 -5 -2 -2 -8 -6 -7    1   0   0  82   0   4   3   0   5   0   0   0   0   0   0   2   3   0   0   0  2.09 0.69
  143 L    1 -5 -6 -6 -2 -5 -5 -5 -6  4  2 -5 -1 -2 -5 -4 -3 -5 -4  5   15   0   0   0   1   0   0   0   0  22  20   0   1   1   0   0   0   0   0  41  0.91 0.39
  144 G    2 -6 -4 -5 -2 -5 -5  7 -6 -7 -7 -5 -6 -7 -5 -3 -4 -6 -6 -4   16   0   0   0   1   0   0  81   0   0   0   0   0   0   0   1   0   0   0   1  1.95 0.64
  145 V   -5 -6 -6 -7 -3 -6 -6 -7 -5  2  3 -6 -1  7 -6 -6 -5 -3 -1  1    0   0   0   0   0   0   0   0   0  12  23   0   1  54   0   0   0   0   0   9  1.49 0.52
  146 G   -1 -4  0 -4 -4 -4 -4  3 -4  2  2 -4  4 -1 -5 -3 -3 -4 -3  3    4   0   5   0   0   0   0  24   0  10  22   0  12   2   0   0   0   0   0  21  0.54 0.29
  147 R   -5  8 -3 -5 -2 -3 -4 -6  3 -1 -2 -2 -5 -4 -6 -5 -5 -4 -2 -4    0  80   1   0   1   0   0   0   8   4   3   0   0   1   0   0   0   0   1   1  2.00 0.69
  148 F   -1 -4  1 -3 -4 -1 -3 -3 -2  2  2 -3  0 -1  5 -2 -2 -5 -2 -1    4   0   8   1   0   2   1   1   1  13  19   0   2   2  34   3   2   0   2   3  0.64 0.30
  149 Y   -2  3 -2 -3 -5 -2 -2 -1  1 -3 -1 -2 -1 -2  6 -1  0 -5 -1 -1    3  17   1   0   0   1   1   5   3   1   7   1   1   2  39   4   7   0   2   4  0.76 0.34
  150 P   -1 -1 -3 -2 -3  0 -2 -2  1  2  1 -2  0  2  2 -1 -1 -3 -1  2    5   4   0   2   0   4   2   2   4  17  13   0   1  10  12   4   2   0   1  17  0.20 0.15
  151 Q    0  0  1  2 -4  1  2 -2 -1 -2  0 -1 -1 -3  2  0  0 -4 -3 -1    6   5   6  15   0   7  14   3   2   1  14   1   1   0  10   6   6   0   0   3  0.20 0.15
  152 E   -1 -1  0  5 -5 -1  2 -2  2 -4 -3 -3 -4 -5  4  0 -1 -6 -5 -4    4   4   3  37   0   2  12   2   5   0   3   0   0   0  19   6   3   0   0   1  0.76 0.35
  153 P    1 -1 -2  2 -5 -2  1 -2 -2 -4 -5 -2 -4 -6  6  0 -2 -6 -5 -4   12   3   2  13   0   1  11   3   1   1   0   2   0   0  45   6   2   0   0   0  1.03 0.41
  154 G    2 -1  0  2 -4  0  1  3 -1 -3 -3 -2 -2 -3 -2  1  1 -2 -4 -3   17   3   3  14   0   4  12  22   1   1   3   1   1   1   1   9   8   1   0   1  0.32 0.20
  155 I   -4 -5 -6 -6 -1 -5 -6 -6 -6  4  5 -5 -1  1 -6 -5 -4 -5 -2  3    0   0   0   0   1   0   0   0   0  23  50   0   0   6   0   0   0   0   1  19  1.08 0.42
  156 T    1  2  0  0 -1  1  2 -2  2 -2 -2  0 -2 -4 -3  1  1 -4 -3  1   15  12   3   5   1   6  13   1   7   1   1   4   0   0   0   9   9   0   0  12  0.21 0.17
  157 V    0  2 -2 -3  0  1 -2 -3  2 -1 -1 -2 -1  0 -3  1  1  3  2  1    7  15   1   0   2   7   1   1   6   3   6   0   1   4   0  12   9   4   7  14  0.19 0.18
  158 E   -2  3 -3 -2 -4  2  4 -4  2  0  0  0 -2 -3 -4 -2  0 -4 -1  0    3  16   0   0   0   8  32   0   4   5  10   3   1   0   0   1   6   0   2   8  0.43 0.27
  159 H   -2  0 -3 -2  0 -2  0 -3  0  1  1 -2 -1 -3  3 -1  1 -2 -3  3    2   7   0   2   2   1   6   1   3   6  12   1   0   0  16   3  12   1   0  27  0.30 0.21
  160 L   -3 -5 -6 -6 -1 -5 -5 -6 -4  4  4 -5  0  0 -5 -5 -3  0 -3  3    1   0   0   0   1   0   0   0   0  22  47   0   1   4   0   0   0   1   0  22  0.97 0.39
  161 H    0  3 -3 -1 -2  0 -2 -2  2 -1  2 -1  1  1 -2 -1 -1  3  0  0    7  19   0   4   1   4   1   2   5   2  21   2   4   7   1   3   4   4   2   6  0.16 0.15
  162 Y   -1  4 -1  1 -4  2  3 -4  2 -4 -4  0 -4 -5 -3  0 -1 -5 -1 -3    3  29   3   6   0   9  25   0   5   1   1   4   0   0   0   7   4   0   2   1  0.60 0.31
  163 E   -5 -4 -3  3 -7 -1  7 -4 -3 -7 -5 -3 -6 -7 -5 -2 -5 -7 -6 -6    0   0   0  13   0   1  82   1   0   0   1   0   0   0   0   2   0   0   0   0  2.02 0.72
  164 R   -1  4 -3 -3 -3 -2 -1 -4 -1 -6 -5 -1 -5 -5  7  0 -2 -7 -5 -5    4  20   0   1   1   2   4   1   1   0   0   3   0   1  56   6   1   0   0   0  1.49 0.54
  165 L   -4 -5 -6 -7  2 -4 -6 -7 -6  0  6 -5  5  1 -6 -5 -4 -4 -2 -1    1   0   0   0   4   0   0   0   0   2  69   0  14   6   0   0   0   0   1   3  1.33 0.50
  166 Y   -1 -3 -5 -6  0 -4 -5 -6 -1  3  1 -2  4 -1 -5 -4 -2 -5 -1  5    3   1   0   0   2   0   0   0   1  17  13   2  10   1   0   0   1   0   1  46  0.82 0.36
  167 I    4 -5 -5 -5  2 -4 -5 -4 -5  2  2 -4 -2 -3 -4 -3 -3 -5 -4  4   37   0   0   0   4   0   0   0   0   8  21   0   0   0   0   0   0   0   0  30  0.80 0.39
  168 A    6 -5 -5 -5  0 -4 -5 -3 -4 -2 -3 -4  1 -5 -4 -2 -3 -6 -5  3   69   0   0   0   1   0   0   1   0   1   2   0   3   0   0   1   0   0   0  22  1.31 0.55
  169 A   -1 -5 -6 -6 -4 -5 -6 -6 -6  2  5 -5  3  0 -6 -5 -4 -5 -4  3    4   0   0   0   0   0   0   0   0   8  60   0   6   4   0   0   0   0   0  17  1.06 0.42
  170 G   -2 -3 -1 -4 -7 -4 -3 -3  4 -7 -5 -5 -6 -7  8 -2 -5 -7 -4 -6    3   2   3   0   0   0   1   2   8   0   1   0   0   0  76   3   0   0   1   0  2.25 0.72
  171 S    3  0 -2  0 -2  0  2 -2  0 -2 -1  1 -2 -4  0  1  0 -2 -3 -1   27   6   0   5   0   2  14   1   3   2   5  10   1   0   4  12   3   0   0   4  0.24 0.19
  172 S    1 -1  1  3 -3 -1  0  3  1 -4 -5 -1 -4 -4 -3  1  1 -1 -3 -4   10   3   7  19   0   2   4  28   3   0   0   2   0   0   0  10   8   1   0   0  0.47 0.25
  173 I   -4 -3 -3 -2 -6 -3 -4 -6 11 -5 -4 -5 -6 -3 -6 -2 -4 -1 -2 -5    1   1   1   3   0   1   0   0  84   1   2   0   0   1   0   3   1   1   0   1  2.94 0.86
  174 A    1  3 -5 -3 -6 -4 -4 -5 -1 -6 -4 -3 -5 -6  8 -3 -4 -7 -6 -4   13  15   0   2   0   0   0   0   1   0   1   0   0   0  65   1   0   0   0   1  1.86 0.63
  175 R   -2 -1 -6 -5 -1 -3 -4 -5 -6 -1  6 -3  0 -1 -5 -4 -4 -5 -4 -1    4   4   0   1   1   1   1   1   0   1  81   1   1   1   0   1   0   0   0   2  1.28 0.51
  176 Q    6 -2 -4 -3  0 -2 -3 -2 -4 -4 -1 -3 -4 -5 -2  0 -1 -2 -5 -2   73   2   0   1   2   1   1   1   0   0   5   1   0   0   2   5   3   1   0   1  1.10 0.48
  177 L    2  2  0  1 -3  1  1  1  0 -3 -1  1 -2 -4 -2  1 -1 -2 -3 -2   18  14   5   7   0   7   7  12   2   0   7   7   0   0   1  10   2   0   0   2  0.20 0.15
  178 R    0  4 -1 -1 -2  3  1  0  1 -4 -2  2 -3 -4 -1  0 -2 -4 -2 -3    7  26   2   3   1  14   7   6   3   0   4  16   0   0   2   5   1   0   1   1  0.41 0.24
  179 Q    0  2 -1  2 -4  1  3  0 -2 -4 -4  2 -3 -4  2  0  0 -5 -3 -3   10  11   2  10   0   7  18   7   0   0   0  11   0   0  10   7   7   0   1   0  0.35 0.20
  180 D    1  2 -1 -1 -3  0  1  1  0 -3 -4  1 -3 -4  2  2  0 -4 -3 -1   11  15   1   2   0   4   9  10   2   1   0   6   0   0  11  16   6   0   0   5  0.27 0.18
  181 P   -2 -5 -5 -6 -4 -5 -5 -5 -4  4  3 -4 -1 -2  2 -4 -3 -5 -4  4    2   0   0   0   0   0   0   0   0  26  24   0   1   1  10   0   0   0   0  35  0.90 0.38
  182 T    2  1 -1  0 -3 -2  0 -2  1 -4 -4 -1 -3 -3  3  3  2 -4 -1 -3   15   9   2   6   0   0   4   2   4   0   1   2   0   1  13  25  12   0   2   1  0.37 0.24
  183 L   -3 -5 -6 -6 -3 -5 -6 -6 -6  3  5 -5  2  0 -1 -5 -4 -5 -4  1    1   0   0   0   0   0   0   0   0  15  63   0   5   3   3   0   0   0   0   8  1.09 0.43
  184 L    4  2 -1 -2 -2  1  1 -1  1 -4 -3  1 -3 -4 -2  1  0 -5 -4 -2   38  13   2   1   1   6   8   4   3   0   1   7   0   0   1  10   4   0   0   2  0.41 0.26
  185 R    2 -1 -2  5 -3  2  3 -3 -2 -4 -3 -2 -3 -5 -4  0 -2 -6 -5 -4   20   3   0  33   0   8  22   1   1   1   2   1   0   0   0   6   2   0   0   1  0.71 0.36
  186 L   -3 -6 -7 -7 -2 -6 -6 -7 -6  0  6 -6 -1  0 -6 -6 -4 -5 -4  0    1   0   0   0   1   0   0   0   0   4  85   0   1   4   0   0   0   0   0   5  1.57 0.56
  187 K    5  2 -3 -1 -2 -1 -1 -2 -2 -3 -3 -1 -2 -4 -3  0 -2 -5 -4 -1   59  10   1   4   1   3   4   1   1   1   1   4   1   0   1   5   1   0   0   4  0.74 0.39
  188 S    0  0  2  5 -5  1  1  2  0 -5 -5 -1 -3 -5 -2 -1 -2 -5 -4 -4    7   5   9  31   0   7  10  19   2   0   0   3   0   0   1   3   2   0   0   0  0.58 0.28
  189 E   -2 -2 -4  1 -7  2  7 -5 -2 -5 -2 -2 -3 -6 -5 -3 -2 -6 -2 -3    2   1   0   5   0  10  70   0   1   0   4   0   1   0   0   1   2   0   2   2  1.43 0.57
  190 S   -1 -1 -2  0 -4 -3 -3 -3 -4 -6 -4 -2 -4 -5  7  1  1 -7 -6 -5    5   3   1   5   0   0   1   1   0   0   1   2   0   0  61   9   9   0   0   0  1.52 0.54
  191 L   -5 -6 -7 -7 -5 -4 -7 -7 -5 -1  3 -6  0  8 -7 -6 -5 -2 -1 -2    0   0   0   0   0   1   0   0   0   2  32   0   2  63   0   0   0   0   0   1  1.87 0.62
  192 V   -4 -6 -7 -7 -4 -6 -6 -7 -7  6 -1 -6 -2 -2 -6 -5 -4 -6 -4  5    0   0   0   0   0   0   0   0   0  52   3   0   0   1   0   0   0   0   0  44  1.64 0.57
  193 L   -1 -4 -4 -5 -3 -2 -4 -4 -4  2  4 -4  3  3 -5 -1 -1 -3 -2  2    4   0   0   0   0   2   0   1   0  11  38   0  10  14   0   4   3   0   0  11  0.59 0.29
  194 F   -4 -5 -5 -6 -3 -3 -6 -6  2 -2 -2 -5 -4  7  0 -4 -3 -1  7 -1    0   0   0   0   0   1   0   0   4   2   3   0   0  43   5   1   1   0  35   4  1.55 0.55
  195 P    0 -2 -5  0 -4 -4 -3 -4 -5 -5 -6 -4 -3 -7  8  1 -2 -7 -6 -5    7   2   0   5   0   0   1   1   0   1   0   0   1   0  69  11   2   0   0   0  1.92 0.64
  196 K    1  6 -1 -4 -5 -1 -3 -1 -2 -5 -5  2 -4 -6  2  0 -3 -6 -5 -5   11  50   3   0   0   1   0   5   0   0   0  11   0   0  10   6   1   0   0   0  0.98 0.43
  197 E    0  2  1  0 -4  1  2  0  4 -3 -3  0 -2 -3  0  1  0 -4 -1 -2    8  10   7   5   0   6  14   7  12   1   1   5   0   1   4  10   6   0   2   2  0.24 0.16
  198 G    0 -1 -2 -2 -3 -1 -1  0 -3  1  0 -2  0  0  4  0 -2 -2  0  1   10   3   1   1   0   3   4   6   0   8  11   1   2   3  24   6   1   0   4  12  0.28 0.17
  199 R    2  5 -1 -4 -5 -2 -3  4 -3 -4 -4 -1 -2 -3 -4 -1 -4  3 -4 -4   15  31   3   0   0   1   1  35   0   1   1   2   1   1   0   3   0   5   0   1  0.84 0.38
  200 P    0 -1 -4 -4 -1 -1 -3 -2 -2 -3 -4 -4 -4 -6  7  2  2 -6 -3 -4    6   3   0   0   2   2   0   2   1   1   2   0   0   0  53  13  12   0   1   0  1.30 0.50
  201 S    1 -2  0 -2 -4 -2 -2  4 -3 -3 -4 -3 -3 -4 -4  4  1 -5  0 -1   12   2   4   1   0   1   1  30   0   1   1   0   0   0   0  31   7   0   4   4  0.61 0.33
  202 F   -3 -5 -4 -6 -5 -5 -6 -6 -2 -1  4 -5  1  5 -6 -4 -4  0  4 -1    1   0   1   0   0   0   0   0   1   2  44   0   3  26   0   0   0   1  16   4  1.08 0.43
  203 A    3 -1 -3 -5 -5 -4 -4 -4  5 -3 -4 -3 -3  1 -4 -1 -4 -1  7 -3   26   3   1   0   0   0   0   0  16   1   0   1   0   5   1   4   0   0  39   1  1.17 0.49
  204 D   -1 -2 -1  7 -6  0  0 -2 -3 -6 -6 -3 -5 -5 -5 -2 -1 -7 -5 -4    6   2   1  73   0   4   4   3   0   0   0   0   0   0   0   1   4   0   0   1  1.62 0.58
  205 E    0  0 -1  1 -4  4  2 -4  4 -1 -1 -1  0 -2 -3 -1 -1 -4 -1 -1    9   3   1   9   0  26  13   0  11   4   7   3   2   1   0   3   3   0   1   3  0.38 0.25
  206 V   -3 -5 -4 -6 -4 -3 -5 -6 -6  5  1 -5  1  0 -4 -4 -1 -5 -3  5    0   0   0   0   0   1   0   0   0  36  13   0   2   4   0   0   4   0   0  38  1.01 0.40
  207 I   -1 -2 -4 -4 -3 -2 -3 -5 -3  3  4 -4  3 -1 -5 -3  0 -3 -2  1    4   2   0   0   0   2   1   0   0  21  41   0   8   2   0   1   6   0   1   9  0.58 0.28
  208 A    2  0  1  0 -3  1  0  2  0 -4 -3 -1 -2 -4 -3  3  0 -5 -4 -3   22   5   6   6   0   5   4  16   2   0   1   3   0   0   0  22   5   0   0   1  0.34 0.22
  209 L    2 -4 -5 -5  2 -3 -5 -4 -3  0  4 -4  1  0 -5 -3 -2  0  0  0   20   0   0   0   5   1   0   0   1   4  52   0   3   4   0   0   1   1   2   4  0.70 0.34
  210 M   -1 -6 -6 -7  9 -6 -6 -6 -3 -4  1 -6  1  5 -6 -4 -4 -4  2 -4    5   0   0   0  47   0   0   0   0   0  12   0   4  25   0   1   1   0   6   0  1.79 0.59
  211 R    1  5 -1 -1 -4  2  1  0  3 -4 -3  0 -2 -4 -4 -1 -1 -1 -1 -3   11  32   2   2   0  11   8   6   9   0   2   3   1   0   0   3   4   1   1   2  0.47 0.27
  212 R    2  3 -1  3 -4  3  1 -1  0 -4 -4  0 -3 -5 -3  0 -1 -5 -4 -3   17  19   2  17   0  15  10   3   2   1   0   5   0   0   0   6   3   0   0   1  0.48 0.27
  213 A    5  0 -2 -3 -4  0 -1 -2  4 -3 -4 -2 -3 -3 -4 -1 -3 -4  2 -2   55   6   1   1   0   4   3   2  11   1   1   1   0   1   0   2   0   0   8   2  0.79 0.41
  214 G   -1 -5  0 -1 -6 -3 -3  7 -3 -7 -7 -5 -6 -7 -5 -2 -5 -6 -6 -6    4   0   4   3   0   1   2  83   0   0   0   0   0   0   0   2   0   0   0   0  1.87 0.61
  215 V   -2 -5 -6 -6 -2 -5 -5 -6 -2  2  2 -6  0  7 -6 -5 -4 -3  0  2    3   0   0   0   1   0   0   0   1  10  18   0   1  52   0   0   0   0   1  12  1.25 0.46
  216 E    0  1  0 -1 -3  1  2 -3  0 -2 -2  0 -3 -4 -2  2  3 -4 -3  0    5   8   4   1   0   6  12   1   3   2   2   5   0   0   1  21  20   0   0   9  0.30 0.22
  217 P   -5 -6 -6 -6 -7 -5 -5 -6 -6 -2 -1 -5 -1 -7  8 -5 -4 -8 -7 -4    0   0   0   0   0   0   0   0   0   3   6   0   2   0  88   0   0   0   0   1  2.73 0.82
  218 R   -1  5  2 -2 -5  1 -1 -2  3 -3 -2  2 -2 -3 -3 -1  0 -4  0 -2    4  34  10   1   0   7   3   2   8   1   3  10   1   1   1   3   5   0   3   3  0.47 0.26
  219 V   -1 -2 -3 -5 -4 -3 -3 -5 -2  5 -1 -3  0 -1 -4 -3 -2 -5 -1  4    4   2   1   0   0   1   1   0   1  42   3   1   2   2   0   1   2   0   2  35  0.87 0.38
  220 T    3  0 -3 -4 -3 -2 -2  1 -3  1 -2 -3 -1 -4 -3 -1  2 -5 -4  3   23   7   0   0   0   1   2  10   0   9   2   0   1   0   0   2  13   0   0  28  0.39 0.26
  221 A   -3 -2 -4 -4 -4  8 -1 -6  5 -5 -4 -2 -1 -6 -5 -4 -5 -6  0 -4    1   1   0   0   0  73   2   0  12   0   2   2   2   0   0   0   0   0   3   1  1.93 0.72
  222 I   -3 -3 -4 -1 -7  1  7 -6  1 -3 -5 -3 -2 -6 -2 -3 -3  3 -2 -6    2   1   0   1   0   5  76   0   3   2   1   0   1   0   2   1   1   3   2   0  1.60 0.62
  223 V    5 -5 -5 -5 -3 -4 -5 -3 -5 -2 -2 -4 -3 -5 -4 -2  0 -6 -5  4   55   0   0   0   0   0   0   1   0   0   2   0   0   0   0   0   6   0   0  36  1.16 0.52
  224 E   -1  3  1 -2 -4  0  0  1 -1  1 -2 -1 -2 -3  2 -1  1 -1 -1 -1    2  19   8   1   0   3   6  13   1  10   2   1   0   1  12   4  10   1   2   4  0.21 0.17
  225 D   -4 -2 -3  2 -7  5  6 -4 -1 -6 -4 -2 -3 -6 -2 -3 -3 -6 -5 -6    0   1   0  11   0  28  52   1   1   0   2   1   1   0   1   1   1   0   0   0  1.33 0.55
  226 V    1 -4 -3 -5 -3 -3 -4 -4 -3  3  2 -3  5 -1 -3 -2  0  1  1  1   14   0   1   0   0   1   0   1   0  15  21   1  20   1   1   2   5   2   5  10  0.48 0.27
  227 N   -1 -3 -1 -3 -5  6 -2 -4  3 -4 -1 -2  4 -4  0  0 -1 -5  0 -2    5   0   2   0   0  45   1   0   6   0   6   0  10   0   4   8   4   0   3   3  0.83 0.44
  228 A   -1 -5 -3 -5 -4 -4 -4 -4 -5 -1 -3 -4  1 -5 -5  2  7 -6 -5 -2    4   0   0   0   0   0   0   1   0   4   1   0   3   0   0  15  70   0   0   1  1.49 0.61
  229 A    3 -4 -5 -5  0 -1 -4 -3 -5  5  0 -4  1 -3 -4 -2 -1 -5 -4  2   29   1   0   0   2   2   0   1   0  37   8   0   3   0   0   2   3   0   0  12  0.68 0.34
  230 L   -3 -4 -6 -6 -4 -5 -6 -6 -6  5  4 -5  0 -3 -5 -4 -3 -5 -4  4    1   0   0   0   0   0   0   0   0  32  34   0   2   0   0   0   0   0   0  29  1.09 0.42
  231 G    2 -5  1 -4 -5 -4 -4  6 -4 -6 -6 -4 -5 -6 -3  2  0 -6 -5 -4   17   0   7   0   0   0   0  53   0   0   0   0   0   0   1  17   5   0   0   0  1.13 0.45
  232 L   -5 -6 -7 -7 -5 -6 -7 -7 -6 -2  7 -6  1 -1 -7 -6 -5 -5 -5 -3    0   0   0   0   0   0   0   0   0   1  95   0   2   2   0   0   0   0   0   0  1.96 0.66
  233 V   -3 -7 -7 -7 -5 -6 -6 -7 -7  0 -3 -6 -3 -5 -6 -6 -3 -7 -5  8    1   0   0   0   0   0   0   0   0   2   0   0   0   0   0   0   1   0   0  97  2.30 0.76
  234 A    6 -1 -4 -4 -4 -3 -3 -2 -4 -5 -5 -4 -4 -6 -4  3 -1 -6 -5 -3   69   3   0   0   0   0   1   2   0   0   0   0   0   0   0  20   2   0   0   1  1.28 0.55
  235 A    6 -5 -4 -5 -2 -3 -3  0 -5 -4 -4 -4 -2 -6 -4  1 -1 -6 -5 -1   76   0   0   0   1   0   1   6   0   0   0   0   1   0   0   8   2   0   0   4  1.35 0.56
  236 G   -3 -4 -1 -1 -6 -2  0  7 -4 -7 -7 -5 -6 -7 -6 -3 -4 -6 -6 -7    0   1   2   3   0   2   7  84   0   0   0   0   0   0   0   0   0   0   0   0  1.92 0.63
  237 A   -1 -4 -5 -4 -2 -4 -1 -4 -4  2  3 -4  5  2 -5 -3 -2 -4 -2  2    4   0   0   1   0   0   5   1   0  11  35   0  18   7   0   1   2   0   0  14  0.63 0.30
  238 G   -3 -6 -4 -5 -7 -6 -6  8 -6 -8 -8 -6 -7 -7 -6 -4 -6 -6 -4 -7    1   0   0   0   0   0   0  98   0   0   0   0   0   0   0   1   0   0   1   0  2.57 0.77
  239 V   -2 -6 -6 -6 -2 -5 -6 -6 -6  5  0 -6  0 -2 -6 -5 -3 -6 -4  6    2   0   0   0   1   0   0   0   0  27   7   0   2   1   0   0   0   0   0  60  1.38 0.51
  240 T    4 -4 -3 -4  5 -4 -4 -2 -4 -4 -5 -4 -4 -2 -4  4  3 -6 -5 -4   36   0   0   0  10   0   0   2   0   0   0   0   0   2   0  33  16   0   0   0  0.99 0.47
  241 L   -4 -5 -6 -6 -4 -5 -6 -6 -6  5  4 -5  0  0 -4 -5 -4 -5 -4  3    0   0   0   0   0   0   0   0   0  34  42   0   1   3   0   0   0   0   0  19  1.12 0.42
  242 V   -2 -5 -6 -6 -4 -5 -6 -6 -6  2  2 -5 -2 -3 -3 -5 -1 -6 -4  6    3   0   0   0   0   0   0   0   0   7  20   0   0   1   2   0   4   0   0  64  1.23 0.49
  243 P   -4 -6 -6 -6 -7 -4 -5 -4 -3 -3 -5 -5 -6 -8  9 -4 -2 -8 -7 -3    0   0   0   0   0   0   0   1   1   2   1   0   0   0  90   1   2   0   0   2  2.81 0.84
  244 A    5  0 -3 -1 -4  1  3 -2 -2 -4 -4 -2 -3 -5 -4  1 -1 -5 -4 -2   47   5   1   2   0   7  18   2   1   0   1   1   0   0   0  10   3   0   0   1  0.67 0.37
  245 S    1 -4 -2 -4 -1 -2 -4 -3 -2 -6 -6 -4 -5 -2  0  7  0 -6 -5 -4    9   0   1   0   1   1   0   0   1   0   0   0   0   2   5  76   3   0   0   0  1.44 0.62
  246 V    2 -4 -4 -5 -1 -4 -4 -4 -4  1  1 -4  2  3 -4 -2  1 -4  0  4   18   0   0   0   1   0   0   0   0   6  13   0   7  11   0   2   8   0   3  30  0.48 0.27
  247 A    1  4 -1 -2  0  4  1 -3  0 -4 -3  1  0 -5 -3  1  0 -5 -2 -3   12  25   1   2   2  22   7   0   2   0   1   6   2   0   0   9   4   0   2   1  0.51 0.29
  248 A    0  4  3 -2 -2  2 -1  0  3 -3 -3  1 -2 -4 -4  0 -1 -5 -3 -3    6  28  15   0   1  11   1   6   8   1   2   6   1   1   0   7   3   0   0   2  0.48 0.27
  249 I   -1 -4 -4 -5 -3 -1 -3 -5 -3  3  4 -4  2  0 -5 -3 -1 -4 -2  2    4   0   0   0   0   4   1   0   1  15  48   0   4   2   0   1   3   0   1  16  0.70 0.31
  250 R   -1  4 -1 -2 -5  4 -2  0  4 -5 -4  2 -2 -1 -2 -1 -3 -5 -2 -4    6  28   3   1   0  24   1   7  10   0   1  10   1   3   1   3   1   0   1   0  0.68 0.34
  251 R   -2  5 -1 -4 -4 -1 -3 -3 -3  1  2 -1  1 -1  0 -2 -2 -4 -3  1    3  37   3   0   0   2   0   1   0   9  19   2   3   2   4   3   2   0   1  10  0.47 0.28
  252 P    1  0  0  3 -3  1  1 -2  0 -3 -2  0 -3 -4  4  0  1 -5 -3 -3   10   4   3  19   0   5   9   1   2   1   3   4   0   0  19   6  11   0   1   1  0.41 0.22
  253 F   -3 -3 -1  4 -6 -3  0  6 -1 -7 -7 -3 -6 -3 -5 -3 -4 -3 -6 -6    0   2   2  25   0   0   6  60   2   0   0   1   0   1   0   1   0   0   0   0  1.38 0.51
  254 V   -2 -6 -6 -7 -4 -6 -6 -7 -7  2  1 -6  1 -4 -6 -5 -4 -6 -5  7    2   0   0   0   0   0   0   0   0   9   9   0   3   0   0   0   0   0   0  76  1.61 0.58
  255 R    1  2 -2 -2  3 -2 -1 -2 -1  0 -2 -2 -2 -4 -4 -1  0 -5 -4  5   11  13   1   2   7   1   3   2   2   4   0   2   0   0   0   4   6   0   0  43  0.47 0.30
  256 T   -5 -6 -6 -7 -1 -6 -6 -7  0 -5 -4 -6 -3  4 -7 -6 -4  4  9 -5    0   0   0   0   1   0   0   0   1   0   1   0   1  12   0   0   1   5  78   0  2.65 0.81
  257 M   -3  7 -3 -5 -2 -2 -4 -5 -4 -1  1  1 -1 -4 -5 -3 -2 -6 -4  2    1  56   0   0   1   0   0   0   0   4  12   8   2   0   0   0   2   0   0  13  1.08 0.46
  258 E    0  0 -1  0 -5 -2  1 -4  0 -4 -3 -2 -3 -6  7 -1  0 -5 -4 -4    6   6   2   6   0   2   9   1   3   1   3   1   1   0  50   3   5   0   1   0  1.09 0.43
  259 M   -4 -5 -6 -6 -4 -5 -6 -7 -6  4  5 -5  1  0 -4 -5 -4 -5 -2  1    0   0   0   0   0   0   0   0   0  26  58   0   2   4   1   0   0   0   1   8  1.17 0.44
  260 A    2  1  0  2 -1  1  1 -2 -1 -1  0  0 -2 -3 -1  0  0 -3 -2 -1   24   8   3  13   1   5   9   0   1   4   9   4   0   0   2   6   6   0   1   4  0.16 0.15
  261 D   -1 -2 -1  4 -2 -1  3  3 -1 -5 -3 -2 -4 -5  0 -1 -1 -5 -5 -4    4   2   2  29   1   1  24  22   1   0   2   1   0   0   4   3   3   0   0   0  0.68 0.33
  262 A    2  0 -1  1 -4  0  2 -2 -1 -2 -3  0 -3 -3  5  0 -1 -5 -3 -2   16   5   3   8   0   4  12   2   1   2   1   5   0   1  27   6   4   0   0   2  0.48 0.24
  263 S    1  0  1  2 -2  1  0  1  0 -2 -2 -1 -1 -3  2  1  1 -1 -2 -1   12   4   6  12   0   5   7  11   2   1   3   2   1   0   9   8  10   1   1   4  0.17 0.12
  264 A    4 -3 -4 -3 -3 -3 -2 -3 -2 -1  0 -4 -2  0  5 -1 -3 -5 -4 -1   39   1   0   1   0   1   2   1   1   3  12   0   0   4  29   2   0   0   0   4  0.79 0.38
  265 K   -1  2 -1 -2 -3  0  0 -3  1  0 -1  1 -1 -2 -1 -1  3 -3 -1  2    4  14   2   1   0   4   4   1   4   5   6   7   1   1   3   3  22   0   2  17  0.19 0.18
  266 V    2 -3 -3 -4 -3 -3 -4 -4 -4  2  0 -3 -1 -2 -4  4  1 -2 -4  3   15   1   0   0   0   0   0   0   0  14   7   0   1   1   0  33   9   0   0  19  0.54 0.33
  267 P   -1  1 -2  0 -5  1  4 -3 -2 -4 -4 -2 -4 -6  5 -1 -1 -3 -5 -2    6   7   1   5   0   4  35   1   1   0   2   1   0   0  26   4   3   0   0   3  0.78 0.37
  268 V   -2 -5 -5 -5 -4 -4 -5 -5 -5  4  4 -5  3 -2 -5 -3  1  1 -3  2    2   0   0   0   0   0   0   1   0  21  39   0   8   0   0   1   8   2   0  16  0.77 0.34
  269 S    2 -4 -2 -1  0 -2 -3  1 -1  3 -1 -3 -1  0 -4  1 -2  6  0  0   21   0   1   3   2   1   0  10   2  19   4   0   1   3   0  11   1  12   3   6  0.38 0.24
  270 L    0 -5 -5 -6  3 -4 -5 -4 -5  2  4 -5  5 -2 -5 -4 -3 -5 -4  1   10   0   0   0   6   0   0   1   0   9  47   0  15   1   0   0   1   0   0  10  0.87 0.38
  271 T    4 -4 -1 -4 -2 -3 -4 -2 -4  1 -1 -3 -2 -4 -4  2  0 -5 -4  3   37   0   2   0   1   0   0   2   0   7   4   0   0   0   0  18   5   0   0  23  0.59 0.34
  272 Y   -4  1 -4 -6 -2 -1 -5 -6  3 -3 -4 -3 -1  1 -6 -2 -1 10  5 -3    1   9   1   0   1   3   0   0   8   2   0   1   2   4   0   3   5  40  20   2  1.73 0.59
  273 L   -3  8 -3 -5 -4 -2 -4 -6  1 -5 -2  0 -3 -6 -1 -1 -4 -6 -5 -5    2  76   1   0   0   1   0   0   3   1   5   2   0   0   3   5   0   0   0   1  1.74 0.64
  274 T    1  4 -1 -1 -2  1  0 -3 -1 -2 -2  2  0 -3  0  0  1 -4 -3 -1   14  25   1   2   0   6   4   0   1   2   3  16   3   1   3   8   7   0   0   3  0.33 0.22
  275 D   -1 -1  2  5 -5  0  1  2  3 -5 -3 -2 -1 -5 -3 -1 -2 -5 -4 -4    4   3   8  36   0   4   8  17   7   0   3   1   2   0   0   4   2   0   0   0  0.64 0.31
  276 S   -1  1  3  5 -4  0  2 -2  0 -4 -5 -2 -4 -6 -1 -1 -3 -6 -5 -4    5   9  15  39   0   3  15   2   2   1   0   0   0   0   3   3   1   0   0   0  0.80 0.37
  277 R    0  2  0  0 -2  1  1 -1  1 -2 -2 -1 -1 -4  3  0  1 -4 -3  0   10  12   4   6   0   9   8   3   4   2   3   2   1   0  17   4   9   0   0   7  0.25 0.17
  278 V   -1 -2  2 -1 -3 -2 -2 -1 -3 -5 -6 -3 -3 -6 -1  6  0 -6 -5 -3    3   2  10   2   0   1   1   3   0   0   0   1   1   0   3  66   5   0   0   2  1.12 0.53
  279 P    1 -2 -4 -4 -6 -1 -1 -1 -2 -4 -5 -4 -5 -6  7 -2 -2 -1 -6 -2   14   2   0   1   0   3   4   4   1   1   0   0   0   0  61   2   1   1   0   3  1.55 0.56
  280 V    2 -1 -3 -1 -2 -1 -1 -3  0  1  2 -2  1 -1 -2 -2  0 -4 -1  2   20   2   1   4   0   2   3   1   3   7  20   1   3   2   1   0   4   0   2  21  0.19 0.17
  281 L    1 -3 -5 -6 -4 -4 -4 -5 -4  2  4 -4  1 -2 -5 -4  0 -5 -4  3   11   1   0   0   0   0   0   0   0  12  49   0   3   0   0   0   6   0   0  17  0.77 0.36
  282 R    1  4 -1  0 -4  3  1 -1  0 -4 -3  1 -2 -3 -1 -1 -1 -5 -4 -3   15  25   2   4   0  17  10   4   2   0   2   8   0   1   2   3   3   0   0   1  0.44 0.26
  283 A    2  3  3 -2 -3  1  0  0  3 -4 -2  0 -2 -4 -2  0 -1 -2 -3 -3   24  16  16   0   0   7   5   6   7   0   5   3   1   0   1   6   3   0   0   1  0.33 0.23
  284 F   -2 -6 -6 -7  2 -6 -6 -6 -5  0  2 -6  2  8 -6 -5 -3 -2 -1 -1    4   0   0   0   4   0   0   0   0   4  16   0   6  61   0   0   1   0   0   4  1.53 0.55
  285 L   -2 -1 -4 -5  1 -3 -5 -6 -5  3  4 -1  2 -1 -5 -4 -3 -2 -3  2    3   4   0   0   3   1   0   0   0  15  50   4   4   2   0   1   0   0   0  13  0.71 0.33
  286 D    2  0  0  3 -4  2  3 -1  0 -5 -4 -1 -3 -5 -3  0 -1 -5 -4 -4   23   4   4  20   0  11  19   3   2   0   0   3   0   0   0   7   4   0   0   0  0.52 0.29
  287 V   -1 -4 -5 -5  2 -3 -2 -5 -3  3  3 -4  2 -2 -5 -3  0 -3 -3  3    4   0   0   0   5   0   2   0   0  16  35   0   4   1   0   1   6   0   0  25  0.62 0.30
  288 A    3 -4 -5 -5 -1 -4 -4 -4 -5  3  2 -4  0 -2 -4 -2 -1 -5 -4  3   30   0   0   0   1   0   0   0   0  16  22   0   1   1   0   2   2   0   0  25  0.64 0.33
  289 R   -1  6 -2 -2 -5  1  1 -3 -1 -5 -4  2 -2 -4 -4 -2  0 -5  1 -4    5  50   1   2   0   6  10   1   1   0   1   8   1   0   0   1   6   0   6   0  0.88 0.39
  290 R    0  4  0  0 -5  3  4 -3  0 -5 -5  1 -3 -5 -3 -1  0 -5 -4 -4    7  25   4   3   0  14  31   1   2   0   0   7   0   0   0   3   4   0   0   1  0.67 0.31
  291 G    1 -2 -1 -2 -2 -1 -2  0  0  1  1  0  2  0 -3  0 -1 -3  0  2   14   1   4   1   0   3   1   6   3   4  14   6   8   4   0   5   2   0   2  22  0.10 0.11
  292 K    3  2 -2 -4 -3  0 -2 -3 -2 -2 -1  0 -2 -1 -3  0 -1 -3  4 -1   36  12   1   0   0   3   1   0   0   2   5   6   0   1   0   7   2   0  20   4  0.44 0.26
  293 G    3  1  0  1 -3  0  0  3 -1 -4 -3 -1 -3 -4  0  0 -1 -4 -3 -3   37   8   3   8   0   5   4  24   1   0   1   2   0   0   4   3   1   0   0   0  0.42 0.20
  294 Q   -2  4 -2  1 -5  4  5 -4  0 -5 -3  1 -3 -5 -3 -1 -2 -4 -3 -4    1  22   0   6   0  19  40   0   1   0   1   5   0   0   0   3   0   0   0   0  0.80 0.27
  295 K   -2  3  2 -2 -4  4  0 -3  4 -4 -4  3 -2 -4 -3 -1 -2 -4 -2 -4    0  19  13   0   0  29   0   0  14   0   0  24   0   0   0   0   0   0   0   0  0.70 0.20

                      K         Lambda
Standard Ungapped    0.1361     0.3223
Standard Gapped      0.0658     0.2670
PSI Ungapped         0.2155     0.3151
PSI Gapped           0.0658     0.2670
