
Last position-specific scoring matrix computed, weighted observed percentages rounded down, information per position, and relative weight of gapless real matches to pseudocounts
           A  R  N  D  C  Q  E  G  H  I  L  K  M  F  P  S  T  W  Y  V   A   R   N   D   C   Q   E   G   H   I   L   K   M   F   P   S   T   W   Y   V
    1 M   -2 -3 -4 -5 -3 -2 -4 -4 -3  0  1 -3  9 -1 -4 -3 -2 -3 -2 -1    0   0   0   0   0   0   0   0   0   0   0   0 100   0   0   0   0   0   0   0  1.53 0.27
    2 K   -1  3 -1 -2 -3  2  0 -2 -1 -3 -3  4 -2 -4 -2  1  1 -4 -3 -2    0  21   0   0   0  10   0   0   0   0   0  44   0   0   0  12  10   0   0   4  0.49 0.12
    3 S    0 -1  1  0 -2  1  1 -2  2 -1 -1 -1 -1  1 -2  2  0 -2  1 -1    3   0   6   2   0   9  11   0   8   6   8   0   0   8   0  28   6   0   6   0  0.15 0.08
    4 T   -2  0  0 -3 -3  0 -2 -3 -2  1  0 -1  6 -2  1  1  2 -3 -3  0    0   6   4   0   0   4   0   0   0   6   6   3  33   0   7  10  15   0   0   3  0.31 0.16
    5 E   -2  4 -1 -1 -1  2  2 -1 -1 -3 -2  1 -2 -1 -1 -1 -1 -3 -2 -2    0  34   1   2   2  11  19   4   0   1   3   7   0   4   3   3   4   0   0   3  0.34 0.13
    6 F   -3 -2 -4 -5 -4 -3 -4 -5  1 -1 -1 -4 -2  5 -5 -2 -3  3  8 -3    0   2   0   0   0   0   0   0   2   3   4   0   0  21   0   4   0   3  63   0  1.31 0.29
    7 H    0  1 -1 -2 -3 -1 -2  1  4 -2 -1 -1 -2 -1  2  2  0 -3  1 -2    7  10   0   0   0   1   0  13  14   2   7   0   0   2   9  25   4   0   6   0  0.23 0.11
    8 P   -1 -4 -4 -4 -4 -3 -3 -4 -4  3  0 -3 -2  2  7 -3 -2 -4 -2 -1    5   0   0   0   0   0   0   0   0  22   8   0   0  13  52   0   0   0   0   0  1.10 0.24
    9 V    0 -2  0  4 -4  0  4 -1 -2 -4 -3 -1 -3 -4 -2  1  0 -4 -3 -3    7   0   3  28   0   1  40   3   0   0   2   0   0   0   0  12   3   0   0   1  0.60 0.19
   10 H    0 -2 -1  5  0  2  0 -3  3 -4 -4 -2 -3 -1 -3 -2 -2  2  5 -3    7   1   0  36   2  13   2   0   7   0   0   0   0   0   0   1   0   2  28   0  0.68 0.24
   11 Y   -4 -4 -5 -6 -4 -4 -4 -5 -1 -3  0 -4 -2  4 -5 -4 -4  6  8 -3    0   0   0   0   0   0   0   0   0   0   8   0   0  17   0   0   0  10  65   0  1.66 0.38
   12 D   -4 -4  2  8 -6 -2 -1 -4 -3 -6 -6 -3 -5 -6 -4 -1 -3 -7 -5 -6    0   0   7  91   0   0   0   0   0   0   0   0   0   0   0   2   0   0   0   0  1.92 0.45
   13 A    0  0  1  3 -3  1  2 -2  1 -3 -4  3 -3 -4 -2  1 -1 -4 -3 -2    9   3   7  17   0   5  14   1   3   0   0  25   0   0   1  11   2   0   0   2  0.36 0.14
   14 H    1  0  1 -2 -4  1 -1 -3  7 -4 -4  1 -3  0 -3  0 -2 -3  3 -4   11   3   7   0   0   6   2   0  36   0   0  10   0   3   0   8   0   0  13   0  0.66 0.24
   15 G   -2 -4  0 -1 -5 -4 -4  7 -4 -6 -6 -4 -5 -5 -4 -2 -4 -5 -5 -5    0   0   4   2   0   0   0  94   0   0   0   0   0   0   0   0   0   0   0   0  1.83 0.41
   16 R   -2  3  1 -2 -1  1 -2 -3  2 -1  0 -1  0  2 -3 -1 -1  3  0 -1    1  25   9   0   1  10   0   0   8   1  13   0   2  12   0   5   2   4   1   6  0.23 0.15
   17 L   -1 -3 -4 -5 -2 -3 -4 -4 -3  3  4 -3  1  1 -4 -3 -1 -2  2  1    4   0   0   0   0   0   0   0   0  18  53   0   2   4   0   0   2   0   8   9  0.53 0.19
   18 R   -2  5 -1 -3 -5  0 -1 -3 -2 -4 -1  5 -2 -4  0 -1 -2 -4 -3 -4    0  30   2   0   0   0   0   0   0   0   7  54   0   0   3   3   0   0   0   0  0.85 0.29
   19 L    2 -3 -3 -3 -3 -3 -3 -3 -4  1  1 -3 -1 -3  6 -2  1 -4 -3  0   20   0   0   0   0   0   0   0   0   9  18   0   0   0  40   0   8   0   0   5  0.74 0.22
   20 P   -1  0  0 -3 -4 -3 -3 -1 -4 -5 -5 -2 -4 -5  8  0 -3 -6 -5 -4    4   5   4   0   0   0   0   4   0   0   0   0   0   0  75   7   0   0   0   0  1.81 0.38
   21 L   -2  1 -2 -3 -3 -1 -2 -3 -3  2  2  2  0  1 -1 -2 -1  2 -1  1    1  10   1   0   0   2   0   1   0  18  23  17   1   6   2   0   2   4   0  10  0.18 0.12
   22 L    0 -1 -3 -4 -3 -3 -3  1 -3 -1  2 -3  2  2 -1 -1 -1  8  0 -1    9   3   0   0   0   0   0  10   0   2  21   0   9   8   3   6   3  22   2   2  0.48 0.19
   23 F   -3 -4 -5 -5 -3 -4 -4 -5 -3  1  4 -4  2  6 -5 -4 -3 -2  0  0    0   0   0   0   0   0   0   0   0   4  48   0   4  40   0   0   0   0   0   4  0.82 0.26
   24 W   -4 -4 -2 -5 -1 -3 -4 -5  2 -1 -1 -4 -2  1 -5 -4 -4 11  5 -1    0   0   3   0   1   0   0   0   4   2   7   0   0   2   0   0   0  52  23   4  1.83 0.40
   25 L    0 -3 -4 -4  2 -3 -3 -2 -3  1  3 -3  0  1 -1 -1 -1  5 -1  1    6   0   0   0   5   0   0   3   0   3  49   0   0   6   3   5   1   9   0   9  0.36 0.16
   26 V    0 -3 -2 -3  3 -3 -3  2 -3  2  0 -3  0 -2 -3  0  1 -3 -3  2    7   0   0   0   9   0   0  20   0  15   5   0   3   0   0   5  10   0   0  26  0.25 0.13
   27 L   -2 -3 -2 -4  0 -3 -4 -3 -4  1  4 -4  1  1 -4 -3 -2  7 -1  0    3   0   3   0   2   0   0   1   0   4  57   0   3   6   0   0   2  16   0   4  0.64 0.22
   28 L    1 -3 -3 -4  0 -3 -3 -2 -3  2  3 -3  2  2 -3 -2  0  4 -1  1   14   0   0   0   2   0   0   2   0  11  34   0   5  10   0   0   4   6   0  13  0.27 0.12
   29 L   -3 -4 -4 -5 -3 -4 -4 -5 -3  1  3 -4  1  5 -4 -3 -3  4  2  1    0   0   0   0   0   0   0   0   0   3  37   0   3  36   0   0   0   6   7   9  0.66 0.20
   30 Q   -2 -2 -1 -3  1  2 -2 -4 -3  1  4 -2  2  2 -3 -2 -2 -2 -1  0    0   0   4   0   3  17   0   0   0   5  52   0   4   9   0   3   0   0   0   3  0.36 0.18
   31 A    3 -2 -1 -3  5 -2 -2 -2 -3  0  1 -2  1 -2 -2  1  0 -3 -2  0   36   0   4   0  16   0   0   0   0   4  13   0   4   0   0  12   5   0   0   4  0.30 0.14
   32 R   -3  6 -2 -3 -4 -1 -2 -4  3  1  0  2 -2 -3 -3 -2 -2 -4 -2 -2    0  61   0   0   0   0   0   0   8  11   8  13   0   0   0   0   0   0   0   0  0.78 0.26
   33 T    2 -2  0  2 -2  0 -1  0 -2 -2 -3 -1 -2 -3  2  2  1 -3  0 -1   23   0   3  19   0   4   0   7   0   0   0   0   0   0  12  15  10   0   4   3  0.29 0.12
   34 W   -4 -5 -6 -6 -4 -4 -5 -5 -3  0 -1 -5 -2  1 -2 -5 -4 11  5 -2    0   0   0   0   0   0   0   0   0   7   5   0   1   3   3   0   0  61  17   3  2.23 0.46
   35 V   -1 -4 -5 -5  3 -4 -4 -4 -4  2  2 -4  0  1 -4 -3 -2  8 -1  3    3   0   0   0   8   0   0   1   0  10  22   0   1   7   0   0   0  21   0  28  0.71 0.22
   36 L    0 -4 -4 -4 -2 -3 -4 -4 -4  4  3 -3  1 -1 -4 -2 -2 -3 -2  3    6   0   0   0   0   0   0   0   0  26  41   0   3   0   0   3   0   0   0  21  0.54 0.20
   37 F   -1 -4 -4 -5 -4 -4 -4 -3 -3 -2  0 -4 -2  7 -4 -1 -3  8  1 -3    5   0   0   0   0   0   0   2   0   0  10   0   0  54   0   6   0  21   0   0  1.20 0.32
   38 V    0 -4 -4 -4 -2 -3 -4  0 -4  4  1 -3  1 -2 -4 -3 -2 -4 -3  4    9   0   0   0   0   0   0   8   0  25   8   0   4   0   0   0   0   0   0  46  0.55 0.23
   39 I    1 -3 -4 -4 -2 -3 -4  0 -3  2  2 -3  5  2 -4 -2 -2 -3 -1  1   13   0   0   0   0   0   0   8   0  14  22   0  21  12   0   0   0   0   0  10  0.36 0.18
   40 A    4 -3 -2 -2 -2 -2  0 -2 -3 -3 -3 -2  1 -4  1  3 -1 -4 -3 -1   49   0   0   0   0   0   6   0   0   0   0   0   5   0   5  32   0   0   0   3  0.61 0.28
   41 G    2 -3 -3 -3 -2 -3 -3  4 -3  0  2 -3  2 -2 -3 -1  0 -3 -3  1   19   0   0   0   0   0   0  33   0   3  24   0   5   0   0   0   5   0   0  11  0.37 0.17
   42 A    3 -3 -2 -3 -2 -2 -2 -2 -3  1  0 -2  3 -2 -3  1  3 -4 -3  1   29   0   0   0   0   0   0   0   0   8   8   0  11   0   0  14  20   0   0  10  0.32 0.18
   43 S    0 -2  0 -2 -3  2 -2 -1 -2 -1 -1 -2  1  0 -3  4  1 -4 -2  0    3   0   4   0   0  10   0   3   0   2   4   0   6   5   0  51   7   0   0   6  0.40 0.24
   44 R    0  5 -1 -1 -4  0  0 -1 -2 -4 -3  0  1 -1  0  1  0  0 -3 -3   10  48   1   3   0   2   5   5   0   0   0   0   4   3   3   9   6   1   0   0  0.48 0.22
   45 E   -1  2  0  1 -4  3  2  0  1 -1 -3  0 -1 -4  1  0 -1 -4 -3 -3    3  11   2   6   0  23  17   8   3   5   0   3   1   0   8   8   2   0   0   0  0.31 0.15
   46 Q    0 -2  0  3 -4  4  0  1  0 -4 -4 -1 -3 -5  3  1 -2 -4 -3 -4    6   0   3  19   0  30   2  11   2   0   0   0   0   0  17  12   0   0   0   0  0.56 0.23
   47 G   -1  2 -1  1 -4  1  1  5 -2 -4 -4 -1 -3 -4 -3  0 -1 -4 -4 -4    2  14   0   8   0   5  10  51   0   0   0   0   0   0   0   3   3   0   0   0  0.66 0.21
   48 T    1 -2  1  2 -2 -1  0  2 -2 -2  0 -1 -1 -2 -2  2  1 -3  0 -1   13   0   6  11   0   0   6  15   0   0  11   3   0   0   0  17   8   0   4   3  0.14 0.09
   49 A    1  1  0  3 -3  2  1  0 -1 -3 -3  0 -2 -3 -1  0  1  2 -2 -2   15  11   2  19   0   9   9   5   1   0   1   5   0   0   2   2  13   3   0   1  0.23 0.11
   50 L   -2 -3 -4 -4 -2  0 -3 -5 -3  3  4 -3  1  2 -4 -3 -1  3 -1  1    0   0   0   0   0   5   0   0   0  19  56   0   2   7   0   0   4   4   0   2  0.52 0.18
   51 L   -2 -3 -4 -5 -2 -3 -4 -5 -4  1  5 -4  5 -1 -4 -3 -2 -3 -2  2    0   0   0   0   0   0   0   0   0   4  64   0  19   0   0   0   0   0   0  13  0.77 0.23
   52 N    1  0  2 -1 -2  1  1  1 -1 -3 -3  0 -1 -3 -1  2  1 -4 -3 -2   17   4  12   0   0   7  11   9   0   0   0   4   1   0   1  23  11   0   0   1  0.26 0.11
   53 L    0 -2 -3 -4 -2 -1 -3 -3 -3  2  3 -1  2  2 -3 -2 -1  2  0  0    8   0   0   0   0   4   0   0   0  15  41   5   5  12   0   0   2   4   2   2  0.29 0.12
   54 F   -2 -4 -4 -5  0 -4 -4 -5 -3  2  2 -4  0  7 -5 -3 -3 -1  1  1    3   0   0   0   3   0   0   0   0  11  19   0   0  57   0   0   0   0   0   7  0.84 0.24
   55 Y   -1 -4 -4 -5 -4 -3 -4 -5  0 -1 -2 -4  0  4 -5 -3 -3  4  8 -3    5   0   0   0   0   0   0   0   0   3   0   0   3  12   0   0   0   5  72   0  1.49 0.35
   56 P   -2 -1 -3 -3 -5  0 -1 -4  2 -4 -2  0 -4 -5  8 -2 -2 -5 -4 -4    0   3   0   0   0   3   2   0   6   0   4   5   0   0  75   0   2   0   0   0  1.73 0.33
   57 D   -2  0  0  5 -4  1  2  0  0 -3 -3 -1 -3 -4 -3  1  0 -5 -2 -2    0   4   3  39   0   8  11   5   3   1   2   1   0   0   0  11   7   0   1   3  0.50 0.22
   58 H   -2  2  1  0 -4  0 -1 -3  5 -1 -3  3  0 -1 -2  0  1 -4 -2 -2    0   9   7   6   0   2   0   0  20   5   0  27   3   3   1   7   9   0   0   2  0.41 0.22
   59 D   -1 -1  2  2 -3  2  1  0  1 -1 -3 -1 -2  0 -3  2  0 -3  0 -1    1   1  13  14   0  11   8   7   4   4   1   0   1   6   0  18   4   0   3   4  0.21 0.14
   60 N   -1 -1  1  2 -3  1  0 -2  2 -1  0 -1  2 -2 -3  1  1 -3  0 -1    5   3   8  15   0   7   3   1   7   3  10   0  10   0   0  13  10   0   3   2  0.17 0.13
   61 F    1  2 -2 -2 -2  2 -1 -2 -1 -1  1  0  0  3 -2 -1 -1 -2  0 -1   20  20   0   0   0  20   0   0   0   0  20   0   0  20   0   0   0   0   0   0  0.16 0.05
   62 W   -1 -4 -4 -5 -3 -3 -4  0 -2 -1  0 -4  0  3 -4 -3 -1  8  5 -2    5   0   0   0   0   0   0   7   0   3   9   0   2  14   0   0   4  26  29   2  0.94 0.25
   63 L    0 -3 -2 -3 -2 -2 -3 -3 -3  2  3 -3  2  0  1 -1 -1  1  0  2    6   0   1   0   0   0   0   0   0  17  34   0   6   1   7   6   3   2   3  14  0.26 0.11
   64 G    2 -3 -1 -2  1 -2 -2  5 -3 -3 -3 -2  0 -3 -3  2 -1  2 -3 -3   20   0   0   0   3   0   0  51   0   0   0   0   4   0   0  15   0   3   0   0  0.64 0.18
   65 L   -1 -3 -4 -4  2 -3 -4 -4 -4  1  4 -3  2  1 -4 -1 -1 -3 -2  0    4   0   0   0   4   0   0   0   0   7  66   0   4   4   0   4   3   0   0   3  0.51 0.18
   66 I    2 -3 -3 -3  3 -2 -3  0 -3  1  2 -2  1  1 -3  0  0 -3 -1  1   25   0   0   0   7   0   0   6   0  10  23   0   5   6   0   4   5   0   0   9  0.17 0.09
   67 P    1 -2 -2 -3  3 -2 -2 -2 -3  1  1 -2  2 -2  2  0  2 -3 -2  1   18   0   0   0   7   0   0   0   0  14  10   0   9   0  12   7  17   0   0   6  0.22 0.09
   68 G    1 -3 -1  2 -3 -2 -2  4 -3  0 -3 -2 -2 -3 -2  2 -1 -4 -3 -2   15   0   0  13   0   0   0  43   0  11   0   0   0   0   0  19   0   0   0   0  0.48 0.14
   69 I    0 -3 -3 -4  2 -3 -3 -3 -3  2  2 -3  1  1 -3 -1  0 -3 -1  3    7   0   0   0   5   0   0   0   0  13  24   0   4   8   0   6   4   0   0  30  0.26 0.10
   70 P   -4 -4 -5 -5 -6 -5 -4  2 -5  0 -4 -4 -5 -6  8 -2 -3 -7 -6 -3    0   1   0   0   0   0   0  13   0   6   1   0   0   0  73   3   1   0   0   1  1.99 0.60
   71 A    5 -4 -3 -4 -3 -3 -3  0 -4  0 -2 -3 -3 -4 -2  2  0 -5 -4  1   58   0   0   0   0   0   0   5   0   6   2   0   0   0   1  15   5   0   0   8  0.76 0.38
   72 V   -1 -5 -5 -6 -3 -4 -5 -6 -5  3  4 -5  3  1 -5 -4 -3 -4 -3  3    6   0   0   0   0   0   0   0   0  16  41   0   7   7   0   0   0   0   0  23  0.80 0.36
   73 L    0 -5 -5 -6 -4 -4 -5 -3 -5  2  5 -5  1  1 -3 -3 -3 -4 -3  2    9   0   0   0   0   0   0   2   0  11  54   0   2   6   1   2   0   0   0  12  0.76 0.37
   74 A    2 -4 -4 -4  1 -3 -4  0 -4  0  2 -3  1  1  0 -2  0 -4 -1  2   24   0   0   0   3   0   0   7   0   3  25   0   3   6   4   1   6   0   2  17  0.31 0.24
   75 F   -4 -5 -5 -6  2 -4 -5 -6 -4  0  3 -5  6  4 -5 -4 -1 -3  3  1    0   0   0   0   4   0   0   0   0   4  27   0  22  18   0   0   3   0  10  11  0.85 0.41
   76 L   -3 -5 -6 -6 -4 -5 -6 -2 -5  1  4 -5  0  2 -6 -3 -4  8  0  1    2   0   0   0   0   0   0   4   0   8  40   0   2   9   0   1   0  22   2  11  1.05 0.44
   77 L    1 -1 -5 -5  3 -4 -5 -5 -5  2  4 -4  1 -1 -5 -3 -3 -4 -1  1   14   4   0   0   5   0   0   0   0  10  50   0   3   2   0   2   0   0   1   9  0.66 0.35
   78 S    1 -1 -1 -3  2 -2 -3 -3 -3  2 -1 -3  1  1 -4  2  1 -3  2  2    9   4   2   0   4   1   0   1   0  12   5   0   4   6   0  23   8   0   8  14  0.24 0.22
   79 G   -1 -4 -2 -2 -1 -3 -1  4 -4  0 -2 -3 -4 -1  3  3 -1 -5 -2 -4    2   0   1   2   1   0   5  35   0   7   3   0   0   3  14  22   4   0   1   0  0.57 0.34
   80 R   -1  4 -1 -4 -2  2 -1 -2  0 -3  1  0 -2  2 -4 -2 -3 -3  0 -2    6  30   2   0   1  10   2   4   2   0  19   4   0  12   0   1   0   0   3   3  0.39 0.27
   81 R   -2  7 -3  0 -6 -2  1 -5 -4 -6 -3  1 -4 -6 -5 -4 -1 -6 -5 -5    4  68   0   5   0   0  10   0   0   0   2   6   0   0   0   0   3   0   0   0  1.49 0.60
   82 A   -1  2  1 -1 -4  2  1 -1  5 -4 -4  1 -3 -3  1  1 -1 -4  0 -3    5  13   6   3   0   8   8   5  18   0   1   8   0   1   7  11   2   0   3   1  0.39 0.24
   83 T    0  2  1  0 -5  1  0 -2  2 -4 -2  2 -1  0  2  0 -1  4 -3 -3    7  12   5   6   0   6   5   2   6   0   3  15   2   4  11   6   3   5   0   2  0.28 0.25
   84 F   -1  0 -1  0 -3  0 -1 -1 -1  1  1 -1  1  2  0 -2 -1  6  1  0    3   5   4   5   0   5   2   4   2   8  15   3   3  11   4   2   3  10   4   5  0.18 0.16
   85 P    0  2  1  1 -4  1  0  0  2 -4 -4  0 -3 -1  3  0  0  5 -2 -4    6  13   5   8   0   6   4   7   5   0   0   5   0   4  15   6   8   8   0   0  0.34 0.25
   86 R   -1  3  0 -3 -4  1 -2 -1  2 -1 -2  2 -2  0  1  0 -1  3  1 -1    4  22   4   0   0   5   0   5   5   3   3  14   0   4   8   6   4   4   4   5  0.24 0.22
   87 T   -1 -2  0 -3 -1  1 -3 -3  0  1  3 -1  0 -1 -3  0  0 -1 -1  1    4   1   6   1   1   6   0   1   2   9  38   5   2   2   1   9   4   1   2   7  0.23 0.21
   88 W   -2 -2 -6 -1 -6 -6 -6  1 -6  0 -4 -6  1  1 -7 -6 -6 11 -2  0    3   3   0   5   0   0   0   9   0   5   1   0   4   4   0   0   0  57   0   8  2.26 0.80
   89 R   -1  6  0 -4 -5  1 -3 -2  0 -5 -4  1 -4 -5  0  1 -2  0 -2 -2    6  48   4   0   0   7   0   2   2   0   1   8   0   0   5  10   1   1   2   4  0.79 0.43
   90 V    2 -2 -3 -4  1 -1 -2  0  2 -1 -1 -1  2  1 -3 -1 -1  6  2  0   20   2   1   0   3   3   2   8   6   2   6   3   6   5   1   4   3  12   8   7  0.29 0.22
   91 L   -1  0 -4 -5 -4 -3 -4  1 -4  2  2 -2  3  1 -4 -1 -3  6 -2  1    6   6   0   0   0   0   0  12   0  13  22   2  10   6   0   4   0  11   0   8  0.41 0.27
   92 Y   -1  5 -3 -4 -5 -1 -3 -2 -3 -2 -2  2 -3  0 -4 -2  2  4  3 -4    4  36   0   0   0   2   0   3   0   3   3  14   0   4   0   2  15   5  10   0  0.68 0.41
   93 F   -4 -2 -5 -6 -5 -1 -5  0 -2 -3  2 -4 -1  0  2 -2 -2 10  1 -3    0   2   0   0   0   3   0   9   1   1  22   1   2   3  11   3   3  35   5   1  1.22 0.53
   94 L   -3 -5 -5 -6 -1 -4 -5 -3 -5  2  4 -5  0  1  1 -4 -2  0  0  3    1   0   0   0   1   0   0   3   0  11  45   0   2   5   8   0   1   1   3  19  0.64 0.35
   95 L   -3 -2 -5 -6 -4 -4 -5 -6 -5  2  5 -2  3 -2 -5 -2  1  1  0  0    2   3   0   0   0   0   0   0   0   8  59   2   6   0   0   2   9   2   3   5  0.80 0.42
   96 L    0 -2 -5 -5  4 -4 -4 -5 -4  3  3 -3  2 -2 -1 -2 -3  4  0  2    7   3   0   0  11   0   0   0   0  18  29   1   6   0   3   2   0   6   3  13  0.53 0.30
   97 L    1 -1 -4 -4  2 -3 -4  0  0  1  3 -3  2  0 -3 -1 -2 -4 -1  1   16   3   0   0   4   0   0   7   3   5  36   0   6   2   1   4   2   0   2   9  0.30 0.24
   98 A    3 -4 -2 -2  1 -3 -3  0 -4  0  1 -3  0 -3 -3  2  2 -4 -2 -1   27   0   1   1   3   0   0   7   0   5  15   0   2   0   0  20  14   0   1   3  0.35 0.29
   99 Q    1 -1 -3 -3  1  5 -2 -4 -2  0  2 -2  1 -2 -4 -2 -1 -1 -1  1   11   2   0   1   4  29   0   0   1   5  26   0   3   1   0   2   2   1   2  12  0.40 0.32
  100 V    1 -4 -4 -5  1 -4 -4 -2 -4  2  3 -4  1  2 -4 -1 -2 -1 -2  2   14   0   0   0   3   0   0   3   0  12  34   0   3  11   0   6   1   1   0  13  0.39 0.25
  101 V    2 -4 -3 -1 -3 -3 -3  0 -4  2  1 -3  1  0 -3  0 -1 -2 -3  3   20   0   0   4   0   0   0   9   0  11  13   0   3   3   0   6   3   1   0  27  0.27 0.23
  102 L   -1 -3 -1  4 -4  4 -1 -3 -3 -1  2 -2  3 -4 -4 -1 -1 -5 -4 -2    6   0   2  29   0  20   2   1   0   3  20   0  10   0   0   3   3   0   0   1  0.51 0.35
  103 L    0 -4 -4 -4  0 -4 -4  0 -4  1  4 -4  2  0 -4 -2  1 -4 -3  1    6   0   0   0   2   0   0   9   0   5  50   0   5   3   0   1  12   0   0   7  0.50 0.31
  104 C    1 -3 -3 -4  4 -3 -3  1 -4  2  1 -3  3 -1 -3  0  0 -4 -3  1   16   0   0   0  10   0   0  12   0  12  16   0  10   1   0   5   4   0   0  12  0.31 0.22
  105 W   -3 -1 -3 -1 -4  1 -3 -2  2  0  2 -3  0  2 -4 -1 -3  8  3 -1    1   3   0   3   0   7   0   4   5   5  22   0   2  10   0   5   0  20  10   2  0.59 0.31
  106 Q   -1 -2 -2  0 -4  5 -2 -2  5  0  2 -2 -2 -3 -3 -1  0 -4 -3 -2    4   0   0   5   0  31   0   4  16   4  21   0   0   0   1   5   7   0   0   2  0.51 0.36
  107 P    0  0 -2 -3  3  1 -2  0  2  0  0 -1 -1  1  1  0  0 -3 -1  0    8   8   0   0   8   8   0   8   8   8   8   0   0   8   8   8   8   0   0   8  0.09 0.13
  108 W   -1 -1 -3 -4 -4  1 -1 -2  1  0  1 -2  1  0 -4  0 -3  4  5  1    4   3   0   0   0   7   4   4   4   4  13   2   4   3   0   9   0   5  23  11  0.35 0.30
  109 L   -2  1 -2 -3 -4  3 -2 -3  0  1  4 -3  3 -1 -5 -2 -3 -4 -1  0    2   9   2   2   0  13   2   2   2   5  43   0   6   2   0   3   0   0   2   5  0.50 0.38
  110 W    1 -4 -1 -4 -4 -4 -2 -4 -4  2  2 -4  3  0 -4 -2 -1  8  1  1   12   0   4   0   0   0   2   0   0  10  19   0   9   3   0   3   3  21   3   9  0.68 0.38
  111 L    0 -1 -1 -3 -3  0 -2 -2  2  1  1 -1  0 -1  0  0  0  4  1  0    8   4   2   0   0   5   2   3   7   8  20   2   2   2   5   6   5   6   6   8  0.12 0.14
  112 N    0 -1  1  0 -4  3  0  1  4 -1 -1 -1 -1 -2 -4  0 -1  2  0 -2    7   3   8   4   0  18   4  12  14   3   7   2   1   1   0   6   3   3   2   2  0.27 0.26
  113 G    0  0  1  2 -4  2  0  3  3 -3 -3  0 -1 -4 -3  1  0 -4 -1 -3    6   4   5  11   0   9   4  23   9   2   1   5   2   0   0  11   5   0   2   2  0.30 0.24
  114 E   -1 -2  0  1 -5  0  2  0  6 -4 -3 -3  1  1 -1 -2 -2  6  2 -1    4   2   4   8   0   4  12   8  19   0   2   0   4   6   3   1   1  10   6   5  0.48 0.35
  115 S    1 -1 -1 -1 -4 -1 -1  2  0  0 -1 -2 -2  2  2  0 -1 -1  3 -2   12   3   3   2   0   2   4  18   2   5   6   1   0  10   9   6   4   1  11   1  0.18 0.19
  116 V    0 -1 -4 -2 -4  1 -1 -4  0 -1  1 -3  0  4  0 -1 -2  2  0  2    7   4   0   3   0   8   3   0   2   1  17   0   2  23   4   6   2   2   2  14  0.30 0.27
  117 S   -3 -4  1 -1 -5 -2 -1 -1  3 -5 -4 -4 -4  5  0  4  0  5  1 -5    0   0   7   3   0   1   4   4   7   0   0   0   0  23   5  29   5   7   5   0  0.69 0.48
  118 G   -1 -2  0  0 -5 -1 -1  2  0 -5 -2 -2 -1 -2  2  1 -2  8 -1 -5    4   2   4   7   0   3   3  17   2   0   4   2   2   1  11  13   2  22   1   0  0.71 0.45
  119 I    0 -5 -2 -5 -4 -1 -3 -5 -1  3  2 -4  0 -1  0  0 -1  7 -3  1   10   0   2   0   0   2   2   0   2  17  22   0   2   2   5   7   3  17   0   9  0.57 0.38
  120 G    1 -1  1  0 -3 -2 -1  2 -1 -1 -1 -2  0  0  1  1  2  1 -1 -2    9   3   7   5   0   0   2  18   1   3   5   0   2   4   7  11  16   2   2   2  0.18 0.21
  121 L    2 -2  0 -4 -3 -3 -4  1 -1  2  3 -3  1 -2 -4 -1 -2  4 -1 -1   17   3   6   0   0   0   0  11   1  11  33   1   3   1   0   5   1   5   2   2  0.30 0.24
  122 A    4 -4 -4 -4 -1 -4 -4  0 -4  1  2 -4  0 -1 -4 -1  0  0 -3  2   38   0   0   0   1   0   0   7   0   6  21   0   2   3   0   4   4   1   0  13  0.45 0.31
  123 L   -2 -4 -4 -1 -3 -2 -4 -5 -4  2  4 -1  2  1 -4 -1  2 -4 -3  2    1   0   0   3   0   2   0   0   0  10  40   5   5   5   0   4  13   0   0  12  0.46 0.29
  124 V    1 -3 -4 -3  0  1 -3 -3 -4  1  3 -3  1 -1 -2 -1  1  0 -3  1   12   0   0   1   2   8   0   2   0   7  34   0   4   2   2   4  11   1   0  10  0.29 0.24
  125 V   -1 -5 -6 -6  2 -5 -5 -4 -5  2  4 -5  4 -1 -5 -4 -3 -4 -2  3    5   0   0   0   5   0   0   1   0  12  46   0   9   2   0   0   0   0   1  19  0.83 0.40
  126 A    1 -5 -5 -6 -4 -4 -5 -2 -5  1  4 -5  1  4 -5 -4 -2 -4 -2  2   11   0   0   0   0   0   0   4   0   5  45   0   3  16   0   0   2   0   0  13  0.69 0.37
  127 D   -1 -4 -3  5 -4 -3 -3 -3 -4  0  3 -4  0 -3 -4  0 -1 -5  0 -2    4   0   0  38   0   0   0   1   0   6  34   0   1   0   0   6   4   0   3   1  0.71 0.41
  128 I    1 -4 -4 -5 -1 -4 -4 -1 -4  2  3 -4 -1  3 -4 -1 -1  3 -2  2   10   0   0   0   1   0   0   6   0  14  33   0   0  12   0   6   2   4   0  12  0.43 0.27
  129 V   -1 -5 -6 -6 -5 -5 -5 -2 -5  1  1 -5 -1  3 -6 -1 -3 10  0  1    5   0   0   0   0   0   0   4   0   8  16   0   1  10   0   7   1  37   2  10  1.30 0.53
  130 A    4 -4 -3 -4  5 -4 -4 -1 -4  0  0 -4 -3  3 -4  1 -3  5  0 -1   33   0   1   0  11   0   0   3   0   4   8   0   0  12   0  13   0   8   2   3  0.57 0.35
  131 L   -2 -5 -5 -5  0 -4 -5  0 -5  1  4 -5  3  2 -5 -2 -3 -4 -3  1    3   0   0   0   2   0   0  10   0   6  51   0   9   7   0   3   1   0   0   9  0.68 0.37
  132 I    0 -5 -5 -6 -4 -4 -5 -4 -4  4  3 -5  1  1 -5 -3 -3  6  3  1    8   0   0   0   0   0   0   1   0  25  28   0   2   5   0   2   0  12  10   6  0.74 0.36
  133 W   -1 -6 -6 -7 -1 -5 -2 -6 -3 -3 -1 -6  2  1 -7 -5 -4  9  8 -5    6   0   0   0   1   0   3   0   0   1   6   0   5   4   0   0   1  28  44   0  1.88 0.71
  134 L   -4 -5 -6 -7  0 -5 -6 -7 -5  1  5 -5 -1 -1 -6 -5 -4  1  3  2    0   0   0   0   2   0   0   0   0   7  65   0   0   1   0   0   0   2  10  14  1.16 0.52
  135 L    0 -4 -3 -5  0 -2 -4 -5 -4  1  4 -2  1  2 -5 -1 -2  5  2  0    8   0   1   0   2   2   0   0   0   7  41   2   3   8   0   5   1   8   7   6  0.51 0.30
  136 T   -2  3  1 -3 -4  0 -2 -4 -3 -2 -1  3 -2  0  1  0  2 -4  0 -2    2  16   8   0   0   3   0   0   0   2   5  24   1   4   8   8  13   0   3   2  0.35 0.27
  137 N   -3 -3  4  2 -5  0 -3 -1  2 -6 -6  0 -5 -6 -4  5 -2 -6 -5 -5    0   0  19  10   0   3   0   3   4   0   0   6   0   0   0  55   0   0   0   0  1.05 0.55
  138 R   -3  6 -2 -4 -5  1 -1 -5 -1 -4 -4  4 -4 -6 -1  2 -2 -6 -4 -3    1  46   1   0   0   5   2   0   1   1   1  22   0   0   3  14   1   0   0   2  0.97 0.47
  139 R   -4  7 -3 -5 -6  0 -3 -5  6 -6 -5 -2 -5 -2 -5  0 -1  4  0 -6    0  57   0   0   0   4   0   0  19   0   0   0   0   2   0   6   3   6   3   0  1.47 0.62
  140 L   -2 -5 -2 -6  1 -5 -5 -6 -5  0  5 -5  1 -2 -5 -4 -2  0  2  3    2   0   3   0   3   0   0   0   0   2  58   0   2   0   0   0   1   2   7  20  0.88 0.43
  141 R   -3  6 -3 -4 -6  0 -3 -4  0 -2 -1  4 -4 -5 -1 -1 -2 -5 -2 -4    1  53   0   0   0   4   0   1   2   2   6  23   0   0   3   3   2   0   1   0  1.08 0.49
  142 A    3 -2 -1  5 -4 -1  0 -3  0 -1 -2 -3 -3  0 -3 -1 -1 -4  2 -2   29   1   2  34   0   1   4   0   2   4   4   0   0   4   0   2   4   0   7   2  0.48 0.31
  143 C   -3 -5 -5 -6  9 -5 -6 -5 -4  1 -2 -5 -1  0 -5  0 -2 -4  4  1    0   0   0   0  48   0   0   0   0   9   3   0   1   3   0   7   2   0  15  11  1.45 0.53
  144 F   -6 -6 -7 -7 -6 -7 -7 -7 -5 -3  0 -7 -3  9 -7 -2 -5 -3  0 -4    0   0   0   0   0   0   0   0   0   0   6   0   0  91   0   3   0   0   0   0  2.53 0.76
  145 Y    2 -1  1  0 -3 -1 -2 -2  2 -2 -1  0 -2  2 -3  2  0 -3  2 -1   18   3   9   7   0   2   0   0   6   0   6   4   0  10   0  22   4   0   7   2  0.20 0.18
  146 E   -1 -3  2  4 -4 -1  2 -2 -1 -3 -2 -2 -3 -3  3  1 -2 -5 -4 -2    4   0  10  27   0   2  17   1   1   1   4   0   0   1  18  11   0   0   0   3  0.53 0.25
  147 V    0 -3 -3  1 -4  1  2 -2 -3 -3 -4 -1 -3 -3  2  0 -3  9 -2 -2    8   0   0   8   0   7  18   3   0   1   0   3   0   0   9   8   0  33   0   3  0.96 0.33
  148 K   -1  2  0  0 -4  0  1 -3  1 -4 -4  3 -3 -5  6 -1 -2 -5 -4 -3    4  11   4   5   0   1  10   0   3   0   0  19   0   0  36   4   1   0   0   2  0.76 0.24
  149 E   -2  2  2  2 -5  2  5 -3 -1 -5 -4  2 -3 -5 -3 -1 -2 -5 -3 -4    0  10  11  11   0   8  49   0   0   0   0  11   0   0   0   0   0   0   0   0  0.77 0.24

                      K         Lambda
Standard Ungapped    0.1453     0.3317
Standard Gapped      0.0458     0.2670
PSI Ungapped         0.1482     0.3195
PSI Gapped           0.0458     0.2670
