
Last position-specific scoring matrix computed, weighted observed percentages rounded down, information per position, and relative weight of gapless real matches to pseudocounts
           A  R  N  D  C  Q  E  G  H  I  L  K  M  F  P  S  T  W  Y  V   A   R   N   D   C   Q   E   G   H   I   L   K   M   F   P   S   T   W   Y   V
    1 M   -3 -4 -5 -5 -4 -3 -4 -5 -4 -1  0 -4 10 -2 -5 -4 -3 -4 -3 -1    0   0   0   0   0   0   0   0   0   0   0   0 100   0   0   0   0   0   0   0  2.25 0.41
    2 A    4 -3 -2 -2 -2 -2 -2  1 -3 -3 -3 -2 -3 -4  4  2  1 -4 -3 -2   45   0   0   0   0   0   0  10   0   0   0   0   0   0  21  16   7   0   0   0  0.63 0.16
    3 F   -2 -3 -3 -4 -3 -2 -3 -4 -1  2  0 -1  3  5 -3 -2  0 -2  1  2    0   0   0   0   0   0   0   0   2  13   4   3  14  32   1   0   8   0   4  18  0.43 0.14
    4 N   -1 -2  7  3 -3  1 -1 -2 -1 -5 -5 -2 -4 -5 -2  1 -1 -5 -4 -4    3   0  64  14   0   5   1   0   0   0   0   0   0   0   1   9   1   0   0   0  1.06 0.26
    5 M   -3 -4 -5 -5 -3 -4 -5 -5 -4  0  6 -4  1  2 -4 -4 -3 -3 -2  0    0   0   0   0   0   0   0   0   0   2  86   0   2   8   0   0   0   0   0   2  1.10 0.27
    6 H   -1  4 -1 -2 -4  0 -1 -3  3 -3 -3  3 -2 -1 -3  0 -1 -1  3 -3    3  31   1   0   0   3   1   0   8   0   1  27   0   2   0   5   2   0  13   0  0.55 0.18
    7 N   -2 -2  5 -2 -4  1 -2  5  1 -5 -5  0 -4 -5 -4 -1 -2 -5 -4 -5    0   1  37   0   0   8   0  45   4   0   0   4   0   0   0   1   0   0   0   0  0.96 0.24
    8 R   -3  7 -2 -4 -6  0 -2 -4  0 -5 -4  3 -4 -5 -4 -3 -3 -5 -4 -5    0  85   0   0   0   1   0   0   1   0   0  12   0   0   0   0   1   0   0   0  1.67 0.35
    9 N   -2 -2  4  0 -4 -2 -2 -2  7 -5 -5 -2 -4 -4 -2  4 -1 -5 -2 -4    0   0  21   3   0   0   0   0  29   0   0   0   0   0   1  45   0   0   0   0  0.99 0.28
   10 L   -4 -5 -5 -6 -4 -5 -5 -5 -3 -1  2 -5 -1  8 -6 -4 -4 -1  2 -1    0   0   0   0   0   0   0   0   0   0  19   0   0  73   0   0   0   0   5   2  1.51 0.31
   11 L   -3 -4 -5 -6 -3 -4 -5 -6 -5  0  6 -3  0 -1 -5 -4 -2 -4 -3 -1    0   0   0   0   0   0   0   0   0   1  95   1   0   0   0   0   2   0   0   1  1.26 0.30
   12 S   -1  3 -1 -2 -3 -1 -1 -3 -2 -3 -4  4 -3 -4 -3  1  4 -4 -3 -3    1  13   1   0   0   0   0   0   0   0   0  40   0   0   0  11  32   0   0   0  0.68 0.22
   13 L   -3 -3 -4 -4 -3 -3  2 -5 -4  0  5 -3  2 -2 -4 -4 -3 -4 -3 -1    0   0   0   0   0   0  17   0   0   0  78   0   3   0   0   0   0   0   0   1  0.92 0.26
   14 M   -1 -1 -3 -3 -3 -1 -3 -4 -3  1  4  1  3 -1 -4 -2 -1 -3 -2  0    3   3   0   1   0   2   0   0   0   3  55  14  10   0   0   1   3   0   0   4  0.46 0.17
   15 H   -4 -4  0  8 -6 -2  0 -3  2 -6 -6 -3 -5 -6 -4 -2 -3 -6 -5 -5    0   0   2  90   0   1   1   0   6   0   0   0   0   0   0   0   0   0   0   0  1.86 0.37
   16 H   -4 -4 -4 -5 -4 -4 -4 -5  3 -2 -1 -5 -2  8 -5 -4 -4  1  4 -3    0   0   0   0   0   0   0   0   8   0   4   0   0  70   0   0   0   1  16   0  1.55 0.32
   17 S   -1 -3 -1 -3 -3 -2 -2 -3 -3 -3 -3 -2 -2 -4 -3  3  6 -5 -4 -2    1   0   2   0   0   0   1   0   0   0   0   1   1   0   0  25  69   0   0   0  1.11 0.31
   18 T    1 -2 -2 -2 -4  0  0 -2 -3 -4 -4  0 -3 -5  6  1  1 -5 -4 -3   12   1   0   0   0   4   6   2   0   0   0   5   0   0  51   9  10   0   0   0  1.06 0.22
   19 R    1  2 -1  1 -4  1  4 -3 -1 -4 -3  1 -3 -4 -2 -1 -1 -4 -3 -3   16  16   1   8   0   5  40   0   0   0   0   8   0   0   0   2   2   0   0   1  0.53 0.17
   20 E   -3 -2 -2  2 -6  1  7 -4 -2 -6 -5 -1 -4 -6 -3 -2 -3 -5 -4 -5    0   0   0   9   0   3  87   0   0   0   0   0   0   0   0   0   0   0   0   0  1.61 0.36
   21 L   -3 -5 -5 -5 -3 -4 -5 -5 -5  6  1 -4  1  2 -5 -4 -3  4 -2  1    0   0   0   0   0   0   0   0   0  68   9   0   3  10   0   0   0   5   0   5  0.99 0.25
   22 R   -1  4  1 -1 -3  2  2 -2  2 -2 -1  1 -1 -3 -3 -1  0 -3 -2 -2    3  27   7   2   0  10  13   3   6   1   9   6   1   0   0   2   8   0   0   1  0.27 0.11
   23 Y    0 -3 -3 -4 -4 -2 -2  0  2 -3 -2 -3 -3  4 -4 -1 -2  0  7 -3    8   1   1   0   0   2   3   8   5   0   1   0   0  17   0   3   1   0  51   0  0.93 0.25
   24 L   -3 -4 -5 -6 -3 -4 -5 -6 -4  0  6 -4  2  1 -5 -4 -3 -3 -1  0    0   0   0   0   0   0   0   0   0   0  86   0   5   5   0   0   0   0   2   3  1.11 0.27
   25 L   -3 -4 -5 -5 -3 -4 -5 -5 -5  3  5 -4  1 -1 -5 -4 -2 -4 -3  1    0   0   0   0   0   0   0   0   0  14  78   0   0   0   0   0   0   0   0   7  1.01 0.25
   26 D   -1 -1  1  6 -5  0  2 -2 -2 -4 -5  1 -4 -5 -3 -1 -1 -5 -4 -4    4   3   6  57   0   3  10   1   0   0   0  10   0   0   0   2   3   0   0   0  0.89 0.22
   27 L   -3 -4 -5 -6 -3 -4 -5 -6 -4  0  6 -4  1 -1 -5 -4 -3 -4 -2 -1    0   0   0   0   0   0   0   0   0   0  97   0   1   0   0   0   0   0   1   1  1.35 0.31
   28 S    5 -3 -2 -3 -2 -2 -2 -2 -3 -4 -4 -2 -3 -4 -3  4 -1 -5 -4 -3   57   0   0   0   0   0   0   0   0   0   0   0   0   0   0  43   0   0   0   0  0.98 0.29
   29 R    4  2 -2 -2 -2  0  1 -1  0 -1 -3  2 -1 -3 -2  0 -1 -4 -3 -2   50  13   0   0   0   2   8   1   2   3   1  14   1   0   0   3   0   0   0   1  0.42 0.17
   30 D   -2  0  1  4 -5  2  4 -3 -2 -4 -4  1 -3 -4 -3  0 -1 -1 -2 -4    1   3   6  32   0  10  30   0   0   0   0  10   0   0   0   3   2   1   1   0  0.69 0.18
   31 L   -3 -4 -5 -6 -3 -4 -5 -6 -5  0  6 -4  0  2 -5 -4 -3 -3 -2 -1    0   0   0   0   0   0   0   0   0   0  89   0   0   9   0   0   0   0   0   1  1.19 0.29
   32 K   -3  0 -2 -3 -6 -1 -1 -4 -3 -5 -5  8 -4 -6 -3 -2 -3 -5 -4 -5    0   0   0   0   0   0   0   0   0   0   0 100   0   0   0   0   0   0   0   0  1.83 0.40
   33 R    3  3  0  0 -3  1  1 -1  0 -3 -3  2 -2 -3 -2  0  0 -4 -3 -2   34  19   3   5   0   5  10   1   2   0   0  11   0   0   0   5   3   0   0   0  0.34 0.13
   34 A    4 -2 -2  1 -2 -1  0 -2 -3 -2 -1  2  1 -3 -2  0 -1 -4 -3 -2   54   0   1  11   0   1   5   0   0   0   6  14   5   0   0   2   1   0   0   0  0.44 0.18
   35 K   -3  2 -2 -3 -5 -1 -1 -4 -3 -5 -5  7 -4 -5 -3 -2 -3 -5 -4 -5    1   7   0   0   0   0   0   0   0   0   0  92   0   0   0   0   0   0   0   0  1.62 0.37
   36 Y   -1  3 -2 -3 -4 -1 -2 -4 -1 -3 -1  4 -1 -1 -3 -2 -2 -2  6 -3    4  19   0   0   0   1   0   0   0   0   5  35   2   0   0   1   0   0  33   0  0.76 0.23
   37 T    3 -1  2 -1 -1  0  0 -1 -2 -2 -2  0 -1 -3 -2  2  1 -4 -3 -1   40   1  11   1   1   3   6   1   0   1   2   3   2   0   0  14  11   0   0   1  0.31 0.13
   38 G   -1  0 -2 -3 -5 -3 -4  7 -3 -6 -6 -2 -5 -5 -4 -2 -4 -5 -5 -5    1   6   0   0   0   0   0  91   0   0   0   1   0   0   0   0   0   0   0   0  1.70 0.32
   39 T   -1  1  0 -2  0 -1 -1 -3 -1  2 -1  0 -1 -2 -3  0  4 -3  0  1    2  11   5   0   2   2   3   0   1  16   1   5   0   0   0   3  36   0   3   9  0.24 0.13
   40 E   -2 -1 -2  0 -5  0  6 -4 -2 -4 -2  0 -3 -5  3 -2 -2 -5 -4 -3    0   3   0   0   0   1  73   0   0   1   4   3   0   0  13   0   1   0   0   1  1.11 0.28
   41 Q   -1  0 -1 -1 -2  3  1 -1  4  0 -2  1 -1 -3 -1 -1  1 -3 -1  1    1   3   0   1   0  23   6   5  15   5   1   7   1   0   2   0   9   0   1  18  0.24 0.13
   42 Q   -2  2  0  1 -4  4  0 -3 -2 -4 -4  3 -3 -5  4 -1 -2 -3 -3 -3    2  14   3   9   0  29   2   0   0   0   0  18   0   0  20   1   1   0   0   0  0.67 0.19
   43 H   -2  4  0 -2 -1  0 -1 -3  3 -2 -1  2 -1  0 -2 -1  1 -1  3 -2    1  27   3   0   1   3   1   0  11   1   8  13   1   2   1   2   9   0  16   0  0.32 0.13
   44 L   -3 -4 -5 -5 -3 -4 -5 -6 -1  0  6 -4  2 -1 -5 -4 -3 -3 -1 -1    0   0   0   0   0   0   0   0   2   0  92   0   4   0   0   0   0   0   2   0  1.18 0.28
   45 K    0  2 -1 -1 -1  2  2 -2  0 -2 -2  3 -1 -3 -2  0  1 -4 -2  0    6  14   1   1   1   8  13   0   2   1   2  27   1   0   0   5  10   0   0   8  0.28 0.11
   46 R   -2 -2 -1 -1 -5 -4 -4  7 -4 -6 -6 -3 -5 -5 -4 -2 -3 -5 -5 -5    0   3   1   2   0   0   0  93   0   0   0   1   0   0   0   0   0   0   0   0  1.74 0.32
   47 K   -3  2 -2 -3 -5  0 -1 -4 -3 -4 -4  7 -3 -5 -3 -2 -3 -5 -4 -4    0  10   0   0   0   0   0   0   0   0   0  88   0   0   0   0   0   0   0   0  1.46 0.33
   48 N   -4 -2  8  0 -5 -1 -1 -3  0 -6 -6 -1 -4 -5 -4 -1 -2 -6 -4 -5    0   0  90   1   0   2   2   0   1   0   0   1   0   0   0   2   0   0   0   0  1.79 0.37
   49 I   -3 -5 -5 -5 -3 -5 -5 -6 -5  7  0 -5 -1  0 -5 -4 -3 -4 -3  2    0   0   0   0   0   0   0   0   0  85   2   0   0   3   0   0   0   0   0  10  1.33 0.30
   50 A    6 -3 -4 -4  0 -3 -3 -2 -4 -2 -3 -3 -2 -4 -3 -1 -2 -4 -3  3   77   0   0   0   2   0   0   0   0   0   0   0   0   0   0   0   0   0   0  21  0.96 0.28
   51 L   -3 -3 -5 -6 -2 -4 -5 -6 -5  1  6 -4  1 -1 -5 -4 -3 -3 -3 -1    0   1   0   0   0   0   0   0   0   4  93   0   1   0   0   0   0   0   0   1  1.20 0.28
   52 I   -3 -5 -5 -5 -3 -4 -5 -6 -5  6  3 -4  0 -2 -5 -4 -2 -4 -3  1    0   0   0   0   0   0   0   0   0  75  21   0   0   0   0   0   0   0   0   3  1.15 0.27
   53 F   -5 -4 -5 -6 -5 -6 -6 -6 -4 -2 -2 -5 -2  9 -6 -5 -4 -1  1 -3    0   1   0   0   0   0   0   0   0   0   0   0   0  99   0   0   0   0   0   0  2.25 0.40
   54 E   -2 -2 -2 -1 -6  1  7 -4 -2 -5 -5 -1 -4 -6 -3 -2 -3 -5 -4 -5    1   0   0   0   0   3  96   0   0   0   0   0   0   0   0   0   0   0   0   0  1.74 0.37
   55 K   -3  1 -1 -3 -5 -1 -1 -4 -3 -5 -5  7 -4 -5 -3 -2 -3 -5 -4 -5    0   1   1   0   0   0   0   0   0   0   0  97   0   0   0   0   0   0   0   0  1.67 0.37
   56 T    0 -2  0  4 -3 -2 -1 -2 -2 -3 -4 -2 -3 -4 -1  0  5 -5 -4 -2    6   1   2  31   0   0   0   1   1   0   0   0   0   0   2   4  52   0   0   0  0.79 0.23
   57 S   -1 -3 -1 -2 -3 -2 -2 -2 -3 -5 -5 -2 -4 -5 -2  7 -1 -5 -4 -4    0   0   0   0   0   0   0   0   0   0   0   0   0   0   1  99   0   0   0   0  1.51 0.38
   58 T   -2 -3 -2 -3 -3 -3 -3 -4 -4 -3 -2 -3 -3 -4 -3 -1  7 -5 -4 -2    0   0   0   0   0   0   0   0   0   0   3   0   0   0   0   0  97   0   0   0  1.65 0.38
   59 R   -3  8 -3 -4 -6 -1 -2 -5 -2 -5 -4  0 -4 -5 -4 -3 -3 -5 -4 -5    1  99   0   0   0   0   0   0   0   0   0   0   0   0   0   0   0   0   0   0  2.01 0.39
   60 T   -2 -3 -2 -3 -3 -3 -3 -4 -4 -3 -3 -3 -3 -4 -3 -1  7 -5 -4 -2    0   0   0   0   0   0   0   0   0   0   0   0   0   0   0   0 100   0   0   0  1.76 0.40
   61 R   -4  8 -3 -4 -6 -1 -2 -5 -2 -5 -4  0 -4 -5 -4 -2 -3 -5 -4 -5    0  98   0   0   0   0   0   0   0   0   0   0   0   0   0   1   0   0   0   0  1.99 0.39
   62 C   -3 -6 -5 -6 11 -5 -6 -5 -5 -4 -4 -5 -4 -5 -5 -1 -2 -5 -5 -2    0   0   0   0  91   0   0   0   0   0   0   0   0   0   0   5   2   0   0   2  2.81 0.44
   63 A    5 -3 -2 -3 -2 -2 -2  0 -3 -3 -4 -2 -3 -4 -2  4 -1 -4 -3 -2   60   0   0   0   0   0   0   4   0   0   0   0   0   0   0  36   0   0   0   0  0.88 0.26
   64 F   -5 -5 -5 -6 -5 -6 -6 -6 -4 -2 -2 -6 -2  9 -6 -5 -5 -1  1 -3    0   0   0   0   0   0   0   0   0   0   0   0   0 100   0   0   0   0   0   0  2.31 0.41
   65 E   -3 -2 -2  0 -6  0  7 -4 -2 -5 -5 -1 -4 -5 -3 -2 -3 -5 -4 -4    0   0   0   1   0   0  97   0   0   1   0   0   0   0   0   0   1   0   0   1  1.74 0.37
   66 V   -2 -5 -5 -5 -3 -4 -4 -5 -5  1 -1 -4 -1 -3 -4 -4 -1 -5 -3  7    0   0   0   0   0   0   0   0   0   1   1   0   0   0   0   0   2   0   0  95  1.37 0.33
   67 A    6 -3 -3 -3 -2 -3 -3  2 -4 -3 -4 -3 -3 -4 -3  0 -2 -4 -4 -2   82   0   0   0   0   0   0  17   0   0   0   0   0   0   0   2   0   0   0   0  1.08 0.28
   68 A    6 -3 -3 -4  0 -3 -3  1 -4 -3 -3 -3  0 -4 -3  0 -2 -4 -4 -1   86   0   0   0   2   0   0   7   0   0   0   0   2   0   0   1   0   0   0   1  1.07 0.29
   69 Y    0  0 -2 -4 -3 -2 -3 -4  6 -2 -1 -1  1  3 -4 -2 -2 -1  5 -2   11   5   0   0   0   1   0   0  22   1   4   2   6  16   0   2   1   0  30   1  0.65 0.19
   70 D   -4 -4 -1  8 -6 -1  1 -4 -3 -5 -6 -3 -5 -6 -4 -2 -3 -7 -5 -5    0   0   0  95   0   1   4   0   0   0   0   0   0   0   0   0   0   0   0   0  1.98 0.37
   71 Q   -3 -1 -2 -2 -5  7  1 -4 -2 -3  2 -1 -1 -4 -4 -2 -3 -4 -3 -3    0   0   0   0   0  71   7   0   0   0  21   0   1   0   0   0   0   0   0   0  1.20 0.32
   72 G   -2 -4 -2 -3 -5 -4 -4  7 -4 -6 -6 -4 -5 -5 -4 -2 -4 -5 -5 -5    0   0   0   0   0   0   0 100   0   0   0   0   0   0   0   0   0   0   0   0  2.01 0.35
   73 A    6 -3 -3 -4 -2 -3 -3  0 -3 -2 -2 -3  5 -3 -3 -1 -2 -4 -3 -2   76   0   0   0   0   0   0   4   0   1   1   0  18   0   0   0   0   0   0   0  0.98 0.28
   74 N   -2  1  3 -1 -2  2 -1  2  7 -4 -4 -1 -2 -2 -3  0 -2 -4 -1 -4    1   7  17   1   1  11   1  18  32   0   0   1   1   2   0   6   1   0   1   0  0.61 0.18
   75 V    0 -4 -4 -4 -2 -3 -4 -4 -4  1 -1 -3 -1 -3 -1 -1  2 -5 -3  6    4   0   0   0   0   0   0   0   0   3   0   0   0   0   2   2  18   0   0  71  0.83 0.25
   76 T   -2 -3 -2 -3 -3 -3 -2 -4 -4 -3 -3 -3 -3 -4 -3  0  7 -5 -4 -1    0   0   0   0   0   0   2   0   0   0   0   0   0   0   0   3  92   0   0   3  1.48 0.36
   77 Y   -4 -3 -5 -6 -5 -4 -4 -6  0 -4 -3 -4 -3  3 -5 -4 -4  0  9 -4    0   1   0   0   0   0   0   0   0   0   0   0   0   6   0   0   0   0  92   0  2.31 0.42
   78 I   -3 -4 -5 -5 -3 -4 -5 -5 -5  3  5 -4  0  0 -5 -4 -3 -3 -3  0    0   0   0   0   0   0   0   0   0  17  81   0   0   2   0   0   0   0   0   0  1.06 0.25
   79 D   -2 -3 -1  5 -4 -2  0  5 -3 -5 -5 -2 -4 -5 -3 -2 -3 -5 -5 -5    1   0   0  42   0   0   5  50   0   0   0   0   0   0   0   1   0   0   0   0  1.10 0.24
   80 P   -2 -4 -3 -3 -4 -3 -3 -4 -4 -4 -5 -2 -3 -5  8  0 -1 -5 -5 -4    2   0   0   0   0   0   0   0   0   0   0   2   1   0  83   8   2   0   0   0  2.13 0.34
   81 N    1 -2  1 -1 -2  0 -1  1 -1 -3 -3 -1 -2 -4 -2  4  3 -4 -3 -2    7   0   7   1   0   3   2  12   1   0   0   2   0   0   0  41  23   0   0   2  0.47 0.17
   82 S   -1 -4 -1  0 -4 -3 -3  6 -3 -5 -5 -3 -4 -5 -3  2 -1 -4 -4 -4    2   0   2   5   0   0   0  71   0   0   0   0   0   0   0  19   1   0   0   0  1.16 0.24
   83 S   -1 -3  0 -2 -1 -2 -2 -2 -3 -3 -4 -2 -3 -4 -3  6  1 -5 -4 -3    1   0   2   0   1   0   0   0   0   2   0   0   0   0   0  90   6   0   0   0  1.25 0.33
   84 Q   -3 -1 -2 -3 -5  8  0 -4  5 -5 -5 -1 -2 -5 -3 -2 -3 -4 -3 -5    0   0   0   0   0  86   0   0  13   0   0   0   0   0   1   0   0   0   0   0  1.79 0.40
   85 I   -3 -4 -5 -5 -3 -4 -5 -5 -4  6  1 -4  6  0 -5 -4 -2 -4 -3  1    0   0   0   0   0   0   0   0   0  60   7   0  29   2   0   0   0   0   0   1  1.08 0.27
   86 G   -2 -4 -1 -3 -5 -4 -4  7 -4 -6 -6 -3 -5 -5 -4 -2 -3 -4 -3 -4    0   0   2   0   0   0   0  95   0   0   0   0   0   0   0   0   0   0   1   1  1.80 0.32
   87 H   -3  0 -1 -2 -5 -1 -1 -4  8 -5 -5  5 -3 -3 -4 -2 -3 -4  1 -4    0   1   1   1   0   0   0   0  52   0   0  38   0   0   0   2   0   0   3   1  1.35 0.31
   88 K   -3  0 -2 -3 -5 -1 -1 -4 -3 -5 -5  7 -4 -5 -3 -2 -3 -5 -4 -5    0   0   0   0   0   0   0   0   0   0   0 100   0   0   0   0   0   0   0   0  1.75 0.38
   89 E   -3 -2 -2 -1 -6  0  7 -4 -2 -6 -5 -1 -4 -6 -3 -2 -3 -5 -4 -5    0   0   0   0   0   0 100   0   0   0   0   0   0   0   0   0   0   0   0   0  1.87 0.39
   90 S   -1 -3 -1 -2 -3 -2 -2 -2 -3 -4 -5 -2 -4 -5 -3  7  1 -5 -4 -4    0   0   0   0   0   0   0   0   0   0   0   0   0   0   0  93   7   0   0   0  1.37 0.35
   91 M    0 -4 -3 -4 -3 -3 -4 -4 -4  5  1 -3  5 -1 -4 -3 -1 -4 -3  3    7   0   1   0   0   0   0   0   0  43   5   0  24   1   0   0   2   0   0  17  0.66 0.20
   92 K    2  1 -2 -2 -4  0  2 -3 -2 -3 -4  5 -3 -5 -1 -1 -2 -4 -3 -3   20   3   0   0   0   2  14   0   0   1   0  59   0   0   1   0   0   0   0   0  0.77 0.23
   93 D   -4 -4 -1  8 -6 -2 -1 -4 -3 -6 -6 -3 -5 -6 -4 -2 -3 -7 -5 -6    0   0   0 100   0   0   0   0   0   0   0   0   0   0   0   0   0   0   0   0  2.15 0.39
   94 T   -2 -3 -2 -3 -3 -3 -3 -4 -4 -3 -3 -3 -3 -4 -3  0  7 -5 -4 -2    1   0   0   0   0   0   0   0   0   0   0   0   0   0   0   1  97   0   0   0  1.65 0.38
   95 A    6 -3 -4 -4 -2 -3 -3 -1 -4 -3 -4 -3 -3 -4 -3 -1 -2 -5 -4 -2   99   0   0   0   0   0   0   1   0   0   0   0   0   0   0   0   0   0   0   0  1.42 0.34
   96 R   -4  8 -2 -4 -6 -1 -2 -4 -2 -5 -4  2 -3 -5 -4 -3 -3 -5 -4 -5    0  93   0   0   0   1   0   0   0   0   0   6   0   0   0   0   0   0   0   0  1.82 0.36
   97 V   -2 -5 -5 -5 -3 -4 -5 -5 -5  1 -1 -4 -1 -3 -5 -4 -2 -5 -3  7    0   0   0   0   0   0   0   0   0   1   0   0   0   0   0   0   0   0   0  99  1.51 0.35
   98 L   -3 -4 -5 -6 -3 -4 -5 -6 -5  0  6 -4  1 -1 -5 -4 -3 -4 -3 -1    0   0   0   0   0   0   0   0   0   0  98   0   2   0   0   0   0   0   0   0  1.35 0.30
   99 G   -2 -4 -2 -3 -3 -4 -4  7 -4 -6 -6 -4 -5 -5 -4 -1 -3 -5 -5 -5    0   0   0   0   0   0   0  97   0   0   0   0   0   0   0   2   0   0   0   0  1.89 0.33
  100 R   -3  8 -2 -4 -5 -1 -2  0 -2 -5 -4  0 -4 -5 -4 -1 -3 -5 -4 -5    0  89   0   0   0   0   0   6   0   0   0   0   0   0   0   4   0   0   0   0  1.63 0.34
  101 M   -3 -4 -5 -6 -4 -3 -4 -5 -4  0  1 -4  9  2 -5 -4 -3  0 -1 -1    0   0   0   0   0   0   0   0   0   3   4   0  79  10   0   0   0   1   1   2  1.69 0.38
  102 Y   -4 -4 -5 -6 -5 -4 -5 -5 -1 -3 -3 -4 -3  5 -5 -4 -4  0  8 -3    0   0   0   0   0   0   0   0   0   0   0   0   0  27   0   0   0   0  73   0  1.98 0.37
  103 D   -3 -4  0  8 -6 -2  0 -3  0 -5 -6 -3 -5 -6 -4 -2 -3 -6 -5 -5    0   0   0  92   0   0   3   0   3   0   0   0   0   0   0   1   0   0   0   0  1.86 0.35
  104 A    3 -4 -2 -3 -3 -3 -3  6 -4 -5 -5 -3 -4 -5 -3 -1 -3 -4 -4 -4   29   0   0   0   0   0   0  71   0   0   0   0   0   0   0   0   0   0   0   0  1.30 0.27
  105 I   -3 -5 -5 -5 -3 -5 -5 -6 -5  7  0 -5  0 -2 -5 -4 -3 -5 -3  1    0   0   0   0   0   0   0   0   0  97   1   0   0   0   0   0   0   0   0   2  1.59 0.34
  106 E   -3 -2 -2 -1 -6  4  7 -3 -2 -5 -5 -1 -2 -5 -3 -2 -3 -5 -4 -4    0   0   0   0   0  17  82   1   0   0   0   0   1   0   0   0   0   0   0   0  1.47 0.33
  107 Y   -4 -4 -5 -6 -5 -4 -5 -5 -1 -3 -3 -4 -3  4 -5 -4 -4  0  9 -3    0   0   0   0   0   0   0   0   0   0   0   0   0  17   0   0   0   0  83   0  2.13 0.39
  108 R   -4  8 -3 -4 -6 -1 -2 -5 -2 -5 -5  0 -4 -5 -4 -3 -3 -5 -4 -5    0 100   0   0   0   0   0   0   0   0   0   0   0   0   0   0   0   0   0   0  2.06 0.40
  109 G   -2 -4 -2 -3 -5 -4 -4  7 -4 -6 -6 -4 -5 -5 -4 -2 -4 -5 -5 -5    0   0   0   0   0   0   0 100   0   0   0   0   0   0   0   0   0   0   0   0  2.01 0.35
  110 F   -1 -3 -3  0 -4 -4 -4 -4  2 -2 -2 -3 -2  7 -5 -2 -3  0  5 -3    4   1   0   7   0   0   0   0   4   0   0   1   0  58   0   4   0   0  21   0  1.10 0.25
  111 K    1 -1 -1  0 -3 -1  0  4 -1 -4 -3  1 -3 -4 -3  3 -1 -4 -3 -3   11   1   0   5   0   0   4  38   2   0   1  12   0   0   0  26   0   0   0   0  0.51 0.15
  112 Q   -3 -1 -2 -3 -5  8  0 -4  1 -5 -5 -1 -3 -6 -4 -2 -3 -4 -4 -5    0   0   0   0   0  97   0   0   3   0   0   0   0   0   0   0   0   0   0   0  2.04 0.43
  113 E    0  1  0  1 -4  2  4 -2  1 -4 -3  1 -3 -4 -2  1  0 -4 -3 -3   10   7   1   8   0   7  39   2   3   0   0   7   0   0   1  10   5   0   0   1  0.44 0.13
  114 I   -1 -1 -1  0 -2 -1 -2 -3 -1  3  0 -1  0 -2 -3 -1  2 -3 -2  2    5   2   3   6   0   2   0   1   1  30   7   5   0   0   0   2  21   0   0  15  0.21 0.11
  115 V   -1 -4 -5 -5 -3 -4 -4 -5 -5  1 -1 -4  0 -3 -4 -3 -2 -5 -3  7    4   0   0   0   0   0   0   0   0   2   2   0   2   0   0   0   0   0   0  91  1.24 0.31
  116 E   -3 -2 -1  1 -6  1  7 -4 -2 -4 -5 -1 -4 -5 -3 -2 -2 -5 -4 -4    0   0   1   4   0   4  89   0   0   1   0   0   0   0   0   0   1   0   0   0  1.51 0.33
  117 E    0 -2 -2  2 -1  1  5 -3 -2  0 -2 -1 -2 -4 -3 -1  3 -4 -3 -2    6   0   0   8   2   3  45   0   0   7   3   1   0   0   0   2  24   0   0   1  0.51 0.18
  118 L   -3 -4 -5 -6 -3 -4 -5 -6 -5  0  6 -4  1 -1 -5 -4 -3 -3 -3 -1    0   0   0   0   0   0   0   0   0   2  95   0   2   1   0   0   0   0   0   0  1.27 0.29
  119 A    6 -3 -3 -3 -2 -3 -2  1 -3 -3 -4 -3 -3 -4 -3  0 -2 -4 -4 -2   87   0   0   0   0   0   1  10   0   0   0   0   0   0   0   3   0   0   0   0  1.11 0.29
  120 K    1  2 -1  1 -3  2  3 -3  0 -4 -4  3 -3 -4 -2 -1 -1 -4 -3 -3   16  12   2   5   0   9  27   0   1   0   0  26   0   0   0   0   1   0   0   0  0.48 0.15
  121 F   -4 -3 -1 -4 -3 -3 -3 -4  5 -3 -2 -2 -2  3 -5 -3 -3  1  8 -3    0   0   3   0   0   0   1   0  17   0   2   3   0   9   0   0   0   1  62   0  1.39 0.30
  122 A    5 -3 -2 -3 -2 -2 -2 -1 -3 -3 -4 -2 -3 -4 -3  4 -1 -4 -4 -2   67   0   0   0   0   0   0   1   0   0   0   0   0   0   0  32   1   0   0   0  0.95 0.27
  123 G   -2 -4 -1 -2 -4 -3 -4  7 -2 -6 -6 -2 -5 -5 -4 -1 -3 -5 -5 -5    0   0   2   1   0   0   0  91   1   0   0   1   0   0   0   2   0   0   0   0  1.66 0.30
  124 V   -2 -4 -5 -5 -3 -4 -5 -5 -5  2 -1 -4 -1 -3 -4 -4 -2 -5 -3  7    0   1   0   0   0   0   0   0   0   3   0   0   0   0   0   0   0   0   0  96  1.41 0.33
  125 P   -3 -5 -4 -4 -5 -3 -3 -5 -5 -5 -5 -3 -5 -6  9 -3 -3 -6 -5 -5    0   0   0   0   0   0   0   0   0   0   0   0   0   0  99   0   0   0   0   0  2.88 0.43
  126 V   -2 -5 -5 -5 -3 -4 -5 -5 -5  1 -1 -4 -1 -3 -4 -4 -2 -5 -3  7    0   0   0   0   0   0   0   0   0   2   1   0   0   0   0   0   0   0   0  97  1.43 0.33
  127 F   -5 -5 -6 -6 -5 -4 -5 -5 -3 -4 -3 -5 -3  3 -6 -5 -5 11  5 -5    0   0   0   0   0   0   0   0   0   0   0   0   0  13   0   0   0  67  19   0  2.84 0.42
  128 N   -4 -3  8 -1 -5 -2 -3 -3 -2 -6 -6 -2 -5 -5 -4 -2 -2 -6 -5 -5    0   0 100   0   0   0   0   0   0   0   0   0   0   0   0   0   0   0   0   0  2.16 0.41
  129 G   -1 -4 -2 -3 -5 -4 -4  7 -4 -6 -6 -4 -5 -5 -4 -2 -4 -5 -5 -5    1   0   0   0   0   0   0  99   0   0   0   0   0   0   0   0   0   0   0   0  1.97 0.34
  130 L   -3 -4 -5 -6 -3 -4 -5 -6 -5  0  6 -4  1 -1 -5 -4 -3 -4 -3 -1    0   0   0   0   0   0   0   0   0   0  99   0   1   0   0   0   0   0   0   0  1.35 0.30
  131 T   -2 -3 -2 -3 -3 -3 -3 -4 -4 -3 -3 -3 -3 -4 -3  0  7 -5 -4 -2    0   0   0   0   0   0   0   0   0   0   0   0   0   0   0   2  98   0   0   0  1.70 0.39
  132 D   -3 -3  4  7 -5 -2 -1 -3 -3 -5 -5 -2 -5 -5 -3 -2  0 -6 -5 -5    1   0  20  73   0   0   0   0   0   0   0   0   0   0   0   0   7   0   0   0  1.43 0.30
  133 E   -1 -2 -2  2 -5  1  6 -4 -2 -3 -2  0 -1 -4 -3 -1 -2 -4 -3 -3    4   0   0   8   0   4  71   0   0   1   4   2   2   0   0   1   1   0   1   1  0.95 0.25
  134 Y   -2 -4 -3  2 -4 -3 -2 -4 -2 -3 -2 -4 -2  6 -5 -2 -3  8  4 -3    2   0   0  15   0   0   2   1   0   0   0   0   0  43   0   2   0  22  14   0  1.19 0.25
  135 H   -4 -3 -2 -4 -6 -2 -3 -5 11 -6 -6 -3 -4 -4 -5 -3 -4 -5 -1 -6    0   0   0   0   0   0   0   0 100   0   0   0   0   0   0   0   0   0   0   0  2.93 0.48
  136 P   -3 -5 -4 -4 -5 -4 -4 -5 -5 -5 -5 -3 -5 -6  9 -3 -3 -6 -5 -5    0   0   0   0   0   0   0   0   0   0   0   0   0   0 100   0   0   0   0   0  2.92 0.43
  137 T   -2 -3 -2 -3 -3 -3 -3 -4 -4 -3 -3 -3 -3 -4 -3 -1  7 -5 -4 -2    0   0   0   0   0   0   0   0   0   0   1   0   0   0   0   0  99   0   0   0  1.69 0.39
  138 Q   -3 -1 -2 -3 -6  9  0 -4 -2 -5 -5 -1 -3 -6 -4 -2 -3 -4 -4 -5    0   0   0   0   0 100   0   0   0   0   0   0   0   0   0   0   0   0   0   0  2.16 0.45
  139 M   -2 -4 -4 -5 -3 -3 -4 -5 -4  3  2 -3  7 -1 -4 -2 -1 -4 -3  2    0   0   0   0   0   0   0   0   0  21  11   0  45   1   0   3   2   0   0  17  0.83 0.23
  140 L   -3 -4 -5 -6 -3 -4 -5 -6 -5  1  6 -4  1 -1 -5 -4 -3 -3 -3 -1    0   0   0   0   0   0   0   0   0   5  93   0   0   1   0   0   0   0   0   0  1.22 0.28
  141 A    6 -3 -4 -4  2 -3 -3 -2 -4 -3 -3 -3 -3 -4 -3 -1 -2 -5 -4 -2   95   0   0   0   5   0   0   0   0   0   0   0   0   0   0   1   0   0   0   0  1.32 0.33
  142 D   -4 -4  0  8 -6 -2 -1 -3 -3 -5 -6 -3 -5 -6 -4 -2 -3 -7 -5 -6    0   0   3  97   0   0   0   0   0   0   0   0   0   0   0   0   0   0   0   0  2.06 0.38
  143 V   -1 -3 -4 -4 -2 -1 -4 -4 -3  1  3 -3  3  5 -4 -3 -2 -1  0  2    3   0   0   0   0   3   0   0   0   5  28   0  12  29   0   1   0   0   0  19  0.52 0.16
  144 L   -3 -4 -5 -5 -3 -4 -5 -5 -4  0  6 -4  4 -1 -5 -4 -3 -3 -3 -1    0   0   0   0   0   0   0   0   0   0  85   0  14   1   0   0   0   0   0   0  1.18 0.28
  145 T   -2 -3 -2 -3 -3 -3 -3 -4 -4 -3 -3 -3 -3 -4 -3 -1  7 -5 -4 -2    0   0   0   0   0   0   0   0   0   0   0   0   0   0   0   0 100   0   0   0  1.76 0.40
  146 M    0 -4 -4 -5 -3 -3 -4 -5 -4  4  1 -4  8 -2 -4 -3 -2 -4 -3  1    7   0   0   0   0   0   0   0   0  28   5   0  53   0   0   0   0   0   0   8  1.06 0.28
  147 R   -2  4 -1 -2 -4  3  1 -3  0 -1  0  2  0 -3 -3 -1  0 -1 -2 -2    0  25   0   0   0  21  10   0   2   4   9  15   3   0   0   2   7   1   1   1  0.36 0.13
  148 E   -3 -2 -2 -1 -6  0  7 -4 -2 -6 -5 -1 -4 -6 -3 -2 -3 -5 -4 -5    0   0   0   0   0   0 100   0   0   0   0   0   0   0   0   0   0   0   0   0  1.86 0.39
  149 H   -3 -2  3 -2  0  0 -1 -4  9 -4 -4  0 -3  0 -4 -2 -3 -4  1 -2    1   0  13   0   2   2   1   0  64   0   0   4   0   3   0   1   0   0   3   4  1.38 0.30
  150 S    0 -2 -2 -3  2 -2 -2 -1 -2  0  0  0 -1  3  2  2  1 -2 -1  0    4   1   0   0   7   0   0   3   0   5  10   5   0  19  12  20   7   0   0   5  0.19 0.09
  151 D    0 -1  1  3 -4 -1  1  4 -1 -4 -4  0 -3 -4  0  0 -1 -4 -3 -3    6   1   8  20   0   1   7  40   2   0   0   6   0   0   3   3   3   0   0   0  0.51 0.13
  152 K   -2  2 -1 -2 -4  0 -1 -2  0 -4 -3  6 -3 -3 -3 -2 -2 -4  1 -3    0   9   1   1   0   2   0   3   3   0   1  72   0   0   0   0   1   0   5   1  0.93 0.24
  153 P    0 -1 -1  1 -1 -1 -1 -2  0 -3 -3 -1 -3 -4  7  0 -1 -4 -3 -3    6   2   2   7   2   3   4   2   2   1   1   2   0   1  55   5   4   0   0   1  1.06 0.17
  154 L   -2 -4 -4 -4 -3 -3 -4 -5 -3  1  5 -4  1  1 -3 -4 -2  0  2  0    2   0   0   1   0   0   0   0   0   5  74   0   0   5   1   0   1   1   7   2  0.77 0.21
  155 H   -1  1  3  0 -3  0  1 -1  4 -4 -4  3 -3 -4 -1  1  0 -4 -2 -3    3   6  20   3   0   3   6   2  12   0   0  25   0   0   2  14   4   0   0   0  0.41 0.13
  156 D   -1 -1 -1  3 -4  3  4  3 -1 -5 -4  0 -3 -5 -3 -1 -2 -4 -4 -4    1   1   1  15   0  16  33  26   0   0   0   5   0   0   0   0   0   0   0   0  0.64 0.18
  157 I   -2 -1 -4 -4 -2 -2 -4 -5 -4  5  2 -2  3 -1 -4 -3 -1 -4 -2  3    0   4   0   0   0   1   0   0   0  45  13   2  12   0   0   1   4   0   0  18  0.57 0.17
  158 S    1  0  1 -2 -3 -1 -1 -2 -1 -3 -3  4 -2 -4 -2  2  2 -4 -3 -2   15   3   8   0   0   0   0   0   1   0   0  34   0   0   0  23  12   0   0   1  0.43 0.16
  159 Y   -3 -4 -5 -5 -4 -4 -5 -5 -2  0  2 -4  1  7 -5 -4 -3  1  4 -1    0   0   0   0   0   0   0   0   0   2  24   0   2  52   0   0   0   1  17   2  1.06 0.23
  160 A    4 -3 -3 -4  2 -3 -3 -2 -4 -1 -2 -3 -1 -3 -3 -1  1 -4 -3  3   53   0   0   0   5   0   0   0   0   0   0   0   0   0   0   0   8   0   0  33  0.65 0.22
  161 Y   -4 -4 -5 -6 -5 -4 -5 -5 -1 -3 -3 -4 -3  5 -5 -4 -4  0  9 -3    0   0   0   0   0   0   0   0   0   0   0   0   0  22   0   0   0   0  78   0  2.06 0.38
  162 L   -1 -3 -4 -4  1 -3 -4 -4 -4  2  3 -3  4  1 -4 -3 -2 -3 -2  3    4   0   0   0   3   0   0   0   0   8  35   0  19   4   0   1   1   0   0  25  0.53 0.16
  163 G   -2 -4 -2 -3 -5 -4 -4  7 -4 -6 -6 -4 -5 -5 -4 -2 -4 -5 -5 -5    1   0   0   0   0   0   0  99   0   0   0   0   0   0   0   0   0   0   0   0  1.99 0.34
  164 D   -4 -4 -1  8 -6 -2  0 -4  1 -5 -6 -3 -5 -6 -4 -2 -3 -7 -5 -5    0   0   0  96   0   0   1   0   4   0   0   0   0   0   0   0   0   0   0   0  1.99 0.37
  165 A    5 -3 -3 -3  0 -3 -3  3 -3 -3 -3 -2 -3 -4 -3  0  0 -4 -4 -1   69   0   0   0   2   0   0  20   0   0   0   0   0   0   0   1   5   0   0   3  0.83 0.24
  166 R   -2  7 -2 -3 -5  1 -2 -1  0 -5 -4  1 -3 -5 -4 -3 -3 -5 -4 -4    3  84   0   1   0   5   0   4   2   0   0   2   0   0   0   0   0   0   0   0  1.46 0.32
  167 N   -3 -3  7  0 -4 -2 -2 -2 -1 -4 -4 -2 -3  3 -4  0 -2 -3  3 -4    0   0  67   3   0   0   0   1   0   0   0   0   0  12   0   4   0   0  13   0  1.17 0.29
  168 N   -4 -3  8 -1 -5 -2 -3 -3 -2 -6 -6 -2 -5 -5 -4 -2 -2 -6 -5 -5    0   0 100   0   0   0   0   0   0   0   0   0   0   0   0   0   0   0   0   0  2.16 0.41
  169 M   -3 -4 -4 -5 -3 -3 -4 -5 -4  0  0 -4  9 -2 -5 -4 -1 -4 -3  3    0   0   0   0   0   0   0   0   0   1   0   0  72   0   0   0   3   0   0  23  1.54 0.36
  170 G    3 -4 -2 -3 -1 -3 -3  6 -4 -4 -4 -3 -4 -5 -3  0 -2 -4 -4 -4   28   0   0   0   1   0   0  66   0   0   0   0   0   0   0   4   0   0   0   0  1.15 0.24
  171 N   -4  1  8  0 -3 -1 -2 -3  1 -4 -5 -1 -4 -5 -4 -1 -2 -6 -2 -5    0   7  83   2   1   1   0   0   3   1   0   1   0   0   0   0   0   0   1   0  1.54 0.33
  172 S    2 -3 -1 -2 -3 -2 -2 -2 -3 -4 -4 -2 -3 -4 -3  6  1 -5 -4 -3   15   0   0   0   0   0   0   0   0   0   0   0   0   0   0  80   5   0   0   0  1.10 0.30
  173 L   -3 -4 -3 -5 -3 -4 -4 -5 -3  0  5 -4  3  0 -5 -4 -3 -1  2 -1    0   0   1   0   0   0   0   0   0   0  81   0   8   1   0   0   0   1   8   0  0.98 0.25
  174 L   -2 -4 -5 -5 -3 -3 -4 -5 -4  0  4 -4  8 -2 -5 -3 -2 -3 -2 -1    1   0   0   0   0   0   0   0   0   0  48   0  48   0   0   1   0   0   0   1  1.19 0.29
  175 L   -1 -3 -3 -3 -2 -1  1 -4 -3  4  1 -2  1 -2 -3 -2 -1 -4 -2  3    2   0   0   0   0   2  13   0   0  33  14   1   2   0   0   2   1   0   1  29  0.40 0.14
  176 I    2 -3 -1 -3 -2 -2 -3  4 -3  0 -1 -2  0 -3 -3  0  1 -4 -3  1   20   0   1   0   0   0   0  40   0   8   3   0   3   0   0   3   9   0   0  12  0.43 0.14
  177 G    4 -4 -3 -3  6 -3 -3  4 -4 -3 -4 -3 -3 -4 -3  0 -2 -4 -4 -3   42   0   0   0  23   0   0  32   0   0   0   0   0   0   0   3   0   0   0   0  0.92 0.23
  178 A    6 -3 -3 -4  1 -3 -3 -2 -3 -3 -3 -3 -3 -4 -3  1 -1 -4 -4 -1   85   0   0   0   3   0   0   0   0   0   0   0   0   0   0   7   1   0   0   4  1.06 0.28
  179 K   -2  0 -2 -3 -4  0 -2 -4 -3  0  2  5  2 -3 -3 -2 -2 -4 -3 -1    0   0   0   0   0   2   0   0   0   5  26  60   6   0   0   0   0   0   0   2  0.69 0.23
  180 L   -2 -3 -4 -5 -2 -3 -4 -5 -4  1  4 -3  7 -1 -4 -3  0 -3 -3  1    1   0   0   0   1   0   0   0   0   2  39   0  40   1   0   0   7   0   0   8  0.83 0.23
  181 G   -2 -4 -2 -3 -5 -4 -4  7 -4 -6 -6 -4 -5 -5 -4 -2 -4 -5 -5 -5    0   0   0   0   0   0   0 100   0   0   0   0   0   0   0   0   0   0   0   0  2.00 0.35
  182 M   -2 -4 -5 -5 -2 -3 -4 -5 -4  1  2 -4  9 -2 -5 -4 -3 -4 -3  0    2   0   0   0   1   0   0   0   0   4  15   0  75   0   0   0   0   0   0   2  1.57 0.36
  183 D   -3 -2  3  7 -5 -2  1 -3  4 -5 -5 -2 -4 -5 -3 -2 -1 -6 -4 -5    0   1  14  67   0   0   4   0  11   0   0   0   0   0   0   0   3   0   0   0  1.26 0.27
  184 V   -2 -4 -4 -5 -3 -4 -4 -5 -3  2  1 -4  0  5 -4 -3 -2 -2  2  3    1   0   0   0   0   0   0   0   0  10  12   0   1  37   0   0   0   0   6  33  0.70 0.18
  185 R   -3  6 -2 -3 -2 -1 -2 -4  2 -2 -3  1 -3 -4 -4 -2  0 -3 -3  1    0  66   0   0   1   0   0   0   6   0   0   4   0   0   0   0   7   0   0  15  0.96 0.25
  186 I    2 -4 -4 -4 -2 -3 -4 -3 -4  4  3 -3  1 -1 -3 -2 -2 -3 -2  1   21   0   0   0   0   0   0   1   0  39  31   0   3   1   0   1   0   0   0   2  0.49 0.16
  187 A    1 -4 -4 -4  7 -4 -4  0 -4  1 -1 -4 -1 -1 -4 -2 -2 -4 -2  4   12   0   0   0  27   0   0   8   0   7   2   0   0   2   0   0   0   0   1  41  0.68 0.20
  188 A    5 -3 -2 -3  1 -2 -3  2 -3 -3 -3 -2 -3 -4 -3  1  1 -4 -4 -2   65   0   0   0   3   0   0  17   0   0   0   0   0   0   0   7   7   0   0   0  0.75 0.22
  189 P   -3 -4 -3 -3 -4 -4 -3 -4 -4 -5 -5 -3 -5 -6  9 -2 -2 -6 -5 -5    0   0   1   0   0   0   0   0   0   0   0   0   0   0  96   1   2   0   0   0  2.69 0.41
  190 K   -1  3 -1 -2 -5  1  1 -3 -2 -4 -4  6 -2 -5 -2 -1 -2 -5 -3 -3    3  12   1   0   0   4   9   0   0   0   0  68   0   0   0   1   1   0   0   0  0.94 0.24
  191 A    2 -1 -1  1 -2  1  4 -1 -1 -3 -3  1 -2 -4 -2  1  0 -4 -3 -2   27   0   1   5   0   6  33   4   1   0   0   6   0   0   1  13   2   0   0   1  0.41 0.14
  192 L   -3 -3 -3 -4  5 -3 -4 -5 -2  0  4 -4  0  2 -4 -3 -3 -2  4 -1    0   1   2   0  13   1   0   0   0   0  55   0   0   8   0   0   0   0  19   0  0.72 0.21
  193 W   -3 -2 -1 -5 -4  1 -3 -4 -3 -3 -2 -3  2  4 -4 -4 -4 11  0 -4    1   1   3   0   0   7   1   0   0   0   2   1   7  21   0   0   0  53   1   0  1.84 0.33
  194 P   -3 -4 -1 -4 -5 -4 -3 -4 -4 -5 -5 -3 -5 -6  8 -3 -1 -6 -5 -5    0   0   3   0   0   0   0   0   0   0   0   0   0   0  94   0   3   0   0   0  2.63 0.40
  195 H    1 -2  1  4 -3  0  3 -2  1 -4 -4  0 -3 -4 -1  1  0 -4 -3 -3   13   0   8  27   0   2  22   1   4   0   0   3   0   0   1  12   7   0   0   0  0.45 0.13
  196 D    2 -1 -1  3 -4  2  4 -1 -2 -4 -4  0 -3 -4  3  0 -2 -4 -3 -3   19   1   1  17   0   8  30   3   0   0   0   5   0   0  12   3   0   0   0   0  0.49 0.15
  197 E    1 -1  0  2 -4  1  5 -1  0 -4 -4  0 -3 -4 -1  0 -1 -3 -3 -3   13   2   2  13   0   2  49   3   2   0   0   5   0   0   1   6   2   0   0   0  0.59 0.17
  198 F   -3 -3 -3 -5 -1 -3 -4 -5  0  2  4 -4  1  1 -4 -3 -2 -2 -1  2    0   0   1   0   1   0   0   0   4   8  62   0   0   6   0   0   1   0   1  15  0.62 0.17
  199 V   -2 -2 -4 -5 -1 -2 -4 -5 -4  3  1 -3  1 -2 -4 -3 -1 -4 -1  5    1   2   0   0   1   2   0   0   0  14  11   0   2   0   0   0   1   0   2  64  0.71 0.20
  200 A    3 -1  0  2 -3  0  3 -1 -1 -3 -3  1 -2 -4 -2  0  0 -4 -3 -2   35   1   3  11   0   2  22   1   1   1   1  12   0   0   0   4   4   0   0   1  0.35 0.13
  201 Q    0  1 -1 -1 -3  3  3 -3  0 -2 -2  2  1 -3 -2 -1  1 -3 -1 -2    8   8   0   1   0  19  25   0   2   2   2  13   5   0   1   1  10   0   2   1  0.33 0.12
  202 C    3 -5 -4 -5 10 -4 -4 -3 -5 -2 -3 -4  1 -4 -4 -2 -2 -4 -4 -1   29   0   0   0  61   0   0   1   0   2   0   0   4   0   0   0   1   0   0   2  1.67 0.32
  203 K   -2  5  0 -1 -2  3  2 -3  1 -4 -2  3 -1 -4 -3 -1 -1 -4 -3 -3    2  35   4   0   1  16  14   0   2   0   4  17   1   0   0   1   2   0   0   0  0.56 0.16
  204 K    2  1 -1  1 -3  1  4 -1  0 -3 -3  2 -2 -4 -1  0  0 -4 -3 -2   21   6   1   5   0   4  33   3   1   1   1  15   0   0   1   3   3   0   0   0  0.37 0.13
  205 F   -1 -3 -4 -4 -2 -2 -3 -4 -3  4  2 -3  1  2 -4 -3 -2  1  0  2    3   1   0   0   0   2   1   0   0  41  23   0   3   9   0   0   1   2   3  10  0.46 0.14
  206 A    6 -3 -3 -4  0 -2 -2 -1 -4 -3 -3 -2 -3 -4 -3  0 -1 -5 -4 -2   92   0   0   0   2   1   1   2   0   1   0   0   0   0   0   1   1   0   0   0  1.19 0.31
  207 E    2  0 -1  0 -3  2  3 -2 -2 -3 -2  3 -2 -4 -2  0 -1 -4 -3 -2   23   3   1   2   0   8  23   1   0   0   3  30   0   0   0   3   1   0   0   1  0.40 0.15
  208 E   -1  1 -1  0 -3  2  4 -2 -1 -2 -3  2 -2 -4 -2  0  0 -3 -3 -1    5   7   0   2   0  11  40   2   1   2   2  14   0   0   0   3   7   0   0   4  0.43 0.14
  209 S   -1 -2  2 -2 -3 -2 -2 -3  0 -3 -3 -2 -3 -4 -3  4  5 -4 -2 -2    1   0  12   0   0   0   0   0   3   0   0   0   0   0   0  31  51   0   1   0  0.81 0.25
  210 G   -2 -4 -2 -2 -5 -4 -4  7 -2 -6 -6 -3 -5 -3 -4 -2 -4 -4 -5 -5    0   0   0   1   0   0   0  94   1   0   0   1   0   1   0   0   0   0   0   0  1.77 0.32
  211 A    5 -3 -3 -3  2 -3 -3  4 -3 -3 -4 -3 -3 -4 -3  0 -2 -4 -4 -2   62   0   0   0   5   0   0  29   0   0   0   0   0   0   0   4   0   0   0   0  0.87 0.24
  212 K   -1  4  0 -1 -3  0  0 -3 -1 -3 -3  3 -2 -4 -3  1  2 -4 -2 -2    1  34   4   1   0   2   3   0   0   1   0  25   0   0   0   9  18   0   1   1  0.52 0.16
  213 L   -3 -5 -5 -5 -3 -4 -5 -5 -5  6  2 -4  0 -1 -4 -4 -2 -4 -3  3    0   0   0   0   0   0   0   0   0  71  13   0   1   1   0   0   0   0   0  14  1.04 0.25
  214 T   -1 -1 -1 -2 -3 -2  0 -3 -2 -2  0 -1  0 -3 -3  0  6 -4 -3  0    1   2   1   0   0   0   5   0   1   1   9   3   3   0   0   2  69   0   0   4  0.76 0.24
  215 L   -2 -3 -4 -5  1 -3 -4 -5 -2  3  4 -4  1  1 -4 -3 -2 -3 -2  2    0   1   0   0   3   0   0   0   1  19  54   0   1   6   0   0   0   0   0  15  0.62 0.17
  216 T   -2 -3 -2 -2 -2 -3 -2 -4 -4 -2 -3 -3 -3 -3 -3  1  7 -5 -4 -2    0   0   0   1   0   0   2   0   0   1   0   0   0   1   0   5  89   0   0   1  1.38 0.34
  217 E   -1 -2  0  4 -5  0  5 -3 -2 -5 -5 -1 -4 -5 -3  0 -2 -5 -4 -4    3   0   3  30   0   1  57   0   0   0   0   0   0   0   0   5   1   0   0   0  1.03 0.25
  218 D   -3 -3  3  7 -5 -2  1 -3 -1 -5 -5 -2 -5 -5 -3  0 -2 -6 -4 -5    0   0  14  74   0   0   4   0   1   0   0   1   0   0   0   6   0   0   0   0  1.38 0.28
  219 P   -1 -3 -4 -4 -3 -3 -4 -4 -3  4  0 -3  0 -2  3 -3 -1 -4 -3  4    4   1   0   0   0   0   0   0   0  27   4   1   1   0  15   0   1   0   0  45  0.63 0.18
  220 K    2  0  0  2 -3  0  2 -1  0 -2 -3  2 -1 -3 -1  0 -1 -4 -1 -1   28   2   4  16   0   3  15   1   2   1   1  15   1   0   1   1   3   0   2   3  0.25 0.10
  221 E    1 -1 -2  0 -4  1  5 -2 -2 -3 -3  2 -3 -4 -2  0  0 -4 -3 -2   13   1   0   3   0   3  55   2   0   0   1  11   0   0   0   4   5   0   0   2  0.65 0.19
  222 A    4 -3 -2 -3 -1 -3 -3  5 -3 -4 -4 -3 -3 -4 -3 -1 -2 -4 -4 -3   37   0   0   0   1   0   0  58   0   0   0   0   0   0   0   1   1   0   0   0  1.03 0.23
  223 V    0 -4 -4 -5  2 -4 -4 -4 -5  1 -1 -4 -1 -3 -4 -3  1 -5 -3  6    4   0   0   0   4   0   0   0   0   2   1   0   0   0   0   0  10   0   0  78  0.95 0.26
  224 K    1  2 -1 -1 -4  1  1 -3 -1 -3 -3  5 -2 -3 -2  0  0 -4 -2 -3   13  10   2   2   0   6   5   0   1   0   2  51   0   0   0   3   4   0   0   0  0.55 0.17
  225 G   -2 -4  1  3 -2 -2 -2  6 -2 -5 -5 -3 -4 -5 -4 -2 -3 -5 -5 -5    1   0   5  23   1   1   0  68   1   0   0   0   0   0   0   1   0   0   0   0  1.19 0.25
  226 V    4 -3 -3 -4  4 -3 -3 -2 -4 -1 -1 -3  1 -3 -3  0 -1 -4 -3  3   54   0   0   0  10   0   0   0   0   0   2   0   3   0   0   4   1   0   0  25  0.61 0.21
  227 D   -4 -4  0  8 -6 -2  0 -3  1 -5 -6 -3 -5 -6 -4 -2 -3 -6 -5 -5    0   0   1  95   0   0   0   1   3   0   0   0   0   0   0   0   0   0   0   0  1.95 0.36
  228 F   -2 -4 -5 -5 -3 -4 -5 -5 -3  1 -1 -4 -1  7 -5 -4 -3 -2  1  4    3   0   0   0   0   0   0   0   0   3   0   0   0  55   0   0   0   0   2  37  1.08 0.26
  229 V   -2 -4 -5 -5 -3 -4 -4 -5 -5  5  3 -4  0 -1 -4 -4 -2 -4 -3  3    0   0   0   0   0   0   0   0   0  49  28   0   0   0   0   0   0   0   0  22  0.83 0.20
  230 H   -1 -3 -3 -4 -2 -3 -4 -5  6 -4 -3 -4 -3  0 -5 -3 -3  0  8 -3    6   0   0   0   1   0   0   0  19   0   0   0   0   0   0   1   0   0  72   1  1.70 0.35
  231 T   -1 -3 -2 -3 -3 -3 -3 -3 -4 -3 -3 -3 -3 -4 -3  0  7 -5 -4 -2    2   0   1   0   0   0   0   1   0   0   0   0   0   0   0   1  96   0   0   0  1.60 0.37
  232 D   -4 -4 -1  8 -6 -2 -1 -2 -3 -6 -6 -3 -5 -6 -4 -2 -3 -7 -5 -6    0   0   0  98   0   0   0   2   0   0   0   0   0   0   0   0   0   0   0   0  2.06 0.38
  233 V   -2 -5 -5 -5 -3 -4 -5 -5 -5  3 -1 -4 -1 -3 -4 -4 -2 -5 -3  6    0   0   0   0   0   0   0   0   0  13   0   0   0   0   0   0   0   0   0  87  1.28 0.30
  234 W   -6 -6 -7 -7 -5 -5 -6 -6 -5 -6 -5 -6 -4 -2 -7 -6 -5 13  0 -6    0   0   0   0   0   0   0   0   0   0   0   0   0   0   0   0   0 100   0   0  4.32 0.57
  235 V   -2 -4 -5 -5 -3 -4 -4 -5 -5  1  0 -4  0 -2 -4 -4 -2 -5 -3  7    1   0   0   0   0   0   0   0   0   0   6   0   1   1   0   0   0   0   0  92  1.28 0.31
  236 S   -1 -3 -1 -2 -3 -2 -2 -2 -3 -5 -5 -2 -4 -5 -3  7  0 -5 -4 -4    0   0   0   0   0   0   0   0   0   0   0   0   0   0   0  98   2   0   0   0  1.49 0.37
  237 M   -4 -4 -5 -6 -4 -3 -5 -5 -4 -1  0 -4 10 -2 -5 -4 -3 -4 -4 -2    0   0   0   0   0   0   0   0   0   0   1   0  99   0   0   0   0   0   0   0  2.47 0.48
  238 G   -2 -4 -2 -3 -5 -4 -4  7 -4 -6 -6 -4 -5 -5 -4 -2 -4 -5 -5 -5    0   0   0   0   0   0   0 100   0   0   0   0   0   0   0   0   0   0   0   0  2.01 0.35
  239 E   -3 -2 -2  1 -6  0  7 -4 -2 -6 -5 -1 -4 -6 -3 -2 -3 -5 -4 -5    0   0   0   3   0   0  97   0   0   0   0   0   0   0   0   0   0   0   0   0  1.79 0.38
  240 P    0 -3 -2  0 -4 -2  0 -3 -3 -4 -4 -2 -4 -5  8 -1 -1 -5 -4 -4    8   0   1   6   0   0   5   1   0   0   1   1   0   0  70   4   3   0   0   0  1.63 0.27
  241 V    0  0  0  3 -4  0  2 -3 -2 -2 -2  3 -2 -2  0 -1 -1 -4 -1 -1    6   1   1  25   0   1  13   0   0   1   2  32   0   1   3   1   2   0   3   7  0.36 0.13
  242 E   -1 -2 -1  3 -5  0  6 -2 -2 -4 -4 -1 -4 -5 -3  1 -2 -5 -3 -4    2   0   1  14   0   2  63   2   0   0   0   2   0   0   0  13   1   0   0   0  0.92 0.24
  243 A    1 -2 -2 -3 -2 -1 -2 -3 -3  1  0  0  1 -2 -3 -1  0 -4 -2  4   15   0   1   0   0   3   1   1   0   4   7   8   4   0   0   2   5   0   0  48  0.32 0.14
  244 W   -5 -5 -6 -7 -5 -5 -5 -5 -5 -5 -4 -6 -4  1 -6 -5 -5 13  0 -5    0   0   0   0   0   0   0   0   0   0   0   0   0   3   0   0   0  94   1   0  3.92 0.53
  245 G    2  0  0  2 -3  1  2  1  0 -3 -3  1 -2 -4 -2  0 -1 -4 -3 -2   27   2   2  13   0   6  20  13   2   0   0  11   0   0   0   1   2   0   0   1  0.32 0.12
  246 E   -2 -1 -1  1 -5  1  6 -3 -1 -5 -4  1 -4 -5 -2 -1 -2 -5 -3 -4    1   0   1   3   0   4  75   0   0   0   0   8   0   0   1   3   2   0   0   0  1.13 0.27
  247 R   -4  8 -3 -4 -6 -1 -2 -5 -2 -5 -5  0 -4 -5 -4 -3 -3 -5 -4 -5    0 100   0   0   0   0   0   0   0   0   0   0   0   0   0   0   0   0   0   0  2.04 0.39
  248 I   -3 -5 -5 -5 -3 -5 -5 -6 -5  7  0 -5 -1 -2 -5 -4 -3 -5 -3  2    0   0   0   0   0   0   0   0   0  89   3   0   0   0   0   0   0   0   0   8  1.41 0.31
  249 K    2  1  2  1 -3  1  2 -1  0 -3 -3  3 -2 -4 -2  0  0 -4 -3 -3   20   5  10   7   0   3  16   2   1   0   0  29   0   0   0   4   3   0   0   0  0.35 0.12
  250 E    0 -1 -3  0 -3  0  0 -4 -3  0  4 -2  1 -1 -3 -2 -1 -3 -2  0    7   2   1   5   0   6   6   0   0   3  62   1   3   0   0   0   3   0   0   1  0.43 0.16
  251 L   -3 -4 -5 -6 -2 -4 -5 -5 -5  0  6 -4  3  0 -5 -4 -3 -3 -3 -1    0   0   0   0   0   0   0   0   0   0  90   0   7   2   0   0   0   0   0   0  1.19 0.28
  252 L    0  2 -1 -2 -3  0  0 -2 -1 -2  1  3  1 -2 -2  0  1 -3 -2 -1    5  13   0   0   0   1   6   2   1   0  16  28   7   1   0   7  12   0   1   1  0.22 0.11
  253 P   -1 -4 -4  0 -5 -3 -3 -3 -4 -5 -5 -2 -5 -6  8 -2 -3 -6 -4 -5    3   0   0   6   0   0   0   1   0   0   0   2   0   0  87   1   0   0   0   0  2.29 0.36
  254 Y   -4 -4 -5 -6 -5 -4 -5 -6 -1 -4 -3 -4 -3  3 -5 -4 -4  0  9 -4    0   0   0   0   0   0   0   0   0   0   0   0   0   7   0   0   0   0  93   0  2.38 0.43
  255 Q    0  3 -2 -3 -5  7  0 -4 -2 -5 -4  1 -3 -5 -3 -2 -2 -4 -4 -4    6  16   0   0   0  74   0   0   0   0   0   4   0   0   0   0   0   0   0   0  1.38 0.33
  256 V   -2 -5 -5 -5 -3 -4 -5 -5 -5  3 -1 -4 -1 -3 -4 -4 -2 -5 -3  7    0   0   0   0   0   0   0   0   0  11   0   0   0   0   0   0   0   0   0  89  1.30 0.31
  257 N   -3 -2  7  1 -4 -2 -2 -2 -2 -4 -5 -2 -4 -5 -4 -1  4 -5 -4 -4    0   0  67   4   0   0   0   0   0   0   0   0   0   0   0   0  27   0   0   0  1.29 0.31
  258 M    2  0 -2 -2 -3  1 -1 -2 -2 -2 -1  2  6 -3  0  1 -1 -4 -3 -2   18   3   0   1   0   5   2   1   0   0   0  16  34   0   3  15   2   0   0   0  0.41 0.18
  259 E    1  0  0  4 -4  1  4 -2 -1 -4 -4  1 -3 -4 -2  0 -1 -4 -3 -3   16   2   3  28   0   5  29   1   0   0   0  11   0   0   0   3   2   0   0   0  0.53 0.15
  260 I    0 -3 -4 -4 -2 -3 -4 -4 -4  2  3 -3  5 -1 -4 -3 -1 -3 -2  3    5   0   0   0   0   0   0   0   0   6  29   0  23   0   0   0   3   0   0  33  0.58 0.18
  261 M   -3 -4 -4 -5 -3 -3 -4 -5 -4  3  3 -4  8 -1 -4 -4 -2 -4 -3  1    0   0   0   0   0   0   0   0   0  21  21   0  53   0   0   0   0   0   0   6  1.10 0.27
  262 K    2  2  0  1 -3  1  2 -2 -1 -3 -3  3 -2 -4 -2  0 -1 -4 -3 -2   22   9   4   6   0   3  16   1   1   0   1  30   0   0   0   3   1   0   0   1  0.35 0.12
  263 A    3  0  0 -2 -1  0 -1 -2 -1 -1  1  2  1 -2 -2  0 -1 -3 -2 -1   44   5   6   0   1   3   0   1   1   1  16  15   4   0   0   1   0   0   1   1  0.26 0.13
  264 T    1 -2  1 -2  0 -2 -2 -2 -3 -2 -2 -2  0 -3 -2  1  6 -4 -3 -2   14   0   6   0   2   0   1   1   0   1   1   0   3   0   0   6  63   0   0   0  0.73 0.21
  265 G    2 -2 -1 -2 -3  0 -1  6 -2 -5 -4 -1 -3 -4 -3 -1 -2 -4 -4 -4   18   1   3   1   0   5   5  64   1   0   0   3   0   0   0   1   0   0   0   0  0.92 0.21
  266 N   -3 -1  7  1 -4 -1 -2 -2  0 -4 -5  2 -4 -4 -3 -1 -2 -5 -3 -4    0   1  76   4   0   0   0   0   1   0   1  12   0   0   0   2   0   0   0   0  1.31 0.28
  267 P   -1 -3 -3  1 -5 -2  1 -4 -3 -5 -4  0 -4 -5  7 -2 -3 -5 -4 -4    3   1   0   8   0   1  10   0   0   0   0   5   0   0  70   2   0   0   0   0  1.67 0.29
  268 R   -1  2  3  4 -4  2  1 -1  2 -4 -4  1 -3 -4 -3 -1 -1 -4 -2 -4    3  14  20  24   0  13   6   2   6   0   0   7   0   0   0   2   2   0   0   0  0.49 0.14
  269 A    3 -4 -4 -4  1 -3 -3 -3 -4  0 -1 -3 -1 -3 -3 -1  1 -4 -2  5   29   0   0   0   3   0   0   0   0   1   0   0   0   0   0   1   8   0   1  57  0.66 0.22
  270 K   -2  2 -3 -3 -4 -1 -1 -4 -3  4 -1  5 -2 -3 -3 -2 -2 -4 -3  0    0   8   0   0   0   0   0   0   0  31   2  55   0   0   0   0   0   0   0   3  0.71 0.23
  271 F   -4 -5 -5 -6 -5 -6 -6 -6 -4 -2 -1 -5 -2  9 -6 -5 -4 -1  1 -2    0   0   0   0   0   0   0   0   0   0   1   0   0  97   0   0   0   0   0   2  2.19 0.39
  272 M   -3 -3 -4 -5  0 -3  0 -5 -4 -1  4 -3  8 -2 -4 -4 -3 -4 -3 -1    0   0   0   0   2   0   6   0   0   0  36   0  56   0   0   0   0   0   0   0  1.18 0.30
  273 H   -4 -3 -2 -4 -6 -2 -3 -5 11 -6 -6 -3 -4 -4 -5 -3 -4 -5 -1 -6    0   0   0   0   0   0   0   0 100   0   0   0   0   0   0   0   0   0   0   0  2.93 0.48
  274 C   -3 -6 -5 -5 11 -6 -6 -5 -6 -4 -4 -6 -4 -5 -6 -3 -3 -5 -5 -3    0   0   0   1  99   0   0   0   0   0   0   0   0   0   0   0   0   0   0   0  3.28 0.49
  275 L   -3 -4 -5 -6 -3 -4 -5 -6 -5  0  6 -4  0 -1 -5 -4 -3 -4 -3 -1    0   0   0   0   0   0   0   0   0   0 100   0   0   0   0   0   0   0   0   0  1.38 0.31
  276 P   -3 -5 -4 -4 -5 -4 -4 -5 -5 -5 -5 -3 -5 -6  9 -3 -3 -6 -5 -5    0   0   0   0   0   0   0   0   0   0   0   0   0   0 100   0   0   0   0   0  2.92 0.43
  277 A    6 -3 -3 -3 -2 -2 -2 -2 -3 -3 -3 -2 -3 -4 -3  3 -1 -4 -4 -2   78   0   0   0   0   0   0   0   0   0   0   0   0   0   0  22   0   0   0   0  1.06 0.29
  278 F   -4 -5 -5 -6 -3 -5 -5 -5 -3 -1 -1 -5 -2  9 -6 -5 -4 -1  3 -3    0   0   0   0   1   0   0   0   0   2   1   0   0  91   0   0   0   0   6   0  1.99 0.36
  279 H   -3 -3 -2 -4 -6 -2 -3 -5 11 -6 -5 -3 -4 -4 -5 -3 -4 -5 -1 -6    1   0   0   0   0   0   0   0  99   0   0   0   0   0   0   0   0   0   0   0  2.85 0.48
  280 N   -4 -3  6  6 -5 -2 -1 -2 -2 -5 -6 -2 -5 -5 -4 -1 -2 -6 -5 -5    0   0  39  59   0   0   0   1   0   0   0   0   0   0   0   1   0   0   0   0  1.46 0.30
  281 S   -1  2 -1  1 -1 -1  0 -3  0 -1  2 -1 -1 -1 -3  0  2 -2 -2 -1    4  13   0  12   2   1   6   0   2   0  29   2   0   1   0   7  19   0   0   0  0.16 0.10
  282 E   -2  0  3  2 -4  2  4  1  1 -4 -4  2 -3 -4 -3 -1 -2 -4 -3 -4    1   2  15  13   0  10  33   9   4   0   0  11   0   0   0   1   0   0   0   0  0.53 0.15
  283 T   -2 -3 -2 -3 -3 -3 -3 -4 -4 -3 -3 -3 -3 -4 -3 -1  7 -5 -4 -2    0   0   0   0   0   0   0   0   0   0   0   0   0   0   0   0 100   0   0   0  1.74 0.40
  284 K    0  0 -1  0 -3  0  1 -2 -2 -1 -2  3 -2 -3 -2  0  3 -4 -3  0    7   4   0   4   0   2  12   1   0   2   1  27   0   0   0   3  29   0   0   7  0.32 0.14
  285 V   -2 -4 -4 -4 -2 -3 -3 -5 -3  4  2 -3  1 -2 -4 -3 -1 -4 -2  5    0   0   1   1   0   0   1   0   0  24  15   0   3   0   0   0   2   0   1  52  0.67 0.19
  286 G    0 -4 -2 -3 -4 -4 -4  7 -4 -6 -6 -3 -5 -5 -4 -1 -3 -5 -5 -5    5   0   0   0   0   0   0  93   0   0   0   0   0   0   0   2   0   0   0   0  1.76 0.32
  287 K    1  3 -1 -2 -3  2  2 -3 -1 -4 -4  5 -3 -4 -3 -1 -2 -4 -2 -3   12  17   1   0   0  10  14   0   0   0   0  43   0   0   0   0   1   0   1   0  0.64 0.19
  288 Q   -2 -1 -1  3 -5  4  5 -3 -2 -4 -4  1 -2 -3 -3 -1 -2  1 -3 -4    2   1   2  14   0  24  44   1   0   0   0   9   1   1   0   0   0   2   0   0  0.77 0.21
  289 I   -2 -4 -5 -5 -3 -4 -4 -5 -4  6  1 -3  4 -2 -4 -4 -2 -4 -3  2    1   0   0   0   0   0   0   0   0  64   9   1  14   0   0   0   0   0   0  11  0.91 0.23
  290 A    3 -2 -2 -3 -2 -1 -1  0  4 -2 -2 -1  0  2 -3 -1 -2 -1  4 -2   31   0   1   0   0   2   5   6  12   1   1   3   2  11   0   1   0   0  22   1  0.39 0.15
  291 E    0  0 -1  2 -4  2  5 -3 -1 -4 -4  2 -2 -5 -3 -1 -2 -4 -3 -3    9   4   0   8   0  10  54   0   0   0   0  10   1   0   0   1   1   0   0   0  0.74 0.20
  292 Q    0  3 -1 -1 -4  3  2 -3  0 -4 -3  4 -2 -4 -2 -1  0 -4 -3 -3    6  16   0   2   0  14  13   0   1   0   2  40   1   0   0   1   5   0   0   0  0.56 0.17
  293 Y   -4 -4 -3 -5 -4 -4 -4 -5  3 -3 -2 -4 -2  6 -5 -3  0  0  7 -3    0   0   1   0   0   0   0   0   8   0   0   0   0  44   0   0   6   0  40   0  1.35 0.29
  294 P   -1 -3  0 -2 -4 -3 -3  6 -3 -4 -4 -3 -4 -4  3 -2 -3 -4 -4 -4    1   0   4   0   0   0   1  76   0   0   1   1   0   0  13   1   1   0   0   1  1.26 0.23
  295 N    0  0  1  1 -1  1  1  0  1 -1 -1  0  0  0  0  0  0  0  0 -1    7   6   9   7   1   6   9   6   4   4   7   4   3   3   4   5   4   1   4   6  0.03 0.00
  296 L    0  0  0 -1 -1  0  0 -1  0  0  2  0  1  0  0  0  0 -1  0  0    7   4   4   4   1   4   4   6   2   4  29   5   3   3   4   5   5   1   2   4  0.02 0.01
  297 A    0 -2 -3 -3 -2 -2 -3 -3  1  2  3 -1  3 -1 -1 -1 -1 -1  0  1   10   0   0   0   0   1   0   0   5  13  42   3  11   0   2   3   1   0   2   4  0.30 0.12
  298 N   -1 -1  3  3 -3  0  2  1 -1 -3 -4  1 -3 -4 -1  1  2 -4 -3 -3    1   1  16  20   0   2  12  12   0   0   0  10   0   0   1   7  16   0   0   0  0.38 0.12
  299 G    1 -3 -2  0  1 -1  3  4 -3 -4 -4 -2 -3 -4 -2  0 -2 -4 -3 -3   13   0   0   3   3   0  29  44   0   1   0   0   0   0   1   7   0   0   0   0  0.66 0.18
  300 I   -2 -2 -4 -5 -2 -2 -4 -5 -4  3  3 -3  7  0 -4 -3 -2 -3 -2  1    1   1   0   0   0   1   0   0   0  14  32   0  41   2   0   0   0   0   0   8  0.83 0.23
  301 E   -3 -2 -2 -1 -6  0  7 -4 -2 -6 -5 -1 -4 -6 -3 -2 -3 -5 -4 -5    0   0   0   0   0   0 100   0   0   0   0   0   0   0   0   0   0   0   0   0  1.88 0.40
  302 V   -2 -5 -5 -5 -2 -4 -5 -5 -5  1 -1 -4 -1 -3 -5 -4 -2 -5 -3  7    0   0   0   0   0   0   0   0   0   1   0   0   0   0   0   0   0   0   0  99  1.50 0.35
  303 T   -1 -3 -2 -2 -3 -3 -2 -3 -4 -3 -3 -3 -3 -4 -3  1  7 -5 -4 -1    2   0   0   1   0   0   1   0   0   0   0   0   0   0   0   9  86   0   0   1  1.33 0.34
  304 E   -3 -3  2  7 -5 -1  3 -3  0 -5 -5 -2 -5 -5 -3 -2 -3 -6 -4 -5    0   0   8  67   0   0  23   0   2   0   0   0   0   0   0   0   0   0   0   0  1.35 0.29
  305 D   -2 -2 -2  3 -6  0  7 -3 -2 -5 -5 -1 -4 -5 -3 -2 -3 -5 -4 -5    2   0   0  18   0   0  78   0   0   0   0   0   0   0   0   1   0   0   0   0  1.38 0.32
  306 V   -2 -5 -5 -5 -3 -4 -5 -5 -5  1 -1 -4 -1 -3 -5 -4 -2 -5 -3  7    0   0   0   0   0   0   0   0   0   1   1   0   0   0   0   0   0   0   0  98  1.48 0.35
  307 F   -5 -5 -5 -6 -5 -6 -6 -6 -4 -2 -2 -6 -2  9 -6 -5 -4 -1  1 -3    0   0   0   0   0   0   0   0   0   1   0   0   0  98   0   0   0   0   0   0  2.26 0.41
  308 E   -3  0 -1 -1 -6  0  7 -4 -2 -5 -4 -1 -4 -5 -3 -2 -3 -5 -4 -5    0   5   1   0   0   1  91   0   0   0   1   0   0   0   0   1   0   0   0   0  1.55 0.35
  309 S    0 -3 -1 -2 -3 -2 -2  1 -3 -5 -5 -2 -4 -5 -3  6  0 -5 -4 -4    1   0   1   0   0   0   0  10   0   0   0   0   0   0   0  87   1   0   0   0  1.22 0.33
  310 P    1  0 -1  1 -4 -1  2 -1 -2 -4 -4  2 -3 -4  5  0 -1 -4 -3 -3   13   3   1   7   0   1  18   2   0   0   0  16   0   0  30   6   2   0   0   0  0.60 0.15
  311 Y    2  0  1 -2 -2  3 -1 -2  6 -3 -3 -1 -1 -2 -3 -1 -2 -2  3 -3   28   5   6   0   1  16   1   0  28   0   0   1   2   1   0   0   0   0  11   0  0.56 0.19
  312 N   -1 -3  2 -2  1 -2 -2 -2 -3 -4 -5 -2 -4 -5 -3  6  0 -5 -4 -4    1   0   8   1   2   0   0   1   0   0   0   0   0   0   0  86   0   0   0   0  1.20 0.33
  313 I   -2 -1 -4 -4 -3 -3 -3 -5 -4  5  1  1  0 -2 -4 -3 -2 -4 -2  4    0   2   0   0   0   0   0   0   0  45   6  11   0   0   0   0   0   0   1  34  0.65 0.20
  314 A    1 -4 -5 -5 -2 -3 -4 -4 -5  1 -1 -4 -1 -3 -4 -3 -2 -5 -3  6   13   0   0   0   0   1   0   0   0   1   0   0   0   0   0   0   0   0   0  84  1.09 0.29
  315 F   -5 -5 -5 -6 -5 -6 -6 -6 -4 -2 -2 -6 -2  9 -6 -5 -5  0  1 -3    0   0   0   0   0   0   0   0   0   0   0   0   0  99   0   0   0   0   0   0  2.30 0.41
  316 E   -3 -1 -1  7 -5  1  3 -3 -2 -5 -5 -2 -4 -5 -3 -2 -2 -6 -5 -5    1   2   0  74   0   6  15   0   0   0   0   1   0   0   0   1   1   0   0   0  1.40 0.29
  317 Q   -3 -1 -2 -1 -5  6  6 -4 -2 -5 -5 -1 -3 -5 -3 -2 -3 -4 -4 -4    0   0   0   0   0  46  53   0   0   0   0   0   0   0   0   0   0   0   0   1  1.36 0.33
  318 A    6 -4 -4 -4 -2 -3 -3 -2 -4 -3 -4 -3 -3 -4 -3  0 -2 -5 -4 -2   99   0   0   0   0   0   0   0   0   0   0   0   0   0   0   1   0   0   0   0  1.41 0.35
  319 E   -2 -2 -2 -1 -6  0  7 -4 -2 -6 -5 -1 -4 -6 -3 -2 -3 -5 -4 -5    1   0   0   0   0   0  98   1   0   0   0   0   0   0   0   0   0   0   0   0  1.79 0.39
  320 N   -4 -3  8 -1 -5 -2 -3 -3 -2 -6 -6 -2 -5 -6 -4 -2 -2 -6 -5 -5    0   0 100   0   0   0   0   0   0   0   0   0   0   0   0   0   0   0   0   0  2.16 0.42
  321 R   -4  8 -3 -4 -6 -1 -2 -5 -2 -5 -5  0 -4 -5 -4 -3 -3 -5 -4 -5    0 100   0   0   0   0   0   0   0   0   0   0   0   0   0   0   0   0   0   0  2.06 0.40
  322 M   -2 -4 -5 -5 -3 -3 -4 -5 -4 -1  3 -4  9 -2 -5 -4 -3 -4 -3 -1    1   0   0   0   0   0   0   0   0   0  28   0  69   0   0   0   0   0   0   1  1.56 0.35
  323 H   -4 -3 -2 -4 -6 -2 -3 -5 11 -6 -6 -3 -4 -4 -3 -3 -4 -5 -1 -6    0   0   0   0   0   0   0   0  99   0   0   0   0   0   1   0   0   0   0   0  2.88 0.48
  324 T   -2 -3 -2 -3 -3 -3 -3 -4 -4 -3 -3 -3 -3 -4 -3  0  7 -5 -4 -2    0   0   0   0   0   0   0   0   0   0   0   0   0   0   0   3  97   0   0   0  1.67 0.38
  325 I   -3 -5 -5 -5 -3 -5 -5 -6 -5  7  0 -5 -1 -2 -5 -4 -1 -5 -3  1    0   0   0   0   0   0   0   0   0  98   0   0   0   0   0   0   2   0   0   0  1.59 0.34
  326 K   -3  0 -2 -3 -5 -1 -1 -4 -3 -5 -5  7 -4 -5 -3 -2 -3 -5 -4 -5    0   0   0   0   0   0   0   0   0   0   0 100   0   0   0   0   0   0   0   0  1.74 0.37
  327 A    7 -3 -4 -4 -2 -3 -3 -2 -4 -3 -4 -3 -3 -4 -3 -1 -2 -5 -4 -2  100   0   0   0   0   0   0   0   0   0   0   0   0   0   0   0   0   0   0   0  1.42 0.34
  328 I   -2 -4 -5 -5 -3 -4 -4 -5 -5  3  1 -4  0 -2 -4 -3 -2 -5 -3  6    0   0   0   0   0   0   0   0   0  14   7   0   1   0   0   0   0   0   0  78  1.06 0.26
  329 L   -3 -4 -5 -5 -3 -3 -4 -5 -4  0  3 -4  9 -2 -5 -4 -3 -4 -3 -1    0   0   0   0   0   0   0   0   0   2  27   0  70   0   0   0   0   0   0   1  1.57 0.35
  330 V   -1 -4 -4 -4 -1 -4 -4 -5 -4  1  0 -4 -1 -1 -4 -3 -2 -3  3  6    4   0   0   0   1   0   0   0   0   0   4   0   0   0   0   0   0   0  11  78  0.93 0.26
  331 S    6 -3 -3 -3 -2 -3 -2 -1 -3 -3 -3 -3 -3 -4 -3  1 -2 -5 -4 -2   91   0   0   0   0   0   0   1   0   0   0   0   0   0   0   8   0   0   0   0  1.20 0.30
  332 T   -1 -3 -2 -3 -2 -3 -3 -4 -4 -3 -3 -3 -3 -4 -3  1  7 -5 -4 -2    1   0   0   0   1   0   0   0   0   0   1   0   0   0   0   6  91   0   0   0  1.46 0.35
  333 L   -3 -4 -5 -5 -3 -4 -5 -6 -5  1  6 -4  1  0 -5 -4 -3 -3 -3 -1    0   0   0   0   0   0   0   0   0   5  91   0   2   2   0   0   0   0   0   0  1.16 0.27
  334 A    3 -3 -2 -3  2 -3 -2  5 -3 -4 -4 -3 -3 -4 -3  1 -2 -4 -4 -3   25   0   0   0   5   0   1  57   0   0   0   0   0   0   0  12   0   0   0   0  0.90 0.20
  335 D   -2 -2  3  5 -4  0  4 -1 -2 -4 -4 -1 -4 -4 -2 -1 -2 -5 -4 -4    1   0  13  46   0   0  34   3   0   0   0   2   0   0   0   1   0   0   0   0  0.86 0.15
  336 I   -2 -3 -4 -4 -2 -3 -3 -4 -3  4  2 -3  2  2 -3 -3 -1 -2  0  2    0   0   0   0   0   0   0   0   0  40  26   0   7  14   0   0   0   0   0  13  0.39 0.05

                      K         Lambda
Standard Ungapped    0.1328     0.3182
Standard Gapped      0.0643     0.2670
PSI Ungapped         0.2102     0.3150
PSI Gapped           0.0643     0.2670
