
Last position-specific scoring matrix computed, weighted observed percentages rounded down, information per position, and relative weight of gapless real matches to pseudocounts
           A  R  N  D  C  Q  E  G  H  I  L  K  M  F  P  S  T  W  Y  V   A   R   N   D   C   Q   E   G   H   I   L   K   M   F   P   S   T   W   Y   V
    1 M   -4 -5 -6 -7 -5 -4 -5 -6 -5 -2 -1 -5 11 -3 -6 -5 -4 -5 -4 -3    0   0   0   0   0   0   0   0   0   0   2   0  98   0   0   0   0   0   0   0  2.97 0.74
    2 K   -2  3  2 -2 -4  0 -1 -3  0  0 -1  3  1 -1 -2  0  1 -4 -2 -2    1  22  11   0   0   2   0   0   2   8   5  25   5   2   1   6   9   0   1   0  0.32 0.19
    3 R   -1  4  0 -3 -4  0 -1 -4  0 -2  0  4 -1  1 -3 -1 -1 -4 -1 -3    4  29   3   0   0   2   0   0   2   2   9  33   1   6   1   3   3   0   2   0  0.51 0.25
    4 S    0  3 -1 -2 -2  1 -1 -2  0 -1  0  1 -1 -1  2  1  1 -3 -1 -1    6  19   1   0   0   5   0   2   3   2  10   9   0   3   9  12  13   0   1   4  0.18 0.13
    5 F    0 -1 -2 -3 -1 -2 -3 -3 -1  2  2 -1  1  1  0  0  1  0  0  0    7   3   0   0   1   0   0   1   2  14  29   2   2   6   5   7  11   2   3   4  0.16 0.12
    6 L    0 -2 -4 -4 -2 -3 -4 -4 -4  2  3 -3  2  1  0 -2 -1  0 -2  1    7   1   0   0   1   0   0   0   0  15  41   1   6   7   4   3   4   2   0   7  0.39 0.19
    7 S    2 -2 -2 -3  1 -2 -2 -1 -3 -1  0 -2  0 -1  2  2  2 -3 -1 -1   22   1   0   0   2   0   0   3   0   3  12   0   2   2   9  20  16   0   2   3  0.26 0.18
    8 L    1 -3 -4 -4  0 -3 -3 -3 -3  2  3 -3  1 -1  0 -1  0 -3 -3  2   16   0   0   0   2   0   0   1   0   9  33   0   3   1   5   4   6   0   0  19  0.34 0.19
    9 A    2 -2 -3 -3 -1 -3 -3 -2 -3  1  2 -3  1 -1 -1  1  0 -3 -2  1   27   1   0   0   1   0   0   2   0   9  26   0   4   2   2  10   5   0   0  10  0.27 0.18
   10 V    2 -3 -4 -4  1 -3 -3 -1 -4  1  3 -3  0  0 -2 -1  0 -3 -2  2   26   0   0   0   3   0   0   4   0   5  32   0   1   4   2   2   6   0   0  14  0.34 0.20
   11 A    3 -3 -3 -3  1 -3 -3 -1 -3  0  2 -3  2 -1 -1 -1  1 -3 -2  1   29   0   0   0   3   0   0   5   0   4  24   0   7   2   2   4   7   0   0  12  0.27 0.18
   12 A    5 -3 -3 -4 -1 -3 -3 -1 -4 -1  1 -3 -1 -3  0  0  1 -2 -3  0   56   0   0   0   1   0   0   3   0   3  12   0   1   1   3   7   8   0   0   4  0.60 0.30
   13 V    1 -3 -3 -4  0 -3 -3  0 -3  1  3 -3  2  0 -3 -1  1 -1 -2  1   13   0   0   0   2   0   0   7   0   5  36   0   6   5   0   3  10   1   0  11  0.29 0.18
   14 V    2 -3 -3 -4 -1 -3 -3 -2 -3  1  2 -3  3  1 -3 -1  1 -3 -2  2   23   0   0   0   1   0   0   2   0   5  26   0   8   5   1   3   7   0   0  17  0.32 0.19
   15 L   -1 -5 -6 -6 -4 -5 -5 -6 -5  0  6 -5  0 -1 -5 -5 -3 -4 -4  0    5   0   0   0   0   0   0   0   0   2  85   0   1   1   0   0   1   0   0   5  1.34 0.46
   16 S    4 -4 -2 -3 -2 -2 -3  2 -4 -4 -4 -3 -4 -5 -2  4  2 -5 -4 -3   34   0   0   0   0   1   0  17   0   0   0   0   0   0   1  35  11   0   0   1  0.78 0.36
   17 G    2 -5 -4 -4 -5 -5 -5  7 -5 -6 -6 -4 -5 -6 -5 -2 -4 -6 -6 -5   20   0   0   0   0   0   0  78   0   0   0   0   0   0   0   1   0   0   0   0  1.81 0.56
   18 C   -5 -8 -7 -8 12 -7 -8 -7 -7 -5 -5 -7 -6 -7 -7 -5 -5 -7 -7 -5    0   0   0   0 100   0   0   0   0   0   0   0   0   0   0   0   0   0   0   0  4.16 0.97
   19 S   -2 -4  2 -2 -4 -1 -3 -3 -4 -5 -5 -3 -4 -5 -4  6  4 -6 -5 -4    1   0  10   2   0   2   0   0   0   0   0   0   0   0   0  59  25   0   0   0  1.19 0.52
   20 L   -4 -5 -6 -7 -4 -5 -6 -6 -5 -1  5 -5  7  1 -6 -4 -4 -4 -3 -2    0   0   0   0   0   0   0   0   0   0  64   0  31   4   0   0   0   0   0   0  1.56 0.55
   21 I    5 -4 -2  0 -3 -1 -1 -3 -4  3 -3 -3  1 -4 -3 -2  0 -5 -4 -1   58   0   1   5   0   2   3   0   0  18   0   0   4   0   0   0   5   0   0   2  0.75 0.38
   22 P   -4 -6 -6 -5 -6 -5 -5 -6 -6 -6 -6 -5 -6 -7  9 -4 -4 -7 -6 -6    0   0   0   0   0   0   0   0   0   0   0   0   0   0  97   0   1   0   0   0  3.16 0.83
   23 D   -1  1 -1  3 -4  0  1 -3  3 -3 -3  2 -3 -4  0 -1  2 -4 -3 -2    6   7   1  22   0   4  10   1   8   1   1  16   0   0   5   2  15   0   0   3  0.39 0.22
   24 Y   -5 -4 -3 -5 -6 -2 -5 -6  3 -4 -1 -5 -2  0 -3 -5 -4 -2  9 -4    0   0   1   1   0   2   0   0   5   0   5   0   1   1   1   0   1   0  81   0  2.33 0.70
   25 Q   -1  0 -2  0 -5  4  4 -4  2 -3 -3  0 -3 -5 -2 -1  0 -3 -3  1    4   4   1   3   0  25  33   0   5   1   1   4   0   0   1   3   5   0   0  10  0.60 0.31
   26 R   -2  7 -3 -4 -6  2 -2 -3 -2 -5 -4  0 -4 -6 -4 -4 -1 -6 -5 -5    2  75   0   0   0  10   1   1   0   0   1   4   0   0   0   0   4   0   0   0  1.67 0.58
   27 P   -4 -6 -6 -5 -6 -4 -5 -4 -6 -5 -5 -4 -6 -7  9 -3 -4 -7 -6 -5    0   0   0   0   0   0   0   1   0   1   1   1   0   0  93   1   1   0   0   0  2.90 0.78
   28 E    4 -3 -2  2 -4  1  3 -2 -2 -3 -3 -2 -3 -5  1 -1 -1 -5 -4 -1   40   0   1  14   0   6  19   1   0   1   1   1   0   0   7   2   3   0   0   3  0.54 0.30
   29 A    5 -4 -3 -3 -3 -2 -2 -2 -4 -2  1 -3  1 -3  2  0 -2 -4 -4 -1   51   0   1   0   0   2   1   2   0   0  18   0   3   0   9   7   1   0   0   4  0.61 0.33
   30 P   -1 -5 -3 -4 -6 -3 -3 -5 -5 -6 -6 -4 -5 -6  8 -3 -4 -7 -6 -3    6   0   1   1   0   1   1   0   0   0   0   0   0   0  85   1   0   0   0   2  2.51 0.69
   31 V   -2 -5 -5 -6 -4 -3 -5 -6 -6  3 -1 -5  0 -4 -4 -4 -1 -5 -4  7    1   0   0   0   0   1   0   0   0  13   1   0   1   0   0   1   3   0   0  78  1.47 0.51
   32 A    3 -3 -3 -1 -4 -1 -1 -3 -4 -4 -5 -2 -4 -5  6  0 -1 -5 -5 -3   28   1   1   3   0   3   3   1   0   0   0   1   0   0  47   7   3   0   0   1  1.17 0.42
   33 A    3 -2  1  2 -3  1  1  0 -2 -3 -3 -1 -2 -4  0  1  0 -4 -3 -2   35   0   6  10   0   7   9   7   1   1   1   2   1   0   5   8   5   0   0   2  0.32 0.20
   34 A    3 -1  0  1 -3  3  0 -2  1 -3 -3 -1 -2 -4 -2  1  2 -4 -3  0   26   2   5   7   0  16   3   1   4   0   1   1   0   0   1  11  17   0   0   6  0.34 0.23
   35 Y   -3 -5 -5 -6 -5 -5 -5 -5 -3 -2 -1 -5 -2  4 -3 -4 -4 10  6 -3    1   0   0   0   0   0   0   0   0   2   5   0   1  18   1   1   1  38  27   2  1.88 0.54
   36 P    0 -2 -2 -2 -3 -1 -2 -2 -3 -3 -3 -2 -3 -4  7 -1 -1 -4 -3 -3    7   2   2   2   0   2   2   3   0   1   3   2   0   1  64   4   3   0   1   2  1.46 0.38
   37 Q    1 -1  0  1 -2  3  1  0 -1 -1 -2  0 -1 -2 -1  1  1 -2 -1 -1   14   2   3   7   0  19   6   6   1   2   4   3   1   1   3  10  11   0   2   5  0.16 0.10
   38 G    1 -2  0  0 -2  0  0  4  0 -2 -2 -1 -2 -2  0  0 -1 -2 -1 -1   15   1   3   6   0   3   5  36   2   1   3   1   1   2   4   6   3   1   2   3  0.33 0.13
   39 Q    1 -1 -1  1 -2  1  1  1 -1 -2 -2 -1 -1 -2  3  0  0 -1  0 -2   15   1   2   8   0   6  10  11   1   2   3   2   1   1  18   6   5   1   3   2  0.24 0.10
   40 A    4 -2 -2 -1 -2 -1 -2  0 -2 -1 -2 -1 -2 -2  1  0  0 -1 -1  0   46   2   2   3   0   2   2   7   1   2   4   2   1   1   6   7   4   1   2   8  0.34 0.17
   41 Y    1 -1 -1 -1 -3 -1 -2  0  0 -1 -1 -1 -1  0  0  0  0 -1  6 -1   11   2   3   4   0   3   2   6   1   2   4   3   1   1   4   6   5   0  35   3  0.38 0.19
   42 G    2 -1 -1  0 -2  0  0  1 -2 -2 -2  0 -1 -3  3  1  0 -3 -1 -1   25   3   2   6   0   4   5  13   0   1   3   6   1   1  13   9   5   0   2   3  0.22 0.12
   43 Q    2 -1  1  1 -2  2  0  0 -1 -2 -2  0 -1 -3  2  1  1 -3 -1 -1   19   2   8   7   0  11   5   8   1   1   3   4   1   0  10   7  10   0   2   3  0.19 0.12
   44 N    2 -1  0  0 -2  2  1  0 -2 -2 -2 -1 -2 -3  2  1  1 -3 -2  0   20   1   3   6   0  12   7   6   0   2   4   2   0   1   9   9  11   0   1   6  0.18 0.12
   45 T    2 -1  0  0 -2  1  0  0 -1 -2 -2 -1 -1 -3  2  2  2 -4 -3 -1   24   1   3   4   0   8   5   5   1   1   1   2   1   0   9  16  12   0   0   5  0.25 0.16
   46 G    2 -2  0  1 -3  0  0  2 -2 -3 -2 -1 -2 -3  2  1  0 -4 -3  0   23   0   4   7   0   5   6  17   0   0   2   2   0   0   8  12   5   0   0   6  0.25 0.15
   47 A    3 -1 -1  0 -3  1  1  0 -1 -2 -2 -1 -2 -4  1  1  1 -4 -3 -1   32   2   1   6   0   7   8   6   1   1   2   3   1   0   8   6  12   0   0   4  0.27 0.17
   48 A    2 -1  0  1 -3  1  0  1 -2 -2 -2 -1 -2 -3  1  2  1 -4 -3 -2   25   3   5   8   0   6   5  11   0   1   2   2   0   1   6  14   8   0   0   2  0.23 0.14
   49 A    2 -1 -1  0 -3  1  0  3 -1 -2 -2 -1 -1 -3  0  1  1 -3 -3 -2   24   2   2   5   0   7   4  23   1   2   3   2   1   0   4   8   9   0   0   2  0.26 0.15
   50 V    1  0 -1 -1 -2  2  0 -1 -1  0 -1  0  0 -2  2  0  2 -3 -2  1   15   5   2   2   0  10   4   3   1   4   6   3   2   0  11   5  14   0   0  12  0.14 0.11
   51 P    2  0  0  1 -2  1 -1 -1  0 -2 -1  0 -2 -3  3  1  0 -3 -2 -1   21   5   4   7   0   6   2   3   2   1   6   3   1   1  17  12   5   0   1   3  0.25 0.14
   52 A    5 -3 -3 -3 -2 -2 -3 -1 -3  0 -1 -3 -1 -3  0  0  0 -4 -1  1   57   0   1   1   0   1   1   3   0   5   4   1   1   1   4   3   4   0   3  11  0.59 0.29
   53 A    4 -1 -1  0 -2  0 -1 -1 -2 -2 -2 -2 -1 -3  0  1  1 -3 -2 -1   49   2   2   5   0   4   2   3   1   1   3   1   1   0   5   8   7   0   1   5  0.42 0.23
   54 D    1 -1  0  5 -3  1  3 -2 -2 -3 -2 -1 -2 -4 -1  0  0 -4 -3 -2   11   2   3  34   0   5  18   2   0   1   3   2   1   0   3   5   5   0   1   2  0.47 0.21
   55 I   -2 -3 -3 -3 -3  0 -3 -4 -4  4  3 -3  1 -2 -1 -3  0 -3 -3  1    2   1   1   1   0   5   1   1   0  30  39   0   1   0   3   1   5   0   0   9  0.52 0.23
   56 G    0 -3 -1  2 -4 -1 -1  5 -1 -4 -4 -1 -4 -5  2 -1 -2 -4 -4 -4    9   1   2  15   0   2   3  48   2   0   1   2   0   0  10   3   2   0   0   1  0.74 0.28
   57 W   -6 -4 -8 -8 -6 -6 -7 -7 -6 -6 -6 -7 -5 -3 -8 -7 -6 13  1 -6    0   1   0   0   0   0   0   0   0   0   0   0   0   0   0   0   0  94   3   0  4.53 1.00
   58 R   -2  6 -1 -3 -6  5  0 -4  0 -5 -5  2 -4 -5 -3 -2 -3 -5 -4 -5    2  50   2   1   0  25   4   0   2   0   0  11   0   0   1   2   1   0   0   0  1.19 0.44
   59 E    0 -2  0  5 -4  3  3 -2 -1 -4 -5 -2 -4 -5 -3  0  1 -5 -4 -3   10   0   4  32   0  15  20   1   1   0   0   1   0   0   0   7   8   0   0   1  0.67 0.30
   60 F   -4 -5 -5 -6 -5 -3 -5 -6 -3 -2 -1 -5  2  7 -6 -5 -4 -1  5  1    1   0   0   0   0   1   0   0   0   1   5   0   5  58   0   0   0   0  20   9  1.55 0.49
   61 F   -5 -6 -6 -7 -5 -6 -6 -6 -4  1 -2 -6 -2  8 -7 -6 -5 -2  2  1    0   0   0   0   0   0   0   0   0   7   2   0   0  80   0   0   0   0   3   8  2.10 0.60
   62 R    1  1  0 -2 -3  1 -1  0  1  0 -1  0 -2 -3  0  0  3 -4 -3  1   14  10   3   0   0   5   2   6   4   4   6   4   0   0   4   3  24   0   0  11  0.17 0.15
   63 D   -4 -5  0  8 -7 -3  0 -4 -4 -7 -7 -4 -6 -7 -5 -1 -4 -8 -6 -6    1   0   2  89   0   0   3   0   0   0   0   0   0   0   0   4   0   0   0   0  2.22 0.65
   64 P    1 -2 -2 -1 -5  0  0 -4 -4 -5 -6 -2 -5 -6  7 -2 -2 -6 -5 -5   12   2   1   4   0   5   7   0   0   0   0   1   0   0  64   2   1   0   0   0  1.62 0.50
   65 Q    1  6 -2 -2 -2  2 -1 -3  0 -4 -2  1 -3 -5 -1 -1 -1 -5 -3 -2   13  49   1   1   1   8   3   1   2   0   4   8   0   0   2   2   3   0   0   3  0.72 0.32
   66 L   -4 -5 -7 -7 -4 -5 -6 -7 -6 -1  6 -6  2 -3 -6 -6 -4 -5 -4 -2    1   0   0   0   0   0   0   0   0   1  96   0   3   0   0   0   0   0   0   0  1.79 0.57
   67 Q   -2  4 -2 -3 -6  7 -1 -5  1 -4 -3  1 -3 -5 -4 -2 -3 -5 -4 -3    2  27   1   0   0  51   1   0   4   1   3   6   0   0   0   1   0   0   0   2  1.23 0.48
   68 Q    2  3 -1 -1 -4  5  0 -1 -1 -4 -4  2 -3 -5 -3  0 -1 -4 -4 -3   17  20   1   3   0  30   5   4   1   0   0  10   0   0   0   4   4   0   0   1  0.58 0.29
   69 L   -3 -4 -6 -6 -4 -5 -5 -6 -5  1  5 -5  0 -2 -5 -5 -2  1 -2  3    0   1   0   0   0   0   0   0   0   5  65   0   1   0   0   0   2   2   1  23  1.08 0.40
   70 I   -4 -6 -6 -6 -4 -3 -6 -7 -6  8 -1 -6 -1 -3 -6 -5 -4 -6 -4  3    0   0   0   0   0   1   0   0   0  82   2   0   0   0   0   0   0   0   0  14  1.82 0.56
   71 G    2 -2 -1  3 -4  2  4  1 -2 -4 -4 -2 -4 -5 -3  0  0 -5 -4 -3   22   1   2  15   0  10  30  10   0   0   0   0   0   0   0   5   4   0   0   0  0.56 0.28
   72 V    0  0 -3 -3 -3  1 -1 -4 -2  2  3 -2  2 -2 -4 -2  2 -4 -3  0    7   4   1   1   0  10   2   0   1  10  38   1   6   0   0   1  13   0   0   4  0.34 0.21
   73 A    6 -4 -4 -5 -3 -4 -4  0 -5 -5 -5 -4 -4 -5 -4  2 -2 -6 -5 -3   82   0   0   0   0   0   0   5   0   0   0   0   0   0   0  12   1   0   0   0  1.49 0.55
   74 L   -5 -5 -7 -7 -4 -5 -6 -7 -6 -1  6 -6 -1 -2 -6 -6 -4 -5 -4 -2    0   0   0   0   0   0   0   0   0   2  97   0   0   0   0   0   0   0   0   1  1.82 0.58
   75 E    2  0  0  2 -3  1  3 -2 -1 -3 -3  0 -3 -4 -3  0  0 -4 -3 -1   26   4   3  15   0   4  23   2   1   1   2   6   0   0   0   5   4   0   0   4  0.37 0.21
   76 N   -4 -1  8 -1 -6 -1 -2 -3  3 -6 -6 -3 -5 -6 -5  0 -3 -7 -3 -6    1   2  78   2   0   2   1   1   7   0   0   0   0   0   0   4   0   0   1   0  1.88 0.60
   77 N   -5 -4  9 -2 -6 -4 -4 -4 -3 -7 -7 -4 -6 -7 -6 -1 -4 -8 -6 -7    0   0  97   0   0   0   0   0   0   0   0   0   0   0   0   3   0   0   0   0  2.70 0.77
   78 R   -5  8 -4 -5 -7 -1 -3 -6 -2 -6 -4  0 -5 -5 -4 -4 -2 -6 -4 -6    0  91   0   0   0   2   0   0   1   0   1   2   0   0   0   0   3   0   0   0  2.25 0.68
   79 D   -5 -5  0  8 -7 -4 -1 -5 -4 -7 -7 -4 -6 -7 -5 -1 -4 -8 -6 -7    0   0   3  91   0   0   1   0   0   0   0   0   0   0   0   4   0   0   0   0  2.35 0.68
   80 L   -4 -5 -7 -7 -4 -5 -6 -7 -6 -1  6 -6  2 -1 -6 -6 -4 -5 -4 -2    0   0   0   0   0   0   0   0   0   1  94   0   3   1   0   0   0   0   0   1  1.74 0.56
   81 R   -3  8 -4 -5 -7 -1 -3 -6 -4 -7 -6  0 -5 -6 -6 -4 -5 -6 -5 -6    2  94   0   0   0   2   0   0   0   0   0   2   0   0   0   0   0   0   0   0  2.40 0.71
   82 V    0 -3 -4 -4 -3  1 -1 -4 -4  3  1 -1  0 -3 -4 -2  1 -4 -3  4    5   1   0   0   0   8   3   0   0  18  11   3   2   0   0   2   8   0   0  38  0.47 0.25
   83 A    6 -4 -4 -5 -3 -2 -4 -3 -5 -4 -5 -4 -4 -5 -4  1  0 -6 -5 -2   84   0   0   0   0   1   0   0   0   0   0   0   0   0   0   8   6   0   0   1  1.49 0.56
   84 A    4 -4 -3 -4 -3 -3 -4 -3 -4  1  1 -3  2 -3 -4 -1  1 -5 -4  3   44   0   0   0   0   0   0   1   0   7  12   0   5   0   0   2   8   0   0  22  0.58 0.31
   85 L    1 -4 -5 -6 -4  0 -3 -3 -5 -1  6 -4 -1 -3 -5 -3 -4 -4 -4 -2   14   0   0   0   0   4   1   2   0   0  77   0   0   0   0   1   0   0   0   0  1.13 0.45
   86 N   -2  3  7  1 -6  0 -3 -3 -3 -6 -6 -2 -5 -6 -5 -1 -2 -6 -5 -6    4  18  64   6   0   3   0   0   0   0   0   1   0   0   0   3   2   0   0   0  1.48 0.52
   87 V   -1 -5 -6 -6 -4 -5 -5 -6 -6  5 -1 -5  0 -3 -5 -4 -3 -5 -4  6    3   0   0   0   0   0   0   0   0  36   2   0   2   0   0   0   0   0   0  57  1.35 0.47
   88 E    0 -2 -3  2 -6  3  6 -5 -3 -4 -3 -1 -4 -6 -4 -2 -3 -6 -5 -5    7   1   0   9   0  11  67   0   0   1   2   1   0   0   0   1   1   0   0   0  1.31 0.50
   89 A    3  2 -2 -2 -4  3  3 -2 -2 -3 -3  2 -2 -4 -3  0 -2 -4 -3 -2   28  12   0   0   0  17  19   1   0   1   1  12   0   0   0   4   1   0   0   3  0.50 0.28
   90 F    6 -4 -4 -5 -3 -3 -3 -3 -4 -3 -2 -4 -2 -1 -4 -1 -1 -4  3  0   72   0   0   0   0   0   1   0   0   0   2   0   0   2   0   3   3   0  10   6  1.09 0.46
   91 R   -3  8 -3 -4 -7  3  0 -5 -1 -6 -5  0 -4 -5 -5 -3 -4 -6 -5 -6    1  76   0   0   0  14   5   0   1   0   0   1   0   0   0   1   0   0   0   0  1.83 0.60
   92 A    6 -4 -4 -5 -4 -1 -2  0 -3 -4 -5 -2 -4 -5 -4 -1 -3 -6 -5 -3   86   0   0   0   0   2   1   5   0   1   0   1   0   0   0   1   0   0   0   0  1.49 0.56
   93 Q    0 -1 -3 -3 -5  7 -2 -5 -3 -3  2 -2  0 -5 -4 -3  0 -5 -3 -3    8   2   0   0   0  61   0   0   0   0  19   1   2   0   0   0   5   0   0   1  1.21 0.51
   94 Y   -5 -5 -6 -7 -6 -5 -6 -7  1 -5 -4 -6 -5  2 -7 -4 -5  0 10 -4    0   0   0   0   0   0   0   0   2   0   1   0   0   7   0   1   0   0  88   1  2.77 0.77
   95 R   -2  6 -1 -2 -6  3 -2  3 -2 -6 -5 -1 -1 -6 -4 -3 -3 -5 -5 -5    2  48   3   2   0  15   1  25   0   0   0   1   2   0   0   0   1   0   0   0  1.08 0.43
   96 I   -3 -6 -6 -6 -4 -4 -3 -6 -6  7 -1 -5 -1 -3 -5 -5 -3 -6 -4  4    1   0   0   0   0   1   2   0   0  70   2   0   0   0   0   0   0   0   0  23  1.50 0.50
   97 Q   -1  1 -3 -2 -6  7  1 -4 -3 -5 -5 -1 -4 -6 -4 -1  1 -5 -5 -3    5   6   0   2   0  65   8   0   0   0   0   1   0   0   0   4   8   0   0   1  1.40 0.55
   98 R   -3  8 -2 -1 -6 -1 -1 -3  0 -3 -5  0 -4 -6 -5 -3 -3 -3 -5 -5    2  79   2   3   0   1   2   1   2   2   0   2   0   0   0   1   1   0   0   0  1.72 0.57
   99 A    6 -4 -1 -4 -3 -4 -4 -1 -4 -5 -5 -3 -4 -5 -4  3 -2 -6 -5 -3   73   0   3   0   0   0   0   2   0   0   0   0   0   0   0  21   0   0   0   0  1.33 0.52
  100 D    3 -4  1  6 -5 -1  2 -1 -3 -5 -5 -3 -4 -5 -4 -1 -2 -6 -3 -4   24   0   6  45   0   1  14   4   0   0   0   0   0   0   0   3   1   0   1   0  0.91 0.38
  101 L   -3  3 -4 -5 -4  3 -2 -5 -4 -1  4 -2  0 -2 -5 -3 -2 -4 -4 -2    1  20   0   0   0  15   1   0   0   1  54   1   2   1   0   2   2   0   0   1  0.80 0.38
  102 F   -3 -5 -6 -6 -4 -5 -5 -4 -4 -1  4 -5  2  6 -6 -4 -4  2  2  0    2   0   0   0   0   0   0   1   0   1  47   0   4  34   0   0   0   3   5   4  1.07 0.39
  103 P   -5 -6 -6 -5 -7 -5 -5 -6 -6 -7 -7 -5 -6 -6  9 -5 -5 -8 -7 -6    0   0   0   0   0   0   0   0   0   0   0   0   0   0 100   0   0   0   0   0  3.31 0.85
  104 R    2 -2  0 -2 -3  0 -1  1 -1 -3 -3 -1 -2 -4 -2  3  4 -2 -3 -2   15   1   4   1   0   4   3  10   1   1   0   2   0   0   1  21  31   1   0   2  0.45 0.26
  105 I   -3 -5 -6 -6 -3 -5 -5 -6 -6  5  3 -5 -1 -1 -5 -5 -3 -5 -4  5    1   0   0   0   0   0   0   0   0  37  24   0   0   1   0   0   0   0   0  37  1.09 0.39
  106 G    0 -3  4  4 -4 -1  0  3 -2 -5 -5 -2 -4 -5 -4  2  0 -5 -4 -4    7   0  22  23   0   1   4  24   0   0   0   1   0   0   0  14   4   0   0   0  0.68 0.30
  107 V    5 -4 -4 -4 -3 -4 -4  2 -4 -1  0 -4 -2 -3 -4 -2 -1 -5 -4  1   61   0   0   0   0   0   0  14   0   3   7   0   1   1   0   0   2   0   0  12  0.84 0.39
  108 D    0 -2  2  0 -3  1 -1  2 -3 -3 -4 -2 -3 -4 -3  3  3 -4 -3 -2    8   0  12   6   0   9   3  17   0   1   0   1   0   0   0  23  19   0   0   2  0.44 0.25
  109 G    4 -4 -3 -4 -4 -4 -4  5 -4 -2 -1 -4 -2 -3 -3 -2 -1 -5 -4  0   37   0   0   0   0   0   0  44   0   2   6   0   0   1   0   1   3   0   0   6  0.89 0.37
  110 S    1 -2  0  0 -3  1  0  2 -3 -4 -4 -2 -3 -5 -3  4  2 -5 -3 -3    8   1   4   5   0   7   4  15   0   0   0   1   0   0   0  41  12   0   1   0  0.57 0.30
  111 G    2 -2 -2 -3 -4  0 -1  4 -1 -3 -2 -3  0  0 -4 -1 -2 -3  2 -1   18   1   1   0   0   5   4  41   1   1   3   0   3   4   0   4   1   0   9   4  0.51 0.25
  112 T    0 -2  2 -1 -3  0  0 -2 -3 -3 -2 -2 -1 -4 -3  3  4 -5 -3 -1    7   1   8   3   0   5   4   2   0   1   3   1   2   0   0  25  35   0   1   3  0.52 0.30
  113 R    0  7 -1 -4 -5 -2 -3 -3  1 -2 -4  1 -3 -1 -5 -1 -3 -4  0 -2    7  65   3   0   0   0   0   1   3   2   0   5   0   3   0   3   1   0   4   3  1.17 0.45
  114 Q    1 -2 -2 -3 -4  6  1  0 -3 -4 -4 -1 -2 -3 -3  2  1 -4 -2 -4   10   1   1   0   0  41   7   7   0   0   1   1   0   1   0  18  10   0   1   0  0.72 0.36
  115 R   -2  7 -1 -3 -5 -1 -2 -2  3 -5 -4  1 -4 -5 -3 -3 -3 -5 -3 -3    2  69   2   1   0   2   1   3   7   0   2   5   0   0   1   1   0   0   1   2  1.37 0.47
  116 L   -1 -2 -1 -2 -2  0 -2 -1 -3  0  1 -2  0 -2 -1  0  4 -2 -2  2    2   1   3   1   0   4   2   3   0   4  18   1   2   1   3   6  33   0   1  14  0.29 0.19
  117 P    1 -3 -1 -3 -4 -2 -2 -2 -3 -3 -3 -3 -3 -4  7  1 -1 -4 -1 -3   10   1   3   1   0   1   1   3   0   1   3   1   0   1  56  12   2   0   2   1  1.26 0.37
  118 G    3 -1 -1  1 -2  0  0  2 -2 -3 -3 -1 -2 -3 -1  1 -1 -3 -3 -2   36   2   1   7   0   3   6  19   0   1   2   3   0   1   2  11   2   0   1   2  0.36 0.19
  119 D    0 -1  2  5 -3 -1  0  1 -2 -3 -3 -1 -2 -3 -1  1  0 -4 -3 -2    8   3  10  37   0   1   4   9   0   1   2   1   1   1   3  13   4   0   1   3  0.48 0.21
  120 L    0 -2 -1 -2 -2  0 -2 -2 -3  1  4 -2  2 -1 -2 -1  0 -3 -1  1    7   1   3   2   0   4   1   3   0   5  45   1   5   1   1   4   7   0   1   9  0.29 0.17
  121 S    1  0  2 -2 -3 -1 -2  0 -2 -2 -2 -2 -3 -2 -1  4  2 -4 -2 -2    8   4  10   1   0   1   1   7   0   2   3   0   0   2   3  44  11   0   1   1  0.46 0.25
  122 T    1 -2  0 -1 -2  1 -1  2 -2 -1 -1 -1  0  0  2  1  1 -3 -1 -1    9   1   4   2   0   7   2  17   0   2   8   1   2   4  10  14  11   0   2   4  0.15 0.11
  123 T    0 -2  0 -1 -3  0 -2  0 -2 -2 -2 -1 -2 -2  1  2  4 -4 -2 -1    8   1   4   4   0   3   1   5   0   2   3   2   0   1   7  15  39   0   1   3  0.40 0.23
  124 G   -1  0  0  0 -4 -2 -3  6 -3 -4 -4 -2 -4 -2 -2  0 -2 -4 -4 -3    2   6   4   4   0   1   1  65   0   1   1   1   0   2   2   5   3   0   0   2  1.02 0.34
  125 S    0  2  1  0 -3  3  1  1  0 -2 -3  1 -2 -3 -1  1  0 -4 -2 -2    8  14   6   3   0  19  10   9   1   2   1   5   0   1   2  11   4   0   0   2  0.27 0.15
  126 P    2 -2 -1 -1 -3 -2 -1  1 -2 -3 -3 -2 -1 -4  4  3  1 -4 -3 -2   22   2   1   3   0   1   2  11   0   1   1   1   1   0  19  24  10   0   0   1  0.47 0.23
  127 A    1  0  0 -1 -2  1  0  2 -2 -1 -1 -1  0 -1 -1  1  0 -2  0  0   14   4   5   3   0   9   4  15   0   4   5   0   4   2   3   9   7   0   4   8  0.07 0.07
  128 I   -2 -2 -1 -1 -3 -2 -3 -4 -3  4  0 -3  0 -2 -2 -2  3 -4 -2  3    2   2   4   4   0   1   1   1   0  30   5   0   1   0   2   1  19   0   1  26  0.47 0.25
  129 S    1 -2  0 -1 -3  1 -1  1 -2 -1 -2 -2 -2 -2 -2  3  3 -4  0 -1    9   1   4   3   0   8   1   9   0   4   3   0   0   2   0  31  19   0   4   3  0.31 0.22
  130 S   -1  2  2  1 -4  1  2  0  3 -4 -4  0 -3 -4 -3  3  1 -4 -3 -3    2  12   9   7   0   5  11   6   7   0   0   3   0   0   0  31   7   0   0   1  0.42 0.23
  131 Q    0  0  0 -1 -4  5  1 -2 -2 -3 -2 -1 -2 -3 -3  2  2 -4 -2 -2    5   5   5   2   0  30   7   2   0   0   5   1   1   1   0  19  15   0   1   2  0.44 0.27
  132 Y   -3 -4 -4 -3 -6 -4 -5 -6  0 -5 -3 -4 -3  2 -6 -4 -4  1  9 -3    1   0   0   2   0   1   0   0   2   0   1   0   0   7   0   1   1   2  81   1  2.33 0.67
  133 G   -1  1  1  0 -4  4  0  0 -2 -4 -4 -1 -3 -5 -3  4  1 -5 -4 -4    3   7   6   5   0  21   4   6   0   0   0   2   0   0   0  36   8   0   0   0  0.58 0.31
  134 V    4 -4 -4 -5 -3 -4 -4 -2 -5  0  0 -4 -1 -4 -4 -2 -1 -5 -4  4   46   0   0   0   0   0   0   2   0   3   7   0   1   0   0   1   2   0   0  37  0.83 0.38
  135 T   -1 -3  2  0 -4  1 -1  5 -3 -5 -5 -3 -4 -4 -4  1  2 -5 -4 -4    3   0  12   4   0   8   4  46   0   0   0   0   0   0   0  10  12   0   0   0  0.76 0.32
  136 L    0 -4 -5 -5 -3 -4 -5 -1 -5  2  4 -4 -1 -1 -4 -4 -3 -4 -3  4    7   0   0   0   0   0   0   5   0  10  45   0   0   1   0   0   0   0   0  32  0.76 0.32
  137 G    0 -5  0 -3 -5 -3 -4  7 -4 -5 -5 -4 -4 -6 -5  1 -2 -5 -5 -4    8   0   4   0   0   1   0  76   0   0   0   0   0   0   0   9   1   0   0   1  1.52 0.48
  138 T   -2 -4 -4 -4 -3 -3 -3 -4 -4  4  2 -4  3  2 -4 -2  0 -3 -2  3    1   0   0   0   0   0   2   0   0  25  21   0   8   9   0   2   6   0   0  25  0.55 0.24
  139 T    2 -3 -1 -3 -3 -3 -3 -3 -4 -4 -4 -3 -2 -5 -1  5  4 -5 -4 -2   16   0   2   0   0   0   0   0   0   0   1   0   1   0   3  46  29   0   0   2  0.91 0.41
  140 A    5 -3 -1 -3 -3 -2 -1 -1 -3 -4 -4 -3 -4 -5 -3  4  0 -5 -4 -3   47   0   3   0   0   1   3   3   0   0   0   0   0   0   0  39   3   0   0   0  0.93 0.41
  141 W   -6 -6 -6 -7 -6 -5 -6 -6 -3 -5 -4 -6 -4  6 -7 -6 -5  9  7 -5    0   0   0   0   0   0   0   0   0   0   0   0   0  29   0   0   0  31  40   0  2.45 0.66
  142 E   -4 -4 -4 -2 -7  0  8 -6 -4 -7 -7 -3 -6 -7 -5 -3 -4 -7 -6 -6    0   0   0   0   0   2  98   0   0   0   0   0   0   0   0   0   0   0   0   0  2.38 0.73
  143 L   -3 -5 -6 -6 -4 -5 -6 -6 -6  4  5 -5  0 -2 -5 -5 -4 -5 -4  1    1   0   0   0   0   0   0   0   0  27  65   0   0   0   0   0   0   0   0   7  1.24 0.43
  144 D   -5 -5 -1  8 -7 -4 -2 -5 -5 -7 -7 -4 -7 -7 -5 -4 -5 -8 -7 -7    0   0   1  99   0   0   0   0   0   0   0   0   0   0   0   0   0   0   0   0  2.71 0.75
  145 L   -4 -5 -6 -6 -4 -5 -6 -6 -5 -1  5 -5 -1  6 -6 -5 -4 -3 -2 -1    0   0   0   0   0   0   0   0   0   1  60   0   1  36   0   0   0   0   0   2  1.42 0.47
  146 F   -6 -6 -7 -7 -6 -7 -7 -7 -5 -4 -3 -7 -4  9 -7 -6 -6  8  0 -5    0   0   0   0   0   0   0   0   0   0   0   0   0  79   0   0   0  20   0   0  2.76 0.73
  147 G   -3 -6 -4 -5 -6 -5 -6  7 -5 -7 -7 -5 -6 -7 -6 -3 -5 -6 -7 -7    0   0   0   0   0   0   0  99   0   0   0   0   0   0   0   1   0   0   0   0  2.45 0.67
  148 R   -5  8 -4 -4 -7 -2 -3 -6 -4 -6 -6  2 -5 -6 -5 -4 -4 -6 -5 -6    0  89   0   0   0   1   0   0   0   0   0   9   0   0   0   0   0   0   0   0  2.30 0.67
  149 L   -2 -5 -1 -5 -3 -5 -5 -6 -5  4  2 -4  0 -2 -5 -4 -3 -5 -4  6    2   0   4   0   0   0   0   0   0  21  15   1   1   1   0   0   0   0   0  57  1.04 0.39
  150 R   -1  7 -3 -3 -6  2 -3 -3 -1 -6 -5  2 -4 -6 -5 -2 -4 -6 -5 -5    6  71   0   1   0   7   0   2   1   0   0   9   0   0   0   1   0   0   0   0  1.56 0.53
  151 S   -1 -3  4 -1 -4 -3 -3 -3 -4 -6 -6 -3 -5 -6 -4  6 -2 -6 -5 -5    4   1  23   2   0   0   0   0   0   0   0   0   0   0   0  71   0   0   0   0  1.46 0.56
  152 L   -4 -5 -2 -6 -4 -1 -5 -6 -5 -1  6 -5  0 -3 -6 -5 -3 -5 -4 -2    0   0   2   0   0   3   0   0   0   0  91   0   1   0   0   0   1   0   0   1  1.57 0.53
  153 R   -2  1  2 -2 -4 -1  0 -3 -3 -5 -5  4 -4 -5 -3  4  2 -5 -4 -4    1   5   9   1   0   2   4   0   0   0   0  26   0   0   0  41  10   0   0   0  0.75 0.36
  154 D   -2  2  0  5 -5  2  4 -3  0 -5 -5  0 -4 -5 -4 -2 -1 -5 -4 -5    3  10   4  39   0   8  26   1   2   0   0   3   0   0   0   1   2   0   0   0  0.87 0.34
  155 Q    5 -2 -2 -3 -4  5  1 -3 -3 -5 -4 -1 -3 -5 -4  0 -3 -5 -4 -3   52   2   1   0   0  28   8   0   0   0   0   2   0   0   0   7   0   0   0   0  0.99 0.44
  156 A    7 -4 -5 -4 -4 -1 -3 -3 -5 -5 -4 -3 -4 -6 -4 -1 -2 -6 -5 -3   92   0   0   0   0   3   1   0   0   0   0   0   0   0   0   1   1   0   0   0  1.72 0.61
  157 L   -3 -1 -5 -6 -4  0 -5 -6 -3 -1  6 -3  1  2 -5 -4 -4 -4 -1 -2    1   3   0   0   0   5   0   0   0   1  75   1   2   8   0   1   0   0   2   0  1.09 0.42
  158 E    2 -2  0  0 -5  4  5 -3 -2 -5 -4 -2 -2 -5 -4 -1 -3 -5 -4 -4   19   0   3   4   0  24  43   1   1   0   1   0   1   0   0   2   0   0   0   0  0.93 0.41
  159 Q   -1  1  2  0 -4  5  2 -2 -1 -4 -4 -1 -3 -5 -3  2  2 -5 -4 -4    4   8   8   4   0  28  12   3   1   0   0   2   0   0   0  14  16   0   0   0  0.55 0.29
  160 Y   -4 -5 -6 -7 -6 -5 -6 -7 -2 -4 -3 -6 -4  3 -7 -5 -5  4  9 -3    1   0   0   0   0   0   0   0   0   0   2   0   0  11   0   0   0   4  80   2  2.51 0.71
  161 L   -4 -4 -6 -7 -4 -5 -6 -6 -5 -1  6 -5  0  4 -6 -5 -4 -4 -1 -2    0   0   0   0   0   0   0   0   0   0  78   0   1  18   0   0   0   0   1   1  1.44 0.49
  162 A    6 -3 -2 -4 -3 -2 -3 -1 -4 -4 -5 -3 -3 -5 -4  2 -3 -5 -4 -3   76   1   2   0   0   1   0   3   0   0   0   0   0   0   0  16   0   0   0   0  1.30 0.51
  163 T   -1 -4 -2 -3 -4 -1 -2 -4 -4 -3 -2 -3 -2 -5 -4  4  6 -5 -4 -2    2   0   0   0   0   3   1   0   0   0   4   0   1   0   0  30  56   0   0   1  1.13 0.48
  164 E    1 -1 -2  3 -5  2  5 -2 -3 -3 -3 -1 -3 -5 -3 -1 -1 -5 -4 -1   14   2   0  16   0   7  45   2   0   1   2   1   0   0   0   2   3   0   0   5  0.70 0.33
  165 Q    2 -3 -2  0 -5  3  6 -4  0 -5 -4 -2 -4 -5 -4 -1 -3 -2 -1 -4   18   0   1   3   0  14  54   0   2   0   1   0   0   0   0   3   0   1   2   0  1.02 0.43
  166 A    5 -4  1 -3 -3 -3 -3  2 -4 -4 -4 -3 -4 -5 -3  0  2 -5 -4 -2   53   0   8   0   0   0   0  15   0   0   0   0   0   0   0   6  16   0   0   1  0.83 0.38
  167 Q    1  6 -3 -4 -4  4 -1 -3  1 -5 -4 -1 -3 -4 -4 -2 -3 -5 -2 -4   14  52   0   0   0  22   2   1   3   0   1   1   0   0   0   1   1   0   1   0  1.12 0.44
  168 R   -3  7 -1  1 -6  1 -2 -4 -1 -3 -3  2 -4 -5 -4 -2 -1 -5 -2 -4    1  62   2   7   0   7   1   0   1   1   2  11   0   0   0   1   3   0   2   0  1.20 0.44
  169 S    5 -4  0 -3 -3 -3 -3 -1 -4 -4 -5 -3 -4 -5 -4  5  0 -5 -4 -3   47   0   4   0   0   0   0   2   0   0   0   0   0   0   0  41   5   0   0   0  1.06 0.45
  170 A    4 -4 -4 -4 -3 -3 -3 -3 -4 -1 -3 -3  0 -1 -4 -1  4 -5 -4  3   40   0   0   0   0   0   0   0   0   1   0   0   2   2   0   2  31   0   0  21  0.79 0.38
  171 Q   -2  4 -3 -3 -6  7  0 -4  4 -5 -3 -1 -3 -5 -4 -2  0 -5 -2 -5    2  23   0   0   0  49   5   0  11   0   2   1   0   0   0   1   5   0   1   0  1.20 0.48
  172 T   -4 -5 -4 -6 -4 -5 -5 -6 -6  6  3 -5  1 -3 -5 -4  0 -5 -4  1    0   0   1   0   0   0   0   0   0  58  28   0   2   0   0   0   6   0   0   6  1.18 0.42
  173 T    3 -4 -2 -3 -3 -3 -3 -1 -4 -4 -4 -3 -4 -5 -4  6  2 -5 -4 -3   22   0   0   0   0   0   0   4   0   0   1   0   0   0   0  58  13   0   0   0  1.06 0.46
  174 L   -4 -5 -6 -7 -4 -5 -6 -7 -6 -1  6 -6 -1 -2 -6 -5 -3 -5 -3  0    0   0   0   0   0   0   0   0   0   1  93   0   0   0   0   0   1   0   0   4  1.68 0.54
  175 V   -3 -6 -6 -6 -4 -5 -6 -6 -6  6 -1 -5 -1 -3 -5 -5 -3 -6 -4  6    0   0   0   0   0   0   0   0   0  46   1   0   0   0   0   0   0   0   0  52  1.51 0.50
  176 A    5 -3 -3 -4 -3 -3 -3  1 -4 -4 -5 -3 -4 -5 -4  3 -1 -5 -3 -3   61   1   0   0   0   0   0  11   0   0   0   0   0   0   0  24   1   0   1   0  1.07 0.45
  177 S    0 -2  0  1 -5  4  5 -3 -2 -5 -5 -2 -4 -5 -3  1  0 -5 -4 -4    9   0   4   7   0  21  43   1   0   0   0   0   0   0   0  10   4   0   0   0  0.85 0.37
  178 V   -3 -5 -6 -6 -4 -5 -5 -6 -6  2 -1 -5 -2 -4 -5 -3  1 -6 -4  7    0   0   0   0   0   0   0   0   0   7   3   0   0   0   0   1   8   0   0  80  1.51 0.52
  179 A    7 -5 -5 -5 -3 -4 -4 -2 -5 -1 -4 -4 -3 -5 -4 -1 -2 -6 -5 -1   87   0   0   0   0   0   0   2   0   3   0   0   0   0   0   3   2   0   0   3  1.53 0.56
  180 T   -1 -1  4  3 -4  2  0 -1 -2 -3 -4  0 -2 -5 -3  1  3 -5 -4 -3    2   3  27  15   0  10   4   3   0   1   0   6   1   0   0   9  18   0   0   1  0.53 0.27
  181 A    6 -3 -1 -1 -3  0 -3  0 -4 -3 -4 -3 -4 -5 -3  0  1 -5 -2 -2   66   0   3   3   0   5   0   7   0   1   0   0   0   0   0   5   7   0   1   1  0.90 0.40
  182 Y   -5 -6 -6 -7 -6 -5 -6 -7 -2 -5 -5 -6 -5 -1 -7 -5 -6  9  9 -5    0   0   0   0   0   0   0   0   0   0   0   0   0   0   0   1   0  29  69   0  2.92 0.78
  183 L   -3 -5 -6 -5 -4 -4 -5 -6 -5  0  5 -5  1  3 -5 -5 -3 -2 -1  1    1   0   0   0   0   1   0   0   0   4  69   0   2  15   0   0   0   0   1   6  1.11 0.40
  184 T    2 -2  3 -2 -3  1 -2 -2 -3 -3 -3 -2 -3 -4 -3  1  5 -5 -4 -2   16   1  14   1   0   6   1   2   0   0   2   1   0   0   0  10  45   0   0   1  0.70 0.35
  185 L   -3 -1 -4 -4 -3  0  2 -5 -2 -1  4 -3  1 -1 -5 -3 -3  6  2  0    1   3   0   0   0   4  14   0   1   1  48   0   3   1   0   1   0  11   9   5  0.69 0.32
  186 K    3  4 -2  0  0  1 -2 -1 -3 -2  1 -1 -1 -3 -4 -1 -2 -4 -4 -2   26  31   0   5   2   8   1   3   0   1  15   1   1   0   0   4   0   0   0   2  0.43 0.26
  187 A    5 -3 -3 -3 -3 -2  1  0 -3 -3 -1 -3 -3 -1 -3  2  0 -4 -1 -2   55   0   0   0   0   0   9   5   0   0   6   0   0   2   0  14   6   0   2   1  0.67 0.34
  188 D    2 -4 -1  6 -5 -2 -1 -4 -4 -3  0 -3 -3 -2 -4 -2 -1 -5  0 -4   20   0   2  54   0   2   1   0   0   1  11   0   0   2   0   1   4   0   4   0  0.91 0.39
  189 Q    0  3  0  2 -4  4  2 -3  0 -3 -2  0 -2 -4 -3 -1 -2 -4 -2 -2    7  16   4  15   0  26  12   1   2   0   4   4   1   0   0   3   1   0   1   3  0.46 0.24
  190 A    1  0 -1  2 -5  2  6 -4 -3 -5 -5 -1 -4 -5 -4  0 -2 -5 -4 -3   12   6   2   9   0  10  52   0   0   0   0   1   0   0   0   5   1   0   0   1  0.91 0.38
  191 Q   -2  4  1 -3 -3  4 -2 -4 -1 -3  3 -2 -1 -3 -4 -1 -2 -4 -3 -3    2  24   7   0   0  26   0   0   1   0  33   0   1   0   0   4   1   0   0   0  0.66 0.35
  192 L   -4 -2 -5 -6 -4 -1 -4 -6 -1  1  6 -3  2 -2 -5 -4 -3 -3 -2 -1    0   2   0   0   0   4   0   0   2   5  78   1   3   0   0   0   0   0   1   2  1.16 0.43
  193 Q    3  2 -1  0 -2  2  1 -2 -1 -3 -2  2 -2 -4 -3  0 -1 -4 -3 -2   31  11   3   6   0  11   8   2   1   0   2  17   0   0   0   3   3   0   0   2  0.37 0.22
  194 L   -3 -5 -5 -6 -4 -5 -5 -6 -4  3  5 -5 -1 -1 -5 -5 -3 -4 -3  1    1   0   0   0   0   0   0   0   0  14  73   0   0   2   0   0   0   0   0   9  1.21 0.42
  195 T    5 -4 -3 -4 -3 -2 -3 -2 -4 -4 -4 -3 -1 -5 -4  2  4 -5 -4 -2   55   0   0   0   0   1   0   1   0   0   0   0   1   0   0  12  28   0   0   1  1.05 0.45
  196 K   -3  5 -1 -1 -5  4  3 -4  0 -5 -4  1 -3 -5 -4 -1 -2 -5 -3 -4    1  32   3   3   0  24  22   0   2   0   1   8   0   0   0   2   2   0   0   0  0.88 0.37
  197 D   -1  2  1  3 -5  4  3 -3 -1 -4 -4  0 -3 -5 -3  1 -2 -5 -4 -4    6  14   5  20   0  21  19   0   1   0   0   3   0   0   0   9   1   0   0   0  0.62 0.29
  198 T   -3 -5 -3 -5 -4 -4 -4 -5 -5 -3 -4 -4 -3 -6 -5 -1  8 -6 -5 -2    1   0   0   0   0   0   0   0   0   0   1   0   0   0   0   2  92   0   0   2  2.07 0.69
  199 L   -1 -3 -5 -6 -2 -3 -3 -6 -4  1  5 -4  1 -2 -5 -3 -3 -4  0  0    6   1   0   0   0   1   1   0   0   5  73   0   2   1   0   1   0   0   3   6  0.99 0.38
  200 G    3  1 -1  1 -3  1  2 -1 -1 -3 -4  3 -3 -4 -3  0  0 -4 -3 -2   31   6   2   9   0   7  12   3   1   0   0  19   0   0   0   3   4   0   0   2  0.38 0.22
  201 T    2 -3  0  0 -3 -3 -3 -2 -4 -4 -3 -3 -3 -5 -3  5  3 -5 -4 -3   18   0   5   6   0   0   0   2   0   0   2   0   0   0   0  45  22   0   0   1  0.78 0.38
  202 Y    0  5 -2 -1 -5  5 -1 -4 -2 -5 -4 -1 -3 -1 -4 -3 -3  4  3 -3    9  37   1   3   0  27   1   0   0   0   0   0   0   3   0   0   0   6  10   1  0.91 0.40
  203 Q   -1  2 -1  0 -5  5  4 -2 -2 -4 -2  1 -3 -5 -4 -1 -2 -5 -4 -4    4  12   2   3   0  33  28   2   0   1   3   5   0   0   0   4   2   0   0   0  0.76 0.34
  204 K    1  1 -1  3 -4  3  4 -3  0 -4 -4  1 -3 -5 -3  0 -2 -5 -3 -3   14   9   2  14   0  15  27   0   2   0   1   9   0   0   0   6   1   0   1   0  0.53 0.26
  205 S    0 -4 -2 -3 -4 -3 -2 -2 -4 -4 -5 -3 -2 -5 -4  6  3 -5 -2 -3    7   0   1   0   0   0   1   2   0   1   0   0   1   0   0  65  20   0   1   1  1.16 0.49
  206 F   -2 -3 -5 -5 -4 -4 -4 -6  0 -2  4 -5  0  2 -5 -4 -4  0  7 -1    3   1   0   0   0   0   0   0   1   0  40   0   2   8   0   0   0   1  38   3  1.10 0.41
  207 D    0  4  1  3 -4  2  2 -2 -1 -4 -4  1 -3 -5 -3  0 -1 -3 -4 -4   10  23   7  18   0   7  16   2   1   0   0   8   0   0   0   5   2   0   0   0  0.50 0.24
  208 L   -4 -2 -6 -6 -4 -5 -5 -6 -5  3  6 -5  2 -2 -5 -5 -3 -4 -4  0    0   3   0   0   0   0   0   0   0  14  74   0   4   0   0   0   0   0   0   5  1.23 0.43
  209 T    1 -4  0 -3 -3 -2 -3 -4 -4  3 -2 -3  1  1 -4  0  5 -4 -2  1   10   0   4   0   0   2   0   0   0  17   0   0   3   7   0   4  43   0   1   9  0.61 0.32
  210 Q   -1  4 -1 -2 -5  4  1 -2 -1 -4 -3  3 -2 -5 -3  0 -1 -5 -4 -2    3  26   2   1   0  22   8   2   1   0   1  22   0   0   0   6   3   0   0   2  0.64 0.30
  211 R    0  5 -1 -2 -4  3 -1 -3  0 -2  0  2 -1 -4 -4  0 -2 -4 -3 -3    9  35   1   1   0  13   2   1   2   1  13  12   2   0   0   7   1   0   0   0  0.51 0.27
  212 S   -2  6 -1 -4 -5  2 -2 -2 -3 -4  0  0 -1 -5 -4  2 -2 -4 -4 -4    1  49   2   0   0  10   0   2   0   0   9   3   2   0   0  20   1   0   0   0  0.87 0.38
  213 Y   -2  1 -1 -4 -4 -1 -2 -4  4 -2  0  0  0  5 -5 -3 -3 -1  5  0    2   8   3   0   0   3   2   0  11   0   8   5   2  29   0   0   0   0  19   6  0.65 0.29
  214 D    0  1  0  4 -5  2  4 -2 -2 -5 -4  1 -3 -5 -3 -1 -2 -4 -4 -4   10   9   2  29   0   9  28   1   0   0   1   6   0   0   0   3   1   0   0   0  0.68 0.30
  215 V    3 -2  2 -3 -3 -1 -2 -1  0  0  1 -2 -1 -2 -3  0 -1 -4 -2  3   28   2  11   0   0   3   2   4   2   3  12   1   1   0   0   4   3   0   1  23  0.23 0.19
  216 G   -3 -4 -3 -3 -6 -4 -4  7 -3 -7 -7 -4 -6 -6 -5 -3 -5 -6 -5 -7    0   1   1   1   0   0   1  95   0   0   0   1   0   0   0   0   0   0   0   0  2.25 0.63
  217 V    2 -2 -1 -3 -2  0 -2 -2 -2  2  0 -2 -1 -2 -3  1  2 -4 -2  3   18   1   2   0   0   6   2   3   0  12   7   2   1   1   0   9  13   0   0  24  0.22 0.17
  218 A    4 -3 -1  0 -3 -2 -2  0 -3  0 -3 -2 -1 -4 -3  2  2 -4 -3  0   39   0   2   5   0   1   1   7   0   7   1   1   2   0   0  17  12   0   0   6  0.41 0.25
  219 S   -1 -4 -1  0 -4 -3 -3 -1 -4 -5 -5 -3 -4 -5 -2  6  3 -6 -5 -4    2   0   2   4   0   0   0   3   0   0   0   0   0   0   2  71  16   0   0   0  1.28 0.52
  220 A    3  1 -2 -1 -4  2  3  1 -3 -4 -2  1 -1 -4 -3 -1 -2 -4 -4 -3   30   9   0   2   0   8  25  10   0   0   3   8   2   0   0   2   1   0   0   0  0.45 0.26
  221 L   -4 -5 -6 -6 -4 -2 -5 -5 -5  2  6 -5  1 -1 -5 -5 -3 -4 -4  1    0   0   0   0   0   2   0   1   0   9  76   0   2   1   0   0   1   0   0   8  1.19 0.43
  222 D   -2 -4 -1  7 -6 -2  2 -3 -3 -6 -6 -3 -5 -6 -1 -2  0 -7 -6 -4    3   0   2  69   0   1  13   1   0   0   0   0   0   0   3   2   6   0   0   1  1.49 0.50
  223 L   -2 -4 -5 -5 -3 -3 -3 -6 -2  0  5 -4  0  0 -5 -4 -3 -2  1  3    2   0   0   0   0   1   1   0   1   2  59   0   1   2   0   0   0   1   5  23  0.84 0.35
  224 R    2  5 -1 -3 -4  1 -1 -3  2 -3 -3  0 -3 -4 -4  0  0 -4 -2 -2   23  38   2   1   0   7   3   0   5   1   1   3   0   0   0   8   7   0   1   3  0.59 0.30
  225 Q   -3  0 -3 -2 -6  8  1 -5 -3 -5 -4 -2 -2 -6 -5  0 -1 -5 -5 -5    1   4   0   2   0  75   6   0   0   0   1   0   1   0   0   6   4   0   0   0  1.71 0.61
  226 A    6 -4 -2 -4 -3 -1 -3 -2 -4 -2 -3 -3 -2 -5 -4  1 -1 -5 -3  1   68   0   2   0   0   3   0   1   0   1   1   0   1   0   0  10   2   0   0  10  0.95 0.42
  227 Q   -2  2 -2  0 -6  5  5 -5 -2 -4 -3  1 -4 -5 -4 -2 -3 -5 -4 -4    2  12   0   3   0  31  41   0   0   1   3   6   0   0   0   0   1   0   0   1  1.02 0.42
  228 T    0 -4 -2 -4 -3 -3 -3  1 -4  1 -3 -3  1 -4 -4  2  6 -5 -4 -1    6   0   1   0   0   0   0  11   0   9   0   0   4   0   0  14  52   0   0   2  0.82 0.39
  229 A    0 -2 -2 -3 -3  3 -2 -3 -3  0  3 -2 -1 -3 -3  2  2 -4 -3  0    8   1   1   0   0  15   1   0   0   3  34   0   0   0   1  18  13   0   0   6  0.37 0.26
  230 V   -1 -4 -5 -5 -3 -4 -4 -5 -3  1  2 -4  0 -2 -5 -4 -1  1  2  5    4   0   0   0   0   0   0   0   0   3  22   0   2   0   0   0   4   2   9  54  0.82 0.35
  231 E    1  0 -1  2 -5  3  5 -3  0 -5 -4 -1 -4 -4 -3 -2 -1 -5 -2 -4   15   6   2  12   0  15  42   1   2   0   0   0   0   0   0   0   4   0   1   0  0.75 0.34
  232 G    1 -2  0 -2 -4  4 -1 -2 -3 -4 -3 -2 -3 -5 -3  4  4 -5 -4 -3   10   1   3   1   0  23   3   2   0   0   1   0   0   0   0  31  25   0   0   0  0.71 0.36
  233 A    7 -5 -5 -5 -4 -4 -4 -3 -5 -4 -5 -4 -3 -5 -4  0 -2 -6 -5 -2   92   0   0   0   0   0   0   0   0   0   0   0   0   0   0   4   2   0   0   1  1.74 0.61
  234 R   -2  7 -3 -4 -6  3  1 -5 -3 -5 -2  2 -3 -5 -4 -2 -3 -5 -4 -4    3  58   0   0   0  12   9   0   0   0   3   9   0   0   0   2   1   0   0   1  1.18 0.44
  235 A    5 -2  0 -3 -3 -3 -3 -1 -4 -1 -3 -3 -3 -3 -3  1  0 -5 -3  2   52   2   4   0   0   0   0   4   0   1   0   0   0   1   0  11   5   0   0  19  0.65 0.34
  236 T    0 -3  2  5 -4  0  0 -3 -3 -3 -1 -1 -3 -3 -3  2  0 -5 -2 -3    8   0  11  39   0   4   5   1   0   0   8   2   0   0   0  14   5   0   1   0  0.58 0.28
  237 L   -1  0 -4 -4 -3  0 -1 -2 -1  2  2 -1  0 -1 -4 -3 -2 -3  1  3    4   5   0   0   0   6   3   4   2  11  27   2   1   1   0   1   0   0   5  29  0.31 0.19
  238 A    6 -3 -4 -4 -3  0  2 -3 -3 -4 -3 -3 -4 -5 -3  0 -1 -5 -3 -3   70   0   0   0   0   4  14   0   0   0   1   0   0   0   0   5   2   0   1   1  1.07 0.46
  239 Q    2  3  1 -1 -4  4  0 -2 -2 -3 -2  0 -2 -4 -3  2  0 -4 -3 -2   16  16   6   2   0  26   4   2   0   0   4   3   0   0   0  14   6   0   0   2  0.42 0.25
  240 Y    0  0 -2 -5 -4  1 -3 -5 -2 -2  2 -3 -1  2 -5 -3 -2 -2  7 -2    8   5   2   0   0   8   0   0   0   1  23   0   1   7   0   1   2   0  42   1  0.85 0.37
  241 T    0  0 -2 -1 -4  3  2 -3 -3 -2 -1  0 -1 -4 -3  0  4 -4 -3  0    7   5   1   2   0  16  15   0   0   1   5   6   1   0   0   4  32   0   0   6  0.42 0.26
  242 R   -1  7 -2 -4 -5  2 -2 -3 -3 -5 -3 -1 -4 -5 -4 -1  2 -5 -4 -4    5  58   1   0   0  11   1   1   0   0   2   1   0   0   0   4  16   0   0   0  1.17 0.45
  243 L    2 -1 -2 -1 -4  6  1 -3 -2 -3  1 -2 -2 -3 -4  0 -1 -4 -3 -2   19   2   1   2   0  39   9   0   0   1  15   0   0   1   0   6   3   0   0   1  0.60 0.33
  244 V   -1  3 -4 -4 -3 -1 -2 -5  0  1  1 -1 -1 -3 -4 -3 -1 -4  0  4    5  22   0   0   0   3   1   0   2   7  13   1   0   0   0   0   2   0   3  41  0.54 0.29
  245 A    6  0 -2 -1 -3  0  1 -2 -4 -4 -3 -1 -1 -5 -3 -1 -1 -5 -4 -2   68   5   2   3   0   3   8   0   0   0   2   2   1   0   0   2   2   0   0   1  0.89 0.40
  246 Q   -2  1 -3 -2 -6  8 -1 -5 -2 -5 -2 -1 -3 -5 -5 -3 -1 -5 -5 -2    2   6   0   1   0  75   2   0   0   0   5   1   0   0   0   1   3   0   0   3  1.63 0.60
  247 D    3 -3 -1  6 -5  1 -2 -3 -4 -4 -5 -3 -5 -6 -4 -1 -2 -6 -5 -4   32   1   2  53   0   6   0   0   0   0   1   0   0   0   0   3   2   0   0   0  1.16 0.45
  248 Q   -1  4 -1 -1 -4  2  2 -2 -1 -1  0  1  0 -2 -3 -1 -1 -4 -1  0    5  28   1   2   0   8  13   3   1   4   8   9   2   2   0   1   4   0   1   7  0.26 0.17
  249 N   -5 -2  8  0 -6 -3 -4 -4  3 -7 -7 -4 -6 -6 -5 -2 -2 -7 -5 -6    0   1  86   3   0   0   0   0   7   0   0   0   0   0   0   2   1   0   0   0  2.25 0.68
  250 A    6 -4 -1 -4 -3 -2 -3 -1 -4 -4 -2 -4 -4 -3 -4 -1 -2 -5 -3 -3   82   0   3   0   0   1   1   2   0   0   4   0   0   1   0   3   2   0   1   0  1.31 0.51
  251 L   -5 -5 -7 -7 -4 -5 -6 -7 -6 -1  7 -6  0 -3 -6 -5 -4 -5 -4 -2    0   0   0   0   0   0   0   0   0   1  98   0   1   0   0   0   0   0   0   0  1.86 0.59
  252 V    1  1  1  1 -3  2  1 -2 -1 -1 -2 -1 -2 -4 -3 -1  1 -4 -3  2   16   9   8  10   0  12   7   2   1   2   1   1   0   0   0   2  10   0   0  18  0.21 0.18
  253 L   -2 -4 -6 -6 -4 -1 -5 -6 -5 -1  6 -5  0 -2 -5 -4 -2 -1 -2  1    2   0   0   0   0   3   0   0   0   0  80   0   1   0   0   1   1   1   1   9  1.22 0.45
  254 L   -4 -5 -6 -7 -4 -5 -5 -7 -6 -1  6 -5 -1 -3 -6 -5 -4 -5 -4  1    1   0   0   0   0   0   1   0   0   1  91   0   0   0   0   0   0   0   0   7  1.61 0.53
  255 L    1 -5 -5 -5 -2 -4 -5 -5 -5  2  2 -4  0 -3 -4 -3 -1 -5 -4  5   13   0   0   0   0   0   0   0   0  10  18   0   1   0   0   1   2   0   0  54  0.87 0.36
  256 G   -3 -6 -1 -4 -6 -5 -5  7 -5 -7 -7 -5 -6 -7 -5 -3 -5 -6 -6 -7    0   0   2   0   0   0   0  96   0   0   0   0   0   0   0   0   0   0   0   0  2.34 0.64
  257 S    2  0 -1  0 -2  3  0  1 -2 -3 -3  0 -2 -4 -2  1  2 -4 -3 -1   20   3   1   5   1  16   6  10   0   0   0   5   1   0   0  10  19   0   0   4  0.31 0.21
  258 G   -1 -2 -1  1 -5  1  0 -1 -2 -4 -5  0 -4 -2  6  0  0 -5 -4 -4    4   1   2   8   0   6   7   5   1   0   0   4   0   2  47   7   5   0   0   0  0.97 0.35
  259 I   -1 -4 -4 -2 -3 -3 -4 -4 -4  3  4 -4  0 -1 -2 -3 -1 -4 -3  4    4   0   0   3   0   1   0   1   0  13  38   0   1   2   2   1   2   0   0  32  0.60 0.26
  260 P    0 -3 -2  1 -5 -3 -2 -2 -4 -4 -4 -3 -5 -4  7  0  0 -6 -4 -4    9   1   1   9   0   0   2   3   0   0   1   0   0   1  61   6   5   0   0   0  1.49 0.46
  261 A    3 -1 -1  3 -3  0  1 -1 -2 -3 -2 -1 -2 -4  1  0 -1 -5 -4 -1   34   2   2  20   0   4  10   3   0   1   3   3   0   0   6   5   2   0   0   3  0.37 0.22
  262 N   -1 -1  2  4 -4  0  1 -1  0 -3  0 -1 -2 -3  0  0 -1 -3 -2 -2    5   2  12  32   0   3  10   3   3   1  10   2   1   0   4   5   3   0   1   2  0.36 0.19
  263 L   -2 -4 -6 -5 -4 -4 -4 -5 -3  0  6 -4  0 -2 -1 -4 -2 -4 -4 -1    4   0   0   0   0   1   1   1   1   3  79   0   1   0   4   0   2   0   0   3  1.13 0.43
  264 P   -1 -3 -4 -1 -5 -2 -3 -3 -5 -3  1 -4 -3 -3  7 -1 -2  0 -5 -3    5   1   0   4   0   2   1   1   0   0  15   0   0   1  59   4   2   1   0   1  1.36 0.44
  265 Q    3 -1 -1  1 -3  2  0 -1 -2 -3 -3 -1 -3 -4  4  1  0 -4 -4 -2   26   3   1  10   0  10   6   3   0   1   1   3   0   0  21   8   5   0   0   2  0.44 0.22
  266 G    2 -1  0 -1 -3  1 -1  3 -2 -3 -3 -1 -2 -4  3  1  0 -4 -2 -3   23   4   4   3   0   6   2  21   1   0   1   2   1   0  15  12   4   0   1   1  0.38 0.20
  267 L    1  1 -2  0 -3  1 -1 -1 -1  0  2  0  1 -1  0 -1  0 -2 -2  0   13   7   0   6   0   6   3   4   1   4  27   4   4   1   5   2   7   0   0   3  0.09 0.10
  268 G    1 -1 -1  1 -3 -1  0  0 -2 -2  0 -2 -2 -3  5  1  0 -2 -3 -1   12   3   1   8   0   2   7   5   1   2  11   1   0   1  28   9   6   1   0   4  0.40 0.19
  269 L    0 -2 -1  1 -3 -1  0 -2 -3  0  3 -2  0  1 -2  0 -1 -2 -2  0   10   1   3   8   0   2   6   3   0   3  42   1   1   6   1   6   3   1   1   4  0.21 0.17
  270 D    1  0  1  4 -4  0  2 -1 -2 -3 -2 -1 -3 -4 -2  1  0 -5 -4 -2   13   4   4  33   0   4  12   4   0   1   5   2   0   0   1   9   4   0   0   2  0.42 0.21
  271 Q    1  0 -1  1 -3  3  1  0 -1 -1 -2  0 -1 -3  0  0  0 -4 -2  0   15   4   2  10   0  19   9   6   1   3   3   3   1   0   4   6   6   0   1   6  0.19 0.14
  272 T    1 -1  1  0 -3  1  0  0  0 -1 -1  0  0 -2  2  1  1 -3 -2  0   12   2   7   6   0  10   2   5   2   3   7   5   2   1  11   9  10   0   0   7  0.13 0.09
  273 L    1 -2 -2 -3 -2  0 -2 -2 -3  1  2 -2  2  0 -1 -1  0  0 -2  2   13   1   1   0   0   5   1   1   0   9  22   1   7   4   3   4   7   1   0  19  0.18 0.14
  274 L   -2 -2 -2 -4 -3 -3 -4 -3 -4  2  4 -3  3  1 -1 -3 -2 -3 -2  2    1   2   2   1   0   1   0   1   0  11  46   0   9   6   4   1   1   0   0  13  0.54 0.25
  275 T    3  0 -1 -1 -3  2 -1 -1 -2 -3 -3  0 -3 -4  2  1  2 -4 -3 -1   35   5   1   2   0  10   2   3   1   0   1   5   0   0   9   7  13   0   0   4  0.36 0.22
  276 E    0  0  0  4 -4  1  3 -2 -1 -4 -4 -1 -4 -5  2 -1  0 -5 -4 -2    8   6   3  30   0   8  17   2   1   0   0   2   0   0  12   3   6   0   0   2  0.53 0.24
  277 V   -3 -5 -5 -6 -3 -4 -5 -6 -5  3  4 -5  0  0 -4 -4 -2 -3 -3  3    0   0   0   0   0   0   0   0   0  20  49   0   1   2   0   0   1   0   0  25  0.92 0.35
  278 P    1 -3 -5 -4 -5 -2 -3 -2 -2 -5 -5 -4 -5 -4  8  0 -2 -6 -6 -5   11   1   0   1   0   1   1   3   1   0   0   0   0   1  72   6   2   0   0   0  1.92 0.57
  279 A    5 -4 -4 -3 -3 -3 -1 -2 -4 -3 -4 -3 -2 -5  3 -1 -2 -5 -4  1   63   0   0   1   0   0   3   2   0   0   0   0   0   0  15   2   1   0   0  11  0.98 0.42
  280 G   -3 -5  0 -2 -6 -2 -3  7 -4 -7 -7 -4 -6 -6 -3 -3 -5 -6 -6 -6    0   0   3   2   0   2   2  90   0   0   0   0   0   0   1   0   0   0   0   0  2.01 0.58
  281 L   -2 -5 -6 -6 -4 -4 -5 -6 -5  1  6 -5  0 -2 -5 -5 -1 -4 -4  1    4   0   0   0   0   0   0   0   0   4  80   0   1   0   0   0   3   0   0   7  1.27 0.45
  282 P   -3 -5 -5 -3 -6 -4 -3 -5 -4 -6 -6 -4 -6 -7  8  2 -2 -7 -6 -5    1   0   0   1   0   0   1   0   0   0   0   0   0   0  79  14   2   0   0   0  2.35 0.66
  283 S    0 -4 -3 -4 -4 -4 -4 -4 -4 -6 -6 -4 -5 -6 -4  7 -2 -6 -5 -5    4   0   0   0   0   0   0   0   0   0   0   0   0   0   0  96   0   0   0   0  2.01 0.70
  284 D   -1 -2 -2  6 -5  1  3 -3 -3 -5 -4 -2 -4 -6 -4  0  0 -6 -5 -4    5   1   0  50   0   6  22   1   0   0   1   0   0   0   0   8   5   0   0   1  1.03 0.39
  285 L   -2 -5 -6 -6 -4 -4 -5 -6 -5  1  5 -5  0 -2 -5 -4 -2 -5 -4  4    1   0   0   0   0   0   0   0   0   4  64   0   1   0   0   0   1   0   0  27  1.13 0.41
  286 L   -5 -5 -7 -7 -4 -5 -6 -7 -6  0  6 -6  0 -3 -6 -6 -4 -5 -4 -2    0   0   0   0   0   0   0   0   0   3  96   0   1   0   0   0   0   0   0   0  1.81 0.57
  287 Q   -1 -2 -1 -2 -3  3  1 -4 -2  0  3 -2  0 -2 -4 -2  2 -4 -2  0    6   1   3   0   0  14  12   0   0   4  34   0   1   1   0   1  16   0   0   5  0.33 0.23
  288 R   -2  6  3 -2 -6  4 -2 -3  1 -5 -4  0 -4 -5 -4 -2 -2 -2 -3 -4    2  49  17   1   0  17   1   1   3   0   0   2   0   0   0   2   2   1   1   1  1.07 0.42
  289 R   -5  8 -4 -5 -7 -3 -4 -6 -2 -7 -6 -1 -5 -7 -6 -4 -5 -6 -5 -6    0  99   0   0   0   0   0   0   1   0   0   0   0   0   0   0   0   0   0   0  2.69 0.76
  290 P   -3 -6 -6 -5 -7 -5 -5 -6 -6 -7 -7 -5 -6 -8  9 -5 -5 -8 -7 -6    1   0   0   0   0   0   0   0   0   0   0   0   0   0  99   0   0   0   0   0  3.25 0.82
  291 D   -5 -5 -2  8 -7 -4 -2 -5 -5 -7 -7 -4 -7 -7 -5 -4 -5 -8 -7 -7    0   0   0 100   0   0   0   0   0   0   0   0   0   0   0   0   0   0   0   0  2.75 0.75
  292 I   -4 -6 -6 -6 -4 -6 -6 -7 -6  7  0 -6 -2 -3 -6 -5 -3 -6 -4  4    0   0   0   0   0   0   0   0   0  68   3   0   0   0   0   0   0   0   0  28  1.64 0.52
  293 L   -1  4 -4 -4 -4  1 -3 -4 -3  1  3  0  3 -3 -4 -3 -3 -4 -3  1    3  26   0   0   0   6   0   0   0   6  34   4   9   0   0   0   0   0   0  11  0.55 0.28
  294 E    5 -2 -3 -3 -4  5  1 -3 -3 -5 -5 -2 -2 -5 -4  1 -3 -5 -4 -3   49   1   0   0   0  32   8   0   0   0   0   0   1   0   0   9   0   0   0   0  1.02 0.45
  295 A    7 -5 -5 -5 -4 -4 -4 -3 -4 -5 -5 -4 -3 -6 -4 -1 -3 -6 -4 -3   96   0   0   0   0   0   0   0   0   0   0   0   0   0   0   1   1   0   0   1  1.89 0.64
  296 E   -4 -4 -4 -2 -7 -2  8 -6 -4 -7 -7 -3 -6 -7 -5 -4 -4 -7 -6 -6    0   0   0   0   0   0 100   0   0   0   0   0   0   0   0   0   0   0   0   0  2.47 0.75
  297 H   -3  0 -1 -4 -6  3 -2 -5  9 -6 -4 -3 -4 -1 -5 -3 -4 -4  4 -6    1   5   3   0   0  16   2   0  57   0   1   0   0   2   0   1   0   0  12   0  1.77 0.56
  298 Q    0  3  2  0 -4  4  0 -3 -2 -3 -2  0 -1 -4 -3  0  2 -4 -3 -2    7  17  10   4   0  28   2   1   0   1   4   4   2   0   0   6  12   0   0   2  0.45 0.26
  299 L   -5 -5 -7 -7 -4 -5 -6 -7 -6 -1  7 -6  0 -3 -6 -6 -4 -5 -4 -2    0   0   0   0   0   0   0   0   0   1  98   0   1   0   0   0   0   0   0   0  1.87 0.59
  300 M   -2  4 -3 -3 -4  1 -2 -4 -2  1  0  5  1 -3 -4 -2 -3 -3 -3 -1    1  22   0   0   0   5   1   0   0  10  12  37   4   0   0   3   0   0   0   5  0.60 0.30
  301 A    6 -4 -4 -4 -3 -1 -4  1 -4 -5 -5 -3 -4 -5 -4  2 -3 -5 -5 -3   73   0   0   0   0   3   0  11   0   0   0   0   0   0   0  14   0   0   0   0  1.26 0.49
  302 A    6  0 -4 -4 -4 -2 -2 -3 -4 -4 -5 -3 -3 -5 -4  0 -2 -6 -4 -3   86   5   0   0   0   1   2   1   0   0   0   0   1   0   0   3   1   0   0   0  1.47 0.55
  303 N   -5 -2  8 -2 -6 -3 -3 -1  1 -7 -7 -3 -6 -5 -5 -3 -4 -7 -1 -6    0   1  88   0   0   0   1   3   3   0   0   1   0   0   0   0   0   0   2   0  2.23 0.68
  304 A    7 -5 -5 -4 -4 -4 -4 -3 -5 -3 -5 -4 -4 -6 -4 -2 -3 -6 -4 -3   97   0   0   0   0   0   0   0   0   1   0   0   0   0   0   0   0   0   0   0  1.91 0.65
  305 S   -4 -2  7  4 -6 -1 -2 -4 -2 -6 -6 -3 -5 -5 -5  1 -3 -7 -3 -5    0   1  63  22   0   3   1   0   0   0   0   0   0   0   0   8   0   0   1   0  1.57 0.53
  306 I   -5 -6 -7 -7 -5 -6 -7 -7 -7  8 -1 -6 -1 -3 -6 -6 -4 -6 -5  0    0   0   0   0   0   0   0   0   0  97   1   0   1   0   0   0   0   0   0   2  2.30 0.67
  307 G   -3 -6 -4 -4 -6 -5 -6  7 -5 -7 -7 -5 -6 -7 -6 -4 -5 -6 -7 -7    1   0   0   1   0   0   0  99   0   0   0   0   0   0   0   0   0   0   0   0  2.45 0.67
  308 A    7 -5 -5 -5 -4 -4 -4 -3 -5 -3 -5 -4 -4 -5 -4 -2 -3 -6 -5 -1   95   0   0   0   0   0   0   0   0   1   0   0   0   0   0   1   0   0   0   3  1.82 0.63
  309 A    7 -5 -5 -5 -4 -4 -4 -3 -5 -5 -5 -4 -4 -6 -4 -2 -3 -6 -5 -4  100   0   0   0   0   0   0   0   0   0   0   0   0   0   0   0   0   0   0   0  2.04 0.68
  310 R   -5  8 -4 -5 -7 -2 -4 -6 -4 -7 -6  0 -5 -7 -6 -4 -5 -6 -5 -6    0  97   0   0   0   0   0   0   0   0   0   3   0   0   0   0   0   0   0   0  2.58 0.74
  311 A    7 -5 -5 -5 -4 -4 -4 -3 -5 -5 -5 -4 -4 -6 -4 -2 -3 -6 -5 -4  100   0   0   0   0   0   0   0   0   0   0   0   0   0   0   0   0   0   0   0  2.06 0.68
  312 A    7 -3 -2 -5 -4 -2 -3 -3 -5 -5 -4 -4 -4 -6 -4 -2 -2 -6 -5 -3   93   1   2   0   0   1   0   0   0   0   0   0   0   0   0   1   1   0   0   0  1.72 0.61
  313 F   -6 -6 -7 -7 -6 -7 -7 -7 -5 -3  0 -7  0  9 -7 -6 -6 -3  1 -4    0   0   0   0   0   0   0   0   0   0   6   0   2  91   0   0   0   0   1   0  2.61 0.70
  314 F   -6 -6 -7 -7 -6 -7 -7 -7 -5 -4 -2 -7 -3  9 -7 -6 -6 -2  2 -4    0   0   0   0   0   0   0   0   0   0   2   0   0  93   0   0   0   0   5   0  2.75 0.72
  315 P   -5 -6 -6 -5 -7 -5 -5 -6 -6 -7 -7 -5 -6 -8  9 -5 -5 -8 -7 -6    0   0   0   0   0   0   0   0   0   0   0   0   0   0 100   0   0   0   0   0  3.32 0.84
  316 S   -2  5 -1 -3 -4  0 -3 -4 -2 -5 -5  0 -4 -5 -4  4  2 -5 -4 -4    0  38   2   0   0   3   0   0   1   0   0   4   0   0   0  36  15   0   0   0  0.99 0.43
  317 I   -4 -6 -6 -6 -4 -6 -6 -7 -6  7  1 -6 -2 -3 -6 -5 -4 -6 -4  2    0   0   0   0   0   0   0   0   0  81   9   0   0   0   0   0   0   0   0  11  1.78 0.55
  318 S    0 -2 -1 -3 -4  0 -2 -2 -4 -4 -5 -3 -4 -5 -4  6  3 -5 -4 -4    7   1   1   0   0   3   1   2   0   0   0   0   0   0   0  63  20   0   0   0  1.09 0.47
  319 L   -5 -5 -7 -7 -4 -5 -6 -7 -6 -1  7 -6 -1 -2 -6 -6 -4 -5 -4 -2    0   0   0   0   0   0   0   0   0   1  99   0   0   0   0   0   0   0   0   0  1.89 0.59
  320 T   -4 -5 -3 -5 -4 -4 -4 -5 -5 -4 -4 -4 -4 -6 -5 -1  8 -6 -5 -3    0   0   0   0   0   0   0   0   0   0   0   0   0   0   0   1  98   0   0   0  2.34 0.75
  321 A    4 -4 -3 -4 -4 -4 -4  4 -4 -4 -4 -3 -4 -5 -4  1  1 -5 -5 -3   45   0   0   0   0   0   0  36   0   0   0   0   0   0   0   7  11   0   0   0  1.01 0.41
  322 N    2 -2  3  0 -3 -1 -2 -1 -3 -4 -2 -2 -1 -2 -3  4  2 -5 -4 -3   16   1  13   3   0   2   1   3   0   0   4   0   2   2   0  42  10   0   0   1  0.55 0.31
  323 A    3 -4 -3 -3 -3 -3 -3  0 -3  2  1 -3 -1  3 -4 -2 -1 -1  1  1   30   0   1   1   0   0   1   8   0  11  13   0   0  15   0   0   3   1   5  11  0.32 0.21
  324 G   -3 -6 -4 -5 -6 -5 -6  8 -6 -7 -7 -5 -6 -7 -6 -4 -5 -6 -7 -7    0   0   0   0   0   0   0 100   0   0   0   0   0   0   0   0   0   0   0   0  2.51 0.68
  325 T   -1 -1 -2 -4 -3 -3 -3 -4 -2 -1 -1 -3 -2  2 -4  2  5 -4  1  0    2   3   1   0   0   0   0   0   1   2   6   0   0   9   0  19  44   0   6   7  0.63 0.34
  326 M    5 -3 -3 -4 -3 -3 -3  1 -4 -1 -1 -3  0 -4 -3  2  0 -5 -4 -1   56   0   0   0   0   0   1   9   0   3   6   0   3   0   0  14   4   0   0   4  0.71 0.35
  327 S   -1 -4 -2 -4 -4 -4 -4 -2 -4 -6 -6 -4 -5 -6 -4  7 -2 -6 -5 -5    2   0   1   0   0   0   0   2   0   0   0   0   0   0   0  95   0   0   0   0  1.98 0.69
  328 R    2  0  1  1 -3 -1 -1  0 -2 -3 -2 -2 -2 -4  2  2  2 -4 -3 -3   17   4   8   9   0   1   2   7   1   0   4   0   0   0  10  21  14   0   0   0  0.32 0.20
  329 Q    1 -2 -1  3 -4  2  4 -1  0 -4 -4 -1 -3 -5 -3  2  0 -5 -4 -3   15   1   0  16   0  10  28   4   2   0   0   1   0   0   0  16   6   0   0   1  0.52 0.27
  330 L   -4 -5 -6 -7 -4 -5 -6 -6 -6 -1  6 -5  2  2 -4 -5 -4 -4 -3 -1    0   0   0   0   0   0   0   0   0   1  85   0   4   8   1   0   0   0   0   1  1.47 0.50
  331 S    0 -1  0  2 -4 -2 -2  2  1 -5 -5 -3 -4 -5 -4  5  0 -5 -4 -4    5   2   3  13   0   1   1  17   3   0   0   0   0   0   0  52   3   0   0   0  0.81 0.38
  332 G   -2 -2  3  3 -5 -1 -2  5 -1 -5 -6 -2 -5 -5 -4  1 -1 -5 -4 -5    1   2  13  16   0   2   1  47   2   0   0   2   0   0   0  12   3   0   0   0  0.87 0.33
  333 L   -5 -5 -7 -7 -4 -5 -6 -7 -6  0  7 -6 -1 -3 -6 -6 -4 -5 -4 -2    0   0   0   0   0   0   0   0   0   2  98   0   0   0   0   0   0   0   0   0  1.87 0.59
  334 F   -6 -6 -7 -7 -6 -7 -7 -6 -5 -3 -2 -7 -3  9 -7 -5 -6 -3  0 -4    0   0   0   0   0   0   0   1   0   0   2   0   0  96   0   1   0   0   0   0  2.82 0.74
  335 D    0  0  0  4 -4  0  1  1 -1 -4 -4  3 -4 -5 -3  1  0 -5 -4 -4    7   2   3  23   0   2   8  10   1   0   0  26   0   0   0  13   6   0   0   0  0.48 0.24
  336 A    2 -3  0 -1 -4 -3 -3  4  0 -5 -5 -2 -4 -5  1  3 -1 -5 -4 -4   22   1   3   3   0   0   0  34   2   0   0   1   0   0   6  28   1   0   0   0  0.71 0.32
  337 G   -1 -5 -1  0 -5 -4 -3  7 -3 -6 -6 -4 -6 -6 -3 -2 -4 -6 -6 -6    4   0   2   4   0   0   1  84   1   0   0   0   0   0   1   3   0   0   0   0  1.77 0.53
  338 S    1 -2  1 -2 -3  2 -2 -1  0 -4 -4 -2 -2 -4 -3  5  3 -3 -4 -3   10   1   7   1   0   8   0   3   2   0   0   0   1   0   0  48  17   0   0   1  0.70 0.36
  339 G    0  3 -1 -1 -4  0 -1  4  0 -4 -2  0 -3  0 -3  0 -1  1 -2 -4    5  21   2   2   0   4   3  36   2   0   3   3   0   6   0   6   3   3   1   0  0.46 0.23
  340 S    3 -3 -1 -3 -3 -2 -3  0 -3  0 -2 -3 -1 -2 -3  1  3 -4  0  1   34   0   2   0   0   1   0   5   0   4   3   0   1   1   0  12  23   0   3  11  0.42 0.26
  341 W   -7 -7 -8 -9 -7 -6 -7 -7 -7 -7 -5 -6 -6 -1 -8 -7 -7 13  0 -7    0   0   0   0   0   0   0   0   0   0   0   0   0   2   0   0   0  95   2   0  4.64 1.03
  342 L    0 -1  1 -3 -3 -1 -3 -1 -3 -3 -2 -3 -3 -5 -3  5  3 -5 -4 -2    6   2   7   0   0   2   0   3   0   1   5   0   0   0   0  55  17   0   0   2  0.79 0.39
  343 F   -3 -6 -6 -7 -5 -6 -6 -6 -5  0 -1 -6 -2  9 -7 -5 -5 -3  0  0    3   0   0   0   0   0   0   0   0   6   4   0   0  81   0   0   0   0   1   6  2.07 0.60
  344 Q    4 -3 -2 -3 -3  0 -2  0 -3 -1 -1 -2  2 -3 -3  2  1 -4 -3  1   38   0   1   0   0   6   0   7   0   3   4   0   6   0   0  14   8   0   0  12  0.39 0.25
  345 P   -4 -6 -6 -5 -7 -5 -5 -5 -6 -7 -7 -5 -6 -8  9 -4 -4 -8 -7 -6    1   0   0   0   0   0   0   0   0   0   0   0   0   0  98   0   0   0   0   0  3.21 0.82
  346 S   -1  1  1 -3 -4  6 -2 -2 -2 -5 -4 -1 -3 -5 -4  4  1 -5 -4 -3    3   6   5   0   0  38   0   2   0   0   1   2   0   0   0  34   8   0   0   1  0.87 0.41
  347 I   -1 -5 -6 -6 -4 -5 -5 -6 -6  6  3 -5 -1 -2 -5 -4 -3 -5 -4  2    6   0   0   0   0   0   0   0   0  57  24   0   0   1   0   0   0   0   0  12  1.13 0.40
  348 N   -1 -1  3 -1 -3 -1 -2 -3 -2 -2 -3 -2 -3 -4 -3  4  4 -5 -3 -1    2   3  15   2   0   2   0   0   0   1   2   1   0   0   0  35  31   0   0   4  0.70 0.35
  349 L   -3 -4 -5 -6 -4 -1 -5 -6 -5  2  5 -4  2 -1 -5 -4 -2 -4 -2  2    1   0   0   0   0   4   0   0   0  10  64   0   5   1   0   0   1   0   1  14  0.96 0.37
  350 P   -4 -5 -5 -5 -7 -5 -5 -6 -6 -7 -7 -5 -6 -8  9 -4 -4 -8 -7 -6    1   0   0   0   0   0   0   0   0   0   0   0   0   0  98   0   1   0   0   0  3.19 0.81
  351 I   -4 -6 -7 -6 -4 -6 -6 -7 -6  8  2 -6 -2 -3 -6 -6 -4 -6 -4  0    0   0   0   0   0   0   0   0   0  85  14   0   0   0   0   0   0   0   0   1  1.91 0.58
  352 F   -6 -7 -7 -7 -6 -7 -7 -7 -5 -4 -2 -7 -3  9 -7 -6 -6 -3  0 -4    0   0   0   0   0   0   0   0   0   0   3   0   0  97   0   0   0   0   0   0  2.89 0.75
  353 T   -1 -1  4  5 -5  1  0 -3  1 -5 -5 -2 -3 -5 -4  0  1 -5 -4 -4    6   3  19  40   0   6   4   1   3   0   0   1   0   0   0   4  12   0   0   0  0.77 0.32
  354 A    4 -3 -3 -4 -4 -4 -4  5 -1 -4 -4 -4 -1  0 -3 -2 -3  6 -1 -4   34   2   1   0   0   0   0  40   1   0   0   0   2   4   1   0   1  12   2   0  0.97 0.38
  355 G   -2 -5 -3 -4 -5 -5 -4  7 -5 -7 -6 -4 -6 -6 -5 -3 -5 -2 -6 -6    1   0   0   0   0   0   1  95   0   0   0   1   0   0   0   0   0   1   0   0  2.24 0.61
  356 S    2  6 -2 -3 -4  1 -1 -3 -3 -4 -3  1 -3 -4 -3  1  0 -5 -1 -2   16  47   1   1   0   5   1   1   0   0   1   5   0   0   0  12   5   0   2   3  0.75 0.34
  357 L   -3  1  7 -2 -5 -3 -3 -3 -2 -1  3 -3 -2 -4 -5 -2 -1 -3 -4 -3    1   9  53   0   0   0   0   1   0   3  28   0   0   0   0   0   3   0   0   1  1.03 0.43
  358 R   -2  5 -2 -1 -5  2 -1 -3 -2 -1 -2  2 -1 -3 -4  0 -1  2 -3 -2    2  42   0   2   0  11   2   1   0   5   4  14   1   0   0   6   2   3   0   3  0.64 0.30
  359 A    6 -4 -3 -4 -3 -3 -3  1 -4 -4 -5 -4 -4 -3 -3  1 -3 -5 -5 -3   76   0   1   0   0   0   1  10   0   0   0   0   0   1   1   9   0   0   0   0  1.28 0.50
  360 S   -1 -2  7  0 -5  0  0  0 -2 -5 -6 -2 -4 -5 -4  2  0 -6 -3 -5    4   1  57   2   0   4   6   7   0   0   0   0   0   0   0  13   5   0   1   0  1.10 0.42
  361 L   -4 -4 -6 -7 -4 -5 -6 -7 -4 -1  6 -5 -1 -2 -6 -5 -4 -5 -1  0    0   0   0   0   0   0   0   0   0   1  92   0   0   0   0   0   0   0   2   4  1.64 0.54
  362 D   -1  1  1  6 -5  0  2 -3 -2 -5 -5  1 -5 -6 -4 -1 -2 -6 -4 -5    4   9   6  53   0   3  12   1   0   0   0   7   0   0   0   4   1   0   0   0  1.01 0.37
  363 Y    0 -3 -4 -4 -3 -2 -4 -4 -2  1  3 -4  0 -1 -4 -1 -2 -3  4  3   10   1   0   0   0   1   0   0   0   7  31   0   1   0   0   6   1   0  16  25  0.48 0.25
  364 A    6 -3 -4 -4 -3 -3 -4 -3 -4 -4 -5 -3 -4 -5 -4  3  0 -6 -4 -3   73   1   0   0   0   0   0   0   0   0   0   0   0   0   0  21   5   0   0   0  1.33 0.52
  365 K   -3  2  1 -1 -5  2  4 -4  1 -4 -4  5 -3 -5 -3 -2  0 -5 -3 -4    1   8   7   1   0   8  28   0   4   0   1  36   0   0   0   0   5   0   0   1  0.78 0.34
  366 I    4 -4 -4 -4 -3 -4 -4 -3 -5  3  0 -3 -2 -3 -4 -2  0 -5 -4  4   35   0   0   0   0   0   0   1   0  15   9   0   0   0   0   1   5   0   0  34  0.66 0.32
  367 Q   -2  5  0  1 -5  4  1 -1 -2 -4 -4 -1 -3 -5 -4  0 -1 -5 -4 -4    3  34   4   9   0  26   9   5   0   0   0   0   0   0   0   5   3   0   0   1  0.74 0.34
  368 K   -3  5 -2 -2 -6  3  0 -4 -2 -5 -5  5 -2 -5 -4 -3 -2 -5 -2 -5    1  31   1   1   0  15   4   0   0   0   0  44   1   0   0   0   1   0   1   0  1.16 0.43
  369 D   -3  1  2  6 -5  2  2 -3  0 -5 -4  1 -4 -5 -4  0 -3 -6 -4 -4    0   7   8  44   0  10  10   1   2   0   1  10   0   0   0   6   0   0   0   1  0.82 0.33
  370 I    0 -4 -5 -5 -4  0 -1 -3 -5  6  0 -2  0 -3 -5 -1 -2 -5 -1  1    6   0   0   0   0   4   4   2   0  63   4   2   2   0   0   5   1   0   2   5  0.87 0.37
  371 N    5 -2  1 -2 -3  1  1 -1 -3 -3 -4 -2 -1 -3 -3  0 -1 -4  2 -3   55   2   7   2   0   7   9   2   0   0   0   0   2   0   0   4   3   0   7   0  0.62 0.33
  372 V   -2 -5 -6 -6 -4 -4 -5 -6 -6  4  2 -5 -1 -3 -5 -4 -3 -5 -4  6    2   0   0   0   0   0   0   0   0  21  14   0   0   0   0   0   0   0   0  62  1.24 0.44
  373 A    6 -4 -3 -5 -3 -2 -4 -3 -4 -3 -4 -3 -3 -5 -4  0  0 -6 -5  0   83   0   1   0   0   1   0   0   0   0   0   0   0   0   0   4   4   0   0   6  1.41 0.53
  374 Q    1  0  3  0 -4  5  2 -2 -2 -4 -4 -1 -3 -5 -3  0  2 -5 -4 -3   10   5  15   4   0  32  12   2   0   0   0   1   0   0   0   6  13   0   0   0  0.62 0.31
  375 Y   -6 -6 -6 -7 -6 -5 -6 -7 -2 -5 -5 -6 -5 -1 -7 -6 -6 -2 10 -5    0   0   0   0   0   0   0   0   0   0   0   0   0   0   0   0   0   0 100   0  3.35 0.88
  376 E   -4 -3 -3 -1 -7  2  8 -6 -3 -7 -6 -3 -5 -7 -5 -4 -4 -6 -6 -6    0   0   0   1   0   6  93   0   0   0   0   0   0   0   0   0   0   0   0   0  2.21 0.70
  377 K   -1  2 -2 -3 -6  2 -1 -1 -2 -5 -4  7 -4 -6 -4 -2 -3 -5 -2 -5    3   8   0   0   0   9   2   4   0   0   1  69   0   0   0   1   0   0   1   0  1.28 0.48
  378 A    4 -4 -3 -4 -3 -3 -3 -3 -4 -4 -4 -2 -3 -5 -3  3  4 -5 -4 -1   43   0   0   0   0   0   0   0   0   0   0   2   0   0   0  20  32   0   0   3  0.96 0.43
  379 I   -4 -6 -6 -6 -4 -6 -6 -7 -6  7 -1 -6 -1 -3 -6 -5 -4 -6 -4  3    0   0   0   0   0   0   0   0   0  78   2   0   0   0   0   0   0   0   0  19  1.79 0.55
  380 Q   -5 -3 -4 -4 -7  9 -2 -6 -3 -7 -6 -2 -4 -7 -5 -4 -5 -6 -5 -6    0   0   0   0   0 100   0   0   0   0   0   0   0   0   0   0   0   0   0   0  2.86 0.86
  381 T   -1 -3  0 -2 -4  1 -2 -1 -4 -2 -3 -3 -3 -5 -4  2  6 -5 -4  0    4   1   3   1   0   6   1   4   0   1   1   0   0   0   0  15  58   0   0   6  0.90 0.41
  382 A    7 -5 -5 -5 -4 -4 -4 -1 -5 -5 -5 -4 -4 -6 -4 -2 -3 -6 -5 -3   95   0   0   0   0   0   0   4   0   0   0   0   0   0   0   0   0   0   0   0  1.88 0.64
  383 F   -6 -7 -7 -7 -6 -7 -7 -7 -5 -4 -3 -7 -4  9 -8 -6 -6 -3  0 -5    0   0   0   0   0   0   0   0   0   0   0   0   0 100   0   0   0   0   0   0  3.05 0.79
  384 Q   -3  7 -3 -4 -6  3 -3 -5 -1 -5 -5  2 -4 -6 -5 -1 -3 -6 -5 -5    2  69   0   0   0  11   0   0   1   0   0  11   0   0   0   5   1   0   0   0  1.59 0.53
  385 E   -4 -4 -2  3 -7 -2  7 -5 -4 -7 -6 -3 -6 -7 -5 -3 -4 -6 -6 -6    0   0   1  12   0   0  88   0   0   0   0   0   0   0   0   0   0   0   0   0  2.08 0.66
  386 V   -3 -6 -6 -7 -4 -6 -6 -7 -7  0 -2 -6 -3 -4 -6 -5 -1 -6 -5  7    1   0   0   0   0   0   0   0   0   0   0   0   0   0   0   0   3   0   0  96  2.03 0.65
  387 A    6 -3 -1 -4 -3 -3 -3 -3 -4 -4 -4 -3 -3 -5 -4  4 -2 -6 -5 -3   68   1   3   0   0   0   0   0   0   0   1   0   0   0   0  27   0   0   0   0  1.28 0.51
  388 D   -5 -5  1  8 -7 -4 -2 -5 -4 -5 -7 -4 -7 -7 -5 -3 -4 -8 -7 -7    0   0   7  93   0   0   0   0   0   0   0   0   0   0   0   0   0   0   0   0  2.47 0.70
  389 G    6 -4 -3 -4 -3 -1 -2  3 -3 -4 -4 -3 -4 -5 -4 -1 -1 -5 -5 -2   66   0   0   0   0   2   2  22   0   0   0   0   0   0   0   3   3   0   0   2  1.08 0.44
  390 L   -5 -5 -7 -7 -4 -5 -6 -7 -6 -1  6 -6  1 -1 -6 -6 -4 -5 -4 -2    0   0   0   0   0   0   0   0   0   1  96   0   2   1   0   0   0   0   0   0  1.81 0.57
  391 A    6 -4 -3 -3 -3 -2 -3 -2 -4 -3 -3 -3 -3 -5 -4  0 -1 -5 -4  1   75   0   0   1   0   1   1   1   0   0   1   0   0   0   0   7   3   0   0  10  1.17 0.47
  392 A    4  1 -2 -1 -3  1 -1  2 -3 -3 -3 -2 -3 -4 -3  0  0 -5 -4  0   45   8   1   3   0   6   2  17   0   0   1   0   0   0   0   3   6   0   0   6  0.49 0.27
  393 R   -3  7 -2 -4 -6  2 -1 -4 -2 -5 -5  1 -4 -5 -5 -1  0 -5 -4 -4    1  68   1   0   0  10   3   1   0   0   0   5   0   0   0   3   5   0   0   1  1.39 0.49
  394 G    3  0 -1  2 -4  1  1  3  0 -4 -4  0 -3 -4 -3  0 -1 -4 -2 -3   25   5   1  12   0   6  11  25   2   0   0   3   0   0   0   5   2   0   1   1  0.41 0.22
  395 T   -2 -3 -1 -3 -4  1 -3 -2  0 -4 -4 -3 -2 -5 -3 -1  7  5 -2 -3    2   1   3   1   0   6   0   2   2   0   1   0   1   0   1   3  67   9   1   1  1.25 0.50
  396 F   -4 -4 -5 -5 -4 -4 -5 -6 -3  3  4 -5  0  2 -5 -4 -3  1  5  0    0   0   0   0   0   0   0   0   0  18  43   0   1   7   0   0   0   1  25   4  0.94 0.36
  397 T    1  0  1  4 -4  1  1  2 -1 -3 -3 -1 -3 -4 -3 -1  0 -5 -3 -1   12   6   4  28   0   7   8  16   1   0   1   3   0   0   0   2   7   0   0   4  0.38 0.20
  398 E    0  3 -1  3 -5  2  4 -3 -2 -4 -4  0 -4 -4 -3 -2 -1 -5 -4 -4   10  20   1  17   0  11  30   1   0   0   1   3   0   0   0   1   3   0   0   0  0.65 0.30
  399 Q   -4  2 -3 -4 -6  8  2 -5 -2 -6 -6 -2 -4 -7 -5 -3 -3 -6 -5 -6    1  11   0   0   0  77   9   0   0   0   0   0   0   0   0   1   1   0   0   0  1.99 0.67
  400 L   -2 -2 -4 -3 -2 -2 -1 -4 -4  3  4 -4  1 -1 -4 -3 -2 -3  0  3    1   1   0   1   0   2   4   0   0  16  44   0   3   1   0   1   2   0   3  19  0.56 0.26
  401 Q    2  1  0  2 -3  3  1 -1  0 -2 -2  0 -2 -4 -3  0  0 -4 -3 -2   24   7   2  13   0  18   9   3   2   1   3   6   0   0   0   5   6   0   0   2  0.30 0.19
  402 A    6 -4 -4 -5 -3 -2 -3 -2 -2 -1 -4 -4 -4 -4 -4  1 -2 -5 -3 -2   82   0   0   0   0   1   1   1   1   4   0   0   0   0   0   8   1   0   1   2  1.34 0.52
  403 Q   -2  1 -2 -2 -6  8  0 -4 -2 -4  0 -2 -2 -5 -5 -3 -3 -5 -4 -3    3   7   1   2   0  68   4   1   0   1  11   0   1   0   0   0   1   0   0   1  1.42 0.55
  404 R   -1  4 -1 -1 -5  5  2 -3 -1 -4 -3  1 -3 -5 -4 -1  1 -5 -4 -2    4  27   2   2   0  28  13   1   1   0   2   4   0   0   0   4  10   0   0   2  0.65 0.31
  405 D    3  3 -1  2 -3  1  0 -2 -2 -4 -2  0 -1 -4 -3  1 -1 -5 -4 -3   29  20   2  13   0   5   5   2   0   0   3   5   2   0   0  11   2   0   0   0  0.39 0.23
  406 L    0 -1  0 -3 -3  1 -3 -4 -3 -1  4 -3  1  1 -4 -2  0 -3  1  1    7   3   4   1   0   8   0   0   0   1  47   0   3   4   0   1   6   0   6   8  0.39 0.24
  407 V    1  0 -3 -4 -3 -1 -1 -4 -4  0  0 -3 -2 -3 -4 -1  1 -5 -1  5   10   5   0   1   0   2   4   0   0   2   9   0   0   0   0   3  10   0   2  52  0.57 0.31
  408 K    2  0  1  3 -4  2  2 -1  0 -4 -4  0 -3 -4 -3  0  0 -5 -3 -2   24   4   6  22   0  11  12   3   2   0   0   6   0   1   0   4   4   0   0   1  0.40 0.22
  409 A    6 -4 -1 -3 -3 -2 -1 -2 -3 -4 -4 -3 -4 -5 -4  2  0 -5 -4 -2   68   0   3   1   0   1   3   0   0   0   0   0   0   0   0  17   6   0   0   1  1.07 0.45
  410 S    2 -2  2  0 -3  3  0 -2 -2 -3 -3 -2 -3 -4 -3  3  2 -4 -1 -2   20   1   9   5   0  14   6   0   0   0   2   0   0   0   0  21  17   0   3   1  0.40 0.25
  411 D    2  2  1  0 -4  5  2 -1 -2 -4 -4  0 -3 -5 -3  1  0 -4 -3 -3   18  12   5   3   0  29  10   4   0   0   1   3   0   0   0   8   6   0   0   1  0.49 0.27
  412 E    0  4 -1  2 -4  1  3 -3 -1 -3 -4  2 -3 -5 -3 -1  0 -5 -4 -2    8  23   2  13   0   5  25   1   1   1   0  10   0   0   0   1   6   0   0   3  0.50 0.25
  413 Y    2  4 -1 -3 -4 -2 -3 -3 -2 -3 -4 -2 -3 -3 -4  3  2 -3  3 -3   18  29   1   0   0   1   0   1   0   1   1   0   0   0   0  21  13   0  14   0  0.63 0.34
  414 Y    1 -2 -3 -5 -3 -2 -3 -5  0 -2  2 -3 -1  3 -5 -3 -2  0  7 -1   11   2   1   0   0   2   1   0   2   0  23   1   1  11   0   0   2   1  39   3  0.84 0.36
  415 Q   -1  5  0  3 -4  1  2 -3 -1 -4 -4  2 -3 -4 -3 -1  0 -5 -3 -3    4  35   3  15   0   4  13   1   1   1   1  11   0   0   0   2   8   0   1   1  0.58 0.27
  416 L   -4 -5 -7 -7 -4 -5 -6 -7 -6  0  6 -6  0 -2 -6 -6 -4 -5 -3 -2    0   0   0   0   0   0   0   0   0   4  94   0   0   1   0   0   0   0   0   0  1.74 0.56
  417 A    5 -4 -3 -4 -3 -3 -3 -3 -3 -3 -4 -3 -4 -5 -4  5  0 -5 -4 -1   49   0   0   0   0   0   0   0   0   1   0   0   0   0   0  42   3   0   0   4  1.08 0.47
  418 D   -2  1  2  3 -5  4  3 -2 -2 -4 -3  2 -1 -5 -3 -1 -1 -5 -3 -4    1   9   9  18   0  19  22   2   0   0   2  10   1   0   0   2   4   0   1   0  0.57 0.27
  419 K    3  1 -2 -4 -3  1 -2 -3 -1 -1  3 -1  2 -2 -4 -1 -2 -4 -2 -1   31   8   1   0   0   8   1   0   1   2  32   3   6   0   0   3   0   0   0   1  0.38 0.25
  420 R   -4  8 -4 -5 -7 -2 -4 -6 -4 -6 -3 -1 -5 -6 -6 -4 -5 -6 -5 -6    0  96   0   0   0   1   0   0   0   0   3   0   0   0   0   0   0   0   0   0  2.49 0.73
  421 Y   -6 -5 -6 -7 -6 -5 -6 -7 -2 -5 -4 -6 -4  4 -7 -5 -5  0  9 -5    0   0   0   0   0   0   0   0   0   0   0   0   0  17   0   0   0   0  81   0  2.72 0.75
  422 R   -2  5 -1  3 -5  1  2 -3 -1 -4 -4  2 -3 -5 -4 -1 -1 -5 -4 -4    2  38   2  19   0   7  11   1   1   0   1  14   1   0   0   2   3   0   0   0  0.76 0.32
  423 T    2  0  4 -2 -3  1  0  1  3 -2 -3  0 -2 -4 -3  1  0 -4 -3 -3   23   4  21   0   0   8   5   9   7   2   1   6   0   0   0   8   4   0   0   1  0.35 0.21
  424 G   -3 -6 -4 -5 -6 -5 -6  8 -6 -7 -7 -5 -6 -7 -6 -4 -5 -6 -7 -7    0   0   0   0   0   0   0 100   0   0   0   0   0   0   0   0   0   0   0   0  2.52 0.69
  425 V    1 -3 -5 -5 -3 -3 -4 -4 -5  4  0 -4 -1 -3 -4 -2 -1 -5 -3  5   11   1   0   0   0   1   0   0   0  22   6   0   1   0   0   3   3   0   0  52  0.82 0.35
  426 D    2 -4 -1  7 -5 -1  0 -3 -4 -5 -6 -3 -4 -6 -4  0 -1 -6 -5 -4   18   0   1  64   0   2   4   1   0   0   0   0   0   0   0   7   3   0   0   0  1.34 0.48
  427 N   -1 -2  2  1 -4 -2 -2  1 -3 -4 -5 -3 -4 -5 -1  5  1 -5 -4 -4    3   2  11   8   0   1   0   8   0   1   0   0   0   0   3  54   8   0   0   0  0.81 0.39
  428 Y   -2  0 -1 -5 -5 -4 -5 -6  2 -4 -4 -4 -4  5 -6 -1 -4  0  8 -4    3   5   3   0   0   0   0   0   5   0   0   0   0  20   0   5   0   0  58   0  1.64 0.54
  429 L   -4 -5 -5 -7 -4 -3 -6 -7 -6 -1  6 -5  0  0 -6 -5 -3 -5 -4 -2    0   0   0   0   0   1   0   0   0   1  92   0   1   4   0   0   1   0   0   1  1.62 0.54
  430 T    0  0  2  2 -4  1  3 -1 -2 -3 -4 -2 -3 -5 -2  0  3 -5 -4 -2    5   5  12  13   0   6  22   3   0   0   0   0   0   0   1   6  24   0   0   2  0.46 0.25
  431 L    0 -3 -4 -5 -3 -3 -3 -5 -4  0  2 -3  0  1 -4 -2  0 -4  1  5    8   1   0   0   0   1   1   0   0   0  22   0   2   5   0   2   5   0   5  48  0.61 0.30
  432 L   -5 -5 -6 -7 -4 -2 -6 -7 -4 -1  6 -5 -1 -1 -6 -6 -4 -5 -4 -2    0   0   0   0   0   2   0   0   0   1  95   0   0   2   0   0   0   0   0   0  1.73 0.57
  433 D   -4 -5 -1  8 -6 -3  0 -5 -4 -5 -6 -4 -6 -6 -5 -3  1 -7 -6 -2    0   0   1  81   0   0   5   0   0   0   0   0   0   0   0   0   8   0   0   4  1.90 0.60
  434 A    6 -4 -4 -4 -3 -2 -4 -3 -5 -4 -4 -4 -3 -5 -4  2 -2 -6 -5 -3   81   0   0   0   0   1   0   0   0   0   0   0   0   0   0  15   1   0   0   0  1.49 0.56
  435 Q   -4 -2 -4 -4 -7  9  1 -6 -1 -7 -6 -2 -4 -7 -5 -4 -4 -6 -4 -6    0   1   0   0   0  89   8   0   1   0   0   0   0   0   0   0   0   0   0   0  2.42 0.77
  436 R   -5  8 -3 -5 -7 -1 -4 -6 -4 -6 -6 -1 -5 -6 -6 -4 -2 -6 -5 -3    0  93   1   0   0   2   0   0   0   0   0   0   0   0   0   0   3   0   0   2  2.33 0.70
  437 S    0 -2  0  3 -4  2  0 -3 -3 -4 -4 -2 -2 -5 -3  4  3 -5 -4 -4    4   1   4  15   0   9   3   1   0   0   1   0   1   0   0  43  19   0   0   0  0.73 0.37
  438 L   -1 -4 -4 -3 -4 -3 -4 -5  0 -1  5 -4  1 -1 -5 -1 -1  0 -1 -2    5   0   1   2   0   1   0   0   2   0  73   0   2   2   0   6   2   1   2   1  0.90 0.38
  439 F   -4 -5 -5 -6 -5 -3 -6 -6 -2 -2  0 -5 -3  6 -6 -5 -5 -1  8 -2    0   0   0   0   0   1   0   0   0   1   8   0   0  31   0   0   0   0  56   2  1.90 0.58
  440 T    3 -3  1  0 -3  0  0  0 -3 -3 -3 -2 -2 -4 -3  4  2 -5 -4 -2   24   0   5   5   0   4   4   5   0   1   1   0   0   0   0  35  13   0   0   2  0.49 0.28
  441 A    6 -4 -1 -3 -3 -2 -3 -3 -4 -3 -4 -3 -4 -5 -4  1 -1 -5 -5 -2   77   0   3   1   0   1   0   0   0   1   0   0   0   0   0  10   3   0   0   2  1.23 0.49
  442 Q   -4  3 -3 -1 -6  7  3 -3 -3 -6 -5  0 -4 -6 -4 -3 -3 -5 -5 -5    0  14   0   3   0  58  19   2   0   0   0   2   0   0   0   0   0   0   0   0  1.45 0.54
  443 Q   -3 -1 -2 -4 -6  8 -1 -5 -3 -3 -2 -2 -2 -6 -5 -2 -1 -5 -5 -5    1   2   1   0   0  81   0   0   0   1   5   1   1   0   0   1   4   0   0   0  1.87 0.66
  444 Q    2 -1  1  0 -3  3  0  1 -2 -4 -2 -1 -3 -4 -3  2  2 -2 -3 -2   21   2   8   4   0  18   4  10   0   0   3   1   0   0   0  16  14   0   0   1  0.36 0.23
  445 L   -1 -3 -5 -6 -4 -1 -3 -6 -5 -1  6 -4  0  0 -5 -4 -3 -1  0  0    5   1   0   0   0   3   2   0   0   0  78   0   1   3   0   0   1   1   3   4  1.09 0.42
  446 I   -2 -5 -4 -6 -4 -5 -5 -6 -6  6  2 -5 -1 -2 -5 -4 -3 -5 -4  4    2   0   1   0   0   0   0   0   0  54  15   0   0   0   0   0   0   0   0  27  1.20 0.42
  447 T    1  0  0  1 -3  4  1 -1 -2 -3 -2 -1 -2 -3 -3  2  2 -4 -3 -2   10   5   3   7   0  21   6   4   0   0   4   0   0   0   0  18  17   0   0   2  0.33 0.22
  448 D    1 -3 -2  1 -3 -3 -3 -2 -4  0  2 -3 -1 -3 -3 -1  4 -4 -2  2   14   0   1   9   0   0   0   2   0   5  22   0   1   0   0   3  28   0   1  13  0.35 0.24
  449 R   -3  6 -2 -3 -6  4  0 -3  0 -4 -4  1 -2 -5 -4 -1 -3 -5 -3 -5    0  57   1   0   0  18   5   2   2   1   1   7   1   0   0   4   0   0   1   0  1.18 0.45
  450 L   -2  3 -4 -4 -4  3 -2 -4 -4 -1  5 -2  0 -3 -5 -3  0 -4 -4 -2    3  15   0   0   0  16   1   1   0   0  56   0   1   0   0   1   5   0   0   1  0.75 0.37
  451 N    4 -2  0 -1 -3  2  0 -2 -3 -3  0 -2 -2 -4 -3  1  1 -4 -4 -2   44   1   4   2   0  10   4   1   0   1   9   0   1   0   0  11  10   0   0   2  0.45 0.28
  452 Q   -2  5 -1  0 -5  4  2 -3  0 -4  0  1 -1 -4 -4 -2 -2 -4  0 -3    2  34   1   4   0  20  13   2   1   0  10   5   1   0   0   2   1   0   3   1  0.59 0.30
  453 L    0 -2 -4 -4 -4  3 -3 -4 -4  0  4 -3  1  0 -4 -3 -3  1  0 -1    9   1   0   0   0  15   1   0   0   4  55   0   2   4   0   1   0   2   4   1  0.64 0.32
  454 T    1 -1  2 -1 -3  2  0 -1 -2  0 -1 -2  0 -3 -3  2  3 -4 -3  0   13   2   9   2   0   9   4   4   0   5   6   0   2   0   0  21  19   0   0   6  0.24 0.19
  455 S    1 -3  8 -2 -5 -2 -3 -3 -3 -6 -6 -3 -5 -6 -5  3 -3 -7 -5 -5   10   0  68   0   0   1   0   0   0   0   0   0   0   0   0  21   0   0   0   0  1.66 0.58
  456 E    1  3 -3 -3 -4  3  1 -2 -2 -2  3 -1  1 -2 -4 -2 -2 -4 -3 -2   12  20   0   0   0  17   8   2   0   1  30   2   3   1   0   2   1   0   0   0  0.38 0.25
  457 V    0 -5 -4 -6 -4 -5 -5 -6 -6  4 -1 -5 -2 -3 -5 -4 -2 -5 -4  6    8   0   0   0   0   0   0   0   0  26   3   0   0   0   0   0   1   0   0  62  1.23 0.45
  458 N    1 -1  2  2 -3  0  1 -1 -3 -4 -3 -2 -2 -4 -3  1  4 -5 -4 -3   14   3  11  14   0   3   9   3   0   0   1   0   1   0   0   7  34   0   0   0  0.49 0.27
  459 L   -4 -5 -7 -7 -4 -5 -6 -7 -6 -1  6 -6  0 -1 -6 -6 -4 -5 -4 -1    0   0   0   0   0   0   0   0   0   0  95   0   1   2   0   0   0   0   0   1  1.77 0.57
  460 Y   -6 -6 -6 -7 -6 -5 -6 -7 -2 -5 -5 -6 -5  3 -7 -6 -5  0 10 -5    0   0   0   0   0   0   0   0   0   0   0   0   0  11   0   0   0   1  88   0  2.90 0.79
  461 K    0  4 -2 -4 -5  0 -2 -4 -3 -5 -5  6 -4 -6 -4 -2 -1 -6 -4 -3    8  22   1   0   0   2   1   0   0   0   0  58   0   0   0   1   4   0   0   2  1.17 0.45
  462 A    5 -4 -4 -5 -3 -4 -4 -3 -5 -2 -3 -4 -3 -3 -4  0  0 -5 -3  4   62   0   0   0   0   0   0   0   0   0   0   0   0   0   0   5   5   0   0  28  1.09 0.46
  463 L   -4 -5 -6 -7 -4 -5 -6 -7 -6  0  6 -5  2 -3 -6 -5 -4 -5 -4 -1    0   0   0   0   0   0   0   0   0   2  92   0   4   0   0   0   0   0   0   1  1.70 0.55
  464 G   -3 -6 -4 -5 -6 -5 -6  7 -6 -7 -7 -5 -6 -7 -6 -3 -5 -6 -7 -7    0   0   0   0   0   0   0  99   0   0   0   0   0   0   0   0   0   0   0   0  2.48 0.68
  465 G   -3 -6 -4 -5 -6 -5 -6  8 -6 -7 -7 -5 -6 -7 -6 -4 -5 -6 -7 -6    0   0   0   0   0   0   0 100   0   0   0   0   0   0   0   0   0   0   0   0  2.49 0.67
  466 G   -2 -4 -3 -3 -6 -4 -3  7 -5 -7 -7 -4 -6 -6 -5 -3 -5 -6 -6 -6    1   1   0   1   0   0   1  94   0   0   0   0   0   0   0   1   0   0   0   0  2.19 0.60
  467 W   -1 -5 -6 -6 -5 -5 -6 -4 -5 -3  3 -5 -3 -2 -6 -3 -3 11 -2 -3    5   0   0   0   0   0   0   1   0   1  25   0   0   0   0   2   2  62   0   2  2.46 0.61
  468 N    0  1  1  1 -3  2  1 -2  1 -1 -1  2 -1 -2 -1  1  1 -3 -1 -1    4   5   8   8   0  12   6   2   3   4   6  14   0   1   2  10  10   0   2   4  0.14 0.09
  469 Q    2  1 -2  2 -4  2  5 -2 -2 -4 -4 -1 -3 -5  0  0 -1 -4 -4 -3   18   8   0   9   0   8  42   2   0   0   0   1   0   0   3   3   3   0   0   1  0.60 0.26
  470 Q    0  3  1  1 -3  2  1 -1  2 -3 -3  1 -2 -3  0  0  1 -3 -1 -2    7  18   6   6   0  12   9   3   6   1   1   5   0   0   5   7  11   0   2   2  0.23 0.12
  471 T    1 -2  0  1 -3 -1 -1  0 -3 -3 -3 -2 -2 -4  1  2  5 -4 -3 -2   12   1   3   7   0   3   2   5   0   0   0   1   0   0   6  16  42   0   0   2  0.50 0.24
  472 V    2 -1 -1 -1 -1  0  0  2 -1 -1 -1 -1 -1 -3  1  0  0 -3 -3  2   18   1   1   2   1   6   4  16   1   2   3   3   1   0   7   8   6   0   0  20  0.15 0.11
  473 T    2 -2 -1  1 -3  1  0  0 -2 -2 -2  0 -2 -3  3  1  1 -4 -3  0   22   0   1  10   0   7   6   4   0   0   2   4   0   0  13   9  12   0   0   7  0.25 0.13
  474 Q    2 -1  0 -1 -3  2  0  0  0 -2 -2  0 -1 -3  3  0  1 -4 -3 -1   22   2   5   2   0  13   6   6   2   1   3   4   1   0  15   6   7   0   0   3  0.26 0.13
  475 Q    2 -2  0  0 -3  2  0 -1 -2 -2 -2 -1 -2 -3  3  1  1 -4 -2 -1   21   0   4   6   0  13   6   2   0   2   2   2   0   0  17   8  11   0   1   5  0.30 0.15
  476 Q    2  2 -1  0 -2  2  1 -1 -2 -3 -3  0 -2 -4  3  0  1 -4 -3 -1   19  12   1   5   0  13  12   3   0   0   1   3   0   0  13   5   9   0   0   3  0.30 0.14
  477 T    2 -1  0  0 -1  0  0 -1 -2 -3 -2 -1 -2 -4  4  2  2 -4 -3 -2   18   2   4   4   1   4   3   3   0   0   2   3   0   0  24  17  12   0   0   2  0.43 0.16
  478 A    3  0 -1 -1 -2  0 -1  0 -2 -1 -1 -2  0 -3  0  2  1 -4 -3  0   38   4   1   2   0   4   1   4   0   3   6   0   2   0   4  15   9   0   0   6  0.25 0.15
  479 K    2  1 -1  1 -3  1 -1 -1 -2 -3 -3  1 -2 -2  3  1  0 -4 -3 -2   19   7   0  11   0   8   1   3   0   0   2  12   0   2  17  11   7   0   0   1  0.31 0.13
  480 K    2  0 -1 -1 -2  1  1 -2 -2 -3 -2  1 -2 -3  2  2  1 -4 -2 -2   27   5   0   2   0   9  11   1   0   0   2   8   0   0   9  17   8   0   1   1  0.28 0.13
  481 E    1  0 -1  1 -3  2  2 -2  0 -3 -3  0 -2 -4  4  0  1 -4 -3 -2   13   2   0   6   0  13  19   1   3   0   0   6   0   0  21   7   8   0   0   2  0.42 0.13
  482 D    2 -1  0  1 -2  0  1 -1 -1 -2 -2  0  0 -3  3  0  1 -4 -3 -1   32   2   3   7   0   4  10   3   1   0   1   2   3   0  15   3  13   0   0   3  0.27 0.10
  483 P    0 -1 -3 -1 -4 -1 -2 -3  0 -4 -3 -1 -3 -5  8 -2 -2 -5 -4 -3    9   3   0   2   0   3   0   0   3   0   3   3   0   0  76   0   0   0   0   0  1.68 0.22
  484 Q    1  1 -1 -1 -3  3  1  0 -1 -3 -3  2 -1 -3  2  1  0 -3 -2 -2   20   6   0   0   0  21   4   5   0   0   0  23   2   0   8   8   2   0   0   0  0.32 0.08
  485 A    4 -2 -1 -2 -1 -1 -1 -1 -2 -2 -2 -1 -2 -3 -2  3  1 -3 -3 -1   65   0   0   0   0   0   0   0   0   0   0   0   0   0   0  29   6   0   0   0  0.57 0.12

                      K         Lambda
Standard Ungapped    0.1302     0.3165
Standard Gapped      0.0618     0.2670
PSI Ungapped         0.2011     0.3125
PSI Gapped           0.0618     0.2670
