
Last position-specific scoring matrix computed, weighted observed percentages rounded down, information per position, and relative weight of gapless real matches to pseudocounts
           A  R  N  D  C  Q  E  G  H  I  L  K  M  F  P  S  T  W  Y  V   A   R   N   D   C   Q   E   G   H   I   L   K   M   F   P   S   T   W   Y   V
    1 M   -5 -5 -6 -7 -5 -4 -6 -6 -5 -2  0 -5 11 -3 -6 -5 -4 -5 -5 -3    0   0   0   0   0   0   0   0   0   0   5   0  95   0   0   0   0   0   0   0  3.01 0.83
    2 S    4 -3 -2 -3 -3 -3 -3  3 -4 -2 -4 -3 -3 -3  0  3 -1 -5 -4 -1   41   0   1   0   0   0   0  21   0   2   0   0   0   1   4  24   1   0   0   4  0.66 0.32
    3 F   -2 -3 -2 -2 -3  1 -1 -4 -3  2  3 -1  0  3 -3  1  0 -3 -1  1    0   0   2   1   0   9   4   0   0  11  29   2   0  16   0  12   5   0   1   8  0.26 0.19
    4 I   -3 -4 -4 -5 -3 -4 -4 -5 -4  5  2 -4  0  3 -5 -4 -3 -1  0  3    0   0   1   0   0   0   1   0   0  36  21   0   2  15   0   0   0   1   3  21  0.77 0.31
    5 N   -3 -2  7  3 -5 -1 -2  0  1 -5 -5 -2 -4 -5 -4  1 -2 -5 -1 -5    0   2  58  16   0   2   1   5   3   0   1   1   0   0   0   8   0   0   3   0  1.17 0.43
    6 Y   -1 -1 -2 -3 -3 -1 -1 -3  3 -2  0  0 -1  4 -1  2 -1  2  2 -1    3   3   1   0   0   2   4   1   9   1  11   5   1  20   3  19   2   3   8   3  0.24 0.18
    7 S    3  1  0 -1 -3  0  0  1 -1 -2 -1  1 -1 -2 -2  1 -1 -3 -3 -2   28   9   3   2   0   5   6  12   1   1   6  12   1   2   0   8   1   0   0   1  0.21 0.15
    8 S    1  2  2 -1 -3  1  0  0  0 -3 -3  3 -2 -1 -3  1  1 -3 -3 -2   12  10  13   2   0   4   4   6   2   0   1  19   0   3   0  11  12   0   0   1  0.26 0.17
    9 R   -3  5  0 -1 -5  1 -2 -1  3 -5 -5  5 -4 -5 -3 -2 -3 -5 -4 -5    0  40   3   4   0   4   1   4   7   0   0  34   0   0   0   1   0   0   0   0  1.03 0.41
   10 E   -2  1 -2 -1 -5  1  6 -3 -3 -2 -4  3 -4 -5 -3 -2 -1 -5 -4 -1    2   6   1   1   0   3  53   1   0   2   1  19   0   0   0   2   3   0   0   4  0.90 0.40
   11 I   -1 -1 -3 -4 -3 -2 -2 -4 -4  4  0  3  4 -3 -4 -2 -1 -4 -3  1    4   1   0   0   0   1   1   0   0  33   7  24  15   0   0   1   2   0   0  10  0.58 0.30
   12 N   -2 -1  4  0 -3  2  1 -3  2 -3 -2  1 -2 -3 -1  0  1 -4 -1 -1    2   1  25   3   0  12  11   1   5   1   3   8   0   1   2   5  11   0   2   6  0.35 0.21
   13 C    3 -3 -4 -4  4 -3 -3 -3 -4  1  2 -3  1  2 -3 -2 -2 -3 -2  1   29   0   0   0  10   0   1   1   0   7  24   0   4   9   1   1   2   0   0   9  0.44 0.25
   14 K   -4  4 -3 -4 -6  2 -3 -5  4 -6 -6  6 -5 -6 -5 -3 -4 -6 -4 -6    0  24   0   0   0   8   0   0  10   0   0  57   0   0   0   1   0   0   0   0  1.53 0.60
   15 I   -4 -6 -7 -7 -4 -6 -6 -7 -6  7  1 -6  1 -3 -6 -6 -4 -6 -5  3    0   0   0   0   0   0   0   0   0  67  13   0   3   0   0   0   0   0   0  17  1.61 0.58
   16 V   -2 -6 -6 -7 -4 -5 -6 -6 -6  0  3 -5 -2 -4 -6 -5 -3 -6 -4  6    3   0   0   0   0   0   0   0   0   3  30   0   0   0   0   0   0   0   0  64  1.39 0.56
   17 Y   -4 -5 -6 -7 -5 -5 -6 -6 -3  1 -1 -5  7  4 -6 -5 -4 -2  7  1    0   0   0   0   0   0   0   0   0   8   4   0  26  16   0   0   0   0  38   7  1.52 0.59
   18 Y   -1 -4 -4 -2 -1 -4 -4 -5  0  0  3 -4  1  2 -5 -2 -1 -1  6  1    4   0   0   3   1   0   0   0   2   4  30   0   3   9   0   2   4   1  28  10  0.67 0.34
   19 G   -4 -6 -4 -5 -7 -6 -6  8 -6 -8 -8 -6 -7 -7 -6 -4 -6 -7 -7 -7    0   0   0   0   0   0   0 100   0   0   0   0   0   0   0   0   0   0   0   0  2.69 0.85
   20 P   -1 -5 -5 -5 -5 -5 -5 -6 -6 -1  4 -5 -2 -4  6 -1 -2 -6 -5 -3    5   0   0   0   0   0   0   0   0   2  49   0   0   0  37   5   3   0   0   0  1.27 0.54
   21 G    1 -5 -2  6 -5 -3 -2  3 -4 -5 -5 -4 -5 -2  1 -1 -2 -5  0 -2   10   0   0  46   0   0   1  22   0   0   0   0   0   2   6   3   2   0   4   3  0.93 0.44
   22 L    2  0  3 -3  0  0 -2  0 -2 -2  2 -2  2 -2 -4  2 -2 -3 -3 -2   20   5  15   0   2   5   0   7   1   1  21   1   6   1   0  14   0   0   0   0  0.27 0.24
   23 C    6 -5 -4 -5  4 -4 -4  0 -5 -5 -5 -4 -4 -6 -4  3 -3 -6 -5 -3   63   0   0   0   8   0   0   5   0   0   0   0   0   0   0  24   0   0   0   1  1.32 0.61
   24 G   -4 -6 -4 -5 -7 -6 -6  8 -6 -8 -8 -6 -7 -7 -6 -4 -6 -7 -7 -7    0   0   0   0   0   0   0 100   0   0   0   0   0   0   0   0   0   0   0   0  2.71 0.87
   25 K   -5 -2 -4 -5 -7 -3 -3 -6 -5 -7 -7  8 -6 -8 -5 -4 -5 -7 -6 -7    0   0   0   0   0   0   0   0   0   0   0 100   0   0   0   0   0   0   0   0  2.70 0.95
   26 T   -2 -2 -4 -5 -5 -5 -5 -3 -6 -5 -5 -4 -5 -6 -5  1  8 -7 -6 -4    2   2   0   0   0   0   0   2   0   0   0   0   0   0   0   8  85   0   0   0  2.04 0.82
   27 T   -2 -5 -4 -5 -5 -1 -2 -6 -6 -5 -5 -5 -5 -6 -5  0  8 -7 -6 -4    2   0   0   0   0   2   3   0   0   0   0   0   0   0   0   6  86   0   0   0  2.08 0.86
   28 N   -1 -4  5 -3 -3 -4 -4 -4 -3  3  2 -4 -2  2 -5  0 -1 -5 -3  0    5   0  31   0   0   0   0   0   0  17  23   0   0   8   0   6   4   0   0   6  0.61 0.37
   29 L   -5 -6 -7 -7 -5 -6 -6 -7 -6  2  6 -6 -1 -1 -6 -6 -4 -5 -4  0    0   0   0   0   0   0   0   0   0   9  82   0   1   2   0   0   0   0   0   6  1.62 0.64
   30 Q   -3  2 -1 -2 -5  2  1 -5  4 -4 -2  1 -1 -2 -5 -2 -2 -3  7 -3    1  11   3   1   0  10  10   0   8   1   3   9   2   0   0   1   1   0  37   1  0.84 0.45
   31 Y   -1  3 -2 -4 -2  1 -2 -4  2 -3 -3  4  3 -1 -4 -1  0  3  3 -3    5  17   2   0   1   7   0   0   6   0   0  27   9   3   0   4   6   4  10   1  0.53 0.34
   32 I   -4 -5 -6 -7 -4 -5 -6 -7 -6  4  5 -6 -1 -3 -6 -5 -3 -5 -4  2    0   0   0   0   0   0   0   0   0  21  67   0   0   0   0   0   1   0   0  11  1.37 0.56
   33 Y   -1 -1 -1 -4 -1  0 -3 -4  6 -5 -5  5 -4  0 -4  1 -3 -4  3 -5    3   1   2   0   2   3   0   0  17   0   0  43   0   5   0  11   1   0  12   0  0.96 0.49
   34 N    0  0  2  1 -2  1  2  0  0 -2 -2  1 -2  1 -2  0 -1 -2 -1 -2    9   4  11  10   0   7  15   7   2   1   4   7   1   9   1   6   3   0   1   2  0.15 0.11
   35 K    0  1  1  2 -1  0  0 -1  0  1  0  2  0 -2 -2  0  0 -2 -1  0    6   8   7  13   1   4   3   2   2  12   9  15   2   1   1   4   5   0   2   5  0.07 0.07
   36 T   -1  1 -2 -1 -1  1  1 -2 -1  1  1  0  0  0 -1 -1  0 -2  1  1    4  10   1   3   1   6  12   2   1   8  19   4   2   4   2   3   6   0   5   9  0.07 0.07
   37 A    0  1 -1  0 -2  0 -1  0 -2 -1  0  1  0  1  2  0  0 -2 -1  0    6   7   3   5   1   2   2   6   1   2  11  13   2   7  13   9   5   0   1   6  0.10 0.07
   38 A    1  0  0  1 -2  0  0 -1 -1  0 -1  0 -1 -2  3  0  0 -2 -2  0   14   5   3   7   1   3   7   4   1   6   5   5   1   2  18   5   3   0   1   9  0.17 0.08
   39 E   -1  0  0  1 -1  2  2 -1  1 -1 -2  1 -1 -2 -1  1  1  0 -1 -1    5   3   4   7   1  10  17   3   5   3   3   9   1   1   2   9  10   1   2   3  0.16 0.09
   40 T    0  0  0 -1 -1  0 -1 -1  1  1  1 -1  0  0 -1  0  1 -1  0  1    7   6   5   3   1   3   2   4   4   7  14   3   2   6   2   5  12   0   4  11  0.02 0.04
   41 K   -1  3 -1  0  1  1  0 -2 -2  0  0  3 -1 -2 -1 -1 -1 -2 -1  0    3  19   2   5   3   8   5   2   1   6  11  19   1   1   2   2   2   0   2   6  0.19 0.13
   42 G   -1 -1 -1  0 -3 -2 -1  5 -2 -3 -3 -1 -3 -3  2  0 -1 -3 -3 -2    5   4   1   4   0   1   5  44   1   1   2   4   1   1  12   7   3   0   1   3  0.57 0.23
   43 K   -1  1 -1  0 -3  1  4 -2 -1 -3 -3  1 -2 -2  1 -1  2 -3 -2 -2    3   9   1   5   0   4  27   2   1   1   2  10   1   1   8   3  18   0   1   2  0.36 0.20
   44 L   -1 -1 -2 -1 -2 -1 -2 -3 -2  2  3 -2  4  1 -2 -2  0 -1 -1  1    3   4   1   4   1   2   2   2   1  14  31   2  13   5   1   2   4   1   1   7  0.26 0.14
   45 I   -1 -1 -2 -2 -2  0 -2 -3  3  1  2  1  2 -1 -3 -1  0 -3  0  3    2   3   1   2   0   3   1   1  10   7  18   9   7   1   1   3   4   0   4  23  0.22 0.17
   46 S    0 -2  1 -1 -3  1 -1  0 -1 -3 -3 -1 -2 -3  2  4  3 -3 -3 -1    6   1   5   2   0   6   2   7   1   1   2   4   0   1   8  31  18   0   1   4  0.38 0.24
   47 L   -1 -1 -1 -1 -1  0  0 -2 -1  2  1  0  2  0  0 -1  1 -2 -1  1    3   3   1   2   1   5   7   2   2  14  18   6   7   4   4   3   9   0   1   8  0.09 0.08
   48 S    1 -1  2  2 -2  0  1 -1 -1 -2 -2  0 -1 -2  1  1  1  2 -1 -1   12   1  10  11   0   2   8   4   1   2   3   6   1   1   6  14   8   3   2   3  0.15 0.10
   49 T   -1 -2 -1 -2 -3 -2  1 -2 -3  0 -1 -2 -2 -2 -2 -1  5 -3 -3  3    4   2   2   1   0   1  10   3   0   4   5   1   0   1   1   1  39   0   1  23  0.51 0.29
   50 E   -1  0  1  1 -2  2  4  0  1 -3 -3  2 -2 -3 -2  0  0 -3 -2 -2    3   5   6   5   1   7  28   7   4   1   2  12   0   1   1   6   7   0   1   3  0.31 0.18
   51 T    0 -2 -1  1 -3  0  1  1 -2 -2 -3  0 -3 -2 -3  0  5 -3 -3 -2    7   1   2   8   0   4   7  12   1   2   1   4   0   2   1   4  40   0   0   2  0.45 0.27
   52 D   -1 -2 -1  3 -3 -1  2  0 -1  2 -1 -1 -1 -1 -2 -1 -1 -3 -1  1    2   1   3  21   0   2  13   8   1  19   5   2   1   2   1   4   2   0   2  10  0.21 0.16
   53 R   -3  5 -3 -4 -5  0 -3 -4 -3 -4 -4 -1 -4 -1  6 -2  0 -5 -4 -4    1  37   1   1   0   4   1   1   0   0   1   3   0   3  39   2   6   0   0   1  1.26 0.50
   54 T   -2 -4 -3 -4 -4 -4 -2 -4 -4 -4 -2 -4  0 -5 -4 -1  7 -5 -4 -3    3   0   0   0   0   0   3   1   0   0   4   1   3   0   0   2  80   0   0   1  1.69 0.67
   55 L   -3 -3 -4 -4 -3 -2 -4 -4 -4  4  3 -1  0  0 -1 -3 -2 -3 -2  3    1   1   0   1   0   2   1   1   0  26  35   4   2   3   3   1   1   0   1  19  0.61 0.29
   56 F    0 -4 -3 -4 -4 -4 -4  4 -3 -3 -1 -4 -3  6 -4 -3 -3 -2  2 -2    9   0   0   1   0   0   1  38   0   0   4   1   0  33   1   1   1   0   7   2  0.95 0.40
   57 F   -4 -5 -5 -5 -4 -5 -5 -5 -4 -3 -1 -5  2  8 -3 -4 -4 -2  1 -2    1   1   0   1   0   0   1   1   0   1   5   1   5  76   1   1   1   0   3   3  1.97 0.64
   58 D   -4 -3  6  6 -5 -3  0 -3 -2 -5 -5 -3 -4 -5 -2 -2 -3 -5 -4 -5    1   1  37  47   0   0   6   1   1   1   1   1   0   0   1   1   1   0   0   1  1.45 0.53
   59 F   -2 -3 -4 -3  1 -1 -3 -4 -3 -1  0 -3  2  5 -2 -3  0  2  2  4    2   1   0   2   3   3   1   1   0   1   7   1   5  27   1   1   5   3   6  31  0.57 0.30
   60 L   -2 -3 -3 -2 -3 -2  4  0 -3  0  3 -2  1  0 -3 -2 -1 -3 -3 -2    3   1   1   1   0   0  36   8   0   5  28   2   3   5   1   1   4   0   0   1  0.46 0.29
   61 P   -1  1 -1 -1 -3 -1 -1 -3 -2 -3 -2  1  1 -2  5 -1  3 -4 -3 -2    3   8   2   3   0   2   2   1   1   1   2   9   5   2  33   4  19   0   0   2  0.64 0.30
   62 L   -2 -4 -5 -5 -3 -4 -4 -5 -4  3  3 -3  1  1  0 -3 -2 -4 -1  3    1   0   0   0   0   0   0   0   0  18  34   2   2   5   5   1   1   0   2  25  0.62 0.31
   63 S    0  1  0  1 -2  0  3  0 -2 -3 -3  1 -3 -1 -1  1  0 -4 -3 -1    7   7   3   8   1   3  28   6   0   0   1  11   0   3   2   9   6   0   0   4  0.29 0.20
   64 L    0 -3 -3 -3 -3 -3 -3 -1 -1  2  2 -2  1  2 -1 -1 -1 -2  4  1    7   0   0   2   0   0   1   4   1  16  22   2   3   7   4   3   2   0  16  10  0.27 0.19
   65 G   -1  1 -1  1 -3 -1  0  4 -2 -2 -3  2 -3 -4  1  0 -1 -4 -4 -3    2   6   1   7   0   1   6  35   1   2   2  16   1   0   7   7   3   0   0   1  0.44 0.24
   66 E   -1  1  4  0 -4  1  1  0 -1 -3 -2  2 -2 -2  0  1  0 -4 -2 -2    4   7  23   4   0   5   9   6   1   1   4  13   0   2   4   9   5   0   1   2  0.26 0.19
   67 I   -1 -2 -2 -3 -2 -2 -2 -1  1  4  1 -2  0  0  0 -1 -2 -3 -1  3    4   2   2   1   1   1   2   6   4  28   9   2   1   4   4   5   1   0   1  23  0.27 0.17
   68 R    0  2  1  1 -1  1  0  0  0 -1 -1  1 -1 -2 -1  1  0 -2 -1 -1    5  13   8   6   1   7   4   8   2   5   5  11   1   1   2  14   3   0   1   2  0.11 0.07
   69 G    0 -2  0  0 -2 -1 -1  5 -2 -1 -2 -1 -2 -2 -1  0  0 -1  0 -1    5   2   3   5   1   2   2  43   1   3   4   3   1   2   2   7   5   1   3   4  0.42 0.15
   70 F    0  0  0 -1  0  0 -1 -1  1  0  0  0  0  3 -1 -1 -1  0  2  0    6   4   4   2   3   4   3   5   4   5  10   7   2  16   2   4   2   1  11   5  0.07 0.05
   71 K   -1  1  2  1 -2  0  1  0 -1 -2 -2  2 -2 -2  0  1  1 -2 -2 -2    3   8  10  10   1   3   7   6   1   1   5  18   1   1   3  10   8   0   1   2  0.18 0.11
   72 T    0 -3 -2 -3 -2 -2 -2 -3  0  3  1 -2  1 -1 -1 -2  1 -3 -1  3    7   1   1   1   1   1   2   1   3  21  14   1   3   2   2   2  10   0   1  26  0.29 0.17
   73 R   -1  4  1 -1 -3 -1  0 -3  0 -2 -3  3 -2 -3 -2  1  1 -4 -3 -1    5  26   5   3   0   1   3   1   2   2   2  19   1   0   2  12   9   0   0   5  0.37 0.22
   74 F   -3 -5 -6 -6  1 -5 -6 -6  0  0  2 -6 -2  7 -6 -5 -3 -3 -1  1    2   0   0   0   3   0   0   0   2   5  22   0   0  54   0   0   1   0   1   8  1.33 0.53
   75 H   -2  0  1 -3 -4  3 -2 -4  6 -4 -3  1 -2 -4 -4 -1  4 -4  0 -4    2   4   5   0   0  16   0   0  21   1   3  10   1   0   0   4  30   0   3   0  0.77 0.43
   76 L   -2 -4 -5 -5 -3 -4 -5 -5 -5  2  4 -4  1  1 -5 -4  1 -4 -3  4    2   0   0   0   0   0   0   0   0  11  40   0   2   5   0   0   8   0   0  31  0.80 0.38
   77 Y   -6 -6 -6 -7 -6 -5 -6 -6 -4 -2 -2 -6 -1  5 -7 -6 -5 10  7 -5    0   0   0   0   0   0   0   0   0   2   3   0   2  19   0   0   0  40  32   0  2.43 0.78
   78 T   -3 -5 -2  6 -5 -4 -3  0 -5 -5 -5 -4 -5 -6 -4 -1  5 -6 -5 -5    1   0   0  49   0   0   0   8   0   0   0   0   0   0   0   2  38   0   0   0  1.43 0.62
   79 V   -2 -5 -5 -5 -4 -5 -5 -4 -5  1  1 -5  0 -4 -5 -3  2 -5 -4  6    2   0   0   0   0   0   0   1   0   4  11   0   2   0   0   1  13   0   0  65  1.17 0.52
   80 P   -3 -5 -4 -4 -3 -2 -4  5 -5 -6 -6 -3 -5 -6  6 -2 -2 -6 -6 -6    0   0   0   0   1   2   0  48   0   0   0   1   0   0  41   2   3   0   0   0  1.64 0.62
   81 G   -4 -6 -4 -5 -7 -6 -6  8 -6 -8 -8 -6 -7 -7 -6 -2 -5 -7 -7 -7    0   0   0   0   0   0   0  98   0   0   0   0   0   0   0   2   0   0   0   0  2.59 0.86
   82 Q   -2 -3 -4 -2 -7  8 -1 -6  4 -7 -6 -3 -5 -7 -2 -3 -3 -6 -5 -6    2   0   0   2   0  80   2   0   8   0   0   0   0   0   2   1   1   0   0   0  2.22 0.88
   83 V   -1 -1 -2  3 -4  1  3 -4 -1  0 -2  0 -2 -1  0 -1  0 -5 -3  3    4   3   1  17   0   5  21   0   1   6   1   5   0   2   5   3   5   0   0  23  0.32 0.25
   84 F    0  3 -3 -3 -3  3 -1 -4 -2  0 -1  4 -1  1 -3 -2 -1 -4  0 -1    7  16   0   0   1  13   1   0   0   5   5  33   2   6   0   1   3   0   3   4  0.47 0.31
   85 Y    0 -4 -1 -3 -4 -4 -4 -4  2  3  2 -4  2  3 -5 -3 -3 -2  5 -1    8   0   4   2   0   0   0   1   6  17  23   0   5  10   0   1   0   0  24   1  0.64 0.35
   86 D   -3  6  2  2 -6  0  1 -4  2 -6 -5 -1 -4 -6  0 -1 -2 -6 -4 -5    1  50   9  12   0   4   7   0   4   0   0   2   0   0   5   4   1   0   0   0  0.99 0.47
   87 A    3  1 -3 -1 -3 -2 -3 -1 -4 -2 -3 -1 -3  1  5  0 -1 -5 -3 -3   26   9   0   3   0   1   0   4   0   2   1   3   0   8  28   8   4   0   0   0  0.59 0.34
   88 S   -1 -3 -3 -4 -4 -3 -4 -5  2  0  4 -4  3 -2 -3  1  3 -4  0  0    3   1   1   0   0   0   0   0   5   3  38   0   8   0   1  11  22   0   3   4  0.53 0.35
   89 R   -6  6 -6 -7 -7 -5 -2 -7 -6 -7 -6 -4 -6 -4 -7 -6 -6 11 -2 -7    0  36   0   0   0   0   2   0   0   0   0   0   0   0   0   0   0  61   1   0  3.25 1.02
   90 K   -4  5 -3 -1 -4  0  0 -3 -2 -4 -2  6 -4 -6 -2 -3 -2 -6 -5 -4    0  29   0   3   0   3   6   1   1   0   4  47   0   0   2   1   2   0   0   1  1.09 0.51
   91 L    0 -3 -1  2  0 -2 -2 -4  5  1  2 -2  2  0 -3  0 -2  1  0 -1    7   0   3  12   2   0   1   0  16  10  19   1   7   3   1   9   1   2   3   3  0.27 0.23
   92 I   -4 -5 -6 -6 -5 -5 -6 -7 -1  2  1 -5 -3 -1 -6 -5 -2 -3  8  4    0   0   0   0   0   0   0   0   1  11  12   0   0   0   0   0   2   0  48  26  1.44 0.60
   93 L   -2 -5 -5 -5  1 -4 -5 -3 -4 -1  4 -5  1  4 -4 -1  1 -3  3 -2    3   0   0   0   4   0   0   2   0   1  43   0   3  21   0   4   9   0  10   1  0.74 0.39
   94 K   -1  3  2 -2 -5  3  3 -2  0 -5 -5  2 -4 -5  1 -1 -1 -5 -3 -4    5  19   9   0   0  17  17   2   1   0   0  14   0   0   8   4   3   0   0   1  0.57 0.33
   95 G   -2  0  4  0  3 -2  0  5 -2 -6 -6 -2 -5 -6 -5 -2 -1 -5 -3 -5    1   7  20   4   7   1   6  47   1   0   0   2   0   0   0   1   4   0   1   0  0.93 0.43
   96 V    3 -4 -4 -5  0 -4 -4 -4 -5 -1 -2 -4  1 -4 -4  0  5 -5 -4  3   26   0   0   0   2   0   0   0   0   2   1   0   4   0   0   4  34   0   0  26  0.82 0.46
   97 D   -4 -4  1  7 -7  2  0 -4  1 -6 -2 -4 -3 -4 -5 -2 -4 -7 -6 -5    1   0   5  67   0  11   5   0   3   0   4   0   1   1   0   2   0   0   0   1  1.56 0.63
   98 G    0 -6 -4 -5 -3 -5 -6  7 -6 -2 -6 -5 -6 -6 -6 -3 -4 -6 -6 -1    7   0   0   0   1   0   0  83   0   3   0   0   0   0   0   1   0   0   0   4  1.87 0.68
   99 V   -3 -5 -6 -6 -4 -5 -6 -6 -6  5  3 -5  0 -1 -5 -5 -3 -5 -2  4    2   0   0   0   0   0   0   0   0  31  33   0   1   1   0   0   0   0   1  30  1.07 0.46
  100 V   -1 -6 -6 -6 -3 -5 -6 -6 -6  5 -1 -6 -1 -2 -6 -5 -3 -6 -4  6    5   0   0   0   0   0   0   0   0  29   4   0   1   1   0   0   0   0   0  60  1.41 0.57
  101 F   -6 -6 -7 -7 -6 -7 -7 -7 -4 -1 -1 -7 -2  8 -7 -6 -6  0  4 -1    0   0   0   0   0   0   0   0   0   4   3   0   1  74   0   0   0   1  13   3  2.25 0.76
  102 V   -4 -6 -6 -7 -4 -6 -6 -7 -7  2  1 -6  0 -4 -6 -5 -3 -6 -5  7    0   0   0   0   0   0   0   0   0   6  12   0   1   0   0   0   1   0   0  79  1.71 0.67
  103 A    3 -5 -5 -4 -4 -4 -5 -4 -5  1  0 -5 -1 -2 -5 -3 -2  0 -2  5   27   0   0   1   0   0   0   0   0   6   9   0   1   1   0   0   2   1   1  51  0.91 0.46
  104 D   -6 -6 -1  8 -8 -4 -3 -6 -5 -7 -8 -5 -7 -8 -6 -4 -5 -9 -7 -7    0   0   2  98   0   0   0   0   0   0   0   0   0   0   0   1   0   0   0   0  2.87 0.95
  105 S    1 -5 -2 -4 -2 -4 -4 -2 -5 -6 -6 -4 -5 -6 -3  7 -1 -7 -5 -3   11   0   1   0   1   0   0   2   0   0   0   0   0   0   1  82   1   0   0   1  1.68 0.75
  106 Q    0  1  1  4 -4  4 -1 -4 -2 -4 -4 -2 -1 -4 -4  2  2 -3 -4 -3    7   7   6  23   0  23   0   0   0   0   1   1   1   0   0  14  15   0   0   1  0.61 0.38
  107 I    0  3 -2  3 -4 -1  1 -3  0 -2 -1  1 -2 -4  2 -1 -1 -4 -3 -1    8  23   0  17   0   0   9   0   2   1   5  10   1   0  11   3   3   0   1   6  0.37 0.24
  108 E    0 -1  0  3 -4  1  4  0 -1 -3 -3  0 -3 -4 -2  0 -1 -4 -4 -3    7   2   5  16   0   4  36   8   1   1   2   3   0   0   2   8   3   0   0   2  0.49 0.27
  109 R   -2  7 -3 -4 -5  2  0 -2 -3 -3 -3  2 -2 -5 -4 -3 -2 -4 -3 -4    4  61   0   0   0   7   4   3   0   1   2   9   1   0   0   1   3   0   1   1  1.21 0.49
  110 M   -1  1 -3 -3 -3 -1 -1 -4  0  1  3 -1  4  2 -2 -2 -1 -2 -1  0    3   9   0   0   0   2   4   1   3  10  30   2  13  10   2   2   3   0   1   5  0.30 0.21
  111 E    1  0  0  2 -4  1  4 -2 -1 -3 -3  0 -2 -3  1  0 -1 -4 -4 -2   12   4   3  13   0   7  32   3   1   1   2   3   1   1   8   4   3   0   0   2  0.43 0.26
  112 A    1  0  0  1 -5  1  5 -3 -2 -2 -4  0 -3 -5 -3 -1 -1 -5 -4 -3   13   4   4   8   0   4  48   1   1   3   1   4   0   0   1   3   3   0   0   1  0.71 0.38
  113 N    3 -3  6 -1 -1 -3 -1 -2 -3 -3 -4 -3 -3 -2 -3  2 -1 -5 -4 -2   31   0  37   1   1   0   3   1   0   1   1   0   0   2   0  13   2   0   0   3  0.79 0.41
  114 M    0  4 -1 -3 -3 -1 -1 -3 -2  1  0  3  0  0 -1 -2 -1 -4 -3  0    9  26   2   0   0   1   2   2   0  10  10  18   3   3   2   1   3   0   0   7  0.30 0.22
  115 E    1  1 -1  1 -4  1  4 -3  0 -3 -1  0  0 -4 -3 -1  0 -5 -3 -1   14   8   1   6   0   5  37   1   3   1   6   5   2   0   0   2   4   0   0   5  0.43 0.29
  116 S    1 -3 -3 -2 -3 -2  5 -3 -3 -2 -3 -3 -3 -1 -3  3  0 -5  0 -2    9   0   0   0   0   0  41   1   0   3   2   0   0   2   1  28   5   0   4   3  0.70 0.44
  117 L   -4 -2 -3 -6 -3 -4 -4 -6 -5  0  5 -4  3  4 -5 -5 -4  3 -1 -2    0   3   1   0   0   0   1   0   0   3  58   1   7  19   0   0   0   4   1   1  1.03 0.46
  118 E   -1  3  0  2 -5  2  3 -2  5 -4 -3  1 -1 -2 -3 -2 -1 -3 -1 -4    5  15   5  12   0  12  18   2  15   0   2   6   1   2   0   1   3   0   2   1  0.49 0.29
  119 N    0  2  3  0 -4  1  3 -3  1 -3 -3  2 -3 -4 -3  0  0 -3 -3 -2    9  10  19   5   0   4  21   1   4   1   2  11   0   0   0   4   5   0   0   3  0.39 0.25
  120 L   -1 -4 -5 -5 -4 -4 -5 -5 -5  3  4 -4  4 -1 -5 -2 -1 -4 -3  1    4   0   0   0   0   0   0   0   0  19  51   0   9   2   0   3   4   0   0   7  0.86 0.39
  121 R    0  2 -2 -1  1  1  0 -3  0  0  2  0  0 -2 -3 -1  0 -2  0 -1   10  14   0   3   3   5   8   1   2   5  28   6   2   1   0   2   5   0   3   2  0.15 0.15
  122 I    0  2  1  1 -3  0  3 -2  0 -2 -2  2 -2 -1 -2  1  0 -3 -2 -2    6  12   6   7   0   3  20   2   2   2   3  11   1   4   0  15   5   0   0   2  0.24 0.17
  123 N   -1 -2  4  1  1 -1  0 -2 -1  1 -2 -2  2  1 -3  0  0 -3  1 -1    4   1  29   9   3   2   4   1   1   8   2   1   7   6   1   7   4   0   5   5  0.31 0.22
  124 L    0 -1 -2 -2 -1 -2 -1 -2 -2  1  4 -2  1 -1 -1  0 -1 -2 -2  0    6   3   1   2   1   1   3   2   1   6  46   2   3   2   4   7   3   0   1   5  0.28 0.15
  125 A    1  1  1  0 -2  1  1 -1 -1 -1 -1  1 -1 -1  0  0  0 -2 -1 -1   15  10   6   5   1   5  11   4   1   3   6  11   2   2   4   6   4   0   1   3  0.10 0.06
  126 E   -1  0  1  0 -2  1  3  0  0 -2 -1  0  0 -1 -1  0  0 -2 -1 -1    5   6  10   5   1   7  21   6   2   2   7   3   3   4   3   7   4   0   1   3  0.13 0.08
  127 Q   -1 -1  2  0 -2  3  1 -2  1 -1  0 -1  1  1 -1  0 -1 -1  3  0    4   1  10   5   1  18   8   2   3   2   9   2   4   6   2   5   2   0  11   6  0.16 0.12
  128 G   -1 -1  1 -1 -2  0  1  5 -1 -2 -2 -1 -2 -2 -1 -1 -1 -2 -2 -2    3   4   6   3   1   4   9  44   2   2   3   4   1   1   2   3   4   0   1   2  0.46 0.17
  129 Y   -1  1 -1  2 -2  1  2 -2  0  0  0  0  0 -1  1  0 -1  0  1 -1    4   7   1  11   1   5  20   2   2   5  11   6   3   2   6   5   1   1   5   4  0.13 0.10
  130 D   -1  0  1  4 -2  0  3 -1  2 -2 -3  0 -2 -2 -2  1 -1 -3 -2 -3    3   6   8  22   1   2  23   4   4   2   3   4   1   2   1  10   2   0   1   1  0.36 0.19
  131 L   -1 -3 -2 -4 -3 -3 -3 -4 -3  2  4 -3  3  1  0 -2 -2 -3  1  0    4   1   2   1   0   1   1   1   0  13  44   1   8   6   6   2   2   0   6   4  0.49 0.25
  132 N    1  3  0  1 -3  1  1  0 -1 -2 -2  1 -2 -1 -1  1  0 -3 -2 -1   11  19   3   8   0   5   7   5   1   1   2  10   1   3   2  13   3   0   1   4  0.19 0.13
  133 K   -1  1  2  3 -3  1  1  1  1 -3 -3  1 -3 -4  0  1  0 -4 -3 -3    4   6  10  20   0   8   7   9   3   1   1  11   0   0   4   9   5   0   0   2  0.30 0.17
  134 I    2 -4 -4 -5 -2 -4 -4 -4 -5  3  1 -4  0  1 -4 -2  0 -4 -2  4   15   0   0   0   1   0   0   0   0  17  11   0   2   5   0   1   6   0   1  39  0.63 0.34
  135 P   -1 -5 -5 -5 -2 -4 -3 -5 -4 -2 -3 -4 -5 -6  8 -3 -2 -6 -5 -1    5   0   0   0   1   0   2   0   0   2   3   1   0   0  77   2   2   0   0   5  2.13 0.72
  136 Y   -2 -2 -4 -4 -2 -3 -4 -4  0  2  3 -1  1  3 -4 -2 -2 -1  2  3    1   3   0   0   1   0   0   0   3  14  28   3   3  14   0   2   1   1   6  20  0.43 0.23
  137 V   -3 -5 -6 -6 -4 -5 -4 -6 -6  2  4 -5 -1 -3 -5 -5 -3 -5 -4  5    0   0   0   0   0   0   1   0   0   9  39   0   0   0   0   0   0   0   0  50  1.24 0.51
  138 I   -3 -5 -6 -6 -4 -5 -5 -6 -4  5  2 -5  2  1 -5 -5 -3  1 -3  5    0   0   0   0   0   0   0   0   0  30  14   0   4   6   0   0   0   2   0  43  1.07 0.45
  139 Q   -1 -3 -4 -4 -5  6 -2 -2 -4 -1  3 -3 -1  3 -5 -2 -4 -4 -2 -1    6   0   0   0   0  37   1   2   0   3  30   0   1  15   0   2   0   0   1   3  0.80 0.45
  140 Y    5 -4 -4 -5  0 -4 -4  1 -2 -2 -2 -4 -3  2 -2 -2 -2  2  4 -2   49   0   0   0   2   0   0   8   0   2   3   0   0   8   2   0   2   3  18   1  0.81 0.44
  141 N   -6 -5  9 -3 -7 -4 -4 -5 -4 -7 -8 -4 -6 -7 -6 -3  0 -8 -6 -7    0   0  95   0   0   0   0   0   0   0   0   0   0   0   0   0   5   0   0   0  2.83 0.95
  142 K   -4  0 -4 -4 -7  0 -3 -5 -4 -6 -6  8 -5 -7 -5 -4 -4 -6 -5 -6    0   2   0   0   0   3   0   0   0   0   0  94   0   0   0   0   0   0   0   0  2.34 0.82
  143 R   -3  5 -2 -4 -2  7 -1 -5 -3  1 -4 -2  0 -4 -5 -2 -3 -5 -1 -2    1  28   1   0   1  47   2   0   0   9   0   0   2   0   0   2   1   0   3   2  1.19 0.56
  144 D   -6 -6 -3  8 -7 -4  0 -5 -5 -3 -4 -5 -7 -7 -5 -4 -5 -8 -7 -7    0   0   0  91   0   0   4   0   0   2   2   0   0   0   0   0   0   0   0   0  2.48 0.84
  145 L    0 -2 -5 -5 -2 -2 -4 -5 -1  0  5 -3  1 -1 -5 -2 -3 -4 -4  0    8   3   0   0   1   2   0   0   2   2  68   1   3   2   0   3   0   0   0   5  0.91 0.43
  146 P   -1 -1 -3 -2 -6 -3 -1 -5  0 -6 -5  0 -4 -5  8 -1 -3 -7 -5 -4    4   4   1   2   0   1   4   0   2   0   1   6   0   0  67   5   1   0   0   1  1.75 0.66
  147 N   -2 -2  4  3 -5 -1  0  4  0 -5 -6 -1 -4 -5 -4 -1  0 -6 -4 -5    2   1  25  20   0   2   6  29   2   0   0   3   0   0   0   4   5   0   0   0  0.76 0.37
  148 A    6 -3 -4 -4  0 -2 -3 -3 -1  1 -3 -4  0 -3 -3  1 -1 -5 -4 -1   65   1   0   0   2   1   1   0   2   8   1   0   2   1   0   8   3   0   0   4  0.94 0.49
  149 V   -1 -1 -5 -5 -2 -3 -3 -2 -4  0  4 -2  4  1 -2 -3 -3  4 -1  2    6   3   0   0   1   0   1   3   0   2  38   2  15   5   2   1   0   5   2  14  0.51 0.30
  150 T   -1 -2  0  1 -4 -3 -1 -2 -4 -5 -5 -1 -5 -6  5  4  1 -6 -5 -3    2   1   4   6   0   0   4   2   0   0   0   3   0   0  28  40   8   0   0   1  0.92 0.47
  151 V    1 -4 -4 -2 -2 -3  1 -4 -2  1  1 -3  0 -2  3 -2 -1 -4 -3  2   16   0   0   2   1   0  13   0   1   6  17   0   1   1  16   1   4   0   1  20  0.35 0.26
  152 E    2 -2 -1  2 -4  0  4 -2 -2 -4 -2 -2 -2 -4 -1  2 -1 -5 -3 -4   19   1   1  13   0   2  36   2   1   0   4   1   1   0   3  14   2   0   1   0  0.57 0.36
  153 E   -3 -3 -3  3 -6  0  6 -3 -4 -4 -4 -2 -1 -2 -4 -3 -2 -6 -2  0    1   1   0  16   0   3  58   1   0   1   1   2   2   2   0   1   2   0   1   8  1.12 0.55
  154 M   -3 -5 -6 -6 -4 -5 -6 -6 -6  5  4 -5  3 -2 -6 -5 -4 -5 -2  2    1   0   0   0   0   0   0   0   0  33  43   0   8   0   0   0   0   0   1  14  1.13 0.48
  155 R   -1  4 -2 -1 -3  3  3 -3 -2 -3 -3  2  0 -5 -4  0  1 -5 -4 -3    6  26   1   3   1  13  19   1   0   1   1   9   3   0   0   4  11   0   0   2  0.52 0.32
  156 K   -1  3 -1  0 -2  2  2 -2  4 -3 -2  3 -2 -3 -2 -1  0 -4 -1 -3    5  16   2   6   1   7  15   2  10   0   3  18   1   1   2   3   6   0   1   2  0.35 0.23
  157 A    1  1 -1  0  0  1  0 -1  0  0  0  1  1 -1 -2  0 -1 -3  0  0   12  11   1   6   3   5   7   4   2   4  12  10   4   2   1   4   3   0   5   6  0.05 0.07
  158 L   -4 -3 -6 -6  3 -3 -6 -5 -5  0  5 -5  0  2 -5 -5 -4  2 -3 -1    1   1   0   0   6   1   0   1   0   4  69   0   1  10   0   0   0   3   0   2  1.19 0.51
  159 N    0  1  5  1 -1  0 -2  4  0 -5 -4 -1 -3 -5 -4  0 -2 -5 -4 -4    6   8  30   7   1   3   2  28   2   0   1   2   1   0   0   7   1   0   0   0  0.67 0.35
  160 H   -1  1  1 -1 -3  0 -2 -2 -1 -1  2 -1  0 -1  3  0 -1 -4 -2  0    3   7   9   3   0   5   1   3   1   3  26   2   2   2  15   8   3   0   0   6  0.20 0.18
  161 R   -1  5 -1  0 -5  0  1 -1  1 -3 -3  1  1 -2 -1  0  0  1 -1 -4    4  37   2   5   0   3   8   4   3   1   2   9   4   2   3   5   6   2   2   0  0.46 0.29
  162 N   -1  2  3  0 -5  0  1  1  0 -4 -4  1 -4 -5  3  0 -2 -5 -4 -4    4  15  17   4   0   4  11  12   2   0   1   9   0   0  15   5   2   0   0   0  0.45 0.27
  163 I   -1 -3 -6 -6  0 -4 -2 -5 -5  3  0 -4 -2  1 -4 -5 -1 10  0  2    5   1   0   0   2   0   3   0   0  15   8   1   1   5   1   0   3  38   2  14  1.40 0.54
  164 P   -2  0 -3 -2 -4  1  1 -4  3 -5 -4  1 -3  0  5 -1 -2 -3  4 -4    3   4   0   2   0   6  11   1   7   0   1   8   0   4  31   4   2   0  15   0  0.75 0.38
  165 E   -2 -3 -1 -1 -2 -3 -2 -2 -4  4  0 -3 -1 -2 -4  0  0 -2  0  4    2   1   3   5   1   0   2   3   0  22   9   0   1   1   0   7   4   0   4  34  0.41 0.28
  166 Y   -4 -1 -4 -5 -5  5 -3 -5  1  1  0 -3 -1  5 -5 -4 -2 -1  1  2    0   2   0   0   0  32   0   0   3   9   6   0   1  26   0   0   1   1   4  13  0.84 0.46
  167 Q    1 -2 -3 -3 -3 -2  3  1 -4 -4 -4 -2  3 -2  5  0 -2 -5 -3 -2   11   1   0   0   1   1  21  12   0   0   1   2   8   2  27   8   2   0   0   2  0.64 0.38
  168 A    4 -5 -4 -5  8 -4 -5 -3 -5 -3 -2 -4 -1 -5 -5  0  3 -6 -5 -2   37   0   0   0  29   0   0   1   0   0   3   0   1   0   0   7  19   0   0   2  1.21 0.56
  169 V   -1 -5 -2 -3  8 -4 -4 -5 -5  0 -4 -5 -2 -5 -5  4 -1 -6 -5  3    2   0   1   1  30   0   0   0   0   6   0   0   1   0   0  35   3   0   0  20  1.21 0.57
  170 A    7 -5 -5 -6 -4 -5 -5 -3 -5 -4 -5 -5 -5 -6 -4 -2 -2 -6 -6  0   88   0   0   0   0   0   0   0   0   0   0   0   0   0   0   2   2   0   0   7  1.82 0.77
  171 P   -1 -1 -2 -3 -2 -2 -3 -4  1  3  2  0  0 -3 -2 -1  3 -4 -2  2    4   3   1   0   0   1   0   0   4  16  17   6   1   0   1   4  24   0   1  17  0.35 0.26
  172 T   -3  1  2  2 -4  1  0 -4 -2 -1 -4  2  1 -5 -4  0  4 -5 -4 -3    0   8  11  11   0   6   5   0   0   4   0  13   4   0   0   7  30   0   0   0  0.51 0.35
  173 G   -3  1 -2 -5 -2 -2 -4  7 -5 -7 -7 -1 -6 -7 -6 -3 -4 -6 -6 -7    0   8   1   0   1   2   1  81   0   0   0   4   0   0   0   0   0   0   0   0  1.87 0.70
  174 V   -2 -1 -1  3 -5  3  4 -3 -1 -1 -3  1 -1 -4 -3 -2 -1 -3 -1 -1    3   1   2  18   0  13  29   2   1   3   2  10   2   0   0   2   4   0   3   5  0.48 0.31
  175 G   -4 -5  0 -3 -6 -5 -6  7  0 -7 -7 -5 -3 -7 -6 -1 -5 -6 -7 -7    0   0   5   1   0   0   0  87   2   0   0   0   1   0   0   4   0   0   0   0  2.13 0.76
  176 V   -4 -5 -6 -6 -4 -5 -6 -6 -5  2  4 -5 -2 -2 -4 -5 -3 -5  2  5    0   0   0   0   0   0   0   0   0   7  39   0   0   0   1   0   0   0   7  45  1.16 0.52
  177 F   -1  0 -2 -2 -3  0 -1  0 -1  0  1  0  0  3  0 -2 -2 -2  4  0    4   5   2   2   0   6   3   6   1   4  14   8   2  15   4   1   2   0  15   6  0.17 0.16
  178 D   -2 -3  0  2 -7  2  7 -5 -4 -7 -5 -2 -5 -7 -2 -3 -3 -7 -6 -6    3   1   5  11   0   7  69   0   0   0   1   1   0   0   2   1   1   0   0   0  1.51 0.65
  179 T    1 -5 -3 -4 -4 -4 -4  5 -5 -3 -5 -4 -4 -6 -3 -1  5 -6 -5 -1   13   0   0   0   0   0   0  44   0   1   0   0   0   0   1   3  33   0   0   5  1.10 0.53
  180 L   -5 -5 -7 -7 -5 -5 -6 -7 -6  0  5 -6  1  5 -6 -6 -5 -2 -2 -2    0   0   0   0   0   0   0   0   0   3  65   0   3  27   0   0   0   0   0   0  1.51 0.60
  181 K   -1  3  0  2 -4  1  2 -3  0 -2 -1  2 -1 -3 -3 -1 -1 -4 -3 -2    3  17   4  15   0   7  16   1   2   2   8  15   2   1   0   4   2   0   0   3  0.33 0.22
  182 A    2  0 -4 -4 -4 -2  1 -2  0 -3 -1  1 -2 -3 -4  0  0  8 -2 -1   18   5   0   0   0   1  10   2   2   1   8  11   1   0   0   6   6  26   0   5  0.73 0.38
  183 V   -1 -5 -6 -6 -1 -5 -6 -5 -6  3  5 -5  2 -2 -5 -5 -3 -5 -4  1    4   0   0   0   1   0   0   1   0  18  62   0   3   1   0   0   0   0   0   9  1.10 0.47
  184 A    1 -2 -3 -4 -2 -2 -3 -2  0  0  1 -3 -1 -3 -4  3  1 -4  1  1   13   2   0   0   1   0   0   2   3   5  16   0   1   0   0  29   9   0   7  13  0.32 0.27
  185 K   -2  3  2  0 -5  3  2 -1  0 -5 -4  3 -1 -4 -2  1 -1 -4  0 -4    2  15   9   5   0  16  13   3   2   0   0  16   1   0   1   9   2   0   3   0  0.45 0.27
  186 L   -2  0  0 -2 -2  0  1 -3 -2  0  2 -1  4  1 -4 -1  0 -3  2 -1    2   5   5   1   1   5  10   1   0   5  23   2  15   5   0   4   4   0   8   3  0.21 0.20
  187 V    0 -5 -5 -5 -2 -4 -5 -5 -5  4  2 -4  0 -3 -5 -3  1 -5 -4  4    7   0   0   0   0   0   0   0   0  28  16   0   2   0   0   1   8   0   0  36  0.82 0.39
  188 L   -1 -1 -1 -4 -3 -1 -3 -4 -3  1  3  2  2 -1 -4 -1 -2  2  1  1    3   2   3   0   0   2   0   0   0   7  35  16   6   1   0   4   2   3   6  10  0.34 0.24
  189 T    0  2  1  0 -3  2  1 -2 -1 -3 -2  3 -2 -3 -1  1  0 -4 -1 -1    7   9   5   4   0   8  11   1   1   1   3  22   1   0   2  14   6   0   2   4  0.26 0.18
  190 E   -1  5  1  0 -2  1  1  0  2 -4 -4  2 -3 -4 -2  0 -2 -5 -2 -3    4  34   5   6   1   4   8   6   6   0   0  15   0   0   1   7   1   0   1   1  0.52 0.28
  191 L   -3  2 -4 -4 -4 -3 -4 -5 -4  2  4 -2  4  0 -4 -3 -3 -4 -2  1    0  12   0   1   0   0   0   0   0  11  47   1  12   4   0   1   0   0   1   9  0.68 0.32
  192 K   -2  4 -2  2 -5  2  1 -2  0 -5 -3  5 -3 -5 -3 -1 -2 -5 -4 -4    2  22   1  10   0  11   7   2   2   0   2  37   0   0   0   3   1   0   0   0  0.73 0.33
  193 K   -1  3 -1 -2 -4  4  2 -2 -2 -4 -4  4 -3 -5 -3  2 -2 -5 -4 -2    2  19   1   0   0  19  13   2   0   0   0  25   0   0   0  16   0   0   0   3  0.62 0.29
  194 G    0  1 -1 -1 -3  3 -1  4 -2 -4 -4  0 -3 -4 -3  1  0 -4 -3 -3    7  11   1   2   0  16   2  43   0   0   0   2   0   0   0   9   7   0   0   0  0.56 0.19
  195 G    1 -4 -2 -3 -4 -3 -3  7 -3 -5 -5 -3 -4 -5 -3 -2 -3 -4 -4 -4    8   0   0   0   0   0   0  92   0   0   0   0   0   0   0   0   0   0   0   0  1.55 0.28

                      K         Lambda
Standard Ungapped    0.1375     0.3194
Standard Gapped      0.0526     0.2670
PSI Ungapped         0.1726     0.3140
PSI Gapped           0.0526     0.2670
