
Last position-specific scoring matrix computed, weighted observed percentages rounded down, information per position, and relative weight of gapless real matches to pseudocounts
           A  R  N  D  C  Q  E  G  H  I  L  K  M  F  P  S  T  W  Y  V   A   R   N   D   C   Q   E   G   H   I   L   K   M   F   P   S   T   W   Y   V
    1 M   -4 -4 -5 -6 -4 -3 -5 -6 -4  1  1 -4 10  1 -5 -4 -3 -4 -3 -1    0   0   0   0   0   0   0   0   0   5   9   0  80   4   0   0   0   0   0   2  2.01 0.60
    2 K   -2  3 -1 -3 -5 -2 -2 -4 -3 -4 -4  7 -4 -5 -4  0 -2 -5 -2 -5    2  13   2   0   0   0   0   0   0   1   1  73   0   0   0   5   1   0   1   0  1.38 0.54
    3 F   -2  3  3 -2 -4 -1 -2 -1  2 -3 -1  3  0  1 -3  0 -1  0  0 -3    3  18  15   0   0   1   0   3   5   0   6  27   2   7   0   6   3   1   4   1  0.38 0.26
    4 K    0  2 -1 -4 -4 -1 -2 -2 -1 -2 -2  3 -3  0 -4  1 -2  8 -1 -3    6  12   3   0   0   3   2   3   2   2   5  21   0   4   0  10   1  25   1   2  0.75 0.39
    5 L   -1 -2 -4 -5 -2 -2 -4 -2 -4  3  4 -1  2 -1 -3 -2 -1  4 -1  1    3   1   0   0   1   2   0   3   0  15  41   5   5   2   1   1   3   6   2  10  0.47 0.29
    6 L   -3 -4 -4 -5 -3 -4 -4 -2 -4  3  4  0  2  1 -3 -2 -1 -4 -1  1    1   0   0   0   0   0   0   4   0  21  43   6   5   5   1   2   4   0   2   7  0.57 0.33
    7 L   -1  0 -4 -4 -3 -3 -4 -3 -3  2  2 -2  0  4 -4 -3 -1  3  1  2    5   6   0   0   0   1   0   2   0  11  23   3   2  22   0   1   3   4   4  14  0.41 0.25
    8 A    2 -2 -2 -3  0 -3 -3  2 -3  1  0 -2 -2 -2 -1  1  1 -4 -3  1   21   2   1   0   2   0   0  17   0   8  11   2   0   1   3   9  12   0   0  10  0.22 0.20
    9 G    3 -2 -2 -4  0 -3 -3  2 -4  1  1 -3  0 -3 -3  0 -1 -4 -3  1   27   1   1   0   2   0   0  20   0   9  15   0   2   0   0   7   3   0   0  12  0.36 0.27
   10 S    3 -2 -3 -4 -1 -3 -3 -2 -4  2  0 -3 -1 -1 -3  2  2 -4 -3  0   29   1   0   0   1   0   0   3   0  14   9   0   1   3   1  20  12   0   0   6  0.40 0.31
   11 L    0 -3 -5 -5 -2 -4 -5 -2 -4  2  3 -4  5  2 -5 -3 -2 -4 -2  2    9   1   0   0   1   0   0   4   0  11  25   0  19  11   0   1   1   0   1  17  0.60 0.35
   12 V    2 -4 -4 -5  0 -4 -4 -4 -5  2  1 -3  2 -1 -4  0 -2 -5 -3  4   18   0   0   0   2   0   0   0   0  10  14   1   6   2   0   6   2   0   0  39  0.63 0.38
   13 A    3 -4 -4 -4  3 -3 -4 -2 -4  1  0 -3  0 -1 -3  0  0  1 -3  2   34   0   0   0   8   0   0   3   0   7   9   1   2   3   1   5   7   2   0  18  0.44 0.32
   14 V    1 -4 -5 -5  0 -4 -4 -3 -5  3  1 -4  1  2 -4 -2  0 -1 -3  4   11   0   0   0   2   0   0   1   0  19  11   0   3   9   0   2   4   1   0  37  0.63 0.36
   15 G    3 -4 -4 -4 -2 -4 -4  2 -4 -1  1 -4  0  4 -4 -1 -1  1 -1  0   25   0   0   0   1   0   0  16   0   2  16   0   2  22   0   4   4   2   1   5  0.48 0.34
   16 A    2 -4 -4 -4  2 -2 -4 -1 -4  1  2 -4  1  1 -3  0 -2 -4 -3  3   18   0   0   0   5   1   0   5   0   6  26   0   4   6   1   7   1   0   0  20  0.37 0.28
   17 M    0 -4 -4 -5 -2 -4 -4 -2  0  1  4 -4  3  2 -3 -1  1  0 -3  2    6   0   0   0   0   0   0   3   2   6  39   0   8   8   1   4   8   1   0  13  0.49 0.32
   18 A    3 -4 -2 -4 -4 -3 -4  4 -4 -2  0 -3  1  0 -2  1  0  0 -3 -1   23   0   1   0   0   1   0  34   0   2   9   0   3   5   2   9   6   2   1   3  0.50 0.34
   19 L   -1 -4 -5 -5  2 -4 -5 -2 -5  1  4 -2  2  2 -5 -3 -1  3 -2  0    4   0   0   0   4   0   0   3   0   7  47   2   6  10   0   2   3   5   1   6  0.65 0.37
   20 L    0 -4 -4 -5 -1 -3 -4 -1 -4  1  4 -4  2  1 -3 -2 -1  1 -2  2   10   0   0   0   1   1   0   5   0   8  41   0   5   7   1   2   4   2   1  13  0.49 0.31
   21 A    3 -3  1 -1  3 -2 -3  0 -2  0  0 -3  0 -2 -2  0  0 -2 -1  1   30   0   7   3   8   2   0   6   1   5  11   0   2   1   2   4   5   0   2  11  0.25 0.23
   22 S    1 -3  2 -2  2 -1 -1  1 -2 -1 -2 -2 -1  0 -3  3  0 -1  0  0   12   0  12   1   4   2   3   9   1   2   3   1   2   4   0  25   5   1   4   9  0.23 0.23
   23 N    1 -1  1  1  1 -2 -2  1  1  1 -1 -2 -2 -1 -3  2  0 -4 -1 -2   12   4   7   8   3   1   1  10   4   9   6   0   0   3   0  22   6   0   1   2  0.17 0.19
   24 I   -1 -4 -4 -4  5 -2 -3 -2 -2  4  1 -4  3  1 -2 -1 -1 -4 -1  1    5   0   0   0  14   2   1   4   1  29  11   0   7   6   2   4   3   0   2   8  0.46 0.29
   25 N    1 -2  2 -1 -2 -1  0  0  1 -1  0 -1  3 -1 -2  1  1 -1 -1 -1   11   1  12   1   0   2   7   8   4   3   8   2   9   3   1  12   8   1   2   5  0.11 0.15
   26 E    0  1  1  2  1  1  3 -2  0 -2 -3  0 -2 -1  0  0 -1 -4 -2 -2    8   8   5  13   4   6  24   1   3   2   1   6   1   3   5   6   2   0   1   2  0.28 0.21
   27 K   -1  4  0 -1 -4  1 -1 -1  0 -3 -2  4  0 -3  2 -1 -2 -1 -2 -2    5  23   4   2   0   6   3   3   2   1   3  25   2   1   9   4   2   1   1   2  0.42 0.27
   28 E    0  2 -1 -1 -2  1  2 -1 -2 -2 -2  2 -2 -3  0  1  0 -4 -2 -1    9  14   3   2   1   7  16   4   0   2   2  15   0   0   4   9   6   0   1   6  0.23 0.19
   29 K    2 -1  0 -1 -2  0  3 -1  0 -2 -2  1 -2 -3  0  1  1  0  0 -1   19   1   5   2   1   3  20   3   2   2   2  11   0   0   4   8   8   1   4   4  0.22 0.20
   30 Q    1 -2  1  1 -4  2  4 -2 -1 -4 -4  0 -2 -4  1  0 -1 -4 -2 -3   12   0   7   7   0  11  34   3   2   0   1   5   1   0   6   6   3   0   1   1  0.52 0.34
   31 R    1  2 -1 -1 -3  1  2 -2  0 -1 -2  1 -2 -3  2  1 -1 -4 -3  0   10  13   2   2   0   5  14   2   2   3   3   9   1   0   9  11   2   0   0  10  0.20 0.17
   32 V    3 -2 -1 -2 -3 -1  0 -2 -2  0 -1  0 -2 -2  2 -1  1 -4 -3  2   28   1   3   1   0   2   5   2   1   3   7   5   0   2   9   3   9   0   0  17  0.25 0.24
   33 E    0  0  0  0 -3  1  2 -1  0 -2 -2  1 -2 -2  1  1  2 -1 -2 -1    8   4   4   5   0   5  15   4   2   2   2   9   0   1   7  11  13   1   1   6  0.17 0.16
   34 L    0 -2 -1 -3 -2  0 -1 -2  0  1  1 -1  1  2  0 -1  1 -3  0  2    7   2   3   0   0   5   4   2   2  10  11   3   3   9   4   3  12   0   2  17  0.11 0.13
   35 A    2 -2  0 -2 -3 -1 -2 -1 -3  0 -1  0 -1  2  2  1  1 -3  0  0   19   2   6   1   0   3   0   3   0   5   5   5   1  10  11   9   9   0   3   7  0.15 0.17
   36 K    1  0  1 -1 -1 -1  0 -2 -1 -1 -1  1  1  0  1  1  1 -1  1  0   14   4   8   3   2   2   4   1   1   2   3   9   5   3   6  11   8   1   5   8  0.08 0.12
   37 A    1  0  1  1 -2  0  0 -1 -2  0 -1  0 -1 -2  1  0  1 -3  0  1   12   6   8   7   0   4   7   3   0   8   5   6   1   1   5   6   8   0   3  11  0.06 0.08
   38 P    0  1 -2 -2 -4  0 -1 -1 -1 -2 -3  0 -1 -3  5 -1 -1 -4 -2  1    9  10   2   2   0   5   3   5   1   2   1   6   1   1  31   4   4   0   1  12  0.49 0.29
   39 S    1  0  0  0 -2  1  1 -1  0  0 -1  1 -1 -1  1  0  0 -3 -2  0   18   3   3   6   0   5  11   2   2   6   5  10   2   3   5   5   6   0   1   6  0.08 0.10
   40 E    0 -2  1  2 -3  0  1 -1 -2  0 -2  0 -1 -2 -1  0  2 -4 -3  1    5   0   8  11   0   4   9   4   0   5   2   7   2   1   2   5  19   0   0  15  0.18 0.19
   41 A    0 -1  0  1  1  2  1 -1 -1 -1 -1  1 -1 -3  3  0  0 -3 -2 -1   10   1   5   7   4   9  11   4   1   3   5   7   1   1  15   5   7   0   1   4  0.19 0.15
   42 G    0 -1  0  1 -3  0  0  1 -2  2  0  1  1 -2  0  0  0 -3 -2  0    9   1   4  10   0   5   4  12   1  15   8  10   4   0   3   4   5   0   0   3  0.08 0.11
   43 I    0 -2 -1  1 -2 -1  0  0 -2  0  0  0 -1 -1  2  0  2 -3 -2  0   10   1   2   8   0   2   7   6   0   4  11   5   1   2  11   6  14   0   0   8  0.12 0.11
   44 A    1 -1  0  1  3  0  1  0 -2 -1 -2  1 -2 -1  1  1  0 -3 -1  0   11   3   3   9   8   2  12   7   0   2   2   9   0   2   7   9   6   0   1   6  0.12 0.11
   45 G   -1 -3  1  3 -3 -1 -1  2  1  2 -1 -2 -1 -1 -3 -1  1 -1 -1  1    5   0   5  17   0   1   4  16   4  16   3   1   1   2   0   2   8   1   1  10  0.17 0.17
   46 K   -1 -1  0  1 -4  1  5 -4 -1 -1 -2  0 -3 -3 -3 -1  1 -4 -3  0    4   2   5   7   0   6  41   0   1   4   4   5   0   1   0   2  11   0   1   7  0.52 0.34
   47 E    1 -1 -2  0  2 -1 -1 -3 -2  1  0 -1  0 -1  3  1  1 -3  1  0   15   2   1   5   5   1   4   0   1   9   7   2   2   2  15   9   8   0   5   7  0.18 0.16
   48 K   -2  3  0  4 -4  1 -1 -1  2 -3 -4  1 -3 -4 -2  0  0 -5 -4 -1    2  19   4  27   0   7   2   4   4   1   1  10   0   0   2   6   5   0   0   4  0.47 0.30
   49 S   -1 -3  5 -1 -5 -2 -3 -4 -3 -3 -4  0 -1  0  5  2 -2 -5 -1 -3    6   0  30   3   0   1   0   0   0   2   1   5   2   5  25  15   2   0   3   1  0.78 0.45
   50 E    2 -2 -1  2 -4  1  5 -4  1 -2 -5 -1 -4 -5 -3  1 -2 -5 -4 -3   21   1   2  12   0   4  39   0   3   2   0   3   0   0   1   9   1   0   0   1  0.70 0.43
   51 E    1 -1  0  0 -3  2  1 -2 -1  0 -1  2 -1 -3 -2  0 -1 -4 -2  2   14   1   3   4   0  10   8   1   1   4   6  14   1   1   1   6   3   0   1  21  0.16 0.19
   52 W   -6 -6 -6 -7  5 -6 -6 -6 -5 -4 -2 -6 -2  5 -7 -6 -5 10  4 -5    0   0   0   0  11   0   0   0   0   1   4   0   1  25   0   0   0  44  12   0  2.43 0.85
   53 A    2 -2 -2 -2 -5  0 -1  5 -4 -4 -5  3 -4 -2 -4 -2 -3 -5 -3 -4   21   1   1   1   0   4   5  42   0   0   0  18   0   2   0   2   1   0   1   0  0.79 0.44
   54 K    0  0 -1  2 -4  2  2 -2 -3 -3 -2  4 -1 -3 -1  1  0 -5 -4 -3    6   2   1  11   0  11  15   1   0   1   4  27   2   1   3   9   6   0   0   1  0.42 0.31
   55 Y   -1 -1  4  1  4  1 -1 -3 -1 -2 -2  1 -1  1 -3 -1 -2 -1  1  0    5   2  23   7  11   8   3   0   1   2   2  10   2   7   1   2   1   1   6   7  0.33 0.27
   56 Y   -5 -5 -3 -6 -6 -5 -5 -6  6 -5 -4 -6 -4  6 -7 -3 -5  2  7 -3    0   0   1   0   0   0   0   0  19   0   1   0   0  34   0   2   0   2  39   2  1.96 0.79
   57 P   -2 -5 -5 -2 -6 -3 -2 -4 -6 -6 -3  0 -6 -7  8 -1 -2 -7 -6 -4    3   0   0   2   0   1   2   1   0   0   3   5   0   0  75   4   3   0   0   1  2.10 0.85
   58 R   -1  3  1  2 -4  0  1 -2 -1 -1  1  1 -1 -3 -2 -2 -2 -4 -2  0    5  18   8  15   0   3   8   2   1   2  18   7   1   0   2   2   1   0   1   6  0.22 0.21
   59 Q   -5 -3 -1 -2 -7  7  4 -6  4 -3 -6 -3 -5 -6 -2 -4 -5 -6 -1 -2    0   0   2   2   0  55  22   0  11   2   0   0   0   0   2   0   0   0   2   3  1.57 0.78
   60 F   -3 -6 -7 -8 -2 -6 -7 -7  0 -5 -1 -6 -5  3 -7 -6 -6  2  9 -5    2   0   0   0   1   0   0   0   1   0   5   0   0   9   0   0   0   2  80   0  2.70 1.05
   61 D    0  0  3  4 -5  3  3 -4  0 -5 -4  0 -4 -5 -4 -1 -2 -5 -1 -5    9   4  13  23   0  14  23   0   2   0   1   6   0   0   0   2   1   0   2   0  0.70 0.44
   62 S   -1 -3 -1 -1 -4 -1 -2 -1 -4 -5 -3 -4  1 -5 -4  5  4 -6 -4 -4    3   1   2   2   0   3   2   4   0   0   2   0   4   0   0  53  22   0   1   0  0.99 0.63
   63 W   -3 -6 -6 -7 -6 -3 -6 -6 -1 -5 -4 -6  0  4 -7 -1 -6 10  7 -6    2   0   0   0   0   1   0   0   1   0   1   0   2  13   0   5   0  40  32   0  2.37 0.93
   64 K    0  1  0 -3 -3  3 -1 -3  0 -2  2  3  3 -1 -4 -2 -2 -4 -2 -2    9   6   6   0   0  13   3   0   2   1  19  25   9   2   0   1   2   0   1   2  0.36 0.33
   65 K    1  2 -2 -1 -4  2  1 -2 -2 -3 -2  4  3 -4 -3  0 -1 -5 -3 -3   15  13   0   4   0   8   8   3   1   1   2  29   9   0   0   4   3   0   0   0  0.47 0.36
   66 T   -1 -3  3 -4 -5 -2 -4 -3 -4 -4 -5 -3  0 -2 -5  0  6  0 -5  0    3   1  17   0   0   2   0   2   0   0   0   1   3   2   0   5  57   1   0   6  1.17 0.69
   67 K    2  1  1  0 -3  0  2 -1 -1 -2 -2  1 -2 -2 -1  2 -1 -2 -2  0   20   6   7   3   0   2  15   3   1   1   3   9   1   1   2  16   1   1   1   6  0.21 0.23
   68 E   -3 -2 -1  5 -7 -1  5 -5  2 -6 -5  1 -5 -6 -2 -2 -2 -6 -3 -6    1   1   3  29   0   2  42   0   4   0   1  10   0   0   2   3   1   0   1   0  1.13 0.62
   69 Y    0 -1  0  0 -3  1  0  1  1 -2 -2  0  3 -1 -1  2  1 -4  0 -1    6   1   4   4   0   8   5   9   4   2   1   5  10   2   3  17  12   0   3   4  0.17 0.21
   70 D    0 -1  0  3 -4  0  1  0 -3 -3 -4  1 -3 -4 -1  2  3 -5 -3 -2    8   3   4  16   0   3   8   7   0   1   0   7   0   0   3  13  23   0   1   3  0.36 0.30
   71 S   -1  0 -1  0 -3  1  2 -1  2 -1 -2  1 -1  0  3 -1  0 -2 -1 -1    4   4   2   6   0   7  14   5   5   4   3   8   2   4  15   3   6   0   2   5  0.18 0.16
   72 F    0  1 -1 -1 -3  0  0 -1 -2  1 -1  0  2  0  3  0  1 -4 -2 -1    6  10   3   4   0   3   5   3   1   9   6   5   6   4  15   7  10   0   0   3  0.16 0.16
   73 T   -2  2 -2 -1 -4  0  1 -1  0 -1 -2  1  0 -3  3 -1  2 -3  2  0    2  11   0   3   0   3  12   4   2   4   4   7   2   0  14   3  13   0   8   6  0.21 0.22
   74 D   -2 -2  0  6 -5  0  1 -1 -3 -3 -5 -1 -5 -5 -3  3 -1 -5 -2 -5    3   1   3  42   0   5  10   3   0   2   0   3   0   0   1  23   3   0   2   0  0.87 0.51
   75 M    2  0 -2 -1 -4 -1  0 -2  2  0 -1  3  1 -1 -2 -2 -2 -3  2  0   17   4   1   3   0   2   4   3   5   7   3  26   5   2   1   0   0   0   8   8  0.24 0.26
   76 L   -2 -3 -1 -1 -4 -2 -4 -4 -4  2  4  0  0  1 -1 -3  0 -4  0  0    2   0   3   4   0   1   0   1   0  10  48   7   1   5   3   1   5   0   3   6  0.48 0.34
   77 A    2 -3 -2  1 -4 -1  4  1  0  0 -4  0 -1 -5 -3  0 -1 -5 -3 -3   22   1   1   9   0   1  32  11   2   6   0   4   2   0   1   5   2   0   1   1  0.49 0.39
   78 K    0  3  0 -1 -4  1  3 -2  0 -2 -2  1  1 -4 -1 -1  0 -4 -3 -1    6  16   4   2   0   6  27   2   2   2   4   9   5   0   3   3   4   0   0   6  0.30 0.25
   79 D   -2  0  0  4 -1  2  0 -3  1 -2 -3 -1 -1  1 -3  0 -3  2  4 -1    1   6   4  25   1  13   4   0   2   1   0   2   1   5   0   6   0   2  19   4  0.46 0.34
   80 P   -2 -5 -4 -2 -5 -4 -4 -3 -5 -1 -5 -4 -5 -5  8 -2 -2 -6 -5 -2    3   0   0   3   0   0   0   2   0   3   1   0   0   0  77   2   3   0   0   3  2.10 0.81
   81 A    1  2  2 -1 -3  1  2 -3 -2 -1 -2  0  0  1 -3 -1 -2  1  2 -1   15  12  13   2   0   5  16   0   0   3   3   3   3   6   0   3   0   2   8   4  0.19 0.21
   82 L    0 -2 -1 -3 -2  0 -1 -1  0  2  2 -2  2  1 -3 -1  0  3  0  0    7   0   4   0   0   5   4   4   3  13  26   0   8   4   0   4   4   5   4   4  0.17 0.19
   83 V   -1  0  0  2 -2  0  0 -1 -2  1 -1  1 -1  0  0 -1  0 -3  0  1    4   6   4  13   0   4   4   4   0   9   5  11   0   4   4   1   6   0   4  17  0.07 0.12
   84 I   -1  1  0 -2 -2  0  0 -3  0  2  0  1  1 -2 -1  0  2 -3 -2  1    3   7   4   0   0   2   7   1   2  16   7   9   5   0   2   6  18   0   0  10  0.11 0.12
   85 A   -1 -3  1 -3 -2 -2 -2 -3 -3  1  4 -3  3  1 -3 -2 -1 -3  0  0    6   0   8   0   0   0   3   1   0   6  45   0  11   5   0   1   3   0   3   6  0.39 0.23
   86 W   -3  0 -4 -4 -3 -3 -4  0 -3  0  0 -3  3  3 -4 -3 -3  9  3 -2    1   6   0   0   0   0   1   7   0   6   8   1  11  15   0   1   1  31  11   1  1.01 0.35
   87 S    2  1  1  0 -2  0  0  1  1 -2 -1  1  1 -3 -2  0  0 -3 -2 -2   24   6   8   6   0   4   4  12   4   0   6  10   5   0   0   5   4   0   0   0  0.15 0.12
   88 G    0 -4 -2 -1 -5 -4 -4  7 -4 -5 -5 -4 -1 -5  1 -3 -4 -5 -5 -5    6   0   1   4   0   0   0  78   0   0   0   0   2   0   6   0   0   0   0   0  1.53 0.50
   89 Y   -1 -4 -3 -5 -4 -3 -4 -5  3 -3 -3 -4 -1  0 -5  1 -2  4  8 -4    5   0   1   0   0   0   0   0   8   1   2   0   2   2   0  10   1   6  61   0  1.51 0.54
   90 A    3 -3 -3 -2 -2 -3 -3  4 -4 -4 -3 -2 -3 -4  4  0 -1 -4 -4 -2   32   0   0   2   1   0   0  30   0   0   1   2   0   0  19   4   4   0   0   2  0.72 0.34
   91 F   -3 -5 -5 -6 -5 -5 -5 -3  0  0 -1 -5  1  8 -6 -5 -4 -2  3 -3    2   0   0   0   0   0   0   2   2   4   4   0   4  73   0   0   0   0   6   0  1.75 0.58
   92 S    3  0 -2 -3 -3 -2 -2  2 -3 -4 -4 -2  0 -4 -3  3  0 -4 -1 -2   33   4   0   0   0   0   1  17   0   0   0   1   2   0   0  30   6   0   2   1  0.57 0.33
   93 K    0  1  0 -2 -3 -1  0 -3 -2  1  0  3 -1 -1 -1 -1 -1  3  1  1    6   7   6   0   0   1   5   0   0   8   6  28   1   2   2   4   2   4   5  13  0.19 0.17
   94 D   -3 -3 -1  5 -5  1  4 -2  1 -5 -5 -1 -4 -1 -4  0 -3 -5 -2 -5    1   0   1  41   0   6  32   3   3   0   0   3   0   4   0   6   0   0   1   0  0.97 0.42
   95 Y   -3 -5 -5 -6 -5 -4 -5 -6  4 -3 -2 -5 -4  4 -6 -1 -4  4  8 -4    2   0   0   0   0   0   0   0   9   1   4   0   0  13   0   5   0   6  60   0  1.78 0.64
   96 N   -1  3  5  1 -5 -2 -1 -3 -1 -5 -4  1 -2 -5 -4  1  0 -5 -1 -4    4  20  38   7   0   0   3   1   1   0   1   7   1   0   0   9   5   0   3   0  0.73 0.39
   97 S   -1  1 -2  0 -3  1  6 -4  1 -5 -2  2 -4 -5 -3 -1  0 -5 -4 -3    5   6   1   3   1   3  53   0   3   0   3  10   0   0   0   4   6   0   0   1  0.82 0.42
   98 P    1 -2  0  1 -4  1  1 -3 -2 -2 -4 -1 -4 -5  6 -2 -2 -5 -4 -4   14   2   5   8   0   6  10   1   1   3   1   3   0   0  42   2   1   0   0   0  0.88 0.39
   99 R   -2  7 -2 -1 -5 -1 -2  0 -3 -5 -5  0 -4 -5 -4 -2  0 -5 -4 -5    2  69   1   3   0   1   2   8   0   0   0   4   0   0   0   2   6   0   0   0  1.39 0.56
  100 G   -1 -4 -3 -1 -5 -4 -4  7 -4 -5 -4 -4 -5 -5 -4  0 -2 -5 -5 -5    3   0   0   3   0   0   0  79   0   0   2   0   0   0   0   7   2   0   0   0  1.62 0.57
  101 H   -4 -3  1 -4 -5  0 -3 -5 10 -5 -5 -1 -4 -4 -5 -2 -4 -5 -2 -2    1   0   7   0   0   5   1   1  74   0   1   3   0   0   0   3   0   0   0   3  2.39 0.78
  102 Y    2  0 -2 -3 -3 -1 -2 -3  0 -1  1 -2  1  2 -1 -1  1 -2  2  1   20   7   1   0   0   2   2   1   2   2  12   1   5  12   2   1   9   0   9  10  0.18 0.19
  103 Y   -5 -4 -1 -5 -5  1 -4 -5  4 -4 -4 -2 -2  3 -5 -4 -3  6  8 -4    0   0   3   0   0   6   0   0  11   0   0   3   1  12   0   0   1  11  51   0  1.68 0.66
  104 A    4 -3 -2 -4  0 -3 -2 -3 -4  0 -1 -3  5  1 -3  1  0 -4 -3 -1   39   1   1   0   2   0   3   0   0   6   3   0  20   6   0   9   7   0   0   2  0.61 0.39
  105 L   -2 -4 -3 -4 -3  0 -4 -3 -3  2  4 -3  2 -2 -2 -2 -1 -3  2  2    3   0   1   0   0   6   0   2   0  12  39   0   6   0   2   2   2   0   7  16  0.48 0.30
  106 Q   -1 -1  0  1 -3  1  3 -2 -1  0 -2  0 -2 -3  1  0  1 -1  1  0    2   2   4   9   0   6  20   1   1   8   2   4   0   0   7   7  11   1   5   8  0.19 0.18
  107 D   -4 -4 -2  8 -6 -3 -2 -4 -4 -3 -6  0 -5 -6 -1 -1 -1 -6 -6 -5    0   0   0  78   0   0   0   0   0   2   0   6   0   0   3   4   4   0   0   0  1.88 0.73
  108 N   -1 -3 -2 -3 -4  5 -2 -2  0  1  0 -2  2 -1 -4 -3 -1 -4 -3  3    3   0   2   0   0  36   0   3   2   8   9   0   5   3   0   1   3   0   0  22  0.62 0.40
  109 V   -2  2 -2 -2 -3 -1 -1 -2  1  1  1  0  2  3 -3 -2  1 -2 -1  0    3  16   1   1   0   2   3   2   4   7  12   6   6  18   0   1   9   0   1   6  0.21 0.18
  110 N   -2 -1  4  1 -4  0  2 -2  3  0 -2  0 -1  1 -3 -1 -1 -3  0 -1    3   2  23   8   0   2  17   2   8   5   3   6   1   7   0   2   3   0   3   4  0.33 0.24
  111 S   -1  1  0 -3 -3 -2 -1 -2 -3  2 -3  1 -2 -3 -3  1  4 -4 -3  2    3   8   4   0   0   0   3   3   0  12   1   8   0   0   0   8  35   0   0  13  0.45 0.32
  112 L    0 -1 -2  2 -3  0  0 -1  2 -1  2  2  1 -1  1 -1  0 -3 -2 -1    7   2   0  14   0   4   4   5   6   2  21  14   4   2   6   2   5   0   0   2  0.14 0.16
  113 R   -2  7 -1 -4 -5  1  0 -4  1 -5 -5  1 -4 -5 -4  0 -1 -5 -4 -5    3  60   3   0   0   5   6   1   3   0   1   7   0   0   0   6   3   0   0   0  1.25 0.55
  114 T    0 -2  0 -2 -3  1  0  1 -3  1 -1 -2  0 -3  0  1  3 -3 -3  1    7   0   5   0   0   7   8  10   0   9   6   0   2   0   5   8  21   0   0  10  0.18 0.18
  115 G   -1 -3  2  0 -3  0  1  3 -2 -1 -2 -1  1  0  0  0  1 -3  0 -1    5   0  10   4   0   4   9  23   0   4   4   4   4   4   4   4  11   0   3   4  0.19 0.21
  116 A    0  0  0  0  2  0  0  0  1  0 -1  0 -2  0  0  0  0  3 -1  0    6   6   5   6   5   5   6   6   5   6   6   6   0   5   6   6   6   5   0   6  0.06 0.09
  117 P   -1  0  0 -1  1 -2  0 -2  1 -1 -2  1 -3  0  4  0 -1  3  2 -1    4   5   4   4   3   0   6   3   3   3   4   8   0   4  24   6   4   4   6   4  0.32 0.28
  118 V   -1  0  0 -1 -2  0  1  0 -2  0 -1  0  0  1  1  0  0  3  0  0    4   5   5   3   0   4   9   8   0   5   3   5   3   6   8   8   7   4   4   7  0.07 0.09
  119 D   -1  0  2  2 -3  0  0 -1  0  0 -1  0  0  1 -2 -1  1 -2  1 -1    5   3  12  14   0   5   6   4   2   5   6   5   2   6   1   3   8   0   6   5  0.10 0.13
  120 A    1 -1  1  0  0  1  0  1 -2 -1 -2  0 -2 -1  2  0 -1 -2 -1 -1   16   2   6   3   2   7   7  12   1   4   4   4   1   3  12   7   3   0   2   4  0.14 0.10
  121 K    1 -1  1 -1 -2  2  1  1  2 -2 -1  2 -2 -2 -1  0  0 -2 -1 -2   11   1   6   3   0  11   7  11   6   2   5  19   1   1   2   6   4   0   1   2  0.18 0.13
  122 T   -1  1  0  3 -3  0  1 -1  2 -2 -3  1 -2 -1 -2  1  1 -3 -1 -1    3   8   4  20   0   4   7   5   6   1   2  12   0   3   1   9   8   0   2   5  0.22 0.14
  123 G    0 -2  1  1 -3  0 -1  4 -2 -2 -2 -1 -2 -1 -2  0  0  0 -1 -1    5   2   7  10   0   4   3  37   0   2   4   3   0   3   2   5   5   1   2   4  0.35 0.18
  124 P   -1 -2 -1  0 -3  0  0  2  0 -1 -2  2  2 -2  4 -2 -1  3 -1 -2    3   1   2   4   0   5   5  15   2   5   3  13   7   2  20   1   3   4   1   3  0.31 0.18
  125 L    0 -1  0 -1 -4  5 -1 -3  1 -2  1  0  3 -2 -2 -2 -2  4 -2 -2    6   2   5   2   0  31   2   2   3   1  18   6   7   1   2   2   1   5   1   2  0.44 0.29
  126 P   -1 -3 -1 -2  1  0 -1  1 -3 -2 -3 -1 -3 -3  6 -1 -2 -4 -1  0    4   1   3   2   3   5   3  10   0   2   3   4   0   1  44   4   1   0   2   7  0.82 0.34
  127 T    2 -3 -2 -1 -3 -3 -1  4 -3 -2 -2 -3  4 -4 -2  0  1 -4 -2 -2   22   0   1   3   0   0   4  30   0   2   2   0  15   0   2   8   9   0   1   2  0.51 0.31
  128 A    4 -3  0 -3 -3 -2 -2 -2 -2 -4 -3 -2 -3 -5 -4  2  4 -5 -3 -1   37   1   4   1   0   1   1   2   1   0   1   1   0   0   0  18  25   0   1   5  0.70 0.40
  129 C   -5 -6 -6 -6 11 -6 -6 -6 -6 -5 -5 -6 -5 -6 -6 -5 -5 -6 -6 -5    1   0   0   0  93   0   0   1   0   0   1   0   0   0   0   0   0   0   0   0  4.01 1.08
  130 W    0 -3 -3 -5 -4 -4 -3 -2  1  2  3 -4  3 -1 -4 -2 -3  8  0  0    7   1   1   0   0   0   1   4   4  11  25   0   7   2   0   4   0  24   2   4  0.82 0.36
  131 T    0 -1  3 -1 -2  1  0 -1  2 -3 -3  0 -3 -1 -3  1  3  1 -2 -2    8   3  15   3   1   6   4   4   6   1   1   4   0   3   1  13  22   2   1   2  0.31 0.22
  132 C   -5 -6 -6 -6 11 -6 -6 -6 -6 -5 -5 -2 -5 -6 -6 -5 -5 -6 -6 -5    1   0   0   0  90   0   0   1   0   0   1   4   0   0   0   1   0   0   0   0  3.85 1.10
  133 K   -5 -3 -4 -4 -6 -3 -3 -5  9 -6 -6  6 -5 -5 -5 -4 -5 -6 -3 -6    1   0   0   0   0   0   0   1  45   0   1  48   0   0   0   1   0   0   0   0  2.27 0.80
  134 S    2 -4  0 -1 -4 -4 -2  0 -4 -5 -5 -4 -4 -5 -4  4  4 -6 -5 -2   14   0   3   2   0   0   2   7   0   0   0   0   0   0   0  36  31   0   0   3  0.91 0.58
  135 P    0 -4  0 -2 -1 -1 -4  0 -4 -3 -4 -4 -4 -5  5  3  2 -6 -5 -3    6   0   4   2   1   3   0   8   0   1   1   0   0   0  31  25  15   0   0   2  0.84 0.55
  136 D   -2 -2  1  4 -5  1  0 -1  1 -2 -3  0 -4 -2 -4 -2  0  3  4 -2    3   1   6  30   0   6   6   6   3   3   2   5   0   1   0   1   5   4  15   3  0.51 0.37
  137 V    0 -4 -1 -4 -3 -2 -4 -3  2  1  0 -4  3  1 -4 -2  0 -3  2  4   10   0   4   0   0   2   0   2   6   6   8   0   9   6   0   2   5   0   8  32  0.43 0.35
  138 P    0  0 -1 -2 -4 -1 -1 -1  1  0 -2  0  2 -4  6 -2 -1 -4  0 -1    8   5   2   2   0   3   4   4   3   6   2   5   5   0  36   3   3   0   4   5  0.59 0.39
  139 R    0  3 -1  0 -3  0  0 -1  0  0  0  1  0 -1 -2 -1 -2  3  0 -2    9  20   2   6   0   4   5   6   2   5  11  10   2   2   2   2   2   4   4   2  0.16 0.18
  140 L    0 -1 -2 -1 -3 -1 -1 -1 -3  1  2  0  3 -1 -3 -2 -1  3  0  1    7   2   2   4   0   3   4   6   0   6  28   6   9   2   0   2   3   4   3   9  0.16 0.19
  141 I   -2  0 -3 -4  0  0 -1 -2  0  2  0  1  4  0 -1 -2 -1  5  3  0    3   4   0   0   2   3   3   3   2  15   5   9  15   3   3   3   3   8  10   5  0.32 0.29
  142 E    0  0  1  1 -4  1  2 -1  0 -2 -1  2  0  1 -3 -1  0 -3  0 -1    7   4   8   9   0   7  13   3   2   2   5  17   2   6   0   3   5   0   3   3  0.16 0.18
  143 E   -1 -1  0  2 -4  2  4 -1 -2 -4 -3  2 -3  0 -1 -1 -1 -4  1 -1    5   3   4   9   0   8  30   5   0   0   3  12   0   4   3   3   3   0   5   4  0.36 0.32
  144 D    0  1 -1  0 -2  1  0 -1  1  0  0  0  1  0 -1  0  0  1  0  0    5   7   2   6   0   6   5   5   4   4  10   7   7   3   3   6   6   2   3   7  0.03 0.06
  145 G    0 -1  0  0 -4  1 -2  5  0 -1 -2  0  0 -4 -1 -1 -1 -4  0 -2    6   4   5   4   0   7   2  40   2   3   3   5   3   0   3   3   3   0   4   3  0.45 0.35
  146 E   -1 -1  0  0 -4  0  2  2  2 -1 -2  0  0 -2 -1  0  0  2 -3 -1    5   2   4   5   0   4  13  19   6   3   4   7   3   2   3   6   5   3   0   5  0.15 0.18
  147 L    1 -2  0  3 -4 -1  0  2 -3 -2 -1  0 -1 -2 -1  0 -1  3 -2 -1   15   2   3  19   0   3   6  16   0   2   5   7   2   1   2   5   4   4   1   3  0.23 0.23
  148 E    1 -1  2  4 -5 -1  2  2 -3 -5 -5  0 -4  0 -2 -1 -1 -5  0 -3   11   4   9  25   0   2  13  14   0   0   0   6   0   4   2   3   3   0   3   2  0.45 0.35
  149 Y   -2 -2 -5 -5 -5 -2 -3 -3  0 -1 -1 -2  1  5 -2 -2 -1  4  6  0    4   2   0   0   0   2   2   2   2   4   5   2   4  22   2   2   4   5  29   6  0.84 0.51
  150 F   -1 -2  3 -1 -2 -2 -3 -1 -1 -2 -3 -1 -1  4  0 -1  0  3  5 -2    4   2  13   3   1   1   1   4   1   2   2   4   1  17   4   4   5   5  22   3  0.52 0.39
  151 T    2  1  1  0 -4 -1  0 -1  0 -3 -3  3 -2 -1 -2  1  1  1 -3 -3   21   6   6   6   0   2   4   4   3   1   1  17   1   3   1  12   9   2   0   1  0.28 0.28
  152 G    1 -2  1  0 -4 -1 -1  3  0 -3 -1  1  3  0 -1 -1  0 -4 -3 -1   12   1   6   6   0   2   3  20   2   0   4  10  10   4   3   4   5   0   0   3  0.22 0.24
  153 K   -2  1  1  1 -5 -1 -1 -2  0 -3 -3  3 -1 -1  3  0  0 -5 -2 -2    3   6   7   8   0   2   3   3   2   2   2  23   2   3  17   6   6   0   1   3  0.38 0.32
  154 W   -3 -5  1 -3 -6 -1 -3 -4  0 -2 -1 -3  0  4 -6 -2 -3  9  4 -2    2   0   6   2   0   2   2   2   2   2   5   2   2  17   0   4   2  32  13   3  1.35 0.70
  155 A    2 -1  0  1 -3  0  0  0  1 -2 -2  0  0 -1  0  2  1  1 -1 -2   17   2   5   8   0   4   7   6   3   2   4   5   2   2   4  16   7   2   2   3  0.13 0.16
  156 K   -1  1  0  3 -5  1  3 -2  2 -5 -5  1 -4  0 -1 -1  0 -5 -4 -2    6   9   4  16   0   5  23   3   4   0   0  10   0   4   3   4   5   0   0   4  0.42 0.33
  157 Y    0 -1 -2 -2 -3 -1 -1  0  0  1  1  0  1  1 -1 -1 -1  4  2  1    9   4   2   2   0   2   3   8   3   7  13   5   4   5   2   2   4   7   7  10  0.11 0.12
  158 G   -1  0  0 -1 -4 -1 -2  4  1 -1 -1  0  0 -1 -2 -1 -1  2 -1  0    5   7   4   3   0   3   2  31   4   4   6   6   2   2   2   5   3   3   2   6  0.27 0.23
  159 S    1  0  1  2 -4  0  1  0  2 -4 -4  1 -2 -1  1  1  0 -4 -1 -2   12   4   7  12   0   4   8   6   5   0   1  10   1   3   6   9   6   0   2   3  0.20 0.19
  160 Q   -1 -1  0  1 -5  2  4 -2  1 -2 -2  1  3 -3  0 -2 -1  0 -2 -2    4   3   4   7   0   9  28   2   3   3   4  10   8   1   4   2   3   1   1   3  0.37 0.32
  161 I   -1 -4 -2 -2 -4 -2 -4 -1 -1  4  0 -3  3  2 -2 -2 -1  0 -1  3    5   0   2   2   0   2   0   4   2  28   6   1   8   9   2   3   3   2   2  19  0.43 0.31
  162 V    0  0  1 -1 -4  0  0 -3  4 -1 -3  1  2 -4  1 -1  1 -4 -1  2    6   4   6   4   0   3   7   1  10   3   1   9   5   0   6   4  10   0   2  18  0.23 0.25
  163 N   -2 -2  4  1 -4  1  0 -1  3 -1 -1  0  1 -1 -1  0  0 -3  0 -3    0   0  28   6   0   8   5   5   7   4   5   6   5   3   3   5   5   0   4   0  0.32 0.29
  164 V    0 -1  0 -1 -3  0 -1  2 -2 -1 -1 -2 -2  0  3  1  0  3  0 -1    4   3   4   3   0   3   4  17   0   3   5   0   0   3  16  13   7   4   4   5  0.21 0.19
  165 I   -3 -4 -1 -3 -3 -3 -4 -3 -5  5  0 -4  0 -1 -4 -2 -2  2 -3  4    0   0   4   1   0   1   0   2   0  45   5   0   2   2   0   2   1   3   0  31  0.84 0.38
  166 G    1 -2  0  0 -4 -3 -1  5 -3 -4 -4 -2 -4 -4 -1  1  1  0 -1 -4   12   1   4   4   0   0   4  44   0   0   0   2   0   0   3  12  10   1   3   0  0.62 0.30
  167 C   -4 -7 -6 -7 11 -6 -7 -6 -6 -5 -5 -7 -5  2 -6 -5 -5 -6 -5 -5    0   0   0   0  89   0   0   0   0   0   0   0   0   8   0   0   0   0   0   0  3.61 0.98
  168 A    3 -2 -1 -2 -3  1  1 -1 -2  0 -2  0 -1 -2 -1  1  0 -3  1  0   30   0   3   0   0   7   8   3   0   8   1   5   1   1   3  14   5   0   5   5  0.22 0.20
  169 N    0 -2  2  6 -4 -2 -1 -3  0 -4 -4 -2 -1 -2 -2  0  0 -4  1 -3   10   2   7  50   0   1   2   1   2   0   1   1   2   1   1   5   6   0   5   2  0.80 0.37
  170 C   -4 -2 -5 -6 11 -5 -6 -5 -6 -5 -5 -5 -5 -5 -5 -4 -4 -5 -5 -4    1   3   0   0  90   0   0   1   0   0   1   0   0   0   0   1   0   0   0   0  3.56 0.93
  171 H   -6  0 -4 -5 -7 -4 -4 -6 11 -8 -7 -5 -6 -6 -7 -5 -6 -7 -3 -8    0   4   0   0   0   0   0   0  96   0   0   0   0   0   0   0   0   0   0   0  3.70 1.08
  172 D   -1 -2  2  6 -5 -1  2  1 -2 -4 -4 -2 -2 -5 -4  0 -1 -5 -4 -3    5   1   8  47   0   1  11   9   1   0   2   1   1   0   0   7   2   0   0   2  0.80 0.37
  173 D    0 -3  1  0 -4  0 -1 -2 -3 -2 -2 -1 -3 -4  6  0  2 -5 -4 -1    7   0   7   5   0   3   4   3   0   3   5   3   0   0  37   7  12   0   0   4  0.66 0.31
  174 K    1  1  0  0 -3  1  0  2  3 -3 -3  1 -1 -2 -1  0  0 -4 -1 -2   11   7   2   6   0   7   7  18   9   1   1  11   1   2   2   4   6   0   2   2  0.20 0.18
  175 T    0  0  1  1 -3 -1 -1  0 -1 -3 -3 -1 -1 -2  1  3  4 -4 -4 -2    5   4   6   7   0   1   2   7   1   0   2   3   2   1   6  21  27   0   0   2  0.37 0.33
  176 A    1 -3 -1 -1 -3  0  0 -1 -3 -2 -1  1  6  0  1 -1  0  1 -3 -1   10   0   3   3   0   3   7   6   0   1   4   9  28   4   7   4   5   2   0   3  0.34 0.33
  177 E    0  1  2  1 -3  1  2  0  3 -3 -3  1 -2  0 -2  1  0 -3 -2 -3   10   6  10   6   0   7  17   5  10   0   1   9   0   6   0  10   4   0   0   0  0.25 0.20
  178 L   -1 -1 -1 -1 -3 -2 -3 -2 -3  1  3 -1  1  1  0 -2 -1 -3  0  0    3   3   3   3   0   0   0   3   0   9  43   4   3   7   5   0   4   0   3   5  0.26 0.22
  179 K    1  3  1 -1  0  1  0  0  3 -1 -2  1 -2 -3 -2 -1  1 -3 -2 -1   12  24   7   3   2   4   6   5   8   3   3   9   0   0   0   3   8   0   0   3  0.22 0.19
  180 V   -1 -3 -2 -4 -3 -2 -3 -2 -4  4  2 -1  1 -1 -2 -1  0 -4 -1  3    5   0   2   0   0   2   0   3   0  23  17   4   3   2   2   5   4   0   2  25  0.38 0.28
  181 R    1 -1 -1  0  0 -1 -1  0 -1 -2 -2  0 -1 -3  0  2  3 -4  0  0   11   3   2   5   2   2   3   6   1   1   4   5   1   0   5  19  19   0   4   6  0.19 0.22
  182 V   -1  5  0 -2  1  1 -1 -2 -1  0 -2  1 -3 -3 -4  1 -1 -4 -3 -1    4  38   4   1   3   7   2   3   2   7   2   6   0   1   0   9   3   0   0   5  0.52 0.36
  183 P   -1  1 -2  1 -4  0  0 -1 -4 -2 -4 -2 -4  0  6 -1 -2 -1 -4 -1    6   7   2   7   0   3   6   4   0   2   1   2   0   4  43   5   2   1   0   4  0.81 0.45
  184 H    2 -3 -2 -1 -3  1 -1  0  3 -3 -2  0 -3  1  1  1  0 -3  3 -3   24   0   0   3   0   7   4   7   8   0   3   4   0   6   8   9   5   0  11   1  0.29 0.27
  185 L    1 -1 -2 -2  1 -1 -2 -2 -4  0  3 -1  0  3 -2 -2 -2 -1 -2  0   11   3   1   2   3   2   2   3   0   2  37   4   1  14   2   2   1   1   0   7  0.32 0.27
  186 N    0  0  0 -1 -3  1  1  0  0  1 -1  1 -1 -1 -1 -1  0  0  1  0    7   4   6   2   0   5   8   6   3  14   5  11   1   2   2   3   5   2   6   8  0.04 0.09
  187 R   -1  3  1  3 -1  0  3 -3 -1 -3 -3  2 -3 -2 -2 -1 -1  0 -1 -2    5  16   8  15   2   2  19   1   1   1   1  11   0   2   2   3   4   1   2   3  0.36 0.27
  188 G    4 -3 -2 -1 -3 -1 -2  1  0 -2 -2 -3 -1  0 -1 -1  1  5  1 -3   42   1   2   3   0   2   2   9   2   2   4   1   1   3   3   2   7   9   5   1  0.52 0.37
  189 L   -1 -2 -2 -2 -3 -1 -3 -4  0  2  3 -1  4  2 -2 -2 -2  3  0  1    4   1   2   2   0   3   1   1   2  12  26   3  12   8   2   2   1   5   3  10  0.32 0.24
  190 Q    0  1  0  1  0  1  3 -1  1 -1 -3  2 -3 -2 -2 -1 -1 -4 -2  0   10   7   4   8   2   7  19   3   3   3   1  14   0   2   1   4   4   0   1   8  0.21 0.20
  191 A    2  3  1 -1 -1  0 -1 -2  1 -1 -2  1 -1 -3 -1  1  0 -4 -2 -1   17  19   7   3   2   2   2   2   4   3   3  10   1   1   3   8   6   0   1   5  0.21 0.21
  192 A    1  1 -1 -1 -3  2  0 -1  1  1  0 -1  2 -2  0  0  0 -3 -2  0   12   8   3   3   0  10   4   4   3  12  10   2   6   1   5   7   4   0   0   5  0.08 0.13
  193 G    1 -3  0 -1 -5 -4 -1  6  1 -5 -5 -1 -5 -5 -2 -2 -1  0 -5 -5   13   1   5   3   0   0   4  55   4   0   1   4   0   0   2   2   4   1   0   0  1.00 0.54
  194 L    0  0  0 -1  0 -1  0  0  0  0  0  0  0  0  0  0  0  0  1  1    5   4   5   4   2   1   4   6   3   9   8   9   2   4   3   7   6   1   8  10  0.01 0.03
  195 K   -1  1  0  1 -3  0  1 -1  0 -2 -2  4 -1 -2  0  0 -1 -3 -3 -1    5   8   4  10   0   2   7   5   2   3   4  29   1   2   3   6   2   0   1   5  0.25 0.20
  196 T   -1 -2  2  4 -4 -1  0 -2 -2 -2 -2  0 -3 -4  4  0  1 -4 -3 -2    3   2  10  23   0   3   6   2   1   2   4   6   0   0  20   5  10   0   0   3  0.48 0.30
  197 F   -2 -3 -1  0 -3 -3 -3 -2 -2  2  0 -2  0  5  1 -1 -1  3  2  0    2   1   3   7   0   1   1   2   0  12   8   2   2  26   7   3   5   5   7   7  0.35 0.23
  198 E    0  0  1  2 -3  0  2 -1 -1 -2 -2  0 -1 -3  1  0  1 -4 -3 -1   10   4   8  14   0   4  12   4   2   1   2   6   2   0   8   7   9   0   0   5  0.20 0.16
  199 E    0  0  0  2 -2  1  1 -2  1 -2 -2  4 -1 -3 -1  0  1 -4 -2 -2    8   3   5  12   1   5   7   1   3   2   4  28   1   0   2   4   9   0   1   3  0.28 0.23
  200 S    3 -2 -1 -2 -3  2 -2 -2 -3 -1  1 -1  1 -2  0  0 -2 -3  0 -1   31   1   3   2   0  10   2   2   0   4  17   2   4   1   5   8   1   0   4   4  0.25 0.25
  201 T    0 -3  0  1 -3 -1 -1 -1 -3 -3 -3 -1 -3 -1  1  3  4 -4 -3 -2    5   1   4   9   0   3   3   5   0   1   2   4   0   3   6  26  24   0   0   2  0.41 0.32
  202 H   -2  5  0  0 -4  1  0 -2  5 -3 -3  2 -3 -3  0 -2 -2 -4 -2 -2    4  32   4   5   0   5   4   3  14   1   1  13   0   1   5   1   2   0   1   2  0.61 0.35
  203 Q    0 -1  1  0 -3  4  1 -1  0 -2 -1  0 -1 -1  0  0  1 -3 -2 -1    7   2   8   5   0  25   6   3   2   1   8   6   2   4   4   5   9   0   1   4  0.23 0.21
  204 D   -1 -1  0  4 -4  0  3  0  2 -3 -1  0  0 -3  0 -1 -1 -4 -3 -2    4   2   2  27   0   4  21   6   5   0   9   4   3   0   3   4   2   0   0   3  0.34 0.21
  205 K   -2  0 -2 -2 -3  4 -1 -1 -1 -1  0  2  5 -1  0 -1 -1 -3 -1 -1    2   5   0   2   0  22   2   5   1   3   7  15  18   3   5   2   2   0   2   3  0.33 0.25
  206 R    0  5 -1 -3 -4  3  0  0 -2 -4 -4  1 -3 -4 -3 -1 -1 -4 -3 -2    8  43   2   0   0  14   6   6   0   0   1   8   0   0   0   4   3   0   0   2  0.70 0.34
  207 T    2 -2  1  1 -2 -2 -2  0 -2 -2 -2 -1 -1 -1 -2  3  2 -3 -3  0   21   0   5   9   0   0   1   7   0   2   2   2   2   2   1  23  13   0   0   9  0.26 0.21
  208 L    0 -2  1 -1 -2  1  0 -1 -2 -1  1  0  2  0  0  2 -1 -2  0 -1    7   0   6   2   0   9   5   3   0   2  20   4   7   3   3  19   2   0   5   2  0.10 0.12
  209 V   -1 -2  0 -3 -2 -2 -2 -2  5  1  0 -2  1 -2 -3 -1  1  2 -1  3    4   0   4   0   0   0   0   3  20   8   9   0   4   0   0   5  10   3   0  29  0.29 0.16
  210 C   -3 -6 -5 -6 11 -5 -6 -5 -6 -3  2 -6 -3 -4 -6 -4 -4 -5 -5 -3    0   0   0   0  82   0   0   0   0   0  18   0   0   0   0   0   0   0   0   0  2.65 0.56
  211 A    4 -2 -1 -2 -2 -2  0  2 -3 -1 -1 -1  1 -1 -3  0 -1 -3  0 -1   49   0   3   0   0   0   6  14   0   3   3   3   4   3   0   4   3   0   3   3  0.34 0.19
  212 Q    0 -1  2 -1 -4  6  0  2 -1 -5 -4 -1 -3 -5 -2  0 -1 -4 -1 -4    7   2  12   1   0  45   3  15   1   0   1   0   0   0   2   6   3   0   2   0  0.72 0.34
  213 C   -4 -7 -6 -7 11 -6 -7 -6 -6 -4 -4 -6 -4 -1 -6 -4 -4 -6 -5  2    0   0   0   0  84   0   0   0   0   0   0   0   0   3   0   0   0   0   0  12  3.06 0.73
  214 H   -5 -3 -3 -4 -6 -3  2 -5 10 -6 -3 -4 -5 -4 -5 -4 -5 -5  0 -6    0   0   0   0   0   0  12   0  83   0   3   0   0   0   0   0   0   0   3   0  2.68 0.71
  215 V   -1 -3  2 -2 -1 -2 -2 -2 -3  0 -1 -1  1 -2 -3  0  1 -4 -1  4    4   0  12   1   1   0   2   2   0   1   4   4   3   0   0   9   9   0   2  45  0.35 0.22
  216 E   -1  0  0  1 -3  0  4 -1 -2 -3 -2  0 -3 -4 -2  0  3 -4 -3 -3    2   6   3   7   0   2  34   4   0   1   3   4   0   0   1   7  25   0   0   1  0.47 0.23
  217 Y   -2  0 -3 -2 -3 -1 -2 -2  0 -1  1 -3 -1  0 -3  0 -2 -1  7 -2    3   4   1   2   0   2   2   3   2   3  15   1   1   1   1   7   2   0  49   2  0.76 0.29
  218 Y   -1  2  0 -2 -3 -1 -1 -3  1  0 -2 -1  0  1 -3  0 -1 -1  5  0    4  13   6   2   0   2   2   1   4   6   2   1   2   5   1   8   4   0  31   6  0.35 0.18
  219 F   -2 -1 -2 -2  1 -1 -1 -2 -3  0 -1 -2  1  6 -3 -2 -1  0  1  1    1   4   2   2   4   2   4   3   0   4   3   2   4  41   1   2   3   1   3  14  0.54 0.25
  220 K    1  0  0 -1  0  1  0 -1 -2 -2 -2  1 -1 -2  2  0  0  5  0 -1   11   4   5   3   2   6   5   4   0   1   3  11   1   1  11   7   8  11   2   3  0.23 0.13
  221 K    0  0 -1  0 -4 -2 -1  3 -1 -3 -3  3 -3 -4  4 -1 -1 -4 -4 -3    8   6   2   5   0   1   3  21   1   2   2  22   0   1  19   3   3   0   0   1  0.51 0.31
  222 T   -2  0  1  3 -3  0  2  0  0 -3 -3  1 -3 -2  0  0  2 -3 -1 -3    2   4   7  21   0   3  11   8   2   1   2   7   0   1   5   5  15   0   2   2  0.31 0.22
  223 E    0 -1  1  1 -2  1  2  1  0 -2 -2  1 -1 -1  1 -1  0 -2  0 -1    7   2   6  10   0   5  13  12   2   2   4   8   1   3   8   3   5   0   4   4  0.12 0.10
  224 W    0 -1 -1  0 -2  0  1  0  0 -1 -1  0  0  1  1  0  1  3  1 -1    6   3   2   5   1   2  11   6   3   4   3   6   2   8   7   8   9   5   4   4  0.09 0.07
  225 K    0  1  0 -1 -2  0  0  1 -1 -2 -1  2  0 -1  1  1  1  0 -1 -1    7   7   4   2   1   4   6  10   1   2   7  15   2   2   6   9   8   2   2   4  0.09 0.07
  226 D   -1  1  0  2 -2  1  0  1 -1 -1 -1  0 -1 -2  1  0  0 -2 -2  0    5   9   3  14   1   6   7  11   1   2   7   5   2   1   7   5   5   0   1   9  0.10 0.07
  227 A    1  0  0  0 -2  0  1  0 -1 -1 -1  1 -1  0  1  1  0  0  0 -1   16   4   3   4   1   2   8   8   2   2   7   8   1   4   6   9   6   1   3   4  0.06 0.05
  228 K    0  1  0  1 -2  0  0  0  0 -1 -1  1 -1 -1  0  1  0 -2 -1  0    9   8   4   7   1   3   6   7   2   3   5  12   1   2   4  10   6   0   2   8  0.06 0.04
  229 G    0  0  0 -1 -1  0  0  1  1  0 -1  0  0  0  1  0  0 -1  0  0   10   4   3   3   1   4   5  14   4   6   7   7   3   4   6   6   5   0   5   5  0.04 0.03
  230 A    0 -1 -1  0 -2 -1 -1  2 -1  0 -1 -1 -1  0  2  0  0 -1  2  0    9   4   3   7   1   2   4  16   1   7   6   3   1   3   9   6   4   0   8   6  0.09 0.07
  231 D    0 -1  1  3 -2 -1  2 -1  1 -1 -1  0  0 -1 -2  0  0  1  0 -2    8   2   8  18   1   2  13   5   4   3   6   6   3   3   2   5   5   2   3   3  0.16 0.12
  232 K    0 -1  0  0 -2  0  1  1  0 -1 -1  0  1 -1  0  0  0 -2  1 -1    7   3   4   5   1   4  10  13   3   3   6   7   6   2   5   8   5   0   6   4  0.07 0.08
  233 T    0  0  1  0 -2  0  1  0  0  0 -1  1 -1  0  0  0  0  3  0  0    7   4   9   5   0   4  10   5   2   7   5  10   0   3   4   4   4   5   4   7  0.07 0.08
  234 A    2 -1  1  1 -2  0 -1  1 -2 -1 -2  0 -1 -1  0  1  1 -3 -1  0   17   4   6   8   0   3   2  10   1   5   4   4   1   3   3  11   9   0   2   6  0.10 0.11
  235 M    0  0  2  0 -3  1  0  1 -2 -1 -1  2  1 -3  0  1  0 -3 -1 -1    8   5   9   4   0   6   3   9   0   3   5  15   4   1   5   9   7   0   2   3  0.12 0.14
  236 V    0 -1  1  2 -3  0  0  1  0 -1 -1  0 -1 -1  0 -1  1 -1  2 -1    6   2   6  12   0   3   6  10   2   3   4   7   2   1   4   4  12   1   9   5  0.11 0.13
  237 V   -1 -4  2 -2 -4 -3 -2 -4 -4  0  2 -2  0 -2  1 -2  0 -4 -3  4    5   1   9   2   0   0   3   1   0   3  20   2   2   2   8   2   6   0   0  34  0.48 0.36
  238 T   -1 -1  1 -2 -1 -2 -1 -2  2 -1 -1  1 -2  1 -1  0  3 -3  1  0    4   4   8   2   1   1   4   2   6   4   5   8   0   7   2   7  21   0   5   9  0.18 0.21
  239 L   -4 -3 -2 -4 -4 -3 -2 -4  1 -1  0  1  2  7 -3 -3  0 -3  2 -3    1   2   2   1   0   1   3   1   4   4   9   9   5  42   1   2   6   0   6   2  0.89 0.49
  240 P   -3 -3 -3  1 -2 -1 -3 -2 -4 -4 -4  1 -4 -1  7 -3 -3 -5 -4 -4    2   2   1   7   1   3   2   4   0   1   1   8   0   3  59   1   1   0   1   1  1.52 0.72
  241 W   -3 -4 -3 -3 -1 -1 -3 -2 -2 -2 -2 -3 -1  0 -5 -4 -3 11  4 -2    2   1   2   2   1   3   2   3   1   2   4   2   1   4   1   1   2  49  13   3  2.03 0.84
  242 A    0  0  0  4 -4  1  0 -1  1 -1 -3  1 -3 -4 -2  0  0  3 -1 -1    8   4   3  27   0   5   4   5   3   4   1   8   0   0   2   7   6   4   2   5  0.31 0.26
  243 N   -2 -1  4  0 -1  0  0  0 -1 -4 -3  3 -1 -1 -2 -1 -2 -4  1 -1    2   3  24   4   1   5   7   8   1   1   2  21   1   3   2   3   2   0   4   5  0.41 0.33
  244 G   -1 -2 -1 -2 -4 -4  0  6 -4 -2 -3 -2 -2 -4 -4  0 -4 -4  0  0    4   2   2   2   0   1   6  53   0   2   3   3   1   1   1   8   1   0   3   8  0.87 0.49
  245 V   -2 -3 -2 -1 -3 -2 -3 -3  0  1  2 -2  3  3 -3 -2  1  5  1  1    3   1   2   4   0   2   1   2   2   6  20   2   8  12   1   2  10   9   5   8  0.33 0.22
  246 G   -1 -1  1  1  1  1  0  0 -1 -2 -2  2 -1 -1 -1  1  1 -2  0 -1    5   2   6   8   3   6   6   7   1   2   3  16   2   2   2  13   8   0   4   4  0.12 0.12
  247 K    0  0 -2 -2 -1 -1 -1  0  1 -1 -1  2  0  0  3 -1 -1  2  1 -1   10   3   1   2   1   2   3   6   4   2   6  17   3   4  14   4   3   3   6   4  0.16 0.13
  248 D   -1 -1  0  3 -2  0  1  1 -2 -1 -1 -1  0 -2  0  0 -1  4 -1 -1    6   3   3  20   1   3   9  11   1   3   8   4   2   1   4   6   4   6   2   4  0.18 0.13
  249 G    0 -1  0  0  0  0  1  2  0 -1 -1  0 -1  0  0  0  0 -1  1 -1    7   3   5   6   2   4   9  18   2   3   5   4   2   4   5   7   4   1   6   4  0.08 0.06
  250 N    0 -1  1  0 -2  0  0  1  0 -1  0  0  0  0  1  0  0 -1  0  0    7   3   7   7   1   3   5  12   3   4   9   6   3   4   8   5   4   0   3   5  0.04 0.03
  251 A    0  0 -1 -1 -2  0  0  0  0  1  0  0  0  2  0  0  0  1  1  0    9   4   3   3   1   4   9   6   2   9   5   5   3  12   3   6   5   2   5   6  0.03 0.05
  252 G    0  1  0  1 -2  0 -1 -1  0 -1 -1  0 -1 -1  0  0  3 -2  0  0    8   8   4   7   0   5   3   5   2   2   6   4   1   3   5   7  22   0   3   6  0.13 0.14
  253 V    1 -2 -2 -2  1 -2  0  0 -1  2 -1 -2 -1  0 -1  0  0 -1 -1  3   11   2   2   2   3   1   5   8   2  13   5   2   1   3   3   5   4   1   2  25  0.16 0.16
  254 E   -3 -1 -1  3 -1  0  5 -2 -2 -4 -4  1 -4 -1 -1 -2 -1  5  0 -3    2   3   3  13   2   4  38   3   1   1   1   7   0   2   3   2   4   7   3   2  0.68 0.43
  255 G    1 -3  3  4 -4  1  2 -1 -1 -2 -3 -1  2 -4 -3 -1 -2 -5 -2 -3   14   1  12  25   0   7  11   5   1   2   3   3   6   0   1   4   2   0   1   2  0.45 0.35
  256 M   -1 -2 -1  0  1 -1 -1 -1 -3  2  0 -2  5  0 -1 -1 -1  1  2 -1    6   2   3   6   3   3   5   5   0  14   7   2  15   4   3   5   3   2   9   3  0.22 0.22
  257 I   -1 -1 -1  1  1  1  3 -1  2 -1 -1  0  0  1 -2 -1  0  2  1 -2    4   2   3   8   3   5  21   4   4   3   8   5   2   6   2   4   5   3   5   3  0.18 0.19
  258 K    1  0  1  1 -4  1  2 -1  2 -4 -3  2  0 -5 -1  0  0 -5 -4 -1   13   6   5   9   0   5  11   5   5   0   3  14   3   0   3   7   6   0   0   4  0.24 0.23
  259 Y   -1 -5 -1 -6 -6  0 -1 -2  2 -2 -1 -2  2  2 -2 -2 -3  3  7 -1    6   0   3   0   0   4   4   3   4   2   6   2   5   8   2   3   2   3  38   4  0.93 0.55
  260 Y   -3  1 -5 -5 -5 -1 -2 -3  1  0 -2 -2 -4  1  0 -3  0  0  7  0    2   7   0   0   0   2   2   2   3   6   3   3   0   5   5   1   6   1  43   6  0.96 0.60
  261 D   -1 -1  1  5 -5  0  1 -1 -3 -3 -3  1 -4 -5 -1  1 -1 -5 -5 -3    4   3   6  33   0   5   9   5   0   2   3   8   0   0   4  12   4   0   0   2  0.54 0.40
  262 E    0  0  2  2 -1  1  3  1 -1 -3 -4  1 -1 -2 -1  1 -1 -5 -4 -4    8   4   9  11   1   5  23  10   1   1   0   7   2   2   3   8   3   0   0   0  0.33 0.29
  263 I    0  0  0  1 -3 -1 -1  0  0  1  0  0  0 -1  1  0  0 -3  0  0    8   4   4   7   0   1   2   9   3  13   9   5   1   2   9   6   7   0   4   6  0.05 0.08
  264 N    0  1  2  0  0  0  0  3 -1 -3 -4  0 -3  0  0  1 -2 -1 -2 -3    6  10   9   5   2   4   5  25   1   1   1   5   0   4   6   9   2   1   1   2  0.28 0.24
  265 F   -3 -2  1 -1  1 -4 -3 -3  1 -3 -2 -1 -4  7  0 -3 -3  3  3 -2    2   2   6   4   3   0   1   2   4   1   3   4   0  44   5   2   1   4   7   3  0.94 0.53
  266 S   -1 -1 -2 -1 -1  0 -1  0  0 -1 -1  2  0 -1 -1  1  1 -3  3  0    4   3   1   3   1   5   2   9   2   3   4  16   2   2   3  11  12   0  10   8  0.13 0.19
  267 D   -2 -4 -1  7  0 -1  3 -2 -1 -5 -4 -2 -1 -5 -3 -3 -2 -5 -5 -5    3   0   2  54   2   2  17   4   2   0   2   3   2   0   1   2   2   0   0   1  1.24 0.65
  268 W    0 -1 -4 -4  3 -3 -1 -1  1 -1 -1 -1  1  2 -4 -2 -3  9  3 -1    7   4   0   0   6   0   4   5   4   3   5   4   3   8   0   4   0  28  10   4  0.88 0.47
  269 T   -1  1  0 -1  3  0 -1 -1  2  0 -1  1  0 -3  0  0  3 -4 -3  0    4   6   3   3   7   4   4   3   6   7   4   9   3   0   4   4  22   0   0   6  0.16 0.20
  270 H   -3 -2  3  0 -4  2 -2 -1  8 -4 -4 -3 -2  0 -4 -2 -3 -4  1 -3    2   2  15   4   0   8   1   4  46   1   1   1   1   4   1   1   1   0   4   2  1.24 0.55
  271 N    2 -1  1 -1  0 -1 -1  0 -1 -3 -3  1  0 -4  4  0  0 -4 -3 -2   19   2   8   3   2   1   4   8   1   1   1  10   3   0  25   5   4   0   0   2  0.42 0.27
  272 I    0 -1 -1  1 -2 -1  0 -2  3  1  1 -1  0 -1 -1  0  1 -3  0  1    5   3   1   8   0   2   7   1   9  10  15   3   2   1   2   6   8   0   4  12  0.08 0.11
  273 S    1 -1 -1 -1 -3 -2 -2 -1 -3 -3 -2 -1 -3 -3 -1  3  4 -3  1 -2    9   4   1   3   0   1   1   4   0   1   3   3   0   0   3  28  32   0   6   2  0.50 0.36
  274 K   -1  0 -2 -1 -4 -1 -2  5 -1 -3 -1  2 -3 -2 -2 -1 -2 -3 -1 -2    4   6   1   3   0   1   1  44   2   1   6  17   0   2   2   3   2   0   2   2  0.56 0.33
  275 T    3 -2 -1 -3  0 -2 -1 -2 -1 -1 -1 -1  1  0 -1  1  3 -3 -1  0   29   1   3   1   1   0   3   1   2   3   5   4   4   5   3   7  19   0   2   7  0.23 0.23
  276 P    0  0  0 -1  0 -1  0 -1 -2 -2 -2  2 -1 -4  5 -1 -1  0 -3 -2    9   4   4   3   2   2   6   6   1   2   5  18   1   0  30   2   3   2   0   2  0.48 0.28
  277 M    0  0 -1 -1  1  1 -1 -2 -1  1  1 -1  3  0 -2  0  1  1 -2  0    6   7   3   2   3   6   4   1   1  11  13   3  13   3   1   6   9   2   0   4  0.09 0.13
  278 L    1 -1 -2 -3  1 -2 -2  1  2  1  1 -2  0  0 -1  0 -1 -2  0  1   12   3   1   1   4   0   1  14   6   8  20   1   3   5   2   7   1   0   3   9  0.10 0.12
  279 K   -2  1 -1 -1  2  1  1 -2  1 -1 -3  5 -2 -1 -3  1 -2 -3  0 -1    2   6   1   2   5   5   7   2   3   3   1  41   0   3   1  10   1   0   3   4  0.44 0.31
  280 A    2 -2 -2 -2 -2 -1 -1  0  1  0  1 -1  2  0 -1  0  0 -2  0  0   27   1   1   1   0   3   3   5   4   7  12   4   7   4   2   7   4   0   3   6  0.10 0.13
  281 Q   -1  2  1  1  0  5  0 -3  3 -3 -3  0 -2 -3 -3 -1 -2 -3  1 -2    4  12   7  10   3  31   4   1   9   1   1   4   0   0   1   4   1   0   5   4  0.46 0.30
  282 H   -2 -1  0 -1  0  0 -1  1  8 -4 -2 -2 -3  0 -4 -1 -2 -4  0 -2    2   2   3   3   2   3   2  12  50   0   3   2   0   4   0   3   2   0   2   4  1.01 0.48
  283 P    0 -2 -1  0 -3  1  0 -3  0 -3 -3  0 -3 -3  5  0 -1 -4  0  0    8   0   3   5   0   9   4   1   2   0   1   6   0   0  37   8   3   0   3   9  0.62 0.29
  284 G    0 -1  1  3 -4  2  3  1  1 -3 -3  0 -3 -4 -2  0  0 -4 -3 -2    6   2   6  20   0  11  23   9   4   0   1   3   0   0   0   4   6   0   0   4  0.38 0.24
  285 F   -1 -1 -3 -1 -3 -3 -3  0 -1  0 -1 -3  0  4 -4 -1 -1  2  6 -1    4   3   0   3   0   0   0   7   0   4   4   0   3  20   0   6   3   3  33   4  0.56 0.33
  286 E    0 -1  0  1 -4  1  5 -1 -2  0 -2 -1 -2 -3 -3 -2 -1 -3  0 -1    8   3   4   6   0   5  43   5   0   7   4   0   0   0   0   1   3   0   4   5  0.40 0.30
  287 F   -1 -1  0  0 -2 -1  0  0  2  0  1 -2  1  2 -2 -1  1 -2  2  0    4   3   4   6   0   0   5   9   6   3  17   0   5  10   0   4  10   0   8   5  0.07 0.11
  288 W   -3 -2 -3 -5 -1 -4 -3 -3  1 -4 -1 -5  0  5 -2 -1 -3  9  4 -2    2   3   2   0   1   0   2   3   3   0   5   0   2  24   2   5   2  28  14   2  1.30 0.61
  289 K    0  0  1 -1 -1  2 -1 -1  0  0 -1  1  2 -1 -3  2  0  2 -1 -1    6   4   8   2   1  11   3   3   2   6   5   7   7   2   0  20   6   3   2   3  0.15 0.20
  290 S   -1  0  1  0 -4  2  0  2  3 -3 -2 -1  2 -2 -2  0  0 -4 -2 -2    4   4   8   6   0  12   7  16  10   1   4   2   6   1   2   5   7   0   1   3  0.23 0.22
  291 G    0 -1 -3 -2 -4 -3 -3  4  2 -3 -5 -1 -4 -3 -2  4  0 -5 -4 -4    5   4   0   2   0   0   0  35   5   2   0   4   0   1   2  32   6   0   0   0  0.77 0.49
  292 I   -1  0  0 -1  2  0 -1  0 -3  1 -1  1  3 -1  2 -2  0  3 -2  0    5   5   4   3   5   3   4   7   0   8   5  12  11   3  10   0   7   5   0   4  0.12 0.16
  293 H   -4 -3  0 -1 -5  0 -1 -4  8 -1 -4 -1  2  1  1 -1  0 -4  1 -1    0   0   5   4   0   4   4   0  38   4   1   4   6   5   6   4   6   0   4   4  0.85 0.50
  294 G    2  0  1 -1 -3  0 -1  2  0 -2 -2 -1 -2 -1 -3  0 -1  3  1  0   20   5   8   4   0   4   3  20   3   2   2   3   0   2   0   4   3   4   6   8  0.20 0.21
  295 Q    0  1  0 -1 -3  1  1 -1  3 -2 -2  3  0 -2 -1  1 -1 -4 -2 -2    8   8   5   3   0   7   7   4  10   2   3  21   3   1   2  10   3   0   0   3  0.23 0.22
  296 K    2  2  3 -2 -3  0 -1 -1 -2 -1  0  1  1 -2  1  0 -1 -4 -3 -1   19  12  15   0   0   4   3   3   0   2   9   8   4   2   6   5   3   0   0   5  0.18 0.21
  297 G   -1 -2  2  1 -5 -1  1  5 -4 -5 -5 -2 -4 -5 -1 -2 -3 -5 -5 -3    4   2   9   9   0   3   8  55   0   0   1   2   0   0   3   2   0   0   0   2  0.94 0.49
  298 V    0 -2  1  1 -2  1  0 -2 -1  0  0 -1  1  1  1  0  0 -2  1  0    7   0   7   7   0   7   7   0   0   7   7   0   7   7   7   7   7   0   7   7  0.08 0.11
  299 S    1  0  0  0 -3  1  1  0 -2 -3 -2  0 -2 -4 -1  3  2 -4 -3 -1    9   5   2   4   0   6   7   7   0   0   3   3   0   0   3  36  13   0   0   3  0.32 0.21
  300 C   -4 -7 -6 -6 11 -6 -6 -6 -6 -5 -5 -6 -5 -6 -6  1 -4 -6 -6 -4    0   0   0   0  87   0   0   0   0   0   0   0   0   0   0  13   0   0   0   0  3.28 0.83
  301 A    3 -2  0 -1 -2  0 -2 -1  0  1  0 -1  0 -2 -3  0  1 -3 -1  1   33   0   5   4   0   5   0   2   3  10   7   2   3   0   0   4   8   0   3  11  0.19 0.17
  302 D   -1 -1  1  6 -4  0  1  0 -2 -4 -4 -1 -3 -4 -3  1  1 -5 -4 -4    3   3   3  54   0   3   4   5   0   0   0   3   0   0   0   9  13   0   0   0  0.76 0.17
  303 C   -3 -6 -5 -6 11 -6 -6 -5 -6 -4 -4 -6 -4 -5 -5 -3 -3 -5 -5 -3    0   0   0   0 100   0   0   0   0   0   0   0   0   0   0   0   0   0   0   0  3.34 0.42
  304 H   -4 -3 -2 -4 -6 -2 -3 -5 11 -6 -5 -3 -4 -4 -5 -3 -4 -5 -1 -6    0   0   0   0   0   0   0   0 100   0   0   0   0   0   0   0   0   0   0   0  2.94 0.42
  305 M   -1 -1 -1 -2 -3 -1 -3  1 -3 -1  0 -1  8  0 -4 -1 -1 -3 -3 -2    3   3   3   3   0   2   0  14   0   0   3   3  58   3   0   3   2   0   0   0  0.81 0.22
  306 P   -1 -1 -1 -2 -4 -1 -2  0  0 -4 -4 -1 -3 -4  7  0 -2 -4 -4 -2    4   2   4   0   0   3   0   6   2   0   1   3   0   0  65   6   0   0   0   3  1.37 0.23
  307 Y   -1  0 -1 -1 -3  0 -1 -3  2 -1 -2  3  0  0  0  0 -1 -1  4  0    3   3   2   4   0   3   3   1   5   4   1  23   4   3   3   6   3   0  23   7  0.25 0.13
  308 T   -1 -1 -1 -1 -3  0  0 -2 -1  1 -1  1  3 -3 -3 -1  2 -4 -3  3    5   1   2   4   0   3   8   2   2   6   3   9   9   0   0   3  16   0   0  26  0.22 0.19
  309 Q   -1  3  0  0 -4  2  2 -1  1 -3 -3  2 -1 -4 -3  0  1 -4 -2 -2    5  16   5   5   0  11  13   3   4   1   1  16   2   0   0   6   9   0   1   2  0.32 0.19
  310 E   -1 -2  2  3 -4  0  3  0  0 -2 -3  0  2 -2 -2 -1 -2 -4  0  0    3   0  11  15   0   2  27   8   2   2   1   6   6   2   1   3   1   0   3   7  0.34 0.22
  311 G    1 -2  0  2 -4 -1  0  4 -1 -4 -3  1  1 -4 -3 -1 -2 -4 -4 -4   12   1   4  14   0   2   7  37   1   0   2   9   6   0   0   3   1   0   0   0  0.52 0.26
  312 S    1 -1  1  1 -3 -1  1  4  1 -2 -3 -1 -1 -4 -2  0 -1 -4 -3 -2   12   2   7   7   0   1  10  33   4   2   2   4   2   0   1   7   3   0   0   2  0.35 0.19
  313 V   -1  0  0 -1 -3  1  0  2  0  0 -1  1  1 -2 -2 -1  1 -3 -2  1    3   6   4   1   0   6   7  18   2   5   4  10   6   1   1   2  10   0   1  12  0.11 0.11
  314 K   -2  0 -2 -1 -4 -1  1 -2 -1 -2 -2  5  0 -3 -2 -1  0 -4  0  1    3   3   1   3   0   2   7   2   1   2   3  46   3   0   1   3   6   0   3  11  0.52 0.31
  315 Y   -1 -2 -3 -3 -1 -3 -2 -3  0  2  0 -2  1  3 -3 -2 -1  1  6  1    5   2   1   1   1   1   2   1   2  11   8   2   4  11   1   2   2   2  30  11  0.50 0.25
  316 S    0  0  0  0 -2  0 -1  0  2  0  0  0  1  1  1  0  0 -2  1  0    6   6   6   6   0   6   0   6   6   6   6   6   6   6   6   6   6   0   6   6  0.04 0.08
  317 D   -2 -2  2  4 -3  0  0 -1  1 -3 -3 -1 -1 -3 -3  3  1 -4 -2 -2    2   2  10  27   0   5   4   3   4   1   2   3   1   1   1  24   7   0   1   2  0.47 0.31
  318 H   -4 -3 -1 -1  0 -3 -3 -2 10 -4 -2 -2  0 -4 -2 -1 -2 -5 -2 -1    1   1   2   3   2   0   1   3  62   1   4   2   3   0   2   6   3   0   0   4  1.81 0.76
  319 Q   -2  0  1 -1 -3  3 -1 -1  5 -3 -2  1  0  0 -3  0 -1  4 -1 -1    3   5   7   2   0  14   3   5  17   1   2  10   3   4   1   6   4   7   1   4  0.36 0.27
  320 V   -1 -3 -2 -2 -3 -1 -3 -1 -3  2  0 -1  2  2 -1 -1 -1  5 -1  2    3   1   2   2   0   2   1   5   0  15   9   5   7  12   2   4   3  10   1  16  0.27 0.20
  321 K    0  1 -1 -1 -3  0 -1  2 -1 -1 -1 -1  1 -3  0  0  2  3 -2  0    7  11   1   3   0   5   4  16   1   3   3   2   4   0   4   8  14   4   0   9  0.14 0.16
  322 E    0  1 -1 -1 -2  0 -1 -1 -1  0  0  0  1  0  0  1  1  0  0  0    5   9   3   2   0   5   3   5   0   8   7   6   4   4   5  12  10   2   3   6  0.04 0.06
  323 N   -1 -1  2  1 -3  0 -1 -3  1 -3 -2  0  0 -2  2  3  1 -4 -3 -1    4   3  13   8   0   4   3   1   4   1   3   6   3   2  10  25   7   0   0   5  0.29 0.25
  324 P    0 -4 -1 -4 -5 -2 -4 -1 -4 -3 -1 -2 -1 -5  7 -2 -2 -5 -5 -3    9   0   3   0   0   2   0   4   0   2   6   2   1   0  61   3   2   0   0   2  1.46 0.68
  325 L   -1  1 -1 -3 -3 -1  0 -4 -3 -1  3  2  0  2 -2 -3 -2 -3  0 -1    5   9   4   0   0   1   7   1   0   2  37  13   2   8   2   1   1   0   4   3  0.31 0.28
  326 D    1 -1  3  4 -4 -1  0 -3  2 -4 -2  1 -1 -3 -2 -1 -1 -1 -3 -3   12   3  13  31   0   1   6   1   5   0   5  10   2   1   2   4   2   1   1   1  0.46 0.28
  327 S   -1 -1  5  1 -3  0 -1 -1  3 -3 -2 -1  1 -2  0  0  0 -4 -1 -3    6   3  31   8   0   4   3   5   7   1   4   3   4   1   4   4   6   0   3   1  0.37 0.25
  328 M   -2 -3 -3  0 -3 -2 -1 -2 -3  2  0 -3  2  4  1 -2  1 -2  1  1    1   0   1   6   0   2   4   4   0  16   8   0   6  23   6   2   8   0   4  10  0.29 0.22
  329 D    1 -1  2  2 -4  0  3 -2 -2 -3 -1  1  3 -2  1  0 -1 -4 -3 -3   11   2  10  11   0   3  21   1   0   0   5   7   9   2   6   8   3   0   0   0  0.29 0.24
  330 Q    1  1  2  0 -4  3  1  1  0 -3 -3  1 -3 -3 -1  0 -1 -4 -3 -2   12   9  11   5   0  16  10   9   2   0   1   8   0   1   2   8   3   0   1   4  0.28 0.22
  331 S    2 -2  2 -2 -3  0 -2 -3 -3 -4 -3 -2  0 -2 -4  2  4  3 -2 -2   21   2  10   2   0   3   1   1   0   0   2   1   3   2   0  17  29   5   1   1  0.53 0.38
  332 C   -5 -8 -8 -9 11 -8 -9 -7 -8 -6 -6 -8 -6 -7 -8 -6 -6  4 -7 -6    0   0   0   0  94   0   0   0   0   0   0   0   0   0   0   0   0   6   0   0  4.21 1.29
  333 M    2  0 -1 -3 -3  2 -1  0 -3  0  2  0  1 -2 -3  0  0 -3 -1 -1   17   4   3   0   0  11   1   7   0   6  24   5   3   1   0   7   6   0   2   2  0.16 0.19
  334 N   -1 -1  3  0 -4  2  0  0 -3 -4 -3  0 -2 -3  1  1  3 -5 -4 -1    4   2  15   5   0  12   6   8   0   0   1   5   1   1   7  12  18   0   0   4  0.31 0.26
  335 C   -5  0 -7 -8 11 -7 -8 -7 -8 -6 -2 -7 -6 -7 -8 -6 -6 -7 -7 -6    0   6   0   0  90   0   0   0   0   0   3   0   0   0   0   0   0   0   0   0  3.84 1.21
  336 H   -6 -5 -4 -6 -8 -4 -5 -7 11 -7 -1 -5 -6 -6 -1 -6 -6 -7 -3 -7    0   0   0   0   0   0   0   0  90   0   6   0   0   0   3   0   0   0   0   0  3.52 1.19
  337 R    0  3  0  1 -4 -1  0 -1 -1 -3 -3  1 -1 -2  0  1  3 -4  0 -3    6  18   4   8   0   2   5   3   1   1   1  10   1   1   4  11  20   0   4   0  0.30 0.25
  338 E    0 -3 -1  3 -5  5  3 -2 -3 -4 -4 -1 -3 -3 -3 -1  0  3 -3 -3    8   0   2  19   0  30  17   3   0   1   1   2   0   1   1   4   4   4   1   2  0.67 0.41
  339 S   -1 -2 -1  2 -4 -1 -1 -1 -3 -3 -2  0 -2 -5  2  4  2 -2 -4 -3    2   2   2  15   0   2   2   4   0   2   3   5   1   0  11  33  16   1   0   1  0.50 0.36
  340 E    1 -1  0  0 -4  1  3 -1 -2 -3 -3  4 -3 -3  1  0  0 -4 -3 -3   11   1   4   4   0   4  23   5   1   1   2  26   0   1   7   4   4   0   1   1  0.40 0.29
  341 S    2 -1 -1  3 -4  1  4 -2 -3 -3 -4  0 -3 -5  0  0 -2 -5 -4  0   22   3   2  15   0   5  27   3   0   1   0   6   0   0   4   4   1   0   0   6  0.46 0.32
  342 K    1 -1 -1  0 -4  3  2 -3 -1 -3 -3  1 -1 -1 -3 -1  1  4  2 -2   13   2   3   4   0  13  18   1   1   0   1  11   1   3   0   3   9   5   9   2  0.32 0.26
  343 L    0 -1 -2 -2 -2  1 -2 -3  2  1  0  0  2  1 -2  0  0  4  2  0    8   0   0   0   0   7   0   1   7   8   8   8   7   7   0   8   8   7   7   8  0.15 0.15
  344 R    0  1  0 -1  1  0  0 -3  2 -1  0  1  1  0  1  0 -1 -3  0 -1   11   9   4   3   3   4   7   0   6   4   9   9   5   4   7   4   3   0   3   4  0.07 0.09
  345 G    1  0  1  1 -3  1  1  0  0 -3 -2  1 -2 -2 -1  0  1  1  2 -2   11   3   6   9   0   5   9   7   3   0   4  10   0   0   3   5   8   2  10   3  0.14 0.16
  346 I    0  2  2 -1 -3  2  0 -1  2  0 -1  0  0 -2 -1 -1  0  0  0  0    7  13  10   3   0  11   3   4   5   6   5   6   3   1   2   3   6   2   4   6  0.11 0.15
  347 V   -1 -2 -4 -1 -4 -2 -2 -3 -5  2  1 -3 -2 -1 -2 -3  1  1 -1  5    3   2   0   3   0   2   3   1   0  11  10   2   0   2   2   0   9   2   2  46  0.62 0.43
  348 H    0 -1  0  2 -4 -1  2 -4  3 -2 -2  1 -3  0 -2  0 -2 -3  4 -1    8   3   5  15   0   2  13   0   7   2   3   9   0   4   2   5   2   0  17   4  0.32 0.29
  349 Q    1  0  0  1 -4  1  2 -1  2 -2 -2 -1 -3 -1 -3  0  1 -3  2 -2   13   5   3   9   0   5  18   5   6   1   3   3   0   2   0   7  10   0   9   1  0.22 0.24
  350 K   -2  3  0 -1 -4  0  0 -3  0  3 -2  1  0 -3 -4 -2  0 -1  0  1    3  21   4   2   0   4   5   1   3  24   1   9   2   0   0   2   5   1   3   9  0.34 0.32
  351 Y   -3 -1  0 -1 -6  6 -1 -4 -1 -5 -3  4  0 -3 -5 -1 -3  2  0 -2    1   2   4   3   0  37   2   1   1   0   3  29   2   1   0   4   1   3   3   3  0.92 0.62
  352 E    1  1  1  2 -4  1  1 -1  1  0 -2  1 -2 -1 -3 -1 -1  0  0 -1   14   9   9  14   0   6   8   5   3   7   1   8   1   2   0   3   3   1   4   3  0.15 0.18
  353 R    0  3  0 -1 -4  1  0 -1  3 -2 -2  3  0 -1 -3  0 -1 -4  2 -2    6  18   3   3   0   7   6   4   8   2   3  17   2   3   1   5   2   0   7   2  0.29 0.26
  354 K    1 -2  1 -2 -2 -2 -1 -3  0  3 -1 -1  1  0 -4 -2  1 -1  0  3   10   2   6   1   1   1   5   1   3  18   2   4   3   3   0   1  11   1   4  21  0.23 0.25
  355 E    0  0  1  1 -4  1  2 -2  1 -2 -2  1 -1  1 -2 -1 -1  3  1 -2    9   3   7   9   0   6  14   2   4   3   4  11   2   6   2   3   3   5   5   2  0.17 0.19
  356 F    0  0  0  0 -2  1  0  0  1  0 -1  0  1  0  1  0  0 -2  1  0    6   6   5   6   0   5   6   6   5   6   6   6   5   5   6   6   6   0   5   6  0.03 0.06
  357 L   -1  0 -1  0 -3  1  0 -1  1  0  1  1  3  0 -1 -1  0 -3 -2  0    5   5   3   5   0   6   4   4   5   5  19   9   9   3   2   5   5   0   0   5  0.08 0.14
  358 N    0  2 -1 -1 -3  1 -2 -1 -2  0  1  2  3 -1 -3 -1  0 -3  0 -1    9  14   3   2   0   7   0   3   0   6  13  15   8   2   0   4   5   0   4   3  0.17 0.21
  359 K    0  2  2  1 -3  0  0  0  1 -1  0  1  1 -2 -2 -1 -1 -4 -3 -1    9  12  11  10   0   4   5   6   4   4  11   8   4   1   2   3   3   0   0   3  0.11 0.15
  360 V   -1  4 -1 -2 -5  1  1 -3 -1 -1 -2  2 -1 -1 -4 -1  1 -4  3 -1    4  24   3   1   0   5   8   2   1   4   3  14   1   2   0   3   8   0  12   5  0.38 0.33
  361 A    4 -2 -2 -4  2 -1 -2 -1 -4  0  0 -4 -3 -1 -4 -1  0 -5 -4  1   40   2   2   0   5   3   2   5   0   6  10   0   0   2   0   3   6   0   0  12  0.46 0.39
  362 F    0 -2  0 -1  0  2  4  1 -1 -1 -2 -1  1  0 -4 -1 -1 -5 -4 -1    7   2   4   2   2   8  32  12   1   4   2   2   5   4   0   3   4   0   0   5  0.34 0.33
  363 D    1 -1  1  3 -1  0  1 -1 -1 -2 -1  1 -2 -1 -2  0 -1  1  0 -2   12   3   8  18   1   5  10   5   1   2   5   8   1   3   1   5   3   2   4   2  0.15 0.16
  364 N    2  0 -1 -2 -3  2  1 -2 -1 -1 -1  1 -1 -1 -3 -1  1  2  1  0   20   3   3   1   0  12  10   1   1   2   6  10   2   2   0   2  11   3   5   5  0.19 0.23
  365 I   -2 -4 -2 -3 -1 -4 -3 -3 -4  2  4 -4  3  0 -4  0 -1 -4 -1  2    2   0   2   2   1   0   2   2   0  10  44   0   6   3   0   7   3   0   2  12  0.56 0.38
  366 G    3 -2 -1 -1 -3 -1 -2 -1 -4 -1 -2 -1 -1 -2 -2 -1  1 -5 -4  3   29   2   3   4   0   2   2   4   0   2   2   4   1   2   1   4  10   0   0  27  0.39 0.36
  367 K    1  1  0  1 -4  2  1 -2  0 -3 -3  3  0 -3 -3  0  0 -5 -2 -2   15   8   5   8   0   8   7   2   3   1   1  24   2   1   0   6   5   0   1   2  0.32 0.29
  368 A    4 -4 -5 -4 -4 -1 -2 -3 -2 -2  2 -3  1  2 -3 -1 -2 -4  0 -1   44   0   0   1   0   2   2   1   1   1  21   1   4   8   1   4   2   0   3   4  0.60 0.48
  369 H   -2 -2 -1 -5 -5  1  0 -2  7  4 -2 -2 -2  1 -5 -4 -3 -5  0 -2    3   2   3   0   0   5   6   3  33  25   4   3   1   7   0   0   1   0   2   2  0.93 0.57
  370 L    0 -2  1  1 -3 -1  1 -2 -1  1  0  0  1  2 -3 -1 -1 -3  2 -1    8   1   7   9   0   1  12   1   1   8  12   8   4  12   0   2   4   0   7   1  0.15 0.19
  371 E    2 -3  1  2 -1 -1  3 -3 -2 -2 -1  0  1 -1 -3 -1  0  1  1 -1   21   0   7  11   1   1  20   0   0   2   4   6   5   2   0   3   5   2   5   3  0.25 0.27
  372 T    3 -4 -4 -4 -3 -3 -1 -3 -4  3  1 -2 -1  1 -4 -1  0  1 -1  1   32   0   0   0   0   0   4   1   0  18  13   2   1   7   0   3   5   2   2   8  0.40 0.34
  373 G    0  1  2 -1 -4  0  2  1  1  0 -2  3 -3 -4 -2  0  0 -4 -3 -2   10   5   9   1   0   4  12   9   4   6   3  22   0   0   2   5   5   0   0   2  0.24 0.24
  374 K    2  0  0  0  0  0  1 -3 -1 -2 -1  3 -1  1 -3 -1  0 -4  0 -1   24   5   4   4   2   3   7   0   1   1   5  21   1   7   0   3   6   0   3   4  0.22 0.26
  375 A    6 -4 -4 -3 -2 -3 -4 -3  1 -2 -1 -1  1 -3 -2 -1 -2 -5 -4 -1   67   0   0   1   1   1   0   1   3   2   6   3   4   1   2   4   1   0   0   4  1.04 0.64
  376 I    0  1  0 -2 -4  2 -2 -3 -2  2 -1  1  0  0 -4 -2 -3  8 -2  0    9   9   4   2   0   8   1   2   1  12   6   9   3   3   0   2   0  23   0   5  0.63 0.40
  377 E    2  0  0  4 -4  0  3 -2 -3 -4 -4  1 -4 -5 -3 -1  1 -5 -4 -3   16   4   4  24   0   3  24   2   0   0   1   9   0   0   0   3   7   0   0   1  0.55 0.38
  378 A    4 -2  1 -2 -3 -1  0  0 -1 -3 -2  1 -2 -1  1  1 -1 -4 -2 -1   37   1   7   2   0   2   5   5   1   1   4   8   1   4   7   9   3   0   1   3  0.31 0.28
  379 G   -1 -4  1  1 -5 -4 -3  6 -4 -1 -4 -1 -5 -5 -1 -2 -4 -5 -5 -5    5   0   6   7   0   0   1  63   0   4   2   5   0   0   3   3   0   0   0   0  1.18 0.59
  380 A    4 -3  0 -1 -3 -2 -3 -1 -4 -1 -2  1 -1 -4 -3 -1  0 -5 -2  2   42   0   5   3   0   1   0   4   0   3   2  11   2   0   1   1   7   0   1  17  0.51 0.42
  381 S    0 -3  0  2 -4  0 -2  0 -3 -1 -3  0 -3 -4  1  2  4 -4  0 -3    5   0   5  11   0   4   2   8   0   4   1   6   0   0   7  13  30   0   4   1  0.40 0.36
  382 D    1 -2  0  4 -5  1  4 -2 -3 -5 -4  0 -4 -5  1  0 -1  1 -1 -4   11   1   3  25   0   4  30   2   0   0   1   4   0   0   6   5   4   2   2   1  0.62 0.41
  383 E    2 -1 -1  3 -4  1  3 -3 -3 -4 -3  1 -4 -5 -1  0  0  1 -2 -3   21   2   3  19   0   6  22   0   0   0   1   8   0   0   3   5   5   2   1   1  0.47 0.36
  384 E    0  0  0  1 -3  1  1  0 -2  0 -1  0  0 -2 -2  0  1  3 -2  0    5   4   4  11   0   6  13   7   0   5   6   6   3   0   0   5  11   5   0   7  0.11 0.11
  385 L    0  1 -2 -2 -2 -1 -2  1 -1  1  1  1  2 -1 -2 -1 -1 -2  2  1   11  11   0   1   0   0   1  11   0  11  11  11  10   0   1   1   1   0  10  11  0.07 0.08
  386 K    2  0  1  0 -3  1  2  1  0 -1 -3  2 -2 -3 -1  0  0 -3  0 -1   18   3   9   4   0   4  13   9   2   4   0  17   0   0   3   3   4   0   4   3  0.18 0.17
  387 E    0  0  0  1 -3  2  2  0 -2  0 -1  1 -2 -3  2  0 -1  1 -3 -1    5   3   3   9   0   9  20   6   0   6   5  11   0   0   9   4   3   3   0   3  0.20 0.16
  388 V    4 -3 -2 -3 -1  0 -3 -2 -3  1  0 -2 -2 -3  0 -1 -1 -4  0  1   50   0   2   0   1   4   0   2   0   9   9   1   0   0   4   2   3   0   3  10  0.46 0.33
  389 R    0  4 -1 -2 -3  2 -2  0 -2 -1  2  1  0 -2 -3 -2 -2  0  0 -2    8  28   2   2   0  11   1   6   0   3  22   8   2   1   0   0   1   1   3   0  0.31 0.26
  390 K    0 -1  1  2 -4  2  3 -1 -2 -3 -2  2  0 -1 -3  0  0 -3  0 -3    9   1   6  15   0   8  19   3   0   1   4  16   3   2   0   5   4   0   4   0  0.26 0.20
  391 L    0 -2  1  3 -3 -2 -2 -3  1  0  2 -1  1  1 -3 -2 -2 -1  2 -2    7   1   8  19   0   1   1   1   4   3  28   5   5   7   0   1   1   1   7   0  0.23 0.22
  392 I   -1 -3 -2 -4 -1  3 -3 -4  5  3 -1 -3 -2  0 -4 -3 -2  1  5  0    4   0   1   0   1  15   0   0  19  18   4   0   0   2   0   0   2   2  25   5  0.68 0.40
  393 R   -2  6  0 -3 -4 -1  1 -4 -2 -4 -1  0  0 -1 -4  0 -1 -3  2 -3    3  49   4   0   0   0  10   0   0   0   5   3   3   3   0   5   3   0   9   1  0.70 0.39
  394 H   -1  1  0 -1 -4  2  2  0  4 -4 -4  4 -3 -4 -3  0 -1 -4 -2 -1    3   5   4   2   0   9  16   7  14   0   0  27   0   0   0   5   2   0   0   5  0.46 0.29
  395 G    5 -3 -3  0  1 -3  0  1 -4 -4 -4 -3 -3 -4 -3  0  1 -5 -4 -3   60   0   0   5   3   0   6  12   0   0   0   0   0   0   0   6   9   0   0   0  0.75 0.41
  396 Q    1 -2  0 -3 -1  6 -1 -2  3 -3 -2 -2  0  2 -3 -1 -1 -3  0 -2   12   0   3   0   2  44   0   3   9   0   3   0   2  10   0   3   2   0   2   3  0.60 0.37
  397 F   -2 -4 -4 -4 -4 -2 -4 -4 -3  0 -1 -4  1  5 -4 -1  0  8  4 -1    3   0   0   0   0   2   0   0   0   4   4   0   5  28   0   5   5  23  15   3  0.99 0.38
  398 K   -3  4  1 -3 -4  0 -2 -4  4 -2  0  0  0  2 -4 -2 -2 -2  4 -2    0  33   7   0   0   3   0   0  10   2   7   3   2   8   0   0   2   0  20   2  0.56 0.31
  399 A   -1  0 -1 -5 -1 -2 -4 -2 -4 -1 -1 -2  0  1 -5 -3 -2  9  2  2    5   6   3   0   2   1   0   3   0   3   6   2   3   7   0   1   1  35   5  17  0.99 0.40
  400 D   -1 -3  2  6 -4 -1  1 -1  0 -2 -3 -2 -1 -4 -3  0 -1 -5  0 -2    5   0   8  47   0   2   9   4   3   2   1   0   2   0   0   5   3   0   4   3  0.66 0.33
  401 M   -4 -4 -5 -5 -5 -4 -2 -5 -3 -1  0 -3  1  6 -5 -3 -4  6  6 -3    0   0   0   0   0   0   3   0   0   3  10   2   3  37   0   2   0  12  27   0  1.26 0.48
  402 A    2 -4 -4 -4 -3 -3 -2 -2 -4  3  0 -3 -1  0 -4  0 -1  4  1  3   18   0   0   0   0   0   2   2   0  23   6   0   0   2   0   8   1   7   5  27  0.44 0.27
  403 I    1 -2  1 -1 -2 -1  0  2  0  0 -1 -2  0  1 -3  0  1  0  0  0   11   0   7   1   0   2   9  16   2   5   6   0   2   9   0   6  12   1   3   8  0.09 0.11
  404 A    5 -3  0 -2 -3 -3  0 -1 -3 -4 -4 -2 -3 -4 -3  3 -1 -4  0 -1   56   0   4   1   0   0   5   2   0   0   0   2   0   0   0  22   2   0   3   3  0.74 0.41
  405 A    0 -3  0  2 -4 -1  5 -2 -2 -5 -5 -2 -4 -5 -3  2 -1 -5 -4 -3    7   0   2  11   0   0  53   3   0   0   0   0   0   0   0  21   1   0   0   1  0.88 0.37
  406 H   -3 -1  6 -2 -5 -1 -1  0  6 -5 -5  0 -4 -4 -1 -2 -3 -4  1 -5    0   3  49   0   0   2   2   7  24   0   0   4   0   0   2   1   0   0   5   0  1.09 0.38
  407 G    0 -3 -2 -3 -3 -3 -3  5 -3 -5 -5 -3 -4 -5 -3  5 -2 -4 -4 -4    3   0   0   0   0   0   0  43   0   0   0   0   0   0   0  50   0   0   0   0  1.12 0.41
  408 N    1 -1  0  1 -2 -1 -1  0 -1  0  0  0  2 -1 -2  0  0 -3  0  1   20   2   4   9   0   0   3   6   1   6   6   6  11   1   0   4   7   0   5   9  0.07 0.09
  409 Y    1 -3 -2 -3 -4  0 -3  5  3 -4 -4 -3 -4  1 -4 -1 -3  0  2 -2   10   0   0   0   0   5   0  55  10   0   0   0   0   6   0   3   0   2   7   2  0.86 0.32
  410 F    0 -2 -2 -2 -2 -2 -2 -2 -2  1  0 -2  2  4 -2 -1 -1  3  1  1    9   1   1   1   0   1   1   2   0   6   2   1  11  38   1   6   1   6   1  11  0.23 0.05
  411 H   -2 -1  0 -1 -3  0 -1 -2  9 -3 -3 -1 -2 -2 -2 -1 -2 -2  1 -3    2   1   1   1   0   1   1   2  80   1   2   1   0   1   1   1   1   0   1   1  1.10 0.14
  412 A    3 -2  3  1 -2 -1 -1  1  1 -3 -3 -1 -2 -3 -2  1  0 -3 -2 -2   50   0  22   7   0   0   0   6   6   0   0   0   0   0   0   9   0   0   0   0  0.35 0.09
  413 P    1 -1 -3  0 -4 -1 -2 -2 -1 -4 -4 -2 -1 -2  7 -1  0  0 -1 -3   15   2   0   6   0   2   0   1   2   0   0   2   2   2  55   3   5   2   2   0  1.15 0.31
  414 E    1  0  0  2 -3  2  2 -1 -2 -2 -2  1 -1 -3  0  1  0 -4 -2 -1   19   2   2  14   0  11  19   1   0   2   2   7   1   0   3   9   5   0   1   3  0.24 0.12
  415 E   -2 -1 -3 -2 -5  1  5 -3 -2 -2 -1  1  0 -2 -2 -2 -3 -4  1  0    1   1   0   0   0   5  54   2   0   1   7   9   2   1   1   1   0   0   7   8  0.72 0.36
  416 T    4 -3 -3 -3  0 -3 -2  1 -4 -1 -2 -3  1 -1 -3  1  1 -4 -2  0   50   0   0   0   1   0   1   8   0   3   2   0   3   2   0  10  10   0   1   7  0.53 0.30
  417 L    0  1 -1 -3 -3  0 -2 -2  1  0  3  0  3 -1 -3 -1 -1 -3 -2  0   10   8   4   0   0   5   2   2   4   4  36   4   9   1   0   3   3   0   0   5  0.22 0.17
  418 R   -2  6  1  0 -5  0  1 -4  2 -4 -4  2 -2 -5 -4  0 -2 -5 -4 -4    3  50   6   5   0   2  11   0   5   1   1   9   1   0   0   6   1   0   0   0  0.86 0.36
  419 L    0 -3  0 -4 -3 -3 -3 -4 -3  3  2 -3  2 -1 -4  0  1 -4 -1  2    8   0   6   0   0   0   0   0   0  22  16   0   6   2   0   7  12   0   2  19  0.35 0.22
  420 L   -3 -5 -6 -6 -1 -5 -5 -6 -5  2  6 -5  1 -1 -5 -4 -3 -4 -4  0    1   0   0   0   1   0   0   0   0  10  80   0   2   1   0   1   1   0   0   3  1.30 0.48
  421 A    2  0  0  1 -3 -2 -1  4 -3 -2 -2 -1 -1 -2 -3  0  0 -4 -2  0   16   5   4   8   0   0   3  33   0   1   3   3   1   2   0   8   5   0   1   7  0.31 0.18
  422 A   -1  0  0  2 -3  2  1 -1  0  0 -2  2 -1 -3 -2  1  2 -4 -2 -2    3   3   3  13   0   9  11   3   3   7   3  13   2   1   0  11  15   0   1   1  0.21 0.16
  423 G    4 -3 -2  0  1 -3 -3  2 -4 -4 -4 -3 -4 -4 -3  4 -1 -5 -4 -2   37   0   0   6   3   0   0  16   0   0   0   0   0   0   0  33   1   0   0   2  0.74 0.36
  424 S   -1 -2  0 -2 -3  1  0 -3 -3  3  2  0  2 -2 -3 -2  0 -4 -3  1    4   0   5   2   0   8   6   1   0  25  20   5   7   0   0   2   7   0   0   8  0.25 0.19
  425 D    0 -1  2  5 -5  0  2 -2 -3 -2 -4  0 -2 -3 -3 -1 -1 -5 -3 -3    9   3  10  40   0   4  15   1   0   2   1   5   1   1   0   3   3   0   1   2  0.63 0.30
  426 D    0  1 -2 -3 -1  2 -1 -4  0  0  1  2  0  1 -4 -2 -2  2  4 -1   10   7   1   1   1  12   1   0   2   4  16  14   2   6   0   0   0   3  17   2  0.27 0.21
  427 A    5 -4 -3 -4 -1 -2 -3 -1 -4  0  0 -3 -3 -4 -3  2 -1 -5 -4  0   56   0   0   0   1   1   0   4   0   5   9   0   0   0   0  17   2   0   0   5  0.74 0.39
  428 Q    1  2  0  1 -4  3  0  0  2 -3 -2  1  0 -3 -3  0 -1 -4  0 -2   14  15   5  10   0  14   6   8   6   0   2   7   3   1   0   4   1   0   3   2  0.24 0.18
  429 K   -2  0  0  3 -5  4  3 -2 -1 -1 -2  2  0 -4 -3 -1 -1 -4 -1 -3    3   3   3  17   0  24  16   1   1   5   3  16   2   0   0   2   2   0   2   0  0.51 0.29
  430 A    1 -2 -1 -2 -1 -1 -2  2 -2  0  1 -1  0 -2 -2  1  2 -3 -2  1   17   0   0   0   0   0   0  17   0   0  17   0   0   0   0  17  17   0   0  17  0.15 0.05
  431 R   -1  3 -2  0 -3  2  1 -3 -2  0  1  0  1 -2 -3 -1  0  2 -2  0    5  22   0   4   0  15   9   0   0   6  14   4   4   0   0   0   5   4   0   5  0.21 0.13
  432 L    0 -1  0  1 -2  0  0  0 -2  0  1  0  1  0 -2  0  1 -3 -2  0   11   3   5   7   0   5   6   6   0   6  19   4   4   3   0   5  10   0   0   5  0.05 0.07
  433 L    0  0 -1  0 -3  0  1 -2  0  0  0  2  0 -1 -2  0  0 -3 -1  0   10   1   2   6   0   4  12   0   2   9  11  21   2   2   0   6   4   0   2   5  0.11 0.12
  434 L    1 -2 -2 -2  3 -2 -2  1 -2  1  1 -2  2 -1 -2 -1  1 -2 -2  1   12   1   0   1  11   0   1  12   0  12  12   1  11   0   1   1  12   0   0  12  0.13 0.08
  435 V    1  0  1  1 -3  1  0 -1  0 -1 -1  0  0 -1  0  0  0 -3  0  0   17   5   7  10   0   6   3   3   3   4   4   4   4   3   3   6   7   0   3   9  0.07 0.09
  436 K   -1  3  1  0 -3  2  1 -1  0 -1 -2  3 -2 -3 -3 -1  0 -4 -3 -1    5  16   6   6   0   9  10   5   3   5   3  19   0   0   0   3   5   0   0   6  0.25 0.19
  437 I    1 -3 -1 -3 -2 -1  0 -2 -3  2  2 -3  1  0 -3 -2  0 -3 -2  3   15   0   3   0   0   2   7   3   0  13  20   0   3   4   0   0   5   0   0  23  0.25 0.20
  438 L    1 -1 -3 -2 -3 -2 -2 -1 -1  0  3 -1  1 -1 -2 -1  0 -3 -2  0   13   2   0   3   0   0   2   5   2   2  44   3   4   2   2   4   4   0   0   7  0.27 0.22
  439 A    4 -3  1  0 -3 -1  0 -1 -3 -1 -2 -1 -1 -2 -1  0  1 -4 -1  0   39   0   7   5   0   3   5   4   0   2   2   2   1   2   2   5  10   0   2   8  0.30 0.27
  440 K    0  1  0 -1 -4  1  0 -1 -1 -3 -3  4  1 -2  0  0  1 -4 -3 -1    6   6   4   3   0   7   4   5   1   0   0  35   4   2   5   5   9   0   0   3  0.35 0.27
  441 H    0 -1  1 -1 -3  0 -1 -1  5 -2  1  1 -1  0 -1 -1 -1 -3  3 -2    8   2   7   2   0   3   3   3  18   0  14  12   1   4   3   4   4   0  10   3  0.23 0.21
  442 G    0 -4  1  1 -4 -3 -2  6 -4 -3 -3 -1 -4 -5 -4  0 -3 -5 -5 -4    7   0   6   6   0   0   2  60   0   2   2   4   0   0   0   7   0   0   0   0  1.01 0.46
  443 V    0 -4 -4 -4 -2 -2 -3 -3  0  4 -1 -4  0  2 -2 -2 -1  2  1  3    9   0   0   0   1   1   2   2   3  26   1   0   2  10   2   2   3   3   5  27  0.46 0.30
  444 M    1 -1  1 -1 -3 -1 -1 -2 -1 -1 -2  2 -1 -4 -2  1  4 -4 -1  0   13   3   6   2   0   2   1   2   1   2   2  14   1   0   2  12  31   0   2   5  0.33 0.29
  445 D    0 -1 -1  3 -4  1  2  1  0 -2 -3  1 -1 -4  1  0  0 -4 -2  0    6   1   1  19   0   7  12  12   3   2   0   9   1   0   7   4   6   0   1   9  0.23 0.19
  446 Y    0 -3 -1  1 -4 -1  1 -1 -3 -3 -3 -2 -2  2  5 -2 -2 -3  2  1    8   0   3   7   0   2  11   4   0   0   1   2   1  10  27   1   2   0   8  12  0.46 0.31
  447 I    0 -2 -1  0 -3 -1  0 -4 -3  2  0  0 -1 -1 -1 -1 -1 -4  0  3    6   1   4   6   0   2   8   0   0  16   9   5   0   2   2   4   2   0   3  30  0.22 0.21
  448 A    2 -3 -1 -3 -3 -1 -1 -2 -3  0 -1  0  5 -2  2 -1  1 -3  2  0   19   0   4   0   0   2   4   1   0   5   4   6  17   0  13   3   8   0   8   5  0.30 0.29
  449 P    0 -1 -1 -1 -2  1  1  0 -2  0 -1  1 -1  1  2  0  1 -2 -1  0    9   0   0   0   0   9   9   9   0   9   1   9   0   9   9   9   9   0   0   9  0.09 0.09
  450 D    0 -1  2  4 -3  0  3 -2 -2 -1 -3  1 -2 -3  1 -1  0 -4 -3 -2    6   0  10  28   0   0  22   1   0   6   1  10   0   0   6   1   6   0   0   0  0.41 0.18
  451 F   -1 -2 -3 -3 -2  0 -2 -3 -2  2  2 -2  0  1 -3 -2  0  3  2  1    4   0   0   0   0   5   1   1   0  20  33   0   0   6   0   1   5   4   9   9  0.25 0.13
  452 D    0  0  1  2 -3  0  2  0 -1 -2 -3  1 -2 -3 -2  2  0 -3 -2 -2    5   3   8  16   0   0  19   8   0   3   1   9   0   0   0  18   6   0   0   1  0.27 0.13
  453 T   -1 -1  1  0 -2  0  0 -2  1 -1 -1 -1 -1  1  0  1  3 -2 -1  0    3   1   5   4   0   4   5   1   5   1   5   3   0   9   4   9  36   0   0   5  0.21 0.15
  454 K    1  1  0  0 -3  0  2 -2 -2 -3 -3  4 -2 -4  0  0 -1 -3 -3 -3   12   6   4   4   0   0  18   1   0   0   1  42   0   0   3   6   3   0   0   0  0.44 0.22
  455 D    1  0 -1  2 -3  0  3 -2  1 -2 -2  0  1 -3 -1  0  0 -3 -2 -2   19   6   0  13   0   2  31   1   3   1   2   4   7   0   2   2   4   0   0   2  0.30 0.18
  456 K    1  0  0 -2 -3  2  0 -2 -2 -1 -2  5 -2 -2 -1 -1 -1 -3 -2 -2   13   1   3   1   0   8   4   1   0   4   4  52   0   2   2   2   1   0   0   1  0.43 0.22
  457 A    4 -2 -3 -3 -1 -2 -2 -2 -3  1  1 -2  1 -2 -2 -1 -1 -3 -2  1   54   1   0   1   0   0   1   1   0   9  18   1   4   0   1   1   1   0   0   9  0.37 0.19
  458 Q    0  1 -1 -2 -3  1  1 -2  3 -2 -2  1 -2 -1  2  0 -1  4  2  0    9   9   0   0   0   9   9   1   9   0   1   9   0   0   9   9   0   8   9   9  0.23 0.15
  459 K    1  0  1 -1 -3  1  2 -2 -1 -2 -1  2 -2 -2  2  0  0 -2  1 -1   14   4   8   0   0   7  14   1   0   0   5  15   0   0  11   4   5   0   6   4  0.19 0.14
  460 L    2 -2 -3 -3 -2 -2 -1 -2 -2  0  2 -2 -1  2  1 -1 -2 -1  3  0   23   0   0   0   0   0   5   1   0   6  23   0   0   7   7   1   0   0  18   7  0.24 0.17
  461 A    0 -2  0 -2  0 -2  0  0 -2  3  1 -2  2 -1 -2 -1  0 -3 -2  2    7   0   7   0   2   0   8   7   0  25  12   0   8   0   0   1   4   0   0  15  0.14 0.12
  462 K    0 -2  0  0 -3 -2 -1  5 -2 -3 -3  0 -3  1  1 -1 -2 -3 -2 -3    5   1   4   4   0   1   5  55   0   1   1   5   0   7   8   1   1   0   0   1  0.62 0.22
  463 V   -2  0 -2 -1 -2 -1  0 -1 -2  1  3 -2  3 -1 -3 -2 -2  1  0  1    1   6   0   4   0   0   9   6   0   9  39   1  11   0   1   1   1   2   3   6  0.20 0.15
  464 D   -2 -2  2  5 -4  0  2  0  1 -4 -4 -1 -3 -4 -1 -1 -1 -4 -3 -3    1   0   7  49   0   3  13   7   4   0   1   3   0   0   3   3   3   0   0   2  0.69 0.27
  465 I   -1 -1 -3 -3 -3 -2 -1 -3 -3  2  1 -2  7  0 -2 -2 -1 -3 -1  0    4   3   0   0   0   0   5   2   0  15  12   2  44   3   2   0   3   0   2   2  0.57 0.31
  466 A    0  0  1  3 -4  2  3 -2 -2 -4 -4  2 -3 -4  2  0 -1 -4 -3 -3    8   5   5  19   0   9  22   1   0   0   0  17   0   0   8   4   1   0   0   0  0.45 0.22
  467 A    1  1  1 -1 -4  1  0 -2 -2 -4 -4  5 -3 -4  0 -1 -1 -4 -3 -3   13   4   6   3   0   7   5   1   0   0   0  52   0   0   4   1   3   0   0   1  0.62 0.33
  468 L   -2  0 -2 -2 -3 -1  2 -4 -3  1  3  0  3  0 -3 -3 -2 -3 -2  0    0   6   1   1   0   1  22   0   0   9  36   4  12   3   0   0   0   0   0   3  0.37 0.25
  469 A   -1  2  3 -1 -3  0  0  0  3 -1 -1  1 -1 -3 -1 -1  0 -4 -2 -1    5  10  23   1   0   3   4   7  10   6   4  12   1   0   3   1   4   0   0   5  0.21 0.16
  470 A    3  0 -1 -1 -3  1  1 -2 -2 -2 -1  2 -2 -3  2  0  0 -4 -2 -2   35   2   2   1   0   7  12   1   0   1   7  15   0   0   9   4   4   0   1   1  0.30 0.22
  471 E    2 -1  0  1 -4  2  4  0  1 -4 -4  2 -3 -4 -1 -1 -2 -4 -3 -3   22   2   3   9   0  11  30   5   3   0   0  12   0   0   2   2   0   0   0   0  0.45 0.26
  472 K   -3  0 -2  0 -5  0  1 -4 -3 -5 -5  6 -4 -5  1 -1 -1 -5 -4 -4    0   0   0   5   0   2   9   0   0   0   0  71   0   0   7   3   4   0   0   0  1.11 0.49
  473 M    0 -1 -2  1  0  3  2 -3  2 -1  0  2  0 -3  0 -1 -2 -4 -2 -1   10   0   0   9   2  16  17   0   7   3   9  18   2   0   3   0   0   0   0   4  0.27 0.21
  474 K   -1  1  1  1 -4  1  4 -3  2 -3 -4  2 -1 -2  0 -1 -1 -4 -1 -3    5   7   7   8   0   6  31   0   5   1   0  18   1   2   5   0   2   0   2   1  0.41 0.24
  475 F   -5 -5 -5 -6 -5 -5 -5 -5 -3  1 -2 -5 -3  8 -6 -5 -4  6  4 -3    0   0   0   0   0   0   0   0   0   7   0   0   0  71   0   0   0  11  10   0  1.89 0.57
  476 K   -3  0 -2 -4 -3 -2 -2 -4 -3  2  4  3  1 -2 -4 -3 -2 -4 -3 -1    0   5   1   0   0   0   1   0   0  12  48  27   2   0   0   1   1   0   0   2  0.53 0.29
  477 Q   -2  1  1  2 -4  2  2 -2 -2 -3 -4  4 -3 -4  0 -1 -1 -4 -3 -1    1   4   7  15   0  12  16   1   0   0   0  30   0   0   3   3   1   0   0   6  0.46 0.24
  478 T   -2 -1  0  1 -3  0  3 -2 -2 -3 -3 -1 -3 -3 -3  0  5 -3  2 -2    0   3   2   7   0   2  21   3   0   1   0   2   0   0   0   1  49   0   8   0  0.61 0.32
  479 L   -2 -4 -4 -5 -2 -4 -3 -5 -4  3  2 -4  1 -2 -4 -3  0 -4 -3  5    0   0   0   0   0   0   1   0   0  14  24   0   2   0   0   0   5   0   0  54  0.75 0.29
  480 E   -1 -2 -2  1 -3 -2  3 -2 -3  1  0 -1 -1 -3 -3 -2 -2 -4 -3  4    1   2   1   7   0   0  22   3   0   5   9   2   0   0   0   0   0   0   0  47  0.40 0.24
  481 Q   -2 -1 -3 -3 -5  0 -1 -4 -4 -5 -5  2 -4 -6  8 -3 -3 -6 -5 -3    1   3   0   0   0   5   3   0   0   0   0  15   0   0  72   0   0   0   0   1  1.83 0.46
  482 E   -1  1  0  1 -4  3  3 -3  3 -3 -3  3 -1 -3 -2 -1 -2 -3  1 -3    5   6   4   6   0  19  21   0   9   0   1  20   1   0   0   0   1   0   7   0  0.43 0.19
  483 W   -5 -1 -5 -6 -5 -4 -5 -5 -4 -5 -4 -5 -4 -1 -5 -5 -4 12  2 -5    0   3   0   0   0   0   0   0   0   0   1   0   0   0   0   0   0  85   7   0  3.45 0.64
  484 K    0 -2  0  2 -3  0  1 -3 -1  1  1  0  0 -1  1 -1 -1 -3 -1  0    6   0   3  17   0   3  11   0   2  12  21   6   1   1   7   3   1   0   2   5  0.12 0.09
  485 K    0  0 -1  2 -4  1  3 -3 -1 -3 -4  4 -3 -4  2 -1 -2 -4 -3 -3   10   1   1  11   0   6  26   0   1   1   0  31   0   0  11   0   0   0   0   1  0.54 0.23
  486 E    0 -1 -2  0 -4  3  5 -3 -2 -2 -3  2 -3 -4 -2 -1 -1 -4 -3  0    6   1   0   3   0  12  50   0   0   1   0  11   0   0   1   1   4   0   0   9  0.63 0.27
  487 A    5 -3 -3 -3 -2 -2 -3  0 -3 -3 -1  0 -2 -4 -3  0  0 -4 -1 -2   75   0   0   0   0   0   0   5   0   0   5   6   0   0   0   3   3   0   2   0  0.83 0.34
  488 K   -1  4 -2  1 -4  1  2 -3 -2 -2 -4  5 -3 -4 -3 -1 -2 -4 -3 -2    3  21   0   7   0   2  12   0   0   2   0  46   0   0   0   3   0   0   0   4  0.65 0.26
  489 A    2  0 -2 -1 -3  1  3 -1 -2 -3 -2  4 -2 -4 -2  0 -1 -4 -3  0   21   2   0   0   0   5  21   3   0   0   2  35   0   0   0   4   1   0   0   7  0.40 0.20
  490 K    0  4  5 -1 -4  0  0 -2 -1 -4 -4  3 -3 -4 -3 -1 -1 -4 -3 -4    9  26  34   2   0   1   2   0   1   0   0  23   0   0   0   2   1   0   0   0  0.66 0.23
  491 G   -1 -2  0 -2 -4 -2  0  6 -1 -5 -5  1 -4 -4 -3 -1 -2 -4 -4 -4    0   0   3   1   0   0   7  72   1   0   0  12   0   0   0   2   0   0   0   0  1.04 0.24
  492 R   -1  4  2 -2 -3 -1 -1 -3 -2 -1  1  2 -1 -2 -3 -1  0 -3 -2 -1    4  39  11   0   0   0   1   0   0   2  23  10   0   0   0   0   7   0   0   1  0.37 0.16
  493 A   -1 -2 -3 -4 -2 -3 -2 -4 -3  1  4 -3  0  3  2 -2 -2 -2  2 -1    5   1   1   0   0   0   2   0   0   4  53   0   0  15  10   1   0   0   6   0  0.43 0.16
  494 N    0 -2  1  3 -2 -1 -1 -1  0 -2 -3 -1 -2 -3  4  2  1 -3  0 -2    8   0   8  22   0   0   0   1   3   2   0   2   0   0  21  17   8   0   4   2  0.38 0.10
  495 P    1 -1 -1 -1 -3  1  2 -2 -1 -2 -2  2 -1 -3  4 -1 -1 -3 -1 -2   16   0   0   0   0   3  22   1   0   0   3  19   2   0  26   1   3   0   2   1  0.46 0.08
  496 E   -1 -1  1  3 -4  1  4 -2 -1 -3 -3  2 -3 -4  1  0 -1 -4 -3 -3    2   0   7  22   0   5  36   0   0   0   0  14   0   0   5   6   0   0   0   1  0.50 0.09
  497 L    1 -2 -1 -2 -1 -1 -1  0 -2  0  1 -2  1 -1  0  1  1  2  0  0   18   0   2   0   0   0   1   6   0   7  24   0   3   0   4  15  11   3   3   2  0.11 0.04
  498 Y   -2  3 -1 -2 -3  2 -1 -3 -1 -2  1  3 -1 -1  1 -1 -2  3  1 -2    0  27   0   0   0  11   0   0   0   0  20  25   0   0   6   0   0   5   7   0  0.31 0.07
  499 K    0  1 -1  0 -4  1  3 -2 -1 -3 -3  5 -2 -3 -2 -1 -1 -3  0 -3    5   0   0   4   0   0  23   0   0   0   0  64   0   0   0   0   0   0   4   0  0.54 0.10
  500 D    0 -1  0  3 -3  1  2  2 -1 -2 -3  0 -2 -3 -2  0 -1 -3 -2 -1    5   0   0  21   0   8  25  24   0   0   1   0   0   0   0   6   0   0   0   7  0.32 0.03
  501 V    0 -2 -3 -3 -1 -2 -2 -3 -3  2  1 -2  3 -1 -2 -2 -1 -3 -1  4    6   0   0   0   0   0   0   0   0   0   8   0  17   0   0   0   0   0   0  65  0.33 0.05
  502 D    0  0  0  2 -2  1  1 -1 -1 -2 -2  2 -1 -3 -1  1  2 -2 -2 -2    1   1   1  13   0   8   8   1   0   1   1  25   0   1   1  16  21   0   0   1  0.24 0.02
  503 T    0 -1  1 -1 -1  1 -1 -2 -1 -1 -1 -1 -1 -2 -1  1  4 -2 -2  0    1   1   9   1   0   8   1   1   0   1   1   1   0   1   1   1  64   0   0   7  0.32 0.04
  504 I   -1 -1 -1  1 -1 -1 -1 -2 -2  2  0 -1  0 -1 -1 -1  0 -2 -1  2    3   2   2  13   1   1   2   2   1  29   3   2   1   1   2   2   2   0   1  30  0.09 0.01
  505 N    0 -1  3  0 -1  0  0 -1  0 -1 -1  0  1 -2 -1  2  0 -2 -1 -1    2   1  31   1   0   1   1   2   0   1   2   1  12   1   1  38   1   0   1   1  0.23 0.02
  506 D   -1 -1  0  4 -2  0  2 -2 -1 -1 -1  0  2 -2 -1  0 -1 -2 -2 -1    1   1   1  43   0   1  19   1   0   1   2   1  23   1   1   1   1   0   1   1  0.30 0.01
  507 G    1 -1 -1 -1 -2 -1  1  3 -1 -2 -1 -1 -1  2 -1  0 -1 -1  0 -1   24   1   1   1   0   1  15  29   0   1   2   1   0  18   1   1   1   0   1   1  0.18 0.00
  508 K   -1  2  0 -1 -3  1  1 -2 -1 -3 -3  5 -2 -3 -1  0 -1 -3 -2 -3    0   0   0   0   0   0   0   0   0   0   0 100   0   0   0   0   0   0   0   0  0.59 0.03
  509 S    1 -1  0 -1 -1  0  0 -1 -1 -2 -2  0 -1 -3 -1  4  3 -3 -2 -1    0   0   0   0   0   0   0   0   0   0   0   0   0   0   0  76  24   0   0   0  0.42 0.01
  510 S    1 -1  1  0 -1  0  0  0 -1 -3 -3  0 -2 -3 -1  4  1 -3 -2 -2    0   0   0   0   0   0   0   0   0   0   0   0   0   0   0 100   0   0   0   0  0.48 0.01
  511 W   -2 -2 -3 -4 -3 -2 -3 -3  0 -2 -2 -3 -1  2 -4 -2 -2 10  5 -2    0   0   0   0   0   0   0   0   0   0   0   0   0   0   0   0   0  58  42   0  1.49 0.02
  512 N    0 -1  4  0 -2  0 -1 -1  0 -3 -3 -1 -2 -1 -2  3  1 -1  3 -2    0   0  35   0   0   0   0   0   0   0   0   0   0   0   0  47   0   0  18   0  0.33 0.01
  513 K   -1  1  0  2 -3  3  1 -2 -1 -3 -3  4 -1 -3 -1  0 -1 -3 -2 -3    0   0   0  18   0  23   0   0   0   0   0  59   0   0   0   0   0   0   0   0  0.44 0.01
  514 K   -1  2  0 -1 -3  1  1 -2 -1 -3 -3  5 -1 -3 -1  0 -1 -3 -2 -2    0   0   0   0   0   0   0   0   0   0   0 100   0   0   0   0   0   0   0   0  0.51 0.00

                      K         Lambda
Standard Ungapped    0.1307     0.3148
Standard Gapped      0.0409     0.2670
PSI Ungapped         0.1340     0.3095
PSI Gapped           0.0409     0.2670
