
Last position-specific scoring matrix computed, weighted observed percentages rounded down, information per position, and relative weight of gapless real matches to pseudocounts
           A  R  N  D  C  Q  E  G  H  I  L  K  M  F  P  S  T  W  Y  V   A   R   N   D   C   Q   E   G   H   I   L   K   M   F   P   S   T   W   Y   V
    1 M   -1 -2 -3 -4 -2 -1 -3 -3 -2  1  2 -2  7  0 -3 -2 -1 -2 -1  0    0   0   0   0   0   0   0   0   0   0   0   0 100   0   0   0   0   0   0   0  0.59 0.06
    2 K   -1  2  0 -1 -4  1  1 -2 -1 -3 -3  5 -2 -4 -1  0 -1 -3 -2 -3    0   4   0   0   0   0   0   0   0   0   0  96   0   0   0   0   0   0   0   0  0.62 0.04
    3 W   -3 -3 -4 -5 -3 -3 -4 -3 -3 -3 -1 -4 -1  1 -4 -3 -3 12  2 -3    0   0   0   0   0   0   0   0   0   0   7   0   0   0   0   0   0  93   0   0  2.35 0.06
    4 Q    0  0  0 -1 -2  5  1 -1  0 -3 -3  1 -1 -3 -1  3  0 -3 -2 -2    0   0   0   0   0  62   0   0   0   0   0   0   0   0   0  38   0   0   0   0  0.51 0.03
    5 Q   -1  0  4  0 -3  5  1 -2  3 -3 -3  1 -1 -3 -2  0 -1 -3 -1 -3    0   0  30   0   0  62   0   0   8   0   0   0   0   0   0   0   0   0   0   0  0.56 0.03
    6 R   -2  6 -1 -2 -4  1 -1 -3  3 -3 -2  2 -2 -1 -3 -1 -2 -2  2 -3    0  78   0   0   0   0   0   0  10   0   0   0   0   0   0   0   0   0  13   0  0.63 0.03
    7 V   -1 -3 -3 -4 -1 -3 -3 -4 -3  4  1 -3  1  1 -3 -2 -1 -3 -1  4    0   0   0   0   0   0   0   0   0  38   0   0   0   7   0   0   0   0   0  54  0.36 0.02
    8 R   -1  5  0 -1 -4  4  1 -3  0 -3 -3  2 -1 -3 -2 -1 -1 -3 -2 -3    0  62   0   0   0  38   0   0   0   0   0   0   0   0   0   0   0   0   0   0  0.66 0.03
    9 V   -1 -3 -3 -1 -1 -3 -3 -4 -3  4  1 -3  1 -1 -3 -2 -1 -3 -2  4    0   0   0   6   0   0   0   0   0  38   0   0   0   0   0   0   0   0   0  55  0.32 0.02
   10 A    3 -1 -3 -3 -1 -2 -2 -2 -3  2  0 -2  0 -1 -2  0  0 -3 -2  3   41   3   0   0   0   0   0   0   0  16   0   0   0   0   0   0   0   0   0  40  0.21 0.02
   11 T    0 -1  0 -1 -1 -1 -1 -2 -2 -1 -2 -1 -1 -3 -1  1  6 -3 -2  0    0   0   0   0   0   0   0   0   0   0   0   0   0   0   0   0 100   0   0   0  0.60 0.04
   12 G    0 -3 -1 -2 -3 -2 -3  6 -2 -4 -4 -2 -3 -4 -3 -1 -2 -3 -4 -4    0   0   0   0   0   0   0 100   0   0   0   0   0   0   0   0   0   0   0   0  1.14 0.03
   13 L   -1 -1 -2 -2 -2  3  0 -3 -1  0  3 -1  2 -1 -3 -2 -1 -2 -1  0    0   0   0   0   0  38   0   0   0   0  56   0   6   0   0   0   0   0   0   0  0.28 0.02
   14 S    0 -1  1 -1 -1 -1 -1  1 -1 -2 -3 -1 -2 -3 -1  3  3 -3 -2 -2    0   0   8   0   0   0   0  13   0   0   0   0   0   0   0  49  30   0   0   0  0.36 0.02
   15 C   -1 -4 -3 -4  9 -3 -4 -3 -3 -2 -1 -4 -2 -2 -3 -1 -1  4  0 -1    0   0   0   0  84   0   0   0   0   0   4   0   0   0   0   0   0   7   5   0  1.18 0.05
   16 W   -1 -3 -3 -4 -2 -2 -3 -1 -3 -1  0 -3  1  0 -3 -2 -2 10  1  0    7   0   0   0   0   0   0   6   0   0  11   0   5   0   0   0   0  56   0  15  1.11 0.04
   17 Q   -1  0  0 -1 -3  5  1 -2  6 -3 -3  1 -1 -3 -2 -1 -1 -3  0 -3    0   0   0   0   0  62   0   0  38   0   0   0   0   0   0   0   0   0   0   0  0.66 0.04
   18 I   -2 -4 -4 -4 -2 -3 -4 -4 -4  5  1 -3  1  0 -3 -3 -1 -3 -2  3    0   0   0   0   0   0   0   0   0 100   0   0   0   0   0   0   0   0   0   0  0.51 0.04
   19 M    2 -2 -3 -3 -1 -1 -2 -2 -2  1  2 -2  5 -1 -2 -1 -1 -2 -2  1   29   0   0   0   0   0   0   0   0   4   7   0  57   0   0   0   0   0   0   4  0.28 0.03
   20 L   -2 -2 -3 -4 -2 -2 -3 -4 -3  1  4 -3  3  0 -3 -2  0 -2 -1  1    0   0   0   0   0   0   0   0   0   0  81   0  13   0   0   0   5   0   0   0  0.44 0.03
   21 H   -2 -1  0 -2 -4  0  0 -3  9 -4 -3 -1 -2 -2 -3 -1 -2 -3  2 -4    0   0   0   0   0   0   0   0 100   0   0   0   0   0   0   0   0   0   0   0  1.18 0.06
   22 L   -2 -2 -4 -4 -2 -2 -3 -4 -3  1  4 -3  3  0 -3 -3 -1 -2 -1  1    0   0   0   0   0   0   0   0   0   0  90   0  10   0   0   0   0   0   0   0  0.51 0.03
   23 L    0 -2 -4 -4 -2 -2 -3 -3 -3  1  4 -3  2  1 -3 -2 -1 -2 -1  1   11   0   0   0   0   0   0   0   0   0  82   0   0   7   0   0   0   0   0   0  0.38 0.03
   24 V   -1 -3 -3 -4 -1 -3 -3 -4 -4  3  2 -3  1 -1 -3 -2  0 -3 -2  4    0   0   0   0   0   0   0   0   0  10  11   0   0   0   0   0   0   0   0  79  0.40 0.03
   25 V   -1 -3 -3 -4 -1 -3 -3 -4 -4  4  1 -3  1 -1 -3 -2  0 -3 -2  4    0   0   0   0   0   0   0   0   0  32   0   0   0   0   0   0   0   0   0  68  0.42 0.03
   26 A    5 -2 -2 -2 -1 -1 -1  0 -2 -2 -2 -1 -1 -3 -1  1  0 -3 -2  0  100   0   0   0   0   0   0   0   0   0   0   0   0   0   0   0   0   0   0   0  0.51 0.04
   27 L    2 -2 -3 -3 -1 -2 -2 -1 -3  2  2 -2  2 -1 -2 -1 -1 -2 -2  2   27   0   0   0   0   0   0   5   0   8  34   0  12   0   0   0   0   0   0  14  0.17 0.01
   28 L   -2 -3 -4 -4 -2 -3 -3 -4 -3  2  4 -3  2  0 -3 -3 -1 -2 -1  1    0   0   0   0   0   0   0   0   0   0  92   0   0   0   0   0   0   0   0   8  0.50 0.03
   29 V   -1 -3 -4 -4 -1 -3 -3 -4 -4  3  1 -3  1 -1 -3 -2 -1 -3 -2  5    0   0   0   0   0   0   0   0   0   7  11   0   0   0   0   0   0   0   0  82  0.45 0.05
   30 V   -1 -3 -4 -4 -2 -2 -3 -3 -3  1  0 -3  5  0 -4 -2 -2  9  0  2    3   0   0   0   0   0   0   0   0   8   0   0  35   0   0   0   0  35   0  19  0.82 0.08
   31 G    1 -3 -1 -2 -3 -2 -3  6 -3 -4 -4 -2 -3 -4 -3 -1 -2 -3 -4 -4    7   0   0   0   0   0   0  93   0   0   0   0   0   0   0   0   0   0   0   0  1.16 0.08
   32 W   -4 -4 -5 -6 -3 -3 -4 -4 -3 -4 -3 -4 -2  0 -5 -4 -4 12  2 -4    0   0   0   0   0   0   0   0   0   0   0   0   0   0   0   0   0 100   0   0  3.05 0.16
   33 M   -1  0 -2 -2 -3  0 -1 -3 -2 -1  0  4  6 -2 -2 -1  0 -3 -2 -1    0   0   0   0   0   0   0   0   0   0   4  46  46   0   0   0   5   0   0   0  0.39 0.09
   34 S    0 -1  1 -1 -2  0 -1 -1  6 -3 -3 -1 -2 -2 -2  3  1 -3  1 -3    0   0   5   0   0   0   0   2  36   0   0   0   0   0   0  45   7   0   4   0  0.48 0.07
   35 K    0  1  1 -1 -3  2  0  4 -1 -4 -3  2 -2 -4 -2  0 -1 -3 -3 -3    7   4   5   0   0  19   0  45   0   0   0  20   0   0   0   0   0   0   0   0  0.46 0.05
   36 T    3 -2 -1 -2 -1 -1 -1 -1 -2 -1 -1 -1 -1 -2 -1  1  3 -3 -2  0   52   0   0   0   0   0   0   0   0   0   7   0   0   0   0   5  30   0   0   5  0.32 0.06
   37 L   -2 -3 -4 -4 -2 -3 -4 -5 -4  1  5 -3  2  0 -4 -3 -2 -2 -2  0    0   0   0   0   0   0   0   0   0   0 100   0   0   0   0   0   0   0   0   0  0.69 0.09
   38 V   -1 -3 -4 -4 -1 -3 -3 -4 -4  3  2 -3  1 -1 -3 -2 -1 -3 -2  5    0   0   0   0   0   0   0   0   0   7  19   0   0   0   0   0   0   0   0  74  0.47 0.07
   39 H   -1  3  0  1 -4  3  2 -2  3 -4 -3  2 -2 -3  1 -1 -1 -3 -1 -3    0  26   0   6   0  19  13   0  13   0   0  15   0   0   7   0   0   0   0   0  0.43 0.04
   40 V   -1 -3 -4 -4 -1 -3 -3 -4 -4  3  0 -3  0 -1 -3 -2 -1 -4 -2  5    0   0   0   0   0   0   0   0   0   6   0   0   0   0   0   0   0   0   0  94  0.60 0.09
   41 G    0 -3 -1 -2  4 -2 -2  5 -2 -4 -4 -2 -3 -3 -2  2 -1 -3 -3 -3    0   0   0   0  15   0   0  62   0   0   0   0   0   0   0  23   0   0   0   0  0.72 0.07
   42 V   -1 -2 -2 -2 -1 -2 -2 -3 -3  1  3 -2  1 -1 -2  1  2 -3 -2  1    0   0   0   0   0   0   0   0   0   5  44   0   0   0   0  19  19   0   0  12  0.22 0.04
   43 G    0 -3 -1 -2 -2 -2 -2  4 -3  0 -1 -2 -1 -2 -2  0  2 -3 -3  1    0   0   0   0   0   0   0  49   0   6   6   0   0   0   0   3  19   0   0  17  0.38 0.05
   44 L   -2 -3 -4 -4 -2 -3 -3 -4 -3  1  4 -3  2  4 -3 -3 -2 -1  1  0    0   0   0   0   0   0   0   0   0   0  71   0   0  29   0   0   0   0   0   0  0.42 0.01
   45 C   -1 -3 -3 -4  7 -3 -3 -3 -3  1  3 -3  1 -1 -3 -2 -1 -2 -2  2    0   0   0   0  36   0   0   0   0   0  43   0   0   0   0   0   0   0   0  20  0.44 0.01
   46 A    3 -2 -2 -3 -1 -2 -2 -2 -3  1  1 -2  0 -2 -2  0  1 -3 -2  3   40   0   0   0   0   0   0   0   0   0  10   0   0   0   0   0   9   0   0  40  0.23 0.04
   47 L    0 -2 -3 -4 -2 -2 -3 -3 -3  1  4 -3  3  0 -3 -2 -1 -2 -2  1    9   0   0   0   0   0   0   0   0   0  69   0  10   0   0   0   3   0   0   9  0.37 0.05
   48 Y   -3 -2 -3 -4 -3 -2 -3 -4  1 -2 -2 -3 -2  3 -4 -2 -2  2  8 -2    0   0   0   0   0   0   0   0   0   0   0   0   0   0   0   0   0   0 100   0  1.33 0.12
   49 C    3 -2 -1 -2  3 -2 -2  3 -2 -1 -2 -2 -2 -3 -2  1 -1 -3 -3  0   42   0   0   0   9   0   0  31   0   0   0   0   0   0   0   7   0   0   0  12  0.35 0.04
   50 V    1 -3 -2 -3 -1 -2 -3  1 -3  1  2 -2  1 -1 -3 -1 -1 -3 -2  3   10   0   0   0   0   0   0  15   0   0  19   0   5   0   0   4   0   0   0  46  0.19 0.04
   51 T    0 -2 -1 -2 -1 -2 -2 -3 -3  0 -1 -2 -1 -2 -2  1  5 -3 -2  3    0   0   0   0   0   0   0   0   0   0   0   0   0   0   0   3  63   0   0  34  0.43 0.08
   52 V   -1 -3 -4 -4 -2 -3 -3 -4 -3  2  2 -3  1  4 -3 -3 -1 -1  1  3    0   0   0   0   0   0   0   0   0   3  17   0   0  34   0   0   0   0   0  46  0.39 0.06
   53 V   -1 -3 -3 -3 -1 -2 -3 -3 -3  3  3 -2  1 -1 -3 -1  1 -3 -2  3    0   0   0   0   0   0   0   0   0  19  36   0   0   0   0   5  11   0   0  29  0.27 0.04
   54 M    2 -2 -2 -2 -1 -1 -2 -2 -2  0  2 -2  2 -1 -2  1  2 -3 -2  0   31   0   0   0   0   0   0   0   0   0  33   0  10   0   0  10  16   0   0   0  0.19 0.04
   55 M   -2 -2 -3 -4 -2 -1 -3 -4 -2  1  1 -2  8 -1 -3 -2 -1 -2 -2  0    0   0   0   0   0   0   0   0   0   0   0   0 100   0   0   0   0   0   0   0  0.95 0.15
   56 L   -2 -3 -4 -4 -2 -3 -4 -4 -3  1  5 -3  2  2 -4 -3 -2 -2 -1  0    0   0   0   0   0   0   0   0   0   0  93   0   0   7   0   0   0   0   0   0  0.60 0.08
   57 V    2 -3 -3 -3 -1 -2 -2 -2 -2  2  1 -2  1  3 -2 -1 -1 -2  0  2   31   0   0   0   0   0   0   0   0  12  16   0   4  21   0   0   0   0   0  16  0.19 0.03
   58 F   -1 -2 -2 -3 -2 -2 -3 -3 -3  0  3 -2  2  3 -3 -1  2 -1  0  0    0   0   0   0   0   0   0   0   0   0  47   0   4  22   0   0  28   0   0   0  0.31 0.05
   59 Q   -2  0 -1 -1 -4  7  1 -3  0 -4 -3  1 -1 -4 -2 -1 -1 -3 -2 -3    0   0   0   0   0 100   0   0   0   0   0   0   0   0   0   0   0   0   0   0  1.06 0.14
   60 R   -2  7 -1 -2 -4  1 -1 -3 -1 -4 -3  2 -2 -4 -3 -1 -2 -4 -2 -3    0 100   0   0   0   0   0   0   0   0   0   0   0   0   0   0   0   0   0   0  1.10 0.12
   61 H   -2  0  0 -2 -3  0 -1 -2  7 -1  0 -1 -1  1 -2 -1 -2 -2  1 -1    1   6   1   1   0   1   1   1  56   4  12   1   0   8   1   1   1   0   0   4  0.46 0.06
   62 P   -1  0  0 -1 -3  1 -1 -2  7 -3 -3 -1 -2 -2  5 -1 -2 -3  0 -3    1   3   1   1   0   7   1   1  48   1   1   1   0   1  31   1   1   0   0   1  0.77 0.07
   63 E   -1 -1  0  3 -3  1  4 -2  2 -2 -2  0 -2 -3 -1  1  1 -3 -1 -1    1   1   0  17   0   0  40   1  10   3   1   1   0   0   1  12   8   0   0   4  0.32 0.04
   64 Q    2 -1 -1 -1 -2  3  1  3 -1 -2 -2  0 -1 -2 -1  0 -1 -2 -2 -1   34   1   1   1   0  23   5  23   0   1   2   1   0   1   1   1   1   0   1   1  0.26 0.03
   65 R   -2  6 -1 -2 -3  0 -1 -3 -1 -2  0  1 -1 -2 -2 -1 -1 -3 -2 -1    1  76   0   1   0   0   1   1   0   0  13   1   0   0   0   1   1   0   0   4  0.60 0.07
   66 W   -3 -1 -4 -5 -2 -2 -3 -4 -3  0  3 -3  0  0 -4 -3 -2 10  1 -1    0   5   0   0   0   0   0   0   0   0  45   0   0   0   0   0   0  50   0   0  1.18 0.07
   67 R   -2  7 -1 -2 -4  1  0 -3 -1 -4 -3  2 -2 -3 -3 -1 -1 -3 -2 -3    0 100   0   0   0   0   0   0   0   0   0   0   0   0   0   0   0   0   0   0  0.90 0.04
   68 E   -1  2  0  4 -3  1  3 -1 -1 -3 -3  0 -1 -3 -2  0  1 -4 -3 -2    0  22   0  37   0   0  24   3   0   0   0   0   4   0   0   0  11   0   0   0  0.40 0.01
   69 V   -1 -3 -3 -4 -1 -3 -3 -4 -3  3  2 -3  2  1 -3 -2 -1 -2 -1  3    0   0   0   0   0   0   0   0   0  15  19   0   5   5   0   0   0   0   0  57  0.31 0.01
   70 A    2 -2 -1 -2 -2 -2 -2  6 -2 -3 -3 -2 -2 -3 -2  0 -1 -3 -3 -2   25   0   0   0   0   0   0  75   0   0   0   0   0   0   0   0   0   0   0   0  0.77 0.02
   71 D   -2 -2  1  7 -4 -1  2 -2 -1 -4 -4 -1 -4 -4 -2  0 -1 -5 -4 -4    0   0   0 100   0   0   0   0   0   0   0   0   0   0   0   0   0   0   0   0  1.03 0.03
   72 V    0 -3 -2 -3 -2 -2 -2 -3 -1  1  0 -2  0  4 -3  0 -1  0  3  2    4   0   0   0   0   0   0   0   0   0   0   0   0  38   0  12   0   0  11  35  0.26 0.01
   73 L   -2 -2 -4 -4 -1 -2 -3 -4 -3  2  4 -3  3  0 -3 -3 -1 -2 -1  1    0   0   0   0   0   0   0   0   0   0  90   0  10   0   0   0   0   0   0   0  0.44 0.00
   74 E   -1  0  0  2 -4  2  6 -2  0 -4 -3  1 -2 -4 -1  0 -1 -3 -2 -3    0   0   0   0   0   0 100   0   0   0   0   0   0   0   0   0   0   0   0   0  0.75 0.01
   75 E   -1  0  0  3 -4  2  5 -2  0 -4 -3  1 -2 -4 -1  0 -1 -3 -2 -3    0   0   0  17   0   0  83   0   0   0   0   0   0   0   0   0   0   0   0   0  0.69 0.01
   76 L    0 -2 -3 -4 -1 -2 -3 -3 -3  2  3 -2  2  0 -3 -2 -1 -2 -1  2   10   0   0   0   0   0   0   0   0   0  66   0   0   0   0   0   0   0   0  24  0.30 0.00
   77 T    0 -1  0 -1 -1 -1 -1 -2 -2 -1 -1 -1 -1 -2 -1  1  5 -3 -2  0    0   0   0   0   0   0   0   0   0   0   0   0   0   0   0   0 100   0   0   0  0.49 0.01
   78 T    0 -1  0 -1 -1 -1 -1 -2 -2 -1 -1 -1 -1 -2 -1  1  5 -3 -2  0    0   0   0   0   0   0   0   0   0   0   0   0   0   0   0   0 100   0   0   0  0.49 0.01
   79 T    0 -2  0 -1 -1 -1 -1 -2 -2 -1 -2 -1 -1 -3 -1  1  6 -3 -2  0    0   0   0   0   0   0   0   0   0   0   0   0   0   0   0   0 100   0   0   0  0.62 0.05
   80 W   -3 -3 -4 -4 -3 -2 -3 -3 -1 -3 -2 -3 -2  2 -4 -3 -3 11  5 -3    0   0   0   0   0   0   0   0   0   0   0   0   0   0   0   0   0  65  35   0  1.76 0.06
   81 Y   -2 -2 -3 -4 -3 -2 -3 -4  2 -2 -2 -2 -1  3 -4 -2 -2  2  8 -2    0   0   0   0   0   0   0   0   0   0   0   0   0   0   0   0   0   0 100   0  1.11 0.06
   82 F   -3 -3 -4 -4 -3 -4 -4 -4 -2  0  0 -4  0  7 -4 -3 -3  1  3 -1    0   0   0   0   0   0   0   0   0   0   0   0   0 100   0   0   0   0   0   0  0.95 0.05
   83 G    0 -3 -1 -2 -3 -2 -3  6 -3 -4 -4 -2 -3 -4 -3 -1 -2 -3 -4 -4    0   0   0   0   0   0   0 100   0   0   0   0   0   0   0   0   0   0   0   0  1.16 0.04
   84 A    4 -2  1 -2 -1 -1 -1  0 -2 -1 -2 -1 -1 -3 -1  1  2 -3 -2  0   68   0   8   0   0   0   0   0   0   0   0   0   0   0   0   0  20   0   0   3  0.32 0.03
   85 A    5 -2 -2 -2 -1 -1 -1  0 -2 -2 -2 -1 -1 -3 -1  2  0 -3 -2 -1   91   0   0   0   0   0   0   0   0   0   0   0   0   0   0   9   0   0   0   0  0.47 0.04
   86 L   -1 -2 -3 -4 -2 -1 -3 -4 -2  2  3 -2  6  0 -3 -2 -1 -2 -1  1    0   0   0   0   0   0   0   0   0   5  29   0  59   0   0   0   0   0   0   7  0.41 0.04
   87 I   -2 -3 -3 -4 -2 -2 -3 -4 -3  4  2 -3  3  0 -3 -3 -1 -3 -2  2    0   0   0   0   0   0   0   0   0  65  15   0  20   0   0   0   0   0   0   0  0.39 0.03
   88 V    2 -2 -2 -3 -1 -2 -2 -2 -3  1  0 -2  0 -2 -2  0  2 -3 -2  3   25   0   0   0   0   0   0   0   0   0   0   0   0   0   0   0  20   0   0  55  0.23 0.02
   89 L   -2 -3 -4 -4 -2 -3 -3 -4 -3  2  4 -3  2  0 -3 -3 -1 -2 -1  1    0   0   0   0   0   0   0   0   0   6  94   0   0   0   0   0   0   0   0   0  0.52 0.03
   90 W   -3 -3 -4 -5 -3 -3 -3 -3 -2 -2  0 -3 -1  4 -4 -3 -3 11  3 -2    0   0   0   0   0   0   0   0   0   0  10   0   0  20   0   0   0  65   5   0  1.59 0.05
   91 L   -2 -3 -4 -4 -2 -2 -3 -4 -3  2  4 -3  2  0 -3 -3 -1 -2 -1  1    0   0   0   0   0   0   0   0   0   0  85   0   5   0   0   0   0   0   0  10  0.47 0.03
   92 L   -2 -3 -4 -4 -1 -3 -3 -4 -3  2  4 -3  2  0 -3 -3 -1 -2 -1  2    0   0   0   0   0   0   0   0   0  13  75   0   0   0   0   0   0   0   0  12  0.43 0.02
   93 S    1 -1  0 -1 -1  0  0 -1 -1 -3 -3  0 -2 -3 -1  5  1 -3 -2 -2    0   0   0   0   0   0   0   0   0   0   0   0   0   0   0 100   0   0   0   0  0.57 0.05
   94 R   -2  7 -1 -2 -4  1  0 -3 -1 -4 -3  2 -2 -3 -3 -1 -2 -3 -2 -3    0 100   0   0   0   0   0   0   0   0   0   0   0   0   0   0   0   0   0   0  0.91 0.05
   95 V   -1 -3 -3 -4 -1 -3 -3 -4 -3  3  1 -3  1  1 -3 -2 -1 -3 -1  4    0   0   0   0   0   0   0   0   0  22   0   0   5   8   0   0   0   0   0  66  0.35 0.03
   96 L   -2 -3 -4 -4 -2 -3 -3 -4 -3  3  3 -3  2  1 -3 -3 -1 -2  1  2    0   0   0   0   0   0   0   0   0  19  58   0   0   5   0   0   0   0   5  13  0.35 0.02
   97 E   -2  0  0 -1 -4  3  1 -2  8 -4 -3  0 -2 -2  1 -1 -2 -3  1 -3    0   0   0   0   0  22   7   0  65   0   0   0   0   0   6   0   0   0   0   0  0.72 0.04
   98 N   -2 -1  7  1 -3  0 -1 -1  0 -4 -4  0 -3 -4 -2  1  0 -4 -3 -3    0   0  96   0   0   0   0   0   0   0   0   0   0   0   0   4   0   0   0   0  0.86 0.05
   99 N   -2 -1  6  1 -3  0 -1 -1  3 -4 -4 -1 -3 -3  0  0 -1 -4 -2 -3    0   0  83   0   0   0   0   0  12   0   0   0   0   0   5   0   0   0   0   0  0.73 0.04
  100 F   -2 -3 -4 -4 -2 -3 -3 -4 -3  1  4 -3  2  3 -3 -3 -1 -1  0  1    0   0   0   0   0   0   0   0   0   0  69   0   0  19   0   0   0   0   0  12  0.40 0.02
  101 L   -2 -3 -4 -4 -2 -3 -3 -4 -3  2  4 -3  2  0 -3 -3 -1 -2 -1  1    0   0   0   0   0   0   0   0   0   6  89   0   0   0   0   0   0   0   0   5  0.49 0.03
  102 L   -2 -3 -4 -4 -2 -3 -3 -4 -3  2  4 -3  2  0 -3 -3 -1 -2 -1  1    0   0   0   0   0   0   0   0   0   8  92   0   0   0   0   0   0   0   0   0  0.51 0.03
  103 A    4 -2 -2 -2 -1 -1 -1  3 -2 -2 -2 -1 -1 -3 -1  1 -1 -3 -2  0   74   0   0   0   0   0   0  22   0   0   0   0   0   0   0   0   0   0   0   4  0.42 0.03
  104 I    1 -3 -3 -3  4 -2 -3 -3 -3  2  3 -2  1 -1 -3 -1 -1 -2 -2  1   17   0   0   0  16   0   0   0   0  14  46   0   0   0   0   5   0   0   0   3  0.24 0.02
  105 A    3 -2 -2 -3  2 -2 -2 -1 -2  0  1 -2  0  0 -2  0 -1 -2 -1  1   60   0   0   0   5   0   0   0   0   0  20   0   0   4   0   0   0   0   0  11  0.21 0.02
  106 G    0 -3 -1 -2 -3 -2 -3  6 -3 -4 -4 -2 -3 -4 -3 -1 -2 -3 -4 -4    0   0   0   0   0   0   0 100   0   0   0   0   0   0   0   0   0   0   0   0  1.16 0.04
  107 L   -1 -3 -4 -4 -1 -2 -3 -4 -3  2  3 -3  2  0 -3 -2 -1 -2 -1  3    0   0   0   0   0   0   0   0   0   0  53   0   5   0   0   0   0   0   0  43  0.36 0.02
  108 A    3 -2 -2 -3 -1 -2 -2  0 -3  1  0 -2  1 -2 -2  0  0 -3 -2  3   40   0   0   0   0   0   0   5   0   0   5   0   4   0   0   0   0   0   0  46  0.20 0.02
  109 I   -1 -3 -3 -4 -2 -2 -3 -4 -3  4  2 -3  4  0 -3 -2 -1 -2 -1  2    0   0   0   0   0   0   0   0   0  58   6   0  36   0   0   0   0   0   0   0  0.38 0.03
  110 L   -2 -3 -4 -4 -2 -3 -3 -4 -3  2  5 -3  2  0 -3 -3 -2 -2 -1  1    0   0   0   0   0   0   0   0   0   0 100   0   0   0   0   0   0   0   0   0  0.54 0.03
  111 A    4 -2 -2 -2 -1 -1 -1 -1 -2  0  0 -1 -1 -2 -1  1  1 -3 -2  1   71   0   0   0   0   0   3   0   0   0   9   0   0   0   0   0   9   0   0   9  0.27 0.02
  112 G    0 -3 -1 -2 -3 -2 -3  6 -2 -4 -4 -2 -3 -4 -3 -1 -2 -3 -4 -4    0   0   0   0   0   0   0 100   0   0   0   0   0   0   0   0   0   0   0   0  1.15 0.03
  113 P   -1 -3 -3 -2 -3 -2 -2 -3 -3 -3 -3 -1 -3 -4  8 -1 -1 -4 -4 -3    0   0   0   0   0   0   0   0   0   0   0   0   0   0 100   0   0   0   0   0  2.15 0.05
  114 A    5 -2 -2 -2  2 -1 -1  0 -2 -2 -2 -1 -1 -3 -1  1  0 -3 -2  0   95   0   0   0   5   0   0   0   0   0   0   0   0   0   0   0   0   0   0   0  0.46 0.03
  115 V   -1 -3 -4 -4 -1 -3 -3 -4 -3  2  3 -3  1  0 -3 -2 -1 -3 -1  3    0   0   0   0   0   0   0   0   0   4  43   0   0   0   0   0   0   0   0  52  0.36 0.02
  116 V   -1 -3 -3 -4 -1 -3 -3 -4 -3  2  1 -3  1  1 -3 -2  0 -3 -1  4    0   0   0   0   0   0   0   0   0   0   9   0   3   6   0   0   0   0   0  81  0.35 0.03
  117 S    1 -1  0 -1 -1  0  0 -1 -1 -3 -3  0 -2 -3 -1  5  1 -3 -2 -2    0   0   0   0   0   0   0   0   0   0   0   0   0   0   0 100   0   0   0   0  0.56 0.04
  118 L   -2 -3 -4 -4 -2 -3 -3 -4 -3  2  5 -3  2  0 -3 -3 -2 -2 -1  1    0   0   0   0   0   0   0   0   0   0 100   0   0   0   0   0   0   0   0   0  0.54 0.03
  119 L   -2 -3 -4 -4 -2 -3 -3 -4 -3  2  5 -3  2  0 -3 -3 -2 -2 -1  1    0   0   0   0   0   0   0   0   0   0 100   0   0   0   0   0   0   0   0   0  0.54 0.03
  120 A    4 -2 -2 -2 -1 -1 -1 -1 -2  0 -1 -1 -1 -2 -1  1  1 -3 -2  1   72   0   0   0   0   0   0   0   0   0   0   0   0   0   0   0   8   0   0  20  0.30 0.02
  121 K   -1  3  0 -1 -4  1  1 -2 -1 -3 -3  5 -2 -4 -1  0 -1 -3 -2 -3    0   6   0   0   0   0   0   0   0   0   0  94   0   0   0   0   0   0   0   0  0.62 0.04
  122 D   -1 -1  0  5 -4  1  5 -2 -1 -4 -4  0 -3 -4 -2  0 -1 -4 -3 -3    0   0   0  40   0   0  60   0   0   0   0   0   0   0   0   0   0   0   0   0  0.74 0.03
  123 K   -1  4 -1 -1 -4  1  0 -2 -1 -3 -3  4 -2 -4  3 -1 -1 -3 -2 -3    0  31   0   0   0   0   0   0   0   0   0  51   0   0  18   0   0   0   0   0  0.58 0.02
  124 K   -1  2  1 -1 -3  1  0 -1 -1 -3 -3  4 -2 -3  3  1  0 -3 -2 -2    0   7   7   0   0   0   0   0   0   0   0  52   0   0  14  16   0   0   0   0  0.39 0.02
  125 L   -1  2 -2 -2 -2 -1 -1 -2 -2  0  3  0  1  0 -2  0 -1 -2 -1  0    1  19   1   1   0   1   1   1   0   1  55   1   0   1   1  12   1   0   1   1  0.14 0.01
  126 H   -1  2  1  0 -3  0  0  1  5 -3 -3  0 -2 -1 -2  0 -1 -2  2 -3    1  19   3   6   0   0   4  15  35   1   1   1   0   0   1   4   1   0   8   1  0.29 0.01
  127 H   -2 -1  4  2 -3  0  0 -1  6 -3 -3 -1 -2 -2 -2  0 -1 -3  0 -3    1   1  37  12   0   1   1   1  41   1   1   1   0   0   1   1   1   0   0   1  0.47 0.02
  128 L   -2 -3 -4 -4 -2 -3 -3 -4 -3  2  3 -3  1  4 -3 -3 -1 -1  1  2    0   0   0   0   0   0   0   0   0   6  45   0   0  30   0   0   0   0   0  19  0.34 0.01
  129 T    2 -1 -1 -1 -1  1  0 -1 -1 -2 -2  0 -1 -3  2  2  2 -3 -2 -1   34   0   0   0   0  12   0   0   0   0   0   0   0   0   9  24  21   0   0   0  0.30 0.01
  130 S    2 -1  0 -1 -1 -1 -1 -1 -2 -3 -3 -1 -2 -3  4  3  1 -3 -2 -2   17   0   0   0   0   0   0   0   0   0   0   0   0   0  27  57   0   0   0   0  0.56 0.02
  131 K   -1  2  0  0 -4  3  2 -2 -1 -3 -3  5 -2 -4 -1  0 -1 -3 -2 -3    0   0   0   0   0  12  11   0   0   0   0  77   0   0   0   0   0   0   0   0  0.51 0.02
  132 H   -2  0  0 -1 -4  1  0 -2  9 -4 -3 -1 -2 -2 -3 -1 -2 -3  2 -4    0   0   0   0   0   7   0   0  93   0   0   0   0   0   0   0   0   0   0   0  0.96 0.04
  133 R   -1  5 -1 -2 -3  0 -1  2 -1 -4 -3  2 -2 -3  1  0 -1 -3 -2 -3    0  71   0   0   0   0   0  18   0   0   0   0   0   0   6   5   0   0   0   0  0.53 0.02
  134 V   -1 -3 -3 -3 -1 -3 -3  0 -3  4  1 -3  1 -1 -3 -2 -1 -3 -2  3    0   0   0   0   0   0   0  12   0  54   0   0   0   0   0   0   0   0   0  33  0.28 0.01
  135 R   -2  6 -1 -2 -4  2  0 -3  0 -3 -3  2 -2 -3 -2 -1 -1 -3 -2 -3    0  87   0   0   0  13   0   0   0   0   0   0   0   0   0   0   0   0   0   0  0.74 0.03
  136 R   -2  6 -1 -2 -4  1  0 -3  0 -3 -3  2 -2 -3 -2 -1 -1 -3 -2 -3    0 100   0   0   0   0   0   0   0   0   0   0   0   0   0   0   0   0   0   0  0.83 0.03

                      K         Lambda
Standard Ungapped    0.1385     0.3306
Standard Gapped      0.0410     0.2670
PSI Ungapped         0.1385     0.3306
PSI Gapped           0.0410     0.2670
