
Last position-specific scoring matrix computed, weighted observed percentages rounded down, information per position, and relative weight of gapless real matches to pseudocounts
           A  R  N  D  C  Q  E  G  H  I  L  K  M  F  P  S  T  W  Y  V   A   R   N   D   C   Q   E   G   H   I   L   K   M   F   P   S   T   W   Y   V
    1 M   -3 -4 -4 -5 -4 -3 -4 -5 -4 -1  0 -4 10 -2 -5 -4 -3 -4 -3 -1    0   0   0   0   0   0   0   0   0   0   0   0 100   0   0   0   0   0   0   0  2.16 0.42
    2 S    0  0  3  0 -3  0 -1 -1  2 -3 -4  1 -3 -4  0  4  0 -4 -3 -3    2   5  15   4   0   4   0   3   7   1   0   7   0   0   4  48   2   0   0   0  0.45 0.16
    3 E   -1 -1  1  2 -4  5  3 -2  1 -4 -2  0 -2 -4 -2  0 -2 -4 -3 -3    4   0   6   9   0  40  24   1   3   0   4   3   1   0   1   4   0   0   0   0  0.61 0.20
    4 S   -1 -1  1  1  2  2 -1 -2  1 -3 -3  1 -2 -4  0  4  2 -4 -3 -3    2   0   4   9   4   9   1   0   4   1   0   9   0   0   3  42  11   0   0   0  0.39 0.17
    5 V    0  0  0  0 -2  1  0 -2 -1 -1 -1  0  3 -2  2  1  1 -3 -2  0    5   4   3   4   0   7   4   1   2   1   4   5  16   0  10  14  10   0   0   9  0.15 0.10
    6 H   -1  0  2  0 -3  3  0 -1  6 -3 -3 -1 -2 -3 -2  2 -1 -4 -1 -2    2   5  13   4   0  18   2   3  23   2   2   1   0   0   1  20   2   0   1   2  0.45 0.19
    7 T    0  0  1  0 -3  3 -1 -2 -2 -2 -1 -1 -2  1  1  2  2 -3 -2 -2    7   2   5   4   0  23   1   2   0   1   6   2   0   8   6  16  16   0   0   1  0.23 0.14
    8 N   -1  0  2  1 -3  2  0 -1  1 -2 -1 -1  0  2  0  1  1 -2 -1 -2    3   3  14   7   0  15   3   5   3   0   6   1   2  13   3  12   8   0   0   1  0.14 0.09
    9 T    2 -1  1 -1 -2 -1 -2 -1 -1 -2 -2  0 -1  0  0  3  2 -3 -2 -1   22   3   5   2   0   2   0   2   1   1   2   3   1   6   3  27  17   0   0   2  0.25 0.15
   10 S   -2  1 -4 -4 -3 -3 -3 -2 -4 -1  4 -3  0  1  2  1 -2 -3 -3 -2    2   8   0   0   0   0   0   2   0   0  58   0   0   5  11  14   0   0   0   0  0.54 0.25
   11 L   -3 -4 -5 -5 -3 -1 -4 -5 -3  1  5 -4  2  1 -4 -4 -2 -3 -3 -1    1   0   0   0   0   3   0   0   1   5  78   0   4   4   0   0   2   0   0   1  0.97 0.32
   12 W   -1  2 -3 -3 -3 -2 -3  1 -2 -2  0  1  6  0 -3 -1  1  4 -2 -2    5  15   0   0   0   1   0  13   0   0   9   8  27   3   0   2   8   6   1   1  0.39 0.23
   13 S   -1  0  1 -2 -2  3  1 -2 -2 -4 -4  3 -3 -5  0  3  1 -5 -4 -4    2   2   8   0   1  17   7   1   0   0   0  25   0   0   3  26   8   0   0   0  0.51 0.25
   14 K   -4  7 -2 -4 -6 -1 -2 -4 -3 -5 -5  4 -4 -6 -1 -3 -3 -6 -4 -5    0  68   1   0   0   1   0   0   0   0   0  25   0   0   3   1   0   0   0   0  1.58 0.48
   15 G   -2  6 -3 -4 -5 -1 -3  4 -2 -6 -5 -1 -4 -6 -1 -2 -4 -5 -5 -5    1  53   0   0   0   2   1  37   0   0   0   1   0   0   3   2   0   0   0   0  1.23 0.41
   16 M   -5 -6 -6 -7 -5 -6 -6 -6 -4 -1  0 -6  5  8 -7 -5 -5 -2  0 -3    0   0   0   0   0   0   0   0   0   2   5   0  15  77   0   0   0   0   0   1  2.04 0.56
   17 K    2 -1 -2 -4 -3 -1 -3 -2  0 -1  3  0  1  0 -4 -1 -2 -2  4 -1   20   2   2   0   0   1   0   2   2   1  31   7   3   1   0   2   1   0  21   2  0.34 0.21
   18 A    2 -4 -4 -4 -4 -4 -3 -4 -5 -1 -3 -3 -4 -4  7 -1  2 -4 -5 -2   20   0   0   0   0   0   0   0   0   4   2   0   0   0  55   3  13   0   0   2  1.37 0.42
   19 V   -3 -4 -5 -5 -3 -4 -5 -5 -3  3  2 -4  2  5 -5 -4 -3 -2  3  2    0   0   0   0   0   0   0   0   0  17  22   0   5  30   0   0   0   0   9  18  0.78 0.28
   20 I   -4 -5 -5 -6 -4 -5 -5 -6 -4  2  1 -5  5  7 -6 -5 -3 -2  2 -1    0   0   0   0   0   0   0   0   0  12  12   0  17  53   0   0   0   0   4   2  1.31 0.41
   21 V    2 -4 -3 -4  2 -3 -4 -1 -4  2  1 -3 -1  1 -4 -1 -1  6 -2  2   21   0   1   0   4   0   0   5   0  12  13   0   0   6   0   5   2  11   0  19  0.37 0.19
   22 A    4 -4 -3 -4 -3 -3 -3 -3 -4 -3 -3 -3 -3 -5 -4  0  6 -5 -4 -1   41   0   0   0   0   0   0   0   0   0   1   0   0   0   0   4  52   0   0   3  1.12 0.44
   23 Q   -4 -2 -3 -4 -7  9 -1 -5 -3 -6 -6 -2 -3 -7 -5 -4 -4 -6 -5 -6    0   0   0   0   0  99   1   0   0   0   0   0   0   0   0   0   0   0   0   0  2.65 0.76
   24 F    0 -6 -6 -6 -2 -6 -6 -5 -4 -3 -1 -6 -3  9 -6 -1 -3 -2  0 -4    9   0   0   0   1   0   0   0   0   0   4   0   0  81   0   4   1   0   0   0  1.90 0.54
   25 L   -2 -5 -5 -6  0 -5 -5 -5 -4  0  5 -5  0  5 -5 -2 -3 -1 -1 -1    2   0   0   0   2   0   0   0   0   2  59   0   0  27   0   4   0   0   0   3  0.97 0.35
   26 S   -2 -4 -2 -3 -4 -3 -4  5 -4 -6 -6 -3 -5 -6 -4  5 -2 -5 -5 -5    0   0   0   0   0   0   0  52   0   0   0   0   0   0   0  47   0   0   0   0  1.39 0.47
   27 A    6 -4 -4 -4 -3 -3 -3 -2 -4 -4 -4 -3 -4 -5 -4  2 -2 -5 -5 -3   81   0   0   0   0   0   0   1   0   0   0   0   0   0   0  17   1   0   0   0  1.41 0.50
   28 F   -2 -5 -6 -6 -4 -5 -5 -4 -4 -2  3 -5  2  7 -6 -5 -4 -2  0 -2    4   0   0   0   0   0   0   1   0   0  33   0   4  56   0   0   0   0   0   1  1.33 0.42
   29 G    4 -3  7 -2 -4 -3 -3  1 -3 -5 -5 -3 -4 -5 -4 -2 -3 -6 -5 -2   33   0  53   0   0   0   0  12   0   0   0   0   0   0   0   0   0   0   0   2  1.20 0.44
   30 D   -5 -5 -2  8 -7 -4 -2 -5 -4 -7 -7 -4 -7 -7 -5 -4 -4 -8 -7 -7    0   0   0 100   0   0   0   0   0   0   0   0   0   0   0   0   0   0   0   0  2.61 0.67
   31 N   -5 -4  9 -2 -6 -3 -4 -4 -3 -7 -7 -4 -6 -7 -5 -2 -3 -7 -6 -6    0   0  99   0   0   0   0   0   0   0   0   0   0   0   0   1   0   0   0   0  2.62 0.70
   32 A    4 -4 -4 -5 -3 -3 -4 -3 -4  2  2 -3  2 -1 -4 -2 -2 -4 -3  3   42   0   0   0   0   0   0   1   0   9  19   0   5   2   0   0   0   0   0  22  0.58 0.28
   33 L   -4 -5 -6 -6 -4 -5 -5 -6 -4  1  4 -5 -1  7 -6 -5 -4 -2  3 -1    0   0   0   0   0   0   0   0   0   6  39   0   0  44   0   0   0   0  10   1  1.21 0.39
   34 L   -3  1 -4 -4 -5 -2 -3 -5 -4 -2  3  5 -2  2 -4 -3 -3 -4 -3 -3    0   5   0   0   0   0   0   0   0   0  36  48   0  10   0   0   1   0   0   0  0.87 0.37
   35 F   -3 -3  4 -3 -4  3 -3 -4 -3  3 -2 -3 -2  5 -5 -2  1 -3 -1  1    0   0  20   0   0  15   0   0   0  17   0   0   0  30   0   1   9   0   0   8  0.66 0.33
   36 A    5 -4 -4 -4 -3 -3 -3  0 -4  0 -3 -3 -3 -3 -3  1  0 -5 -4  2   63   0   0   0   0   0   0   5   0   5   0   0   0   0   0   7   4   0   0  15  0.86 0.38
   37 T    2 -4 -4 -4 -3 -3 -4 -4 -4  1  3 -4  1  2 -4 -2  2 -3 -2  0   23   0   0   0   0   0   0   0   0   8  39   0   2   9   0   0  13   0   0   4  0.49 0.26
   38 L   -2 -4 -5 -5 -3 -3 -4 -5 -5  5  3 -4  0  0 -5 -3  1 -4 -3  2    2   0   0   0   0   1   0   0   0  35  35   0   1   4   0   0   8   0   0  12  0.70 0.29
   39 A    3 -3 -2 -3 -2 -2  0 -2 -3  1  2 -3  0 -1 -3  0 -1 -4 -2  1   35   0   1   1   0   0   6   2   0   5  25   0   1   1   0   6   3   0   0  12  0.32 0.21
   40 L    0 -2 -5 -5 -3 -1 -4 -5 -4  1  5 -3  4  1 -5 -3 -3 -4 -3  2    7   2   0   0   0   3   0   0   0   5  56   1  10   7   0   0   0   0   0  11  0.71 0.30
   41 L   -2 -5 -5 -6 -3 -5 -5 -6 -5  5  4 -5  1 -1 -5 -4 -3 -4 -3  3    2   0   0   0   0   0   0   0   0  31  43   0   2   1   0   0   0   0   0  22  0.94 0.34
   42 K    1  1 -1 -2 -3  0 -2 -3  0 -1  0  2 -1 -3 -3  1  3 -4 -2 -1   14   7   2   2   0   3   0   0   3   3   9  18   1   1   0   7  28   0   0   4  0.26 0.19
   43 A    0 -1 -2  0 -4  1  1 -3 -1 -3 -3 -2 -3  5 -4  0  0 -1  5 -2   10   3   1   5   0   7   9   1   1   0   0   1   0  24   0   6   6   0  26   2  0.55 0.27
   44 Q    0  0  0  0 -3  4  0  0  2 -1  0  0  2 -2 -3  0 -1 -2  0 -2    9   5   3   4   0  24   4   8   5   2  11   5   6   1   0   5   2   0   3   1  0.18 0.15
   45 F    1 -2 -1 -2 -3  0 -2  2  2  0  1 -2  0  2 -3 -1 -1  2 -1  0   15   1   2   1   0   5   1  19   7   3  18   0   2  10   0   3   4   3   0   5  0.15 0.13
   46 Y    3 -3 -2  0 -3 -1 -2  0 -1 -1 -1 -2 -2  0 -3  2 -1 -2  4 -1   29   0   1   5   0   3   2   8   1   3   6   0   0   3   0  19   1   0  18   3  0.32 0.22
   47 P    1 -2 -2 -4 -4 -1 -2  0 -3 -1 -3 -3 -4 -5  7  1 -1 -5 -5 -1    9   2   2   0   0   2   1   8   0   3   2   0   0   0  50  12   3   0   0   5  1.03 0.35
   48 E    1 -1  1  3 -4  1  3  0  0 -4 -3  0 -3 -4 -1  1 -1 -3 -3 -3   11   1   7  19   0   7  19   8   2   0   3   5   0   0   3  13   2   0   0   1  0.32 0.17
   49 W   -2 -4 -5 -5 -4  1 -1 -1 -3 -2  1 -4  1 -1 -4 -2 -1 10  1 -1    3   1   0   0   0   8   3   4   0   2  17   0   3   1   0   2   5  41   5   5  1.27 0.41
   50 S    0 -2 -3 -2 -3  0 -2 -1  0  0  2 -2  4  1 -3  2 -1  3  2 -1    6   1   0   2   0   6   1   4   2   3  19   0  15   7   0  18   1   4  10   2  0.23 0.18
   51 Q    1 -1  0 -2 -2  2 -1 -3 -1  2  0 -1  0 -3  0 -1  1 -4 -3  1   14   3   6   1   0  15   2   0   1  13  11   1   2   0   4   1  13   0   0  13  0.16 0.14
   52 P    0 -4  5 -2 -5 -3 -3 -3 -3 -5 -4 -3 -4  0  6  0  0 -5 -3 -4    7   0  31   0   0   0   1   1   0   0   1   0   0   5  44   5   5   0   1   0  1.21 0.41
   53 I    1 -4 -4 -5 -3 -4 -4 -4 -4  3  4 -4  1 -1 -4 -3 -1 -4 -3  2   11   0   0   0   0   0   0   1   0  15  53   0   3   2   0   1   2   0   0  12  0.65 0.27
   54 L    2 -4 -3 -4  2 -3 -4 -1 -4  1  4 -3  2 -2 -4 -1 -2 -4 -2  1   24   0   1   0   5   1   0   4   0   8  43   0   5   0   0   2   0   0   1   6  0.45 0.24
   55 Q    4 -1 -2 -3 -3  4 -2 -2 -3 -3 -3  2 -3 -4  0  0 -1 -5 -4  0   36   1   1   0   0  26   0   1   0   0   2  14   0   0   5   6   2   0   0   6  0.54 0.30
   56 M    1 -3 -2 -3 -3 -1 -2  3 -3  0  2 -3  4 -1  0 -1 -2  3 -2 -1   13   0   2   0   0   2   2  22   0   4  20   0  16   3   4   5   1   4   0   3  0.28 0.19
   57 V   -1 -4 -4 -5 -1 -4 -4 -2 -4  2  4 -4  2  3 -4 -1 -2 -2 -2  2    5   0   0   0   1   0   0   4   0   9  40   0   5  12   0   4   1   0   0  19  0.47 0.22
   58 F   -6 -6 -3 -7 -1 -7 -7 -7 -4 -3 -3 -6 -3  9 -7 -6 -5 -2  1 -4    0   0   2   0   1   0   0   0   0   0   0   0   0  96   0   0   0   0   1   0  2.64 0.68
   59 V    0 -4 -4 -4 -3 -4 -4 -4 -5  6  1 -4 -1 -1 -4 -3  0 -4 -3  3   10   0   0   0   0   0   0   0   0  50   8   0   0   1   0   1   6   0   0  22  0.77 0.30
   60 G    0 -4 -5 -5 -2 -4 -4 -2 -4  1  5 -4  0  1 -4 -3 -3 -3 -3  1   10   0   0   0   0   0   0   3   0   6  67   0   0   4   0   0   0   0   0   6  0.77 0.30
   61 A    2 -4 -3 -4 -4 -3 -3 -3 -4 -4 -3 -3 -4  1  7  2  0 -5 -4 -4   17   0   0   0   0   0   0   0   0   0   1   0   0   7  53  14   5   0   0   0  1.26 0.39
   62 Y   -5 -5 -5 -6 -5 -5 -5 -6 -2 -3 -3 -5 -3  7 -6 -5 -4 -1  8 -4    0   0   0   0   0   0   0   0   0   0   1   0   0  47   0   0   0   0  48   0  2.01 0.54
   63 I   -3 -5 -5 -5 -3 -4 -5 -5 -4  3  1 -4 -1  6 -5 -4 -3 -3 -1  4    0   0   0   0   0   0   0   0   0  19   8   0   0  39   0   0   0   0   0  31  0.97 0.34
   64 L   -2 -4 -5 -5 -2 -4 -4 -5 -4  2  5 -4  0  1 -4 -4 -2 -3 -3  2    2   0   0   0   1   0   0   1   0   8  64   0   0   5   0   0   1   0   0  17  0.86 0.31
   65 F   -3 -5 -5 -5 -2 -5 -5 -5 -4 -1  4 -5 -1  7 -3 -4 -4 -2  0 -2    1   0   0   0   1   0   0   0   0   2  41   0   0  51   1   0   0   0   0   0  1.27 0.40
   66 A    4 -3 -3 -3 -3 -3 -3 -3 -4 -4 -4 -3 -4 -5 -3  5 -2 -5 -4 -3   40   0   0   0   0   0   0   0   0   0   0   0   0   0   0  57   0   0   0   0  1.18 0.46
   67 P    5 -4 -4 -4 -3 -3 -3 -1 -4 -4 -4 -3 -4 -5  6 -1 -2 -5 -4 -3   58   0   0   0   0   0   0   3   0   0   0   0   0   0  34   2   1   0   0   0  1.30 0.44
   68 F   -3 -4 -3 -4 -3 -4 -4 -4 -1  0  2 -4 -1  5 -4  0  3  4  0 -2    0   0   0   0   0   0   0   0   2   4  24   0   1  32   0   6  23   6   1   1  0.68 0.29
   69 V    4 -4 -3 -4 -2 -3 -3  0 -4 -1 -2 -3 -2 -3 -3  2 -2 -4 -3  4   39   0   0   0   0   0   0   5   0   1   2   0   0   0   0  13   0   0   0  38  0.65 0.32
   70 G   -3 -5 -3 -4 -5 -4 -5  7 -5 -6 -6 -4 -5 -6 -5 -3 -4 -5 -6 -6    0   0   0   0   0   0   0  97   0   0   0   0   0   0   0   0   0   0   0   0  2.21 0.57
   71 Q    2  0 -3 -3 -4  7 -1 -2 -2 -2 -2 -1 -3 -5  0 -2 -2 -4 -4  0   18   3   0   0   0  55   2   2   0   2   3   1   0   0   5   1   2   0   0   7  0.89 0.39
   72 V   -3 -4 -5 -5 -3 -4 -5 -5 -4  3  3 -4  1  5 -5 -4 -3 -1  0  1    0   0   0   0   0   0   0   0   0  20  35   0   2  32   0   0   0   1   1   7  0.84 0.30
   73 A    6 -4 -4 -4 -1 -3 -3  1 -4 -4 -4 -3 -3 -5 -3  0 -1 -5 -4 -3   81   0   0   0   1   0   0   7   0   0   0   0   0   0   0   5   3   0   0   0  1.26 0.45
   74 D   -4 -4  0  8 -6 -3  2 -4 -4 -6 -6 -3 -5 -6 -4 -3 -2 -6 -5 -5    0   0   2  83   0   0  10   0   0   0   0   0   0   0   0   1   3   0   0   0  1.91 0.53
   75 S    1  2 -1 -3 -2 -1 -2 -2 -1 -4 -4  5 -3 -5 -3  2  0 -5 -4 -4   12  11   2   0   1   1   0   2   1   0   0  48   0   0   0  18   4   0   0   0  0.70 0.31
   76 F   -3  0 -2 -4 -4 -2 -4 -5  3 -1  1 -3  3  5 -5 -4 -3  0  6 -2    0   5   2   0   0   1   0   0   6   3  12   1   7  29   0   0   1   1  29   1  0.82 0.30
   77 A    1 -2 -1  4 -3 -1  4 -3 -3 -4 -4 -2 -4 -5  5 -1 -3 -5 -4 -4   13   1   3  21   1   1  28   0   0   0   1   0   0   0  27   3   0   0   0   0  0.84 0.31
   78 K   -4  1 -3 -4 -6 -2 -2 -4 -4 -5 -5  8 -3 -6 -4 -3 -3 -6 -5 -5    0   4   0   0   0   0   0   0   0   0   0  92   1   0   0   0   0   0   0   0  1.94 0.58
   79 G    3 -1 -2  0 -3 -2 -2  4 -2 -4 -4 -2 -3 -4 -2  3  0  0 -4 -3   24   2   0   5   0   1   0  30   0   0   0   1   0   0   1  28   4   1   0   0  0.60 0.27
   80 R   -1  6 -2 -3 -4  2 -2 -2  1 -3 -2  2 -1 -3 -4 -2 -1  3 -3 -1    5  51   1   0   0   8   0   3   3   1   2  10   1   1   0   2   3   4   0   4  0.74 0.30
   81 V   -2 -4 -5 -5 -3 -4 -4 -5 -4  2  4 -4  1  0 -4 -4 -2 -4 -2  5    1   0   0   0   0   0   0   0   0   8  37   0   3   3   0   0   0   0   1  45  0.81 0.30
   82 M    0 -4 -5 -5 -3 -3 -4 -5 -4  5  1 -2  7 -2 -5 -3  0 -4 -3  0    9   0   0   0   0   0   0   0   0  32   8   2  39   1   0   0   5   0   0   4  1.01 0.39
   83 M   -3  6 -3 -4 -5 -1 -3 -5 -2 -1  1 -1  3  4 -5 -3 -3  0 -2 -1    2  48   0   0   0   1   0   0   0   3  11   1   9  18   0   1   0   1   0   5  0.84 0.35
   84 F   -1 -1 -3 -4 -3 -3 -3 -2 -3  3  1 -1  0  3 -4 -2 -1  4  1  2    6   4   1   0   0   0   0   3   0  23  13   4   1  15   0   1   3   7   5  14  0.32 0.17
   85 A    1 -3 -3 -3 -2 -3 -2  0 -4  3 -1 -3  0 -3 -3  1  2 -1 -3  3   14   0   0   0   0   0   2   7   0  18   4   0   1   0   0  14  12   1   0  27  0.33 0.21
   86 N   -4 -1  6 -2 -5 -2 -2 -4 -3 -3 -5  6 -4 -6 -4 -2 -2 -6 -5 -5    0   1  42   0   0   0   0   0   0   2   0  52   0   0   0   0   1   0   0   0  1.44 0.50
   87 G    1 -3 -1 -3 -1 -3 -3  2 -3  0  2 -2  0  0 -3  0  0 -1 -2  0   16   0   2   0   1   0   0  18   0   6  26   1   2   5   0   8   7   1   0   6  0.19 0.14
   88 L    0 -4 -5 -5 -1 -4 -4 -4 -4  5  3 -4  1  0 -4 -3 -2 -2 -3  1   10   0   0   0   1   0   0   1   0  36  35   0   3   3   0   1   0   0   0   7  0.67 0.27
   89 K   -3 -2 -3 -2 -5 -1  5 -4 -3 -4 -4  5  5 -5 -4 -3 -3 -5 -4 -4    0   0   0   0   0   0  39   0   0   0   0  43  16   0   0   0   0   0   0   0  1.22 0.47
   90 L    0 -4 -4 -5 -1 -4 -4 -4 -4  5  2 -4  1  1 -4 -3 -1 -4 -2  2    8   0   0   0   1   0   0   0   0  37  23   0   3   5   0   1   4   0   0  16  0.59 0.25
   91 L    2 -4 -4 -4 -1 -3 -4 -2 -4  2  2 -3  2 -1 -3 -2 -2 -4 -3  3   20   0   0   0   1   0   0   4   0  13  25   0   4   2   1   2   1   0   0  28  0.42 0.22
   92 G    1 -4 -3 -4 -4 -4 -3  6 -4  3 -2 -4 -2 -4 -4 -2 -3 -5 -4 -2   11   0   0   0   0   0   1  57   0  24   2   0   0   0   0   1   1   0   0   2  1.01 0.37
   93 A    3 -4 -4 -5  7 -3 -4 -2 -4  0 -1 -4  7 -3 -4 -1 -2 -4 -4  0   30   0   0   0  21   0   0   3   0   3   3   0  29   0   0   3   2   0   0   4  0.94 0.38
   94 A    3 -3 -3 -4  0 -3 -3  0 -4  1  3 -3  1  0 -3 -1 -1 -1 -2  1   29   0   0   0   2   0   0   6   0   8  32   0   2   3   0   4   2   1   0  10  0.34 0.20
   95 S    1 -3 -3 -4 -1 -3 -3  3 -4  2  2 -3  3 -1 -3 -1 -1 -2 -3  1   12   0   0   0   1   0   0  22   0  10  26   0   8   1   0   3   3   1   0  11  0.32 0.18
   96 I    2 -4 -4 -4 -3 -3 -4 -1 -4  2  2 -4  5  3 -4 -3 -2 -3 -2  0   21   0   0   0   0   0   0   6   0  14  20   0  19  16   0   0   1   0   0   3  0.49 0.26
   97 C    2 -4 -4 -4  4 -3 -4  0 -3  1  2 -3  0  2 -4 -2 -2  3  0  0   22   0   0   0  10   1   0   6   0   6  26   0   2  12   0   1   1   4   2   6  0.34 0.19
   98 F    1 -3 -2 -4 -1 -3 -4 -3 -2  0  2 -3  1  5 -4 -2  0  3  2  1   14   0   2   0   1   0   0   1   1   5  18   0   3  27   0   1   8   5   5   9  0.38 0.20
   99 G    0 -3 -1  0 -2 -1 -1  6  2 -2 -3 -1 -3 -3 -4 -1 -2 -3  1 -4    5   0   3   4   1   3   3  58   7   2   2   3   0   0   0   2   1   0   5   1  0.80 0.30
  100 I    0 -3  0 -3 -1 -2 -3 -2  0  0  1 -3  0  4 -3  1 -1  3  1  1    7   0   5   1   1   1   0   3   2   5  12   0   1  24   1  16   2   5   2  12  0.26 0.17
  101 N    0 -2  2  0 -3 -2 -1 -3  5  0  1 -2  2 -1 -1 -1 -2  1  2  0    9   0  12   6   0   1   4   0  17   4  16   0   5   1   2   2   0   2   9   9  0.23 0.17
  102 P   -1 -4 -4 -4 -4 -2 -3 -2 -4 -2  2 -3 -1 -4  6 -1  0  3 -3 -2    4   0   0   0   0   1   1   3   0   1  26   0   1   0  47   5   5   4   1   1  1.02 0.36
  103 F   -1 -4 -5 -5 -1 -3 -4 -3  0  1  4 -4  2  4 -5 -3 -3 -2  0  0    5   0   0   0   1   0   0   3   2   4  54   0   6  16   0   1   1   0   3   3  0.67 0.28
  104 L    0 -3 -3 -4 -1 -3 -4 -2 -1  2  4 -3  3  1 -4 -2 -1 -3 -1  1   10   0   1   0   1   0   0   2   2  10  45   0   7   5   0   2   2   0   2  10  0.41 0.20
  105 G    4 -4 -3 -4  5 -3 -3  1 -4 -2  2 -3  0 -2 -3  0 -2 -4 -3 -1   37   0   0   0  12   0   0  11   0   1  27   0   1   1   0   7   0   0   0   3  0.53 0.27
  106 Y   -2 -4 -4 -5 -4 -4 -4 -4 -2 -1  3 -4 -2  1 -2 -3  0  3  7  0    2   0   0   0   0   0   0   1   0   2  32   0   0   4   2   0   6   3  39   7  0.88 0.35
  107 T    2 -4 -4 -4  1 -4 -4  1 -4 -2  0 -4 -2  6 -4 -1  0 -2 -1 -1   18   0   0   0   3   0   0  12   0   0   9   0   0  42   0   3   7   0   0   4  0.64 0.30
  108 L   -1 -4 -5 -5  2 -4 -4 -3 -5  2  5 -4  2 -1 -4 -3 -2 -2 -3  2    4   0   0   0   4   0   0   2   0   9  57   0   6   2   0   0   1   1   0  14  0.72 0.29
  109 V   -2 -4 -5 -6 -4 -4 -5 -4 -5  0  0 -4  8 -1 -5 -4 -2 -5 -4  4    3   0   0   0   0   0   0   1   0   3   3   0  48   2   0   0   2   0   0  36  1.37 0.49
  110 G   -2 -5 -3 -4 -5 -5 -5  7 -5 -7 -7 -5 -6 -6 -5 -3 -5 -5 -6 -6    1   0   0   0   0   0   0  97   0   0   0   0   0   0   0   0   0   0   0   0  2.28 0.60
  111 V    0 -4 -4 -4 -1 -3 -4 -4 -4  3  2 -3  2  1 -4 -2  3 -1 -2  3    8   0   0   0   1   0   0   0   0  16  20   0   5   6   0   1  24   1   0  19  0.43 0.23
  112 G   -3 -3 -3 -4 -6  5 -3  5  7 -6 -6 -3 -4 -5 -5 -3 -4 -5 -3 -6    0   1   0   0   0  26   0  45  29   0   0   0   0   0   0   0   0   0   0   0  1.48 0.51
  113 A    5 -4 -3 -4 -3 -3 -3 -3 -4 -5 -5 -3 -4 -5 -4  5 -2 -6 -5 -4   45   0   0   0   0   0   0   0   0   0   0   0   0   0   0  55   0   0   0   0  1.32 0.52
  114 A    5 -4 -4 -4 -3 -3 -4 -3 -4 -3 -4 -3 -3 -5 -4 -1  4 -5 -4  0   61   0   0   0   0   0   0   0   0   0   0   0   0   0   0   2  32   0   0   5  1.18 0.48
  115 A    3 -4 -4 -5  0 -4 -4 -3 -4  1  3 -4  0  4 -4 -2 -2 -3 -1  0   30   0   0   0   2   0   0   0   0   8  27   0   1  24   0   1   1   0   1   6  0.56 0.28
  116 Y   -5 -6 -6 -7 -6 -6 -6 -6 -3 -4 -3 -6 -4  8 -7 -5 -4 -1  7 -4    0   0   0   0   0   0   0   0   0   0   0   0   0  56   0   0   1   0  43   0  2.26 0.62
  117 S   -1 -4 -3 -4 -4 -4 -4  6 -4 -6 -6 -4 -5 -6 -4  5 -3 -6 -5 -5    2   0   0   0   0   0   0  56   0   0   0   0   0   0   0  43   0   0   0   0  1.43 0.50
  118 P   -5 -6 -6 -5 -7 -5 -5 -6 -6 -7 -7 -5 -6 -8  9 -5 -5 -8 -7 -6    0   0   0   0   0   0   0   0   0   0   0   0   0   0 100   0   0   0   0   0  3.26 0.80
  119 A    4 -4 -5 -5 -3 -4 -4 -3 -5  2  0 -4 -1 -3 -4 -2 -2 -5 -4  4   45   0   0   0   0   0   0   1   0  12   6   0   0   0   0   1   0   0   0  35  0.82 0.37
  120 K   -4 -1 -4 -4 -7 -2 -2 -5 -4 -6 -6  8 -5 -7 -4 -4 -4 -7 -5 -6    0   0   0   0   0   0   0   0   0   0   0 100   0   0   0   0   0   0   0   0  2.33 0.70
  121 Y   -6 -5 -6 -7 -6 -5 -6 -7 -1 -5 -5 -6 -5  2 -7 -5 -5 -1 10 -5    0   0   0   0   0   0   0   0   1   0   0   0   0   7   0   0   0   0  93   0  2.95 0.78
  122 G    4 -4 -3 -4 -4 -3 -4  5 -4 -5 -5 -3 -4 -5 -4  2 -3 -5 -5 -4   36   0   0   0   0   0   0  46   0   0   0   0   0   0   0  19   0   0   0   0  1.11 0.41
  123 I   -4 -5 -6 -6 -4 -5 -6 -6 -4  7  1 -5 -1 -2 -6 -5 -3 -4  4  1    0   0   0   0   0   0   0   0   0  68  12   0   0   0   0   0   0   0  14   5  1.38 0.47
  124 L   -4 -5 -6 -6 -4 -5 -6 -7 -6  1  6 -5  2 -2 -6 -5 -4 -4 -4  0    0   0   0   0   0   0   0   0   0   4  87   0   4   0   0   0   0   0   0   5  1.48 0.48
  125 G   -3 -5 -4 -4 -5 -4 -4  1 -5 -5 -5 -4 -5 -6  7 -2  4 -6 -6 -4    0   0   0   0   0   0   0  12   0   0   0   0   0   0  61   2  24   0   0   1  1.77 0.54
  126 E   -3 -2 -3  0 -6  6  6 -5 -3 -6 -5 -2 -4 -3 -4 -2 -4 -5 -5 -4    0   0   0   4   0  44  47   0   0   0   1   0   0   2   0   1   0   0   0   1  1.45 0.53
  127 L    0 -3 -3 -4 -4  1 -3 -4  6  2  3 -3  1 -2 -4 -3 -2 -3  2  0    8   0   0   0   0   8   0   0  24  10  34   1   2   0   0   0   1   0   8   4  0.59 0.29
  128 T   -2 -5 -5 -6 -4 -4 -5 -6 -5 -1  6 -5  1 -2 -5 -4  2 -4 -4  0    3   0   0   0   0   0   0   0   0   0  75   0   2   0   0   0  15   0   0   3  1.12 0.43
  129 T   -1  1  1  0 -4  0 -1  0  2 -4 -4  2 -3 -4  4  0  1 -5 -3 -3    4   9   6   6   0   2   3   9   5   0   0  18   0   0  21   7   9   0   0   0  0.43 0.20
  130 G    0 -2 -1  1 -4  0  3  1  1 -4 -5  0 -4 -5  4  0 -1 -5 -4 -4   10   2   2   9   0   2  22  14   4   0   0   4   0   0  25   5   3   0   0   0  0.57 0.24
  131 S   -1  1  1  4 -4  1  3 -2  1 -5 -4  1 -4 -4 -2  1 -1 -5 -3 -4    3  10   7  25   0   5  21   2   4   0   0   8   0   0   1  12   3   0   0   0  0.51 0.23
  132 K   -3  1 -2 -1 -6  2  6 -4 -1 -5 -3  2  0 -2 -4 -2 -3 -5 -4 -4    1   7   1   1   0   9  57   0   1   0   3  14   2   2   0   1   1   0   0   0  0.97 0.39
  133 L   -4 -5 -7 -7 -4 -5 -6 -7 -6 -1  7 -6 -1 -2 -6 -5 -4 -5 -4 -1    0   0   0   0   0   0   0   0   0   1  96   0   0   0   0   0   0   0   0   3  1.72 0.54
  134 V   -3 -5 -5 -6 -3 -5 -5 -6 -5  2  0 -5  2 -2 -5 -4  0 -5 -2  6    0   0   0   0   0   0   0   0   0   8   8   0   5   1   0   0   7   0   1  71  1.18 0.43
  135 K    1  0 -2 -3 -4 -1 -2  4 -1 -2 -4  3  0 -4  0  0 -2 -2 -4 -2    9   4   0   0   0   1   0  37   1   2   0  26   3   0   5   7   1   1   0   2  0.54 0.26
  136 A    4 -5 -4 -4 -4 -4 -4  6 -5 -5 -5 -4 -5 -6 -4 -2 -3 -5 -5 -3   43   0   0   0   0   0   0  56   0   0   0   0   0   0   0   0   0   0   0   1  1.42 0.48
  137 N   -5 -4  9 -2 -6 -3 -4 -4 -3 -7 -7 -4 -6 -7 -6 -3 -1 -7 -6 -6    0   0  97   0   0   0   0   0   0   0   0   0   0   0   0   0   3   0   0   0  2.61 0.74
  138 G    3 -4 -3 -4 -4 -4 -4  6 -4 -5 -5 -4 -5 -5 -4  1 -3 -5 -5 -4   30   0   0   0   0   0   0  58   0   0   0   0   0   0   0  12   0   0   0   0  1.28 0.43
  139 L   -4 -3 -3 -6 -4 -4 -5 -6 -3 -2  5 -4  4 -1 -6 -4 -4  9 -2 -1    0   1   1   0   0   0   0   0   1   0  57   0   9   1   0   1   0  26   0   2  1.45 0.47
  140 M   -3 -5 -5 -6 -3 -4 -5 -6 -5  4  0 -5  5  1 -5 -4 -2 -4 -3  5    0   0   0   0   0   0   0   0   0  28   6   0  16   6   0   0   1   0   0  43  1.03 0.38
  141 E   -4 -3 -3 -2 -7  2  8 -4 -3 -7 -6 -2 -5 -7 -4 -2 -4 -6 -5 -6    0   0   1   0   0   6  91   1   0   0   0   0   0   0   0   1   0   0   0   0  2.03 0.64
  142 A    2 -4 -3 -4 -4 -2 -4  3 -4 -3 -2 -3  6 -4 -4  2  0 -5 -4 -2   19   0   0   0   0   1   0  27   0   0   1   0  29   0   0  15   6   0   0   2  0.76 0.36
  143 S   -1 -4 -3 -4 -1 -4 -4  5 -4 -4  1 -4 -3 -3 -4  2 -1 -4  0 -4    4   0   0   0   1   0   0  55   0   0  16   0   0   1   0  18   3   0   4   0  0.87 0.35
  144 T   -3 -5 -3 -5 -4 -4 -4 -5 -5 -4 -5 -4 -4 -6 -5 -1  8 -6 -5 -3    0   0   0   0   0   0   0   0   0   0   0   0   0   0   0   1  97   0   0   1  2.22 0.71
  145 I   -4 -5 -4 -5 -4 -3 -5 -5 -4  4 -2 -5 -1  6 -5 -1 -3 -3  2  3    0   0   1   0   0   1   0   0   0  25   0   0   1  43   0   6   0   0   4  19  1.03 0.38
  146 A    2 -4 -4 -4  0 -3 -4 -1 -4  2  3 -3  1 -1 -4 -2 -1 -4 -3  3   18   0   0   0   2   0   0   6   0  13  30   0   4   1   0   2   1   0   0  22  0.40 0.21
  147 A    6 -4 -4 -4 -3 -3 -4 -1 -4 -4 -5 -3 -4 -5 -4  3 -2 -6 -5 -3   77   0   0   0   0   0   0   2   0   0   0   0   0   0   0  20   0   0   0   0  1.39 0.52
  148 I   -3 -6 -7 -6 -4 -6 -6 -7 -7  8 -1 -6 -1 -3 -6 -5 -3 -6 -5  0    1   0   0   0   0   0   0   0   0  96   0   0   1   0   0   0   1   0   0   1  2.12 0.62
  149 L   -4 -5 -6 -6 -4 -5 -6 -6 -6  3  6 -5 -1 -2 -6 -5 -3 -5 -4 -1    0   0   0   0   0   0   0   0   0  19  78   0   0   0   0   0   1   0   0   2  1.37 0.46
  150 L    0 -4 -4 -5 -2 -4 -4 -2 -4  2  4 -4  1  2 -4 -2  0 -3 -2  1    8   0   0   0   1   0   0   3   0  10  53   0   2   9   0   2   5   0   0   7  0.58 0.26
  151 G   -2 -6 -4 -5 -6 -5 -5  8 -5 -7 -5 -5 -6 -6 -5 -3 -5 -6 -6 -6    1   0   0   0   0   0   0  98   0   0   1   0   0   0   0   0   0   0   0   0  2.33 0.63
  152 S   -1 -3  0 -3 -3  1 -1 -4 -3 -1 -3 -3  3 -3 -3  2  5 -5 -4  0    4   0   3   0   0   7   2   0   0   2   0   0   9   1   1  16  48   0   0   5  0.72 0.36
  153 V   -3 -5 -5 -5  0 -3 -5 -2 -5  5  2 -4  2 -2 -5 -4 -2 -4 -2  4    0   0   0   0   2   1   0   4   0  34  17   0   4   0   0   0   1   0   1  36  0.78 0.31
  154 A    2 -4 -3 -4  0 -3 -3  1 -4  1  3 -3  1 -1 -4 -1 -1 -4 -2  1   25   0   0   0   2   0   0  13   0   7  31   0   2   2   0   4   1   0   0  13  0.34 0.20
  155 G    3 -5 -3 -4 -5 -4 -5  7 -5 -6 -4 -4 -5 -6 -5 -3 -4 -5 -6 -5   23   0   0   0   0   0   0  76   0   0   1   0   0   0   0   0   0   0   0   0  1.67 0.51
  156 G    0 -5 -2 -4 -5 -4 -5  7 -5 -6 -6 -4 -5 -6 -3 -1 -1 -5 -6 -4    6   0   1   0   0   0   0  83   0   0   0   0   0   0   1   3   4   0   0   1  1.71 0.51
  157 V    1 -3 -4 -4 -3  0 -2 -3 -3  2  2 -1  1  1 -3 -2 -2  3  1  3   15   0   0   0   0   4   3   1   0   9  21   4   4   5   0   2   0   5   4  24  0.27 0.17
  158 L   -2 -4 -5 -6 -3 -4 -5 -5 -5  2  5 -4  3  0 -5 -4 -3 -4 -2  1    2   0   0   0   0   0   0   1   0  13  65   0   7   2   0   1   0   0   1   9  0.97 0.35
  159 A    4 -4 -2 -4 -3 -3 -3 -2 -3  3 -1 -3  3 -1 -2  1 -1 -4 -3  2   40   0   1   0   0   0   0   1   0  22   1   0   7   2   2   8   2   0   0  13  0.51 0.28
  160 D    1 -2  1  4 -4 -2  0  2  0 -4 -3 -2 -3 -4 -1  2 -1 -2 -4 -3   13   2   4  32   0   1   3  14   2   0   1   1   0   0   2  21   3   1   0   1  0.50 0.25
  161 W   -1 -1  0 -3 -3  0 -2  0  3 -1 -1 -2  0  0  1  1  1  6  1 -1    4   2   4   0   0   5   1   9   8   5   5   1   2   3   6  15   9  14   3   4  0.26 0.16
  162 H    1 -2  0 -1 -4  0  1  0  5 -3 -4 -1 -1 -4  3  2  0 -2 -1 -3   13   0   5   3   0   2  12   8  16   1   0   1   1   0  16  16   4   0   1   0  0.41 0.21
  163 V    1 -2 -1 -2 -2 -2 -2 -1  1  2  2 -2  1 -1  2 -1  0 -3 -2  2   11   1   2   2   0   1   2   4   5  12  20   1   3   2  11   4   4   0   0  15  0.14 0.11
  164 L    1 -3 -2 -1 -3 -1  1 -2  0  0  1 -2  0  0 -2  0  0  4  3  0   14   0   1   2   0   2   9   2   2   5  18   0   2   2   1   5   5   7  16   8  0.18 0.14
  165 V    3 -3 -3 -4 -3 -3 -3 -1 -3  2  1 -3  1  0 -2 -1 -1  4 -1  2   29   0   0   0   0   0   0   3   0  14  14   0   3   3   1   2   2   7   1  18  0.35 0.20
  166 A    5 -3 -3 -4 -2 -2 -3  0 -3  0 -2 -3 -3 -4 -1  2 -1 -1 -4  1   58   1   0   0   0   1   1   5   0   5   2   0   0   0   3  12   1   1   0  11  0.67 0.33
  167 L    1 -3 -4 -4  0 -3 -4 -1 -3  3  3 -3  2 -1 -4  0 -1 -4 -2  1   16   1   0   0   2   0   0   4   0  22  28   0   6   2   0   8   2   0   0   9  0.33 0.19
  168 A    3 -3 -3 -4  1 -3 -3  2 -3  1  1 -3 -1  0 -3  0  0 -1 -2  1   29   0   0   0   4   0   0  14   0  10  14   0   1   5   0   5   7   1   0  10  0.25 0.17
  169 A    2 -4 -3 -4  4 -3 -3  0 -4  2  0 -3  0 -1 -3  0  0 -3 -3  3   24   0   0   0   9   0   0   8   0  10   7   0   2   3   0   5   6   0   0  27  0.35 0.21
  170 C   -1 -5 -5 -5  6 -4 -5 -4 -5  4  1 -4  0 -2 -5 -3  0 -5 -3  4    5   0   0   0  18   0   0   1   0  25  11   0   2   1   0   0   5   0   0  32  0.79 0.31
  171 A    2 -3 -3 -3 -1 -2 -3  0 -4  2  1 -3  1 -2 -3 -1  0 -4 -3  3   24   0   0   1   1   1   0   8   0  12  16   0   4   1   0   4   4   0   0  25  0.32 0.19
  172 L    1 -4 -4 -4 -2 -3 -4 -1 -3  3  3 -4  1  1 -4 -1 -1 -3 -2  2   16   0   0   0   0   0   0   6   0  16  34   0   2   6   0   3   1   0   0  16  0.39 0.21
  173 A    2 -4 -4 -4  0 -3 -4 -3 -4  3  2 -3  1  2 -3 -2 -1 -4 -2  3   24   0   0   0   2   0   0   1   0  18  19   0   3   8   0   0   3   0   0  21  0.42 0.22
  174 Y    4 -4 -3 -5  0 -4 -4 -4 -2 -1 -1 -4 -1  1 -4 -2 -3 -2  7  0   34   0   1   0   2   0   0   0   0   2   6   0   1   4   0   1   0   0  41   7  0.95 0.40
  175 G    1 -4 -4 -4  0 -3 -4  1 -4  2  3 -3  0 -1 -4 -2 -2 -4 -3  3   16   0   0   0   2   0   0  11   0  11  31   0   2   2   0   2   1   0   0  22  0.38 0.21
  176 G    1 -4 -3 -4 -1 -3 -4  3 -4  2  3 -3  0 -1 -4 -1 -2 -4 -3  1   12   0   0   0   1   0   0  25   0  10  36   0   1   2   0   2   1   0   0   8  0.42 0.22
  177 A    4  0 -2 -3 -1 -3 -3  4 -3 -4 -4 -3 -3 -4 -3  0 -2  2  0 -3   39   6   1   0   1   0   0  37   0   0   0   0   0   0   0   7   0   3   4   0  0.74 0.31
  178 V    2 -2 -3 -4 -2 -3 -3 -2 -2 -1  1 -3  0  2 -4 -1 -1  3  5  2   23   2   1   0   0   0   0   3   0   2  13   0   2   6   0   2   3   4  25  15  0.43 0.23
  179 V    1 -4 -4 -5 -1 -4 -4 -1 -4  2  3 -4  0  0 -4 -2 -1  4 -2  3   12   0   0   0   1   0   0   4   0  11  36   0   1   4   0   1   2   5   0  22  0.45 0.22
  180 A    4 -3 -2 -3  1 -3 -3 -1 -3  0 -1 -3 -1  3 -3  2  0 -3 -2  0   39   0   1   0   4   0   0   2   0   4   4   0   1  17   0  15   6   0   0   7  0.43 0.25
  181 N    0  0  6 -2 -1 -1 -3 -2 -2 -5 -5 -2 -4 -5 -3  4  0 -6 -4 -4    6   5  38   0   1   3   0   2   0   0   0   0   0   0   1  41   3   0   0   0  0.97 0.41
  182 I   -2  4 -3 -4  0 -1 -3 -3 -2  1  3 -1  0  2 -4 -3 -1 -1 -1 -1    3  28   0   0   2   2   0   1   1   6  36   1   1   9   0   0   4   1   1   3  0.43 0.23
  183 Y    0  1 -2 -3 -1 -1 -3  0 -1 -1  0 -1 -1  4 -3  0 -2  2  3 -1   10  11   1   0   1   3   0   9   1   3   9   3   1  23   0   6   1   3  12   2  0.26 0.16
  184 I   -4 -6 -6 -6 -4 -5 -6 -7 -6  7  0 -5  2 -3 -2 -5 -3 -5 -4  2    0   0   0   0   0   0   0   0   0  76   6   0   4   0   2   0   1   0   0  11  1.52 0.49
  185 P   -4 -5 -6 -5 -7 -5 -5 -6 -6 -6 -6 -3 -6 -7  9 -4 -4 -7 -7 -6    1   1   0   0   0   0   0   0   0   0   1   1   0   0  97   0   1   0   0   0  3.07 0.76
  186 K    0  3  0  2 -3  0  0 -3  1 -2 -1  2 -2 -2  1  0 -1 -4 -1 -1    8  19   3  13   0   1   4   0   3   1   6  18   0   1   6   8   3   0   2   4  0.22 0.14
  187 L    3 -3 -2 -2 -2 -2 -3 -2 -3  0  1 -2  0 -3 -2  1  3 -4 -3  1   26   1   1   2   0   0   0   1   0   3  17   1   2   0   1  10  25   0   0  11  0.34 0.22
  188 A    2 -3 -1 -1 -4 -2 -2  2  0 -4 -4 -1 -3 -5  6 -1 -1 -5 -4 -2   21   1   2   3   0   1   2  18   2   0   1   4   1   0  36   3   3   0   0   2  0.75 0.28
  189 A    5 -3 -4 -4 -1 -3 -2 -1 -4  0 -3 -3 -3 -4  2  0 -2 -5 -3  1   62   1   0   0   1   0   1   3   0   5   1   0   0   0   9   5   1   0   1   9  0.77 0.35
  190 A    2  2  0  0 -2  0  0 -1 -2 -2 -3  0 -2 -4  3  1  0 -4 -3 -1   25  12   4   6   1   2   5   4   0   2   1   3   1   0  14   9   7   0   0   5  0.26 0.15
  191 R    1  2  1  2 -3  1  0 -2  3 -2 -1 -1  1 -2 -2 -1 -1 -2  3 -2   12  15   6  14   0   8   3   1   8   1   4   1   4   0   2   3   3   0  14   1  0.22 0.16
  192 P    0  1 -3 -2 -5 -1 -2 -1 -3 -4 -2 -1 -4 -5  7 -1 -1 -5 -5 -3    6   8   1   2   0   2   2   4   0   0   4   4   0   0  59   3   4   0   0   1  1.28 0.39
  193 G   -1 -1  2  2 -4  1  2  2  1 -2 -2  0 -2 -3  2  0 -1 -4 -3 -2    4   2   9  14   0   5  13  20   4   4   3   5   0   0   9   3   4   0   0   1  0.27 0.14
  194 Q   -1 -1 -3 -3 -1  3 -1 -4 -2  1  3 -1  2 -2  0 -2 -1 -3 -2  0    6   3   0   1   1  18   2   0   0   7  42   3   5   1   4   2   2   0   1   3  0.34 0.22
  195 S   -1  3  0  0 -4  1  1 -1  1 -3 -3  3 -2 -4  1  2 -1 -4 -2 -2    3  16   3   5   0   6   6   4   3   0   2  24   0   0   6  16   3   0   1   3  0.32 0.18
  196 W   -3  0 -3 -5 -4 -3 -4 -4 -1  4  1  0  0  1 -4 -2 -2  8 -2  1    1   6   1   0   0   0   0   0   2  27  11   5   2   5   0   3   2  23   0  10  0.74 0.29
  197 N   -2  2  6  2 -5  1 -1 -2  3 -5 -5 -1 -4 -5 -3  0 -1 -3 -4 -4    2  12  47  11   0   5   2   2   7   0   0   2   0   0   1   5   2   0   0   0  0.88 0.35
  198 L   -3 -4 -5 -5 -4 -4 -4 -5 -4  0  0 -4 -2  3  6 -4 -3  9  1 -3    1   0   0   0   0   0   0   0   0   6   8   1   1  12  34   0   1  28   4   2  1.44 0.45
  199 I    0  1  4 -2 -3 -2 -2  0 -2  2  0 -1 -1  1 -3 -1 -1  0 -1  1    6   7  28   1   0   1   0   6   0  14   8   4   1   7   1   3   2   2   2   9  0.22 0.17
  200 N    0  2  2 -2 -4 -1 -1 -3  0  0 -2  1 -2 -1  4  0 -1 -3 -1 -2   10  11  12   1   0   2   2   1   3   7   1  11   0   3  23   4   3   0   2   2  0.34 0.19
  201 M   -1 -3 -3 -3 -3  0 -1 -3 -3  2  3 -3  4  3 -2 -2 -1 -3 -1  1    4   0   0   1   0   5   3   2   0  10  31   0  12  14   2   2   4   0   0   8  0.34 0.19
  202 T   -1 -1 -2 -3 -2 -3 -3 -3 -3  1  1 -2  0  0 -2  2  3  3 -2  1    4   4   0   0   1   0   0   1   0   9  15   1   1   4   2  16  27   4   0  10  0.29 0.21
  203 R    0  4 -1 -2 -2  2  0 -1  1 -2 -2  2 -2 -1  0 -1  0 -2 -2 -2    6  27   2   1   1  12   4   4   4   2   2  13   1   4   5   3   5   1   1   3  0.28 0.15
  204 S   -1 -1  1  3 -4  2  4 -2  0 -4 -4 -1 -3 -5 -3  3  0 -5 -4 -3    3   3   5  17   0   8  26   2   2   0   1   1   0   0   0  24   5   0   0   2  0.53 0.28
  205 F   -3 -5 -4 -5 -3 -4 -4 -5 -4 -2 -2 -4 -1  7 -5  0  4  5 -1 -2    0   0   0   0   0   0   0   0   0   1   2   0   1  44   0   6  33   7   0   3  1.20 0.47
  206 L    1 -1 -3 -4 -1 -3 -4 -2 -2  1  1 -1  0  2 -4 -1 -2  8  1  0   13   4   1   0   2   1   0   3   1  10  14   3   2  10   0   4   1  22   3   6  0.54 0.24
  207 N    1  4  1  0 -1  1 -1 -1  3 -1 -3  1 -3 -4 -3  0  0 -4 -3 -2   12  26   7   5   1   5   3   5   7   5   1   8   0   0   0   7   7   0   0   1  0.29 0.18
  208 A    1 -3  2  0  5 -1 -1 -3 -1  1  1 -2  0 -2 -3  0  0 -3  1 -1   15   0  14   5  13   2   3   1   1   9  16   0   3   0   0   4   6   0   5   3  0.21 0.17
  209 C    0  0  0 -4  4 -3 -3 -3 -3  2  2 -2  1  2 -4 -1 -1 -2 -1  1   10   6   7   0  12   0   0   0   0  10  19   1   5   9   0   2   3   0   2  13  0.23 0.16
  210 T    0  4 -1 -3 -2  0 -2  0 -1 -2 -1  3  1 -2 -3  0  0 -1 -3 -1    9  26   2   0   1   3   0   7   1   2   7  21   4   1   0   6   6   1   0   4  0.31 0.20
  211 S    0  0 -2 -2 -2  0 -1  1  0  1  1 -1  0  1 -2  0  1 -2  0  0    7   6   0   2   0   3   3  10   2   8  17   1   2   7   0  10   9   0   4   8  0.05 0.07
  212 L    2 -3 -4 -4 -3 -3 -3 -3 -4  0  4 -3  0  0 -3 -1  1 -3 -3  0   19   0   0   0   0   0   1   1   0   3  52   1   1   3   1   5   8   0   0   3  0.53 0.27
  213 W   -2  3 -3 -4 -3 -2 -3  0  1 -3 -1 -1  1  2 -4 -3 -3 10  1 -3    3  16   1   1   0   1   1   8   3   1   6   4   4   7   1   2   1  36   5   1  1.14 0.36
  214 R    0  4  0 -2 -1  4  1 -1  2 -4 -3  2 -3 -4 -3  0 -1 -4 -3 -3    8  29   4   1   1  19   7   3   6   0   1  11   0   1   0   5   2   0   0   0  0.51 0.24
  215 N   -3 -1  5  5 -5  1 -1 -3  0 -2 -3 -2 -4 -5 -3 -1  0 -5 -3 -3    1   3  26  40   0   7   2   0   2   3   2   1   0   0   1   1   7   0   1   2  0.83 0.35
  216 G   -1  5 -2 -3 -5  0 -2  0  0 -4 -4  3 -4 -5  4 -2 -2 -5 -4 -4    3  32   1   1   0   3   1   8   2   1   1  22   0   0  24   1   1   0   0   1  0.81 0.33
  217 E    1  0 -1  0 -3  0  1 -2 -2  0  1 -1 -1 -2  0  0  1 -4 -3  0   12   7   1   5   0   3  14   1   0   3  20   1   0   1   4   5  13   0   0   9  0.12 0.12
  218 T    0 -4 -3 -4 -3 -4 -4  3 -4  1  0 -4 -1 -3 -4  0  1 -5 -4  4    5   0   0   0   0   0   0  23   0   6   9   0   1   0   0   6  11   0   0  39  0.52 0.28
  219 R   -3  4 -3 -4 -5  4 -3 -2 -1 -4 -2 -1 -3  6 -5  0 -3  3  1 -4    1  23   0   0   0  18   0   3   1   0   2   1   0  35   0   8   0   4   3   0  0.82 0.37
  220 F   -3  1 -2 -4 -3  0 -3 -5 -1  3  2 -2  1  4 -4 -3  0 -3  0  0    1  11   2   0   0   6   0   0   1  18  22   1   3  22   0   0   6   0   2   5  0.37 0.21
  221 S    3 -4 -3 -4  2 -3 -3 -3 -4 -1 -5 -3 -4 -5 -4  6 -1 -6 -5 -2   23   0   0   0   4   0   0   0   0   3   0   0   0   0   0  66   2   0   0   2  1.18 0.50
  222 L   -4 -5 -6 -6 -4 -5 -5 -6 -5  5  5 -5  3 -2 -5 -5 -3 -4 -4  1    0   0   0   0   0   0   0   0   0  32  54   0   7   0   0   0   0   0   0   8  1.12 0.40
  223 V    2 -4 -4 -5  0 -4 -4 -3 -4  2  4 -4  3 -1 -4 -1 -2  0 -3  2   18   0   0   0   1   0   0   1   0  11  41   0   8   1   0   3   1   1   0  14  0.53 0.26
  224 G    1 -5 -3 -4 -4 -4 -4  6 -5 -3 -4 -4 -4 -5 -4 -1  0 -5 -5  2   13   0   0   0   0   0   0  61   0   1   0   0   0   0   0   3   5   0   0  18  1.12 0.41
  225 T   -2 -4  3 -4 -4 -4 -4 -4 -4  5 -2 -4 -2 -4 -4 -2  5 -5 -4 -1    1   0  14   0   0   0   0   0   0  38   1   0   0   0   0   1  42   0   0   2  1.02 0.44
  226 S   -1 -4 -2 -3 -4 -3 -3 -1 -4 -5 -5 -3 -4 -5 -4  6  4 -6 -5 -4    2   0   0   0   0   0   0   4   0   0   0   0   0   0   0  72  22   0   0   0  1.41 0.56
  227 L   -3 -6 -7 -7 -5 -5 -6 -6 -6 -1  3 -6  1  0 -6 -3 -5 11 -1 -2    2   0   0   0   0   0   0   0   0   2  32   0   4   3   0   2   0  52   1   2  2.14 0.60
  228 F   -6 -6 -6 -7 -6 -6 -7 -7 -5 -3  0 -6  2  9 -7 -6 -5 -2  1 -4    0   0   0   0   0   0   0   0   0   0   6   0   5  86   0   0   0   0   3   0  2.37 0.65
  229 W   -7 -4 -8 -9 -7 -6 -7 -7 -7 -7 -6 -7 -6 -3 -8 -7 -7 13 -2 -7    0   1   0   0   0   0   0   0   0   0   0   0   0   0   0   0   0  99   0   0  4.86 1.07
  230 G   -1 -5 -4 -5 -5 -5 -5  4 -4 -3  0 -5  1  7 -5 -3 -3 -3 -1 -3    5   0   0   0   0   0   0  37   0   0   9   0   3  44   0   1   1   0   0   1  1.14 0.42
  231 A    3 -4 -4 -4 -3 -3 -4 -3 -3  1  2 -3  0  1 -4 -1 -1 -3  3  2   31   0   0   0   0   1   0   1   0   6  18   0   1   6   0   2   2   0  11  19  0.42 0.24
  232 G    0 -5 -3 -4 -5 -5 -5  7 -5 -4 -6 -4 -5 -6 -5  1 -4 -6 -6 -6    6   0   0   0   0   0   0  85   0   1   0   0   0   0   0   9   0   0   0   0  1.85 0.55
  233 V    6 -4 -4 -4 -3 -3 -4  0 -4 -3 -4 -3 -2 -5 -4  1  0 -5 -4  2   70   0   0   0   0   0   0   4   0   0   0   0   0   0   0   7   5   0   0  13  1.06 0.44
  234 T    0 -4  0 -4  0 -3 -4 -4 -4  1 -1 -3 -2 -4 -4  0  5 -5 -4  3    8   0   5   0   2   0   0   0   0   8   3   0   0   0   0   5  46   0   0  22  0.72 0.35
  235 L   -4 -5 -6 -6 -4 -5 -5 -6 -3 -1  5 -5 -1  4 -6 -5 -4 -2  6 -1    0   0   0   0   0   0   0   0   0   1  51   0   1  14   0   0   0   0  31   3  1.22 0.44
  236 R   -3  4 -4 -4 -4  3 -3 -4 -3 -1  4 -1 -1 -2 -4 -3  0 -4 -4 -2    1  27   0   0   0  16   0   1   0   2  43   1   0   1   0   0   7   0   0   1  0.72 0.36
  237 F    0 -4 -3 -4 -3 -3 -4 -4 -4 -1  0 -3  0  5 -4  1  4 -3  0  0    8   0   0   0   0   0   0   0   0   3  10   0   2  24   0   9  35   0   3   6  0.59 0.31
  238 L   -1 -3 -4 -4 -4  6 -2 -5 -3  3  2 -2  0 -4 -4 -1 -2 -5 -4  0    4   0   0   0   0  48   0   0   0  18  18   0   1   0   0   5   1   0   0   5  0.88 0.42
  239 L   -3 -5 -5 -6 -4 -5 -5 -6 -5  3  3 -5 -1  5 -5 -4 -2 -3 -1  3    0   0   0   0   0   0   0   0   0  16  27   0   0  31   0   0   1   0   0  25  0.92 0.35
  240 V   -3 -5 -3 -5 -5 -4 -4 -5 -5  1  2 -3 -3  2  7 -4 -3 -5 -3  2    0   0   1   0   0   0   0   0   0   7  19   1   0   8  48   0   0   0   0  14  1.18 0.42
  241 L    2  0  2 -1 -3  0  0 -1 -2 -1  0  1 -1 -3  0  0  0 -4 -3 -1   27   3  14   1   0   4   5   2   0   3  11  10   0   0   4   6   7   0   0   3  0.18 0.15
  242 W   -6 -6 -7 -7 -6 -6 -6 -6 -4 -4  0 -6 -4  6 -7 -6 -6 11  5 -4    0   0   0   0   0   0   0   0   0   0   8   0   0  29   0   0   0  45  17   1  2.42 0.65
  243 V    5 -4 -4 -4 -2 -3 -4 -1 -4 -1 -2 -3 -3 -4 -4  0  2 -5 -4  3   49   0   0   0   1   0   0   4   0   3   1   0   0   0   0   5  16   0   0  22  0.72 0.36
  244 P    0  2 -1 -1 -5  2  1 -3 -2 -5 -4  5 -4 -5  4 -2 -2 -5 -4 -3    8   8   2   3   0   9   7   1   0   0   0  38   0   0  20   0   1   0   0   1  0.74 0.33
  245 V    0 -1  1  2 -3  1  1 -3  1  1  0 -1 -1 -2 -3 -1  0 -4 -3  2    8   1   8  15   0   6  12   0   4   7  12   2   0   1   0   2   4   0   0  18  0.16 0.14
  246 A    3 -3  1 -3 -3 -2 -3 -3  4  0 -2 -3 -2 -1 -4  0 -1  3  2  2   26   0   7   1   0   0   0   0  13   6   2   0   0   2   0   5   3   4   8  22  0.38 0.25
  247 L   -4 -5 -6 -7 -4 -5 -6 -7 -6  0  6 -5  2 -2 -6 -5 -4 -5 -4 -2    0   0   0   0   0   0   0   0   0   2  93   0   3   1   0   0   0   0   0   1  1.69 0.55
  248 G   -2 -2  1 -2 -4  0 -2  5  6 -5 -3 -2 -2 -1 -4 -1 -3 -4 -2 -4    2   1   6   2   0   4   1  51  19   0   2   2   1   3   0   5   0   0   1   0  0.92 0.34
  249 I    0 -2 -2 -2 -2 -2 -2  2 -1  2  1 -2  2  0 -2 -1 -1 -1  3  0   10   1   1   1   1   1   2  15   1  17  14   2   6   3   1   3   3   0  14   3  0.15 0.10
  250 T    0 -1  1 -1 -3  0 -2  4 -1 -4 -4 -2 -3 -4  0  2  2 -4 -3 -3    8   3   8   3   0   4   1  34   1   0   1   1   0   0   4  14  16   0   0   1  0.46 0.22
  251 D   -3 -3  3  6 -5 -2  2 -2 -3 -3  0 -2 -3 -4  0 -1 -1 -5 -4 -3    1   0  12  44   0   1  14   3   0   1  12   1   0   0   4   4   3   0   0   1  0.73 0.32
  252 N   -1 -2  4  2 -4  1  3 -1  1 -3 -2 -1 -2 -4 -1  1  0 -5 -3 -3    5   1  22   9   0   5  22   4   3   1   4   1   1   0   3  12   6   0   0   1  0.39 0.22
  253 A    1 -2 -1 -1 -3  3  0 -2  0 -2 -2  1  0 -3 -3  2  2 -4 -2  0   15   0   2   3   0  15   3   1   3   1   3   7   2   1   0  17  17   0   0   9  0.25 0.19
  254 T    0 -3 -2 -2 -3  0 -1 -2 -3  0 -1 -2 -1  0 -2 -1  2 -3 -1  5    7   1   1   2   0   5   4   2   0   1   3   2   1   3   2   4  15   0   1  46  0.40 0.23
  255 P    3 -3  0 -3 -2 -2 -2 -1 -3  1 -2 -2 -2  0  3  0 -1 -3  1  3   26   1   4   1   0   1   1   3   0   6   1   1   0   4  14   5   1   0   5  24  0.30 0.18
  256 T    2 -3 -2 -3 -3 -2 -3 -3 -4  0 -2 -3 -3 -4 -3  4  5 -5 -4 -1   16   0   1   0   0   1   0   0   0   5   4   0   0   0   0  32  38   0   0   3  0.75 0.38
  257 Y   -1 -3 -2 -4 -3 -2 -2 -3 -3  1  4 -3  3  2 -4 -3 -2 -1  2  1    5   0   2   1   0   1   2   2   0   6  44   1   9  10   0   1   1   0   7   7  0.43 0.22
  258 L   -2 -5 -6 -6 -4 -2 -5 -6 -5  2  6 -5  2  1 -5 -5 -4 -4 -3 -1    2   0   0   0   0   2   0   0   0  11  74   0   4   5   0   0   0   0   0   2  1.17 0.43
  259 N   -2 -3  2 -3 -3  2 -3 -3 -3  1  4 -3  2 -2 -4 -2  0 -4 -3  0    2   0  11   0   0  11   0   1   0   7  51   0   4   0   0   2   7   0   0   3  0.52 0.28
  260 A    4 -4 -3 -4 -2 -3 -3  3 -4 -2 -2 -3 -2 -4 -3 -1  3 -5 -4  1   44   0   0   0   0   0   0  22   0   1   2   0   1   0   0   1  19   0   0   9  0.70 0.35
  261 M   -1 -4 -5 -5 -2 -4 -4 -4 -4  2  3 -4  4  1 -4 -3  0 -2 -3  4    5   0   0   0   1   0   0   0   0   9  25   0  12   6   0   0   7   0   0  34  0.61 0.28
  262 V   -1 -5 -5 -6 -3 -5 -5 -6 -5 -1 -1 -5 -2  7 -6 -3  1 -3 -1  4    5   0   0   0   0   0   0   0   0   2   2   0   0  54   0   1   8   0   0  28  1.25 0.46
  263 A    4 -4 -3 -4 -3 -3 -3  0 -4 -3 -5 -3 -4 -5 -4  5  0 -5 -4 -2   34   0   0   0   0   0   0   5   0   1   0   0   0   0   0  53   4   0   0   2  1.02 0.46
  264 I   -3 -5 -6 -6 -4 -5 -5 -3 -6  5  1 -5 -1 -2 -5 -4 -3 -5 -4  5    0   0   0   0   0   0   0   3   0  41  12   0   0   1   0   0   0   0   0  43  1.12 0.41
  265 G   -3 -6 -4 -5 -6 -5 -5  7 -5 -7 -7 -5 -6 -6 -5 -3 -5 -6 -6 -3    1   0   0   0   0   0   0  96   0   0   0   0   0   0   0   1   0   0   0   2  2.29 0.65
  266 I   -2 -5 -5 -6 -4 -5 -6 -6 -6  7 -1 -5  0 -3 -5 -4  1 -5 -4  3    2   0   0   0   0   0   0   0   0  70   1   0   1   0   0   0  11   0   0  14  1.38 0.49
  267 V    5 -4 -4 -4 -3 -4 -4  3 -4  1 -3 -4 -2 -4 -4 -1 -3 -5 -4  2   48   0   0   0   0   0   0  26   0   7   0   0   1   0   0   2   0   0   0  17  0.82 0.38
  268 V    2 -4 -4 -5 -3 -4 -4 -2 -5  4  2 -4 -1 -1 -4 -2 -1 -4 -3  3   16   0   0   0   0   0   0   3   0  27  22   0   0   1   0   2   3   0   0  25  0.53 0.26
  269 G   -2 -6 -4 -5 -6 -5 -6  8 -6 -7 -7 -5 -6 -7 -6 -4 -5 -6 -7 -7    2   0   0   0   0   0   0  98   0   0   0   0   0   0   0   0   0   0   0   0  2.40 0.67
  270 A    5 -4 -3 -4 -4 -3 -3 -3 -4 -3 -5 -3 -2 -5 -4  6 -2 -6 -5 -3   43   0   0   0   0   0   0   0   0   1   0   0   1   0   0  55   0   0   0   0  1.29 0.54
  271 G    0 -4 -4 -5 -3 -4 -4  0 -4  2  3 -4  3  1 -4 -3 -2 -4 -2  3    8   0   0   0   0   0   0   9   0   9  35   0   8   5   0   0   1   0   0  24  0.49 0.25
  272 A    3 -4 -5 -5 -2 -4 -4 -3 -4  1  4 -4  2 -1 -4 -3 -2 -2 -2  0   26   0   0   0   1   0   0   1   0   7  53   0   3   1   0   1   2   1   1   4  0.69 0.33
  273 A    4 -6 -5 -6  9 -5 -5 -4 -6 -1 -4 -5 -4 -5 -5 -2 -1 -6 -5 -1   39   0   0   0  50   0   0   0   0   3   0   0   0   0   0   1   3   0   0   4  1.83 0.57
  274 A    3 -1  1  1 -4 -1  4  0 -3 -4 -4 -1 -2 -5  2  1 -2 -5 -4 -3   29   3   7   5   0   0  29   7   0   0   0   2   1   0   8   8   0   0   0   1  0.51 0.28
  275 K   -2  6 -3 -4 -4 -2 -2 -4 -1 -4 -3  5  1 -4 -4 -2 -2  0  0 -1    3  40   0   0   0   0   0   1   1   0   1  37   4   0   0   1   2   2   3   4  0.99 0.41
  276 L   -3  0 -5 -5 -3 -3 -4 -5 -3  1  5 -3  2  2 -5 -3 -3  3  0 -1    1   6   0   0   0   0   0   0   0   7  59   1   4   8   0   1   0   5   4   2  0.75 0.31
  277 V   -2 -4 -3 -4 -3 -3 -3 -2 -4  3  0 -3  2 -3 -4  4  0 -5 -4  3    0   0   0   0   0   0   0   3   0  19   7   0   4   0   0  40   3   0   0  22  0.60 0.34
  278 T   -1  3  0 -1 -4 -1 -2  2  1 -4 -4  2 -3 -4  3  0  2 -5 -4 -3    4  15   4   2   0   2   0  20   3   1   0  13   0   1  16   5  14   0   0   0  0.42 0.22
  279 L   -2  2 -1 -3 -4 -2 -2  1  4 -1  3 -1 -1 -3 -4 -1 -3 -4 -3 -1    2  13   3   1   0   1   2  12  14   2  42   3   1   0   0   3   0   0   0   2  0.41 0.26
  280 E   -2  4 -1  1 -5  1  2 -3  3 -5 -4  3 -3 -5 -3 -1 -1 -5 -2 -4    2  29   2   7   0   4  16   0   9   0   0  23   1   0   1   3   2   0   1   0  0.66 0.30
  281 T   -2  1 -1 -2 -3  0 -2 -3  0  2  0  1  0 -2 -4 -2  1 -4 -3  3    0   8   2   2   0   5   1   1   3  15   7  10   2   1   0   1  12   0   0  32  0.28 0.20
  282 V    1 -2  0 -1 -4 -1  4 -3  0 -2 -2 -2 -1 -1 -3  2 -1 -4  0  1   15   1   4   1   0   1  34   0   2   1   3   0   2   2   0  20   1   0   3  11  0.39 0.27
  283 S    0  0 -2 -3 -3 -2 -3 -3 -2  3  3 -1  0 -1 -1 -1  0 -3 -1  1    8   5   2   0   0   1   0   1   1  22  29   3   0   1   3   5   6   0   2  10  0.24 0.16
  284 R   -2  5 -1 -2 -4 -2 -3  4 -1 -4 -4  2 -4 -5 -4  0 -1 -3 -2 -4    2  33   3   1   0   0   0  37   1   1   0  10   0   0   0   6   4   0   1   1  0.79 0.34
  285 C   -1 -4 -4 -5  5 -4 -4 -4 -2  2  3 -4  2 -2 -2 -2 -1  1  0  3    5   0   0   0  13   0   0   1   1  10  31   0   4   0   1   3   3   2   4  22  0.49 0.24
  286 M   -1 -2 -5 -5 -3 -4 -5 -5 -5  2  3 -4  4 -2 -3 -3 -3 -4 -2  5    3   2   0   0   0   0   0   0   0  11  23   0  10   0   1   2   0   0   1  47  0.79 0.34
  287 P   -3 -5 -5 -5 -6 -5 -5 -5 -5 -4 -2 -4 -3 -6  8 -3 -2  2 -1 -4    1   0   0   0   0   0   0   0   0   1   5   0   0   0  81   1   3   3   2   1  2.30 0.66
  288 A    2 -4 -4 -5 -3 -4 -4 -3 -3  2  3 -4  1  4 -2 -2 -2  0  1  1   19   0   0   0   0   0   0   1   0  12  27   0   3  19   2   1   0   1   5  10  0.43 0.23
  289 G   -1 -6 -4 -5 -6 -5 -5  7 -5 -7 -7 -5 -6 -6 -4 -2 -5 -6 -6 -4    5   0   0   0   0   0   0  92   0   0   0   0   0   0   0   2   0   0   0   1  2.13 0.62
  290 I    2 -3 -3 -3 -3 -3 -3 -3 -4  4  0 -3  0 -1 -3  2  0 -4 -1  2   21   0   0   1   0   0   0   0   0  26   8   0   1   3   0  18   3   0   2  15  0.37 0.23
  291 L    2 -4 -4 -4 -1 -3 -4 -2 -4  3  3 -4  2  1 -2 -2 -1 -4 -3  1   20   0   0   0   1   0   0   3   0  20  35   0   4   5   2   1   2   0   0   8  0.44 0.23
  292 I   -2 -2 -4 -5 -4 -3 -4  4 -1  3  0 -4  7 -3 -5 -3 -2 -4 -4 -1    2   2   0   0   0   0   0  34   2  18   6   0  31   1   0   0   2   0   0   3  0.89 0.39
  293 G   -1 -4 -3 -4 -4 -3 -4  5 -4  0  2 -4  4  2 -3 -2 -3 -4 -3 -2    4   0   0   0   0   0   0  47   0   4  22   0  11   8   1   1   0   0   0   1  0.76 0.33
  294 V    0 -3 -3 -4 -3 -3 -3 -2 -2  1  2 -3  1  0 -2  1  3 -4 -3  2    8   0   0   0   0   0   0   2   1   7  25   0   2   3   1  11  22   0   0  17  0.32 0.21
  295 V    0 -4 -3 -3  0 -3 -4 -2 -4  2  2 -3  2  0 -4 -1  1 -3 -3  3    9   0   0   1   2   0   0   3   0  12  25   0   5   2   0   4   9   0   0  29  0.37 0.21
  296 V   -1 -5 -5 -2  0 -4 -4 -5 -4  3  0 -5  1  5 -4 -3 -2 -1 -1  4    3   0   0   2   2   0   0   0   0  16   7   0   3  28   0   1   1   1   0  35  0.72 0.32
  297 L    1 -3 -3 -4  0 -3 -4  2 -4  2  2 -3  3  1 -1 -2 -1  0 -2  1   15   0   0   0   2   0   0  17   0  12  18   0   9   8   3   2   2   2   1  11  0.24 0.17
  298 I    2 -3 -3 -2 -1 -2 -1  0 -3  2  2 -3  0  0 -3 -1 -1  2  1  1   20   0   0   3   1   1   3   7   0  15  26   0   1   3   1   2   2   3   4   8  0.19 0.15
  299 F   -4 -5 -6 -3 -5 -5 -6 -5 -3 -2  2 -5  6  7 -6 -5 -4 -3  0 -2    1   0   0   2   0   0   0   0   0   0  20   0  22  52   0   0   0   0   1   1  1.46 0.50
  300 S    1 -3  0 -2 -2 -2 -3 -3 -2  1  2 -3  0 -1  1  1  0  1 -1  1   14   0   5   2   0   0   0   1   1   8  29   0   2   2   6  11   5   2   2   9  0.19 0.15
  301 L    1 -2 -3 -4 -2  0 -3 -2 -1 -1  2 -3  0  3 -2  0  0  5  1 -1   13   2   0   0   1   5   1   3   2   2  25   0   2  15   1   9   4   9   3   3  0.28 0.19
  302 Q   -1 -1 -2 -2 -4  4 -1 -2  2  1 -1 -2 -1 -1 -2  0  0  4  2  1    5   3   1   2   0  25   1   3   6  10   3   0   0   2   1   6   4   6   9  12  0.28 0.21
  303 H    1 -1  0 -1 -4  1 -1  0  5 -4 -3 -1 -3 -1  3  0  1  0 -1 -3   10   3   5   3   0   6   3   8  21   0   2   2   0   2  16   7   9   2   1   1  0.40 0.22
  304 E    1  0  1  1 -3  1  0  1  1 -3 -3 -1 -2 -3 -1  3  0 -1  0 -2   13   4   8   8   0   5   6  11   4   1   1   1   1   1   3  24   5   1   3   1  0.22 0.15
  305 L    1 -2 -1 -3 -2 -2 -2 -2  2  1  2 -2  1  0  0  0  0  1  0  1   14   0   4   0   0   0   1   2   8   7  26   1   5   2   4   9   3   2   3   8  0.15 0.14
  306 L   -2 -4 -6 -6 -5 -4 -4 -5 -5  1  1 -5  0  0  0 -3 -2 11  3 -1    4   1   0   0   0   0   1   0   0   7  14   0   2   3   5   2   3  46  10   4  1.64 0.51
  307 P   -1  4 -1 -4 -3 -2 -2 -3  2  0  0 -2  1 -2  4 -1 -2  3 -3  0    4  24   2   0   0   0   1   1   7   6   9   0   4   1  22   4   1   5   0   8  0.46 0.25
  308 A    4 -4 -4 -5 -3 -3 -4 -3 -3  2  0 -4 -1 -3 -3 -1  0 -5 -3  4   40   0   0   0   0   0   0   0   1  11   8   0   0   0   0   3   4   0   0  32  0.63 0.32
  309 Y   -1 -2 -4 -5 -2 -4 -4 -4 -1  2  2 -4  4  3 -5 -3 -3 -2  5  1    6   2   1   0   0   0   0   1   1  10  23   0  14  11   0   1   1   0  22   8  0.59 0.28
  310 A    2 -4 -4 -4 -1 -3 -3  0 -3  2  2 -3  0  2  2 -2 -2 -3 -2  1   22   0   0   0   1   0   1   6   0  13  22   0   2  10  11   1   1   0   0  10  0.30 0.19
  311 L    0 -4 -2  5  0 -3 -2 -3 -3  0  2 -3  0  2 -4 -1 -2  0  1  0    7   0   1  33   2   0   0   1   0   5  26   0   1  11   0   3   0   1   4   5  0.46 0.26
  312 L   -4 -5 -6 -6 -1 -5 -6 -6 -6  2  6 -5  4 -1 -6 -5 -4 -4 -4  0    0   0   0   0   1   0   0   0   0   9  75   0   9   1   0   0   0   0   0   4  1.32 0.47
  313 M    0 -4 -4 -5 -3 -4 -4 -3 -4  3  3 -4  3  3 -4 -2  0 -2 -2  2    7   0   0   0   0   0   0   1   0  16  31   0   8  14   0   2   7   0   0  12  0.48 0.24
  314 L    0 -4 -4 -5 -1 -4 -5  2 -5  1  4 -4  3  0 -5 -3 -2 -4 -3  1    7   0   0   0   1   0   0  15   0   6  51   0   7   4   0   1   1   0   0   7  0.60 0.29
  315 I   -3 -5 -6 -6 -1 -5 -5 -5 -5  5  4 -5  0 -2 -5 -4 -1 -5 -4  3    1   0   0   0   1   0   0   1   0  44  34   0   1   0   0   0   3   0   0  15  0.98 0.37
  316 G    1 -5 -4 -4 -5 -5 -5  7 -5 -7 -7 -5 -6 -6 -5  0 -4 -6 -6 -6   10   0   0   0   0   0   0  84   0   0   0   0   0   0   0   6   0   0   0   0  1.90 0.58
  317 V    2 -4 -4 -4  0 -4 -4  0 -4  3  1 -4  3  2 -4 -2 -1 -2 -2  3   19   0   0   0   2   0   0   9   0  18   9   0   8  11   0   0   2   0   0  20  0.38 0.22
  318 M   -1 -4 -4 -5  4 -4 -5 -4 -4 -2  3 -4  3  6 -5  1 -2 -3 -1 -2    6   0   0   0   8   0   0   1   0   0  28   0   8  34   0  13   1   0   0   1  0.76 0.35
  319 G    2 -5 -3 -4 -5 -4 -5  7 -5 -6 -6 -4 -5 -6 -5  1 -3 -6 -6 -4   15   0   0   0   0   0   0  73   0   0   0   0   0   0   0  11   1   0   0   1  1.57 0.51
  320 G   -3 -6 -4 -5 -6 -5 -6  8 -6 -7 -7 -5 -6 -7 -6 -3 -5 -6 -7 -7    1   0   0   0   0   0   0  99   0   0   0   0   0   0   0   1   0   0   0   0  2.47 0.69
  321 F   -4 -5 -6 -6 -3 -5 -6 -6 -4  2  2 -5  3  7 -6 -5 -4 -2  2  0    0   0   0   0   0   0   0   0   0  10  20   0   7  52   0   0   0   0   7   4  1.26 0.43
  322 F   -5 -6 -6 -7 -6 -6 -6 -7 -3 -4  0 -6 -3  8 -7 -6 -5 -2  7 -4    0   0   0   0   0   0   0   0   0   0   7   0   0  59   0   0   0   0  34   0  2.11 0.62
  323 V   -3 -5 -5 -5 -4 -5 -5 -5 -5  5 -1 -5 -2 -3 -5  1 -1 -5 -4  5    0   0   0   0   0   0   0   0   0  41   1   0   0   0   0  14   2   0   0  41  1.09 0.43
  324 V   -4 -6 -6 -7 -4 -6 -6 -7 -7  1 -2 -6 -3 -3 -6 -5 -3 -6 -5  8    0   0   0   0   0   0   0   0   0   3   0   0   0   0   0   0   0   0   0  96  2.08 0.66
  325 P   -5 -5 -6 -5 -7 -4 -5 -6 -6 -7 -7 -5 -7 -8  9 -5 -5 -8 -7 -6    0   0   0   0   0   0   0   0   0   0   0   0   0   0  99   0   0   0   0   0  3.26 0.84
  326 L   -4 -4 -6 -7 -4 -4 -6 -6 -5 -1  5 -5  7 -3 -6 -4 -4 -5 -4 -1    0   0   0   0   0   0   0   0   0   1  65   0  31   0   0   1   0   0   0   2  1.55 0.53
  327 N   -5 -4  7 -3 -6 -3 -4 -5 -2 -5 -5 -4 -2  2 -6 -4 -4 -3  8 -5    0   0  46   0   0   0   0   0   0   0   0   0   1   6   0   0   0   0  46   0  1.87 0.62
  328 A    7 -3 -4 -5 -4 -4 -4 -3 -5 -4 -5 -4 -4 -5 -4  0  1 -6 -5 -2   85   1   0   0   0   0   0   0   0   0   0   0   0   0   0   4  10   0   0   1  1.52 0.57
  329 L   -2 -5 -6 -6  1 -4 -5 -6 -5  1  5 -5  3  2 -5 -4 -3  4 -1  0    3   0   0   0   3   0   0   0   0   5  64   0   6   8   0   1   0   5   2   3  0.96 0.37
  330 L   -4 -5 -4 -6 -4 -5 -5 -6 -5  4  5 -5  4 -2 -5 -5 -3 -4 -2  1    0   0   1   0   0   0   0   0   0  26  56   0  11   0   0   0   0   0   1   5  1.09 0.40
  331 Q   -5 -2 -4 -4 -7  9 -1 -6 -3 -7 -6 -2 -4 -7 -5 -4 -1 -6 -5 -6    0   1   0   0   0  95   1   0   0   0   0   0   0   0   0   0   3   0   0   0  2.60 0.82
  332 E    1 -1 -1 -1 -4  2  2 -3  7 -3 -2 -1  0 -4 -3  1  2 -2 -1 -3   10   1   1   3   0   8  13   0  28   1   3   2   3   0   0  13  13   1   1   1  0.57 0.30
  333 R   -1  7 -3 -4 -6 -1 -1 -4 -1 -3 -3  0 -3 -5 -5 -3 -1 -5  1 -2    5  71   0   0   0   1   4   1   1   2   2   1   1   0   0   0   3   0   5   2  1.36 0.50
  334 G    1 -4 -3 -3  1 -3 -4  5 -4 -4 -5 -3 -4 -5 -3  3  1 -5 -5 -1   11   0   0   0   3   0   0  45   0   0   0   0   0   0   0  26  10   0   0   4  0.88 0.37
  335 K    0  0 -1  1 -4  1  1 -3  6 -4 -4  2 -3 -4  3  0 -3 -4  0 -4   10   4   2   6   0   6   8   0  24   0   0  16   0   0  15   4   0   0   3   1  0.60 0.28
  336 K    0  1  0  0 -4  1  2 -3  0  0 -2  2 -2 -4  3 -1  0 -4 -3  1    6   8   6   4   0   5  17   0   2   4   2  12   0   0  15   2   4   0   0  13  0.27 0.16
  337 S    0 -2 -1  0 -3 -2  0 -2 -1 -2  2 -1  0 -2 -3  2  3 -4 -3 -2    7   1   2   6   0   0   6   1   1   0  26   4   2   1   0  21  20   0   0   1  0.27 0.21
  338 V   -3 -2 -3 -3 -3  1  1 -4  6  1  1 -1  4  1 -4 -2 -3 -4 -1  1    0   1   0   0   0   6  11   0  24   9  12   2  13   5   0   3   0   0   1  13  0.48 0.27
  339 G   -2  5 -3 -4 -2 -2 -2  4 -3 -4 -4 -1  0 -5 -4  2 -1 -5 -4 -3    0  40   0   0   1   1   1  31   0   0   1   1   3   0   0  14   4   0   0   1  0.85 0.37
  340 A    6 -2 -4 -4 -3 -2 -4 -3 -4 -4 -3 -3 -4 -5 -4  2 -2 -6 -5 -3   77   2   0   0   0   1   0   0   0   0   2   0   0   0   0  17   1   0   0   0  1.32 0.52
  341 G   -1  2 -1 -1 -2 -1 -1  5 -2 -2 -2 -1 -2 -2 -1  0 -1 -2 -2 -2    4  11   2   2   1   2   3  48   1   2   4   2   1   2   2   7   2   1   1   3  0.52 0.14
  342 N   -3  6  3 -3 -4  2 -2 -3  6 -3 -4  1 -2 -4 -4 -2 -2 -4 -2 -4    1  43  12   0   0   8   1   1  18   2   1   5   1   0   0   2   2   0   1   1  0.91 0.34
  343 A    2 -3 -2 -3 -2 -1 -2 -2 -3  2 -2 -2 -1 -3 -3  3  2 -4 -3  2   21   1   0   0   0   3   0   2   0  15   1   0   1   0   0  25  12   0   0  18  0.38 0.23
  344 I   -3 -6 -6 -6 -4 -6 -6 -7 -6  7 -1 -6 -2 -1 -6 -5 -4 -6 -4  3    1   0   0   0   0   0   0   0   0  76   2   0   0   1   0   0   0   0   0  19  1.68 0.53
  345 A    7 -3 -5 -5 -4 -3 -4 -3 -5  0 -4 -4 -4 -5 -4 -2 -3 -6 -5 -1   90   1   0   0   0   0   0   0   0   5   0   0   0   0   0   0   0   0   0   4  1.61 0.59
  346 V    4 -4 -4 -5  0 -3 -4  0 -5  1 -2 -4 -1 -4 -4 -1 -2 -5 -3  4   42   0   0   0   2   0   0   8   0   5   2   0   1   0   0   2   0   0   0  38  0.75 0.36
  347 Q    0 -3  5 -3 -3  6 -2 -3 -3 -5  0 -1  0 -5 -4 -2 -2 -5 -4 -4    8   0  33   0   1  45   0   1   0   0   9   1   2   0   0   0   1   0   0   0  1.13 0.48
  348 N   -5 -4  9 -2 -6 -4 -4 -2 -3 -6 -7 -4 -6 -7 -6 -3 -2 -7 -6 -5    0   0  94   0   0   0   0   3   0   0   0   0   0   0   0   0   1   0   0   1  2.52 0.74
  349 L   -4 -5  1 -5 -4 -5 -5 -6 -4  5  1 -5 -1  6 -5 -4 -3 -3 -1  0    0   0   9   0   0   0   0   0   0  40  11   0   1  34   0   1   0   0   0   5  1.02 0.39
  350 G   -1 -3  4 -3 -3 -2 -3  1 -3  2  2 -3  1  1 -4 -2 -2 -1  0  1    3   0  25   0   0   1   0  10   0  13  21   0   4   7   0   2   0   1   4   9  0.32 0.21
  351 E   -3 -3  6 -1 -5  1  5 -4 -2 -5 -1 -2 -2 -2 -4 -2 -2 -2 -3 -4    1   0  39   1   0   4  41   0   0   0   7   1   1   2   0   1   1   0   0   0  1.05 0.43
  352 N    3 -3  6 -2 -4  2 -3 -1 -2 -5 -4 -3 -4 -5 -4  2 -2 -6 -4 -4   24   0  48   0   0   9   0   4   0   0   2   0   0   0   0  12   1   0   0   0  0.99 0.42
  353 S    2 -3 -2 -4 -3 -3 -4 -1 -4  1  4 -3  0  1 -4  0  0 -4 -3  0   20   0   1   0   0   0   0   5   0   6  46   0   0   5   0   8   4   0   0   5  0.43 0.25
  354 A    2 -4 -1 -4  2 -4 -4 -1 -3 -1  0 -4  0  6 -4  1 -2 -2  1 -1   19   0   3   0   5   0   0   5   0   2   9   0   2  36   0  12   1   0   2   4  0.52 0.27
  355 M   -4 -5 -6 -6 -5 -4 -6 -6 -5  3 -1 -5  9  3 -6 -5 -4 -4 -3  2    0   0   0   0   0   0   0   0   0  17   1   0  59  12   0   0   0   0   0  10  1.75 0.58
  356 L   -2 -4 -5 -6 -3 -4 -5 -5 -4  2  4 -4  4  0 -5 -4 -3 -4 -3  4    2   0   0   0   0   0   0   0   0  10  40   0  11   4   0   0   0   0   0  32  0.84 0.33
  357 L    2 -4 -4 -4 -1 -3 -4  0 -4  1  2 -3  0 -1 -4 -1 -1 -4 -3  3   22   0   0   0   1   0   0   7   0   3  24   0   2   3   0   5   3   0   0  31  0.39 0.23
  358 M    2 -4 -3 -4 -3 -3 -4  1 -4 -1  0 -3  6 -1 -4  2 -2 -4 -3  1   19   0   0   0   0   0   0  11   0   1   7   0  30   2   0  20   1   0   0   9  0.59 0.33
  359 L    3 -3 -3 -4 -2 -3 -3  0 -4  0  3 -3  0 -3 -3  2  0 -4 -3  1   26   0   0   0   0   0   0   7   0   2  31   0   1   0   0  19   4   0   0  10  0.37 0.24
  360 G    3 -3 -2 -3  1 -3 -3  4 -4  0  1 -3 -1 -2 -3  0 -2 -4 -3  0   25   1   1   0   3   0   0  33   0   6  15   0   1   1   0   7   1   0   0   8  0.44 0.23
  361 I    1 -4 -4 -4 -2 -3 -4 -1 -4  3  3 -4  2  2 -4 -2 -2 -2 -1  1   12   0   0   0   0   0   0   5   0  23  32   0   5   9   0   3   0   0   1  10  0.42 0.21
  362 Y    1 -4 -4 -5 -3 -4 -4 -1 -2  0 -1 -4 -1  3 -4  0 -1 -1  7  1   14   0   0   0   0   0   0   5   0   5   4   0   1   9   0   7   4   0  43   8  0.78 0.34
  363 S    3 -3 -2 -3  2 -2 -3  1 -3  0 -1 -2  2 -3 -3  3  2 -3 -1  0   25   0   0   0   4   0   0   8   0   4   4   1   7   1   0  25  12   0   2   6  0.33 0.22
  364 L    1 -4 -4 -5 -3 -3 -4  0 -4  3  4 -4  1  0 -4 -3 -2 -2 -2  2   11   0   0   0   0   1   0   9   0  15  43   0   3   3   0   1   0   1   1  13  0.48 0.24
  365 A    2 -3 -3 -4 -2 -3 -4 -4 -4  1  4 -3  4 -1 -4  0 -2 -4 -3  1   17   0   1   0   1   0   0   0   0   5  45   0  12   1   0   9   1   0   0   8  0.55 0.27
  366 V   -1 -4 -3 -4 -1 -3 -3 -2 -3  3  3 -3  1  0 -4 -2  2 -3 -2  3    5   0   1   0   1   0   1   4   1  18  29   0   2   4   0   2  13   0   0  21  0.37 0.20
  367 M    1  1 -1 -2 -3 -1 -1  0  0 -1  1  2  1  0 -2  0 -1  4 -1 -1   11   6   1   2   0   1   1   8   3   2  17  19   4   3   1   8   3   7   1   2  0.13 0.12
  368 I    2 -2 -2 -3 -2  0 -2 -2 -3  1  3 -2  2  0 -3  0 -1 -2 -2  1   20   1   1   0   0   4   1   2   0   6  33   1   5   4   0   8   3   1   0   8  0.23 0.16
  369 G   -1 -2  1  1 -4 -1 -1  5  0 -2 -3 -1 -4 -2 -3  0 -2 -4 -3 -2    2   1   5   9   0   2   4  52   3   3   2   3   0   2   0   7   1   0   0   4  0.66 0.27
  370 I    0 -3 -4 -4 -2 -3 -4 -4 -4  2  3 -3  3  2 -4 -3 -2  0 -1  3    8   1   0   0   0   0   0   1   0  11  35   1   7   9   0   0   1   1   1  23  0.49 0.23
  371 P    0 -3  0  0 -3 -1 -1  0  1 -4 -3  0 -3 -4  4  4  1 -5 -4 -3    4   0   4   5   0   2   2   5   5   0   2   5   0   0  21  36   8   0   0   0  0.57 0.28
  372 V    0 -4 -4 -5 -3 -2 -4 -2 -5  5  1 -2 -1 -1 -1 -3 -1 -1 -3  4    8   0   0   0   0   1   0   4   0  38  11   2   0   1   3   1   2   1   0  27  0.57 0.27
  373 V   -1 -3  1  0 -3 -1 -1 -1 -1  0  0 -2 -2  1  4  1  0 -2  0  1    2   0   9   6   0   3   2   3   1   4   8   0   0   7  23  10   4   0   4  14  0.28 0.17
  374 P    1 -2 -1 -1 -3  2  0  1 -1  1 -1 -1 -1 -1  0  0  1  1 -1  0   12   1   2   2   0  16   5  11   1  12   5   1   0   3   5   5  12   3   2   4  0.11 0.12
  375 I    0 -3 -3 -4 -3 -3 -3 -4 -4  4  2 -2  0  0  1 -1  0 -4 -3  3    8   0   1   0   0   0   1   0   0  26  22   3   1   3   6   4   5   0   0  19  0.36 0.20
  376 G   -2 -4 -4 -4 -4 -1 -2  1 -3  4  0 -3  1  5 -1 -3 -2 -3 -1  1    2   0   0   0   0   4   3  11   0  31   8   0   4  26   3   0   2   0   0   6  0.49 0.26
  377 I    0 -4 -3 -3 -3 -1 -3 -3 -3  2  3 -3  0  0 -3 -3  0  1 -1  2    7   0   1   1   0   3   1   2   0  14  38   0   1   4   0   1   6   2   2  18  0.38 0.21
  378 G    1 -4 -3 -4 -1 -2 -3  2 -4  1  1 -3  0  3 -4 -1 -1 -3 -2  2   16   0   0   0   1   1   0  17   0  10  18   0   1  14   0   4   3   0   0  15  0.27 0.18
  379 F   -1 -4 -4 -5 -3 -2 -4 -4 -4  1  2 -4  0  6 -5 -3  1 -2  1  1    4   0   0   0   0   2   0   1   0   6  20   0   1  40   0   1  12   0   2  10  0.70 0.30
  380 G    2 -4 -2 -4 -4 -4 -4  5 -4 -1 -1 -4 -3 -2 -3  0 -3 -1 -3 -2   21   0   1   0   0   0   0  54   0   5   7   0   0   1   0   5   0   1   1   3  0.85 0.34
  381 A    1 -3 -1 -4 -2 -3 -3 -3 -4  2  3 -3  1 -1 -4 -1  1 -4 -3  2   13   0   3   0   0   0   0   1   0  10  37   0   3   2   0   4   7   0   0  18  0.37 0.21
  382 L    1 -4 -4 -4 -3 -3 -4 -3 -4  1  3 -3  2  3 -4 -1 -1 -3 -2  2   13   0   0   0   0   0   0   2   0   5  35   0   5  15   0   4   3   0   0  18  0.43 0.22
  383 F   -1 -3  2 -3  0 -3 -3 -3 -3  2  1 -3  0  3 -4 -1 -2 -3 -1  4    3   0  15   0   2   0   0   1   0   8  13   0   2  14   0   4   1   0   1  35  0.41 0.23
  384 A    4 -3 -1 -3  2 -3 -3 -2 -3  0  2 -3  2 -1 -3  0  0 -4 -3  1   38   0   3   0   5   0   0   2   0   2  20   0   5   2   0   7   5   0   0   9  0.35 0.22
  385 L    1 -3  3 -3 -1 -3 -3  0 -3  1  3 -3  1 -1 -3 -1 -1 -3 -3  1   12   0  16   0   1   0   0   8   0   7  35   0   3   2   0   5   1   0   0   8  0.28 0.19
  386 A    3 -3  0 -3  0 -2 -3  0 -3  0  0 -2  0  1 -3  0  0 -3 -1  2   34   0   5   0   1   0   0   5   0   5   7   0   3   6   0   7   5   0   1  18  0.25 0.18
  387 I    1 -3 -2 -4 -1 -2 -3 -3 -4  3  1 -3  5 -1 -3 -2  0 -3 -2  3   13   0   2   0   1   1   0   2   0  22   9   0  22   1   1   1   4   0   1  19  0.46 0.24
  388 T    2 -3 -3 -4 -1 -3 -3  1 -3  1  1 -3 -1  1 -2 -1  0  4 -1  3   19   0   1   0   1   0   1  10   0   6  12   0   0   6   1   4   6   6   2  25  0.24 0.17
  389 A    2 -3 -2 -3 -1 -2 -3  0  0  1  1 -3  1  1 -2  0  0 -2  3  1   22   1   1   0   1   1   0   7   2   6  18   0   3   4   1   6   4   0  14  11  0.19 0.15
  390 L   -1 -4 -3 -5 -3 -4 -4 -4 -4  4  3 -4  3  1 -4 -2 -2 -3 -2  2    4   0   1   0   0   0   1   0   0  28  34   0   8   7   0   2   2   0   1  14  0.59 0.25
  391 W   -3 -1 -5 -6  0 -2 -5 -3 -2  0 -2 -3  2  4 -5 -4 -2  9  5 -2    1   4   0   0   2   2   0   2   1   5   2   1   7  15   0   0   3  30  23   3  1.27 0.42
  392 I   -1  1 -4 -4  0 -2 -3 -3 -1  3  2  0  0  0 -4 -3 -2  0  2  1    3  11   0   0   2   1   0   2   1  25  27   7   2   3   0   0   0   1   7   9  0.32 0.19
  393 W   -1 -1 -5 -5 -4 -3 -4 -5 -1  0  2 -1 -2  3 -5 -3 -3  8  3  0    4   4   0   0   0   1   0   0   2   5  22   3   0  14   0   1   0  25  11   7  0.85 0.30
  394 Q   -1  2  0 -1 -3  2 -1 -1  5 -1 -1  1  2 -1 -2  0 -2 -1  1 -2    2  14   2   2   0  10   1   6  21   3   5   8   9   2   1   7   1   1   5   2  0.27 0.18
  395 R   -2  6 -2 -3 -5  2 -2 -4  1 -4 -2  3 -3 -4 -4 -2 -2  3 -1 -4    2  57   1   0   0   7   1   0   3   1   4  16   0   0   0   1   2   4   2   0  0.98 0.35
  396 R   -3  6 -2 -3  0 -1 -2 -4  2 -4 -1  3 -3 -4 -4 -2 -3  3 -3 -4    1  61   1   0   2   1   0   0   6   0   7  16   0   0   0   1   0   5   0   0  0.99 0.30
  397 H   -3  2  5 -2 -5  3 -1 -3  7 -5 -4 -1 -3 -3 -4 -2 -2 -4  2 -4    0  11  33   0   0  13   0   0  35   0   0   0   0   0   0   0   0   0   7   0  1.01 0.28

                      K         Lambda
Standard Ungapped    0.1391     0.3258
Standard Gapped      0.0452     0.2670
PSI Ungapped         0.1483     0.3185
PSI Gapped           0.0452     0.2670
