
Last position-specific scoring matrix computed, weighted observed percentages rounded down, information per position, and relative weight of gapless real matches to pseudocounts
           A  R  N  D  C  Q  E  G  H  I  L  K  M  F  P  S  T  W  Y  V   A   R   N   D   C   Q   E   G   H   I   L   K   M   F   P   S   T   W   Y   V
    1 M   -2 -2 -3 -4 -2 -1 -3 -4 -2  1  3 -2  7  0 -3 -2 -1 -2 -2  0    0   0   0   0   0   0   0   0   0   0  19   0  81   0   0   0   0   0   0   0  0.71 0.11
    2 M   -3 -2 -2 -5 -4 -2 -4 -5 -4  1  1 -1  9 -1 -5 -4 -3 -4 -3 -1    0   2   2   0   0   0   0   0   0   5   5   4  80   1   0   0   0   0   0   0  1.57 0.42
    3 D   -2  3  3  1 -4  0 -1 -2  0 -3 -4  5 -3 -4 -3 -1 -1 -5 -3 -4    2  17  20   7   0   0   0   2   2   1   0  45   0   0   0   0   3   0   0   0  0.65 0.23
    4 N   -2  3  3 -2 -4  1 -1 -3 -2 -4 -2  4 -2  2  0  0 -2 -4 -2 -3    0  13  20   0   0   4   0   0   0   0   3  41   0  10   4   4   0   0   0   0  0.53 0.21
    5 D   -1 -1  2  4 -3  0  2 -2  0 -2  0 -1 -2  0 -3 -1  0 -3  0 -2    6   1   9  27   0   3  17   2   1   0  13   3   0   5   0   2   5   0   4   1  0.26 0.13
    6 N   -2  1  3 -1 -4 -1 -2 -2 -1 -2 -2  0 -2  5 -1  1 -1 -2  0 -2    1   9  17   2   0   3   0   2   0   2   2   7   0  33   3  16   2   0   1   2  0.38 0.22
    7 S    2  1  2 -1 -2 -1 -1 -2 -2 -1 -1  2 -2 -3 -2  3  2 -4 -2 -2   16   6  10   3   0   0   0   1   0   3   6  15   0   1   1  25  12   0   1   2  0.25 0.17
    8 L   -1  2 -2 -3 -3  0 -2 -1 -2  0  2  0  1  2  1  0  0  1 -1 -1    3  17   1   0   0   3   0   4   0   4  22   7   6  10   8   6   4   2   0   2  0.15 0.13
    9 N   -1  0  2  0 -3 -1 -1  0  1 -2 -2  0 -2  3  1  1  0 -2  1 -2    4   5  15   3   0   2   1   8   3   1   3   4   0  18   6  13   7   0   5   2  0.16 0.13
   10 K    0  2 -1  0 -3  2  0 -2 -2 -3 -3  2 -2 -4  2  2  0 -3 -3 -2    8  10   0   5   0  13   5   2   0   1   1  18   0   0  10  19   3   0   0   3  0.32 0.17
   11 R   -1  5  0 -2 -4 -1 -1 -2 -2 -3 -1  2 -1 -4 -3  2 -2 -4 -3 -2    5  45   4   0   0   1   3   2   0   0   5  11   2   0   0  18   0   0   0   2  0.63 0.28
   12 P   -2 -3 -2 -2 -3  0 -2 -3 -3 -3  1  0 -2 -3  6  1  0 -4  0 -3    2   0   1   1   0   5   0   1   0   0  17   7   0   0  39  14   7   0   3   1  0.74 0.30
   13 T   -2 -3 -3 -4 -4 -3 -3 -4 -4 -2 -4 -3 -4  0 -1  4  6 -5 -4 -3    0   1   0   0   0   0   0   0   0   2   0   0   0   5   3  35  54   0   0   0  1.20 0.55
   14 F   -4 -5 -6 -6 -4 -5 -6 -6 -5  4  4 -5  2  4 -6 -5 -4  5 -2 -1    0   0   0   0   0   0   0   0   0  26  46   0   5  15   0   0   0   8   0   0  1.11 0.46
   15 K   -2  5 -3 -2 -5  3 -2  0  1 -5 -5  3 -4 -5 -4  0 -3 -5  1 -5    2  39   0   1   0  14   0   7   4   0   0  19   0   0   0   8   0   0   5   0  0.86 0.44
   16 R   -1  3  2 -3 -4  3 -2 -1 -1 -4 -3  3 -3 -4 -2  2  1 -1 -2 -2    5  19   9   0   0  15   0   3   1   0   2  16   0   0   1  16  10   1   1   2  0.43 0.30
   17 A    0 -1 -3 -3 -3  0 -2 -4 -3  0  0  3 -1 -3 -3  1  2 -4 -1  2    7   2   0   0   0   5   0   0   0   5  10  24   1   0   0  10  17   0   2  18  0.32 0.27
   18 L   -4 -3 -6 -6 -4 -5 -5 -4 -5  2  5 -5  0  3 -6 -4 -3 -4 -3 -1    0   1   0   0   0   0   0   2   0   9  69   0   2  13   0   1   1   0   0   3  1.15 0.51
   19 R    0  4 -2 -3 -3  0 -2  1 -1 -1  1  0  2 -3 -3  0  0 -1 -2 -2    6  28   1   0   0   5   0  12   1   3  16   4   6   0   0   7   6   1   1   2  0.28 0.23
   20 N    0  5 -1 -4 -4 -1 -3 -4 -3 -1  0  2 -1  1 -4 -2 -1  0 -1  0    8  37   3   0   0   2   0   0   0   4  11  10   1   6   0   1   4   1   2   8  0.45 0.30
   21 I    0 -3 -4 -4 -3 -2 -4  0 -4  5  1 -2  0  1 -4  0  1 -4 -1  2    7   0   0   0   0   2   0   7   0  37  11   2   1   5   0   6   8   0   2  11  0.41 0.28
   22 S   -1 -3  1 -3 -4  2 -2 -3  6  1  0 -2  0 -3 -4  2 -1 -5 -2  1    4   0   8   0   0  11   0   1  22   7  11   2   3   0   0  18   3   0   1  10  0.44 0.33
   23 M    0 -3 -3 -5 -2 -4 -4 -1 -4  0  3 -4  6  2 -5 -1  0 -4 -3  1    7   1   1   0   1   0   0   5   0   4  33   0  22   7   0   5   5   0   0   8  0.56 0.35
   24 T    0  0 -1 -3 -2 -1 -3  0 -3  2  1 -2  0 -1 -1  1  2 -2 -3  0    5   6   2   0   1   2   0   7   0  18  15   1   2   3   2  12  17   0   0   6  0.17 0.19
   25 S   -1 -2  0 -4  2 -3 -3 -3 -4  2  1 -3  0  0 -1  1  2 -1 -3  3    2   1   6   0   4   0   0   1   0  13  13   0   2   4   2  14  15   1   0  22  0.29 0.25
   26 I    3 -4 -4 -4  1 -4 -4 -3 -4  2  1 -4 -2  2 -4  0  0 -4 -3  2   34   0   0   0   3   0   0   1   0  13  11   0   0   9   0   7   6   0   0  15  0.46 0.32
   27 F    2 -4 -5 -5 -1 -4 -4 -3 -4  1  4 -4  1  3 -4 -1 -2 -4 -2  2   19   0   0   0   1   0   0   2   0   7  38   0   3  12   0   5   1   0   0  12  0.54 0.34
   28 I   -2 -5 -5 -5 -4 -5 -5 -6 -5  5  1 -5  1  2 -5 -3  0 -4 -3  4    3   0   0   0   0   0   0   0   0  36  13   0   2  10   0   2   7   0   0  27  0.83 0.41
   29 T    4 -4 -3 -4 -3 -3 -3  1 -4  0  0 -3 -3 -1 -3  2  3 -4 -4  1   34   0   0   0   0   0   0   8   0   5   7   0   0   3   0  13  20   0   0   8  0.48 0.35
   30 M    1 -4 -4 -5 -3 -4 -4 -4 -4  2  2 -4  5  0 -4  0  0 -4 -1  3   11   0   0   0   0   0   0   1   0   8  21   0  16   4   0   6   6   0   1  25  0.54 0.34
   31 M    1 -4 -4 -4  2 -3 -4  1 -4  1  2 -3  1  1 -4  0  1 -4 -3  1   13   0   0   0   4   0   0  11   0   8  27   0   2   7   0   5  11   0   0  12  0.30 0.24
   32 L    1 -4 -4 -5 -1 -4 -4 -3 -5  3  3 -4  4  1 -4 -2  1 -4 -3  2   15   0   0   0   1   0   0   1   0  15  30   0  10   6   0   1   9   0   0  11  0.52 0.32
   33 I    3 -4 -4 -4  4 -2 -4 -3 -1  2  1 -3  1 -1 -2  0 -1 -4 -3  2   28   0   0   0   8   1   0   1   2  15  11   0   3   3   2   8   3   0   0  14  0.39 0.28
   34 W    0 -4 -3 -3  1 -3 -2  3 -4 -2 -2 -4 -3  2 -4  2  1  7 -2  0    8   0   0   1   3   0   3  25   0   2   2   0   0   9   0  15   9  14   0   7  0.57 0.35
   35 L    0 -4 -5 -5 -1 -4 -5 -4 -5  3  3 -4  1  1 -2 -1 -1 -4 -3  3    9   0   0   0   1   0   0   1   0  16  34   0   2   5   2   5   3   0   0  22  0.55 0.33
   36 L    0 -3 -3 -4 -3 -1 -2 -2 -1  1  2 -2  0  2 -2  1  0  0 -2  2   10   0   0   0   0   2   1   2   1   8  26   1   1   9   2  11   7   1   0  15  0.23 0.21
   37 L   -4 -5 -6 -6  1 -5 -3 -6 -1  1  4 -5  1  5 -6 -5 -2 -3  2  0    0   0   0   0   3   0   2   0   1   7  45   0   3  25   0   0   2   0   6   5  0.94 0.46
   38 S    1 -3 -3 -3  2 -1 -1 -2 -4  1  1 -3 -1 -1 -4  3  3 -4 -3  1   13   0   0   0   4   3   3   2   0   8  12   0   1   2   0  23  19   0   0   9  0.33 0.29
   39 V    2 -2 -3 -4 -3 -2 -3 -2 -1  1  2 -3 -1  0 -2  0  0 -1 -1  3   16   2   0   0   0   1   0   3   1   8  22   0   1   3   2   9   7   1   2  22  0.25 0.23
   40 T    1 -1 -1 -3 -3 -2 -2  0 -3  1  2 -3  0  1 -3 -1  1 -3  2  1   13   3   4   0   0   1   2   7   0  10  20   0   1   7   0   3   9   0   7  12  0.16 0.17
   41 S    1 -2 -1  1 -3  1  1  2 -3 -2 -2 -2 -2 -4 -3  3  0 -4 -1 -1   12   2   1   6   0   7  10  14   0   1   4   1   1   0   0  31   3   0   2   4  0.33 0.27
   42 V   -1 -2 -4 -5 -3  0 -3 -5  0  2  2 -3  2  1 -4 -2 -1  3  1  3    5   2   0   0   0   4   1   0   2  10  25   1   4   6   0   2   3   5   4  27  0.42 0.28
   43 L    0 -1 -1  0 -3  0 -2 -4  0  1  2 -1  0  3 -4 -1  0  2  1  0    7   4   2   6   0   4   1   0   2   8  22   3   2  18   0   5   6   2   5   5  0.18 0.17
   44 T    3 -2 -1  1 -3 -1 -2 -3 -3 -1 -1 -2 -2  0 -3  1  3  0 -1  0   27   1   3   7   0   3   2   1   0   2   6   1   0   5   0  10  21   1   1   7  0.30 0.28
   45 L    0 -3 -3 -2 -4 -1 -1 -5 -4  2  4 -4  3  1 -5 -4 -2 -4  1  0   10   1   1   2   0   2   4   0   0  10  48   0   6   4   0   0   2   0   5   3  0.57 0.35
   46 K   -4  5 -1  0 -6  2  2 -4 -3 -3 -2  4 -4 -5 -4 -2 -2 -5  0 -4    0  32   2   4   0   9  13   1   0   1   5  24   0   0   0   2   2   0   4   1  0.76 0.43
   47 Q    0  0  0  1 -4  4  1  0  0 -2 -2  0  0 -3 -3  1  1 -4 -3  1    9   3   3   9   0  21   8   5   2   0   3   3   3   1   0  11   8   0   0  10  0.25 0.24
   48 Y   -1  0  2 -1 -5  0  1 -4  0 -5 -3 -3 -4 -2 -5  0 -1 -2  7 -2    6   4  10   4   0   4   9   1   2   0   1   1   0   0   0   9   3   0  44   2  0.92 0.52
   49 A    4 -1 -2 -4 -4  3  1 -4 -4 -2  2 -2  0 -4 -4 -2 -1 -5 -4 -2   44   2   1   0   0  15  10   0   0   1  18   1   2   0   0   0   4   0   0   1  0.65 0.45
   50 Q   -1  0  0  2 -4  3  2 -2 -1  0 -2  2 -3 -3 -3 -1  0 -4 -1  0    3   5   5  13   0  13  13   2   1   6   2  17   0   1   0   2   7   0   2   8  0.27 0.22
   51 K   -1  1  3 -2 -2  3  3 -4  5 -5 -1  2 -3 -5 -3  0 -2 -5 -3 -4    6   7  13   1   1  15  17   0  16   0   6  11   0   0   0   5   2   0   0   0  0.55 0.35
   52 N   -2  1  6  1 -5  1  0 -2  0 -5 -3 -2 -4 -5 -4  1  0 -5 -1 -3    3   9  44   6   0   7   6   2   2   0   3   0   0   0   0  10   5   0   3   2  0.78 0.44
   53 L    0 -5 -3 -5 -4 -1 -5 -3 -5 -1  5 -5  3 -1 -5 -4 -1 -4 -1 -1    9   0   1   0   0   4   0   2   0   1  65   0   7   1   0   0   4   0   2   2  0.95 0.49
   54 A   -1  0  1  3 -5  3  4 -3  5 -3 -2 -1 -2 -5 -4 -2 -2 -5 -3 -1    5   5   8  14   0  12  25   1  17   1   3   3   1   0   0   1   1   0   0   4  0.61 0.38
   55 L    0 -2 -2 -4 -4 -3 -1 -3 -5  1  4 -4 -1 -3 -5  2 -1 -5 -4  0    6   2   2   0   0   1   4   1   0   6  52   0   0   0   0  19   3   0   0   4  0.63 0.42
   56 T   -2 -3 -1 -4 -3  0 -2 -5 -4  4  3 -2  1  0 -4 -1  1 -4 -3  2    3   1   3   0   0   5   2   0   0  23  27   1   3   5   0   3  11   0   0  14  0.43 0.29
   57 A    5 -4 -4 -4 -4 -1 -2  1 -4 -3  0 -4 -1 -5 -4  2  0 -5 -5 -1   48   0   0   0   0   3   3   9   0   1  10   0   1   0   0  18   4   0   0   3  0.70 0.45
   58 A    1  5  2  1 -5  3 -1 -2 -1 -3 -3 -1 -2 -5 -4  1 -2 -5 -3 -3   14  30  11   7   0  13   3   2   1   1   2   2   1   0   0  11   1   0   1   1  0.54 0.37
   59 T    0 -3  0 -3 -3 -1 -2 -2 -4  1  0 -3  2 -1 -2  3  3 -4 -1 -1    6   0   3   1   0   3   2   2   0   8   8   0   7   2   2  28  23   0   2   4  0.38 0.33
   60 M   -2 -5 -5 -6 -4 -3 -5 -5 -2  4  4 -5  5 -2 -5 -4 -1 -5 -4  2    3   0   0   0   0   1   0   1   1  24  35   0  15   1   0   0   4   0   0  14  0.85 0.43
   61 T    3 -2  0 -1 -4 -2  0  1 -4 -4 -2 -2 -4 -5 -4  4  0 -5 -4 -3   26   2   3   2   0   1   5  11   0   0   4   1   0   0   0  37   5   0   0   1  0.60 0.41
   62 Y   -1  0  1  0 -5  1  1 -4  3 -4 -3 -2 -1 -2  2 -1  0 -3  5 -2    6   4   7   4   0   7  11   0   6   0   1   2   2   1  11   3   7   0  26   2  0.50 0.35
   63 S    0  1  4  0 -4 -2 -3 -1 -1 -4 -2 -2 -2 -4  0  2  4 -5 -4 -3    9   8  19   4   0   1   0   4   1   0   4   0   1   0   4  17  26   0   0   1  0.48 0.35
   64 L    1 -2 -4 -2 -3 -3 -2 -3 -4  2  3 -3  1 -3 -4  0  0 -4 -3  3   13   2   0   2   0   0   2   1   0  14  27   0   2   0   0  10   6   0   0  21  0.39 0.28
   65 E    0  1 -3 -2 -5  2  5 -4 -1 -3 -4 -2 -1 -2 -4  1  2 -1 -4 -1    8   6   0   0   0  11  39   0   1   1   1   0   2   2   0  13  11   1   0   4  0.63 0.42
   66 A    4 -4  1  0 -4  0 -3 -1 -4 -3 -4 -1 -4 -1  3  1  0 -5  0 -3   44   0   7   4   0   3   0   3   0   1   0   3   0   2  13   8   6   0   3   1  0.59 0.40
   67 A    6 -4 -5 -3 -4 -4 -4 -1 -5 -3 -3 -4  2 -6  1  0 -4 -6 -5 -3   71   1   0   1   0   0   0   5   0   1   2   0   4   0   8   5   0   0   0   1  1.27 0.67
   68 V   -3 -5 -6 -6 -4 -3 -5 -6 -6  1  4 -5  1 -3 -5 -4 -1  0 -2  5    1   0   0   0   0   1   0   0   0   5  43   0   2   0   0   1   3   1   1  41  1.05 0.53
   69 V    0 -3 -5 -6 -4 -1 -3 -5 -2  1  0 -5  2 -2 -5 -3 -2  5  1  5    9   1   0   0   0   3   2   0   1   7   7   0   4   1   0   1   2   9   5  49  0.84 0.48
   70 F    0 -6 -1 -6 -6 -6 -3 -6 -1 -4 -2 -4 -4  8 -6  1 -1 -3 -1 -2    7   0   3   0   0   0   2   0   1   0   2   1   0  67   0  10   4   0   1   2  1.65 0.74
   71 A    0 -1  3  2 -4 -1  1  1  1 -1  0 -1 -2 -1 -1  0 -1 -4 -1 -3    7   3  17  10   0   0  10  14   5   4  11   4   1   2   2   5   2   0   2   0  0.18 0.18
   72 D   -5 -5  1  8 -7 -4 -1 -4 -5 -7 -7 -2 -6 -7 -5 -4 -3 -7 -6 -6    0   0   5  85   0   0   2   1   0   0   0   2   0   0   0   0   1   0   0   0  2.36 0.93
   73 G    1  1 -1  1 -3  1  1 -1 -1  0 -1  1 -2 -1  1  1  0 -4 -3 -1   10   9   2   8   0   9   7   3   1   9   5   9   0   2   6  13   3   0   0   4  0.11 0.13
   74 P    1 -1  0  1 -3  1  1 -1  0 -1 -1  0 -1 -1  1  0  0 -3  0  0   14   2   4  10   0   7  12   3   2   3   4   6   1   3   7   3   7   0   3   7  0.11 0.12
   75 A    5 -1 -3  0 -4  0 -1 -3 -4 -4  0 -3 -1 -5 -4  1  1 -2 -2 -1   49   4   1   4   0   4   4   1   0   0   9   0   1   0   0   8   9   1   1   4  0.60 0.45
   76 A    5 -5 -5 -5 -4 -5 -5  0 -5  3  1 -5 -1 -3 -5 -3  0 -6 -5  0   51   0   0   0   0   0   0   7   0  17  13   0   1   1   0   0   5   0   0   6  0.85 0.53
   77 T   -1  2  3 -1 -5  3  1 -1  3 -3 -2  0 -3 -5 -4  0  1 -5 -3 -3    5  12  13   3   0  17   9   4   8   1   3   4   0   0   0   8   9   0   0   1  0.38 0.31
   78 E    0  2  1  1 -6  4  5 -5 -2 -4 -3  0 -4 -6 -4 -3  0 -6 -5 -5    7   9   6   7   0  16  39   0   1   1   3   4   0   0   0   0   7   0   0   0  0.79 0.50
   79 T    1 -3 -1 -4 -3  0 -1 -2 -4  2  2 -1 -1 -2 -3 -1  4 -4 -4  0   13   0   3   0   0   5   4   2   0  15  17   3   0   2   1   4  25   0   0   6  0.33 0.31
   80 L   -5 -6 -6 -7 -5 -5 -6 -7 -6  4  5 -6  1 -1 -6 -6 -4 -5 -4  1    0   0   0   0   0   0   0   0   0  21  65   0   3   2   0   0   0   0   0   8  1.38 0.64
   81 A    3  0  2 -1 -4  1  2 -1 -1 -3 -2 -1 -2 -4 -2  1 -1 -5 -4 -3   29   6   9   3   0   7  14   4   1   1   4   2   1   1   1  13   3   0   0   1  0.34 0.30
   82 A    0  2 -1  0 -3  0  0  2 -1 -2  1 -1  1 -3  1  1  0 -4 -3 -2   10  12   1   5   0   5   5  14   2   1  14   1   3   0   7  11   7   0   0   1  0.14 0.17
   83 L   -1 -5 -6 -6 -4 -3 -5 -6 -2  4  4 -5  1  1 -5 -5 -2 -4  2  1    5   0   0   0   0   1   0   0   1  25  42   0   2   6   0   0   1   0   6   9  0.84 0.45
   84 G    2  0 -2 -2 -3 -1 -1  2 -2  1  1 -1  0 -1 -2  0  1 -4 -3  0   19   5   1   2   0   3   4  15   1   8  16   4   1   2   1   4  10   0   0   5  0.13 0.17
   85 Q    0  2  0 -2 -4  1  2  0  1 -2 -2  2 -1 -2 -1  1  0  1 -3 -1    9  11   4   1   0   5  12   6   3   2   3  14   1   1   2  11   6   2   0   5  0.17 0.18
   86 Q    0  1  0  1 -4  3  1 -2  2 -2 -2  0 -1 -2 -2  0  0  0  0  0    8   8   5   8   0  17   8   2   7   2   2   4   1   1   2   6   6   2   4   9  0.19 0.21
   87 G   -2  0 -2  1 -5 -1  4  2  2 -5 -3 -1 -4 -5  3  0 -2 -5 -3 -4    2   5   1   6   0   2  31  15   5   0   3   3   0   0  16   6   2   0   1   1  0.58 0.40
   88 Q    0 -2  3  4 -5  2  2 -1  3 -5 -4 -2  0 -3 -1  0 -1 -5 -3 -3    8   1  12  24   0  10  11   4   8   0   1   1   3   1   3   8   2   0   1   2  0.48 0.35
   89 F   -2 -5 -5 -5 -1 -5 -5 -5 -5  4 -1 -5 -1  3 -2 -3 -3 -4  0  5    3   0   0   0   1   0   0   0   0  25   5   0   1  14   2   1   1   0   2  42  0.98 0.50
   90 S    2  2 -1 -1  0  0 -1  0 -2  0 -1  0 -1 -1 -1  1 -1 -3  0  0   19  12   2   3   2   5   3   5   0   7   5   5   1   2   2  13   2   0   5   7  0.10 0.14
   91 T    1  0 -1  0 -3  1  1 -1 -1 -1 -2 -1  0  0 -2  2  0 -3  2 -1   10   6   2   4   0   8  10   5   1   3   3   2   2   5   2  23   6   0   7   3  0.16 0.20
   92 A    6 -3 -5 -6 -3 -3 -3 -2 -1  2 -3 -5 -4 -3 -5 -3 -4 -6 -5  3   60   1   0   0   0   1   1   2   1  11   1   0   0   1   0   0   0   0   0  19  1.12 0.65
   93 E    0  2 -2 -2 -4  2  2 -3  2  1 -1  1 -1 -1 -3  0  0 -4  0  1    7  10   1   1   0   8  16   1   5   8   5  10   1   3   0   5   5   0   3  13  0.17 0.20
   94 V   -4 -6 -7 -7 -5 -6 -6 -4 -7  4  2 -6  0 -3 -6 -6 -4 -6 -2  6    0   0   0   0   0   0   0   2   0  25  20   0   1   1   0   0   0   0   1  50  1.34 0.66
   95 R   -2  0 -3 -3 -4 -2  0 -5 -2  1  1 -3  0  4 -4 -1  0 -1  4  1    2   7   1   1   0   1   8   0   1   7  13   1   2  17   0   5   7   1  18  10  0.40 0.31
   96 D   -4 -5  3  6 -6 -1  0 -3 -2 -5  0 -2 -5 -6 -5 -1  0 -7 -6 -5    1   0  16  53   0   2   6   2   1   0   9   1   0   0   0   3   6   0   0   0  1.21 0.64
   97 K    1  2  1  1 -3  0  1 -1 -1 -2 -3  1 -2 -4  1  1  0 -4 -2  0   14  12   6  10   0   3   7   5   1   1   2   8   0   0   8  10   6   0   1   6  0.19 0.18
   98 Q   -1  0  3  3 -5  3  2  0  2 -3 -3  1 -2 -3 -4 -1 -1 -5 -4 -3    4   4  14  20   0  16  11   7   5   1   2   6   1   1   0   3   3   0   0   2  0.46 0.33
   99 Q   -1  1  1 -2 -5  2 -1  5  2 -6 -5  1 -1 -3 -5 -3 -4  1 -3 -5    4   9   7   2   0  11   3  46   4   0   0   7   2   1   0   1   0   2   1   0  0.84 0.49
  100 N   -2  4  1 -1 -5  4  1 -4  2 -2 -3  2 -3 -5 -4  1  0 -5 -2 -3    2  22   7   3   0  18   9   0   6   3   2  12   0   0   0   9   4   0   1   1  0.53 0.38
  101 I   -3  0 -4 -4 -4  1  1 -5 -1  2  2 -2  1 -2  2 -3 -1 -2 -2  3    1   5   0   0   0   6   9   0   2  10  23   2   4   1  10   1   3   1   1  21  0.34 0.29
  102 L   -4 -3 -6 -4 -5 -4 -6 -6 -5  2  4 -5  0  5 -6 -4 -4 -1 -1  1    0   1   0   1   0   1   0   0   0  10  45   0   1  27   0   1   0   1   1   8  1.06 0.55
  103 A    6 -4 -2 -5 -4 -3 -3 -2 -1 -1 -3 -3  0 -2 -4 -1  0 -5 -4  1   61   0   2   0   0   1   1   2   2   3   2   1   3   1   0   2   5   0   0  12  0.95 0.57
  104 S   -1  1  1  1 -4  2  2 -2  2 -1 -4 -1 -3 -4 -2  3  0 -2 -1 -1    4   8   6   7   0   9  14   2   5   3   1   1   0   0   2  25   6   1   2   5  0.31 0.28
  105 W   -1 -1 -3 -2 -4 -3  0 -1 -1 -3 -2 -2 -1  0 -4 -1 -3 10  4  0    5   4   1   2   0   1   7   5   1   1   3   3   2   3   1   4   2  35  13   7  1.20 0.52
  106 H    0  1  1  0 -4  3  1 -1  3 -2 -3 -1 -1 -3 -1  2  1 -4 -2 -2    6   7   6   4   0  18   8   5   8   2   1   2   2   1   3  16   7   0   1   3  0.29 0.26
  107 Y    1  4  0 -1 -3  0 -1 -1  0 -2 -1  0 -2  1 -1  0 -1  1  2 -1   13  25   5   2   0   3   4   4   2   2   7   4   0   6   2   5   2   2   8   3  0.21 0.21
  108 T    1 -1  0  2 -4  0  0 -1 -2 -1 -2  0 -3 -4  4  1  0 -5 -4 -2   10   2   5  12   0   5   7   5   1   3   4   6   0   0  24   9   6   0   0   2  0.38 0.27
  109 R    0  1  1  2 -3  1  1 -1 -1 -1 -2  0 -1 -3  1  0 -1 -4 -3 -1   10   9   8  13   0   8  11   5   1   4   3   6   1   1   6   8   2   0   0   5  0.17 0.16
  110 K    0  1 -1  0 -3  1  1 -1  1 -1 -2  0 -2 -1  3  0  2 -4 -1 -1    8   7   1   6   0   7   9   4   3   3   4   6   0   2  13   6  14   0   2   4  0.18 0.18
  111 D    1  0  0  2 -3  0  1  2 -1 -3 -2  0 -1 -3  0  1  0 -4 -2 -1   10   4   3  12   0   4  11  16   1   0   3   5   2   1   4  11   6   0   1   5  0.18 0.17
  112 P    0  0  1 -1 -3 -1 -1 -1  1 -1  0 -1  1  0  4 -1  1 -1  1  0    6   7   7   3   0   2   3   3   3   4   9   2   5   4  19   3   9   1   5   5  0.19 0.17
  113 G    0  0  0  0 -3 -1 -1  2 -1  0  1 -1  0  0  1  0  0  1 -1 -1    7   6   3   6   0   3   3  15   1   4  16   2   3   3   6   6   6   2   2   4  0.05 0.08
  114 D    0 -1  1  2 -3  1  0 -1  2 -2 -1  0 -1 -1  1  1 -1 -2 -2 -1   10   2   8  15   0   6   6   3   6   1   5   5   1   3   6  13   3   1   0   5  0.15 0.16
  115 T    0  1  0  0 -1  0  0  1  0 -1 -1  0  0 -1  0  0  1  3 -1 -1    7   7   4   6   1   3   6  13   3   3   4   5   3   3   3   6  11   4   2   4  0.07 0.08
  116 F   -1 -3 -5 -4 -4 -1 -4 -4 -4  2  4 -4  3  3  0 -3 -2  0  0  0    6   1   0   1   0   3   0   1   0   9  39   0   7  14   4   1   2   1   3   6  0.54 0.35
  117 S    0  0 -1  1 -4  3  3  0 -3 -1 -3 -1 -3 -2 -1  2  1 -2 -2 -3    5   5   2   8   0  13  19   6   0   5   1   1   0   2   3  20   7   1   1   1  0.32 0.31
  118 N   -1  3  0  1 -3  2  2  0  0 -2 -2  1  0 -4 -1  0  0 -2 -3 -2    5  17   3   8   0   9  12   8   2   3   2   7   3   0   3   6   7   1   0   3  0.20 0.19
  119 F   -1  0 -1  0 -3  0 -1 -1  1  1  2 -1  0  2 -1 -1 -1  2  1  0    5   5   2   5   0   5   2   5   3   7  22   3   1  11   3   4   3   3   6   6  0.08 0.11
  120 I   -1 -4 -2 -1 -3 -2 -2 -3 -2  3  3 -3  1  0 -4 -2 -1 -4  0  3    3   0   2   4   0   1   2   2   1  17  25   1   3   4   0   2   4   0   3  26  0.42 0.29
  121 S    1  0  1  2 -3 -1 -1 -1 -2 -2 -1 -1 -1 -3  1  2  1 -4 -3 -1   15   6   8  12   0   2   3   4   0   1   7   3   1   1   6  20   7   0   0   3  0.20 0.21
  122 H   -1  4  0  1 -4  1  0  0  5 -4 -3  1 -3 -3  0  1 -1 -4 -1 -3    3  21   4   8   0   5   5   8  14   0   1  10   0   1   4   9   3   0   2   1  0.40 0.30
  123 W    0 -2 -2 -2 -4  0  0 -1 -2  0  1 -2  1  0 -1 -1  0  8  0 -1    8   1   1   1   0   5   7   5   1   5  14   2   4   3   3   5   6  20   3   3  0.42 0.29
  124 L    1  1 -2 -3 -1 -2 -2 -1 -3  2  2 -3  0  3 -1 -1 -2 -2 -1  0   13   9   2   1   1   1   3   5   0  11  25   0   2  13   3   3   1   0   1   7  0.20 0.20
  125 F   -2  0 -3 -1 -3  0  0 -2 -3  1  2 -2  0  4 -4 -2 -1  2  1  0    2   5   0   3   0   5   6   4   0  10  25   1   2  19   0   2   3   3   5   5  0.28 0.23
  126 P    0  0 -1 -1 -4  0  0 -1  2 -2 -1  0 -2 -2  5  1 -1 -4 -2 -2    8   6   2   3   0   4   5   6   6   2   7   6   1   1  28  10   2   0   1   1  0.40 0.27
  127 A    1  1  1  0 -3  1  1  0 -1 -1  0  0 -1 -2 -1  0 -1 -3 -1  0   13   9   7   5   0   5  12   7   1   1  10   6   2   1   3   7   3   0   2   6  0.08 0.10
  128 P   -1  1 -1 -1 -4 -2  0 -2  0 -3 -1 -3  2  0  5  1  0 -4  0 -2    5   7   2   4   0   1   6   3   2   0   6   0   6   4  29  11   6   0   3   2  0.46 0.33
  129 I   -1 -2 -3 -3 -4 -2 -2 -3 -5  3  2 -4  0 -2 -3 -4 -1 -4 -1  4    6   3   1   2   0   1   3   2   0  15  20   0   1   1   1   0   3   0   2  38  0.56 0.37
  130 I    0  0  1  0 -3 -1  0 -2  0  1 -1  0 -1 -1 -1  1  1 -1  2  1    5   6   7   6   0   2   5   1   2  13   2   7   1   3   2  10  10   1   8  11  0.09 0.14
  131 Q    0  1 -1 -2 -4  4 -1 -2 -2 -1  1 -1  1 -1 -2 -1  0 -4  0  1    7   6   2   1   0  26   3   3   0   3  16   2   4   2   2   3   5   0   4  11  0.27 0.28
  132 P   -2 -4  1 -2 -6  0  1 -2 -3 -5 -2 -1 -2 -6  7 -1  0 -6 -6 -3    3   1   7   2   0   5   9   3   1   0   4   3   1   0  53   4   5   0   0   2  1.23 0.63
  133 I   -2 -1 -3  0 -4 -3 -3 -5 -4  5  1 -3  3  2 -3 -3 -1 -4 -3  2    3   3   1   7   0   1   1   0   0  33  11   1   8   8   1   2   4   0   0  16  0.54 0.36
  134 R   -1  1 -1 -2 -3  1  0 -1 -1  1  1 -2  1 -1 -2  0  1  2  3  1    2   7   3   1   0   8   6   4   1   7  12   1   5   2   1   5   9   3  12  11  0.12 0.17
  135 H   -2  0 -1 -2 -5 -1  0 -2  7  0  1 -3 -2  2 -3 -2 -2 -4  0  0    3   5   2   2   0   2   7   3  32   7  12   1   1   8   1   3   1   0   2   7  0.59 0.39
  136 N   -1 -2  3  2 -5  3  3  0  0 -2 -2  0 -1 -5 -4  1 -2 -5 -4 -4    4   1  14  14   0  15  19   6   2   2   4   4   2   0   0  10   2   0   0   0  0.43 0.33
  137 G   -1 -3  2  0 -5  2  0  5 -1 -5  0 -1 -2 -4 -2 -1 -2 -5 -3 -4    4   0  10   5   0  12   5  41   1   0  10   3   1   1   2   3   1   0   1   0  0.60 0.40
  138 E    0  2  0 -1 -4  4  2 -2  1 -1 -2  1  0 -3 -3 -1 -1 -4 -2  1    6  11   5   3   0  19  13   2   4   4   2  10   2   1   0   4   4   0   1  10  0.29 0.26
  139 T    0  0  1 -1 -2  1  1 -3  0  0  0  1 -1 -2  1  0  0 -3  1  1    6   6   6   2   0   8  11   0   2   7  11   7   1   1   6   4   6   0   5   9  0.09 0.12
  140 I    0 -2 -3 -1 -4 -4 -3 -5 -2  4  1 -1 -1 -1 -5 -1 -1 -4  0  4    6   2   1   4   0   0   1   0   1  27  15   3   0   1   0   4   3   0   4  28  0.52 0.35
  141 G    1 -6 -1 -3 -6 -3 -5  7  1 -6 -3 -5 -3 -4 -3 -3 -5  3 -6 -6   10   0   3   1   0   1   0  69   3   0   4   0   1   1   2   1   0   4   0   0  1.53 0.73
  142 E    0  1 -2 -1 -3  2  2 -3  0 -2 -3  0 -1  0 -3  0  2  1  1  0    8   7   0   3   0   9  17   1   3   2   1   3   2   5   0   8  15   2   6   7  0.21 0.23
  143 V   -1 -4 -5 -5 -4 -1 -5 -4 -5  4  4 -4 -1 -1 -5 -2 -2 -4 -4  4    4   0   0   0   0   3   0   1   0  20  36   0   0   2   0   3   1   0   0  28  0.78 0.43
  144 R   -1  3 -2 -2 -2  0  0 -3  1  1  0  0  0 -1 -3 -1  1  1  0  2    5  17   1   2   0   3   6   1   3   7   6   3   2   2   0   4   9   2   4  21  0.18 0.19
  145 L   -3 -1 -5 -5 -1 -3 -5 -4 -5  4  4 -4  2 -1 -5 -3 -3 -4 -2  3    1   3   0   0   1   1   0   1   0  20  42   0   4   2   0   2   0   0   1  20  0.81 0.44
  146 T    0  0  1 -1 -3  0  0 -2  1 -1 -1 -1 -2  1 -1  0  2  1  2  1    7   6   8   2   0   5   5   3   4   3   4   2   0   6   2   7  14   2  10  10  0.11 0.16
  147 A    2 -2 -1 -1 -1  0  0  3 -1 -1 -1 -2 -2  0 -3  0 -1 -1  1  0   17   2   2   2   1   5   6  24   2   4   6   0   0   4   1   6   3   1   6   8  0.19 0.20
  148 R   -2  1  2  4 -5  0 -1 -1  4 -4 -2 -2  0 -2 -2  2  0 -5 -1 -3    2   8   9  23   0   4   2   5  11   0   5   1   2   2   2  17   4   0   2   2  0.41 0.33
  149 D    1 -1  0  2 -3  1  0  2 -1 -1 -1 -2 -1 -2 -1  0  2 -4 -3 -1   10   2   4  15   0   7   4  17   1   2   7   1   1   2   2   7  13   0   0   5  0.18 0.19
  150 S    0  1  1  0 -4  2  2  1  1 -4 -3 -1 -2 -5 -3  2  2 -5 -3 -3    6   7   6   5   0  10  13  12   4   0   2   3   1   0   0  15  13   0   1   2  0.30 0.28
  151 S    0  1  0  0 -3  2  1  0  0 -2 -1  0  0 -2  1  2  0 -4  0 -2    9   7   4   5   0   9   8   7   2   2   7   5   2   1   7  17   3   0   3   2  0.13 0.15
  152 I   -2 -5 -5 -6 -4 -2 -5 -3 -5  3  4 -3  3  2 -2 -3 -2  0 -1  1    3   0   0   0   0   2   0   2   0  19  39   1   8  10   2   1   2   1   2   7  0.66 0.40
  153 S    0  1  0 -2 -3  0 -2 -1  0  0  2  0  1  0 -2  0  1 -3  1  0   10   7   6   2   0   5   1   3   2   3  21   5   4   4   1   7   9   0   5   6  0.07 0.13
  154 H    0  2  1  0 -4  1  0  1  5 -3 -2  1  0 -4 -2 -1  0 -4 -1 -3   10  14   8   5   0   7   3   9  14   1   4   8   3   0   1   4   5   0   2   0  0.29 0.25
  155 F   -2  1 -1 -4 -5  3 -1 -1  0 -4 -2 -1 -2  6 -3  0  0  0  1 -2    3   8   2   0   0  15   3   5   2   0   3   3   1  35   1   6   6   1   3   2  0.58 0.41
  156 I   -2 -1 -5 -4 -4  0 -4 -5 -4  4  3 -1  3  0 -2 -3 -3  3 -2  1    2   4   0   1   0   6   0   0   0  23  34   4   7   3   2   2   1   5   1   8  0.57 0.37
  157 W    0  1 -1 -2 -3 -2 -2  0 -3  0  3 -2  0  1 -3 -1 -1  5 -1  0    6  10   4   2   0   1   2   7   0   5  30   1   1   6   1   5   3   9   2   6  0.26 0.23
  158 F   -1  1 -1 -1 -3  2 -2  1  0  0  0 -1 -1  1 -2  1  0  2  1  0    4   9   2   3   0  10   1  10   2   6  10   1   1   6   1  13   7   3   5   5  0.08 0.15
  159 S    0 -3 -1 -3 -3  0  0  2 -2 -2  0 -2 -2 -1 -4  3  1  0  1 -1    9   1   2   1   0   5   5  17   1   1  11   1   1   3   0  23   9   1   6   3  0.24 0.27
  160 L    0 -2 -5 -5 -4 -4 -5 -1 -3  2  4 -4  1  1  0 -2 -1 -2 -2  1    8   2   0   0   0   0   0   6   1  10  42   0   3   5   5   3   3   1   1  10  0.47 0.34
  161 A    2  0 -1 -3 -2 -1  0 -1 -3  1  2  0  1 -1 -2  0 -1 -1 -2  0   20   5   2   1   1   1   6   5   0   8  24   5   4   1   2   6   2   1   1   5  0.14 0.18
  162 V   -1 -2 -3 -3 -1 -2 -2  2 -2  2  0 -2  2  2 -3 -1 -1  3 -1  2    4   2   0   1   1   2   3  18   1  11   8   1   5   8   0   5   4   5   1  19  0.23 0.22
  163 L    0 -1 -2 -4 -3  0 -4 -2 -4  3  3 -1  2  0 -4  0 -1 -4 -2  1    8   3   2   0   0   4   0   4   0  16  31   3   4   4   0   7   3   0   1   9  0.30 0.26
  164 T    0 -4  0  0 -3 -3 -2 -2 -4  2  3 -3  2  2 -4 -1  1 -4 -2  1    8   0   5   5   0   0   3   3   0  11  28   0   6   8   0   5   9   0   0   9  0.25 0.24
  165 G    2 -1 -3 -4  0 -2 -3  2 -2  1  1 -2 -1  1  2 -1 -1  2 -2  0   17   4   0   0   2   2   0  17   1   9  16   1   1   8   9   3   2   3   0   5  0.20 0.21
  166 C    1 -1 -4 -2  6 -2 -2  0 -4  2  1 -3  1  1 -4  0  0 -4 -3 -1   11   4   0   2  20   1   2   8   0  12  12   1   4   6   0   7   5   0   0   3  0.38 0.29
  167 I    0 -4 -4 -4  0 -2 -1 -4 -4  3  2 -3  3  0 -4 -1  1 -4 -3  2    6   0   0   0   2   2   4   1   0  20  23   1   8   3   0   6  11   0   0  14  0.42 0.31
  168 L    1 -5 -5 -5  1 -4 -5 -3 -5  2  3 -5  1  2 -5 -2 -2 -4 -2  3   13   0   0   0   3   0   0   2   0  12  35   0   2  10   0   3   1   0   1  19  0.60 0.39
  169 L   -1 -2 -4 -5  1 -2 -4 -1 -4  2  3 -2  0  2 -4 -2 -1 -4 -3  3    6   3   0   0   2   2   0   5   0  12  34   2   1   8   0   2   3   0   0  19  0.44 0.31
  170 A    3 -3 -3 -4 -4 -4 -4  0 -4  0  0 -3  0 -1 -4  3  0 -5 -4  2   29   1   1   0   0   0   0   6   0   5   8   1   3   3   0  21   6   0   0  16  0.46 0.40
  171 S    2 -4 -2 -3 -2 -3 -4  0 -2  1  2 -3  0  0 -1  3  0 -2 -3  0   17   0   1   1   1   0   0   8   1  10  20   0   2   4   2  22   5   1   0   6  0.28 0.30
  172 G    2 -4 -5 -5 -2 -4 -3  1 -3  1  3 -3  1  1 -5 -3 -2  5 -2  1   20   1   0   0   1   0   1  10   1   9  25   1   4   7   0   1   1   8   0  11  0.47 0.36
  173 I    1 -5 -5 -3 -1 -2 -5 -2 -2  3  2 -4 -1 -1 -5 -2  0  3 -3  4   11   0   0   1   1   2   0   4   1  17  18   0   1   2   0   2   6   4   0  28  0.50 0.36
  174 A    4 -5 -4 -5 -3  0 -4  1 -5  0 -1 -4 -2 -1 -4  2  1 -5 -3 -1   42   0   0   0   0   4   0   8   0   4   6   0   1   2   0  18   9   0   1   4  0.63 0.49
  175 I   -1 -3 -4 -3 -3 -2 -1 -4 -2  2  3 -4  1  1 -2 -2 -1  2  2  2    5   1   0   1   0   1   5   1   1  12  34   0   3   6   2   2   4   3   6  12  0.38 0.29
  176 T    0 -2 -1 -4 -2 -2 -2 -2 -1  1  2 -3  0  2 -1 -2  0  1  4  1    8   1   4   0   0   1   2   3   2   9  21   1   2   8   3   2   5   2  14  12  0.24 0.22
  177 L   -3 -5 -4 -3 -4 -3 -5 -4 -5  3  4 -3  2  3 -6 -3 -3  0 -2  2    1   0   1   2   0   1   0   2   0  13  47   1   4  11   0   2   1   1   1  12  0.82 0.49
  178 T    2 -2  0 -2  0 -1  0 -2 -1 -1  1 -3 -3 -2 -2  3  1 -1 -1  0   18   1   3   1   1   2   6   2   2   3  12   0   0   1   2  26  10   1   3   5  0.26 0.30
  179 R   -1  5 -1 -3 -4  0 -1 -2  0  0  1 -1 -2  1 -3 -1 -2  3 -1 -1    6  33   3   1   0   4   4   3   2   6  13   2   0   5   1   4   2   4   2   4  0.39 0.31
  180 H   -2  5 -4 -3  1  0 -2 -3  2 -3  0 -1  1  3 -5 -1 -3  2 -1 -1    3  34   0   1   3   3   1   2   5   1   9   2   3  15   0   5   1   3   2   5  0.59 0.42
  181 L   -2 -2 -5 -5 -4  0 -3 -5 -4  0  4 -2  5  4 -5 -3 -1 -4 -1  1    3   2   0   0   0   5   2   0   0   5  35   2  15  15   0   1   3   0   1   9  0.69 0.43
  182 H    0  1 -1 -1 -1  2 -2 -3  6 -2  1 -1 -2 -1 -4  0 -1  2  2 -2    9   8   2   3   1  11   1   1  18   1  13   3   0   3   0   7   3   3   8   3  0.37 0.33
  183 N    0  5  1 -3 -5  2  0 -2  3 -2 -3  1 -4 -2 -2 -1 -3 -5 -1 -2    8  35   6   1   0   8   4   4   8   2   3   9   0   2   1   5   1   0   2   3  0.57 0.42
  184 G    1  2 -1  0 -1  0 -2  3  3 -3 -1 -1 -2  0  0  1 -1  0 -1 -2   10  11   2   5   1   4   1  21   9   1   6   2   1   4   5   9   3   1   1   2  0.19 0.21
  185 L   -1 -3 -4 -3 -1 -2 -5 -4 -5  5  3 -4  2  1 -5 -3 -2 -5 -4  2    6   1   1   2   1   2   0   1   0  37  23   1   4   5   0   2   2   0   0  11  0.71 0.44
  186 V    0 -1 -2 -2 -3  0 -2 -3 -1  1  0 -2  2  0 -3  0  3 -4 -3  2    9   4   2   2   0   4   1   2   1   8   9   1   5   4   1   6  22   0   0  18  0.27 0.27
  187 E    1  2 -1  0 -2  2  1  0  1 -1 -1  1 -1 -3 -1  0  0 -4 -2  0   12  11   2   4   0   9  10   6   4   2   5   7   1   1   2   6   6   0   1   9  0.12 0.15
  188 A    2 -3 -4 -1 -5 -4 -2 -2 -5 -4 -2 -4 -2 -5  7 -1  0 -6 -2 -3   19   2   1   3   0   0   3   3   0   1   4   0   1   0  48   5   5   0   2   2  1.16 0.66
  189 L   -2 -3 -3 -5 -4 -5 -5 -2 -5  3  5 -2  1 -1 -5 -3 -4 -5 -2  1    4   2   2   0   0   0   0   4   0  18  53   3   3   2   0   1   0   0   1   7  0.87 0.51
  190 K    0  3  0 -2 -4  2  2 -2  3 -3 -1  2  0 -4 -3  0 -1 -4  0 -3    8  16   3   1   0  11  11   3   6   1   7  12   2   0   1   6   4   0   4   2  0.29 0.28
  191 N    1  3  2  0 -2  1  0 -1  1 -2 -2  0 -2 -3  0  1  0  3 -1 -3   12  17   9   5   1   7   6   4   3   2   4   5   1   1   4   9   4   4   2   1  0.21 0.22
  192 I   -1 -2 -5 -5 -4 -1 -5 -5  1  4  4  0  3 -1 -5 -3  0 -5 -4 -1    5   2   0   0   0   3   0   0   3  22  40   5   6   2   0   2   5   0   0   3  0.68 0.45
  193 T    3  0 -1 -2 -3 -1 -1  0  0  0 -2  0  0 -4 -3  1  3 -4 -2  0   25   5   3   2   0   2   4   6   2   5   4   5   2   0   0   8  18   0   1   7  0.24 0.27
  194 D    0  2  2  2 -5  2  3 -2  1 -3 -4  1 -2 -1 -4  1 -2 -5 -2 -3    7  10   8  12   0   8  21   2   4   1   1   7   1   3   0   9   2   0   1   2  0.37 0.32
  195 V    2 -2 -3 -2 -3 -1 -2 -1 -2  1  1 -2 -1 -1 -3  0  1 -1 -2  3   21   2   0   2   0   3   2   4   1   7  13   2   1   2   1   7  11   1   1  20  0.23 0.26
  196 V    3 -2 -4 -3 -1 -4 -1 -4 -2  3  0 -4  2 -1 -2  0 -1  0 -1  2   28   2   0   1   1   0   4   0   1  16   8   0   5   2   2   6   4   1   2  17  0.39 0.35
  197 H   -2  2  0  1 -5  3  0 -2  7 -3 -2  0 -1 -3 -2  0  0 -5 -2 -2    3  10   5   7   0  12   6   2  25   2   4   4   2   1   2   6   6   0   1   2  0.57 0.44
  198 D    1  2  0  2 -4  1 -1  0  3 -2 -1  1 -1 -2 -2  0 -1 -4  0 -2   12  13   5  10   0   8   2   6   9   3   5  10   2   2   2   5   2   0   4   2  0.19 0.21
  199 V   -1  0 -2 -1 -1 -1 -3 -3 -2  3  0 -2  3  2 -4 -2 -1 -4 -1  3    6   5   2   4   1   3   1   2   1  18   7   2   7   8   0   2   3   0   2  25  0.33 0.28
  200 R    1  5 -1  0 -5 -1  0 -1 -4 -2 -2  1 -4  1 -3  1  1 -5 -2 -4   11  28   3   5   0   2   5   5   0   2   3   9   0   5   1  11   9   0   2   0  0.42 0.35
  201 S    1  2  0  1 -4  1  1  0  1 -1 -2  1 -2 -4  1  0  0 -4 -1 -2   12  10   4   8   0   5   9   5   3   4   4   8   1   0   6   8   7   0   2   3  0.14 0.16
  202 N    0 -1  2  2 -5  2  2  3  0 -3 -3 -1 -2 -5 -2  0 -1 -5 -3 -3    7   3  11  11   0   8  13  21   2   2   3   2   1   0   2   6   4   0   1   2  0.33 0.29
  203 R   -2  4  0  0 -6  0  2  2  3 -3 -3  1 -5 -4 -3 -3  0 -6 -2 -4    3  25   4   5   0   3  14  14   7   2   3   9   0   1   1   1   5   0   1   1  0.51 0.40
  204 N    1 -1  3  2 -2  0  0 -2  2 -1  0 -2 -1 -4  0  1  0 -5 -2 -1   11   4  15  12   1   4   6   3   4   3   9   2   1   0   5   9   4   0   1   4  0.19 0.22
  205 F   -1 -3 -3 -2 -2 -1 -2 -3  0  0  2 -3  1  4  0 -5 -2  2  5 -1    5   2   1   3   1   3   3   3   2   4  19   2   4  16   4   0   2   3  19   4  0.49 0.36
  206 S    1 -1  1  1 -3  0  0  0  1 -1  0 -1 -2 -1  1  1 -1  1 -2 -1   11   3   6   8   0   3   7   6   3   4  13   3   0   2   6  14   3   2   1   5  0.08 0.13
  207 R   -1  2 -2 -2 -1  2  1 -3  0  0  1  0  0 -1  1 -1 -1  0 -1  0    4  14   2   2   2   8   8   2   3   5  16   5   2   2   8   5   3   2   2   5  0.14 0.17
  208 R   -3  6 -2 -1 -6 -1 -1 -2  0 -1 -3 -1  0 -2  0 -3 -2  4 -1  1    3  40   2   3   0   3   4   4   2   3   3   3   2   2   5   1   2   5   2   9  0.73 0.51
  209 V    0 -1 -2 -1 -3  0 -2 -2 -3  2  1 -1  0  1 -1  0  0  2 -1  2   10   4   2   3   0   5   2   3   0  10  12   3   2   5   3   6   5   3   2  18  0.12 0.15
  210 S    1 -1  0 -1  2  0  0 -2  1  0 -2 -1  1 -1  4 -1  1  2 -6 -1   10   3   5   3   3   4   6   4   3   5   4   4   3   3  18   5   7   3   0   5  0.23 0.21
  211 E    0  0  0  0  1  1  0 -1  2  1 -1 -1  0 -1  1  0 -1  4  0  0    6   4   5   6   3   5   6   5   4   8   7   4   3   3   7   7   3   5   3   6  0.07 0.07
  212 E    1  1  0 -1  1 -1  2 -1  2 -1 -1 -1  0 -2  0  2 -1 -2 -1 -1   13   8   5   3   3   2  13   4   5   3   5   3   3   1   4  15   2   1   2   3  0.13 0.18
  213 R    1  4  0  1 -1  0  0 -1  0 -1 -2  1  1 -2 -1  0 -1  0 -4 -2   10  26   3   7   2   5   5   5   3   3   3   6   4   2   4   7   3   1   0   2  0.27 0.27
  214 I   -2 -1  0  0 -3 -1 -2 -1 -1  3  0 -1  0  0 -1 -2  1  0 -2  2    3   3   4   6   0   2   3   5   2  23   9   4   1   3   3   2   8   1   1  17  0.19 0.20
  215 A    1  2 -1  3 -4  1  0 -1  0 -2 -2  0 -1 -2 -2 -1 -1  0 -1 -2   15  14   2  17   0   7   5   5   2   2   4   6   2   2   2   4   4   1   2   3  0.21 0.22
  216 E   -1 -1  2  2 -5  0  5 -2  1 -5 -3 -1  0 -5 -2  0 -2 -5 -1 -1    5   3   9  11   0   4  35   3   3   0   3   3   2   0   2   6   3   0   2   5  0.51 0.40
  217 F   -1  1 -1 -1 -3  1  0 -2  0  1  1 -1  0  1 -1 -1  0  1  0  1    3   9   3   3   0   6   5   3   2  10  18   3   2   7   3   4   6   2   2   8  0.07 0.11
  218 H    0  0  0  0  2  0  0 -1  2  0 -1  0 -2  0  0  0  0  3  1 -1    5   5   5   5   5   5   5   5   5   5   5   5   0   5   5   5   5   5   5   5  0.06 0.08
  219 R    0  2  0  0 -4  2  2  1 -1 -2  0  0 -2 -3 -2 -1 -1 -4 -2  0    9  12   4   5   0  12  15  10   1   1  12   3   0   1   2   3   2   0   1   7  0.16 0.20
  220 F    0 -1 -4 -3 -4 -3 -1 -4 -1  1  4 -3  1  2 -3 -4 -1 -4 -2  0    7   4   1   2   0   1   4   1   2   7  50   1   3   8   1   0   3   0   1   4  0.56 0.40
  221 A    2 -2  2 -2 -3 -1  0  1 -1  0 -1 -2 -1 -1 -2  1  1 -4 -1  0   22   2  10   1   0   2   7  11   1   6   5   0   1   3   1  10   9   0   2   7  0.16 0.20
  222 L   -1  2  1  1 -3  1  1 -1  0 -1  0  0 -1 -2 -3  1  1 -4 -2 -1    5  14   6   7   0   7  10   5   2   5   9   5   2   1   0   9   9   0   1   5  0.12 0.14
  223 D    0  0  1  3  3  0 -1  1  3 -3 -3  0 -2 -1 -3  0 -1 -2 -2 -1    9   4   5  20   6   3   3  11  10   1   2   5   1   3   1   8   2   1   1   5  0.25 0.23
  224 F   -2 -2 -2 -5 -5 -3 -2 -5 -2  0  2 -5  0  7 -6 -5 -2 -3  2  1    3   2   2   0   0   1   3   1   1   5  18   0   2  47   0   0   2   0   4   8  1.02 0.55
  225 N   -1  0  6  0 -5  0 -1 -2  0 -2 -3  0 -2 -5 -5 -1 -1 -6 -4  1    6   5  46   4   0   4   3   3   2   2   2   5   1   0   0   3   4   0   0  10  0.77 0.50
  226 S    2  2 -1  1 -2  3  1  1  0 -3 -1  0 -2 -3 -3  1  0 -1 -2 -2   17  10   3   6   1  13   8   9   2   1   5   3   1   0   0  13   4   1   1   2  0.21 0.23
  227 L   -1 -1 -4 -2 -4 -1 -2 -3 -2  1  4 -4  6 -1 -5 -3 -1 -4 -2  1    4   3   0   2   0   3   2   2   1   6  35   0  25   1   0   2   4   0   1   8  0.68 0.45
  228 L    0  0 -2 -4 -3 -1 -2 -4 -1  1  3 -1  0  2 -3 -1 -1 -1  0  0   11   6   1   0   0   3   3   0   2   9  37   2   2   9   1   4   4   1   2   4  0.27 0.25
  229 D    0  1  0  3 -2  1  2  0 -1  0 -2  0 -1 -3 -3  0  0 -4 -2 -1   10   7   3  20   1   5  12   7   1   6   4   4   2   1   0   6   5   0   2   4  0.18 0.18
  230 E   -1  1 -1  2 -5  2  5 -3 -1 -3 -4  0 -2 -5 -4  0  0  0 -4 -2    4   7   1  10   0   9  42   1   1   1   1   4   1   0   0   6   5   1   0   3  0.65 0.45
  231 M   -2 -1 -5 -5 -4 -2 -5 -5 -5  4  4 -4  3  1 -5 -3 -2 -4 -1  1    3   3   0   0   0   2   0   0   0  29  35   0   7   5   0   2   1   0   1  10  0.70 0.42
  232 E    0  2 -2  0 -5  3  4 -2  1 -3 -3  1 -2 -3 -4  1  0 -5 -1 -2    6  10   1   4   0  14  31   2   3   1   2   6   1   1   0  10   6   0   2   2  0.48 0.38
  233 E    1  0  0  2 -2  2  3 -2  0 -2 -2 -1 -2 -3 -2  2  1 -4 -3 -1   10   6   3  10   1  10  21   3   2   3   4   2   1   1   1  14   8   0   0   4  0.25 0.25
  234 W   -1  2 -1 -2 -4  2  0 -4  1  0  0 -1  0 -3 -4  0 -1  8  0 -2    6  14   3   2   0  11   5   0   3   6   9   2   2   0   0   6   4  20   3   2  0.53 0.36
  235 Q   -2  0  2 -1 -3  4  1 -3  3 -1 -1  0  1 -2 -3 -1  1 -3 -1 -1    2   4  10   3   0  25   9   1   8   4   5   3   4   2   1   2  11   0   2   4  0.33 0.29
  236 L    1  0  1  0 -1  1  0 -1 -1 -1  0  0  0 -2 -2  0  2 -3 -1 -1   15   5   7   6   1   6   7   2   1   2  11   7   2   1   0   7  15   0   1   4  0.10 0.13
  237 R    0  2 -1  0 -4  2  3 -2  4 -2 -2  1  0 -4 -3  0 -1 -4 -3 -2    6  13   2   4   0  10  25   3  10   2   3  10   2   0   0   4   3   0   0   2  0.39 0.29
  238 L   -2  2 -2 -4  0  0 -4 -5 -4  0  5 -2  2 -1 -4 -4 -2 -4 -1  0    4  11   2   0   2   4   0   0   0   3  57   3   4   2   0   0   2   0   2   4  0.67 0.44
  239 Q   -1  2 -1  0 -4  4  1 -2  2 -2 -2  3  0 -4 -3 -1 -1 -4 -1 -2    5  11   2   4   0  22   9   2   5   3   3  22   3   0   0   3   3   0   2   2  0.42 0.34
  240 A    2  1  1 -1 -3  3  2 -1  1 -2 -1  1 -1 -3 -3  0  0 -4 -1 -2   18   7   8   2   0  13  13   3   3   2   5  10   2   0   0   4   4   0   2   2  0.20 0.22
  241 K    1  1  0  0 -3  1  2 -2  0 -1 -1  1  0 -2 -2  1  0 -3  1 -1   15   7   3   3   0   6  16   0   2   4   8   8   2   0   0   9   6   0   5   3  0.14 0.17
  242 N   -1  0  3  0 -4  2  2 -1  1 -1 -2  0 -2 -3 -1 -1  0 -4  0 -1    5   5  20   3   0   9  14   4   4   5   4   6   0   0   3   4   6   0   4   4  0.23 0.23
  243 A    0  0  1  0  2  1  0  0  2  0 -1  0  1 -2 -2  0  0 -3  1  0    6   6   6   6   6   6   6   6   6   6   6   6   6   0   0   6   6   0   6   6  0.05 0.09
  244 Q   -1  3 -2 -2 -4  5  2 -3  2 -2 -3  1 -1 -2 -3  1 -1 -4 -3 -3    4  14   1   1   0  25  16   1   5   2   2   9   1   2   0  10   4   0   0   2  0.52 0.29
  245 L   -2 -3 -3 -1 -4 -3 -4 -4 -2  2  5 -4  2 -1 -4 -4 -3 -4 -3  0    2   1   1   4   0   1   1   2   1  10  63   1   4   2   0   1   1   0   1   6  0.89 0.38
  246 L    1  3 -1 -1 -3  1  1 -3  2 -1  0  0 -2 -2 -3  1  0 -1 -1 -2   14  17   2   3   0   7  12   1   5   3  10   3   0   2   0   8   6   1   2   2  0.18 0.15
  247 R   -2  3 -3 -2 -5  2 -1 -5  8 -4 -4 -1 -4  2 -5 -4 -4 -1  4 -5    3  18   0   3   0   9   2   1  34   1   1   3   0   8   0   1   0   1  15   0  1.18 0.48
  248 T   -3  0 -3  0 -4  5 -1 -4 -2 -2  3  0  4 -3 -4 -2 -1 -4 -1 -3    1   5   1   5   0  26   3   1   1   1  34   5   9   0   0   2   5   0   2   0  0.62 0.37
  249 A    7 -5 -5 -5 -4 -5 -5 -3 -5 -5 -4 -5 -5 -6 -5  0 -4 -6 -6 -2   89   0   0   0   0   0   0   1   0   0   1   0   0   0   0   6   0   0   0   2  1.93 0.75
  250 L   -3 -1  1 -3 -3  0 -2 -3  6 -3  1 -3  2  2 -4 -1  1 -3  4 -3    1   2   8   0   0   5   2   1  18   0  15   1   5   9   0   5   9   0  16   0  0.53 0.31
  251 H   -5  1 -4 -5 -6 -1 -3 -6 10 -6 -2 -2 -3  1 -6 -4 -3 -5  4 -4    0   6   0   0   0   2   1   0  60   0   5   3   0   6   0   1   2   0  12   2  2.01 0.70
  252 D   -6 -6 -3  9 -7 -5 -3 -6 -5 -7 -7 -5 -7 -7 -6 -5 -5 -8 -7 -7    0   0   0  97   0   0   0   0   0   0   0   0   0   0   0   0   0   0   0   0  2.96 0.94
  253 P    2 -3  0 -3 -4  0 -1 -1  0 -3 -2 -2  0 -4  5  2  0 -5 -4 -1   21   1   3   1   0   4   2   4   2   1   3   2   2   0  26  17   6   0   0   4  0.54 0.30
  254 L   -6 -6 -8 -8 -5 -6 -7 -8 -7 -1  7 -7 -1 -4 -7 -7 -3 -6 -5 -2    0   0   0   0   0   0   0   0   0   1  94   0   1   0   0   0   1   0   0   2  2.09 0.75
  255 T   -5 -6 -5 -6 -6 -6 -6 -6 -7 -6 -6 -6 -6 -7 -6 -2  8 -7 -7 -5    0   0   0   0   0   0   0   0   0   0   0   0   0   0   0   2  98   0   0   0  2.78 1.00
  256 G   -2 -2  0  0 -6 -1 -2  7 -2 -7 -5 -2 -6 -7 -6 -2 -4 -6 -7 -7    2   2   4   5   0   3   3  75   1   0   1   2   0   0   0   2   0   0   0   0  1.62 0.61
  257 L   -6 -5 -8 -8 -6 -4 -7 -8 -7 -2  7 -7 -1 -2 -7 -7 -5 -6 -5 -3    0   1   0   0   0   1   0   0   0   1  96   0   1   1   0   0   0   0   0   1  2.13 0.76
  258 A    2 -6 -6 -6 -4 -4 -5 -5 -2 -4 -4 -4 -4 -7  8 -3 -4 -7 -2 -4   17   0   0   0   0   0   0   1   1   1   2   1   0   0  71   2   1   0   2   1  2.14 0.78
  259 N   -6 -5  9 -4 -8 -5 -5 -5 -4 -8 -8 -5 -7 -8 -7 -2 -3 -9 -7 -8    0   0  96   0   0   0   0   0   0   0   0   0   0   0   0   2   2   0   0   0  3.09 1.02
  260 R   -6  9 -5 -7 -8 -4 -5 -7 -5 -8 -7 -1 -6 -8 -7 -6 -6 -8 -7 -7    0  98   0   0   0   0   0   0   0   0   0   2   0   0   0   0   0   0   0   0  3.03 1.00
  261 A    3  2 -2 -4 -3 -1 -2 -3  2 -1  0 -1  2 -3 -3  1  1 -2 -3  0   29  14   1   0   0   2   1   1   7   2  10   2   6   1   0   8  10   0   0   6  0.33 0.26
  262 A    1 -2 -4 -6 -1 -2 -4 -5  1 -2  4 -4  3  3 -5 -3 -3 -1  3 -2   13   2   0   0   1   2   1   0   3   0  46   1   7  11   0   1   1   1  10   0  0.71 0.38
  263 F   -3 -7 -7 -8 -6 -7 -7 -7 -6  0  2 -7 -2  8 -8 -6 -4 -4 -2 -3    2   0   0   0   0   0   0   0   0   5  19   0   1  72   0   0   1   0   0   1  2.17 0.74
  264 R   -1  2  1 -1 -4  1  2 -3  1 -1  0 -1  3 -1 -4 -1 -1 -3  3 -2    6  11   9   3   0   6  16   1   4   4   9   3   9   1   0   4   3   0  11   2  0.22 0.20
  265 S   -1 -2  1  5 -6  3  4 -1  1 -5 -4  0 -3 -6 -4  0 -2 -6 -5 -5    4   2   6  29   0  12  26   5   3   0   1   4   0   0   0   6   1   0   0   0  0.75 0.38
  266 G   -2  6 -2 -3 -1  1  1 -4  1 -3 -2  0  0 -5 -5 -1 -1 -6 -2 -2    3  53   1   1   2   6   8   1   3   2   4   4   2   0   0   3   5   0   2   2  0.94 0.45
  267 I   -4 -6 -7 -8 -1 -6 -7 -8 -7  2  6 -7  1  0 -7 -6 -3 -6 -5 -1    2   0   0   0   2   0   0   0   0  11  73   0   3   3   0   0   2   0   0   4  1.57 0.74
  268 N    1  1  2  1 -2  2  3 -1  1 -3 -2  0 -1 -2 -4  1 -1 -5 -1 -3   13   7   9   6   1   8  20   4   4   1   3   4   2   2   0  11   3   0   2   1  0.27 0.25
  269 T    0  2  0  0 -2  4  1 -3  4 -3 -3 -1 -2 -5 -4  0  1 -5 -2 -2    9  12   5   6   1  23   7   2   9   1   3   2   1   0   0   8   8   0   1   3  0.44 0.37
  270 L    4 -2 -5 -6  2 -2 -3 -3 -5  0  2 -5  1  0 -5 -1 -1  0 -2  0   39   2   0   0   4   2   2   2   0   6  24   0   3   3   0   4   4   1   1   4  0.59 0.46
  271 M   -1 -2 -5 -3 -1 -2 -3 -4 -5  4  3 -3  5  2 -5 -3 -2 -4 -1  1    5   3   0   1   2   2   2   2   0  23  27   2  13   7   0   2   2   0   2   7  0.58 0.39
  272 N    1  2  3  0  0  2  2 -2  0 -2 -2  1 -1 -2 -2  1  0 -4 -2 -2   11  11  14   5   2   9  11   3   2   2   3   6   1   2   1   8   4   0   1   2  0.21 0.21
  273 N    2  2  1  2  0  1  0 -1  3 -2 -2  0 -1 -2 -1 -1 -1  1 -2 -2   17  12   6  11   2   6   5   5   9   1   4   4   2   2   2   4   3   2   1   2  0.19 0.20
  274 S    4 -1  0 -2  1  1 -2 -1 -1 -2 -4  0  0 -5  0  1 -1 -6 -5 -2   41   3   5   1   3   7   3   4   1   2   1   5   3   0   4  11   4   0   0   2  0.50 0.42
  275 D   -1  5  0  0 -6  1  1 -2  0 -3 -3  3 -1 -3 -1 -1 -1 -6 -2 -2    4  28   5   5   0   7  10   4   3   1   2  15   2   1   3   5   3   0   1   3  0.46 0.36
  276 A    1  5 -1 -1 -3  1 -1 -2  2 -2 -3  0  0 -2 -1  0  0 -4  0 -2   14  33   2   4   0   8   2   2   6   2   2   2   2   1   3   7   5   0   3   2  0.40 0.23
  277 R   -2  3  3  1 -5  2 -1  2  5 -5 -5  1 -4 -5 -3 -2 -2 -5 -3 -4    2  16  15   9   0  10   3  17  16   0   0   7   0   0   1   2   2   0   0   1  0.63 0.29
  278 K   -1  2  1  1 -3  3  2  0  1 -3 -3  2 -1 -4 -1  0  0 -4 -2 -3    3  12   6   6   0  16  16   7   4   1   2  12   1   0   3   6   4   0   1   1  0.32 0.17
  279 T   -1  3  1 -1 -3  3  0 -1  2 -3 -1  2 -1 -3 -1  1  1 -4 -3 -3    3  16   7   2   1  15   3   5   5   0   6  14   1   0   3   9   9   0   0   0  0.29 0.18
  280 S    0 -4 -4 -4  1 -4 -4 -1 -2  1  2 -4  1  4 -2  0 -1 -3 -1  2    6   0   0   0   3   0   1   5   1   5  26   0   3  21   2   8   4   0   1  15  0.37 0.20
  281 A    7 -5 -5 -5  2 -4 -5 -1 -5 -4 -2 -4 -4 -3 -4 -2 -3 -6 -3 -1   81   0   0   0   4   0   0   4   0   0   3   0   0   1   0   1   1   0   1   3  1.55 0.55
  282 L   -2 -5 -6 -6 -2 -5 -5 -3 -6  1  4 -5  1 -3 -5 -5 -3 -5 -4  5    3   0   0   0   0   0   0   2   0   7  45   0   3   0   0   0   1   0   0  38  1.02 0.38
  283 L   -3 -5 -6 -6 -2 -5 -6 -6 -5  1  5 -5  6  1 -6 -5 -4 -5 -3 -1    1   0   0   0   1   0   0   0   0   5  66   0  18   5   0   0   0   0   0   2  1.38 0.46
  284 F   -5 -6 -6 -7  2 -6 -6 -7 -5 -3  0 -6 -1  8 -7 -4 -5 -3  4 -1    0   0   0   0   4   0   0   0   0   0   6   0   1  72   0   1   0   0  11   3  2.10 0.60
  285 L   -3 -5 -6 -6 -3 -5 -6 -6 -5  5  4 -5  2  0 -5 -5 -4 -5 -1  2    1   0   0   0   0   0   0   0   0  37  41   0   4   4   0   0   0   0   2   9  1.08 0.37
  286 D   -6 -6 -3  8 -7 -4 -3 -3 -5 -7 -4 -5 -7 -3 -6 -4 -5 -8 -7 -7    0   0   0  93   0   0   0   2   0   0   2   0   0   1   0   0   0   0   0   0  2.63 0.74
  287 G   -2 -5 -1 -2  1 -4 -5  1 -5  0  5 -5  0 -3 -5 -1 -3 -5 -4 -1    3   0   3   3   3   0   0  11   0   4  62   0   1   0   0   4   1   0   0   3  0.81 0.35
  288 D   -6 -6  1  8 -8 -5 -3 -6 -5 -7 -3 -5 -7 -8 -6 -5 -5 -8 -4 -7    0   0   6  91   0   0   0   0   0   0   3   0   0   0   0   0   0   0   1   0  2.60 0.75
  289 N   -4  6  3  1 -6 -1 -2  2  4 -6 -5  0 -4 -5 -5 -3 -4 -6 -3 -6    1  43  15   9   0   1   1  13  10   0   0   5   0   0   0   1   0   0   0   0  1.02 0.40
  290 F   -7 -8 -8 -8 -7 -8 -8 -8 -6 -5 -3 -8 -5 10 -8 -7 -7 -4 -1 -5    0   0   0   0   0   0   0   0   0   0   1   0   0  99   0   0   0   0   0   0  3.33 0.85
  291 K   -5 -2 -5 -5 -8 -1 -4 -6 -5 -7 -7  8 -6 -8 -5 -5 -5 -8 -6 -7    0   0   0   0   0   2   0   0   0   0   0  98   0   0   0   0   0   0   0   0  2.68 0.80
  292 Y    0  0  1  0 -2  2  1 -1  2 -1 -1  0 -1 -1  0  0  0 -1  1  0    7   3   8   3   0  13  10   3   6   4   3   4   2   2   5   7   4   1   5   9  0.10 0.09
  293 I   -4 -7 -7 -7 -5 -6 -7 -7 -7  7 -2 -6 -3 -4 -6 -6 -3 -7 -5  5    1   0   0   0   0   0   0   0   0  59   1   0   0   0   0   0   1   0   0  39  1.86 0.57
  294 N   -6 -5  9 -3 -8 -5 -5 -5 -4 -8 -8 -5 -7 -8 -7 -4 -5 -9 -7 -8    0   0 100   0   0   0   0   0   0   0   0   0   0   0   0   0   0   0   0   0  3.21 0.89
  295 D   -6 -6 -3  8 -8 -5  0 -6 -6 -8 -8 -5 -8 -8 -6 -5 -6 -9 -8 -8    0   0   0  96   0   0   4   0   0   0   0   0   0   0   0   0   0   0   0   0  2.90 0.80
  296 T   -1 -1  1 -3 -1  1 -2 -4  0 -5 -5 -3 -3 -5 -4  4  5 -6 -5 -2    3   3   6   1   1   7   2   1   2   0   0   0   1   0   0  29  43   0   0   2  0.93 0.43
  297 W   -4 -4 -5 -6  0 -4 -5 -6  3 -2  4 -3  2  3 -6 -5 -4  5  4 -3    1   1   0   0   2   0   0   0   8   1  49   2   4  11   0   0   0   8  14   0  1.04 0.39
  298 G   -4 -7 -5 -3 -7 -6 -6  8 -6 -8 -8 -6 -7 -8 -7 -5 -6 -7 -7 -8    0   0   0   2   0   0   0  98   0   0   0   0   0   0   0   0   0   0   0   0  2.69 0.74
  299 H   -7 -5 -4 -6 -8 -4 -5 -7 11 -5 -8 -6 -7 -6 -7 -6 -7 -7  0 -8    0   0   0   0   0   0   0   0  97   1   0   0   0   0   0   0   0   0   2   0  3.98 0.99
  300 A    3 -1  0  2 -4  0  1 -1  1 -4 -1 -2 -2 -3  1  1 -1 -5 -3 -3   34   4   3  14   0   3  10   3   3   0   7   1   0   1   7   8   3   0   0   1  0.35 0.22
  301 T    4 -3 -4 -5 -2  0 -3 -3 -4  1 -1 -3  1 -1 -4 -2  0 -5  0  3   43   1   0   0   1   4   1   1   0   7   3   1   3   3   0   1   7   0   4  21  0.58 0.30
  302 G   -4 -7 -5 -6 -7 -6 -6  8 -6 -8 -8 -6 -7 -8 -6 -3 -6 -7 -7 -8    0   0   0   0   0   0   0  99   0   0   0   0   0   0   0   1   0   0   0   0  2.70 0.74
  303 D   -6 -6 -3  9 -8 -5 -3 -6 -6 -8 -8 -5 -8 -8 -6 -5 -6 -9 -8 -8    0   0   0 100   0   0   0   0   0   0   0   0   0   0   0   0   0   0   0   0  3.07 0.84
  304 R    1  2 -2  1 -1  3  2 -3  1 -2  0  1 -2 -3 -3 -2 -2 -2 -3 -2   14  13   0   8   1  15  17   1   3   2  11   8   1   0   0   1   1   0   1   3  0.32 0.21
  305 V   -2 -5 -6 -7 -4 -5 -6 -7 -6  0  5 -6  0  1 -6 -5 -3 -5 -3  4    2   0   0   0   0   0   0   0   0   3  52   0   1   5   0   0   1   0   0  35  1.17 0.42
  306 L   -5 -6 -8 -8 -5 -6 -7 -8 -7 -1  7 -7 -2 -4 -7 -7 -5 -6 -5 -2    0   0   0   0   0   0   0   0   0   1  98   0   0   0   0   0   0   0   0   1  2.15 0.65
  307 I   -1  2 -2 -3  1  2 -1 -4  0  3 -1  3  0 -3 -4 -2  0 -5 -3  2    3  12   1   0   3  13   2   0   2  18   5  19   2   0   0   1   5   0   0  14  0.33 0.21
  308 E    2 -1 -2 -1 -1  2  4  0  0 -1 -2 -2 -1 -4 -3 -1  0 -5 -4 -1   23   3   1   3   1  11  27   6   2   3   2   1   2   0   0   3   6   0   0   4  0.37 0.23
  309 I   -1 -6 -6 -6 -2 -5 -6 -6 -6  4  0 -5  1  1 -6 -5 -1 -5 -4  6    4   0   0   0   1   0   0   0   0  24   7   0   4   5   0   0   3   0   0  52  1.14 0.41
  310 A    7 -5 -5 -5 -2 -5 -5  1 -6 -5 -6 -5 -5 -6 -5  0 -2 -6 -6 -4   83   0   0   0   1   0   0   9   0   0   0   0   0   0   0   5   2   0   0   0  1.72 0.60
  311 K    1  2  1  0 -4  2  2 -1  0 -4 -3  2 -2 -4 -3  0  0 -5 -3 -2   12  14   7   4   0  11  13   5   2   0   2  16   1   0   0   6   5   0   0   2  0.32 0.18
  312 R   -5  8 -3 -5 -2 -3 -4 -7 -3 -4 -4 -1 -5 -7 -6 -5 -2 -7 -6 -4    0  89   1   0   1   0   0   0   0   1   2   1   0   0   0   0   2   0   0   1  2.39 0.72
  313 L   -4 -6 -7 -7 -5 -6 -6 -7 -6  3  6 -6  2 -1 -6 -6 -3 -5 -4  0    1   0   0   0   0   0   0   0   0  14  76   0   4   1   0   0   1   0   0   3  1.49 0.48
  314 A    0  4 -1 -2 -1  2  0 -2 -1 -3 -1  2  0 -4 -3  1  0 -5 -4 -2    6  25   2   0   1  12   6   2   1   1   7  14   3   0   1  13   4   0   0   3  0.37 0.21
  315 E    2  1  1 -1 -3  1  2  1  2 -3 -2  0 -1 -4 -3  1  0 -4 -3 -2   17  10   6   3   0   7  13   9   6   0   3   4   2   0   0  13   6   0   0   1  0.23 0.15
  316 F    0  0 -2 -4  7  2 -2 -2  0 -1 -1 -2 -2  2 -4  1  0 -4 -2  1    8   5   1   0  23  12   2   3   3   2   5   1   0   9   0   9   6   0   1   9  0.42 0.23
  317 G   -1 -2 -5 -4 -3 -4 -5 -1 -4  2  4 -4  1 -2 -5 -3 -3 -5 -4  4    4   3   0   1   0   0   0   5   0  12  38   0   2   1   0   1   0   0   0  32  0.69 0.29
  318 G   -3  8 -2 -1 -3 -2 -3  0 -2 -7 -6 -1 -4 -4 -6 -3 -3 -4 -4 -5    2  77   2   3   1   0   1   8   1   0   0   2   0   1   0   1   1   0   1   0  1.79 0.57
  319 L    0 -1 -1  2 -4  1  3  0  1 -4 -3  2 -1 -4  0  1 -1 -5 -4 -3    8   3   2  11   0   6  24   9   3   0   2  13   2   0   4  10   3   0   0   1  0.34 0.19
  320 R   -1  1  1  1 -2  1  1  1  2 -2 -3  0  0 -3 -2  2  1 -1 -1 -1    3   8   5   7   0   7   7  12   6   3   1   3   2   0   1  16  11   1   2   6  0.16 0.12
  321 H   -4 -5 -1  8 -7 -4 -2 -2  4 -7 -8 -5 -7 -7 -6 -4 -4 -8 -2 -7    1   0   1  81   0   0   1   4   9   0   0   0   0   0   0   0   0   0   1   0  2.22 0.65
  322 K   -2 -3 -4 -5 -3  0 -4 -5 -5  0  2 -3  1  1 -3 -1  5 -5 -4  1    1   1   0   0   0   5   0   0   0   4  21   1   4   5   1   3  45   0   0   8  0.73 0.35
  323 A    0 -5 -6 -6 -2 -5 -5 -6 -6  3  2 -5 -2 -3 -3 -3 -2 -6 -4  6    9   0   0   0   1   0   0   0   0  13  16   0   0   1   1   2   1   0   0  57  1.05 0.39
  324 Y    6 -5 -5 -5  4 -4 -5 -1 -5 -5 -5 -4 -4 -1 -5  0 -4 -1  2 -2   70   0   0   0   8   0   0   4   0   0   0   0   0   3   0   6   0   1   7   2  1.30 0.49
  325 R   -6  9 -5 -6 -8 -3 -5 -7 -5 -8 -7 -2 -6 -7 -7 -5 -6 -7 -6 -7    0 100   0   0   0   0   0   0   0   0   0   0   0   0   0   0   0   0   0   0  3.02 0.82
  326 L   -5 -5 -7 -7 -5 -1 -6 -7 -4  1  6 -6  2  0 -6 -6 -5  2 -3 -1    0   0   0   0   0   3   0   0   0   7  79   0   3   3   0   0   0   3   1   2  1.47 0.48
  327 G   -2 -6 -4 -5 -7 -6 -6  8 -6 -8 -8 -6 -7 -7 -6 -2 -6 -7 -7 -7    3   0   0   0   0   0   0  95   0   0   0   0   0   0   0   2   0   0   0   0  2.50 0.68
  328 G   -4 -7 -5 -6 -7 -6 -6  8 -6 -8 -8 -6 -7 -8 -6 -4 -6 -7 -7 -8    0   0   0   0   0   0   0 100   0   0   0   0   0   0   0   0   0   0   0   0  2.74 0.73
  329 D   -6 -6 -3  9 -8 -5 -2 -6 -6 -8 -8 -5 -8 -8 -6 -5 -5 -9 -8 -8    0   0   0  99   0   0   1   0   0   0   0   0   0   0   0   0   0   0   0   0  2.98 0.80
  330 E   -5 -4 -5 -3 -8  0  8 -7 -4 -8 -7 -3 -6 -8 -6 -4 -5 -7 -6 -7    0   0   0   0   0   2  98   0   0   0   0   0   0   0   0   0   0   0   0   0  2.65 0.78
  331 F   -7 -8 -8 -8 -7 -8 -8 -8 -6 -5 -4 -8 -5 10 -8 -7 -7 -4 -1 -5    0   0   0   0   0   0   0   0   0   0   0   0   0 100   0   0   0   0   0   0  3.39 0.85
  332 A    4 -4 -4 -5  0 -4 -4 -3 -5  1  0 -4 -1 -4 -4 -2  3 -5 -4  3   38   0   0   0   2   0   0   0   0   7   7   0   1   0   0   0  19   0   0  25  0.75 0.35
  333 M   -2 -6 -6 -6 -2 -5 -6 -6 -6  5  2 -5  3 -2 -6 -5 -3 -5 -4  5    2   0   0   0   1   0   0   0   0  30  17   0   7   1   0   0   1   0   0  41  1.14 0.40
  334 V   -4 -5 -5 -6  0 -5 -6 -7 -6  4  5 -5  1 -2 -6 -5 -4 -3 -4  2    0   0   0   0   2   0   0   0   0  25  54   0   2   1   0   0   0   0   0  15  1.16 0.40
  335 L   -1 -5 -6 -5  0 -4 -6 -6 -6  2  6 -6  0 -2 -5 -5 -4 -5 -3  1    5   0   0   0   2   0   0   0   0  10  72   0   2   0   0   0   0   0   1   7  1.24 0.43
  336 Y    0  0 -1  2 -4  0  3 -2  1 -3 -3 -1 -3 -1  3  0  1 -4  1 -3    8   6   1  14   0   3  21   2   4   1   1   2   0   2  16   6   8   0   5   1  0.38 0.20
  337 D    0 -1  3  3 -3  0  1  2  0 -4 -4 -2 -4 -5  2  1 -2 -5 -4 -4    5   3  15  21   1   4   8  16   2   0   1   1   0   0   9  11   2   0   0   1  0.46 0.22
  338 V   -1 -3 -4 -3  0 -3 -3 -3 -2  4  2 -4  1  0 -2 -4 -2 -4 -2  3    4   1   0   1   2   0   2   1   1  30  21   0   3   3   2   0   1   0   1  26  0.58 0.25
  339 Q    0  2  1  1 -4  2  2 -2  4 -3 -3  0 -2 -4  1  1  0 -4 -2 -2    7  11   6   9   0   8  11   2  13   0   3   5   0   0   6   9   5   0   1   4  0.28 0.17
  340 S   -1  0  2  3 -2  1  0  0  2 -3 -3  0 -3 -5 -3  3  1 -5 -3 -3    3   6   9  16   1   7   5   6   5   1   2   3   0   0   0  27   7   0   0   1  0.41 0.24
  341 E    1  1 -2 -1 -3  0  2 -1 -1  0 -1 -1 -1 -2  3  0  1 -3 -2 -1   14   7   1   3   0   4  17   4   1   6   6   1   1   1  14   5   8   0   1   5  0.20 0.14
  342 S    1  0  0  3 -2  1  3 -1 -1 -3 -4  0 -3 -2 -2  1  0 -4  1 -2   10   4   3  19   1   7  24   4   1   1   1   3   0   1   1   9   5   0   5   2  0.35 0.20
  343 E    0 -1  0  5 -5  2  3 -2  2 -3 -5 -2 -1 -5 -3  0 -2 -6 -4 -1    7   3   3  35   0   7  21   2   5   2   0   1   2   0   0   5   2   0   0   4  0.69 0.32
  344 V    5 -5 -5 -6 -2 -5 -5 -3 -6  0  0 -5 -2 -5 -3 -2 -2 -6 -5  4   52   0   0   0   0   0   0   1   0   5  10   0   0   0   1   1   1   0   0  28  1.02 0.44
  345 Q    2  0 -2 -1  0  2  2 -1 -2  0  0 -1 -1 -2 -1  0  0 -4 -3  0   22   6   0   3   2  11  14   4   0   7   8   1   1   1   2   5   5   0   0   6  0.16 0.15
  346 Q    0  3  0  1 -1  2  1 -2  2 -2 -1  1 -2 -3 -1  0  0 -2 -1 -1   10  17   3   8   1  12   8   2   6   2   5   6   1   1   2   4   7   1   1   4  0.17 0.13
  347 I   -4 -3 -6 -6 -4 -5 -6 -6 -6  5  2 -3  1  1 -5 -4 -1 -5 -4  5    0   1   0   0   0   0   0   0   0  34  15   2   3   6   0   1   3   0   0  36  1.03 0.39
  348 C    6 -6 -6 -6  4 -4 -5 -3 -6 -1 -4 -5 -1 -6 -5 -1 -3 -6 -6  0   74   0   0   0   8   0   0   1   0   3   1   0   2   0   0   3   1   0   0   7  1.52 0.58
  349 S    0  1  1  3 -4  3  4 -2  0 -5 -5  0 -3 -5 -4  0 -1 -5 -2 -5    9   6   5  16   0  12  30   3   2   0   0   5   0   0   0   6   3   0   1   0  0.59 0.30
  350 A    1  5  1 -2 -4  1 -1 -2  0 -6 -5  5 -4 -6 -4 -1 -3 -6 -4 -4   10  29   6   2   0   5   3   2   2   0   0  36   0   0   0   4   1   0   0   1  0.89 0.39
  351 L   -5 -6 -7 -7  1 -6 -7 -7 -7  6  4 -6  0 -2 -6 -6 -4 -6 -5  1    0   0   0   0   2   0   0   0   0  50  36   0   2   1   0   0   0   0   0   9  1.46 0.50
  352 T   -2  0 -3 -4  0  1 -2 -4  0  3  3 -2  1 -1 -5 -1 -1 -4 -3  1    2   7   1   0   2   6   2   1   3  21  37   2   2   2   0   4   2   0   0   7  0.44 0.24
  353 Q    2  0  0  2 -4  4  2 -3  2 -3 -3  0 -2 -3 -4  0 -1 -5 -3 -3   19   5   5  10   0  18  15   1   5   1   2   6   1   1   0   7   4   0   0   1  0.39 0.24
  354 I    3 -2 -3 -3  2  1  1 -1 -2 -1 -1 -1  0 -4 -4  2  1 -5 -4 -1   32   1   0   0   4   7   8   3   1   4   5   3   2   0   0  18   7   0   0   5  0.36 0.24
  355 F   -4 -5 -6 -7  0 -5 -6 -7 -6  3  4 -6  5  4 -6 -4 -3 -4 -3  1    0   0   0   0   2   0   0   0   0  14  42   0  15  16   0   1   1   0   0   8  1.05 0.40
  356 N    1  1  2  0 -1  1  0 -1  0 -2 -2  1  0 -4 -2  2  1 -4 -2 -2   15   9  11   4   1   8   5   4   2   2   3   8   2   0   1  16   7   0   1   2  0.21 0.16
  357 L    1  2 -2 -1 -4  3  3 -4  0 -3 -1  0 -1 -5  0 -1  0 -5 -3 -1   12  11   1   3   0  17  21   0   2   1   6   5   1   0   5   3   7   0   0   4  0.35 0.24
  358 P   -4 -6 -6 -4 -3 -6 -2 -7 -3 -7 -7 -3 -4 -8  8 -2 -3 -8 -7 -5    1   0   0   1   1   0   3   0   1   0   0   1   0   0  86   3   1   0   0   1  2.72 0.86
  359 F   -4 -5 -6 -7 -2 -6 -6 -7 -2  4  1 -6  2  7 -6 -5 -5 -1  1  1    1   0   0   0   1   0   0   0   1  24  14   0   4  43   0   0   0   1   3   9  1.29 0.47
  360 D   -1  0  0  1  0  2  2 -3  2  0 -1 -1  1 -1  0  0  0 -3 -1  0    4   6   4   9   2  11  15   1   5   5   3   2   5   2   4   4   7   0   2   9  0.13 0.12
  361 L   -4 -5 -5 -6 -4 -5 -5 -6 -6  4  5 -5  0  1 -6 -5 -3 -2 -3  1    0   0   0   0   0   0   1   0   0  23  56   0   1   6   0   0   1   0   0   8  1.15 0.44
  362 H    1  0 -1  0 -1  1  1  1  2 -1 -2  0 -1 -2  2  0 -1 -2 -1 -1   10   4   2   5   2   5   8  13   7   3   4   6   1   2  12   8   2   1   2   3  0.14 0.08
  363 N   -2 -3  5  5 -4 -1  3  0 -1 -4 -5 -1 -4 -5 -2 -1 -2 -2 -4 -4    2   1  27  29   0   2  17   7   1   1   1   3   0   0   1   4   2   1   0   1  0.83 0.34
  364 G   -1 -2 -1  0 -4 -1  0  6  0 -4 -4 -2 -3 -4 -3 -1 -2 -4 -4 -4    5   3   2   5   0   3   7  60   2   1   2   2   1   1   1   3   2   0   1   1  1.00 0.34
  365 H   -3  3  0 -3 -3  3  1 -4  8 -4 -3 -1 -1 -4 -4 -2  0  0 -1 -3    2  17   4   1   0  13   8   1  34   1   3   3   1   0   0   2   5   1   1   2  0.94 0.41
  366 Q   -1  0 -1  0 -1  2  4 -4  0 -3 -1 -1 -1 -4 -1  1  1 -2 -2 -2    3   5   2   3   1  11  33   1   2   1   6   3   1   0   3   9  11   1   1   3  0.41 0.26
  367 T   -1 -5 -6 -6 -1 -5 -5 -5 -2  4  3 -5  1  2 -5 -4 -1 -5 -1  4    5   0   0   0   1   0   0   0   1  22  27   0   3   8   0   0   4   0   1  27  0.76 0.33
  368 T   -1  1 -1 -2 -1  0 -1 -2  4 -2 -1 -2 -2  3  0  0  2 -3  2 -1    5   7   2   2   1   4   2   2  11   2   4   2   0  17   4   9  13   0   8   4  0.25 0.19
  369 M   -1 -5 -5 -5 -3 -4 -5 -6 -5  4  0 -5  3  0  0 -1  2 -5 -4  4    4   0   0   0   0   0   0   0   0  24   8   0   8   3   4   4  11   0   0  32  0.73 0.35
  370 T   -1 -2 -2 -3 -4 -4 -4  3 -3 -6 -6 -4 -1 -6 -4  5  4 -6 -6 -5    4   2   1   1   0   0   0  25   1   0   0   0   1   0   0  41  23   0   0   0  1.05 0.50
  371 L    4 -4 -4 -5  2 -4 -4 -2 -5 -1  2 -4  1 -1 -1  0  1 -5 -4  2   36   0   0   0   4   0   0   2   0   3  18   0   4   3   2   6   9   0   0  14  0.51 0.31
  372 S   -4 -6 -4 -5 -6 -5 -5 -5 -6 -7 -7 -5 -6 -7 -6  8  0 -8 -7 -7    0   0   0   0   0   0   0   0   0   0   0   0   0   0   0  96   4   0   0   0  2.49 0.91
  373 I   -3 -7 -8 -8 -5 -7 -7 -8 -8  8 -1 -7 -1 -4 -7 -6 -4 -7 -6  2    2   0   0   0   0   0   0   0   0  81   5   0   1   0   0   0   0   0   0  11  2.14 0.69
  374 G   -5 -7 -5 -6 -7 -7 -7  8 -7 -9 -9 -6 -8 -8 -7 -5 -6 -7 -8 -8    0   0   0   0   0   0   0 100   0   0   0   0   0   0   0   0   0   0   0   0  2.88 0.87
  375 Y   -3 -6 -7 -7 -3 -6 -7 -5 -6  7  0 -6 -1  0 -6 -4 -3 -5  1  3    2   0   0   0   0   0   0   1   0  59   5   0   1   4   0   1   1   0   5  20  1.41 0.51
  376 A    6 -5 -5 -5  1 -5 -5 -3 -5 -5 -5 -5 -5 -6 -5  4  0 -7 -6 -2   61   0   0   0   3   0   0   1   0   0   0   0   0   0   0  27   5   0   0   2  1.39 0.59
  377 M   -3 -2 -4 -5  1 -2 -2 -6 -1  3  4 -4  2  2 -4 -4 -3  1 -1  1    1   2   0   0   3   2   3   0   2  15  45   1   4   7   1   1   1   2   2  10  0.65 0.30
  378 T    0 -4 -5 -4  2 -5 -4 -3 -1 -3 -4 -5 -4  5 -3  1  0  1  7 -3    9   0   0   1   4   0   1   2   1   1   0   0   0  20   1  11   5   2  41   1  1.22 0.50
  379 I   -4 -3 -2 -2 -3  0 -4 -6 -5 -3 -5 -2 -6 -7  8 -2 -2  3 -6 -5    1   2   2   3   1   5   1   0   0   2   1   2   0   0  70   4   2   4   0   0  1.98 0.69
  380 E   -2 -1  0  5 -3  1  4  0  0 -5 -4 -1 -4 -2 -1 -2 -3 -6 -4 -4    3   3   3  39   1   6  23   6   3   0   2   3   0   2   3   1   1   0   0   1  0.81 0.38
  381 H   -1 -3  1  5 -3  0 -2  2  7 -5 -5 -4 -5 -5 -5 -2 -2 -6  1 -5    4   1   7  33   1   4   1  14  24   0   1   0   0   0   0   3   2   0   6   0  1.02 0.44
  382 A    3 -2 -2  1 -1 -1 -1  4 -3 -5 -4 -3 -2 -3 -4  0  0 -5 -3 -3   28   1   1   7   1   3   5  36   1   0   1   0   1   1   0   7   5   0   1   1  0.66 0.33
  383 S   -2 -1  1  5 -4 -1 -1 -4 -2 -5 -5 -3 -5 -6 -5  3  4 -6 -5 -4    1   3   7  29   0   3   3   0   1   0   0   1   0   0   0  21  29   0   0   0  0.93 0.45
  384 A    4 -4 -4 -1 -4 -4 -4 -1 -4 -1 -1 -3  0 -3  4 -1 -1 -6 -4  3   37   0   0   4   0   0   0   4   0   3   4   1   3   1  18   4   3   0   0  19  0.62 0.34
  385 E    0 -1 -1  3 -6  1  5 -2 -2 -6 -5 -2 -4 -6 -2  1  0 -6 -5 -5    7   2   2  17   0   5  45   3   1   0   0   2   0   0   2   9   4   0   0   0  0.85 0.41
  386 K    1 -2 -1  3 -4  1  3 -1 -1 -3 -4  0 -2 -5 -4  1  3 -5 -4 -1   11   1   2  17   0   5  19   5   1   1   1   6   1   0   0   9  18   0   0   4  0.40 0.26
  387 L   -5 -6 -8 -8 -5 -6 -7 -8 -7  1  6 -7  1 -1 -7 -7 -5 -6 -5 -1    0   0   0   0   0   0   0   0   0   6  87   0   2   2   0   0   0   0   0   2  1.87 0.65
  388 Q   -4 -5 -6 -7 -2  0 -6 -7 -4  3  5 -4  5 -3 -6 -5 -4 -5 -4  1    0   0   0   0   1   5   0   0   0  16  54   1  12   0   0   0   0   0   0   9  1.15 0.46
  389 E   -1  5  0 -2 -3  2  2 -3  2 -3 -3  4  0 -4 -4 -1 -3 -6 -4 -4    5  30   4   1   0   8  11   1   4   1   2  23   3   1   0   5   0   0   0   1  0.68 0.34
  390 L    1  1  4  1  0  2 -1 -4  5 -3 -1  0 -2 -3 -4 -1 -2 -3  0 -3   11   8  21   7   2   8   2   0  15   1   6   6   1   1   0   3   1   0   3   1  0.44 0.27
  391 A    7 -6 -6 -6 -5 -5 -6 -4 -6 -6 -6 -5 -6 -7 -5 -3 -5 -7 -7 -4   98   0   0   0   0   0   0   1   0   0   0   0   0   0   0   1   0   0   0   0  2.41 0.83
  392 D   -7 -7 -3  9 -9 -5 -2 -6 -6 -8 -9 -6 -8 -9 -6 -5 -4 -9 -8 -8    0   0   0  97   0   0   2   0   0   0   0   0   0   0   0   0   1   0   0   0  3.03 0.92
  393 H    2  1 -2 -1 -3  2  0 -3  0  2 -1 -1  2 -3 -4 -1  2 -3 -3 -1   23   7   2   2   0  12   5   1   2  15   6   2   6   1   0   1  13   0   0   3  0.26 0.22
  394 N    7 -4  2 -6 -5 -5 -5 -4 -3 -6 -6 -5 -5 -7 -5 -2 -2 -7 -6 -4   86   1   8   0   0   0   0   1   0   0   0   0   0   0   0   1   2   0   0   0  1.91 0.72
  395 M   -6 -7 -8 -8  0 -6 -7 -8 -7 -4  0 -7 11 -5 -8 -7 -5 -7 -6 -3    0   0   0   0   2   0   0   0   0   0   7   0  90   0   0   0   0   0   0   1  3.48 1.04
  396 Y   -6 -7 -6 -8 -8 -7 -7 -8 -1 -7 -6 -7 -1 -1 -8 -7 -7 -3 10 -6    1   0   0   0   0   0   0   0   1   0   0   0   2   1   0   0   0   0  96   0  3.57 1.04
  397 Q    0  4 -3 -2 -4  5  0 -4  3 -3 -1  1 -2 -5 -4 -1 -3 -1 -3 -3    9  28   0   2   0  24   6   1   6   1   8   6   0   0   0   5   1   1   1   2  0.65 0.34
  398 A    6 -5 -4 -3 -3 -5 -3 -4 -4 -2 -5 -5 -1 -6 -5  1 -3 -6 -6  0   76   0   1   1   0   0   1   0   0   2   0   0   2   0   0   9   0   0   0   6  1.49 0.60
  399 K   -6 -3 -5 -6 -8 -3 -4 -7 -6 -8 -8  8 -6 -8 -6 -5 -6 -8 -7 -7    0   0   0   0   0   0   0   0   0   0   0 100   0   0   0   0   0   0   0   0  2.92 0.93
  400 H    1  3  2  0 -5  2  2 -1  4 -5 -4  0 -2 -5 -4  0 -2 -3 -3 -3   15  17  11   4   0   9  12   4  12   0   1   6   1   0   0   7   1   0   0   1  0.46 0.26
  401 Q    2  2  0 -2 -2  4  1  0  0 -4 -1  2 -1 -4 -3  1 -1 -5 -4 -3   16  14   4   2   1  19   7   5   2   0   7  10   1   0   0   8   3   0   0   1  0.32 0.22
  402 R   -4  3 -4 -5 -7 -3 -5  7 -4 -8 -6 -3 -6 -7 -6 -2 -5 -7 -7 -7    0  15   0   0   0   1   0  78   0   0   0   1   0   0   0   3   0   0   0   0  1.95 0.65
  403 A   -1  6 -4 -4 -6 -3 -4  1 -4 -4 -5  4 -5 -6 -1 -1 -2 -6 -5 -6    4  51   0   0   0   0   0  11   0   1   0  22   0   0   3   4   2   0   0   0  1.24 0.50
  404 E   -1 -2  7  0 -3 -2  0  4 -2 -6 -7 -2 -5 -6 -3 -1 -3 -7 -4 -5    5   1  47   4   1   2   7  26   1   0   0   2   0   0   1   3   1   0   0   1  1.15 0.46
  405 K   -3  6  2 -4 -1  4 -2 -5  0 -5 -4  1 -4 -6 -5 -1  3 -6 -5 -5    1  42   9   0   1  17   1   0   2   0   1   6   0   0   0   3  17   0   0   0  1.02 0.43
  406 L   -4 -4 -5 -6  3 -3 -5 -6 -1  1  0 -5 -3  5 -6 -4 -3 -2  7  2    0   0   0   0   6   1   0   0   1   6   7   0   0  26   0   1   1   0  35  16  1.16 0.41
  407 V    0 -2 -4 -4  0 -2 -2 -4 -4  2  1 -3 -1 -2 -4 -3 -2  1 -3  5    6   2   0   0   2   2   3   0   0  12  13   0   0   0   0   0   0   2   0  58  0.62 0.22
  408 R   -2  6 -1 -2 -4  2  0 -3 -1 -4 -3  4 -2 -4 -3 -1 -2 -4 -3 -3    0  61   0   0   0   6   0   0   0   0   0  33   0   0   0   0   0   0   0   0  0.94 0.15

                      K         Lambda
Standard Ungapped    0.1328     0.3214
Standard Gapped      0.0469     0.2670
PSI Ungapped         0.1520     0.3108
PSI Gapped           0.0469     0.2670
