
Last position-specific scoring matrix computed, weighted observed percentages rounded down, information per position, and relative weight of gapless real matches to pseudocounts
           A  R  N  D  C  Q  E  G  H  I  L  K  M  F  P  S  T  W  Y  V   A   R   N   D   C   Q   E   G   H   I   L   K   M   F   P   S   T   W   Y   V
    1 M   -2 -2 -3 -4 -2 -2 -3 -4 -3  2  3 -2  6  0 -3 -2 -1 -2 -2  1    0   0   0   0   0   0   0   0   0   7  32   0  61   0   0   0   0   0   0   0  0.56 0.07
    2 F   -2 -1 -1  0 -4  1  6 -3 -1 -3 -3  0 -2  3 -2 -1 -2 -2 -1 -3    0   0   0   0   0   4  76   0   0   0   0   0   0  20   0   0   0   0   0   0  0.81 0.13
    3 S   -2 -2  0  2 -4  0  6 -3 -2 -4 -3 -1 -1 -4 -3  0  1 -4 -3 -3    1   0   2   8   0   1  70   0   0   0   1   0   2   0   0   5   9   0   0   1  0.91 0.21
    4 N   -4 -3  8 -1 -5 -2 -3 -3 -1 -6 -6 -3 -5 -6 -5  0 -2 -6 -5 -5    0   0  95   1   0   0   0   0   1   0   0   0   0   0   0   4   0   0   0   0  2.10 0.43
    5 F   -2  0  1  3 -4  2  3 -1  1 -4 -4  3 -3 -3 -3 -1 -2 -4 -3 -3    1   4   8  17   0  11  26   3   4   0   0  22   0   1   0   2   1   0   0   1  0.53 0.16
    6 Y   -3 -3 -4 -3 -3  2  1 -5 -1  1  4 -2  0 -1 -4 -3 -2 -3  1  0    0   0   0   0   0  15  11   0   2   7  54   0   0   0   0   0   0   0   5   5  0.53 0.20
    7 V   -3 -4 -5 -5 -3 -3 -4 -5 -4  5  3 -3  5 -1 -4 -4 -2  1 -2  1    0   0   0   0   0   1   1   0   0  47  25   1  18   2   0   0   0   2   0   4  0.83 0.23
    8 Q    3  2 -2 -3 -3  3 -1 -2 -2 -1  0  2 -1 -3 -3 -1 -1 -4 -2 -1   38  13   1   0   0  16   2   0   0   2  10  15   0   0   0   1   2   0   0   1  0.37 0.17
    9 Q   -1 -2  0 -1 -3  4  3 -3 -1  0 -1 -1 -2 -3 -3 -1  0 -4 -2  3    4   0   4   0   0  23  26   0   0   6   3   2   0   0   0   2   4   0   0  25  0.39 0.17
   10 R   -4  8 -3 -4 -6 -2 -3 -5 -3 -6 -5  0 -4 -6 -5 -3 -4 -6 -4 -5    0 100   0   0   0   0   0   0   0   0   0   0   0   0   0   0   0   0   0   0  2.29 0.46
   11 I   -3  7 -3 -4 -5 -1 -2 -4 -1  0  0  2 -2 -3 -4 -3 -3 -2 -2 -1    0  66   0   0   0   1   0   0   1   5   9  11   0   1   0   1   0   0   1   4  1.03 0.28
   12 K    2  0  0  2 -4  3  4 -1 -1 -4 -3  0 -3 -4 -3  0 -1 -4 -3 -2   17   3   4  11   0  12  38   2   0   0   1   3   0   0   0   6   1   0   0   1  0.52 0.18
   13 K   -3  0 -2 -3 -6 -1 -2 -4 -3 -5 -5  8 -4 -6 -4 -3 -3 -6 -5 -5    0   0   1   0   0   0   0   0   0   0   0  99   0   0   0   0   0   0   0   0  1.96 0.44
   14 M    0 -3 -5 -5 -3 -4 -4 -4 -4  0  5 -3  3 -2 -4 -3 -3 -4 -3  0    9   0   0   0   0   0   0   1   0   1  76   1   9   0   0   1   0   0   0   2  0.94 0.26
   15 E    3 -1  2  2  1  2  1 -1 -1 -3 -3  0 -2 -4 -2  0  0 -4 -3 -2   30   1   9  16   3  11   9   1   1   0   0   5   0   0   0   6   5   0   0   2  0.31 0.13
   16 L    2 -1  0  0 -3  2  3 -1  1 -2 -1  1  0 -3 -2  0  0 -4 -2 -2   25   1   3   4   0  11  24   3   3   1   5   6   2   1   0   5   5   0   0   0  0.25 0.12
   17 M   -3 -3 -5 -5 -3 -4 -4 -5 -2  3  5 -4  2  1 -5 -4 -3  2 -1  0    0   1   0   0   0   0   1   0   1  19  63   0   5   4   0   0   0   3   1   2  0.80 0.22
   18 R   -2  7 -3 -4 -5  0 -1 -4 -2 -2 -2  1 -2 -4 -4 -2 -3  1 -2 -4    3  75   0   0   0   1   2   0   0   2   5   6   1   0   0   1   0   2   1   0  1.26 0.31
   19 Q    1 -1 -1  2 -4  2  5 -2 -2 -4 -4  1 -3 -5 -2  0 -1 -4 -4 -3   16   0   1  13   0  10  45   1   0   0   0   7   0   0   0   4   2   0   0   0  0.67 0.21
   20 E    1  0  1 -1 -3  3  2 -2  0 -2 -1  2  1 -3 -2  0  0 -1 -2 -2   14   4   9   1   0  20  11   1   1   1   8  15   4   0   0   6   3   1   0   1  0.23 0.11
   21 G   -2 -3 -1 -2  0 -2 -3  7 -4 -5 -5 -1 -4 -5 -4 -2 -3 -4 -5 -5    0   1   2   2   2   2   1  83   0   0   0   5   0   0   0   1   1   0   0   0  1.46 0.30
   22 F    0  0 -2 -2 -2 -1 -1 -1 -2  3  1  0  0  0 -2 -1 -1 -1 -1  2    8   4   2   1   0   2   3   4   1  32   8   5   2   3   2   2   2   1   1  18  0.15 0.07
   23 N   -1 -1  5  3 -3  1  1 -2  0 -2 -3  0 -2 -3  0  0 -1 -3 -2 -2    5   1  37  18   0   5  10   1   1   3   2   3   0   1   5   4   2   0   1   2  0.47 0.13
   24 P    4 -4 -4 -3 -3 -3 -3 -1 -4 -3 -1 -3 -3 -4  6 -2 -2 -5 -4 -2   40   0   0   0   0   0   0   4   0   0   8   0   0   0  44   0   1   0   0   1  1.10 0.27
   25 Y   -4 -5 -5 -6 -5 -5 -5 -6  2 -3 -2 -5 -3  8 -6 -4 -4 -1  6 -3    0   0   0   0   0   0   0   0   6   0   0   0   0  65   0   0   0   0  30   0  1.84 0.37
   26 A    0 -3 -3 -3 -5 -3 -3  3 -4 -3 -5 -3 -4 -5  7 -1 -3 -5 -5 -3    6   1   0   1   0   0   0  26   0   2   0   1   0   0  60   2   0   0   0   1  1.52 0.31
   27 N   -2 -1  7  1 -5  0  0  0  0 -5 -5  0 -4 -5 -4 -1 -1 -6 -4 -4    1   2  68   6   0   3   4   5   2   0   0   5   0   0   0   2   2   0   0   0  1.17 0.29
   28 K   -2  2  0  5 -5  0  0 -1  0 -4 -4  2 -4 -5 -3  0  0 -5 -4 -4    0  14   3  45   0   3   0   4   2   0   0  17   0   0   0   4   6   0   0   0  0.71 0.20
   29 T   -3 -5 -5 -6 -2 -5 -5 -5 -3 -3 -2 -5 -2  8 -6 -4 -2  0  4 -2    1   0   0   0   1   0   0   0   0   0   1   0   0  79   0   0   2   1  13   1  1.86 0.37
   30 T   -2  5 -1  0 -1  1  3 -4 -1 -3 -3  2 -2 -4 -1 -1 -2 -4 -3 -2    1  47   2   5   2   3  20   0   1   1   1  10   1   0   2   2   1   0   0   3  0.69 0.21
   31 R   -3  7 -3 -4 -5 -1 -2 -5 -3 -4 -4  1 -3 -4  2 -3 -3 -5 -3 -1    1  77   0   0   0   1   0   0   0   0   0   5   0   0   9   0   0   0   0   6  1.41 0.34
   32 T   -2 -2  1  4 -4  0  2 -2 -2 -4 -4  0 -3 -4 -2  1  4 -5 -4 -3    1   1   7  28   0   3  13   1   0   0   0   4   0   0   1   9  32   0   0   0  0.58 0.19
   33 I    1 -2  2  1 -3 -1 -2 -2  7 -1 -3 -2 -3 -3 -3  1 -1 -4 -1 -1   17   1  11   7   0   0   0   1  37   4   2   0   0   0   0  11   4   0   1   4  0.61 0.21
   34 S   -1 -1 -1  0 -2 -1 -1 -3  1  0  2  0  1  0 -2  0  2 -2  2  0    1   1   2   5   0   2   2   0   5   4  26   9   5   1   1   5  16   0  10   6  0.13 0.09
   35 N    5 -3  0 -3  1 -2 -2 -2 -2 -1 -3 -2 -2 -3 -3  3  1 -4 -3 -1   56   0   5   0   3   0   0   0   1   4   0   0   0   0   0  21   7   0   0   3  0.63 0.23
   36 Y    2  0  0  1 -3  2  1  1 -1 -2 -2  0 -2 -3 -2  1 -1 -4 -2 -2   25   2   4   7   0  15   8  13   1   1   2   6   0   0   0   9   2   0   1   2  0.24 0.10
   37 N   -1 -1  0  5 -4  2  4 -2 -2 -4 -4  0 -4 -5 -1  0 -2 -1 -3 -4    5   2   3  40   0   8  30   1   0   0   0   3   0   0   2   4   1   1   0   0  0.76 0.21
   38 F   -3 -4 -5 -5 -3 -4 -5 -5 -5  4  5 -4  1  1 -5 -4 -3 -3 -2  1    0   0   0   0   0   0   0   0   0  25  61   0   1   5   0   0   0   0   0   8  0.88 0.23
   39 L   -2  0 -2 -2 -3  3 -1 -4  6  1  1  1 -1 -1 -3 -2 -2 -1 -1 -1    2   3   0   1   0  19   2   0  26  12  18   8   0   1   0   1   1   1   1   3  0.40 0.17
   40 N    3  0  1  2 -3  2  3 -2  0 -3 -3  1 -3 -4 -1  0 -1 -4 -3 -3   31   2   7  10   0   8  22   1   1   0   0   7   0   0   2   4   3   0   0   0  0.38 0.14
   41 K    1  1  1  1 -3  3  3 -2  0 -3 -2  2 -2 -4 -2  0 -1 -4 -3 -2   12   8   8   7   0  17  19   2   2   1   3  15   0   0   0   3   2   0   0   1  0.32 0.12
   42 Y   -4 -4 -4 -5 -3 -4 -4 -3  2 -3 -2 -4 -3  6 -5 -4 -4  3  8 -3    1   0   0   0   0   0   0   2   4   0   2   0   0  32   0   0   0   3  56   0  1.62 0.34
   43 N    1 -2  0  4 -4 -1  2  3 -1 -4 -4 -1 -3 -4 -2  0 -2 -4 -4 -3   12   0   2  30   0   1  15  30   1   1   0   1   0   0   0   5   1   0   0   1  0.58 0.17
   44 H    0 -1  1  3 -3  2  4  0  2 -3 -3  0 -3 -3 -2  0 -1 -3 -1 -3    7   1   6  15   0   7  36   7   5   0   2   2   0   1   1   5   2   0   2   1  0.41 0.13
   45 L   -1 -1 -1 -2  0  0 -1 -2 -1  1  2  0  1  2 -1 -1  0  0  1  0    5   2   2   2   2   4   2   3   2   5  29   6   4  11   2   3   5   1   4   7  0.07 0.03
   46 K    0  0  0  1 -1  0  2  0 -1 -1 -1  1 -1 -2  0  2  1 -2 -1 -1    6   3   2   5   1   2  19   5   1   2   4   8   1   2   3  18  12   1   1   3  0.15 0.04
   47 M    0  0  1  0 -1  0  0  1  0 -1 -1  2 -1 -2  0  0  0 -1 -1 -1    9   3   6   4   1   3   6  14   2   2   4  23   2   2   4   5   4   1   2   3  0.11 0.03
   48 Q    0  0  0  1 -1  2  2 -1  0 -1 -1  1 -1 -1  0  0  0 -1 -1 -1    6   3   3   6   1  14  21   4   2   4   7   8   1   2   3   4   4   1   2   4  0.13 0.03
   49 S    0  0  0  1 -1  1  3 -1  0 -1 -1  0 -1 -1  0  0  0 -1  0 -1   10   3   3   5   2   4  27   5   1   3   5   5   1   3   3   5   8   1   3   4  0.12 0.02
   50 S    0 -1  0  0 -1  0  0  0 -1  0  1  0  0  0  0  0  0 -1 -1  0    9   3   3   4   1   3   5   6   2   5  25   4   2   4   4   8   4   1   2   5  0.02 0.01
   51 D   -1  0  0  1 -2  1  3 -1  1 -2 -2  3 -1 -2 -1  0  0 -2 -1 -2    4   3   4   8   1   3  21   3   3   2   4  26   1   1   2   5   4   0   1   3  0.22 0.06
   52 D   -1 -1  0  3 -2  0  3 -1 -1 -2 -2  0 -1 -2  0  1  1 -2 -2 -2    4   1   4  20   1   1  22   4   1   1   3   3   1   1   3  13  13   0   1   2  0.26 0.07
   53 T    0  0  1  0 -1  0  0  0  0 -1 -1  3 -1 -2 -1  0  0 -2 -2 -1    8   2   8   4   1   3   5   5   1   2   7  30   2   1   2   5   7   0   1   3  0.13 0.05
   54 Q    0 -1  0  1 -3  1  5 -1 -1 -3 -2  0 -2 -3 -1 -1 -1 -3 -2 -2    8   2   5   7   0   3  53   3   1   1   3   4   1   1   3   3   2   0   1   1  0.54 0.13
   55 D    1 -1 -1  1 -2  1  4 -2 -1 -1 -1  0 -1 -2 -1  0  0 -1 -2 -1   15   2   1   8   1   4  38   2   1   3   4   2   1   1   2   4   6   1   1   3  0.28 0.08
   56 C   -1 -2 -2 -2 -1 -1  0 -2 -2  0  4 -1  0 -1 -1 -1 -1 -2 -1  0    5   1   1   2   1   2  10   3   1   3  56   3   1   1   2   3   2   0   1   2  0.29 0.09
   57 T    0 -1  0  0 -2  1  4 -1 -1 -2 -1  1 -1 -2 -1  0  0 -2 -2 -1   10   2   3   3   1   2  42   2   1   2   6   7   1   1   2   5   5   0   1   3  0.30 0.08
   58 Q    2 -1 -1  0 -2  1  3  0 -1 -2 -2  0 -1 -2 -1  0  0 -2 -2 -1   26   2   2   5   1   7  24   6   1   2   3   5   1   1   2   5   3   0   1   3  0.21 0.06
   59 N    0  0  1  0 -1  1  1 -1 -1 -1  1  2  0 -1 -1  0  0 -2 -1 -1   10   4   7   5   1   7  11   3   1   2  18  16   2   1   2   5   3   0   1   2  0.08 0.03
   60 K    1 -1  2  1 -2  0  0  1  1 -2 -2  0 -2 -2  2  0 -1 -2 -2 -2   11   1  14   8   1   5   6  14   3   1   3   7   1   1  12   4   3   0   1   3  0.19 0.04
   61 E   -1  0 -1 -1 -2  0  0 -2  2  2  0  0  0 -1 -1 -1  0 -1  0  2    4   6   2   3   0   4   4   3   8  22   5   5   1   2   3   3   3   1   2  19  0.07 0.05
   62 I   -1  2  0  0  0  1  2 -2  1 -1 -2  1 -1 -2  1  0  0 -2 -1  0    2  12   3   3   2   8  16   2   5   4   2   8   2   1   6   7   6   0   1   8  0.14 0.04
   63 E   -1 -3 -4 -4 -3 -3 -2 -4 -4  1 -1 -3 -1  2 -4 -3 -1 -3  1  6    5   1   0   0   0   0   3   0   0   1   0   1   0  11   0   0   1   0   4  73  0.82 0.24
   64 S    2  1 -1 -2 -1 -1 -1 -2 -2 -1 -3  2 -2 -3 -2  3  2 -4 -3  0   17   7   1   0   1   0   1   0   0   2   0  18   0   0   0  31  15   0   0   7  0.33 0.13
   65 I   -2 -4 -5 -5 -1 -4 -4 -5 -5  5  2 -4  1 -2 -4 -3 -2 -4 -3  4    1   0   0   0   1   0   0   0   0  36  16   0   2   0   0   0   0   0   0  44  0.79 0.19
   66 V    6 -3 -3 -4 -1 -3 -3 -1 -4 -3 -3 -3 -3 -4 -3 -1 -1 -5 -4 -1   91   0   1   0   1   0   0   2   0   0   0   0   0   0   0   1   2   0   0   2  1.22 0.30
   67 G   -2 -5 -3 -4 -5 -4 -4  7 -4 -6 -6 -4 -5 -5 -4 -2 -4 -5 -5 -5    0   0   0   0   0   0   0 100   0   0   0   0   0   0   0   0   0   0   0   0  2.06 0.35
   68 R   -4  8 -3 -4 -6 -1 -2 -5 -3 -6 -5  0 -4 -5 -5 -3 -4 -5 -4 -5    0 100   0   0   0   0   0   0   0   0   0   0   0   0   0   0   0   0   0   0  2.12 0.40
   69 V   -3 -4 -5 -5 -3 -3 -4 -5 -4  5  2 -4  6 -2 -4 -4 -2 -4 -3  2    0   0   0   0   0   0   0   0   0  46  14   0  26   0   0   0   0   0   0  14  0.90 0.22
   70 R   -3 -2 -5 -5 -4 -3 -4 -5 -4  1  0 -1  9 -2 -5 -4 -3 -4 -3  1    0   1   0   0   0   0   0   0   0   7   3   3  78   0   0   0   0   0   0   8  1.66 0.37
   71 F    2  0 -2 -3 -2 -1 -2 -1 -3 -1  1 -2  0  0 -3  1  3 -3 -2 -1   24   5   0   0   0   1   0   2   0   0  21   0   1   4   0  13  29   0   0   0  0.30 0.14
   72 I   -2  4  1 -1 -2  0 -1 -3 -1  0 -1  5 -1 -3 -3 -2 -2 -4 -2 -2    0  25   7   2   1   1   0   0   1   6   4  48   2   0   0   0   0   0   1   2  0.63 0.19
   73 R   -4  8 -3 -4 -6 -1 -2 -5 -3 -6 -5  0 -4 -5 -5 -3 -4 -5 -4 -5    0 100   0   0   0   0   0   0   0   0   0   0   0   0   0   0   0   0   0   0  2.13 0.40
   74 L    0 -1 -1  0 -2 -1 -1  2 -1  2  0 -1  0 -1 -2  0  0 -3 -2  2    3   2   3   5   0   1   3  19   2  16   5   4   1   1   1   9   3   0   0  21  0.10 0.06
   75 M   -2 -2 -2 -3 -3  0 -2 -3  3 -1  0  2  7  2 -3 -2 -2 -2 -1 -1    1   1   1   1   0   4   1   1  10   1   1  13  48  12   1   1   1   0   1   1  0.72 0.20
   76 G   -1 -3 -2 -2 -3 -3 -3  7 -3 -4 -4 -3 -3 -4 -3 -2 -3 -3 -4 -4    1   1   1   1   0   1   1  85   0   1   1   1   0   1   1   1   1   0   1   1  1.42 0.23
   77 K   -2  0 -2 -2 -4  0 -1 -3 -2 -3 -3  7 -3 -4 -2 -2 -2 -4 -3 -3    1   1   1   1   0   1   1   1   0   1   1  85   0   1   1   1   1   0   1   1  1.21 0.25
   78 A    5 -3 -3 -3 -2 -3 -3  2 -3 -2 -3 -3 -3 -4 -3  0 -1 -4 -3  1   73   0   0   0   0   0   0  14   0   0   0   0   0   0   0   1   1   0   0   9  0.86 0.24
   79 C    2 -3 -1 -2  1 -2 -2  2 -3 -2 -3 -2 -3 -4  1  4  1 -4 -3 -2   18   0   0   0   3   0   0  14   0   3   0   0   0   0   8  47   7   0   0   0  0.54 0.18
   80 F   -5 -5 -6 -6 -5 -6 -6 -6 -4 -3 -2 -6 -2  9 -6 -5 -5 -1  1 -3    0   0   0   0   0   0   0   0   0   0   0   0   0 100   0   0   0   0   0   0  2.39 0.41
   81 I    3 -3 -3 -3  0 -2 -3 -2 -3  2  1 -2  2  1 -3 -1  0 -3 -2  1   43   0   0   0   2   0   0   1   0  12  10   2   6   8   0   1   3   0   0  12  0.31 0.13
   82 K   -1 -2  1  1 -3  0 -1 -3  7 -2 -2 -1 -2 -3 -3 -1  3 -4 -1  1    2   0   5   7   0   4   1   0  35   0   4   4   0   0   0   1  27   0   0  11  0.60 0.20
   83 I   -3 -4 -5 -5 -3 -4 -5 -5 -5  5  4 -4  1 -1 -4 -4 -2 -4 -3  2    0   0   0   0   0   0   0   0   0  51  38   0   1   0   0   0   0   0   0  10  0.91 0.21
   84 Q   -2  0 -2 -3 -5  8  1 -4 -2 -4 -2  0  1 -5 -4 -2 -3 -4 -4 -3    2   2   0   0   0  82   4   0   0   0   3   3   4   0   0   0   0   0   0   1  1.52 0.35
   85 D   -4 -4 -1  8 -6 -3  0 -3 -3 -6 -6 -3 -6 -6 -4 -3 -3 -7 -6 -6    0   0   0  98   0   0   2   0   0   0   0   0   0   0   0   0   0   0   0   0  2.12 0.38
   86 E   -1  1 -2 -3 -2 -1 -1 -1 -2  0  2 -1  5 -1 -2 -1  0 -3 -2  1    2   8   1   0   0   2   5   5   1   2  17   1  28   2   1   5   4   0   1  15  0.22 0.12
   87 S    0 -2  0 -1 -3 -1 -1  1 -1 -4 -4  0 -3 -4 -3  5  2 -4 -3 -3    2   1   1   3   0   0   1  12   1   0   0   6   0   0   0  57  15   0   1   0  0.64 0.21
   88 G   -1 -4 -2 -2 -5 -4 -4  7 -4 -6 -6 -4 -5 -5 -4 -2 -3 -5 -5 -5    2   0   0   2   0   0   0  94   0   0   0   0   0   0   0   1   1   0   0   0  1.81 0.32
   89 I   -2  6 -1 -1 -4  4 -1 -4 -1 -2 -4  3 -3 -5 -3 -1 -1 -4 -3 -3    0  51   2   2   0  23   0   0   1   2   0  14   0   0   0   2   2   0   0   1  0.92 0.23
   90 L   -3 -5 -5 -5 -3 -5 -5 -6 -5  7  1 -5  2 -1 -5 -4 -3 -4 -3  2    0   0   0   0   0   0   0   0   0  82   8   0   4   1   0   0   0   0   0   5  1.28 0.28
   91 Q   -3 -1 -3 -3 -6  9 -1 -4 -2 -6 -5 -1 -3 -6 -4 -3 -3 -5 -4 -5    0   0   0   0   0 100   0   0   0   0   0   0   0   0   0   0   0   0   0   0  2.23 0.45
   92 A    0 -4 -4 -4  0 -3 -4 -4 -4  4  3 -4  0  0 -4 -3 -2 -3 -2  2   11   0   0   0   2   0   0   0   0  30  42   0   0   2   0   1   0   0   0  13  0.56 0.16
   93 Y   -4 -4 -5 -6 -5 -4 -5 -6 -1 -4 -3 -4 -2  3 -6 -4 -4  0  9 -4    0   0   0   0   0   0   0   0   0   0   0   0   0  11   0   0   0   0  89   0  2.32 0.41
   94 V    1 -4 -4 -4 -2 -4 -4 -4 -4  3  0 -4  0  0 -4 -2 -1 -4 -2  5   14   0   0   0   0   0   0   0   0  18   5   0   1   5   0   1   1   0   0  56  0.65 0.19
   95 S    1  4  1  0 -3  1 -1 -1 -1 -3 -3  1 -2 -4 -2  2  1 -4 -3 -2   16  31   5   5   0   6   1   1   1   0   0   9   0   0   0  17   8   0   0   1  0.39 0.13
   96 K   -2  5  0 -2 -2  2 -1 -3 -2 -3 -1  4 -1 -4 -3 -1 -2 -4 -2 -2    2  40   3   1   1  12   1   0   0   0   6  30   1   0   0   1   0   0   1   2  0.67 0.19
   97 N   -3 -3  3  7 -5 -1  1 -2 -3 -5 -5  1 -4 -5 -3 -2 -2 -6 -4 -5    0   0  11  72   0   1   4   2   0   0   0   8   0   0   0   1   0   0   0   0  1.30 0.26
   98 D    1 -1  2  3 -3  1  2  0  0 -2 -2  0 -1 -3 -2  0  0 -3 -2 -1   14   2  10  21   0   4  14   4   2   2   3   3   1   0   1   6   7   0   0   5  0.21 0.07
   99 I   -2 -3 -4 -5 -2 -3 -4 -5 -4  2  4 -4  0 -1 -4 -3 -1 -3 -2  3    1   0   0   0   0   0   0   0   0  10  55   0   0   1   0   0   3   0   0  28  0.68 0.18
  100 G    0 -3 -1 -2 -4  1 -2  5 -3 -5 -4 -2 -4 -5  4  0 -2 -4 -4 -4    5   0   1   2   0   7   1  51   0   0   0   1   0   0  26   4   1   0   0   0  0.95 0.20
  101 E    0 -1 -1  2 -4  1  6 -2 -2 -4 -4  0 -3 -5  0 -1 -2 -4 -4 -3    9   1   2  12   0   2  61   1   0   0   1   4   0   0   4   1   1   0   0   1  0.82 0.21
  102 D   -1 -2  0  3 -4  1  4  3 -2 -4 -4  0 -3 -4 -3  0 -1 -4 -4 -3    4   0   2  18   0   4  39  22   0   0   1   2   0   0   0   4   3   0   0   1  0.58 0.16
  103 F    1 -1 -1 -2 -1  1  0 -2 -2  1  0  0  0  1 -1  0  0  0 -1  1   15   2   2   1   0  10   5   1   0   6  10   4   1   9   1   3   7   1   0  18  0.06 0.05
  104 L   -3 -2 -4 -4 -4 -2 -4 -5  2 -3  0  0 -2  4 -5 -3 -3  0  8 -3    1   1   0   0   0   1   0   0   3   0   9   7   0  13   0   0   0   0  64   0  1.34 0.29
  105 L    1 -1  3  2 -3  1  4 -2 -1 -3 -3  1 -2 -4 -2  0 -1 -4 -2 -3   18   1  15  10   0   3  34   1   0   1   1   8   0   0   1   3   1   0   1   0  0.43 0.14
  106 I    1 -1 -1  2 -2  1  2 -2 -2  1  1  0  0 -1 -2 -1  0 -2 -2  0   13   2   1  12   0   6  17   0   0   9  19   5   1   3   0   1   5   0   0   5  0.10 0.06
  107 K   -3 -4 -5 -5 -3 -3 -4 -5 -3  1 -1 -1 -2  7 -5 -4 -2  3  3  0    1   0   0   0   0   1   0   0   0   8   1   4   0  67   0   0   1   3   7   6  1.19 0.26
  108 K   -2  1  0 -1 -5  1  0 -1 -2 -4 -4  6 -2 -5 -3  0 -1 -5 -4 -4    1   1   4   2   0   6   4   4   0   0   1  68   1   0   0   4   3   0   0   0  0.86 0.23
  109 V   -1  1  0 -1 -3  0 -1  0  3 -1 -1  3  0 -3 -2  1  2 -4 -2 -2    1   4   2   2   0   2   1   6  10   4   7  31   2   0   0  14  13   0   0   1  0.24 0.11
  110 L    0 -4 -5 -5 -3 -4 -4 -4 -3 -1  3 -4 -1  2 -5 -2 -2 10  1 -2    8   0   0   0   0   0   0   0   0   2  32   0   1   8   0   2   2  41   3   1  1.31 0.25
  111 E   -4 -4 -1  8 -6 -2  1 -4 -3 -6 -6 -3 -5 -6 -4 -2 -3 -7 -5 -6    0   0   0  95   0   0   5   0   0   0   0   0   0   0   0   0   0   0   0   0  2.06 0.37
  112 V   -3 -4 -5 -5 -3 -3 -4 -5 -4  5  4 -4  2 -1 -4 -4 -2 -4 -3  2    0   0   0   0   0   1   0   0   0  38  46   0   3   0   0   0   0   0   0  11  0.80 0.19
  113 G   -2 -5 -3 -4 -5 -4 -4  7 -4 -6 -6 -4 -5 -5 -4 -2 -4 -5 -5 -6    0   0   0   0   0   0   0 100   0   0   0   0   0   0   0   0   0   0   0   0  2.06 0.35
  114 D   -4 -4 -1  8 -6 -3 -1 -4 -4 -6 -6 -3 -6 -6 -4 -3 -3 -7 -6 -6    0   0   0 100   0   0   0   0   0   0   0   0   0   0   0   0   0   0   0   0  2.22 0.39
  115 I   -3 -5 -5 -5 -3 -3 -5 -6 -5  7  0 -5  0 -1 -5 -4 -2 -3 -3  1    0   0   0   0   0   1   0   0   0  91   3   0   1   2   0   0   0   0   0   2  1.46 0.32
  116 I   -2 -4 -5 -5 -2 -4 -4 -5 -5  5  2 -4  0 -2 -4 -4 -2 -4 -3  5    0   0   0   0   1   0   0   0   0  39  14   0   0   0   0   0   0   0   0  47  0.89 0.22
  117 N    0 -4 -1 -3 -3 -4 -3  7 -4 -5 -5 -3 -4 -2 -4 -1 -3 -2 -5 -5    8   0   2   0   0   0   1  85   0   0   0   0   0   2   0   1   0   0   0   0  1.52 0.28
  118 V    3 -4 -4 -4  0 -3 -3 -2 -4  3 -1 -3 -1 -3 -3 -2 -1 -4 -3  5   30   0   0   0   2   0   0   1   0  14   0   0   0   0   0   0   1   0   0  51  0.66 0.20
  119 S   -1  2 -1 -1 -2  1  3 -2  0 -2 -3  2 -2 -3 -2  1  2 -4 -1 -2    2  15   0   1   1   5  22   1   2   1   0  17   0   0   0  13  17   0   2   3  0.34 0.12
  120 G   -2 -5 -3 -4 -5 -4 -4  7 -4 -6 -6 -4 -5 -5 -4 -2 -4 -5 -5 -6    0   0   0   0   0   0   0 100   0   0   0   0   0   0   0   0   0   0   0   0  2.06 0.35
  121 Y    0  0 -1 -2 -2  0  0 -3  0  0 -1  1 -1 -1  0  0  3 -3  1  1    5   3   1   0   0   2   6   0   2   3   2  13   0   3   5   3  26   0   7  18  0.16 0.10
  122 A   -2 -4 -5 -5 -3 -3 -4 -5 -4  1  4 -4  3 -1  1 -3 -2 -3 -3  3    2   0   0   0   0   0   0   0   0   2  58   0   6   0   6   0   0   0   0  25  0.69 0.19
  123 F   -3 -5 -4 -5 -1 -4 -5 -4  4 -2 -2 -5 -1  8 -6 -4 -4 -1  1 -3    2   0   0   0   1   0   0   1  11   1   0   0   1  82   0   0   0   0   0   0  1.71 0.33
  124 V   -2  4 -2 -3 -5 -1 -1 -4 -1 -3 -3  6 -3 -5 -3 -2 -2 -5 -4 -2    1  24   0   0   0   0   0   0   1   1   2  68   0   0   0   0   0   0   0   4  1.11 0.27
  125 T   -2 -3 -2 -3 -3 -3 -3 -3 -4 -3 -4 -3 -3 -4 -3  2  7 -5 -4 -2    0   0   0   0   0   0   0   0   0   0   0   0   0   0   0  17  83   0   0   0  1.41 0.34
  126 K   -2  2  3 -2 -5  2 -1  2 -1 -5 -4  5 -3 -5 -3 -1 -2 -4 -3 -4    0  10  15   0   0   8   0  16   1   0   0  48   0   0   0   1   0   0   0   0  0.72 0.20
  127 T   -2  1 -2 -3 -3 -1 -2 -3 -3 -2 -3  3 -1 -4 -3 -1  5 -4 -3  1    1   7   0   0   0   1   0   0   0   0   0  23   2   0   0   1  55   0   0  11  0.72 0.23
  128 G   -2 -4  0 -1 -5 -3 -3  7 -4 -6 -6 -3 -5 -5 -4 -2 -4 -5 -5 -5    0   0   3   3   0   0   1  93   0   0   0   0   0   0   0   0   0   0   0   0  1.78 0.31
  129 E   -3 -2 -2  3 -6  0  7 -4 -2 -5 -5 -1 -4 -6 -3 -2 -3 -5 -4 -5    0   0   0  15   0   1  83   0   0   0   0   0   0   0   0   0   0   0   0   0  1.55 0.33
  130 L   -3 -4 -5 -5 -3 -4 -5 -5 -5  2  5 -4  1 -1 -5 -4 -2 -4 -3  0    0   0   0   0   0   0   0   0   0  11  83   0   0   0   0   0   2   0   0   3  1.06 0.25
  131 S   -1 -3 -2 -3 -3 -2 -2 -3 -2 -4 -4 -2 -3 -2 -3  5  4 -3  4 -3    0   0   0   0   0   0   0   0   0   0   0   0   0   0   0  59  26   0  16   0  0.92 0.27
  132 I   -2 -4 -5 -5 -3 -4 -4 -5 -5  5  1 -4  0 -2 -4 -4 -2 -4 -3  5    0   0   0   0   0   0   0   0   0  34  11   0   0   0   0   0   0   0   0  55  0.95 0.23
  133 H   -2  3  2  0 -4  1  0 -3  5 -4 -3  3  0 -3 -3 -1 -2 -1 -1 -4    2  16  11   3   0   5   4   0  23   0   2  28   2   0   0   2   1   1   1   0  0.56 0.16
  134 T    3 -3 -4 -4  5 -3 -3 -3 -4  1  0 -3  3 -3 -3 -1  0 -4 -3  3   31   0   0   0  14   0   0   0   0   4   3   0  13   0   0   1   4   0   0  30  0.51 0.17
  135 L    0  0  1  2 -3  1  2 -2  0 -2 -2  1 -2 -3 -2  1  2 -4 -1 -2    5   3   4  15   0   4  17   1   3   1   4  11   0   0   0  12  18   0   2   1  0.27 0.09
  136 T   -1 -1  1  2 -4  1  4 -2  1 -4 -4  1 -3 -4 -2  2  0 -4 -3 -3    3   2   4  12   0   6  39   1   3   0   0   6   0   0   0  20   4   0   0   0  0.54 0.16
  137 L   -1 -4 -4 -4 -2 -3 -4 -4 -3  3  2 -4  0  4 -4 -3 -2 -2  3  2    4   0   0   0   0   0   0   0   0  22  22   0   1  23   0   0   0   0  11  15  0.51 0.14
  138 Q   -2  4 -1 -1 -4  3  2 -3  0 -2 -3  2 -2 -3 -3 -1  1 -4 -2 -1    0  34   1   1   0  13  18   1   2   1   1  11   1   0   0   1  10   0   1   4  0.50 0.15
  139 I   -3 -4 -5 -5 -3 -4 -5 -5 -4  2  5 -4  2  1 -5 -4 -3 -3 -1  0    0   0   0   0   0   0   0   0   0  10  78   0   4   4   0   0   0   0   1   3  0.97 0.23
  140 L   -3 -4 -5 -6 -3 -4 -5 -6 -5  1  6 -4  0 -1 -5 -4 -3 -4 -3  0    0   0   0   0   0   0   0   0   0   4  94   0   0   0   0   0   0   0   0   2  1.29 0.28
  141 T    0 -3 -2 -3 -1 -3 -3 -3 -4 -3 -3 -3 -3 -4 -3  2  7 -5 -4 -2    5   0   0   0   1   0   0   0   0   0   0   0   0   0   0  17  76   0   0   1  1.18 0.30
  142 K   -3  0 -2 -3 -6 -1 -1 -4 -3 -5 -5  8 -4 -6 -3 -2 -3 -5 -4 -5    0   1   0   0   0   0   0   0   0   0   0  99   0   0   0   0   0   0   0   0  1.81 0.38
  143 S    4 -3 -2 -3 -2 -2 -2 -2 -3 -4 -4 -2 -3 -4 -3  5 -1 -5 -4 -3   40   0   0   0   0   0   0   0   0   0   0   0   0   0   0  58   0   0   0   0  0.97 0.27
  144 I   -3 -4 -5 -5 -3 -4 -5 -6 -5  2  6 -4  3 -1 -5 -4 -3 -3 -3  0    0   0   0   0   0   0   0   0   0   7  85   0   6   0   0   0   0   0   0   1  1.14 0.26
  145 V   -3  8 -2 -4 -5  0 -2 -5 -2 -4 -2  0 -3 -5 -4 -3 -3 -5 -2 -2    0  88   0   0   0   3   0   0   0   1   3   1   0   0   0   0   0   0   1   4  1.61 0.33
  146 P   -3 -5 -4 -3 -5 -4 -4 -5 -5 -4 -5 -4 -5 -6  9 -3 -4 -6 -6 -4    1   0   0   1   0   0   0   0   0   1   0   0   0   0  97   0   0   0   0   1  2.80 0.42
  147 L   -3 -4 -6 -6 -3 -4 -5 -6 -5  0  6 -5  1 -1 -5 -5 -3 -4 -3 -1    0   0   0   0   0   0   0   0   0   0  99   0   1   0   0   0   0   0   0   0  1.40 0.30
  148 P   -3 -5 -5 -4 -5 -4 -4 -5 -5 -5 -6 -4 -5 -6  9 -3 -4 -6 -6 -5    0   0   0   0   0   0   0   0   0   0   0   0   0   0 100   0   0   0   0   0  2.96 0.44
  149 E   -3 -3  0  5 -6 -1  6 -3 -2 -5 -5 -2 -4 -5 -3 -2 -3 -5 -4 -5    0   0   2  41   0   0  57   1   0   0   0   0   0   0   0   0   0   0   0   0  1.34 0.29
  150 K   -3  0 -2 -3 -6 -1 -1 -4 -3 -5 -5  8 -4 -6 -3 -2 -3 -5 -4 -5    0   0   0   0   0   0   0   0   0   0   0 100   0   0   0   0   0   0   0   0  1.82 0.38
  151 F   -4 -4 -5 -5 -4 -4 -5 -5  3 -3 -2 -5 -2  7 -6 -4 -4  6  5 -3    0   0   0   0   0   0   0   0   7   0   0   0   0  61   0   0   0  13  18   0  1.63 0.30
  152 H   -4 -3 -2 -4 -6 -1 -3 -5 11 -6 -6  0 -4 -4 -5 -3 -4 -5 -1 -6    0   0   0   0   0   1   0   0  95   0   0   4   0   0   0   0   0   0   0   0  2.74 0.45
  153 G   -2 -5 -3 -4 -5 -4 -4  7 -4 -6 -6 -4 -5 -5 -4 -2 -4 -5 -5 -6    0   0   0   0   0   0   0 100   0   0   0   0   0   0   0   0   0   0   0   0  2.06 0.35
  154 L   -3 -4 -6 -6 -3 -4 -5 -6 -5  0  6 -5  0 -1 -5 -5 -3 -4 -3 -1    0   0   0   0   0   0   0   0   0   2  98   0   0   0   0   0   0   0   0   0  1.38 0.30
  155 N    1  0 -1 -2 -3  1 -1 -2 -1 -3 -3  3 -2 -4 -2  2  4 -4 -3 -2   15   1   1   0   0   8   0   0   1   0   1  27   0   0   0  13  31   0   0   1  0.45 0.17
  156 D   -4 -4  0  8 -6 -3 -1 -4 -3 -6 -6 -3 -6 -6 -4 -2 -3 -7 -6 -6    0   0   3  97   0   0   0   0   0   0   0   0   0   0   0   0   0   0   0   0  2.11 0.38
  157 I   -2 -2 -2 -3 -3  5 -1 -4 -2  1 -1 -1  1 -3 -2 -2  1 -4 -3  3    0   0   0   0   0  41   0   0   1   9   1   3   4   0   1   0   7   0   0  33  0.61 0.22
  158 E   -3 -2 -2  2 -6  0  7 -4 -2 -6 -5 -1 -4 -6 -3 -2 -3 -5 -4 -5    0   0   0   6   0   0  94   0   0   0   0   0   0   0   0   0   0   0   0   0  1.75 0.36
  159 L    0 -2 -2 -3 -3  3 -1 -3 -2  1  1 -1  3 -3 -3 -1  3 -3 -3 -1    9   1   0   0   0  22   0   0   0   7  16   1   9   0   0   2  31   0   0   2  0.37 0.16
  160 R   -4  8 -3 -4 -3 -1 -2 -5 -2 -5 -4  2 -4 -5 -4 -3 -3 -5 -4 -5    0  89   0   0   1   0   0   0   0   0   0   9   0   0   0   0   0   0   0   0  1.80 0.35
  161 Y   -4 -4 -5 -6 -2 -4 -5 -6  0 -4 -4 -4 -4  1 -6 -4 -4  0 10 -4    0   0   0   0   1   0   0   0   0   0   0   0   0   1   0   0   0   0  98   0  2.58 0.45
  162 R   -4  8 -3 -4 -6 -1 -2 -5 -3 -6 -5  0 -4 -5 -5 -3 -4 -5 -4 -5    0 100   0   0   0   0   0   0   0   0   0   0   0   0   0   0   0   0   0   0  2.13 0.40
  163 Q   -3  0 -2 -3 -5  8  0 -4 -1 -5 -5  0 -2 -6 -4 -2 -3 -5 -4 -5    0   2   1   0   0  93   0   0   0   0   0   3   1   0   0   1   0   0   0   0  1.93 0.41
  164 R   -4  8 -3 -4 -6 -1 -2 -5 -3 -6 -5  0 -4 -5 -5 -3 -4 -5 -4 -5    0 100   0   0   0   0   0   0   0   0   0   0   0   0   0   0   0   0   0   0  2.13 0.40
  165 Y   -4 -4 -5 -6 -5 -4 -5 -6  1 -4 -4 -4 -4  1 -6 -4 -4  0 10 -4    0   0   0   0   0   0   0   0   2   0   0   0   0   0   0   0   0   0  98   0  2.58 0.45
  166 V   -2 -4 -5 -5 -3 -4 -4 -5 -5  1  4 -4  0 -2 -4 -4 -2 -4 -3  5    0   0   0   0   0   0   0   0   0   1  49   0   0   0   0   0   0   0   0  50  0.91 0.23
  167 D   -4 -4 -1  8 -6 -3 -1 -4 -4 -6 -6 -3 -6 -6 -4 -3 -3 -7 -6 -6    0   0   0 100   0   0   0   0   0   0   0   0   0   0   0   0   0   0   0   0  2.22 0.39
  168 L   -4 -4 -6 -6 -3 -4 -5 -6 -5  0  6 -5  1 -1 -5 -5 -3 -4 -3 -1    0   0   0   0   0   0   0   0   0   0 100   0   0   0   0   0   0   0   0   0  1.43 0.31
  169 I   -3 -5 -5 -5 -3 -5 -5 -6 -5  7  0 -5  2 -2 -5 -4 -3 -5 -3  1    0   0   0   0   0   0   0   0   0  93   1   0   4   0   0   0   0   0   0   1  1.56 0.33
  170 V    1 -3 -3 -4 -2 -3 -3 -4 -4  1 -1 -3  5 -2 -3  0  2 -4 -3  4   11   0   0   0   0   0   0   0   0   2   0   0  22   0   0   5  17   0   0  43  0.58 0.20
  171 N   -3 -3  8 -1 -5 -2 -2 -3 -2 -5 -6 -2 -4 -5 -4  1  0 -6 -4 -5    0   0  87   0   0   0   0   0   0   0   0   0   0   0   0   7   6   0   0   0  1.74 0.35
  172 N   -2 -2 -1  2 -5  1  4 -3 -1 -5 -4 -1 -2 -4  5 -1 -2 -5 -4 -4    1   1   1  12   0   4  39   0   1   0   0   2   1   0  35   1   1   0   0   0  1.01 0.22
  173 K   -2  0  0  4 -5  1  5 -2 -2 -4 -4  0 -3 -5 -1  0 -1 -5 -4 -4    1   4   3  24   0   6  46   2   0   0   0   4   0   0   2   5   3   0   0   0  0.74 0.19
  174 V    0 -3 -2 -3 -2 -2 -2 -3 -3 -1 -2 -2 -2 -3 -3  4  2 -4 -3  3    6   0   0   0   0   0   0   0   0   1   0   0   0   0   0  49  14   0   0  31  0.63 0.22
  175 K   -3  7 -2 -3 -5  1 -2 -4 -2 -5 -4  3 -3 -5 -4 -2 -1 -5 -2 -4    0  72   0   0   0   3   0   0   0   0   0  20   0   0   0   0   3   0   1   0  1.38 0.29
  176 E   -2  2  2  2 -4  2  4 -2  2 -4 -3  2 -3 -2 -3 -1 -1 -4 -3 -4    1  11  13  10   0  12  29   1   4   0   1  15   0   2   0   1   1   0   0   0  0.50 0.14
  177 T    0 -3 -2 -3 -3 -3 -3 -4 -4  1 -1 -3 -2 -3 -3 -1  6 -4 -3  2    6   0   1   0   0   0   0   0   0   8   2   0   0   0   0   0  63   0   0  19  0.82 0.24
  178 F   -5 -5 -6 -6 -5 -6 -6 -6 -4 -3 -2 -6 -2  9 -6 -5 -5 -1  1 -3    0   0   0   0   0   0   0   0   0   0   0   0   1  99   0   0   0   0   0   0  2.36 0.40
  179 K   -1  2 -3 -3 -3  0 -1 -4 -3  3  1  2  1 -2 -3 -2 -1 -4 -2  2    2  15   0   0   0   5   3   0   0  31   8  15   3   0   0   0   1   0   1  16  0.29 0.12
  180 L    0 -1 -1 -3 -2 -2 -2 -3 -3  2  1  1  2 -2 -3 -1  2 -3 -2  2    7   3   2   0   0   0   0   0   0  19  14  12   6   0   0   1  21   0   0  14  0.22 0.10
  181 R   -4  8 -3 -4 -6 -1 -2 -5 -3 -6 -5  0 -4 -5 -5 -3 -4 -5 -4 -5    0 100   0   0   0   0   0   0   0   0   0   0   0   0   0   0   0   0   0   0  2.13 0.40
  182 S    0 -3  0 -2 -3 -2 -2 -2 -3 -4 -4 -2 -3 -4 -3  6  2 -5 -4 -2    2   0   2   0   0   0   0   1   0   0   0   0   0   0   0  80  14   0   0   2  1.13 0.30
  183 Q   -1  4 -2 -2 -4  3  0 -3 -2 -4 -2  5 -2 -4 -3 -2 -2 -4 -3 -4    5  25   0   0   0  17   2   0   0   0   2  46   1   0   0   0   0   0   0   0  0.80 0.21
  184 I   -2 -5 -5 -5 -2 -4 -5 -5 -5  6  0 -4  1 -2 -4 -4 -1 -4 -3  4    0   0   0   0   0   0   0   0   0  68   3   0   2   0   0   0   2   0   0  24  1.07 0.25
  185 V   -2 -4 -5 -5 -3 -4 -5 -5 -5  6  1 -4  2 -2 -4 -4 -2 -4 -3  4    0   0   0   0   0   0   0   0   0  56   8   0   5   0   0   0   0   0   0  31  0.96 0.23
  186 S    2  3  0 -1 -3  4  0 -2  0 -4 -3  1 -2 -4 -2  2 -1 -4 -3 -3   18  16   4   2   0  27   1   0   2   0   0   4   0   0   0  23   2   0   0   0  0.46 0.16
  187 C    2 -2 -2 -2  0 -1  1  1  1 -2 -1 -1 -2  1 -2  2  0 -2  2 -2   25   1   0   0   1   1  12  13   3   0   5   1   0   7   0  18   3   0  10   1  0.20 0.10
  188 I   -3 -4 -5 -5 -2 -4 -5 -5 -5  6  1 -4  6  0 -5 -4 -2 -4 -3  1    0   0   0   0   0   0   0   0   0  62   5   0  24   2   0   0   0   0   0   6  1.08 0.26
  189 R   -4  8 -3 -4 -6 -1 -2 -5 -3 -6 -5  0 -4 -5 -5 -3 -4 -5 -4 -5    0 100   0   0   0   0   0   0   0   0   0   0   0   0   0   0   0   0   0   0  2.13 0.40
  190 Q   -1  4  4  1 -4  3  2 -2  0 -4 -4  1 -3 -4 -3  0 -1 -4 -3 -4    2  26  24   7   0  13  15   0   2   0   0   6   0   0   0   5   1   0   0   0  0.56 0.16
  191 F   -4 -4 -5 -6 -5 -5 -5 -5 -1 -2 -2 -5 -2  7 -6 -4 -4  0  7 -3    0   0   0   0   0   0   0   0   1   1   0   0   0  59   0   0   0   0  38   0  1.75 0.33
  192 F   -3 -4 -5 -5 -3 -3 -4 -5 -4  0  4 -4  6  4 -5 -4 -3 -3 -1 -1    0   0   0   0   0   0   0   0   0   0  56   0  26  18   0   0   0   0   0   0  1.00 0.24
  193 E   -1 -2  2  4 -3 -1  2 -2 -2  0 -1 -1  0 -3 -3  0  0 -4 -3  1    2   0  14  29   0   1  17   0   0   8   4   1   3   0   0   3   4   0   0  14  0.34 0.12
  194 Q    0  0  2  3 -3  1  3  1  0 -4 -4  1 -3 -4 -2  1 -1 -4 -3 -3    7   4  12  16   0   5  21  11   2   0   0   6   0   0   0  14   2   0   0   0  0.37 0.11
  195 K   -2  5  1 -2 -4  1  0 -3  4 -4 -2  4 -3 -4 -3 -1 -2 -2 -2 -4    1  39   5   0   0   5   5   0  12   0   4  26   0   0   0   1   0   0   0   0  0.70 0.19
  196 G   -2 -1 -1  4 -5 -1  0  6 -1 -5 -5 -2 -4 -4 -4 -2 -3 -4 -3 -5    0   3   1  24   0   2   5  61   2   0   0   0   0   0   0   0   0   0   1   0  1.03 0.22
  197 F   -4 -5 -5 -6 -5 -5 -5 -5 -3 -3 -2 -5 -2  8 -6 -5 -4 -1  5 -3    0   0   0   0   0   0   0   0   0   0   0   0   0  81   0   0   0   0  19   0  1.99 0.35
  198 L   -3 -4 -5 -5 -3 -3 -4 -5 -4  2  5 -4  6 -1 -5 -4 -3 -3 -2  0    0   0   0   0   0   0   0   0   0   8  60   0  30   0   0   0   0   0   0   1  1.04 0.25
  199 E   -3 -2 -3 -1 -6  0  7 -5 -2 -6 -5 -1 -4 -6 -3 -2 -3 -5 -4 -5    0   0   0   0   0   0 100   0   0   0   0   0   0   0   0   0   0   0   0   0  1.93 0.39
  200 V   -2 -5 -5 -5 -3 -4 -5 -5 -5  1 -1 -4 -1 -3 -5 -4 -2 -5 -3  7    2   0   0   0   0   0   0   0   0   0   0   0   0   0   0   0   0   0   0  98  1.53 0.34
  201 E   -3 -2 -3 -1 -6  0  7 -5 -2 -6 -5 -1 -4 -6 -3 -2 -3 -5 -4 -5    0   0   0   0   0   1  99   0   0   0   0   0   0   0   0   0   0   0   0   0  1.91 0.39
  202 T   -2 -4 -2 -3 -3 -3 -3 -4 -4 -3 -4 -3 -3 -5 -3 -1  8 -5 -4 -2    0   0   0   0   0   0   0   0   0   0   0   0   0   0   0   0 100   0   0   0  1.83 0.40
  203 P   -3 -5 -5 -4 -5 -4 -4 -5 -5 -5 -6 -4 -5 -6  9 -3 -4 -6 -6 -5    0   0   0   0   0   0   0   0   0   0   0   0   0   0 100   0   0   0   0   0  2.96 0.44
  204 M   -3 -4 -4 -5 -4 -3 -4 -5 -4 -1  0 -4 10 -3 -5 -4  1 -4 -4 -1    0   0   0   0   0   0   0   0   0   1   2   0  87   0   0   0   9   0   0   2  2.03 0.42
  205 L   -3 -4 -5 -6 -4 -3 -5 -5 -4 -1  3 -4  9 -2 -5 -4 -3 -4 -3 -1    0   0   0   0   0   0   0   0   0   0  29   0  71   0   0   0   0   0   0   0  1.71 0.37
  206 H   -3 -2 -2 -3 -5  6 -1 -4  9 -5 -4 -2 -2 -4 -4 -2 -3 -4 -2 -5    0   0   0   0   0  46   0   0  51   0   0   0   0   0   0   1   0   0   0   0  1.75 0.36
  207 S    1 -3 -2 -3 -3  0 -2 -2 -2 -1 -2 -2 -2 -3  5  1  2 -4 -3  2   11   0   1   0   0   4   0   1   0   1   1   0   0   0  31  11  13   0   0  26  0.59 0.16
  208 I   -3 -5 -5 -5 -3 -5 -5 -6 -5  7  0 -4 -1 -2 -5 -4 -3 -5 -3  1    0   0   0   0   0   0   0   0   0  93   2   1   0   0   0   0   0   0   0   4  1.56 0.33
  209 P    3 -4 -4 -4 -4 -3 -3 -4 -4 -5 -5 -3 -4 -6  8 -2 -3 -6 -5 -4   25   0   0   0   0   1   0   0   0   0   0   0   0   0  75   0   0   0   0   0  2.01 0.34
  210 G   -2 -5 -3 -4 -5 -4 -4  7 -4 -6 -6 -4 -5 -5 -4 -2 -4 -5 -5 -6    0   0   0   0   0   0   0 100   0   0   0   0   0   0   0   0   0   0   0   0  2.06 0.35
  211 G   -2 -5 -3 -4 -5 -4 -4  7 -4 -6 -6 -4 -5 -5 -4 -2 -4 -5 -5 -6    0   0   0   0   0   0   0 100   0   0   0   0   0   0   0   0   0   0   0   0  2.06 0.35
  212 A    7 -4 -4 -4 -3 -3 -3 -2 -4 -4 -4 -3 -3 -4 -3 -1 -2 -5 -4 -2  100   0   0   0   0   0   0   0   0   0   0   0   0   0   0   0   0   0   0   0  1.51 0.35
  213 N    3 -2  0 -2 -2 -2 -2 -2 -3 -2 -3 -2 -2 -4 -2  3  3 -4 -3 -1   37   1   5   0   0   0   1   0   0   1   1   0   0   0   0  24  27   0   0   4  0.55 0.19
  214 A    7 -4 -4 -4 -3 -3 -3 -2 -4 -4 -4 -3 -3 -4 -3 -1 -2 -5 -4 -2  100   0   0   0   0   0   0   0   0   0   0   0   0   0   0   0   0   0   0   0  1.51 0.35
  215 R   -3  7 -2 -3 -6 -1 -2 -4 -2 -5 -4  4 -3 -5 -4 -3 -3 -5 -4 -5    0  76   0   0   0   0   0   0   0   0   0  24   0   0   0   0   0   0   0   0  1.58 0.32
  216 P   -3 -5 -5 -4 -5 -4 -4 -5 -5 -5 -6 -4 -5 -6  9 -3 -4 -6 -6 -5    0   0   0   0   0   0   0   0   0   0   0   0   0   0  99   1   0   0   0   0  2.93 0.43
  217 F   -5 -5 -6 -6 -5 -6 -6 -6 -4 -3 -2 -6 -2  9 -6 -5 -5 -1  1 -3    0   0   0   0   0   0   0   0   0   0   0   0   0 100   0   0   0   0   0   0  2.39 0.41
  218 I   -2 -3 -3 -3 -3 -3  0 -4 -3  5  0 -2  0 -2 -4 -2  0 -4 -3  4    2   1   0   0   0   0  10   0   0  46   1   1   1   0   0   1   4   0   0  32  0.60 0.19
  219 T   -2 -4 -2 -3 -3 -3 -3 -4 -4 -3 -4 -3 -3 -5 -3 -1  8 -5 -4 -2    0   0   0   0   0   0   0   0   0   0   0   0   0   0   0   0 100   0   0   0  1.83 0.40
  220 H   -4 -2 -2 -4 -6 -2 -3 -5 10 -6 -5 -3 -4 -2 -5 -4 -4 -4  2 -6    0   1   0   0   0   0   0   0  92   0   0   0   0   1   0   0   0   0   6   0  2.67 0.45
  221 H   -4 -3 -2 -4 -6 -2 -3 -5 11 -6 -6 -3 -4 -4 -5 -4 -4 -5 -1 -6    0   0   0   0   0   0   0   0 100   0   0   0   0   0   0   0   0   0   0   0  3.03 0.49
  222 N   -4 -3  8 -1 -5 -2 -3 -3  0 -6 -6 -2 -5 -6 -5 -2 -2 -6 -4 -5    0   0  98   0   0   0   0   0   1   0   0   0   0   0   0   0   0   0   0   0  2.16 0.41
  223 A    6 -3 -3 -4 -2 -3 -3 -2 -4 -3 -4 -3 -3 -4 -3  0  0 -5 -4 -2   92   0   0   0   0   0   0   0   0   0   0   0   0   0   0   2   6   0   0   1  1.27 0.31
  224 L   -3 -4 -6 -6 -3 -4 -5 -6 -5  0  6 -5  1 -1 -5 -5 -3 -4 -3 -1    0   0   0   0   0   0   0   0   0   0  99   0   1   0   0   0   0   0   0   0  1.40 0.30
  225 D   -4 -4  1  8 -6 -2  0 -1 -3 -5 -6 -2 -5 -6 -4 -2 -3 -6 -5 -5    0   0   4  89   0   0   1   4   0   0   0   1   0   0   0   1   0   0   0   0  1.78 0.34
  226 V   -2 -3 -4 -5 -3 -1 -4 -5 -4  3  1 -4  8 -2 -4 -3 -2 -4 -3  1    3   1   0   0   0   2   0   0   0  20   6   0  60   0   0   0   1   0   0   7  1.20 0.29
  227 D   -2 -2  0  5 -4  2  2 -2 -2 -4 -4  0 -3 -5  3 -1  0 -5 -4 -4    2   0   1  43   0  13  15   1   0   0   0   4   0   0  13   1   7   0   0   0  0.76 0.19
  228 R   -3 -1 -5 -5 -3 -3 -4 -5 -4  0  5 -3  7 -1 -5 -4 -3 -3 -3 -1    0   4   0   0   0   0   0   0   0   0  59   0  36   1   0   0   0   0   0   0  1.11 0.27
  229 Y   -4 -4 -5 -6 -5 -4 -5 -6 -1 -3 -3 -4 -3  5 -6 -4 -4  0  9 -3    0   0   0   0   0   0   0   0   0   0   0   0   0  21   0   0   0   0  79   0  2.14 0.38
  230 L   -3 -4 -5 -6 -3 -4 -5 -5 -4  0  5 -4  6 -1 -5 -4 -3 -3 -3 -1    0   0   0   0   0   0   0   0   0   0  76   0  23   1   0   0   0   0   0   0  1.20 0.28
  231 R   -4  8 -3 -4 -6 -1 -2 -5 -3 -6 -5  0 -4 -5 -5 -3 -4 -5 -4 -5    0 100   0   0   0   0   0   0   0   0   0   0   0   0   0   0   0   0   0   0  2.13 0.40
  232 I   -3 -5 -6 -5 -3 -5 -5 -6 -6  8  0 -5 -1 -2 -5 -5 -3 -5 -4  1    0   0   0   0   0   0   0   0   0  96   0   0   0   0   0   0   0   0   0   4  1.65 0.34
  233 A    7 -4 -4 -4 -3 -3 -3 -2 -4 -4 -4 -3 -3 -4 -3  0 -2 -5 -4 -2   98   0   0   0   0   0   0   0   0   0   0   0   0   0   0   2   0   0   0   0  1.45 0.34
  234 P   -3 -4 -4 -4 -5 -4 -4 -5 -5  2 -1 -3 -3 -5  8 -3 -2 -6 -5 -3    0   0   0   0   0   0   0   0   0  15   5   0   0   0  78   0   2   0   0   0  1.99 0.33
  235 E   -3 -2 -3 -1 -6  0  7 -5 -2 -6 -5 -1 -4 -6 -3 -2 -3 -5 -4 -5    0   0   0   0   0   0 100   0   0   0   0   0   0   0   0   0   0   0   0   0  1.93 0.39
  236 L   -4 -4 -6 -6 -3 -4 -5 -6 -5  0  6 -5  0 -1 -5 -5 -3 -4 -3 -1    0   0   0   0   0   0   0   0   0   0 100   0   0   0   0   0   0   0   0   0  1.44 0.31
  237 Y   -4 -4 -3 -5 -5 -3 -4 -5  6 -4 -4 -4 -3  1 -1 -4 -4  0  9 -4    0   0   1   0   0   0   0   0  18   0   0   0   0   3   3   0   0   0  75   0  1.92 0.37
  238 L   -4 -4 -6 -6 -3 -4 -5 -6 -5  0  6 -5  0 -1 -5 -5 -3 -4 -3 -1    0   0   0   0   0   0   0   0   0   0 100   0   0   0   0   0   0   0   0   0  1.44 0.31
  239 K   -3  0 -2 -3 -6 -1 -1 -4 -3 -5 -5  8 -4 -6 -3 -2 -3 -5 -4 -5    0   0   0   0   0   0   0   0   0   0   0 100   0   0   0   0   0   0   0   0  1.82 0.38
  240 R   -4  8 -3 -4 -6 -1 -2 -5 -3 -6 -5  0 -4 -5 -5 -3 -4 -5 -4 -5    0  99   0   0   0   0   0   0   0   0   0   1   0   0   0   0   0   0   0   0  2.10 0.39
  241 L   -4 -4 -6 -6 -3 -4 -5 -6 -5  0  6 -5  0 -1 -5 -5 -3 -4 -3 -1    0   0   0   0   0   0   0   0   0   0 100   0   0   0   0   0   0   0   0   0  1.44 0.31
  242 I   -2 -4 -5 -5 -3 -4 -4 -5 -5  4  1 -4  0 -2 -4 -3 -1 -4 -3  5    0   0   0   0   0   0   0   0   0  33  11   0   0   0   0   0   2   0   0  54  0.89 0.22
  243 V   -2 -5 -5 -5 -3 -4 -5 -5 -5  1 -1 -4 -1 -3 -5 -4 -2 -5 -3  7    0   0   0   0   0   0   0   0   0   2   0   0   0   0   0   0   1   0   0  98  1.52 0.34
  244 G   -2 -5 -3 -4 -5 -4 -4  7 -4 -6 -6 -4 -5 -5 -4 -2 -4 -5 -5 -5    0   0   0   0   0   0   0  99   0   0   0   0   0   0   0   1   0   0   0   0  2.04 0.35
  245 G   -2 -5 -3 -4 -5 -4 -4  7 -4 -6 -6 -4 -5 -5 -4 -2 -4 -5 -5 -6    0   0   0   0   0   0   0 100   0   0   0   0   0   0   0   0   0   0   0   0  2.06 0.35
  246 F   -4 -5 -5 -6 -4 -5 -5 -5 -4 -1  2 -5  3  8 -5 -4 -4 -1  1 -2    0   0   0   0   0   0   0   0   0   1  21   0   7  71   0   0   0   0   0   0  1.46 0.29
  247 E   -3 -2 -2  2 -6  0  7 -4 -2 -6 -5 -1 -4 -6 -3 -2 -3 -5 -4 -5    0   0   1   9   0   0  91   0   0   0   0   0   0   0   0   0   0   0   0   0  1.68 0.35
  248 A   -1  6 -2 -3 -5  0 -1 -4 -2 -5 -4  5 -3 -5 -3 -2 -3 -5 -4 -4    4  48   0   0   0   1   0   0   0   0   0  48   0   0   0   0   0   0   0   0  1.23 0.28
  249 I   -2 -5 -5 -5 -3 -4 -5 -5 -5  1 -1 -5 -1 -3 -5 -4 -2 -5 -3  7    0   0   0   0   0   0   0   0   0   2   0   0   0   0   0   0   0   0   0  98  1.55 0.34
  250 F   -4 -5 -5 -6 -5 -5 -5 -5 -2 -3 -2 -5 -2  7 -6 -4 -4  0  7 -3    0   0   0   0   0   0   0   0   0   0   0   0   0  60   0   0   0   0  40   0  1.85 0.34
  251 E   -3 -2 -3 -1 -6  0  7 -5 -2 -6 -5 -1 -4 -6 -3 -2 -3 -5 -4 -5    0   0   0   0   0   0 100   0   0   0   0   0   0   0   0   0   0   0   0   0  1.93 0.39
  252 L   -3 -5 -5 -5 -3 -5 -5 -6 -5  7  1 -5  1 -2 -5 -4 -3 -5 -3  1    0   0   0   0   0   0   0   0   0  86   8   0   2   0   0   0   0   0   0   4  1.36 0.29
  253 N   -3 -3  7 -1 -5 -2 -3  3 -2 -6 -6 -2 -4 -5 -4 -1 -2 -6 -4 -5    0   0  74   0   0   0   0  25   0   0   0   0   0   0   0   1   0   0   0   0  1.55 0.32
  254 R   -4  8 -3 -4 -6 -1 -2 -5 -3 -5 -5  1 -4 -5 -5 -3 -3 -5 -4 -5    0  98   0   0   0   0   0   0   0   0   0   2   0   0   0   0   0   0   0   0  2.06 0.39
  255 N   -3 -3  7 -1 -4 -2 -3 -3 -2 -2 -4 -2 -3 -4 -4  0 -1 -6 -4  2    0   0  74   1   0   0   0   0   0   1   0   0   0   0   0   4   1   0   0  18  1.28 0.30
  256 F   -5 -5 -5 -6 -5 -6 -6 -6 -3 -2 -2 -6 -1  9 -6 -5 -4 -1  2 -3    0   0   0   0   0   0   0   0   0   0   1   0   1  95   0   0   0   0   4   0  2.22 0.38
  257 R   -4  8 -3 -4 -6 -1 -2 -5 -3 -6 -5  0 -4 -5 -5 -3 -4 -5 -4 -5    0 100   0   0   0   0   0   0   0   0   0   0   0   0   0   0   0   0   0   0  2.13 0.40
  258 N   -4 -3  9 -1 -5 -2 -3 -3 -2 -6 -6 -3 -5 -6 -5 -2 -2 -6 -5 -5    0   0 100   0   0   0   0   0   0   0   0   0   0   0   0   0   0   0   0   0  2.23 0.42
  259 E   -3 -2 -3 -1 -6  0  7 -5 -2 -6 -5 -1 -4 -6 -3 -2 -3 -5 -4 -5    0   0   0   0   0   0 100   0   0   0   0   0   0   0   0   0   0   0   0   0  1.93 0.39
  260 G   -2 -5 -3 -4 -5 -4 -4  7 -4 -6 -6 -4 -5 -5 -4 -2 -4 -5 -5 -6    0   0   0   0   0   0   0 100   0   0   0   0   0   0   0   0   0   0   0   0  2.06 0.35
  261 M   -2 -4 -5 -5 -3 -4 -4 -5 -4  4  3 -4  3 -1 -4 -4 -2 -4 -3  3    0   0   0   0   0   0   0   0   0  36  32   0   8   0   0   0   1   0   0  23  0.73 0.18
  262 D   -1 -3 -1  1 -3 -2 -2 -2 -3 -5 -5 -2 -4 -5 -3  7 -1 -5 -4 -4    0   0   0   8   0   0   0   0   0   0   0   0   0   0   0  92   0   0   0   0  1.39 0.35
  263 H   -1 -3 -2 -3 -3 -3 -3 -4  1  1 -2 -3 -2 -3  3 -1  6 -4 -1  1    2   0   0   0   0   0   0   0   4   7   0   0   0   0  13   1  61   0   2  10  0.80 0.24
  264 S   -3  7 -2 -3 -5  1 -2 -4 -2 -5 -4  2 -3 -3 -4 -1 -2 -5 -3 -5    0  80   0   0   0   3   0   0   0   0   0  11   0   1   0   4   1   0   1   0  1.49 0.31
  265 H   -4 -3 -2 -4 -6 -2 -3 -5 11 -6 -6 -3 -4 -4 -5 -4 -4 -5 -1 -6    0   0   0   0   0   0   0   0 100   0   0   0   0   0   0   0   0   0   0   0  3.03 0.49
  266 N   -4 -3  9 -1 -5 -2 -3 -3 -2 -6 -6 -3 -5 -6 -5 -2 -2 -6 -5 -5    0   0 100   0   0   0   0   0   0   0   0   0   0   0   0   0   0   0   0   0  2.23 0.42
  267 P   -3 -5 -5 -4 -5 -4 -4 -5 -5 -5 -6 -4 -5 -6  9 -3 -4 -6 -6 -5    0   0   0   0   0   0   0   0   0   0   0   0   0   0 100   0   0   0   0   0  2.96 0.44
  268 E   -3 -2 -3 -1 -6  0  7 -5 -2 -6 -5 -1 -4 -6 -3 -2 -3 -5 -4 -5    0   0   0   0   0   0 100   0   0   0   0   0   0   0   0   0   0   0   0   0  1.93 0.39
  269 F   -5 -5 -6 -6 -5 -6 -6 -6 -4 -3 -2 -6 -2  9 -6 -5 -5 -1  1 -3    0   0   0   0   0   0   0   0   0   0   0   0   0 100   0   0   0   0   0   0  2.38 0.41
  270 S   -2 -3 -2 -3 -3 -3 -3 -4 -4 -3 -4 -3 -3 -5 -3  0  7 -5 -4 -2    0   0   0   0   0   0   0   0   0   0   0   0   0   0   0   2  98   0   0   0  1.76 0.39
  271 M   -3 -4 -5 -6 -4 -3 -5 -5 -4 -1  0 -4 10 -3 -5 -2 -2 -4 -4 -2    0   0   0   0   0   0   0   0   0   1   2   0  93   0   0   3   2   0   0   0  2.25 0.45
  272 I   -3 -4 -5 -5  0 -3 -4 -5 -4  4  3 -4  6 -1 -4 -4 -2 -3 -3  1    0   0   0   0   2   0   0   0   0  29  36   0  27   0   0   0   0   0   0   6  0.81 0.21
  273 E   -3 -2 -3 -1 -6  0  7 -5 -2 -6 -5 -1 -4 -6 -3 -2 -3 -5 -4 -5    0   0   0   0   0   0 100   0   0   0   0   0   0   0   0   0   0   0   0   0  1.93 0.39
  274 F   -4 -4 -5 -5 -4 -4 -5 -5 -3 -1  3 -5  0  7 -5 -4 -3  0  2 -1    0   0   0   0   0   0   0   0   0   1  37   0   0  55   0   0   0   1   5   1  1.17 0.25
  275 Y   -4 -4 -5 -6 -5 -4 -5 -6 -1 -4 -4 -5 -4  1 -6 -4 -4  0 10 -4    0   0   0   0   0   0   0   0   0   0   0   0   0   0   0   0   0   0 100   0  2.67 0.46
  276 W   -2 -1 -3 -2 -5  6  4 -4 -2 -3 -3 -1  4 -3 -4 -2 -3  6 -2 -4    1   0   0   0   0  42  27   0   0   0   0   0  15   0   0   0   0  14   0   0  1.08 0.28
  277 A    7 -4 -4 -4 -3 -3 -3 -1 -4 -4 -4 -3 -3 -4 -3 -1 -2 -5 -4 -2   98   0   0   0   0   0   0   1   0   0   0   0   0   0   0   0   0   0   0   0  1.45 0.34
  278 Y   -4 -4 -4 -6 -5 -2 -4 -6  0 -4 -4 -4 -3  2 -6 -4 -4  0  9 -4    0   0   1   0   0   2   0   0   1   0   0   0   0   4   0   0   0   0  94   0  2.40 0.42
  279 K    6 -2 -3 -4 -1 -1 -3 -1  0 -3 -3 -1 -3 -4 -3  0  0 -4 -3 -1   83   2   0   0   0   2   0   2   2   0   0   2   0   0   0   1   3   0   0   1  0.99 0.27
  280 T   -3 -3  1  7 -5 -2  0 -3 -3 -5 -5 -3 -5 -5 -3 -2  2 -6 -5 -4    0   1   6  76   0   0   1   1   0   0   0   0   0   0   0   0  15   0   0   0  1.43 0.30
  281 Y   -4 -4 -4 -6 -5 -4 -5 -6  2 -4 -3 -4 -3  3 -5 -4 -4  0  9 -3    0   0   0   0   0   0   0   0   3   0   0   0   0  11   0   0   0   0  85   0  2.19 0.39
  282 E   -2  2  2 -1 -4  1  2 -3  6 -2 -4  2 -2 -3 -3 -1 -1 -2  0 -3    1  13  13   0   0   5  17   0  24   2   0  18   0   0   0   0   3   0   2   0  0.55 0.16
  283 D   -4 -3  0  7 -5 -2  0 -2 -2 -5 -5 -3 -5 -5 -4 -2 -3 -1  0 -4    0   0   1  86   0   1   2   2   0   0   0   0   0   0   0   1   1   1   4   1  1.62 0.32
  284 L   -2 -4 -2 -5 -3 -3 -4 -5 -4  3  5 -4  4 -1 -4 -4 -2 -3 -3  0    2   0   2   0   0   1   0   0   0  18  63   0  12   0   0   0   0   0   0   1  0.81 0.21
  285 I   -3 -4 -5 -6 -4 -3 -5 -5 -4  2  0 -4 10 -2 -5 -4 -3 -4 -4 -1    0   0   0   0   0   0   0   0   0  13   1   0  86   0   0   0   0   0   0   0  2.10 0.42
  286 T   -1 -1  2  6 -4 -1  2 -2 -2 -4 -4  0 -3 -5 -3  0 -1 -5 -4 -2    4   2  10  53   0   1  14   0   0   0   0   5   1   0   0   3   3   0   0   5  0.78 0.19
  287 L   -3 -3 -1 -5 -3 -3 -4 -5 -4  0  5 -4  2  2 -5 -4 -3 -3 -1 -1    0   1   3   0   0   0   0   0   0   2  77   0   3  11   0   0   0   0   1   1  0.90 0.23
  288 T   -2 -3 -2 -3 -2 -3 -3 -4 -4 -3 -3 -3 -3 -4 -3  0  7 -5 -4 -1    1   0   0   0   0   0   0   0   0   0   0   0   0   0   0   2  95   0   0   2  1.62 0.37
  289 Q   -3 -2 -2 -1 -6  0  7 -4 -2 -6 -5 -1 -4 -6 -3 -2 -3 -5 -4 -5    0   0   0   0   0   2  97   0   0   0   0   2   0   0   0   0   0   0   0   0  1.81 0.37
  290 E    0 -1  3  3 -4  1  4 -1 -1 -4 -4  0 -3 -4 -2  1 -1 -4 -3 -3    6   2  15  17   0   6  36   3   0   0   0   4   0   0   0   8   2   0   0   0  0.54 0.15
  291 L   -3 -4 -5 -5 -1 -3 -4 -5 -4  0  5 -4  7 -1 -5 -4 -2 -3 -3  0    0   0   0   0   1   0   0   0   0   2  57   0  37   1   0   0   0   0   0   2  1.11 0.27
  292 F   -3 -4 -5 -5 -2 -4 -4 -5 -4  4  3 -4  1  5 -4 -4 -2 -2  0  1    0   0   0   0   0   0   0   0   0  26  32   0   2  30   0   0   0   0   0   9  0.71 0.18
  293 A    2  5 -1 -1  1  0 -1 -2 -1 -3 -3  0 -3 -4 -3  2 -1 -4 -2 -2   19  47   1   2   3   2   1   2   1   0   0   2   0   0   0  15   3   0   1   1  0.58 0.18
  294 F   -1  0  0 -1 -3  0  1  0  5 -3 -3  0 -2 -2 -3  0  2  0  3 -3    3   5   3   2   0   4   8   9  24   0   0   6   0   1   0   7  17   1  11   0  0.37 0.13
  295 L   -1 -4 -4 -5 -2 -3 -4 -5 -4  4  3 -4  1 -1 -4 -3 -1 -4 -2  3    4   0   0   0   0   0   0   0   0  29  39   0   2   0   0   0   2   0   0  24  0.61 0.16
  296 F    5 -3 -3 -4  3 -3 -3 -2 -3 -2 -2 -2 -2 -2 -3  0  1 -4 -3 -1   74   0   0   0   5   0   0   0   0   0   3   0   0   2   0   2   9   0   0   4  0.82 0.24
  297 K   -1  1  0  0 -4  4  3 -2  0 -1  0  2  0 -3 -3 -1 -1 -4 -3 -2    2   6   3   4   0  30  19   1   2   5   9  12   3   1   0   0   3   0   0   1  0.36 0.13
  298 K   -1  0  1  3 -4  1  4 -3 -1 -4 -3  2 -3 -4 -2  0  0 -4 -3 -3    4   2   5  22   0   4  33   0   1   0   1  17   0   0   0   4   6   0   0   0  0.54 0.15
  299 L    0 -4 -5 -5 -3 -3 -4 -5 -5  3  1 -4  0 -2 -4 -3 -2 -4 -3  6    5   0   0   0   0   0   0   0   0  10   9   0   0   0   0   0   1   0   0  75  0.96 0.24
  300 N   -2 -3  0 -4  3 -3 -4 -3  1  0  5 -3  0  0 -4 -3 -1 -3 -1 -1    0   0   5   0   7   0   0   1   4   2  69   1   0   3   0   1   4   0   1   1  0.63 0.19
  301 L   -2 -4 -2 -1 -5 -3 -3  7 -3 -5 -3 -3 -4 -5 -4 -2 -3 -5 -5 -5    0   0   1   3   0   1   2  89   0   0   4   0   0   0   0   0   0   0   0   0  1.58 0.29
  302 P   -1 -1  0 -1 -3 -1 -2 -1 -2 -3 -3 -1 -3 -4  0  3  5 -4 -3 -2    1   2   3   2   0   1   0   4   1   0   0   3   0   0   4  29  51   0   0   1  0.69 0.22
  303 H    0 -1 -1 -2 -3  0 -1 -2 -1 -2 -1 -1  1 -3 -1  1  5 -2 -2 -2    7   1   2   1   0   4   3   1   1   0   6   4   5   0   2   5  58   0   0   0  0.55 0.20
  304 S   -1  0  0  1 -2  2  1 -3 -1  0 -1  2 -1 -3 -2  0  2 -4 -2  1    2   2   2   6   0  10  12   0   0   6   3  20   1   0   0   4  16   0   0  15  0.19 0.09
  305 L   -2 -4 -5 -5 -3 -4 -4 -5 -4  4  1 -4  1  1 -4 -4 -2 -4 -2  4    0   0   0   0   0   0   0   0   0  34  11   0   2   8   0   0   0   0   0  44  0.76 0.19
  306 I   -1 -1  0 -1 -3  2  2 -3  2 -2 -3  0 -1 -3  3  1  3 -4 -2  0    1   1   2   2   0  13  12   0   7   2   0   5   1   0  15   7  24   0   1   6  0.35 0.12
  307 H   -4 -4 -3 -5 -4 -4 -4 -5  1 -4 -3 -4 -3  1 -5 -3 -4  0  9 -3    1   0   1   0   0   0   1   0   2   0   1   0   0   2   0   1   0   0  91   0  2.22 0.40
  308 D   -2 -2  0 -1 -5  6  1  4 -2 -5 -5 -1 -3 -5 -3 -2 -3 -4 -4 -4    1   0   4   3   0  51   6  36   0   0   0   0   0   0   0   0   0   0   0   0  1.04 0.26
  309 E   -2 -3 -1  3 -5 -1  3  5 -3 -5 -5 -2 -4 -5 -3 -2 -2 -5 -4 -5    0   0   1  17   0   1  24  56   0   0   0   0   0   0   0   0   2   0   0   0  0.99 0.22
  310 L   -1  0  0  1 -2  3  2 -3  3 -2 -2  0  0 -2 -2  0  0 -3  1 -1    2   5   3   6   1  18  20   0  10   1   3   5   3   1   0   3   7   0   7   5  0.24 0.10
  311 E   -1  0 -1  1 -3  1  4 -3 -1 -1 -2  0  0 -4 -1  0  2 -4 -3  0    3   3   1   6   0   5  40   0   1   3   1   2   2   0   2   3  18   0   0  10  0.38 0.14
  312 I   -3 -4 -4 -5 -3 -4 -4 -5 -2  5  1 -4  0  4 -4 -4 -2 -2  3  2    0   0   0   0   0   0   0   0   1  41  10   0   1  20   0   0   0   0  13  15  0.68 0.18
  313 D   -3 -3  2  7 -4 -1  1 -3  1 -5 -6 -2 -5 -5 -3 -1 -3 -6 -4 -5    0   0   8  79   0   1   5   0   3   0   0   0   0   0   0   4   0   0   0   0  1.50 0.30
  314 F   -4 -4 -5 -6 -4 -5 -5 -5 -4 -1  4 -5 -1  7 -5 -4 -4 -2  0 -2    0   0   0   0   0   0   0   0   0   0  46   0   0  54   0   0   0   0   0   0  1.26 0.27
  315 S    2 -2 -1 -2 -3  0  0  4 -2 -3 -4  0 -3 -3 -3  2  2 -4 -3 -3   15   0   2   0   0   3   4  37   1   0   0   5   0   1   0  15  17   0   0   0  0.49 0.14
  316 Q   -2 -3 -3 -2 -5 -1 -2 -3 -4 -5 -5  0 -4 -6  8 -2 -3 -6 -5 -5    2   0   1   1   0   3   1   2   0   0   0   7   0   0  82   1   0   0   0   0  2.11 0.34
  317 W   -5 -5 -6 -6 -5 -5 -5 -5 -4 -3 -3 -5 -3  7 -5 -5 -4 10  2 -4    0   0   0   0   0   0   0   0   0   0   0   0   0  52   0   0   1  42   5   0  2.24 0.36
  318 H    1  2  0  0 -2  1  1 -2  1 -1 -2  2 -1 -3  0  0  1 -4 -2 -1   18  16   2   6   1   3  12   0   3   3   1  13   1   0   3   2  12   0   0   4  0.20 0.08
  319 I   -3  7 -3 -4 -3  0 -2 -4 -2 -3 -4  2 -3 -5 -4 -3 -3 -5 -4 -2    0  85   0   0   1   2   0   0   0   1   0   8   0   0   0   0   0   0   0   2  1.59 0.32
  320 I   -2 -3 -4 -5 -3 -3 -4 -5 -4  3  4 -3  5  0 -4 -4 -2 -1 -2  2    0   0   0   0   0   0   0   0   0  19  45   0  23   2   0   0   0   1   0   9  0.74 0.19
  321 G   -1 -2 -1 -2 -3 -2 -2 -2  4 -3 -4 -2 -3 -4  2  3  5 -4 -3 -3    1   0   0   0   0   0   0   1  13   0   0   1   0   0   9  28  46   0   0   0  0.78 0.24
  322 Y   -3 -4 -4 -5 -3 -3 -4 -5 -4  2  1 -4  8  1 -5 -4 -2 -3  1  3    0   0   0   0   0   0   0   0   0   8   5   0  53   5   0   0   0   0   4  24  1.06 0.27
  323 K   -1  1 -2 -2 -3 -1 -1 -3  2  0  1  2  0  2 -3 -2  0 -3 -1  2    2  10   1   1   0   0   1   0   7   2  15  17   0  10   0   1   6   0   1  26  0.17 0.10
  324 E   -3 -2  0  6 -5  1  5 -2 -2 -5 -5 -1 -4 -5 -3 -2 -3 -5 -4 -5    0   0   1  45   0   6  44   1   0   0   0   2   0   0   0   0   0   0   0   0  1.16 0.26
  325 A    5 -3 -3 -3 -2 -2 -2 -1 -3 -2 -2 -2 -3 -4 -3  3 -1 -4 -4 -2   69   0   0   0   0   0   0   2   0   2   2   0   0   0   0  25   0   0   0   0  0.88 0.25
  326 L   -3 -5 -5 -5 -3 -4 -5 -6 -5  6  1 -4  0 -2 -5 -4 -2 -4 -3  3    0   0   0   0   0   0   0   0   0  71  11   0   0   0   0   0   0   0   0  17  1.12 0.25
  327 I   -1  1 -2 -2  2  0  1 -3 -1  0  2  3  0 -2 -3 -2 -1 -3 -2  0    2   5   1   0   5   4   7   0   2   4  32  33   0   0   0   0   1   0   0   4  0.29 0.13
  328 K   -2  0 -1 -1 -5  2  4 -3  4 -4 -4  4 -3 -4 -3 -1 -2 -4 -2 -4    2   3   0   1   0  10  31   0  15   0   0  36   0   0   0   1   1   0   0   0  0.75 0.20
  329 I   -1 -3 -3 -4 -3 -3 -2 -4  3  1 -2 -3 -2  4 -4 -3 -2  0  7  0    6   0   0   0   0   0   2   0   8   8   0   1   0  14   0   0   1   0  53   6  1.03 0.24
  330 G    0  1  4 -1 -2 -1 -2  2  2 -3 -3 -1 -2 -3 -2  0  2 -4 -2 -1    9   7  28   0   1   1   0  20   6   0   1   0   0   0   1   4  17   0   1   4  0.36 0.13
  331 G   -2 -4 -1  2 -5 -3 -2  5 -4 -5 -5 -3 -4 -5  6 -2 -3 -5 -5 -5    0   0   2  12   0   0   2  44   0   0   0   0   0   0  39   0   0   0   0   0  1.23 0.24
  332 L   -1 -3 -3 -3 -2 -2 -1 -4  0  4  2 -3  1  1 -3 -2 -1 -3  0  3    2   0   1   0   0   1   5   0   2  29  17   1   2   4   0   1   2   0   3  29  0.36 0.12
  333 D   -1 -1  0  5 -3 -1  0 -2 -1 -3 -3  0 -3 -3 -1  1  3 -4 -3 -2    2   2   3  40   0   1   2   1   1   0   2   5   0   1   3  12  24   0   0   2  0.52 0.16
  334 K    1 -1 -2 -1 -3 -2  0 -3 -2 -1  0  0  1  4  2 -1 -1 -2  1 -1   16   3   0   4   0   0   6   0   0   3   5   8   5  30  11   2   2   0   3   3  0.25 0.11
  335 N    2 -1  0  2 -3  0  3 -1 -1 -3 -3  0 -2 -2 -2  1 -1  5 -1 -3   22   2   4  10   0   1  30   2   1   0   0   3   0   1   1   9   2  10   2   0  0.40 0.13
  336 I   -1 -1  1  4 -4  3  2 -2 -2 -1 -3  1 -2 -2 -1  0 -1 -4 -3  0    3   0   4  28   0  22  10   1   0   6   0   9   0   2   1   4   3   0   0   7  0.37 0.13
  337 I   -2 -3 -3 -2 -3  0 -1 -4 -1  2  4 -2  0  0 -3 -3 -2 -3  1  2    0   0   1   2   0   4   5   0   1  14  52   1   0   1   1   0   0   0   5  12  0.41 0.14
  338 D    1 -1  1  3 -3  1  2 -2  0 -2 -1  1  2 -3 -2  0 -1 -3 -1 -2   12   2   9  21   0   5  14   0   2   1   3   9  12   0   0   5   2   0   2   1  0.24 0.10
  339 N   -2 -3  2  6 -4 -2  0 -2 -1 -4 -4 -2 -4 -4 -3  2  3 -5 -4 -3    0   0   7  49   0   0   2   1   1   0   0   1   0   0   0  20  19   0   0   0  0.83 0.21
  340 Q   -1  2 -1  2 -3  0  0 -2 -1  0  0  0  1  1 -1 -1 -1 -2  1  0    6  15   1  19   0   3   5   1   0   5  11   5   5   9   3   1   1   0   5   6  0.10 0.06
  341 D    1 -2  0  4 -5  0  5 -3 -1 -4 -4 -1 -4 -5 -2 -1 -2 -5 -4 -3   11   0   2  27   0   2  50   1   1   0   1   2   0   0   1   0   1   0   0   1  0.83 0.21
  342 A    0  1  0  0 -3  1  3 -1 -1 -3 -2  2 -2  0 -1  1 -1  1  0 -2   11   5   2   1   0   6  23   4   0   0   4  20   0   5   1   9   3   2   3   0  0.22 0.09
  343 L    5 -3 -3 -4  2 -3 -3 -2 -4 -1  1 -3  1 -3 -3 -1 -1 -4 -3  0   70   0   0   0   4   0   0   0   0   1  14   0   5   0   0   1   1   0   0   4  0.73 0.23
  344 L   -1  4 -2 -3  0  1 -1 -3  1  0 -1  2 -1 -2 -3 -1  0 -3  0  0    6  35   0   0   2   4   0   0   4   5   6  17   1   1   0   1   6   0   4   9  0.32 0.12
  345 S    4  0 -1  0 -2  1  2 -1 -2 -3 -3  1 -1 -4 -2  0 -1 -4 -3 -2   45   4   2   5   0   8  15   1   0   0   1  10   1   0   0   5   2   0   0   0  0.37 0.14
  346 F    0 -3 -3 -4 -2 -2 -2 -4 -1  3  3 -1  1  0 -3 -2 -1 -2  2  2    8   0   0   0   0   1   2   0   1  25  31   4   1   3   0   0   3   0   8  12  0.30 0.11
  347 L    6 -3 -4 -4  0 -3 -3 -2 -4 -1  1 -3 -2 -3 -3 -1 -2 -4 -3  0   78   0   0   0   2   0   0   0   0   3  12   0   0   0   0   0   0   0   0   5  0.88 0.26
  348 M   -1  2 -1 -1 -2  3  3 -3 -1 -3 -3  4 -1 -4 -3 -1 -1 -2 -3 -3    4   9   2   2   1  12  21   1   1   1   1  42   1   0   0   1   2   0   0   0  0.58 0.17
  349 S    0  2  0  1 -3  1  3  0  0 -4 -4  2 -3 -4 -2  2 -1 -4 -3 -3    6  11   4   6   0   5  24   6   1   0   0  19   0   0   0  19   0   0   0   0  0.38 0.12
  350 K   -2  0 -2 -4 -3 -2 -2 -4  4  1  4  1  1  0 -4 -3 -2 -3 -1  0    2   4   1   0   0   1   0   0  17   6  49   9   2   2   0   0   0   0   1   4  0.42 0.15
  351 H   -2 -3  1  0 -4 -2 -1  6  3 -5 -5  1 -4 -5 -3 -2 -3 -4 -4 -5    0   0   8   3   0   1   3  67   8   0   0   9   0   0   0   1   0   0   0   0  1.05 0.22
  352 L   -1 -4 -4 -4 -3 -2 -1 -4 -4  5  1 -3  0 -1 -4 -3 -2 -4 -3  3    4   0   0   0   0   2   6   0   0  51  12   0   1   1   0   0   0   0   0  23  0.63 0.18
  353 K   -1  0  0  2 -4  1  3 -3  1 -4 -4  3 -3 -4  3 -1 -1 -4 -2 -3    4   2   2   9   0   5  28   0   5   0   0  24   0   0  14   1   3   0   0   0  0.51 0.14
  354 V   -1 -4 -4 -4 -2 -3 -4 -4 -2  3  2 -4  0  0 -1 -3 -1 -3  0  4    3   0   0   0   0   0   0   0   1  21  18   0   0   2   3   0   2   0   4  45  0.53 0.16
  355 D   -1  0  0  1 -4  2  4 -2  0 -3 -2  3 -1 -3  0 -1  0 -4 -3 -2    2   3   4   5   0   8  31   1   1   1   3  29   1   0   4   1   4   0   0   2  0.43 0.14
  356 K    0 -1  0  3 -4  0  3 -1 -1 -4 -4  2 -3 -4  4  0 -1 -4 -3 -3    8   0   2  17   0   1  21   5   1   0   0  18   0   0  21   3   2   0   0   1  0.52 0.14
  357 S    0 -1  2  0 -2 -1 -1  2  3 -2 -3  0 -2  0 -2  2  1 -3 -1 -2    3   1  11   5   0   1   2  20   9   2   0   5   0   5   0  25   9   0   1   0  0.26 0.10
  358 M   -1 -3 -3  1 -4 -2  1 -4  1 -1 -1 -3  5  0 -3 -2 -1  9  2 -2    6   0   0   9   0   0   9   0   3   2   3   0  19   2   1   2   3  31   8   1  0.88 0.21
  359 S   -1 -2 -2 -2 -2 -1  0  5 -3 -4 -4  1 -3 -4 -1  1  2 -4 -4 -3    2   0   0   0   0   2   5  54   0   0   1   8   0   0   2  11  14   0   0   0  0.70 0.18
  360 Y   -2 -1 -4 -4  1 -2 -3 -4  0  1  3 -1  0  2 -2 -3 -2  2  3  1    1   5   0   0   4   0   0   0   3   6  47   3   0   7   2   0   1   3  12   6  0.37 0.13
  361 G   -2 -5 -3 -3 -5 -4 -4  7 -4 -6 -6 -4 -5 -5 -3 -2 -4 -5 -5 -5    1   0   0   1   0   0   0  98   0   0   0   0   0   0   1   0   0   0   0   0  1.97 0.34
  362 K   -1  2 -1 -1 -4  1  0 -1  5 -4 -4  5 -3 -4 -3  0 -1 -4 -2 -4    3  11   0   2   0   4   5   4  19   0   0  46   0   0   0   5   2   0   0   0  0.67 0.19
  363 L   -2 -4 -5 -5 -3 -4 -4 -5 -4  5  3 -4  0 -1 -4 -4 -2 -4 -3  3    2   0   0   0   0   0   0   0   0  38  36   0   0   1   0   0   1   0   0  23  0.74 0.18
  364 L   -2 -2 -3 -3 -3  5 -1 -4  0  2  2 -1  0 -2 -4 -3 -2  1 -2  2    0   0   0   0   0  41   0   0   2  14  20   2   1   0   0   0   0   2   0  17  0.55 0.20
  365 G    0 -2  4 -1  1 -2 -1 -2 -2  2  0 -2  0 -3 -3  0  2 -4 -2 -1    9   0  33   0   4   0   4   1   0  15  10   0   2   0   0   2  18   0   0   2  0.32 0.14
  366 E    0 -2 -1  0 -4  0  6 -3 -2 -2 -2  1  0 -4 -3 -1 -1 -4 -3 -3    9   0   1   1   0   2  66   0   0   2   4   7   3   0   0   2   2   0   0   1  0.82 0.23
  367 A   -1 -4 -5 -5 -3 -4 -4 -5 -4  5  2 -4  0  4 -4 -3 -2 -3 -1  2    4   0   0   0   0   0   0   0   0  47  19   0   1  20   0   0   0   0   0   9  0.70 0.18
  368 F   -5 -5 -6 -6 -5 -6 -6 -6 -4 -3 -2 -6 -2  9 -6 -5 -5 -1  1 -3    0   0   0   0   0   0   0   0   0   0   0   0   0 100   0   0   0   0   0   0  2.39 0.41
  369 D   -3 -2 -2  3 -6  0  7 -1 -2 -5 -5 -1 -4 -5 -3 -2 -3 -5 -4 -5    0   0   0  18   0   0  78   4   0   0   0   0   0   0   0   0   0   0   0   0  1.40 0.31
  370 E    0 -1 -1 -1 -4  3  5 -3  0 -3 -2  2 -2 -4 -3 -1 -1 -4 -3 -3    7   0   2   0   0  13  51   0   2   1   5  12   1   0   0   0   4   0   0   1  0.63 0.19
  371 F   -2 -1 -2 -2 -1 -2 -2 -3 -2 -1  0  1 -1  2 -3 -1  4 -3 -1  1    0   2   0   2   1   0   0   0   0   0  11  14   1  13   0   1  38   0   2  15  0.33 0.15
  372 V    3 -4 -4 -4  0 -3 -3 -3 -4  1 -1 -3 -1 -3 -3 -2  0 -4 -3  5   32   0   0   0   1   0   0   0   0   2   0   0   0   0   0   0   5   0   0  59  0.76 0.23
  373 E   -3 -2 -3 -1 -6  0  7 -5 -2 -6 -5 -1 -4 -6 -3 -2 -3 -5 -4 -4    0   0   0   0   0   0  99   0   0   0   0   0   0   0   0   0   0   0   0   1  1.90 0.39
  374 H    0 -2 -1  1 -4  0  3 -2  6 -4 -4 -1 -3 -4  3  1 -1 -3 -1 -3    7   0   0   6   0   2  23   1  29   0   0   2   0   0  14  11   3   0   0   0  0.62 0.18
  375 K   -2  2  1 -2 -4  2  0 -3  4 -4 -2  4 -1 -3 -3 -1  1 -4 -2 -3    0  12   5   0   0  11   3   0  15   0   4  37   1   0   0   1   9   0   0   0  0.53 0.17
  376 L   -4 -4 -6 -6 -2 -4 -5 -6 -5  0  6 -5  0 -1 -5 -5 -3 -4 -3 -1    0   0   0   0   0   0   0   0   0   0 100   0   0   0   0   0   0   0   0   0  1.42 0.31
  377 I   -2 -1 -4 -1 -3 -2 -2 -5 -2  5  0 -2  3  0 -4 -3 -2  3 -2  2    0   3   0   4   0   2   3   0   1  57   2   3   9   4   0   0   0   4   0   7  0.58 0.19
  378 N   -3 -1  2  1 -5  8  1 -3  1 -5 -5 -1 -3 -5 -4 -2 -3 -4 -4 -5    1   0   8   7   0  76   6   0   2   0   0   0   0   0   0   0   0   0   0   0  1.43 0.33
  379 P   -3 -5 -5 -4 -5 -4 -4 -5 -5 -5 -6 -4 -5 -6  9 -3 -4 -6 -6 -5    0   0   0   0   0   0   0   0   0   0   0   0   0   0 100   0   0   0   0   0  2.96 0.44
  380 T   -2 -3 -2 -3 -3 -3 -3 -4  2 -2 -3 -3 -3 -4 -3 -1  7 -5 -4 -1    0   0   0   0   0   0   0   0   6   1   0   0   0   0   0   0  92   0   0   2  1.56 0.36
  381 F   -5 -5 -6 -6 -5 -6 -6 -6 -4 -3 -2 -6 -2  9 -6 -5 -5 -1  1 -3    0   0   0   0   0   0   0   0   0   0   0   0   0  99   0   0   0   0   1   0  2.36 0.40
  382 I   -3 -5 -5 -5 -3 -5 -5 -6 -5  7  0 -5 -1 -2 -5 -4 -2 -5 -3  3    0   0   0   0   0   0   0   0   0  79   3   0   0   0   0   0   0   0   0  17  1.30 0.28
  383 T   -2 -3 -3 -4 -3 -3 -3 -4 -2  2 -2 -3  2 -2 -3 -1  6 -2  4  0    0   0   0   0   0   0   0   0   0  11   1   0   7   0   0   0  58   0  20   3  0.84 0.25
  384 Q    1 -1 -1  3 -4  1  3  3  2 -4 -4 -1 -3 -4 -3 -1 -2 -4 -3 -3   14   1   0  18   0   4  27  25   7   0   1   0   0   0   0   1   0   0   0   0  0.52 0.15
  385 Y   -4 -4 -4 -5 -5 -3 -4 -5  6 -4 -4 -4 -3  1 -5 -4 -4 -1  9 -4    0   0   0   0   0   0   0   0  24   0   0   0   0   2   0   0   0   0  74   0  2.07 0.38
  386 P   -3 -5 -5 -4 -5 -4 -4 -5 -5 -5 -6 -4 -5 -6  9 -3 -4 -6 -6 -5    0   0   0   0   0   0   0   0   0   0   0   0   0   0 100   0   0   0   0   0  2.96 0.44
  387 I    3 -3 -3 -3 -2 -2 -3 -3 -3  2 -1 -1 -1 -1 -3 -1  3 -2 -2  3   30   0   0   0   0   0   0   0   0  10   2   2   0   2   0   1  25   0   0  26  0.40 0.16
  388 E   -1 -2 -2  3 -6  0  7 -4 -2 -5 -5 -1 -4 -5 -3 -2 -3 -5 -4 -3    3   0   0  13   0   0  82   0   0   0   0   0   0   0   0   0   0   0   0   2  1.43 0.32
  389 I   -2 -5 -5 -4 -3 -4 -5 -5 -5  5  0 -4 -1 -2 -4 -4 -1 -5 -3  5    0   0   0   0   0   0   0   0   0  44   0   0   0   0   0   0   1   0   0  54  1.08 0.26
  390 S   -1 -3 -2 -3 -3 -2 -2 -3 -3 -5 -5 -2 -4 -5 -3  7 -1 -5 -4 -4    0   0   0   0   0   0   0   0   0   0   0   0   0   0   0 100   0   0   0   0  1.62 0.38
  391 P   -3 -5 -5 -4 -5 -4 -4 -5 -5 -5 -6 -4 -5 -6  9 -3 -4 -6 -6 -5    0   0   0   0   0   0   0   0   0   0   0   0   0   0 100   0   0   0   0   0  2.96 0.44
  392 L   -4 -4 -6 -6 -3 -4 -5 -6 -5  0  6 -5  0 -1 -5 -5 -3 -4 -3 -1    0   0   0   0   0   0   0   0   0   0 100   0   0   0   0   0   0   0   0   0  1.44 0.31
  393 A    6 -3 -3 -4 -2 -3 -3 -2 -4 -3 -4 -3 -3 -4 -3  2 -2 -5 -4 -2   89   0   0   0   0   0   0   0   0   0   0   0   0   0   0  11   0   0   0   0  1.25 0.31
  394 R   -3  7 -2 -3 -5 -1 -2 -4 -2 -5 -4  4 -3 -5 -4 -3 -3 -5 -4 -5    0  71   0   0   0   0   0   0   0   0   0  29   0   0   0   0   0   0   0   0  1.51 0.31
  395 R   -1  7 -2 -3 -1 -1 -2 -3 -2 -5 -4  3 -3 -5 -2 -1 -2 -5 -4 -4    3  71   0   0   2   0   0   0   0   0   0  19   0   0   1   2   0   0   0   0  1.28 0.28
  396 N   -3 -2  7 -1 -4 -1 -2 -2 -1 -4 -4  1 -2 -5 -4  2 -2 -6 -4 -4    0   0  75   0   0   2   0   0   0   1   1   7   1   0   0  14   0   0   0   0  1.34 0.30
  397 D   -1 -2  0  7 -5 -1  2 -3 -1 -5 -5  0 -4 -4  2 -2 -2 -6 -4 -4    4   1   1  66   0   0   9   1   1   0   0   5   0   1   9   1   1   0   0   0  1.09 0.24
  398 E    0 -1  1  4 -4  2  4 -2  0 -3 -3  0 -2 -4 -2  0  0 -4 -3 -2    6   1   4  24   0   7  36   1   3   1   1   5   0   0   0   4   4   0   0   3  0.51 0.14
  399 N   -3 -2  6  5 -5 -1 -1 -3  1 -5 -5 -2 -4 -5 -4 -2 -2 -6 -4 -5    0   1  55  37   0   2   0   0   3   0   0   0   0   0   0   0   1   0   0   0  1.31 0.28
  400 P   -3 -4 -4 -2 -5 -3 -1 -4 -2 -5 -5 -2 -5 -6  8 -1 -3 -6 -5 -5    1   0   0   2   0   0   3   0   1   0   1   1   0   0  89   3   0   0   0   0  2.41 0.37
  401 N   -1  3  0  1 -3  0  3 -2 -1 -3 -2 -1 -2  4 -3 -1 -1 -2 -1 -3    4  19   4  10   0   2  25   1   1   0   1   0   0  27   0   4   2   0   0   0  0.40 0.15
  402 V   -3 -4 -5 -5 -3 -4 -4 -5 -3  4  1 -4  0  4 -4 -4 -2 -2  2  3    0   0   0   0   0   0   0   0   0  35   7   0   0  25   0   0   0   0   6  28  0.72 0.19
  403 A    0 -3 -2 -3 -1 -3 -3 -4 -4 -3 -3 -3 -3 -4 -3 -1  7 -5 -4 -1    6   0   0   0   1   0   0   0   0   0   0   0   0   0   0   0  91   0   0   2  1.51 0.35
  404 D   -4 -4 -1  7 -6 -2  2 -4 -3 -5 -6 -3 -5 -4 -4 -2 -3 -5  1 -5    0   0   0  83   0   0  10   0   0   0   0   0   0   0   0   1   0   0   6   0  1.65 0.32
  405 R   -4  8 -3 -4 -6 -1 -2 -5 -3 -6 -5  0 -4 -5 -5 -3 -4 -5 -4 -5    0 100   0   0   0   0   0   0   0   0   0   0   0   0   0   0   0   0   0   0  2.13 0.40
  406 F   -5 -5 -6 -6 -5 -6 -6 -6 -4 -3 -2 -6 -2  9 -6 -5 -5 -1  1 -3    0   0   0   0   0   0   0   0   0   0   0   0   0 100   0   0   0   0   0   0  2.37 0.41
  407 E   -3 -2 -3 -1 -6  0  7 -5 -2 -6 -5 -1 -4 -6 -3 -2 -3 -5 -4 -5    0   0   0   0   0   0 100   0   0   0   0   0   0   0   0   0   0   0   0   0  1.93 0.39
  408 L   -1 -4 -5 -5 -2 -4 -4 -4 -4 -1  4 -4  0  5 -5 -4 -3 -2  0 -1    6   0   0   0   1   0   0   0   0   0  56   0   1  35   0   0   0   0   0   2  0.88 0.22
  409 F   -5 -5 -5 -6 -5 -6 -6 -6 -3 -1 -2 -5 -2  9 -6 -5 -4 -1  3 -3    0   0   0   0   0   0   0   0   0   1   0   0   0  93   0   0   0   0   5   0  2.16 0.38
  410 I   -2 -5 -5 -5 -1 -4 -5 -5 -5  7  0 -4  0 -2 -5 -4 -2 -5 -3  3    2   0   0   0   1   0   0   0   0  74   0   0   1   0   0   0   0   0   0  22  1.19 0.27
  411 G    1 -3 -2 -3 -1 -3 -3  5 -3 -2 -3 -3 -1 -1 -3 -1  0 -3  2  2   11   0   0   0   1   0   0  48   0   0   0   0   1   2   0   1   7   0   8  19  0.58 0.17
  412 G    0 -1 -2 -3 -3 -3 -4  7 -4 -6 -5 -2 -4 -5 -4 -2 -3 -5 -5 -5    7   3   0   0   0   0   0  87   0   0   0   1   0   0   0   1   0   0   0   0  1.56 0.29
  413 K   -4  8 -2 -4 -3 -1 -2 -5 -2 -5 -4  1 -3 -5 -4 -3 -3 -1 -4 -5    0  93   1   0   1   0   0   0   0   0   0   3   1   0   0   0   0   1   0   0  1.86 0.36
  414 E   -3 -2 -3 -1 -6  0  7 -5 -2 -6 -5 -1 -4 -6 -3 -2 -3 -5 -4 -5    0   0   0   0   0   0 100   0   0   0   0   0   0   0   0   0   0   0   0   0  1.93 0.39
  415 I   -3 -4 -4 -4 -3 -3 -4 -5  5  5  2 -4  2 -2 -4 -3 -2 -4 -2  1    0   0   0   0   0   0   0   0  17  52  16   0   7   0   0   0   1   0   0   7  0.76 0.21
  416 A    6 -3 -3 -4 -3 -3 -3  2 -4 -4 -4 -3 -3 -4 -3  0 -2 -5 -4 -2   83   0   0   0   0   0   0  16   0   0   0   0   0   0   0   1   0   0   0   0  1.15 0.29
  417 N   -4 -3  9 -1 -5 -2 -3 -3 -2 -6 -6 -3 -5 -6 -5 -2 -2 -6 -5 -5    0   0 100   0   0   0   0   0   0   0   0   0   0   0   0   0   0   0   0   0  2.23 0.42
  418 G    4 -4 -3 -3 -3 -3 -3  6 -4 -4 -4 -3 -4 -5 -3 -1 -3 -4 -4 -3   41   0   0   0   0   0   0  59   0   0   0   0   0   0   0   0   0   0   0   0  1.19 0.26
  419 F   -5 -5 -6 -6 -5 -6 -6 -6 -3 -3 -2 -6 -2  9 -6 -5 -5 -1  2 -3    0   0   0   0   0   0   0   0   0   0   0   0   0  97   0   0   0   0   3   0  2.30 0.40
  420 S   -1 -3 -1 -2 -3 -2 -2 -2 -3 -4 -4 -2 -3 -5 -3  6  2 -5 -4 -3    0   0   1   0   0   0   0   0   0   0   0   0   0   0   0  85  14   0   0   0  1.27 0.33
  421 E   -3 -2 -3 -1 -6  0  7 -5 -2 -6 -5 -1 -4 -6 -3 -2 -3 -5 -4 -5    0   0   0   0   0   0 100   0   0   0   0   0   0   0   0   0   0   0   0   0  1.93 0.39
  422 L   -4 -4 -6 -6 -3 -4 -5 -6 -5  0  6 -5  0 -1 -5 -5 -3 -4 -3 -1    0   0   0   0   0   0   0   0   0   0 100   0   0   0   0   0   0   0   0   0  1.44 0.31
  423 N   -4 -3  9 -1 -5 -2 -3 -3 -2 -6 -6 -3 -5 -6 -5 -2 -2 -6 -5 -5    0   0 100   0   0   0   0   0   0   0   0   0   0   0   0   0   0   0   0   0  2.23 0.42
  424 D   -4 -4 -1  8 -6 -3 -1 -4 -3 -6 -6 -3 -6 -6 -4 -3 -3 -7 -6 -6    0   0   0 100   0   0   0   0   0   0   0   0   0   0   0   0   0   0   0   0  2.20 0.39
  425 P    4 -4 -4 -4 -4 -3 -3 -3 -4 -4 -4 -3 -4 -5  7 -1 -2 -5 -4 -3   42   0   0   0   0   0   0   0   0   0   0   0   0   0  57   1   0   0   0   0  1.57 0.30
  426 I   -2 -2 -3 -1 -4  1  5 -4 -3  4 -1 -2 -1 -2 -3 -2 -2 -4 -3  1    1   0   0   1   0   4  51   0   0  31   4   0   1   1   0   0   0   0   0   7  0.67 0.21
  427 D   -4 -4  0  8 -6 -2  0 -4 -3 -6 -6 -3 -5 -6 -4 -2 -3 -7 -6 -6    0   0   1  97   0   0   2   0   0   0   0   0   0   0   0   0   0   0   0   0  2.12 0.38
  428 Q   -3 -1 -3 -3 -6  9 -1 -4 -2 -6 -5 -1 -3 -6 -4 -3 -3 -5 -4 -5    0   0   0   0   0 100   0   0   0   0   0   0   0   0   0   0   0   0   0   0  2.23 0.45
  429 F    4  4 -1 -1 -3 -1 -1 -2 -2 -3 -2  2 -2 -2 -3 -1 -2 -4 -2 -2   49  25   1   4   0   0   1   0   0   0   3  15   0   1   0   0   0   0   1   0  0.55 0.19
  430 E    1 -1 -1  0 -3  3  5 -1 -2 -4 -3 -1 -2 -5 -3 -1 -2 -4 -4 -3   11   2   1   2   1  14  58   5   0   0   1   1   1   0   0   2   0   0   0   1  0.78 0.22
  431 R   -4  8 -3 -4 -6 -1 -2 -5 -3 -6 -5  0 -4 -5 -5 -3 -4 -5 -4 -5    0 100   0   0   0   0   0   0   0   0   0   0   0   0   0   0   0   0   0   0  2.13 0.40
  432 F   -5 -5 -6 -6 -5 -6 -6 -6 -4 -3 -2 -6 -2  9 -6 -5 -5 -1  1 -3    0   0   0   0   0   0   0   0   0   0   0   0   0 100   0   0   0   0   0   0  2.39 0.41
  433 K   -1  2 -1  0 -4  2  3 -3  0 -1  1  2  2 -3 -3 -1 -2 -4 -2 -2    4  15   0   3   0   8  26   0   3   2  15  16   7   0   0   1   0   0   0   1  0.31 0.12
  434 E    4 -1 -1  1 -3  2  2 -2 -2 -3 -3  2 -2 -4 -2  0 -1 -4 -3 -2   44   2   1   6   0   8  19   0   0   0   0  15   1   0   0   3   0   0   0   0  0.46 0.16
  435 Q   -3 -1 -3 -3 -6  9 -1 -4 -2 -6 -5 -1 -3 -6 -4 -3 -3 -5 -4 -5    0   0   0   0   0 100   0   0   0   0   0   0   0   0   0   0   0   0   0   0  2.23 0.45
  436 A    1 -4 -4 -5 -2 -4 -4 -4 -4  1  2 -4  2 -2 -4 -3 -2 -4 -3  5   11   0   0   0   0   0   0   0   0   2  18   0   4   0   0   0   0   0   0  65  0.77 0.22
  437 K    3  1  0  0 -1  1  2 -2 -2 -2 -2  2 -2 -4 -2  0 -1 -4 -3 -1   33   8   4   3   1   5  19   0   0   1   2  17   0   0   0   1   0   0   0   5  0.31 0.13
  438 A    3 -1 -2  0 -4  2  5 -2 -2 -4 -4  0 -1 -4 -3 -1 -2 -4 -3 -3   29   0   0   3   0  10  49   0   0   0   0   4   1   0   0   1   0   0   0   0  0.73 0.21
  439 K   -2  5 -2 -3 -5 -1 -1 -4 -3 -5 -4  6 -3 -4 -3 -2 -3 -5 -4 -4    1  28   0   0   0   0   0   0   0   0   0  71   0   1   0   0   0   0   0   0  1.34 0.30
  440 D    0 -2  0  5 -5  0  5 -2 -2 -4 -5 -1 -4 -5 -3 -1 -2 -5 -4 -4   11   1   3  35   0   1  45   2   0   0   0   1   0   0   0   1   0   0   0   0  0.90 0.22
  441 A    5 -2 -2 -2 -2  2  0 -1 -1 -3 -3  1 -3 -4 -3  0 -2 -4 -3 -2   68   0   1   1   0  10   5   1   1   0   1   7   0   0   0   3   0   0   0   1  0.69 0.22
  442 G   -2 -4 -2 -2 -5 -4 -4  7 -4 -6 -6 -4 -5 -5 -4 -2 -4 -5 -5 -5    0   0   0   1   0   0   0  97   0   0   0   0   0   0   0   1   0   0   0   0  1.94 0.33
  443 D   -4 -4  4  7 -6 -2 -1 -3 -3 -5 -6 -3 -5 -6 -4 -2 -3 -6 -5 -5    0   0  18  82   0   0   0   0   0   0   0   0   0   0   0   0   0   0   0   0  1.77 0.34
  444 E   -2 -3 -1  6 -5 -1  3 -3 -2 -4 -2 -1 -3 -5 -3 -2 -2 -5 -3 -4    2   0   0  64   0   2  22   0   0   0   5   1   1   0   0   1   0   0   1   0  1.12 0.25
  445 E   -3 -2 -3 -1 -6  0  7 -5 -2 -4 -5 -1 -4 -6 -3 -2 -3 -5 -4 -5    0   0   0   0   0   0  99   0   0   1   0   0   0   0   0   0   0   0   0   0  1.88 0.38
  446 A    6 -4 -4 -4 -3 -3 -3 -2 -2 -3 -4 -3 -3 -4 -3 -1 -2 -5 -4 -2   97   0   0   0   0   0   0   0   1   0   0   0   0   0   0   1   1   0   0   0  1.39 0.33
  447 Q   -3 -3 -3 -4 -4  1 -3 -5  7 -2 -1 -3  8 -3 -4 -3 -3 -4 -1 -3    0   0   0   0   0   6   0   0  36   0   0   0  56   0   1   1   0   0   0   0  1.64 0.36
  448 Y   -2 -2 -2 -3 -4 -1  1 -4  6 -2 -1 -3  4  4 -1 -2 -3 -2  4 -2    3   1   0   0   0   1  10   0  25   1   1   0  16  22   3   1   0   0  15   1  0.64 0.19
  449 M   -3 -3 -4 -5 -4 -3 -4 -5 -2 -2  0 -1  7  3 -5 -4 -3 -1  7 -2    0   0   0   0   0   0   0   0   0   0   3   3  40  11   0   0   0   0  43   0  1.35 0.31
  450 D   -4 -4 -1  8 -6 -3 -1 -4 -4 -6 -6 -3 -6 -6 -4 -3 -3 -7 -6 -6    0   0   0 100   0   0   0   0   0   0   0   0   0   0   0   0   0   0   0   0  2.22 0.39
  451 E    3 -2 -1  1 -4  0  5 -2  0 -4 -4 -1 -3 -4 -3 -1 -2 -4 -2 -3   32   0   2   7   0   1  49   2   2   0   0   1   0   0   0   2   0   0   1   0  0.69 0.21
  452 D   -4 -4 -1  8 -6 -3  0 -4 -3 -6 -6 -3 -6 -6 -4 -3 -3 -7 -6 -6    0   0   0  99   0   0   1   0   0   0   0   0   0   0   0   0   0   0   0   0  2.18 0.39
  453 Y   -4 -4 -5 -6 -5 -4 -5 -5 -1 -3 -3 -5 -3  6 -6 -4 -4  0  8 -3    0   0   0   0   0   0   0   0   0   0   0   0   0  36   0   0   0   0  64   0  1.94 0.36
  454 V   -2 -4 -5 -5 -3 -4 -5 -5 -5  6  1 -4  0 -2 -4 -4 -2 -4 -3  4    0   0   0   0   0   0   0   0   0  52   8   0   0   0   0   0   0   0   0  39  1.00 0.23
  455 W   -2  5  1 -2 -4  1  2 -3 -2 -2 -3  0 -1 -4 -3 -1  2  2 -3 -1    1  40   6   0   0   6  16   0   0   1   0   0   1   0   0   0  19   4   0   5  0.55 0.18
  456 A    6 -4 -4 -4 -2 -3 -3 -2 -4 -3 -4 -3 -3 -4 -3  0 -2 -5 -4 -2   97   0   0   0   0   0   0   0   0   0   0   0   0   0   0   2   0   0   0   1  1.42 0.34
  457 L   -3 -4 -6 -6 -3 -4 -5 -6 -5  0  6 -5  1 -1 -5 -5 -3 -4 -3 -1    0   0   0   0   0   0   0   0   0   0  99   0   1   0   0   0   0   0   0   0  1.41 0.30
  458 A   -2 -2 -2 -1 -6  0  7 -2 -2 -6 -5 -1 -4 -6 -3 -2 -3 -5 -4 -5    2   0   0   0   0   1  94   2   0   0   0   0   0   0   0   1   0   0   0   0  1.69 0.36
  459 H   -4 -4 -3 -5 -5 -3 -4 -5  7 -3 -4 -4 -3  1 -5 -4 -4 -1  8 -2    0   0   0   0   0   0   0   0  26   0   0   0   0   1   0   0   0   0  72   2  1.99 0.37
  460 G   -1 -5 -3 -3 -5 -4 -4  7 -4 -6 -6 -4 -5 -5 -4 -2 -4 -5 -5 -5    2   0   0   0   0   0   0  98   0   0   0   0   0   0   0   0   0   0   0   0  2.00 0.34
  461 M   -3 -4 -5 -6 -3 -3 -5 -5 -4 -1  4 -4  8 -2 -5 -4 -3 -4 -3 -1    0   0   0   0   0   0   0   0   0   0  45   0  55   0   0   0   0   0   0   0  1.44 0.32
  462 P   -3 -5 -5 -4 -5 -4 -4 -5 -5 -5 -6 -4 -5 -6  9 -3 -4 -6 -6 -5    0   0   0   0   0   0   0   0   0   0   0   0   0   0 100   0   0   0   0   0  2.96 0.44
  463 P   -3 -5 -5 -4 -5 -4 -4 -5 -5 -5 -6 -4 -5 -6  9 -2 -4 -6 -6 -5    0   0   0   0   0   0   0   0   0   0   0   0   0   0  98   2   0   0   0   0  2.88 0.43
  464 T    1 -3 -2 -3 -3 -3 -3 -4 -4 -3 -3 -3 -3 -4 -3 -1  7 -5 -4 -2   12   0   0   0   0   0   0   0   0   0   0   0   0   0   0   0  88   0   0   0  1.46 0.35
  465 A    5 -4 -3 -3 -3 -3 -3  4 -4 -4 -4 -3 -3 -4 -3 -1 -2 -4 -4 -2   65   0   0   0   0   0   0  34   0   0   0   0   0   0   0   0   0   0   0   0  1.06 0.26
  466 G   -2 -5 -3 -4 -5 -4 -4  7 -4 -6 -6 -4 -5 -5 -4 -2 -4 -5 -5 -6    0   0   0   0   0   0   0 100   0   0   0   0   0   0   0   0   0   0   0   0  2.06 0.35
  467 E   -3 -2 -3 -2  1  2  5 -4 -2 -2  3 -2  0 -3 -3 -2 -3 -4 -3 -2    0   0   0   0   4  12  44   0   0   0  38   0   1   0   0   0   0   0   0   0  0.68 0.22
  468 G   -2 -5 -3 -4 -5 -4 -4  7 -4 -6 -6 -4 -5 -5 -4 -2 -4 -5 -5 -6    0   0   0   0   0   0   0 100   0   0   0   0   0   0   0   0   0   0   0   0  2.06 0.35
  469 I   -3 -5 -5 -5 -3 -5 -5 -6 -5  7  0 -5 -1 -2 -5 -5 -3 -5 -3  1    0   0   0   0   0   0   0   0   0  94   4   0   0   0   0   0   0   0   0   2  1.58 0.33
  470 G   -2 -5 -3 -4 -5 -4 -4  7 -4 -6 -6 -4 -5 -5 -4 -2 -4 -5 -5 -6    0   0   0   0   0   0   0 100   0   0   0   0   0   0   0   0   0   0   0   0  2.06 0.35
  471 I   -3 -5 -5 -5 -3 -5 -5 -6 -6  7  0 -5 -1 -2 -5 -5 -3 -5 -3  2    0   0   0   0   0   0   0   0   0  93   1   0   0   0   0   0   0   0   0   6  1.59 0.33
  472 D   -4 -4 -1  8 -6 -3 -1 -4 -4 -6 -6 -3 -6 -6 -4 -3 -3 -7 -6 -6    0   0   0 100   0   0   0   0   0   0   0   0   0   0   0   0   0   0   0   0  2.22 0.39
  473 R   -4  8 -3 -4 -6 -1 -2 -5 -3 -6 -5  0 -4 -5 -5 -3 -4 -5 -4 -5    0 100   0   0   0   0   0   0   0   0   0   0   0   0   0   0   0   0   0   0  2.13 0.40
  474 L   -3 -4 -5 -6 -3 -4 -5 -6 -5  0  6 -4  3 -1 -5 -4 -3 -4 -3 -1    0   0   0   0   0   0   0   0   0   0  91   0   8   0   0   0   1   0   0   1  1.26 0.28
  475 V   -1 -4 -5 -5 -3 -4 -4 -5 -5  3 -1 -4  0 -3 -4 -3 -2 -5 -3  6    4   0   0   0   0   0   0   0   0  10   0   0   1   0   0   0   0   0   0  84  1.19 0.28
  476 M   -4 -4 -5 -6 -4 -3 -5 -6 -4 -1  0 -4 10 -3 -5 -4 -3 -4 -4 -2    0   0   0   0   0   0   0   0   0   0   1   0  99   0   0   0   0   0   0   0  2.60 0.49
  477 L   -3 -4 -5 -6 -3 -4 -5 -6 -5  0  6 -4  1  1 -5 -4 -3 -3 -2 -1    0   0   0   0   0   0   0   0   0   2  92   0   0   4   0   0   0   0   1   1  1.23 0.28
  478 L   -3 -4 -5 -5 -3 -4 -5 -5 -4  0  5 -4  1  5 -5 -4 -3 -2  0 -1    0   0   0   0   0   0   0   0   0   0  65   0   2  32   0   0   0   0   1   0  1.06 0.25
  479 S    0 -3 -2 -3 -2 -3 -3 -4 -4 -3 -3 -3 -3 -4 -3  0  7 -5 -4 -2    6   0   0   0   0   0   0   0   0   0   0   0   0   0   0   2  92   0   0   0  1.52 0.35
  480 N   -4 -3  6  6 -5 -2 -1 -2 -2 -5 -6 -2 -5 -5 -4 -2 -2 -6 -5 -5    0   0  43  54   0   0   0   2   0   0   0   0   0   0   0   0   0   0   0   0  1.44 0.29
  481 A    3 -2 -1 -2  0  0 -2 -2 -3 -4 -4 -1 -3 -4 -3  5  1 -5 -3 -3   22   0   2   0   1   3   0   0   0   0   0   2   0   0   0  66   4   0   0   0  0.86 0.25
  482 K    2 -2 -2 -3 -4 -1 -2 -3  4 -4 -4 -1 -3 -4  7 -1 -2 -4  0 -3   17   1   1   0   0   2   0   0  14   0   1   3   0   0  52   4   1   0   3   0  1.18 0.23
  483 T   -1 -3 -1 -2 -3 -2 -2 -2 -3 -4 -4 -2 -3 -4 -3  6  3 -5 -4 -3    1   0   1   0   0   0   0   0   0   0   0   0   0   0   0  82  16   0   0   0  1.21 0.31
  484 I   -4 -5 -6 -5 -3 -5 -6 -6 -6  8  0 -5 -1 -2 -5 -5 -3 -5 -4  1    0   0   0   0   0   0   0   0   0 100   0   0   0   0   0   0   0   0   0   0  1.74 0.35
  485 K   -4  8 -3 -4 -6 -1 -2 -5 -2 -5 -5  1 -4 -5 -4 -3 -3 -5 -4 -5    0  95   0   0   0   0   0   0   0   0   0   5   0   0   0   0   0   0   0   0  1.95 0.36
  486 D   -4 -4 -1  8 -6 -2  1 -4 -3 -5 -6 -3 -5 -6 -4 -2 -3 -7 -5 -5    0   0   0  93   0   0   7   0   0   0   0   0   0   0   0   0   0   0   0   0  1.97 0.35
  487 V   -2 -5 -5 -5 -3 -4 -5 -5 -5  1 -1 -5 -1 -3 -5 -4 -2 -5 -3  7    0   0   0   0   0   0   0   0   0   0   0   0   0   0   0   0   0   0   0 100  1.56 0.34
  488 I   -3 -5 -5 -5 -3 -4 -5 -6 -5  6  4 -4  0 -2 -5 -4 -3 -4 -3  1    0   0   0   0   0   0   0   0   0  64  36   0   0   0   0   0   0   0   0   0  1.09 0.25
  489 L   -3 -4 -5 -6 -3 -4 -5 -6 -5  0  6 -4  1 -1 -5 -4 -3 -4 -3 -1    0   0   0   0   0   0   0   0   0   0  99   0   1   1   0   0   0   0   0   0  1.38 0.29
  490 F   -5 -5 -6 -6 -5 -6 -6 -6 -4 -2 -2 -6 -2  9 -6 -5 -5 -1  1 -3    0   0   0   0   0   0   0   0   0   0   0   0   0 100   0   0   0   0   0   0  2.36 0.40
  491 P   -3 -5 -5 -4 -5 -4 -4 -5 -5 -5 -6 -4 -5 -6  9 -3 -4 -6 -6 -5    0   0   0   0   0   0   0   0   0   0   0   0   0   0 100   0   0   0   0   0  2.95 0.42
  492 A    2 -2 -2 -3 -3  2 -2 -3  7 -3  0 -2 -2 -3 -3 -1  1 -4  0 -2   22   0   0   0   0  14   0   0  36   0  11   0   0   0   0   1  12   0   3   1  0.64 0.20
  493 L   -3 -4 -5 -6 -4 -3 -5 -5 -3 -1  3 -4  9 -2 -5 -4 -3 -4 -3 -1    0   0   0   0   0   0   0   0   1   0  24   0  76   0   0   0   0   0   0   0  1.77 0.37
  494 K   -3  8 -2 -4 -6 -1 -2 -4 -2 -5 -4  3 -4 -5 -4 -3 -3 -5 -4 -5    0  86   0   0   0   0   0   0   0   0   0  14   0   0   0   0   0   0   0   0  1.74 0.33
  495 P   -3 -4 -2 -3 -5 -3 -2 -4  3 -5 -5 -2 -4 -5  8 -3 -3 -6 -4 -4    0   0   1   0   0   0   1   0   9   0   0   2   0   0  85   0   1   0   0   1  2.25 0.32
  496 T   -2  2 -1 -1 -4  3  4 -3 -1 -3 -3  2 -2 -4 -2  0  0 -4 -3 -1    0  13   1   0   0  19  38   1   0   1   2  13   0   0   0   5   4   0   0   4  0.54 0.15
  497 K    0  1  0  1 -3  2  2 -1  0 -3 -3  4 -2 -4 -2  0 -1 -4 -2 -3    7   3   1   8   0  13  17   2   1   0   0  39   0   0   0   6   1   0   0   0  0.42 0.09
  498 S    0  0  2  0 -3  1  2  1 -1 -3 -2  1 -2 -3 -2  1  0 -3 -2 -2    8   4  11   2   0   7  22  11   0   0   3  12   0   0   0  15   5   0   0   0  0.25 0.05
  499 N   -1 -1  3  3  0  1  3 -2  2 -4 -4  0 -3 -4  1  0 -1 -4 -2 -3    3   0  19  19   3   6  27   0   6   0   0   3   0   0   8   7   0   0   0   0  0.43 0.06
  500 F   -1  1  0  0 -2  1 -1  0 -1 -1 -1  0 -1  3 -2 -1  0 -1  2  0    5  12   5   5   0  12   0   6   0   0   0   6   0  20   0   0   7   0  10  10  0.09 0.02
  501 D    0 -1  2  4 -3  1  3  0 -1 -2 -2  0 -2 -3 -2  0  0 -3 -2 -2    7   0  10  33   0   9  22   6   0   0   6   0   0   0   0   0   5   0   0   0  0.35 0.04
  502 I   -1 -2 -2  0 -2  0  0 -3 -2  2  1 -1  0 -1 -2  0  0 -3 -2  2    1   0   0   7   0   8   7   1   0  20  15   0   0   0   0   7   0   0   0  31  0.12 0.02
  503 I   -1 -1 -2  0 -2 -1  1 -3 -2  2  1  0  1 -1 -2 -1  0 -3 -2  2    0   0   0   7   0   0  16   0   0  24  16   7   7   0   0   0   7   0   0  16  0.12 0.02
  504 L   -1 -1  1  1 -2  1  0 -2 -1 -2  0  1 -1 -2  4  1  1 -3 -2 -2    0   0   7   7   0   7   0   0   0   0  16  14   0   0  25  16   7   0   0   0  0.33 0.02
  505 S    1 -1  0  2 -2  1  3 -1 -1 -3 -3  1 -2 -3 -1  2  0 -3 -2 -2   17   0   0  14   0   0  40   0   0   0   0   7   0   0   0  21   0   0   0   0  0.39 0.03
  506 Q    1  0  1  2 -3  2  3 -2 -1 -3 -3  1 -2 -3  2  0 -1 -3 -2 -2   17   0   7  14   0   7  36   0   0   0   0   9   0   0   9   0   0   0   0   0  0.39 0.03
  507 D   -2 -1  0  4 -4  1  5 -2 -1 -4 -4  0 -3 -4 -2  0 -1 -4 -3 -3    0   0   0  38   0   0  62   0   0   0   0   0   0   0   0   0   0   0   0   0  0.77 0.04
  508 A    3 -1 -1 -1 -1  1 -1  2 -1 -2 -2 -1 -1 -3 -1  1  1 -3 -2 -1   50   0   0   0   0  15   0  20   0   0   0   0   0   0   0   0  14   0   0   0  0.29 0.01
  509 L    3 -2 -2 -3 -1 -2 -2 -1 -2  2  1 -2  0 -1 -2  0  0 -3 -2  1   59   0   0   0   0   0   0   0   0  24  17   0   0   0   0   0   0   0   0   0  0.20 0.01
  510 S    0  1  0  0 -3  3  3 -2  0 -3 -3  3 -1 -3 -1  1  0 -3 -2 -2    0   0   0   0   0  22  28   0   0   0   0  27   0   0   0  22   0   0   0   0  0.39 0.01
  511 N    2  3  3  0 -2  0  0 -1  0 -3 -2  1 -2 -3 -2  0  0 -3 -2 -2   31  39  31   0   0   0   0   0   0   0   0   0   0   0   0   0   0   0   0   0  0.32 0.00
  512 A    2 -1  5  1 -2  0 -1  0  0 -3 -3  0 -2 -3 -2  1  0 -4 -2 -2   31   0  69   0   0   0   0   0   0   0   0   0   0   0   0   0   0   0   0   0  0.45 0.00
  513 Q   -1  1  0  0 -3  6  2 -2  0 -3 -2  1  0 -3 -1  0 -1 -2 -2 -2    0   0   0   0   0 100   0   0   0   0   0   0   0   0   0   0   0   0   0   0  0.65 0.00
  514 I   -1 -3 -3 -3 -1 -3 -3 -4 -3  4  2 -3  1  0 -3 -2 -1 -3 -1  3    0   0   0   0   0   0   0   0   0   0   0   0   0   0   0   0   0   0   0   0  0.00     0.00
  515 I   -1 -3 -3 -3 -1 -3 -3 -4 -3  4  2 -3  1  0 -3 -2 -1 -3 -1  3    0   0   0   0   0   0   0   0   0   0   0   0   0   0   0   0   0   0   0   0  0.00     0.00
  516 K   -1  2  0 -1 -3  1  1 -2 -1 -3 -2  4 -1 -3 -1  0 -1 -3 -2 -2    0   0   0   0   0   0   0   0   0   0   0   0   0   0   0   0   0   0   0   0  0.00     0.00
  517 E   -1  0  0  1 -4  2  5 -2  0 -3 -3  1 -2 -3 -1  0 -1 -3 -2 -2    0   0   0   0   0   0   0   0   0   0   0   0   0   0   0   0   0   0   0   0  0.00     0.00
  518 N   -2  0  6  1 -3  0  0  0  1 -3 -3  0 -2 -3 -2  1  0 -4 -2 -3    0   0   0   0   0   0   0   0   0   0   0   0   0   0   0   0   0   0   0   0  0.00     0.00

                      K         Lambda
Standard Ungapped    0.1390     0.3211
Standard Gapped      0.0637     0.2670
PSI Ungapped         0.2079     0.3159
PSI Gapped           0.0637     0.2670
