
Last position-specific scoring matrix computed, weighted observed percentages rounded down, information per position, and relative weight of gapless real matches to pseudocounts
           A  R  N  D  C  Q  E  G  H  I  L  K  M  F  P  S  T  W  Y  V   A   R   N   D   C   Q   E   G   H   I   L   K   M   F   P   S   T   W   Y   V
    1 M   -4 -5 -6 -7 -5 -4 -6 -6 -5 -2 -1 -5 11 -3 -6 -5 -4 -5 -5 -3    0   0   0   0   0   0   0   0   0   0   0   0 100   0   0   0   0   0   0   0  3.12 0.73
    2 R   -3  5 -1 -2 -5  1  0 -4  5 -5 -5  5 -4 -5 -4 -3 -3 -5 -3 -5    0  29   2   1   0   4   5   0  14   0   0  44   0   0   0   0   0   0   0   0  1.07 0.34
    3 V   -2 -5 -5 -5 -3 -5 -5 -5 -5  4 -1 -5 -1 -3 -5 -3  0 -5 -4  6    2   0   0   0   0   0   0   0   0  21   0   0   0   0   0   1   6   0   0  70  1.22 0.38
    4 V    0 -4 -5 -5  0 -4 -4 -5 -5  5  3 -4  2 -2 -4 -3 -1 -4 -2  2    7   0   0   0   2   0   0   0   0  39  28   0   4   0   0   0   4   0   0  15  0.67 0.24
    5 I   -3 -5 -6 -6 -3 -5 -5 -6 -6  4 -1 -5 -2 -3 -5 -4 -3 -5 -4  7    0   0   0   0   0   0   0   0   0  21   1   0   0   0   0   0   0   0   0  77  1.48 0.43
    6 L   -4 -5 -6 -6 -4 -5 -5 -6 -5  1  6 -5  2 -2 -6 -5 -4 -4 -4 -1    0   0   0   0   0   0   0   0   0   5  91   0   4   0   0   0   0   0   0   0  1.50 0.43
    7 G   -3 -5 -3 -4 -6 -5 -5  7 -5 -7 -7 -5 -6 -6 -5 -3 -5 -6 -6 -6    0   0   0   0   0   0   0 100   0   0   0   0   0   0   0   0   0   0   0   0  2.34 0.54
    8 S    5 -4 -3 -3 -1 -3 -3  1 -4 -4 -4 -3 -4 -5 -3  4 -2 -5 -4 -3   53   0   0   0   1   0   0   7   0   0   0   0   0   0   0  39   0   0   0   0  1.03 0.38
    9 G   -3 -5 -3 -4 -6 -5 -5  7 -5 -7 -7 -5 -6 -6 -5 -3 -5 -6 -6 -6    0   0   0   0   0   0   0 100   0   0   0   0   0   0   0   0   0   0   0   0  2.34 0.54
   10 V   -2 -5 -6 -6 -3 -5 -5 -6 -6  4  0 -5 -1 -3 -5 -4 -3 -5 -4  6    2   0   0   0   0   0   0   0   0  19   4   0   0   0   0   0   0   0   0  75  1.37 0.41
   11 V   -1 -5 -5 -5 -3 -5 -4 -5 -5  6  0 -5 -1 -3 -5 -3  0 -5 -4  4    4   0   0   0   0   0   0   0   0  55   3   0   0   0   0   1   4   0   0  33  1.09 0.35
   12 G   -3 -5 -3 -4 -6 -5 -5  7 -5 -7 -7 -5 -6 -6 -5 -3 -5 -6 -6 -6    0   0   0   0   0   0   0 100   0   0   0   0   0   0   0   0   0   0   0   0  2.35 0.55
   13 V   -3 -4 -4 -5 -3 -4 -4 -5 -5  2  0 -4  0 -3 -4 -3  3 -5 -4  6    0   0   0   0   0   0   0   0   0   9   7   0   2   0   0   0  23   0   0  60  1.00 0.36
   14 A    2 -4 -3 -4  0 -3 -3 -4 -4 -4 -4 -3 -2 -5 -4  2  6 -5 -4 -2   20   0   0   0   2   0   0   0   0   0   0   0   0   0   0  14  63   0   0   1  1.18 0.43
   15 S    0 -4 -2 -3 -3 -2 -3 -3 -4 -4 -4 -3 -3 -5 -4  5  5 -5 -4 -3    7   0   0   0   0   1   0   0   0   0   0   0   0   0   0  51  40   0   0   1  1.19 0.44
   16 A    7 -4 -5 -5 -3 -4 -4 -3 -5 -4 -5 -4 -4 -5 -4 -1 -3 -6 -5 -3   99   0   0   0   0   0   0   0   0   0   0   0   0   0   0   1   0   0   0   1  1.85 0.56
   17 W   -6 -6 -6 -7 -6 -5 -6 -6 -1 -5 -5 -6 -5  1 -7 -6 -6 11  7 -6    0   0   0   0   0   0   0   0   1   0   0   0   0   3   0   0   0  57  39   0  3.15 0.70
   18 Y   -5 -4 -5 -6 -6  0 -3 -6  3 -4 -4 -5 -4  4 -6 -5 -5  3  9 -4    0   0   0   0   0   5   1   0   5   0   0   0   0  12   0   0   0   3  73   0  2.14 0.56
   19 L   -4 -5 -6 -7 -4 -5 -6 -7 -6 -1  7 -5 -1 -2 -6 -5 -4 -5 -4 -2    1   0   0   0   0   0   0   0   0   0  99   0   0   0   0   0   0   0   0   0  1.79 0.51
   20 N    5  2  0 -3 -2  0 -2 -2 -1 -3 -2 -1 -1 -4 -3  1 -1 -1 -3 -2   58  13   4   0   1   4   1   0   2   0   3   2   1   0   0   9   1   1   0   1  0.65 0.30
   21 Q   -3  4 -1 -2 -5  5  2 -3 -2 -5 -4  4 -3 -5 -4 -1 -3 -5 -4 -5    1  23   1   1   0  32  10   1   0   0   1  28   0   0   0   3   0   0   0   0  0.97 0.35
   22 A    5  0 -2  1 -3  3  1 -3 -2 -4 -2 -1 -2 -4 -3 -1 -2 -5 -4 -3   54   5   1   7   0  14   7   0   1   0   4   3   1   0   0   2   0   0   0   0  0.62 0.30
   23 G   -3 -5 -3 -4 -6 -5 -5  7 -5 -7 -7 -5 -6 -6 -5 -3 -5 -6 -6 -6    0   0   0   0   0   0   0 100   0   0   0   0   0   0   0   0   0   0   0   0  2.38 0.58
   24 H   -1 -2 -3 -3  3 -3 -4 -5 10 -4 -5 -4 -4  3 -5 -4 -5 -4  2 -4    4   1   0   1   7   0   0   0  67   0   0   0   0  14   0   0   0   0   5   1  2.00 0.54
   25 E   -2 -2 -1  4 -6  3  6 -4 -2 -6 -5  0 -4 -6 -4 -1 -2 -5 -5 -5    2   1   1  22   0  12  56   0   0   0   0   3   0   0   0   2   1   0   0   0  1.17 0.39
   26 V   -3 -6 -6 -6 -4 -5 -6 -6 -6  0 -2 -5 -2 -4 -6 -5 -3 -6 -4  8    0   0   0   0   0   0   0   0   0   0   0   0   0   0   0   0   0   0   0 100  2.05 0.58
   27 T   -2 -4 -3 -4 -3 -3 -1 -5 -3 -1 -3 -4 -3 -5 -4 -1  7 -5 -4  2    1   0   0   0   0   0   3   0   1   2   1   0   0   0   0   2  77   0   0  12  1.42 0.49
   28 V   -3 -6 -6 -6 -4 -5 -6 -6 -6  0 -1 -5 -2 -4 -5 -5 -3 -6 -4  7    0   0   0   0   0   0   0   0   0   1   4   0   0   0   0   0   0   0   0  95  1.87 0.55
   29 I   -3 -5 -6 -6 -3 -5 -5 -6 -6  6  2 -5 -1 -2 -5 -4 -3 -5 -3  4    1   0   0   0   0   0   0   0   0  49  16   0   0   1   0   0   0   0   0  33  1.13 0.36
   30 D   -5 -4 -2  7 -7 -2  4 -5 -4 -6 -7 -3 -6 -7 -4 -3 -4 -7 -6 -6    0   0   0  75   0   0  25   0   0   0   0   0   0   0   0   0   0   0   0   0  1.97 0.54
   31 R   -5  8 -4 -5 -7 -2 -3 -6 -4 -7 -6 -1 -5 -6 -6 -4 -4 -6 -5 -6    0  99   0   0   0   0   0   0   0   0   0   0   0   0   0   0   0   0   0   0  2.56 0.66
   32 E   -2  2 -2 -3 -1  7  2 -4  1 -5 -3 -1 -2 -6 -4 -2 -3 -5 -4 -5    3  11   1   0   1  63  12   1   4   0   2   1   1   0   0   1   1   0   0   0  1.33 0.47
   33 P    2 -3 -1  1 -2 -1  0 -1 -1 -4 -4 -1 -2 -5  6  1  0 -5 -4 -3   18   0   3   7   1   2   5   5   2   0   0   2   1   0  40   9   4   0   0   0  0.79 0.27
   34 G    2 -1 -2  1 -4 -1  0  5 -3 -5 -4 -2 -4 -5 -3  0 -2 -5 -4 -3   21   4   1   9   0   2   6  49   0   0   1   1   0   0   0   6   1   0   0   1  0.75 0.28
   35 A    3 -4 -4 -4 -3 -4 -4 -3 -5 -3 -4 -3 -4 -5  6  0 -3 -6 -5  2   32   0   0   0   0   0   0   1   0   0   0   0   0   0  44   5   0   0   0  18  1.21 0.40
   36 A    6 -4 -4 -4 -3 -4 -4  3 -4 -4 -5 -4 -4 -5 -4 -1 -3 -5 -5 -3   80   0   0   0   0   0   0  20   0   0   0   0   0   0   0   1   0   0   0   0  1.44 0.48
   37 L   -1  0 -2 -3 -3  3  0 -5 -3 -1  4 -2  4 -1 -4 -2 -3 -4 -3 -2    4   6   1   1   0  15   7   0   0   0  50   1  11   2   0   2   0   0   0   0  0.56 0.28
   38 E   -2 -3 -3 -1 -7  0  7 -1 -3 -6 -6 -2 -5 -6 -4 -3 -4 -6 -5 -6    3   0   0   1   0   2  88   6   0   0   0   0   0   0   0   1   0   0   0   0  1.83 0.56
   39 T   -2 -4 -3 -4 -4 -4 -4 -5 -5 -4 -5 -4 -4 -6 -4 -2  8 -6 -5 -3    2   0   0   0   0   0   0   0   0   0   0   0   0   0   0   0  98   0   0   0  2.20 0.65
   40 S   -2 -4 -3 -3 -4 -3 -3 -4 -4 -6 -6 -3 -5 -6 -4  7 -1 -6 -5 -5    0   0   0   0   0   0   0   0   0   0   0   0   0   0   0  99   1   0   0   0  2.01 0.64
   41 A    0 -3 -5 -6 -4 -2 -5 -5  1 -3 -1 -5 -3  8 -6 -4 -4 -2  4 -2    8   2   0   0   0   2   0   0   3   0   3   0   0  67   0   0   0   0  13   2  1.58 0.46
   42 A    6 -4 -4 -4 -3 -4 -4  3 -4 -4 -5 -4 -4 -5 -4 -1 -3 -5 -5 -3   76   0   0   0   0   0   0  21   0   0   0   0   0   0   0   2   0   0   0   0  1.37 0.46
   43 N   -5 -4  9 -2 -6 -3 -4 -4 -3 -7 -7 -4 -6 -7 -6 -3 -3 -7 -6 -7    0   0 100   0   0   0   0   0   0   0   0   0   0   0   0   0   0   0   0   0  2.72 0.70
   44 A    6 -4 -4 -4 -4 -4 -4  3 -4 -5 -5 -4 -4 -5 -4 -2 -3 -5 -5 -3   75   0   0   0   0   0   0  25   0   0   0   0   0   0   0   0   0   0   0   0  1.41 0.47
   45 G   -1 -5 -3 -4  0 -5 -5  7 -5 -7 -7 -4 -6 -6 -5 -2 -4 -6 -6 -6    4   0   0   0   2   0   0  92   0   0   0   0   0   0   0   2   0   0   0   0  2.07 0.53
   46 Q   -4 -2 -3 -3 -6  8  2 -2  0 -4 -2 -2  0 -6 -4 -3 -4 -5 -4 -1    0   0   0   0   0  72  12   3   2   1   5   0   2   0   0   0   0   0   0   4  1.54 0.53
   47 I   -3 -5 -6 -6 -4 -5 -6 -6 -6  7  1 -5 -1 -2 -5 -5 -3 -5 -4  4    0   0   0   0   0   0   0   0   0  63   9   0   0   1   0   0   0   0   0  27  1.36 0.41
   48 S    1 -4 -3 -3  2 -3 -3 -3 -4 -5 -5 -3 -4 -5 -4  7 -1 -6 -5 -4    8   0   0   0   4   0   0   0   0   0   0   0   0   0   0  87   0   0   0   0  1.63 0.55
   49 P   -2 -5 -5 -5 -5 -4 -4 -5 -4 -2 -4 -4 -4  2  7 -4 -3 -4  3  3    3   0   0   0   0   0   0   0   0   1   0   0   0   8  58   0   0   0   9  20  1.53 0.45
   50 G   -1 -4 -2 -3  2 -4 -4  6 -4 -6 -6 -4 -5 -6 -4  3 -3 -5 -5 -5    1   0   0   1   5   0   0  67   0   0   0   0   0   0   0  26   0   0   0   0  1.43 0.44
   51 Y   -5 -4 -4 -2 -4 -2 -4 -6  7 -5 -3 -5 -2  2 -6 -5 -5 -2  8 -5    0   0   0   2   0   1   0   0  23   0   1   0   1   6   0   0   0   0  65   0  2.06 0.56
   52 A    4 -4 -3 -4  3 -3 -3 -3 -4 -3 -4 -3 -3 -5 -1  4  0 -5 -4  0   46   0   0   0   7   0   0   0   0   0   0   0   0   0   2  33   6   0   0   6  0.84 0.36
   53 A    2 -3 -2 -2 -3 -1  3 -1 -2 -4 -4 -2 -3 -4 -3  3  3 -4  0 -3   16   0   0   1   0   1  21   3   1   0   0   0   0   0   0  30  25   0   3   0  0.61 0.30
   54 P   -2 -6 -5 -5 -6 -5 -5 -6 -6 -6 -6 -4 -6 -7  9 -4 -1 -7 -6 -6    2   0   0   0   0   0   0   0   0   0   0   0   0   0  94   0   3   0   0   0  2.93 0.68
   55 W   -7 -7 -8 -9 -7 -6 -7 -7 -7 -7 -6 -7 -6 -3 -8 -7 -7 13 -2 -7    0   0   0   0   0   0   0   0   0   0   0   0   0   0   0   0   0 100   0   0  4.86 0.95
   56 A    7 -5 -5 -5 -3 -4 -4 -1 -5 -4 -5 -4 -4 -5 -4 -2 -3 -6 -5 -3   98   0   0   0   0   0   0   2   0   0   0   0   0   0   0   0   0   0   0   0  1.84 0.57
   57 A    5 -3  4 -3 -3 -2 -2  0 -2 -4 -4 -3 -2 -3 -4  1 -2 -5 -4 -3   56   0  23   0   0   1   1   7   1   0   0   0   1   1   0   9   0   0   0   0  0.90 0.39
   58 P   -3 -2 -6 -5 -6 -5 -4 -6 -6 -6 -6 -3 -6 -7  9 -4 -5 -7 -7 -6    2   2   0   0   0   0   1   0   0   0   0   1   0   0  95   0   0   0   0   0  2.97 0.73
   59 G    0 -2 -2 -2 -5 -1 -2  6  1 -6 -6 -2 -5 -5 -4  1 -2 -5 -5 -5    7   2   1   1   0   3   3  68   3   0   0   2   0   0   0   8   2   0   0   0  1.20 0.39
   60 V    2 -4 -4 -5 -3 -4 -4 -4 -5  4  0 -4  3 -3 -4 -3  0 -4 -3  3   23   0   0   0   0   0   0   0   0  31   6   0  10   0   0   0   6   0   0  23  0.66 0.29
   61 P   -4 -6 -6 -5 -6 -5 -5 -6 -6 -5 -1 -4 -3 -6  8 -4 -4 -7 -6 -2    0   0   0   0   0   0   0   0   0   0   6   1   0   0  88   0   0   0   0   4  2.63 0.67
   62 L    0 -1 -4 -4 -3  0 -3 -1 -3  0  4  0  2  1 -1 -2 -1  1 -2  0    9   2   0   0   0   4   0   5   0   1  48   8   6   5   2   2   2   2   0   3  0.34 0.21
   63 K   -4 -1 -3 -4 -6  1 -2 -5 -4 -2 -5  7 -2 -6 -4 -2 -1 -6 -5 -5    0   1   0   0   0   4   0   0   0   3   0  86   1   0   0   1   4   0   0   0  1.71 0.56
   64 A    5 -4 -4 -5 -3 -4 -4 -3 -4  1  0 -4 -2 -1 -4 -1 -2 -5 -4  2   62   0   0   0   0   0   0   0   0   8  10   0   0   2   0   2   0   0   0  15  0.83 0.37
   65 I   -1 -4 -5 -5 -3 -4 -5 -5 -5  3  4 -4  3  0 -3 -4 -3 -2 -3  2    5   0   0   0   0   0   0   0   0  19  49   0   7   3   1   0   0   1   0  14  0.77 0.29
   66 K   -3  4 -3 -4 -6  0 -2 -2 -1 -6 -5  7 -4 -6 -4 -3 -4 -3 -5 -5    0  18   0   0   0   2   0   2   1   0   0  74   0   0   0   0   0   0   0   0  1.58 0.52
   67 W   -5 -5 -7 -8 -6 -6 -7 -4 -4 -6 -6 -7 -1 -3 -7 -2 -3 13  1 -7    1   0   0   0   0   0   0   1   0   0   0   0   2   0   0   4   2  86   3   0  3.90 0.87
   68 M   -2 -5 -6 -6 -4 -4 -5 -6 -5 -1  5 -5  7 -2 -6 -4 -3 -4 -4 -2    2   0   0   0   0   0   0   0   0   1  62   0  33   0   0   1   0   0   0   1  1.47 0.49
   69 F   -2 -4 -5 -5 -2 -5 -5  2 -3 -2  2 -5  2  7 -5 -4 -2  1  1 -1    2   1   0   0   1   0   0  16   0   0  17   0   6  49   0   0   3   2   2   3  0.94 0.35
   70 Q   -1  3 -1 -1 -5  5  1 -3 -2 -4 -3  2  4 -4 -4 -1 -2 -5 -4 -3    4  14   2   3   0  35   9   1   0   0   1  11  14   0   0   3   1   0   0   1  0.71 0.33
   71 R   -2  3 -1  1 -5  1  4 -3  2 -5 -5  3 -4 -5  1  0 -2 -5 -4 -4    2  17   1   7   0   5  27   0   5   0   0  24   0   0   7   5   1   0   0   0  0.63 0.27
   72 H   -2 -2 -1  4 -6 -1  0 -2  9 -5 -5 -3 -5 -4 -5 -3 -2 -5  0 -5    4   1   2  25   0   1   4   3  53   0   1   0   0   0   0   0   3   0   3   0  1.54 0.49
   73 A    6 -1 -4 -4 -3 -1 -3 -1 -4 -4 -3 -3 -4 -5  0  2 -2 -5 -4 -3   70   3   0   0   0   3   0   3   0   0   2   0   0   0   3  15   0   0   0   0  1.05 0.43
   74 P   -1 -6 -5 -5 -6 -5 -5 -3 -6 -6 -6 -5 -6 -7  9 -4 -5 -7 -6 -6    4   0   0   0   0   0   0   2   0   0   0   0   0   0  93   0   0   0   0   0  2.91 0.72
   75 L   -4 -5 -6 -7 -4 -5 -6 -7 -6  1  6 -5  0  0 -6 -5 -4 -4 -4 -1    0   0   0   0   0   0   0   0   0   5  90   0   1   3   0   0   0   0   0   2  1.55 0.49
   76 A    2  1 -3 -4 -3 -2 -3 -3 -3  2  2  1  0 -1 -3 -1 -1 -4 -2  2   20   9   0   0   0   0   0   0   0  12  25  11   0   1   0   3   3   0   1  16  0.27 0.18
   77 V   -4 -5 -5 -6 -4 -5 -5 -6 -4  5  1 -5  0  5 -5 -4 -3  0  1  2    0   0   0   0   0   0   0   0   0  35  12   0   1  31   0   0   0   1   5  15  0.98 0.34
   78 R   -3  7 -1 -3 -6  0 -3 -3 -1 -6 -5  3 -3 -5 -5 -1 -2  1 -4 -5    0  67   3   1   0   2   0   2   1   0   0  14   0   0   0   5   2   2   0   0  1.38 0.46
   79 L   -2 -3 -5 -5 -5 -4 -4 -5 -5 -2  2 -4 -1  0  7 -4 -4  4 -3 -4    2   1   0   0   0   0   0   0   0   2  21   0   1   4  62   0   0   5   0   0  1.62 0.49
   80 D   -1  4  0  3 -4  1 -1 -2  0 -4 -3  1 -1 -4 -3  1  2 -3 -4 -3    3  30   2  21   0   6   1   1   2   0   1   7   2   0   1   8  12   0   0   1  0.51 0.25
   81 G    1 -3 -3 -4 -3 -3 -4  3 -4 -1  3 -3  0  1  1 -2 -2  4 -2 -1   16   1   0   0   0   0   0  21   0   3  30   0   2   7   8   1   1   6   0   2  0.37 0.21
   82 T   -3 -3  0  7 -5 -2  0 -3 -4 -5 -6 -3 -5 -6 -4  2  1 -6 -5 -5    1   1   3  62   0   1   5   0   0   0   0   0   0   0   0  19   8   0   0   0  1.35 0.45
   83 Q    0 -2 -4 -4 -4 -1 -3 -3 -3 -2  1 -2  3 -1  6 -1 -1  5 -3 -2    9   2   0   0   0   3   0   1   0   2  16   2   8   2  40   3   3   8   0   2  0.83 0.31
   84 F    3  1 -1  0 -3  1  0 -2  2 -3 -2 -1 -2  3 -2 -1 -1  2  1 -2   31  10   2   6   0   5   6   1   5   0   3   2   0  14   1   1   2   3   5   1  0.25 0.19
   85 Q   -3 -2 -4 -4 -5  7 -2 -5 -3 -3  1 -1  6 -2 -5 -3 -2 -5 -4 -4    1   0   0   0   0  56   0   0   0   0  14   3  22   2   0   0   2   0   0   0  1.35 0.52
   86 L   -3 -5 -6 -7 -5 -5 -6 -6 -5  0  3 -6 -1  0 -6 -5 -4 10  3 -1    2   0   0   0   0   0   0   0   0   5  33   0   1   3   0   0   0  43   8   5  1.80 0.50
   87 K    1  5 -1 -3 -1  2  0 -1 -1 -3 -1  2 -1 -4 -3  1 -1 -2 -3 -2   13  34   2   0   1   8   3   3   1   0   7  11   2   0   0  10   2   1   0   2  0.40 0.22
   88 W   -7 -7 -8 -9 -7 -6 -7 -7 -7 -7 -6 -7 -6  2 -8 -7 -7 13 -2 -7    0   0   0   0   0   0   0   0   0   0   0   0   0   7   0   0   0  93   0   0  4.53 0.97
   89 M    1 -4 -4 -5  2 -3 -4  2 -4  1  2 -4  7 -3 -4 -1 -2 -4 -4 -1   10   0   0   0   5   0   0  18   0   9  20   0  32   0   0   4   2   0   0   1  0.66 0.31
   90 W    2 -3 -4 -5 -3 -3 -3 -1 -4 -1  3 -3  1 -2 -4 -1  0  7 -1  0   18   1   0   0   0   0   1   4   0   1  34   1   3   1   0   3   6  19   1   7  0.63 0.28
   91 Q    0  4 -1 -2 -5  6  0 -3 -1 -5 -4  3 -3 -5 -4  0 -3 -5 -4 -4    9  24   3   0   0  37   2   1   1   0   1  16   0   0   0   6   0   0   0   0  0.87 0.36
   92 M   -5 -5 -6 -7 -5 -4 -6 -6 -5 -2  0 -5  9  6 -6 -5 -4  5 -2 -3    0   0   0   0   0   0   0   0   0   0   4   0  53  35   0   0   0   7   0   0  1.96 0.60
   93 L   -4 -4 -6 -7 -4 -5 -6 -7 -6 -1  6 -5  0 -1 -6 -5 -3  1 -3 -1    1   0   0   0   0   0   0   0   0   0  92   0   1   2   0   0   1   2   0   1  1.59 0.51
   94 R    2  5 -2 -3 -3  1 -2  0 -2 -4 -2  1 -1 -4 -4  0 -1 -2 -4 -3   21  42   0   0   0   7   1   7   1   0   5   5   1   0   0   4   3   1   0   0  0.62 0.29
   95 N   -3 -3  7 -2 -6  2  3 -4 -1 -6 -6 -3 -5 -6 -5 -2 -3 -6 -4 -6    1   0  65   0   0  10  22   0   1   0   0   0   0   0   0   0   0   0   0   0  1.62 0.54
   96 C   -4 -7 -7 -7 12 -7 -8 -6 -7 -5 -5 -7 -5 -6 -7 -3 -5 -6 -6 -5    1   0   0   0  98   0   0   0   0   0   0   0   0   0   0   1   0   0   0   0  3.89 0.86
   97 D   -3  0  4  1 -4  0 -1 -3 -3 -3 -1 -2 -2 -4 -2  1  5 -5 -4 -3    0   5  19   8   0   4   2   0   0   0   6   0   0   0   1   7  46   0   0   0  0.71 0.34
   98 T    3 -2 -2  0 -3 -1  0 -2 -1 -2  0 -2 -1 -2  4  1  1 -4 -3 -1   26   1   0   5   0   3   5   1   1   1  10   0   1   1  19  12   8   0   0   3  0.34 0.19
   99 S    2  1 -1  1 -3  1  3  0  1 -4 -4  0 -3 -4 -2  2 -1 -2 -3 -3   23   8   1   8   0   6  23   6   3   0   0   5   0   0   1  15   2   1   0   0  0.37 0.20
  100 H    2  7 -2 -2 -3 -1 -3 -4  4 -5 -5  1 -4 -5 -4  0 -3 -5 -3 -5   16  59   1   1   0   2   0   0   9   0   0   5   0   0   0   7   0   0   0   0  1.16 0.42
  101 Y    0 -5 -5 -6 -5 -4 -4 -5 -1 -4 -2 -5 -3  3 -5 -2  1  0  8 -2    9   0   0   0   0   0   0   0   1   0   4   0   0   9   0   3   9   1  63   2  1.56 0.50
  102 M    4  4 -1  1 -4  2  0 -2 -1 -3 -3  0  0 -4 -3 -1 -1 -5 -4 -2   38  23   2   7   0  10   5   1   1   0   1   3   3   0   0   1   3   0   0   2  0.48 0.26
  103 E    0  2 -3 -2 -3  0 -1 -4  1  3  0 -1  0 -3 -1 -2  0 -4 -2  3    6  16   0   2   0   5   5   0   5  22   4   1   2   0   3   0   4   0   1  25  0.28 0.19
  104 N   -4 -4  9 -2 -6 -4 -4 -4 -3 -7 -7 -4 -6 -7 -6 -3 -4 -8 -6 -7    1   0  99   0   0   0   0   0   0   0   0   0   0   0   0   0   0   0   0   0  2.71 0.74
  105 K   -3 -1 -3 -4 -5 -1 -2 -4 -4  1 -2  7  1 -5 -4 -2  1 -5 -4 -1    0   0   0   0   0   1   0   0   0   9   4  67   3   0   0   1  10   0   0   4  1.10 0.44
  106 G    1  2 -2 -1 -3  1  3  1 -2 -3 -2 -1 -3 -4 -3  3 -1 -4 -3 -2   15  12   0   1   0   6  22  10   1   1   5   1   0   0   0  23   1   0   0   2  0.35 0.22
  107 R   -1  7 -2 -4 -3  3 -3 -5 -2 -3 -4  0 -4 -6 -5 -3 -4 -6 -5 -4    6  72   1   0   0  15   0   0   0   2   0   2   0   0   0   0   0   0   0   1  1.59 0.52
  108 M   -1 -5 -5 -6 -2 -4 -5 -6 -5  2  0 -1 10 -3 -6 -5 -3 -5 -4 -2    5   0   0   0   1   0   0   0   0  10   4   5  74   0   0   0   1   0   0   0  2.04 0.63
  109 V   -2 -4 -5 -5 -3  1 -4 -4 -5  0  3 -4  2 -3 -5 -4 -2 -1 -3  5    2   0   0   0   0   8   0   1   0   1  24   0   4   0   0   0   1   1   0  57  0.90 0.37
  110 R    1  7  0 -4 -5 -2 -3 -4 -2 -5 -4 -1 -4 -6 -1 -2 -1 -6 -5 -4   12  73   3   0   0   0   0   1   0   0   1   1   0   0   3   2   3   0   0   1  1.45 0.49
  111 L   -4 -5 -6 -6 -4 -5 -5 -6 -5  4  5 -5  2 -2 -5 -5 -3 -4 -3  2    0   0   0   0   0   0   0   0   0  21  60   0   5   0   0   0   0   0   0  14  1.08 0.37
  112 A    6 -4 -4 -4  2 -4 -4  2 -4 -4 -4 -3 -4 -5 -4  2 -3 -5 -5 -3   71   0   0   0   5   0   0  12   0   0   0   0   0   0   0  12   0   0   0   0  1.19 0.45
  113 E   -2  1  1  1 -5 -1  5 -4  0 -3  0 -2  0 -1 -4 -1  0 -4  0 -3    2   7   7   6   0   1  48   0   3   1   9   0   2   2   0   2   5   0   3   1  0.56 0.28
  114 Y   -5 -3 -6 -5 -6 -5 -6 -7  2 -5 -4 -5 -5  1 -7 -5 -5 -1 10 -5    1   2   0   1   0   0   0   0   3   0   0   0   0   4   0   0   0   0  90   0  2.77 0.73
  115 S   -1 -4 -3 -4 -4 -3 -4 -4 -4 -6 -6 -4 -5 -6 -4  7 -2 -6 -5 -5    2   0   0   0   0   0   0   0   0   0   0   0   0   0   0  98   0   0   0   0  2.03 0.68
  116 R   -3  8 -3 -5 -6  1 -3 -3  2 -6 -4  0 -4 -6 -5 -3 -4 -6 -5 -6    2  82   0   0   0   5   0   1   5   0   2   2   0   0   0   0   0   0   0   0  1.89 0.57
  117 D    1 -2 -1  6 -5  1  2 -2  0 -2 -4 -2 -4 -5 -3  0 -1 -5 -4 -3   13   1   1  49   0   7  11   2   2   3   1   1   0   0   0   5   3   0   0   1  0.79 0.32
  118 C    1 -1 -4 -5 10  1 -5 -4 -4 -3 -3 -3  0 -5 -5 -1  1 -5 -5 -1   10   4   0   0  57   6   0   1   0   1   1   1   2   0   0   4   9   0   0   4  1.60 0.48
  119 L   -4 -5 -6 -6 -4 -4 -6 -6 -5  1  6 -5  2  1 -6 -5 -4 -4 -3 -2    0   0   0   0   0   0   0   0   0   6  82   0   5   6   0   0   0   0   0   0  1.39 0.45
  120 K    0  4  0  1 -4  3 -1 -2  2 -1 -3  3 -1 -4 -2 -1 -2 -4 -3 -2    9  22   3   8   0  17   1   2   6   4   1  21   1   0   1   1   2   0   0   2  0.43 0.22
  121 A    3 -1 -2  2 -4  4  3 -1 -2 -3 -3 -1 -3 -5 -3 -1 -1 -5 -4 -3   33   3   0  11   0  18  23   3   0   1   1   1   0   0   0   2   3   0   0   1  0.57 0.29
  122 L   -3 -5 -6 -6 -4 -5 -6 -6 -5  1  6 -5  2  1 -6 -5 -4 -4 -3  0    1   0   0   0   0   0   0   0   0   5  81   0   3   5   0   0   0   0   0   5  1.31 0.43
  123 R   -2  8  0 -4 -6 -2 -1 -4 -3 -4 -5 -1 -4 -6 -5 -2 -2 -6 -5 -2    3  81   3   0   0   0   2   0   0   1   0   1   0   0   0   2   3   0   0   4  1.71 0.54
  124 A    4  1 -1  1 -3  1  2 -1 -1 -4 -4  1 -3 -4 -2  0 -1 -5 -4 -2   42   8   1   6   0   8  14   2   1   0   0   7   0   0   1   5   3   0   0   2  0.45 0.25
  125 E    0  1 -2  4 -5  1  5 -3 -1 -5 -5 -1 -4 -5 -3  0 -1 -5 -4 -4    9   7   0  21   0   6  45   1   1   0   0   2   0   0   0   5   4   0   0   0  0.83 0.33
  126 T   -2 -4 -3 -4 -4 -2  0 -5  2  0  1 -3 -2 -3 -4 -2  6 -5 -1 -2    2   0   0   0   0   1   7   0   5   6  17   0   0   0   0   0  58   0   2   1  0.88 0.40
  127 N   -1 -4  0  0 -5 -1 -2  6 -2 -6 -5 -3 -5 -6  1 -2 -3 -5 -5 -5    3   0   3   6   0   4   1  71   1   0   0   1   0   0   6   1   1   0   0   0  1.31 0.41
  128 I   -4 -6 -6 -6 -4 -5 -6 -7 -6  7  3 -5  0  1 -6 -5 -4 -5 -4  0    0   0   0   0   0   0   0   0   0  70  22   0   1   5   0   0   0   0   0   2  1.45 0.46
  129 Q    2  0  0  3 -4  3  3 -2  2 -4 -4 -1 -3 -3 -2  0  0 -4 -3 -3   20   5   3  17   0  16  19   1   5   0   0   0   0   1   1   4   5   0   0   1  0.44 0.23
  130 Y   -6 -5 -6 -7 -6 -5 -6 -7 -2 -5 -5 -6 -5  3 -7 -5 -5  0 10 -5    0   0   0   0   0   0   0   0   0   0   0   0   0   8   0   0   0   0  92   0  2.96 0.76
  131 E   -3 -2 -1  6 -6  1  5 -4  0 -5 -5 -2 -5 -5 -4 -3 -2 -6 -5 -5    2   1   1  45   0   6  39   0   2   0   0   0   0   0   0   0   1   0   0   0  1.27 0.42
  132 G   -1  1  0  0 -1  3  2  4  4 -5 -5 -2 -4 -3 -4 -2 -3 -4 -3 -5    2   7   3   4   2  17  16  34  12   0   0   0   0   1   0   0   0   0   0   0  0.67 0.29
  133 R   -2  7 -3 -4 -5  0 -2 -3  0 -2  1  0 -3 -4 -4 -2 -2 -5 -4 -3    3  63   0   0   0   3   1   2   2   2  16   1   0   0   0   2   3   0   0   1  1.08 0.40
  134 Q   -1 -1 -1 -2 -3  5  2 -3 -2 -3 -3  0  2 -4 -3  2  3 -4 -4 -3    5   2   1   0   0  29  13   1   0   1   0   4   7   0   0  17  19   0   0   1  0.58 0.30
  135 G   -2  4 -2 -2 -5  5 -2  1 -1 -4  0  2 -2 -3 -4 -2 -3 -4 -4 -3    1  27   0   2   0  28   0  14   1   0  11  13   1   1   0   1   0   0   0   1  0.66 0.31
  136 G   -3 -6 -4 -5 -6 -5 -5  8 -5 -7 -7 -5 -6 -7 -6 -4 -5 -6 -7 -7    0   0   0   0   0   0   0 100   0   0   0   0   0   0   0   0   0   0   0   0  2.46 0.64
  137 T   -2 -4 -2 -4 -4 -4 -4 -5 -4  4  0 -4 -2 -3 -4 -2  6 -5  1 -1    1   0   1   0   0   0   0   0   0  29   6   0   0   0   0   1  55   0   6   1  1.07 0.44
  138 L   -2 -5 -6 -6 -4 -5 -5 -6 -5  1  6 -5  2 -2 -5 -5 -1 -4 -4 -1    2   0   0   0   0   0   0   0   0   5  84   0   3   0   0   0   5   0   0   1  1.34 0.45
  139 Q   -4 -2 -1 -4 -3  7 -1 -5  6 -6 -5 -1 -4 -5 -5 -3 -3 -1  1 -4    0   0   2   0   1  64   2   0  22   0   1   1   0   0   0   1   1   1   5   1  1.70 0.57
  140 L   -3 -5 -6 -6 -4 -5 -5 -6 -5  2  5 -5  0  4 -5 -4 -3 -3 -1  2    1   0   0   0   0   0   0   0   0   8  55   0   1  17   0   0   0   0   1  17  0.93 0.34
  141 F   -5 -6 -6 -7 -1 -6 -6 -6 -2 -3 -2 -6 -3  8 -7 -5 -5 -2  6 -4    0   0   0   0   1   0   0   0   1   0   2   0   0  73   0   0   0   0  23   0  2.24 0.60
  142 R   -4  8 -3 -5 -6 -2 -2 -4 -3 -6 -5 -1 -4 -3 -5 -2  2 -6 -2 -4    0  79   0   0   0   0   2   1   0   0   0   1   0   1   0   1  13   0   2   1  1.76 0.56
  143 T   -2 -2  1  3 -4 -1 -1 -2 -1 -4 -4  0 -4 -5 -3  3  5 -5 -3 -3    0   1   7  16   0   2   2   1   1   0   0   5   0   0   0  20  45   0   0   0  0.79 0.36
  144 E    1  0 -2  0 -5  6  3 -3  0 -5 -5 -1 -3 -5  2 -1 -2 -5 -4 -4   14   4   1   3   0  44  17   1   2   0   0   2   0   0   9   2   1   0   0   0  0.86 0.37
  145 Q    2  1 -2 -2 -2  4  1 -2  1 -4 -4  4 -3 -2 -3 -1 -2 -4 -1 -4   23   6   0   1   1  21   8   1   3   0   0  28   0   2   0   3   0   0   2   0  0.54 0.28
  146 Q   -3 -2 -3  2 -6  7  3 -2 -3 -6 -5 -2 -4 -6 -4  0 -3 -5 -5 -4    1   0   0  12   0  56  20   3   0   0   0   0   0   0   0   7   0   0   0   1  1.29 0.48
  147 Y   -4 -4 -5 -6 -4 -4 -5 -6 -4  0  4 -5  2  5 -5 -4 -3 -2  2  1    0   0   0   0   0   0   0   0   0   2  44   0   5  29   0   1   0   0   6  11  0.92 0.33
  148 E    0 -2 -1  6 -5  1  4 -4 -3 -5 -5 -1 -5 -6 -4 -2 -2 -6 -5 -5   10   1   1  50   0   4  27   0   0   0   0   3   0   0   0   1   1   0   0   0  1.13 0.40
  149 N    3 -1  2  0 -3 -1 -1  2  2 -3 -2 -1  0 -3 -3  0  0 -4 -3 -2   34   4  11   4   0   2   3  15   6   0   4   2   3   0   0   6   4   0   0   0  0.31 0.19
  150 A    5 -4 -3 -4 -3 -3 -3  1 -3  1 -3 -3 -2 -4 -3  2 -1 -5 -2  1   51   0   0   0   0   0   0  10   0  10   0   0   0   0   0  13   3   0   1  11  0.63 0.31
  151 T    3  0 -2 -2  0  2  1  1  0 -1  0  0 -1 -3 -1  0  0 -4 -2 -1   28   4   0   0   2  14   8  12   2   4   9   4   1   0   2   4   5   0   0   2  0.19 0.15
  152 R    1  3  0 -1 -4  1  0 -1  0 -4 -2  4 -3 -5  1 -1 -2 -5 -3 -3   11  18   3   3   0   4   5   4   2   0   3  36   0   0   8   1   0   0   0   1  0.50 0.24
  153 D    2 -3  1  6 -5 -2 -2 -2 -2 -4 -5 -2 -2 -6  1 -1 -3 -6 -5 -4   19   1   5  58   0   1   0   2   1   1   0   1   1   0   7   3   1   0   0   0  1.07 0.39
  154 I    2 -3 -4 -4 -3 -3 -4 -4 -4  4  1 -3  4 -2 -4 -2  1 -4 -1  2   21   1   0   0   0   1   0   0   0  35   8   0  12   0   0   1   9   0   2  12  0.56 0.27
  155 A    3  3 -2  0 -4  1  3 -1 -2 -4 -3  2 -3 -5 -3  0 -2 -5 -4 -3   36  15   0   3   0   5  19   4   1   0   1  12   0   0   0   3   1   0   0   0  0.51 0.26
  156 V    0 -2 -5 -5 -3  0 -2 -5 -4  2  2 -3  0 -2 -4 -3 -2 -4 -2  5    7   2   0   0   0   5   2   0   0   8  21   1   1   1   0   0   0   0   1  51  0.67 0.30
  157 L   -3 -5 -6 -6 -4 -5 -6 -6 -5 -1  6 -5  6 -2 -6 -5 -3 -4 -4 -2    1   0   0   0   0   0   0   0   0   0  77   0  22   0   0   0   1   0   0   0  1.56 0.50
  158 E    1  4 -2  1 -4  2  3 -3 -2 -4 -4  2 -3 -5 -3 -1 -1 -5 -4 -3   14  27   1   7   0   9  20   0   0   1   1  11   0   0   0   3   4   0   0   1  0.54 0.25
  159 D    1  1 -2  3 -5  3  4 -3 -1 -5 -5  0 -4 -4 -3 -1 -2 -5 -4 -4   16   8   0  19   0  15  33   0   1   0   0   3   0   0   0   3   1   0   0   0  0.69 0.30
  160 A    1 -3  0  0  2 -2 -1 -1  2 -2  1 -3  0  3 -3  1 -1  1  3 -2   18   0   5   6   4   0   3   3   5   0  15   0   2  13   0  11   1   1  12   1  0.20 0.16
  161 G   -2 -4  1 -3 -6 -4 -3  7 -2 -7 -7 -4 -6 -6 -5 -3 -4 -6 -6 -6    2   1   6   0   0   0   1  89   1   0   0   0   0   0   0   0   0   0   0   0  1.96 0.54
  162 V   -3 -5 -5 -6  5 -5 -5 -6 -5  3  1 -5  0 -3 -5 -3  0 -5 -4  6    0   0   0   0  11   0   0   0   0  15   9   0   1   0   0   1   4   0   0  58  1.07 0.38
  163 P    0  1 -2  2 -5  0  1 -3 -3 -5 -5 -1 -5 -6  7 -2 -3 -6 -5 -4    7   8   2  10   0   3  10   1   0   0   0   2   0   0  55   1   1   0   0   0  1.30 0.41
  164 Y   -3  3 -4 -5 -3 -2 -4 -5  5 -2 -2 -2 -3  4 -5 -3 -4  2  6 -3    1  21   0   0   1   1   0   0  13   2   4   1   0  17   0   0   0   2  36   1  1.09 0.39
  165 Q   -2  4 -1  0 -5  4  5 -4 -1 -5 -4  0 -4 -5 -4 -1 -2 -5 -3 -5    3  24   2   4   0  20  37   0   1   0   1   3   0   0   0   3   1   0   1   0  0.88 0.35
  166 L   -1 -2 -4 -4 -3 -2 -1 -4 -3  1  4 -3  1 -1 -1 -2 -1 -1 -3  3    2   2   0   0   0   1   5   0   0   7  42   0   3   1   3   3   3   1   0  26  0.46 0.22
  167 L   -3 -3 -5 -5  0 -4 -5 -5 -5  2  5 -3  2 -1 -5 -4 -3 -4 -3  2    0   1   0   0   2   0   0   0   0  10  64   2   4   1   0   0   0   0   0  15  0.94 0.33
  168 E   -2 -3  1  6 -4 -2  1 -1 -3 -5 -4 -2 -4 -5 -2  3  1 -5 -4 -4    1   0   6  44   0   0   6   4   0   0   1   1   0   0   1  24  11   0   0   0  0.85 0.33
  169 S    3  4 -2 -3 -3 -1 -2 -2 -3 -2 -3 -1 -3 -4  3  0 -1 -5 -4  1   31  27   1   0   0   1   0   2   0   1   1   2   0   0  15   4   2   0   0  11  0.55 0.27
  170 S    2 -1  1  5 -4  0  3 -1  0 -4 -4 -1 -2 -5 -3  0 -1 -5 -4 -3   23   2   5  35   0   3  17   2   2   0   1   3   1   0   0   4   2   0   0   0  0.61 0.26
  171 R    0  1 -1  0 -5  3  4  3 -2 -5 -4 -1 -4 -5 -3 -1 -3 -5 -4 -4    7   7   1   3   0  18  33  27   1   0   1   1   0   0   0   1   0   0   0   0  0.72 0.31
  172 L    1 -5 -5 -5  9 -5 -5 -5 -5  1  2 -5 -1 -3 -5 -3 -3 -5 -4  1   10   0   0   0  42   0   0   0   0   9  24   0   0   0   0   0   1   0   0  11  1.24 0.39
  173 A    2 -1 -3 -4 -2 -3 -2 -2 -2  3  2 -2  0 -2 -3 -2  0 -4 -3  3   20   3   1   0   0   0   1   2   1  20  16   1   1   0   0   1   4   0   0  27  0.35 0.19
  174 E    2  3 -1 -1 -3  2  2 -1 -2 -4 -3  1 -3 -4 -3  0  0 -4 -3 -2   22  22   2   2   0   9  15   4   0   0   1   9   0   0   0   5   7   0   0   1  0.38 0.20
  175 V    1  0 -3 -4 -3 -1 -3 -3  1  3  1 -2 -1  0 -3 -2 -2 -3  0  3   17   6   0   0   0   4   0   0   5  23  11   1   0   4   0   1   1   0   3  22  0.30 0.18
  176 E   -4 -3 -3  0 -7 -1  8 -5 -3 -6 -6 -2 -5 -6 -4 -3 -4 -6 -5 -6    0   0   0   2   0   1  95   0   0   0   0   0   0   0   0   0   0   0   0   0  2.19 0.65
  177 P   -4 -6 -5 -5 -6 -5 -5 -6 -6 -6 -6 -4 -6 -7  9 -4 -4 -7 -6 -6    0   0   0   0   0   0   0   0   0   0   0   0   0   0  98   0   1   0   0   0  3.14 0.75
  178 A    6 -4 -3 -4 -3 -4 -4  4 -4 -4 -5 -4 -4 -5 -4 -1 -3 -5 -5 -3   68   0   1   0   0   0   0  29   0   0   0   0   0   0   0   1   0   0   0   0  1.30 0.46
  179 L   -4 -5 -6 -6 -4 -5 -6 -6 -6  0  6 -5 -1 -1 -6 -5 -4 -4 -4 -2    0   0   0   0   0   0   0   0   0   1  95   0   0   2   0   0   0   0   0   0  1.69 0.52
  180 A    5  1 -3 -3 -3 -2  0 -1  0 -4 -4  0 -2 -4 -3  0 -1 -5 -2 -3   66   7   0   0   0   1   6   3   3   0   0   4   0   0   0   5   2   0   1   0  0.82 0.36
  181 E    1  1  0  0 -2  1  0  0  4 -3 -3 -1 -2 -2  2  0 -1  2 -1 -3   16   8   4   6   0   5   3   8  15   0   2   2   0   1  13   8   4   4   1   1  0.27 0.15
  182 V    3 -2 -3 -4  0 -2 -3 -2 -1  2 -1 -3  0 -2 -3  0  0 -4 -1  4   25   1   1   0   2   1   0   2   2   8   2   1   2   1   0   6   4   0   2  41  0.43 0.23
  183 A    1  4 -1 -1 -4  1 -1  0  0 -2 -3  2 -3 -4 -2  0  0 -4 -3 -2   15  30   2   3   0   7   1   5   2   2   2  16   0   0   1   8   4   0   0   2  0.39 0.20
  184 H    0 -2  0  4 -4  0  1  1  6 -4 -4 -1 -3 -4  0 -1 -1 -5 -2 -2   10   1   3  24   0   3   9  13  22   0   0   2   0   0   5   2   4   0   0   3  0.54 0.24
  185 K   -1  2 -1 -1 -4  2  0 -2 -1 -3 -2  5 -2 -4  0 -1  0 -5 -4 -3    5  11   2   2   0   9   4   2   1   1   3  46   1   0   5   2   5   0   0   1  0.58 0.27
  186 L   -4 -5 -5 -5 -4 -5 -5 -6 -5  4  5 -5  0  3 -1 -4 -3 -4 -2  0    0   0   0   0   0   0   0   0   0  30  52   0   0  11   3   0   0   0   0   1  0.96 0.34
  187 T    3 -2 -3 -4 -2 -3 -3 -3 -4  0 -2 -1 -2 -2 -3  0  2 -4 -3  4   29   2   0   0   0   0   1   0   0   3   1   4   0   1   0   4  16   0   0  38  0.55 0.28
  188 G   -2 -5 -3 -4 -5 -5 -5  7 -5 -6 -6 -4 -6 -6 -5 -2 -4 -5 -6 -5    2   0   0   0   0   0   0  95   0   0   0   0   0   0   0   2   0   0   0   0  2.19 0.57
  189 G    2 -5 -3 -4 -5 -4 -5  7 -5 -6 -6 -4 -5 -6 -5 -3 -4 -5 -5 -5   20   0   0   0   0   0   0  78   0   0   0   0   0   0   0   0   0   0   0   0  1.74 0.50
  190 L   -3 -4 -4  0 -2 -4 -4 -5 -5  2  5 -4  0 -2 -4 -2  1 -4 -3  0    0   0   0   7   0   0   0   0   0  10  63   0   1   1   0   2  11   0   0   4  0.77 0.32
  191 Q   -4  5 -3 -4 -5  0 -3 -5  4 -4  0 -2 -2  3 -5 -4 -4  1  6 -4    0  36   0   0   0   4   0   0  11   0   8   0   0  10   0   0   0   2  27   0  1.00 0.37
  192 L   -1 -4 -4 -5  2 -4 -4 -5 -5 -1  5 -4 -1  0 -4 -1  3 -4 -3 -2    4   0   0   0   5   0   0   0   0   0  61   0   0   2   0   3  23   0   0   0  0.88 0.36
  193 P    0 -4 -5 -3 -6 -3 -2 -5 -5 -4 -6 -3 -5 -7  8 -1 -3 -7 -6 -5    7   1   0   1   0   1   3   0   0   1   0   1   0   0  81   3   1   0   0   0  2.29 0.61
  194 N   -1 -1  4  3 -4 -1  1  2  1 -2 -3  0 -3 -4 -3  0  0 -5 -3 -4    4   2  24  18   0   1  10  16   4   2   3   4   0   0   0   6   6   0   0   0  0.44 0.21
  195 D   -5 -5 -2  8 -7 -4 -2 -5 -5 -7 -7 -4 -7 -7 -5 -4 -5 -8 -7 -7    0   0   0 100   0   0   0   0   0   0   0   0   0   0   0   0   0   0   0   0  2.70 0.71
  196 E   -2 -2 -3 -2 -3  2  7 -3 -3 -6 -6 -2 -5 -6 -4 -3 -4 -6 -5 -6    2   1   0   0   1   9  86   1   0   0   0   0   0   0   0   1   0   0   0   0  1.87 0.60
  197 T   -1 -4 -3 -4 -4 -2 -3 -4 -2 -4 -5 -3 -4 -5 -4  4  6 -6 -5 -3    4   0   0   0   0   1   0   0   1   0   0   0   0   0   0  35  60   0   0   0  1.39 0.52
  198 G   -3 -6 -4 -5 -6 -5 -5  8 -5 -7 -7 -5 -6 -7 -6 -4 -5 -6 -7 -7    0   0   0   0   0   0   0 100   0   0   0   0   0   0   0   0   0   0   0   0  2.46 0.64
  199 D   -5 -5  1  8 -7 -4 -2 -5 -4 -7 -7 -4 -7 -7 -5 -4 -4 -8 -7 -7    0   0   6  94   0   0   0   0   0   0   0   0   0   0   0   0   0   0   0   0  2.47 0.66
  200 C    3 -6 -5 -6 10 -5 -6 -5 -6 -3 -4 -5 -4 -5 -5 -1 -4 -6 -5 -1   27   0   0   0  63   0   0   0   0   1   0   0   0   0   0   4   0   0   0   4  2.20 0.59
  201 Q   -1  3  0 -3 -2  3 -2 -4  6 -4 -3 -1 -3  4 -1 -3 -3 -3  3 -4    4  15   4   0   1  17   0   0  22   0   0   3   0  17   4   0   0   0  12   0  0.71 0.32
  202 L   -3  2 -4 -4 -4  1 -2 -5 -3  0  4  3  3 -3 -4 -3 -3 -4 -3  0    1  10   0   0   0   8   1   0   0   3  45  19   9   0   0   0   0   0   0   4  0.58 0.28
  203 F   -6 -6 -7 -7 -6 -7 -7 -7 -5 -4 -2 -7 -3  9 -7 -6 -6 -3  0 -4    0   0   0   0   0   0   0   0   0   0   1   0   0  99   0   0   0   0   0   0  2.93 0.73
  204 T   -1 -5 -3 -4  4 -4 -4 -5 -5 -4 -4 -4 -4 -5 -4 -1  7 -6 -5 -1    4   0   0   0   9   0   0   0   0   0   0   0   0   0   0   1  84   0   0   3  1.80 0.60
  205 Q   -2  4  2 -1  0  5  1 -3 -2 -3 -3  0 -3 -5 -4 -1  1 -5 -4 -2    2  22  12   2   2  33   5   0   0   1   1   3   0   0   0   2  11   0   0   3  0.65 0.31
  206 N    3  4  1 -2 -4  2  1  1 -1 -4 -4  1 -3 -5 -3 -1 -2 -5 -4 -3   28  27   6   0   0  11   9   9   1   0   1   5   0   0   0   2   1   0   0   0  0.52 0.26
  207 L   -4 -5 -7 -7 -4 -5 -6 -7 -6 -1  7 -6  1 -2 -6 -6 -4 -5 -4 -2    0   0   0   0   0   0   0   0   0   0  97   0   2   0   0   0   0   0   0   1  1.80 0.55
  208 A    6  0 -4 -4 -3 -1 -2 -2 -1 -4 -4 -2 -4 -5 -4 -1  0 -5 -2 -2   76   5   0   0   0   2   1   1   2   0   0   1   0   0   0   2   6   0   1   1  1.11 0.44
  209 R    3  1 -2  1 -4  2  3 -2  0 -4 -4  2 -3 -5 -3 -1 -2 -5 -4 -3   30   7   0   8   0   9  22   2   2   0   0  15   0   0   0   2   1   0   0   0  0.49 0.25
  210 M   -2  2 -3 -4 -4 -1 -1 -4  3  1  2  2  5 -1 -4 -3 -3  1 -1 -1    2  13   0   0   0   2   4   0   8   8  23  12  21   1   0   0   0   2   2   1  0.44 0.24
  211 A    5 -5 -5 -5  8 -4 -4 -3 -5 -4 -1 -4 -4 -5 -4 -1 -3 -5 -5 -2   61   0   0   0  31   0   0   0   0   0   5   0   0   0   0   1   0   0   0   1  1.56 0.51
  212 E    2  2 -2 -1 -4  2  4 -3 -2 -1 -3  1 -2 -4 -3 -1 -1 -5 -4 -2   23   9   0   1   0  10  35   1   0   3   1   9   1   0   0   1   2   0   0   3  0.52 0.27
  213 Q    3  1 -1  0 -4  3  3  0 -1 -4 -4  1 -3 -5 -3  0 -1 -4 -4 -3   34   6   1   4   0  14  19   6   1   0   0   9   0   0   0   3   2   0   0   0  0.48 0.25
  214 A    3  2  0 -2 -3  1 -2 -3  0 -1  3  1  1 -3 -3 -2 -2 -4 -3 -2   29  12   4   1   0   6   1   1   2   1  30   7   4   0   0   1   0   0   0   0  0.32 0.22
  215 G   -3 -6 -4 -3 -6 -5 -5  8 -5 -7 -7 -5 -6 -6 -5 -3 -5 -6 -6 -6    0   0   0   1   0   0   0  99   0   0   0   0   0   0   0   0   0   0   0   0  2.40 0.62
  216 V   -1 -6 -6 -6 -4 -5 -6 -4 -6  0 -2 -5 -2 -4 -5 -5 -3 -6 -4  7    5   0   0   0   0   0   0   1   0   1   0   0   0   0   0   0   0   0   0  93  1.83 0.58
  217 K   -2  4  0  0 -4  2  3 -3 -1 -3 -3  3 -3 -4 -3  0  1 -4 -3 -1    2  23   3   3   0   9  19   0   1   1   1  17   0   0   0   4  12   0   0   4  0.47 0.23
  218 F   -6 -6 -7 -7 -6 -7 -7 -7 -5 -4 -2 -7 -2  9 -7 -6 -4 -2  0 -4    0   0   0   0   0   0   0   0   0   0   3   0   1  96   0   0   1   0   0   0  2.76 0.70
  219 R   -2  5 -3 -3 -4  1  0 -4  3 -1  2  0  0 -3 -4 -2 -3 -4 -2 -1    3  44   0   0   0   5   5   0   9   2  19   4   2   0   0   1   0   0   1   5  0.65 0.30
  220 F   -5 -4 -4 -6 -5 -4 -4 -5  0 -3 -1 -5  1  7 -6 -5 -5  3  7 -4    0   1   1   0   0   1   1   1   1   0   4   0   4  48   0   0   0   3  36   0  1.69 0.50
  221 N   -2 -2  5  3 -4 -2  0  4 -3 -6 -5 -3 -5 -5 -4  1 -3 -6 -5 -5    1   2  34  15   0   0   4  34   0   0   1   0   0   0   0   8   0   0   0   0  0.95 0.35
  222 T   -2  0 -2 -4  2  2 -2 -4  3 -3 -3 -2 -3 -4 -4 -1  6 -5 -4  1    2   5   0   0   4  10   1   0   8   0   1   1   0   0   0   2  55   0   0  10  0.86 0.39
  223 P    0  1  1  1 -3  1  1 -2  1 -3 -4 -1 -3 -4  2  1  3 -4 -3 -2    6   8   6   9   0   8  11   1   4   0   0   1   0   0   8   9  27   0   0   1  0.37 0.21
  224 V   -2 -6 -6 -6 -4 -5 -6 -6 -6  6 -1 -5 -2 -3 -5 -5 -3 -5 -4  5    3   0   0   0   0   0   0   0   0  54   2   0   0   0   0   0   0   0   0  42  1.41 0.45
  225 D   -1  1  0  2 -4  2  3 -3  0 -3 -2  1 -2 -4 -3  0  2 -2 -3 -2    2   7   3  15   0  12  21   1   2   0   5  10   1   0   0   6  13   0   0   3  0.34 0.18
  226 Q    2  4 -1 -1 -3  1 -1  2  0 -4 -4  1 -3 -4 -3  1 -2 -3 -3 -3   24  26   2   2   0   5   2  20   2   0   0   7   0   0   0   8   1   0   0   0  0.48 0.24
  227 L   -4 -5 -6 -6 -4 -5 -5 -6 -5  3  5 -5  0  1 -5 -5 -3  0 -3  0    0   0   0   0   0   0   0   0   0  19  69   0   1   5   0   0   0   2   0   5  1.15 0.39
  228 L    0  1  1  2 -2  0  2 -2  0  0  1 -1  0 -3 -3 -1 -1 -4 -3  0    6   7   6  16   0   4  20   2   2   5  17   1   1   0   0   2   1   0   0   9  0.18 0.14
  229 C    1  1 -2 -3  0  0 -1 -3  2  1 -1 -1  0 -1 -2  0  2 -3  0  2   13   8   1   0   2   4   2   0   7   6   2   3   3   2   1   3  18   0   3  20  0.16 0.14
  230 D    2 -1  0  3 -2  1  4 -2 -1 -3 -4 -1 -3 -5 -2  1  0 -5 -4 -2   18   2   3  16   1   7  32   2   1   1   1   1   0   0   1   9   4   0   0   2  0.49 0.24
  231 G    1  0  2 -1 -5 -2 -3  6 -3 -5 -5 -1 -4 -5 -3 -1 -3 -5 -5 -5   12   5   8   3   0   2   0  62   0   0   0   3   0   0   0   2   0   0   0   0  1.06 0.36
  232 E   -1 -1  2  4 -3  0  0  5 -1 -5 -5 -1 -4 -5 -3 -1 -1 -5 -5 -4    3   4   9  25   0   4   3  41   1   0   0   4   0   0   0   3   3   0   0   0  0.74 0.28
  233 Q    0  6 -2 -2 -3  2  0 -2  0 -4 -4  3 -3 -5 -4 -2 -1 -5 -4 -4    8  47   1   1   0  11   6   2   3   0   0  16   0   0   0   2   3   0   0   0  0.85 0.33
  234 I   -2 -5 -6 -6 -4 -5 -5 -6 -6  6  0 -4  0 -2 -4 -4 -3 -3 -4  5    2   0   0   0   0   0   0   0   0  52   4   0   2   1   0   0   0   0   0  37  1.23 0.41
  235 Y    1  1  0  1  0  0  0 -2  0 -1 -1  0 -1 -2 -3  1  3 -3 -1  0   12  10   4   7   2   4   3   1   2   2   5   6   1   0   0  10  23   0   2   6  0.16 0.13
  236 G    2 -3 -2 -4 -4 -2 -3  6  0 -5 -5 -3 -3 -5 -4  1 -2 -5 -3 -5   17   1   1   0   0   1   1  63   3   0   0   1   1   0   0  11   1   0   1   0  1.16 0.38
  237 V   -1 -5 -6 -6 -4 -5 -5 -5 -6  2 -1 -5 -1 -4 -5 -4 -3 -6 -4  7    3   0   0   0   0   0   0   0   0  10   3   0   0   0   0   0   0   0   0  82  1.54 0.50
  238 K   -1  3 -1 -1 -3  3  3 -3  0 -1 -2  1  0 -3 -3  0  0  2 -2  0    3  21   1   2   0  14  20   0   2   4   4   6   2   0   0   4   6   3   1   7  0.32 0.19
  239 C   -1 -4 -3 -4  4 -3 -4 -2 -4  2 -1 -4 -1 -3 -4 -1  5 -5 -4  2    5   0   0   0  10   1   0   2   0  12   4   0   1   0   0   1  47   0   0  17  0.76 0.34
  240 G    0  1  1  3 -4 -1  0  2  0 -2 -4 -1 -3 -4 -2  2  0 -5 -4 -3    7   9   8  22   0   1   3  18   3   3   0   1   0   0   1  18   5   0   0   0  0.37 0.19
  241 D    1  1  0  2 -3  1  0  2  2 -4 -3  1 -1 -3 -2  0 -1 -4 -1 -3   15  10   4  13   0   8   4  20   7   0   1   7   2   0   0   4   4   0   1   0  0.28 0.15
  242 E   -1 -1 -2 -1 -5  2  4  5 -1 -5 -5  0 -4 -5 -3 -2 -3 -5 -4 -4    4   3   0   3   0  11  28  45   1   0   0   4   0   0   0   0   0   0   0   1  0.86 0.34
  243 V   -1  3 -2 -1 -3 -1  0 -3 -2  1  1 -1  0 -2  1 -1  2 -2 -3  1    2  19   0   4   0   2   5   0   1   8  16   2   2   1   6   2  17   0   0  13  0.18 0.14
  244 I   -3 -3 -4 -4 -3 -2 -1 -5 -1  3  4 -3  2  2 -4 -4 -3 -3 -1  2    1   1   0   0   0   1   6   0   2  18  40   0   5  10   0   0   0   0   1  16  0.55 0.24
  245 K    0  2 -1  0 -3  1  1 -1  1 -2 -3  2 -2 -4 -2  1  3 -4 -3 -1    8  11   1   4   0   7   7   2   3   1   1  16   1   0   1   8  24   0   0   4  0.28 0.17
  246 A    6 -4 -4 -4 -2 -4 -4  2 -4 -4 -4 -4 -2 -2 -3 -1 -2 -5 -4 -3   81   0   0   0   1   0   0  12   0   0   0   0   1   2   0   2   1   0   0   0  1.35 0.49
  247 D   -4 -5 -2  8 -7 -3  0 -5 -4 -6 -7 -4 -6 -7 -5 -3 -4 -7 -6 -6    1   0   0  94   0   0   4   0   0   0   0   0   0   0   0   0   0   0   0   0  2.41 0.65
  248 A    5  3 -2 -3 -2  0 -2 -2  0 -2 -3 -1 -3 -4 -3  1 -1 -2 -4 -2   57  15   1   1   0   4   1   1   3   1   1   3   0   0   0   8   2   1   0   1  0.68 0.32
  249 Y   -4 -5 -5 -6  0 -5 -5 -6 -1  0 -2 -5 -3  4 -6 -5 -3 -1  8  2    0   0   0   0   2   0   0   0   0   4   1   0   0  15   0   0   1   0  57  18  1.58 0.49
  250 V   -3 -5 -6 -6 -4 -5 -5 -6 -6  0  0 -5 -2 -4 -5 -5 -3 -6 -4  7    0   0   0   0   0   0   0   0   0   1   7   0   0   0   0   0   0   0   0  91  1.79 0.56
  251 M   -1 -4 -5 -5  2 -4 -5 -5 -5  1  3 -4  3 -1 -5 -4 -3 -4 -3  5    5   0   0   0   4   0   0   0   0   4  27   0   9   1   0   0   0   0   0  49  0.84 0.33
  252 A    6 -4 -4 -5  4 -4 -4 -3 -4 -4 -4 -4 -4 -5 -4  1 -2 -5 -5 -3   82   0   0   0   8   0   0   0   0   0   0   0   0   0   0   8   1   0   0   0  1.48 0.51
  253 F   -1 -4 -5 -6  2 -4 -5 -5 -5 -1  5 -4  6  2 -5 -3 -3 -4 -3 -2    4   0   0   0   4   0   0   0   0   0  59   0  21   8   0   2   1   0   0   0  1.04 0.38
  254 G   -2 -6 -4 -5 -6 -5 -5  7 -5 -7 -7 -5 -6 -6 -5 -3 -5 -6 -6 -6    2   0   0   0   0   0   0  98   0   0   0   0   0   0   0   0   0   0   0   0  2.36 0.62
  255 S    0 -4 -2 -3  2 -3 -3 -3 -4 -5 -5 -3 -4 -4 -1  7 -1 -6 -4 -1    4   0   1   0   4   0   0   1   0   0   0   0   0   0   2  82   0   0   0   5  1.42 0.54
  256 Y   -3 -5 -5  0 -5 -2 -1 -5  2 -4 -3 -5 -4  4 -6 -3 -4  3  8 -4    2   0   0   5   0   1   4   0   4   0   1   0   0  18   0   1   0   4  59   1  1.62 0.50
  257 S   -1 -4 -2 -3 -3 -3 -3 -1 -4 -5 -5 -3 -4 -6 -4  7  1 -6 -5 -5    3   0   0   0   0   0   0   3   0   0   0   0   0   0   0  85   8   0   0   0  1.58 0.57
  258 T    1  1 -2 -3 -4 -2 -3 -2 -2 -4 -3 -1 -4 -5  6 -1  3 -5 -4 -1   12  10   1   0   0   1   1   2   1   0   1   3   0   0  41   2  20   0   0   6  0.90 0.34
  259 A    2  0 -1  0 -3  1 -1  0 -1 -1  1  0 -1  0  2 -1 -1 -3 -2 -1   20   5   1   5   0   8   3   7   1   3  21   4   1   5  11   3   3   0   0   0  0.13 0.12
  260 M   -3 -5 -6 -6 -4 -4 -5 -6 -5  1  5 -5  4  2 -5 -5 -3  0 -2  0    1   0   0   0   0   0   0   0   0   4  68   0  10   9   0   0   0   1   1   6  1.11 0.38
  261 L    1 -2 -5 -5 -3 -4 -5 -3 -5  0  5 -4  2 -2 -5 -3 -3 -4 -3  2   12   2   0   0   0   0   0   2   0   1  65   0   4   0   0   1   1   0   0  12  0.85 0.34
  262 K    1  5 -2 -3 -5  1 -1 -2 -2 -5 -4  4 -3 -5 -1  0 -2 -5 -3 -4   15  33   1   0   0   5   2   2   1   0   0  31   0   0   3   5   1   0   0   0  0.76 0.32
  263 G   -1  1 -1  0 -5  2 -2  0 -1 -5 -3 -1 -4 -5  7 -1 -2 -6 -4 -4    4   7   2   5   0   9   1   7   1   0   3   3   0   0  53   3   2   0   0   0  1.13 0.37
  264 I   -3 -4 -5 -6 -2 -4 -5 -1 -3  2  5 -4  0  1 -5 -4 -3 -1 -1  1    1   1   0   0   1   0   0   5   1  12  66   0   1   5   0   0   0   1   2   6  0.86 0.33
  265 V   -3 -5 -5 -5 -3 -3 -5 -4 -5  5  3 -3  1 -1 -4 -4 -3 -2  0  3    0   0   0   0   0   1   0   1   0  40  30   1   2   1   0   0   0   0   3  20  0.83 0.31
  266 D   -1  4  2  4 -5 -1  0 -2  3 -5 -4  2 -4 -3 -1  0 -1 -5 -2 -4    4  25   8  24   0   1   2   1   7   0   0  14   0   1   2   8   2   0   1   0  0.55 0.25
  267 I   -1 -5 -5 -6  1 -4 -5 -5 -5  4  5 -5  0 -2 -4 -4 -3 -4 -3  1    6   0   0   0   3   0   0   0   0  22  59   0   0   0   0   0   1   0   0   8  0.93 0.34
  268 P   -3 -4  0 -4 -4 -5 -4 -5 -5 -6 -4 -4  0 -7  8 -4 -4 -7 -6 -6    1   0   4   1   0   0   0   0   0   0   1   0   2   0  88   0   0   0   0   0  2.62 0.67
  269 V   -2 -5 -6 -6 -4 -5 -5 -6 -6  5  1 -5 -1 -3 -5 -4 -3 -5 -4  6    2   0   0   0   0   0   0   0   0  35   7   0   0   0   0   0   0   0   0  56  1.28 0.42
  270 Y   -6 -6 -6 -7 -6 -5 -6 -7 -1 -3 -5 -6 -5  0 -7 -5 -5 -1 10 -4    0   0   0   0   0   0   0   0   0   1   0   0   0   1   0   0   0   0  96   1  3.07 0.79
  271 P   -5 -6 -6 -5 -7 -5 -5 -6 -6 -7 -7 -5 -6 -8  9 -5 -5 -8 -7 -6    0   0   0   0   0   0   0   0   0   0   0   0   0   0 100   0   0   0   0   0  3.28 0.79
  272 L    2 -4 -5 -5 -1 -4 -4 -1 -5  1  2 -4  0 -3 -4 -3 -2 -5 -3  5   16   0   0   0   1   0   0   5   0   3  22   0   1   0   0   0   1   0   0  51  0.73 0.32
  273 K   -4 -1 -4 -4 -7 -2 -3 -5 -4 -6 -6  8 -5 -7 -4 -4 -4 -7 -5 -6    0   0   0   0   0   0   0   0   0   0   0 100   0   0   0   0   0   0   0   0  2.37 0.69
  274 G   -3 -6 -4 -5 -6 -5 -5  8 -5 -7 -7 -5 -6 -7 -6 -4 -5 -6 -7 -7    0   0   0   0   0   0   0 100   0   0   0   0   0   0   0   0   0   0   0   0  2.46 0.64
  275 Y   -6 -6 -6 -7 -6 -5 -6 -7 -2 -5 -5 -6 -5  1 -7 -6 -5 -1 10 -5    0   0   0   0   0   0   0   0   0   0   0   0   0   3   0   0   0   0  97   0  3.14 0.80
  276 S   -1 -4 -3 -4 -4 -3 -3 -4 -4 -6 -6 -4 -5 -6 -4  7 -1 -6 -5 -5    1   0   0   0   0   0   0   0   0   0   0   0   0   0   0  97   2   0   0   0  2.00 0.67
  277 L    2 -4 -5 -5 -3 -4 -4 -4 -5  3  4 -4  0 -2 -4 -3 -3 -4 -3  2   22   0   0   0   0   0   0   0   0  22  46   0   1   0   0   0   0   0   0  10  0.76 0.31
  278 T   -3 -5 -3 -5 -4 -4 -4 -5 -5 -4 -5 -4 -4 -6 -5 -1  8 -6 -5 -4    0   0   0   0   0   0   0   0   0   0   0   0   0   0   0   1  99   0   0   0  2.32 0.71
  279 I    0 -4 -5 -5 -2 -4 -4 -5 -4  3  3 -4  2  2 -4 -3 -2 -3  1  4    7   0   0   0   0   0   0   0   0  21  25   0   5   7   0   0   1   0   4  29  0.60 0.25
  280 P   -2 -3 -3 -1 -6 -2 -4 -5 -5 -6 -6 -2 -2 -7  8 -3 -3 -7 -6 -6    2   2   1   3   0   2   0   0   0   0   0   3   1   0  83   1   1   0   0   0  2.37 0.62
  281 I   -2 -5 -5 -6 -3 -5 -5 -6 -5  6  1 -5  1 -3 -5 -4 -2 -5 -4  4    2   0   0   0   0   0   0   0   0  51  11   0   3   0   0   0   1   0   0  31  1.13 0.38
  282 A    1  1 -1 -1 -3 -1 -1 -2 -1  1  0  0 -1 -3 -2  0  3 -4 -3  1   10   7   2   4   0   1   4   2   1  10   9   7   1   0   1   3  25   0   0  13  0.16 0.14
  283 Q   -3 -1  4  7 -2 -2  0 -1 -1 -5 -6 -2 -5 -6  0 -2 -3 -6 -5 -4    1   3  18  59   1   1   4   4   1   0   0   2   0   0   4   1   0   0   0   1  1.21 0.40
  284 E    3 -2 -2  1 -4 -1  3 -2  0 -4 -4 -2 -4 -4  5 -1 -2 -5 -3 -3   26   2   1   7   0   0  26   2   2   0   1   0   0   0  26   4   1   0   1   1  0.71 0.30
  285 D    2 -2  0  2 -3  1  2 -1  0 -3 -2 -1 -2 -4 -2  2  0 -4 -2 -3   23   0   4  13   0   5  17   3   3   1   3   1   0   0   1  21   3   0   1   0  0.35 0.20
  286 G    2  3 -1 -1 -3  1 -1  1  0 -3 -1  2  1  0 -3 -1 -2 -3 -1 -2   18  21   1   2   0   5   1  14   2   0   7  12   5   5   0   2   1   0   2   1  0.22 0.16
  287 A    7 -4 -4 -5 -3 -4 -4 -1 -5 -4 -5 -4 -4 -5 -1  0 -1 -6 -5 -3   86   0   0   0   0   0   0   3   0   0   0   0   0   0   3   6   2   0   0   0  1.50 0.53
  288 P   -4 -6 -6 -5 -6 -5 -5 -6 -1 -6 -6 -5 -6 -3  9 -3 -5 -7 -2 -6    0   0   0   0   0   0   0   0   2   0   0   0   0   1  94   1   0   0   2   0  2.95 0.73
  289 V   -2  1 -1 -2 -2  2  1 -4 -2 -1 -1 -2  1 -1 -3 -1  2 -2 -1  3    1  10   2   1   0  13   8   0   0   1   5   0   3   3   0   3  19   0   2  27  0.27 0.21
  290 S    0 -4 -3 -3 -3 -3 -3 -1 -4 -1 -2 -3  0 -4 -4  5 -1 -5 -4  3    5   0   0   0   0   0   0   3   0   2   3   0   2   0   0  57   2   0   0  26  0.83 0.38
  291 T    1 -4 -2 -3 -1 -3 -3  0 -4 -4 -4 -3 -4 -5 -4  3  6 -5 -4 -3   10   0   0   0   1   0   0   7   0   0   0   0   0   0   0  26  57   0   0   0  1.09 0.43
  292 I   -3 -4 -5 -5 -3 -4 -5 -1 -5  3  3 -4  0 -2 -5 -4 -1 -4 -3  5    0   0   0   0   0   0   0   6   0  19  31   0   1   0   0   0   2   0   0  42  0.79 0.30
  293 L   -2 -4 -2 -5 -3 -3 -4 -5 -4  2  3 -4  7 -2 -4 -2  3 -4 -3  0    2   0   2   0   0   0   0   0   0  11  29   0  33   0   0   1  18   0   0   4  0.83 0.34
  294 D   -5 -5 -2  8 -7 -4 -1 -5 -4 -7 -7 -4 -6 -7 -5 -4 -4 -8 -3 -7    0   0   0  97   0   0   2   0   0   0   0   0   0   0   0   0   0   0   1   0  2.51 0.64
  295 E   -3 -3 -2  4 -6 -1  7 -4 -3 -6 -6 -2 -5 -6 -4 -1 -3 -6 -5 -5    1   0   0  19   0   1  74   1   0   0   0   1   0   0   0   2   0   0   0   0  1.60 0.50
  296 T   -1 -3  0 -1 -3 -2  1 -1  0 -4 -4 -2 -3 -4 -3  3  5 -5 -1 -3    4   0   3   3   0   0  11   5   2   0   0   1   0   0   0  21  48   0   3   0  0.73 0.33
  297 Y   -4  0 -1 -5 -5 -1 -4 -5  4 -4 -2 -2 -3  3 -6 -4 -4 -1  8 -3    0   6   4   0   0   2   0   0  11   0   4   2   0   8   0   1   0   0  61   2  1.54 0.47
  298 K   -4  1 -3 -4 -6 -2 -2 -5 -4 -5 -1  8 -4 -6 -4 -3 -4 -6 -5 -5    0   4   0   0   0   0   0   0   0   0   6  90   0   0   0   0   0   0   0   0  1.89 0.57
  299 I   -3 -5 -5 -5 -2 -4 -5 -6 -5  5  1 -5  2 -3 -5 -4  0 -5 -3  5    0   0   0   0   0   0   0   0   0  34  12   0   5   0   0   0   4   0   0  45  0.99 0.34
  300 A    6 -4 -4 -5 -3 -4 -4 -1 -5 -2 -3 -4  0 -3 -4 -1 -3 -5 -4  3   68   0   0   0   0   0   0   4   0   0   0   0   3   1   0   1   0   0   0  24  1.09 0.42
  301 I   -3 -5 -5 -5  0 -4 -5 -6 -4  5  0 -5  2  2 -5 -4 -2  2  3  2    0   0   0   0   2   0   0   0   0  48   6   0   6  10   0   0   1   3  10  14  0.85 0.31
  302 T    0 -4 -2 -4 -4 -3 -3 -4 -4 -4 -4 -3 -4 -5 -3  4  6 -5 -4 -3    5   0   0   0   0   0   0   0   0   0   0   0   0   0   0  30  65   0   0   0  1.40 0.50
  303 R   -5  8 -2 -5 -7 -2 -3 -6 -4 -7 -6 -1 -5 -6 -6 -4 -4 -6 -5 -6    0  99   1   0   0   0   0   0   0   0   0   0   0   0   0   0   0   0   0   0  2.54 0.67
  304 F   -4 -5 -6 -6 -4 -5 -6 -6 -4 -2  4 -5  2  6 -6 -5 -4 -3  0 -2    0   0   0   0   0   0   0   0   0   0  51   0   4  43   0   0   0   0   2   0  1.37 0.42
  305 D   -3 -5 -2  5 -6 -4 -2  6 -4 -6 -6 -4 -6 -6 -5 -2 -3 -6 -6 -6    0   0   1  32   0   0   2  65   0   0   0   0   0   0   0   1   1   0   0   0  1.55 0.45
  306 N   -3 -1  4  6 -5  2  1 -3 -2 -5 -6 -1 -5 -6 -1 -1 -2 -6 -5 -5    1   2  24  48   0   9   6   1   0   0   0   2   0   0   3   2   2   0   0   0  1.07 0.36
  307 R   -4  8 -1 -4 -6  0 -2 -5  0 -6 -5  0 -4 -4 -5 -3 -2 -6 -5 -5    0  85   3   0   0   2   2   0   2   0   0   3   0   1   0   0   2   0   0   1  1.91 0.55
  308 I   -4 -5 -6 -6 -4 -5 -6 -6 -6  6  4 -5  1 -2 -5 -5 -3 -5 -4  0    0   0   0   0   0   0   0   0   0  59  37   0   2   0   0   0   0   0   0   2  1.32 0.41
  309 R   -5  8 -4 -5 -7 -2 -3 -6 -4 -7 -6 -1 -5 -6 -6 -4 -5 -6 -5 -6    0 100   0   0   0   0   0   0   0   0   0   0   0   0   0   0   0   0   0   0  2.59 0.68
  310 V    0 -5 -5 -6 -2 -5 -5 -5 -5  3  0 -5  1 -2 -5 -4 -3 -5 -4  6    9   0   0   0   1   0   0   0   0  11   4   0   4   1   0   0   0   0   0  70  1.14 0.40
  311 G    5 -4 -3 -4 -4 -4 -4  5 -4 -5 -5 -4 -4 -5 -4 -1 -1 -5 -5 -4   47   0   0   0   0   0   0  48   0   0   0   0   0   0   0   1   4   0   0   0  1.25 0.41
  312 G   -1 -5 -3 -4 -5 -5 -5  7 -5 -7 -7 -4 -6 -6 -5 -2 -4 -6 -6 -6    4   0   0   0   0   0   0  94   0   0   0   0   0   0   0   2   0   0   0   0  2.15 0.54
  313 M   -3 -4 -4 -5 -4 -3 -4 -5 -5 -1 -2 -4  8 -4 -5 -2  6 -5 -4 -3    0   0   0   0   0   1   0   0   0   2   1   0  37   0   0   0  60   0   0   0  1.69 0.56
  314 A    7 -4 -5 -5  1 -4 -4 -3 -5 -2 -4 -4 -4 -5 -4 -2 -3 -6 -5 -2   93   0   0   0   2   0   0   0   0   3   0   0   0   0   0   0   0   0   0   2  1.66 0.54
  315 E   -4 -3 -3 -2 -7  0  8 -5 -2 -7 -6 -2 -4 -7 -4 -3 -4 -6 -5 -6    0   0   0   0   0   2  97   0   1   0   0   0   0   0   0   0   0   0   0   0  2.21 0.63
  316 I   -4 -5 -6 -6 -3 -5 -5 -6 -5  4  5 -5  1  3 -5 -5 -3 -4 -2  1    0   0   0   0   0   0   0   0   0  27  54   0   3  10   0   0   0   0   0   6  0.98 0.33
  317 V    3 -2  3 -1 -1 -2 -2  1 -3 -3 -3 -2 -3 -4 -3  3  1 -5 -4  1   29   1  14   3   1   0   0  12   0   0   0   1   0   0   0  22   7   0   0  12  0.43 0.23
  318 G   -3 -4 -1 -1 -4 -4 -5  7 -5 -7 -7 -4 -6 -6 -5  0 -4 -6 -6 -6    0   1   3   3   0   0   0  88   0   0   0   0   0   0   0   5   0   0   0   0  1.90 0.51
  319 F   -5  0 -5 -5 -5 -5 -5 -6 -1 -4 -3 -5 -2  7 -6 -4 -5  3  7 -4    0   6   0   0   0   0   0   0   1   0   0   0   0  44   0   1   0   3  45   0  1.84 0.51
  320 N   -3 -2  4  6 -5 -1  0 -1 -1 -5 -5 -1 -4 -5 -4  1  1 -6 -5 -5    0   2  22  45   0   2   2   4   1   0   0   2   0   0   0  12   7   0   0   0  0.95 0.34
  321 T   -1  2  0 -3 -3 -1 -2 -3 -1  0  3  0  0 -2  0 -1  2 -4 -2 -1    4  16   5   0   0   1   0   0   2   3  33   6   2   0   4   2  18   0   1   2  0.27 0.19
  322 E    0  2  0  3 -3  0  1 -1 -1 -4 -3  0 -2 -4 -2  2  1 -4 -3 -3    9  16   4  18   0   4   7   4   1   0   0   4   0   0   0  20  11   0   0   1  0.34 0.18
  323 L   -3 -4 -5 -6 -4 -3 -5 -6  1  1  6 -5  0 -1 -2 -5 -3 -4 -2  0    1   0   0   0   0   1   0   0   4   6  78   0   1   1   2   0   1   0   1   3  1.10 0.38
  324 L   -2  3  4  2 -4 -1 -1 -1  0 -4 -2  0 -3 -4  3  0 -1 -5 -3 -3    1  17  28  10   0   1   1   5   2   0   5   4   0   0  14   7   3   0   0   1  0.47 0.22
  325 Q    0  0 -3 -1 -4  2  2 -3 -1 -4 -3  0 -3 -2  6 -1  0 -5 -3 -3    8   5   0   3   0  11  15   1   1   0   3   4   0   2  38   2   5   0   0   2  0.75 0.27
  326 P    2  2 -1 -1 -3  1  0 -1 -1 -2 -3  2 -2 -4  1  0  0 -4 -3  0   26  15   2   4   0   6   3   4   1   1   0  15   0   0   5   6   4   0   0   9  0.25 0.16
  327 R   -1  8 -3  1 -6 -1 -3 -5 -1 -6 -5  0 -4 -6 -5 -3 -4 -6 -3 -5    6  81   0   7   0   1   0   0   1   0   0   2   0   0   0   1   0   0   0   0  1.76 0.52
  328 R   -2  5 -3 -4  7 -1 -2 -4 -2 -3  0  0 -2  0 -4 -2 -2 -2 -1 -2    2  40   0   0  24   2   1   1   1   1   8   5   0   5   0   2   2   0   2   3  0.80 0.31
  329 E    2  1  0  2 -4  2  4 -2  0 -4 -4  1 -3 -4 -3  0 -2 -5 -3 -3   24   9   4   9   0   8  30   2   2   0   1   6   0   0   0   3   1   0   0   1  0.47 0.22
  330 T    2 -4 -2 -4 -3 -3 -3 -2 -1 -3 -1 -3  1 -2 -1 -1  6 -5 -4 -2   20   0   1   0   0   0   0   2   2   0   7   0   4   2   3   0  60   0   0   0  0.93 0.39
  331 L   -3 -5 -6 -6 -4 -5 -5 -6 -5  4  5 -5  3 -2 -5 -5 -3 -4 -3  0    1   0   0   0   0   0   0   0   0  23  67   0   6   0   0   0   0   0   0   3  1.16 0.37
  332 E    0 -1 -1  0 -3  0  4 -3 -2  0  1  0  1 -2 -3 -1  0 -4 -2  0    7   3   2   3   0   1  35   0   0   4  13   5   4   1   0   3   7   0   1   9  0.28 0.18
  333 M   -1  4 -1 -1 -3  0 -1 -4  5 -3  0  2  5 -1 -4 -1 -2 -4 -2 -3    3  22   1   4   0   3   2   0  16   0   7  12  23   2   0   2   1   0   0   0  0.55 0.27
  334 V   -1  3 -2 -4  0 -2 -2 -3 -1  0 -1 -2 -2 -3 -4  2  0  1 -3  4    2  18   1   0   2   0   1   2   1   2   3   1   0   0   0  17   4   2   0  42  0.45 0.26
  335 V    2 -4 -4 -5 -3 -4 -4 -1 -4  1  1 -4 -1  0 -4 -2  1 -4 -2  5   16   0   0   0   0   0   0   4   0   5  13   0   0   3   0   0  10   0   1  48  0.57 0.27
  336 R    0  3  2 -1 -4  2  1  0 -1 -4 -3  1 -1 -3 -3  0  0 -4 -3 -3    6  22  13   2   0  12   9   8   1   0   2   8   1   1   0   7   7   0   0   0  0.33 0.17
  337 D    0 -1  0  6 -5  1  3 -3 -2 -5 -5 -2 -3 -6 -4  0 -3 -6 -5 -5    7   3   2  53   0   6  21   0   0   0   1   1   0   0   0   4   0   0   0   0  1.08 0.36
  338 L   -4 -2 -6 -6 -3 -5 -5 -6 -5  0  6 -5  1 -1 -6 -5 -4  4 -3  0    0   2   0   0   0   0   0   0   0   2  81   0   2   1   0   0   0   7   0   4  1.32 0.42
  339 Y   -5 -6 -6 -7 -6 -6 -6 -6 -4 -2 -2 -6  0  9 -7 -5 -5 -2  4 -4    0   0   0   0   0   0   0   0   0   1   2   0   2  81   0   0   0   0  15   0  2.28 0.57
  340 P   -3 -5 -4 -5 -6 -4 -4 -1 -3 -6 -6 -4 -6 -7  9 -4 -4 -7 -6 -6    1   0   0   0   0   0   0   6   1   0   0   0   0   0  90   0   0   0   0   0  2.70 0.63
  341 R   -1  1  1  2 -4  1  1  4  2 -4 -3  0 -3 -4 -3 -1 -1 -4 -2 -3    3   9   6  11   0   8  10  32   6   0   1   6   0   0   0   2   2   0   1   1  0.39 0.16
  342 G    4 -4 -3 -4  0 -3 -4  5 -4 -3 -3 -3 -2 -5 -4  0 -3 -5 -4  0   36   0   0   0   2   0   0  46   0   1   1   0   1   0   0   6   0   0   0   6  0.93 0.33
  343 G    2 -4 -2 -4  3 -3 -4  6 -4 -2 -2 -4 -4 -2 -4 -1 -1 -4 -2 -3   15   0   1   0   8   0   0  58   0   3   4   0   0   2   0   2   3   0   1   1  0.93 0.32
  344 H   -2 -1  2  7 -6 -2 -1 -4  1 -4 -5 -2 -5 -4 -2 -2 -3 -6 -3 -5    3   3   8  74   0   1   1   0   3   1   0   2   0   1   1   1   0   0   1   0  1.50 0.45
  345 V   -1 -2 -3 -3 -1 -1 -1 -3 -2  1  2 -3  1  2  0 -2  0  3  3  1    4   2   0   1   1   2   3   1   0   9  22   0   4   9   5   1   8   4  11  13  0.20 0.12
  346 E    2  1  0  1 -3  0  2 -1 -2 -4 -3  0 -3 -4 -1  3  1 -4 -3 -3   18   7   3   8   0   3  15   4   0   0   0   5   0   0   2  26   8   0   0   0  0.34 0.18
  347 Q    0  2  1  1 -4  5  2 -2  0 -4 -3  2 -3 -5 -3  0 -1 -4 -3 -3    9  12   5   7   0  29   9   2   2   0   1  15   0   0   0   5   2   0   0   1  0.50 0.23
  348 A    6 -3 -4 -4 -3 -3 -4 -1 -4 -1 -4 -3 -2 -5  3 -1 -2 -5 -4  0   71   0   0   0   0   0   0   2   0   3   0   0   1   0  14   1   1   0   0   6  1.09 0.41
  349 T   -1  0  0  0 -4  3  3 -3  1 -3 -3  0 -3 -3 -3  2  2 -4 -3 -2    3   5   2   5   0  13  25   0   4   0   2   3   0   1   0  18  17   0   0   3  0.41 0.22
  350 F   -3 -2 -4 -5 -5 -3 -5 -4 -2 -3 -1 -5 -3  8 -2 -4 -4 -2  5 -4    2   3   1   1   0   1   0   1   1   0   5   0   0  61   2   1   0   0  23   0  1.56 0.45
  351 W   -7 -7 -8 -9 -7 -6 -7 -7 -7 -7 -6 -7 -6 -3 -8 -7 -7 13 -2 -7    0   0   0   0   0   0   0   0   0   0   0   0   0   0   0   0   0 100   0   0  4.87 0.96
  352 T    2 -4 -3 -4  4 -3 -3 -3 -4 -3 -4 -3 -3 -5 -4  3  6 -5 -4 -1   17   0   0   0   9   0   0   0   0   0   0   0   0   0   0  19  51   0   0   3  1.00 0.39
  353 G   -3 -6 -4 -4 -3 -5 -5  7 -5 -7 -7 -5 -6 -6 -5 -3 -5 -6 -6 -6    0   0   0   0   1   0   0  99   0   0   0   0   0   0   0   0   0   0   0   0  2.38 0.59
  354 L   -2 -1 -6 -6 -4 -5 -5 -6 -3 -1  6 -5  0  1 -6 -5 -4 -4 -3 -2    2   3   0   0   0   0   0   0   1   0  89   0   0   4   0   0   0   0   0   0  1.42 0.45
  355 R   -5  8 -4 -5 -7 -2 -3 -6 -4 -7 -6 -1 -5 -6 -6 -4 -5 -6 -5 -6    0 100   0   0   0   0   0   0   0   0   0   0   0   0   0   0   0   0   0   0  2.60 0.67
  356 P   -4 -6 -6 -5 -7 -5 -5 -6 -6 -6 -7 -5 -6 -7  9 -4 -5 -7 -7 -6    0   0   0   0   0   0   0   0   0   0   0   0   0   0 100   0   0   0   0   0  3.25 0.73
  357 M    2 -4 -2 -5 -1 -3 -4 -5 -4 -2 -1 -3  9 -3 -5 -1  0 -5 -4  0   17   0   2   0   1   0   0   0   0   0   2   1  63   0   0   4   5   0   0   5  1.49 0.51
  358 T   -3 -4 -3 -4 -4 -4 -4 -5 -5 -4 -3 -4  0 -5 -4 -1  8 -6 -5 -3    0   0   0   0   0   0   0   0   0   0   2   0   2   0   0   1  94   0   0   0  2.04 0.62
  359 P   -3 -6 -6 -5 -6 -5 -5 -6 -3 -6 -7 -5 -6 -7  9 -4 -5 -7 -7 -6    1   0   0   0   0   0   0   0   1   0   0   0   0   0  99   0   0   0   0   0  3.17 0.72
  360 D   -4 -4  0  7 -6 -3  0 -1 -4 -6 -6 -3 -5 -6 -4  2 -1 -7 -6 -6    0   0   2  71   0   0   3   4   0   0   0   0   0   0   0  16   3   0   0   0  1.55 0.47
  361 G   -2 -4  4 -3 -5 -3 -4  6 -4 -6 -6 -3 -5 -6 -4  2 -3 -5 -5 -5    1   0  22   0   0   0   0  62   0   0   0   0   0   0   0  16   0   0   0   0  1.36 0.40
  362 T    0 -4 -3 -4 -3 -3 -4 -4 -5  0 -3 -3 -3 -4  3 -2  6 -5 -4  3    6   0   0   0   0   0   0   0   0   5   0   0   0   0  12   0  52   0   0  24  0.94 0.37
  363 P   -3 -6 -5 -5 -6 -5 -5 -4 -6 -6 -6 -4 -6 -7  9 -4 -4 -7 -6 -6    1   0   0   0   0   0   0   1   0   0   0   0   0   0  97   0   0   0   0   0  3.07 0.68
  364 V   -3 -4 -5 -5 -1 -4 -5 -6 -4  5  3 -4  0  0 -5 -4 -3 -3  2  3    0   0   0   0   1   0   0   0   0  42  26   0   0   2   0   0   0   0   9  20  0.85 0.29
  365 V   -3 -5 -6 -6 -3 -5 -5 -6 -6  6  2 -5 -1 -2 -5 -5 -3 -5 -4  4    0   0   0   0   0   0   0   0   0  58  13   0   0   1   0   0   0   0   0  28  1.25 0.38
  366 G   -3 -5 -3 -4 -6 -5 -5  7 -5 -7 -7 -5 -6 -6 -5 -3 -5 -6 -6 -6    0   0   0   0   0   0   0  99   0   0   0   0   0   0   0   1   0   0   0   0  2.35 0.56
  367 R    3  4 -3 -2 -3  1 -1 -1 -1 -4 -4  2 -3 -5  4 -1 -2 -5 -4 -3   27  25   0   1   0   5   2   3   1   0   0  15   0   0  18   1   0   0   0   0  0.63 0.26
  368 T    0 -4 -3 -4 -2 -3 -3 -3 -4 -4 -3 -3 -3 -5 -4  3  7 -5 -4 -3    7   0   0   0   0   0   0   1   0   0   1   0   0   0   0  19  71   0   0   0  1.36 0.47
  369 R   -1  5 -2 -3 -5  0 -1  0  1 -5 -4  2 -3 -5  4 -1 -3 -5 -4 -3    6  35   1   0   0   3   2   6   4   0   1  15   0   0  23   3   0   0   0   1  0.75 0.27
  370 F   -3 -4 -5 -5 -2 -4 -4 -5  1  3  1 -4 -1  4 -4 -4 -3  1  6  2    0   1   0   0   1   0   0   0   4  21  12   0   0  17   0   0   0   2  29  12  0.78 0.27
  371 K    1  2 -1  2 -4  0  1  0 -1 -4 -4  1 -3 -4  3  2 -1 -4 -3 -3   12  16   1  12   0   2   7   7   1   0   0   9   0   0  15  15   1   0   0   0  0.39 0.17
  372 N   -4 -2  8 -2 -6 -3 -3  3 -3 -6 -6 -2 -5 -6 -5 -2 -3 -6 -5 -6    0   2  76   0   0   0   0  19   0   0   0   2   0   0   0   1   0   0   0   0  1.80 0.51
  373 L   -4 -5 -6 -7 -4 -5 -6 -7 -6 -1  6 -5  0 -2 -6 -5 -4 -4 -4 -2    1   0   0   0   0   0   0   0   0   0  97   0   1   0   0   0   0   0   0   1  1.70 0.48
  374 W   -5 -5 -6 -6 -5 -5 -6 -6 -1 -4 -3 -5 -2  6 -6 -4 -4  8  6 -3    0   0   0   0   0   0   0   0   1   0   1   0   1  40   0   1   0  24  31   1  1.99 0.49
  375 L   -4 -5 -5 -6 -4 -4 -5 -6 -5  1  6 -5  0 -1 -5 -4  0 -4 -1  0    0   0   0   0   0   0   0   0   0   5  79   0   0   2   0   0   8   0   1   5  1.15 0.37
  376 N   -3 -4  9  0 -6 -3 -3 -4 -3 -7 -7 -3 -5 -6 -5 -2 -3 -7 -5 -6    2   0  93   4   0   0   0   0   0   0   0   0   0   0   0   1   0   0   0   0  2.37 0.62
  377 T    0 -4 -3 -4  1 -4 -4 -4 -5 -3 -2 -4 -3 -5 -4  0  7 -5 -4 -1    7   0   0   0   3   0   0   0   0   0   4   0   0   0   0   3  81   0   0   2  1.49 0.49
  378 G   -3 -5 -3 -4 -6 -5 -5  7 -5 -7 -7 -5 -6 -6 -5 -3 -5 -6 -6 -6    0   0   0   0   0   0   0 100   0   0   0   0   0   0   0   0   0   0   0   0  2.39 0.57
  379 H   -5 -4 -3 -5 -7 -2 -4 -6 11 -7 -7 -4 -5 -5 -6 -5 -5 -6 -2 -7    0   0   0   0   0   1   0   0  99   0   0   0   0   0   0   0   0   0   0   0  3.50 0.77
  380 G   -3 -5 -3 -4 -6 -5 -5  7 -5 -7 -7 -5 -6 -6 -5 -3 -5 -6 -6 -6    0   0   0   0   0   0   0 100   0   0   0   0   0   0   0   0   0   0   0   0  2.39 0.57
  381 T   -3 -4 -3 -4 -4 -3 -4 -4  3 -4 -4 -4 -4 -5 -4  2  7 -6 -4 -3    0   0   0   0   0   0   0   0   6   0   0   0   0   0   0  12  81   0   0   1  1.65 0.53
  382 L   -4 -4  0 -5 -4 -4 -5 -6 -5 -1  6 -5  2 -2 -5 -4  0 -4 -4 -1    0   0   5   0   0   0   0   0   0   1  83   0   3   1   0   0   6   0   0   2  1.22 0.40
  383 G   -3 -5 -3 -4 -6 -5 -5  7 -5 -7 -7 -5 -6 -6 -5 -3 -5 -6 -6 -6    0   0   0   0   0   0   0 100   0   0   0   0   0   0   0   0   0   0   0   0  2.39 0.57
  384 W   -7 -7 -8 -9 -6 -6 -7 -7 -6 -7 -6 -7 -5 -3 -8 -7 -7 13 -2 -7    0   0   0   0   0   0   0   0   0   0   0   0   0   0   0   0   0 100   0   0  4.82 0.90
  385 T    0 -4 -3 -4 -4 -4 -4 -5 -5 -4 -4 -4 -4 -5 -4 -2  8 -6 -5 -3    6   0   0   0   0   0   0   0   0   0   0   0   0   0   0   0  94   0   0   0  2.01 0.59
  386 M   -4 -4 -5 -6 -5  0 -3 -6  4 -2  0 -4 10 -3 -6 -5 -2 -5 -4 -3    0   0   0   0   0   4   2   0  11   0   4   0  78   0   0   0   1   0   0   0  2.24 0.61
  387 A    5 -4 -3 -4 -2 -3 -3  2 -4 -4 -4 -3 -4 -5 -3  4 -2 -5 -4 -3   57   0   0   0   0   0   0  12   0   0   0   0   0   0   0  30   0   0   0   0  1.04 0.38
  388 C    1 -6 -4 -6 10 -5 -6 -5 -6 -3 -2 -5  1 -4 -2 -2 -2 -5 -5 -2   11   0   1   0  71   0   0   0   0   1   4   0   3   0   2   3   1   0   0   3  2.23 0.53
  389 G   -3 -5 -3 -4 -6 -5 -5  7 -5 -7 -7 -5 -6 -6 -5 -3 -5 -6 -6 -6    0   0   0   0   0   0   0 100   0   0   0   0   0   0   0   0   0   0   0   0  2.36 0.55
  390 S   -1 -4 -2 -3 -4 -3 -3 -3 -4 -5 -5 -3 -4 -5 -4  7  1 -6 -5 -3    2   0   0   0   0   0   0   0   0   0   0   0   0   0   0  90   6   0   0   1  1.66 0.54
  391 G    3 -4 -3 -4 -4 -4 -4  6 -4 -5 -5 -4 -5 -5 -4 -1 -3 -5 -5 -4   30   0   0   0   0   0   0  67   0   0   0   0   0   0   0   3   0   0   0   0  1.46 0.41
  392 Q   -1  6 -2 -2 -5  3 -1 -3  0 -5 -4  4 -3 -5 -4 -1 -3 -5 -4 -4    5  42   0   1   0  16   0   0   2   0   0  30   0   0   0   3   0   0   0   0  1.02 0.34
  393 L    2 -4 -4 -4 -2 -3 -4 -4 -3  2  3 -3  0  0 -4 -1 -2 -3  0  3   20   0   0   0   1   0   0   0   0  12  35   0   0   4   0   3   0   0   4  20  0.45 0.20
  394 L   -2 -4 -5 -5 -3 -4 -5 -5 -5  3  4 -4  1 -2 -5 -4 -1 -4 -3  3    2   0   0   0   0   0   0   0   0  21  54   0   3   0   0   0   3   0   0  17  0.85 0.28
  395 S    6 -4 -4 -4 -2 -3 -3 -2 -4 -4 -4 -3 -4 -5 -3  2 -1 -5 -4 -2   82   0   0   0   0   0   0   1   0   0   0   0   0   0   0  13   3   0   0   1  1.34 0.44
  396 D   -3 -2 -1  8 -6 -2  1 -4 -3 -6 -5 -3 -6 -6 -4 -2 -4 -7 -6 -6    2   2   1  85   0   1   7   0   0   0   1   0   0   0   0   2   0   0   0   0  1.91 0.50
  397 L   -3 -3 -5 -5 -3  0 -4 -5 -5  4  4 -3  1 -2 -5 -4 -2 -2 -3  1    1   1   0   0   0   5   0   0   0  29  54   1   2   0   0   0   1   0   0   6  0.84 0.29
  398 L   -2 -5 -5 -6 -3 -4 -5 -6 -5  6  1 -5  5 -2 -5 -4 -3 -5 -3  4    1   0   0   0   0   0   0   0   0  46   6   0  14   0   0   0   0   0   0  32  1.10 0.35
  399 S    2 -3 -1 -1  1 -1 -2  0  0 -3 -2 -2  0 -4 -3  5  1 -5 -3 -2   18   0   2   3   3   2   0   5   2   0   3   0   2   0   0  51   8   0   0   1  0.59 0.28
  400 G   -2 -2  0 -2 -4 -2 -3  7 -1 -6 -6 -2 -5 -6 -5 -1 -4 -5 -5 -5    2   2   4   2   0   2   1  81   1   0   0   1   0   0   0   3   0   0   0   0  1.57 0.42
  401 R   -2  6  0 -2 -5  1  1 -2  1 -2 -3  3 -3 -4 -4 -1 -2 -5 -3 -2    2  47   3   1   0   5   7   2   4   2   2  17   0   0   0   2   1   0   1   3  0.71 0.27
  402 T    0  3 -1 -1 -3  2  1 -2 -1 -2 -3  3 -1 -4  1  0  2 -4 -3 -1    9  18   1   1   0  11   6   1   1   1   1  20   1   0   5   3  15   0   0   4  0.33 0.17
  403 P   -1 -4 -4 -4 -3 -4 -4 -5 -4 -5 -5 -4 -5 -6  8 -1  1 -6 -6 -5    4   1   0   0   0   0   0   0   0   0   0   0   0   0  80   3  11   0   0   0  2.25 0.54
  404 A    2 -2 -1  3 -4  2  5 -2 -3 -5 -5 -1 -4 -5 -1 -1 -2 -5 -4 -4   23   0   1  19   0   7  42   2   0   0   0   1   0   0   3   1   0   0   0   0  0.79 0.30
  405 I   -3 -5 -5 -5 -3 -5 -5 -6 -3  7  1 -5  1 -2 -1 -4 -3 -5 -3  3    0   0   0   0   0   0   0   0   1  70   7   0   2   0   4   0   0   0   0  14  1.24 0.37
  406 P    0  1  0  5 -4  0  1 -2 -3 -4 -4 -1 -4 -4  1  1 -2 -5 -4 -4    8   9   3  43   0   3   9   2   0   0   1   1   0   1   7  14   0   0   0   0  0.66 0.25
  407 Y    1 -2 -2 -3 -1 -2 -3 -2  1  0  1 -2  1  4  0  0  1 -2  1  0   15   1   1   1   1   0   0   1   4   4  14   0   4  22   6  10  11   0   3   4  0.21 0.14
  408 E    1 -1  0  4 -4  0  3 -1 -1 -3 -2 -1 -3 -4  0  0  1 -4 -4 -3   11   4   2  29   0   4  23   3   1   0   4   1   0   0   5   5   8   0   0   0  0.45 0.19
  409 D   -2 -4 -2  5 -5 -3 -1  5 -4 -5 -4 -3 -4  4 -3 -3 -3 -4 -3 -5    2   0   0  34   0   0   4  40   0   0   0   0   0  18   0   0   0   0   0   0  0.98 0.33
  410 L   -3 -4 -5 -5 -2 -3 -5 -6 -5  0  6 -4  2 -1 -5 -3 -1 -4 -1 -1    1   0   0   0   1   1   0   0   0   2  82   0   4   1   0   1   4   0   1   1  1.16 0.37
  411 S    1 -2  0  1 -3 -2 -2  3 -3 -4 -4 -2 -3 -4 -3  3  2 -4 -4 -3   12   1   3   9   0   0   1  28   0   0   1   0   0   0   0  27  17   0   0   0  0.56 0.24
  412 V   -1 -4 -4 -4 -2 -3 -3 -3 -3  3  3 -4  3 -1  0 -3 -2 -3 -1  3    4   0   0   0   1   1   1   1   0  18  34   0  10   1   5   0   0   0   2  23  0.50 0.20
  413 A    2 -1 -1  2 -2  1  1 -1  0 -3 -2 -1 -2  1 -1  2 -1 -3 -1 -2   23   2   1  15   0   7   8   3   2   1   2   1   0   8   3  19   1   0   2   1  0.23 0.14
  414 R   -4  8 -3 -4 -6 -2 -3 -3 -3 -6 -4 -1 -4 -5 -5 -3 -4 -5 -4 -5    0  96   0   0   0   0   0   1   0   0   1   0   0   0   0   0   0   0   0   0  2.19 0.52
  415 Y   -4 -4 -5 -5 -5 -4 -5 -4 -1 -3 -3 -4 -3  4 -5 -3 -4  1  9 -3    0   1   0   0   0   0   0   1   0   1   0   0   0  12   0   1   0   1  80   1  2.15 0.49
  416 S    2  1  0 -1 -2  1 -1  2 -1 -2 -1 -1 -2 -3 -1  1  0 -3 -3 -1   25   9   5   2   0   7   1  20   1   2   6   1   0   0   2  12   6   0   0   2  0.21 0.11
  417 R    0  3  1  0 -3  1  0 -1  2 -3 -2  2 -2 -3  1  1 -1 -3 -2 -3    8  22   6   3   0   8   2   4   5   0   3  18   0   0   8  10   2   0   1   0  0.27 0.09
  418 G    2 -1 -1 -1 -3 -1 -2  5  0 -4 -4 -1 -3 -3  0  1 -1 -3 -1 -3   17   3   0   3   0   2   1  51   3   0   0   1   0   0   5   8   3   0   2   0  0.57 0.13
  419 F    0 -1 -1 -2 -2  1 -1 -1  0 -1  0  0  0  4 -1 -1 -1  3  0  0   11   0   1   1   0  11   0   5   2   0  10   7   2  29   2   3   2   5   0   6  0.16 0.07
  420 T    0  2  1 -1 -2  0  1  2  0 -2 -1  0 -1 -3  1  1  1 -3 -2 -1    8  16   7   0   0   1  14  16   2   1   5   1   0   0   5   9   9   0   1   4  0.15 0.05
  421 P    2 -1 -1 -1 -2  0 -1 -2 -1 -2 -2 -1  0 -3  5  1  1 -4 -2 -1   23   2   2   2   0   6   1   1   1   0   1   1   4   0  35   7  12   0   1   2  0.58 0.11
  422 S    2  1  0 -1 -2  0 -1  0  0 -2 -1  0 -1 -3  0  1  1 -3 -2 -1   30  11   3   1   0   3   2   7   3   0   5   5   1   0   5  12   7   0   0   4  0.16 0.05
  423 R    0  4  1 -1 -3  2  0 -1  1 -2 -1  1 -1 -3 -1  0 -1 -3 -2 -2    6  37   5   1   0  13   1   3   4   0   8   7   0   0   3   6   2   0   0   3  0.31 0.09
  424 P    0  0  0 -1 -3 -1 -1 -1  3 -2 -2 -1 -2 -3  6  0  0 -4 -2 -1    5   4   4   1   0   1   2   5  13   1   2   0   0   1  41   5   7   0   0   7  0.66 0.10
  425 G    2  1 -1 -1 -2  1 -1  2  0 -2 -1  0 -1 -1  2  0  0 -3 -2 -1   29  12   1   1   0   8   0  15   3   0   5   2   0   4  10   1   4   0   0   5  0.18 0.06
  426 H    0  2  1  0 -2  1 -1 -1  4 -2 -2  0 -1 -1  1  0  1 -3  1  0    9  16   6   6   0   5   0   2  18   0   2   1   0   1   6   4  10   0   5  10  0.16 0.05
  427 L    1 -3 -2 -3 -2 -2 -2 -3 -3  0  3 -2  0 -1  4 -1  0 -3 -2  0   14   0   1   0   0   0   0   0   0   1  47   1   0   0  23   2   5   0   0   4  0.41 0.09
  428 H    2  0  0 -1 -2  1 -1  0  5 -2 -1 -1 -2 -3 -1  1  0 -3 -1 -2   27   6   4   2   0   8   0   4  28   0   6   1   0   0   1   9   3   0   0   1  0.30 0.08
  429 G    0  0 -1  0 -3 -1 -1  3 -2 -4 -4 -1 -3 -4  6  0  0 -4 -3 -3    5   6   0   6   0   2   0  25   0   0   0   1   0   0  40   8   7   0   0   0  0.76 0.10
  430 A    5 -2 -2 -3 -1 -2 -2 -1 -3  0 -1 -1  0 -3 -2  1 -1 -4 -3  1   74   1   0   0   0   0   0   0   0   4   3   1   2   0   0   6   0   0   0   9  0.53 0.13
  431 H   -2  3  1 -2 -4  0  0 -3  8 -4 -3  0 -2  0 -3 -2 -2 -3  2 -4    0  24   5   0   0   0   2   0  59   0   0   2   0   3   0   0   0   0   6   0  0.90 0.12
  432 S    2 -1  4  0 -2 -1 -1 -1 -1 -2 -2 -1 -2 -3 -2  2  3 -3 -2 -1   32   0  31   0   0   0   0   0   0   0   0   0   0   0   0  10  26   0   0   0  0.36 0.05

                      K         Lambda
Standard Ungapped    0.1358     0.3194
Standard Gapped      0.0607     0.2670
PSI Ungapped         0.1980     0.3146
PSI Gapped           0.0607     0.2670
