
Last position-specific scoring matrix computed, weighted observed percentages rounded down, information per position, and relative weight of gapless real matches to pseudocounts
           A  R  N  D  C  Q  E  G  H  I  L  K  M  F  P  S  T  W  Y  V   A   R   N   D   C   Q   E   G   H   I   L   K   M   F   P   S   T   W   Y   V
    1 M   -1 -2 -3 -3 -1 -1 -3 -3 -2  3  2 -2  5  0 -3 -2 -1 -2 -1  2    0   0   0   0   0   0   0   0   0  41   0   0  59   0   0   0   0   0   0   0  0.30 0.00
    2 G   -1 -1  4  0 -3 -1 -1  4  0 -4 -4 -1 -3 -3 -2  0 -1 -3 -3 -3    0   0  51   0   0   0   0  49   0   0   0   0   0   0   0   0   0   0   0   0  0.62 0.00
    3 R   -1  4 -1 -1 -3  0  0 -2 -1 -3 -3  3 -2 -3  5 -1 -1 -3 -2 -3    0  35   0   0   0   0   0   0   0   0   0  27   0   0  38   0   0   0   0   0  0.77 0.01
    4 I   -2 -3 -3 -4 -2 -2 -3 -4 -3  4  3 -3  3  0 -3 -3 -1 -2 -1  2    0   0   0   0   0   0   0   0   0  49  35   0  16   0   0   0   0   0   0   0  0.40 0.04
    5 S    1 -1  0 -1 -2  3  0 -1 -1 -3 -3  0 -2 -3 -1  4  1 -3 -2 -2    6   0   0   0   0  21   0   0   0   0   0   0   0   0   0  65   7   0   0   0  0.44 0.06
    6 S    1 -2 -1 -1 -1 -1 -1  2 -2 -1  0 -1 -1 -2  1  2  2 -3 -2  0    8   0   0   0   0   0   0  18   0   0  10   0   0   0   7  30  22   0   0   5  0.23 0.04
    7 G    1 -2 -1 -2 -2 -2 -2  4 -2 -2 -1 -2 -2 -2  0  1 -1  4 -2 -2   16   0   0   0   0   0   0  50   0   0  10   0   0   0   4  12   0   8   0   0  0.49 0.06
    8 G    1 -1  1 -1 -2  1 -1  1  0 -3 -3  2 -1 -3 -2  3  0  3 -2 -2   13   0   5   0   0   5   0  11   3   0   0  17   3   0   0  34   4   6   0   0  0.26 0.07
    9 M   -1 -2  1 -3 -2 -1 -2 -3  0  0  1 -2  3  2 -3 -2 -1  4  1  2    6   0  13   0   0   2   0   0   2   0  11   0  19  12   0   0   0   7   3  25  0.22 0.09
   10 M    2 -2 -3 -4 -2 -1 -3 -3 -3  0  2 -1  7 -2 -3 -1 -1 -3 -2  0   19   0   0   0   0   2   0   0   0   0  24   3  44   0   0   2   2   0   0   4  0.59 0.23
   11 F   -1  0 -3 -3  0  0 -2 -1 -2  0  2  1  0  4 -3 -2 -1 -2  0  0    2   3   0   0   2   5   0   5   0   0  34  13   0  22   0   0   4   0   1   8  0.23 0.14
   12 K    1  4 -2 -2 -4  0 -1 -3 -2 -2 -2  4 -2 -4  0  0  0 -4 -3 -3   13  30   0   0   0   2   0   0   0   2   3  37   0   0   5   4   4   0   0   0  0.54 0.21
   13 A    3 -2 -2 -2  2  0 -2  1 -1  0 -2 -1  0 -1 -2  1  3 -3 -1  0   30   0   0   0   6   6   0   9   1   6   0   2   4   3   0   5  23   0   1   4  0.24 0.15
   14 I    0 -3 -4 -4 -2 -3 -3 -4 -4  3  3 -3  1  0 -1 -1 -1 -3 -2  1   11   0   0   0   0   0   0   0   0  21  45   0   2   3   4   6   1   0   0   8  0.41 0.18
   15 T    3 -2 -1 -3  0 -2 -2  0 -3  1  0 -1  1 -1 -1  0  2 -3 -2  0   31   0   1   0   2   0   0   7   0  14   9   3   4   1   2   4  17   0   0   5  0.19 0.14
   16 T    3 -3 -2 -3 -2 -1 -2  0 -3 -1  0 -2 -1  1 -2  1  2 -3 -2  1   40   0   0   0   0   2   0   6   0   2  11   0   0   7   0   9  14   0   0  10  0.28 0.18
   17 V    3 -3 -2 -3 -2 -2 -3  0 -3  1  1 -2 -1 -2  1  0 -1 -4 -3  2   36   0   2   0   0   0   0   7   0   8  20   0   0   0   6   4   1   0   0  18  0.28 0.17
   18 A    2 -3 -3 -4  3 -3 -3 -1 -3  0  2 -3  0  0 -3  0  0 -3 -2  1   28   0   0   0   8   0   0   4   0   2  32   0   2   4   0   4   4   0   0  12  0.29 0.17
   19 A    1 -3 -3 -4  3 -2 -3 -3 -3  0  3 -3  2  0 -1 -1 -1 -3 -2  2   17   0   0   0   7   2   0   0   0   2  39   0   6   4   3   4   2   0   0  16  0.32 0.18
   20 L    0 -3 -3 -4 -2 -2 -2  0 -3  1  4 -3  3 -1  0  0 -2 -3 -2  0   10   0   0   0   0   0   2   7   0   5  47   0  12   1   6   8   0   0   0   2  0.36 0.21
   21 V    1 -2 -2 -3  0 -1 -2  2 -2 -1  0 -2  1  0  1  1  0 -3 -1  1   18   0   0   0   2   2   0  21   0   1  11   0   4   5   7  10   6   0   2  11  0.16 0.11
   22 I    0 -3 -2 -3  4 -2 -3  1 -3  1  0 -2  1  1 -2  0  1  0 -1  1    9   0   1   0  11   0   0  13   0   8  10   0   4   9   1   8  10   2   0  14  0.15 0.10
   23 A    4 -2  0 -2 -2 -1 -1  0 -3 -3 -1 -2 -1 -3  1  3  1 -4 -3 -2   40   0   3   0   0   3   2   4   0   0   6   0   1   0   5  27   8   0   0   1  0.42 0.23
   24 T    2 -1 -2  0  0 -1 -1  0 -2 -1  0 -2  0 -1  0  1  2 -3 -1  0   24   3   0   4   2   1   3   5   0   1  14   0   1   2   3  10  21   0   3   3  0.14 0.13
   25 S    2 -2  0 -2 -2  0 -1  1  0 -2 -2  0  1 -2  2  2  0 -1 -2 -1   24   0   5   0   0   4   2   9   3   0   2   5   6   2  11  20   5   1   0   2  0.23 0.14
   26 A    4 -3 -3 -3 -2 -1 -2 -2  1 -1 -1 -2  0 -2  0  1  0 -4 -3  2   45   0   0   0   0   2   1   1   4   0   3   0   2   1   4  10   6   0   0  23  0.40 0.24
   27 M    2 -2 -3 -2 -3  1 -2 -3 -1 -1  0 -1  4  1  2  0 -2  1  2 -1   26   0   0   1   0   9   0   0   1   1   7   2  17   5  11   7   0   2   8   4  0.26 0.19
   28 A    6 -3 -3 -1 -3 -1  0 -2 -3 -3 -3 -1 -3 -4 -2  0  0 -5 -4 -1   78   0   0   2   0   2   5   0   0   0   0   3   0   0   1   3   3   0   0   2  0.92 0.38
   29 Q    3 -2  1 -2 -3  3  1  1 -2 -3 -3 -1 -2 -4  2  0 -2 -4 -3 -2   30   0   9   0   0  20  10  10   0   0   1   2   0   0   8   5   0   0   0   2  0.38 0.21
   30 D   -1 -2  3  3 -3  2  2 -1 -2 -2 -3 -1 -3 -4  3  0  1 -4 -3 -3    4   0  15  24   0   9  11   3   0   2   2   0   0   0  13   4  11   0   0   0  0.43 0.19
   31 D    0 -1 -1  3 -3  0  1  1 -2 -2 -2 -1 -3 -3  4  0  0 -4 -1 -2    8   2   0  24   0   5   8  11   0   3   3   0   0   0  22   4   5   0   2   1  0.41 0.17
   32 L   -1 -2 -2  0 -3  2 -2 -1 -2  0  1 -2  0 -2  4 -1  0 -3  0  1    2   1   0   6   0  14   0   5   0   3  17   0   2   1  23   3   7   0   3  14  0.30 0.17
   33 T   -2  0 -2 -3 -3  0 -2 -3 -1 -3 -3 -1 -2  0 -1  1  5 -2  4 -1    0   5   0   0   0   4   2   0   1   0   0   3   0   4   3   9  47   0  18   3  0.59 0.30
   34 I   -2  0 -2 -3 -3 -1 -3 -4 -2  1  3 -2  2  2  2 -2  1 -3 -2  1    1   5   1   0   0   2   0   0   1   9  35   0   4   9   9   1  14   0   0   8  0.29 0.17
   35 S    3 -2  1  0 -3  0 -1 -1 -2 -3 -3 -2 -2  2 -1  3  0 -3 -1 -2   31   0   5   5   0   4   1   3   0   0   0   0   0  11   2  32   3   0   1   1  0.39 0.25
   36 S    0 -1  0  4 -4  0  3 -2 -2 -3 -1 -1 -3 -4 -3  1 -1 -4 -2 -2    7   2   3  33   0   2  27   2   0   0   7   2   0   0   0   9   3   0   2   2  0.49 0.23
   37 L   -1 -4 -5 -5 -3 -4 -4 -5 -4  1  5 -4  0  0 -2 -4 -3  1  1  0    5   0   0   0   0   0   0   0   0   3  74   0   0   2   2   0   0   2   6   5  0.87 0.35
   38 A    3 -3 -2 -3 -2 -2 -2  0 -1  1  2 -1  1 -2 -2  0 -1 -3 -3  0   34   0   0   0   0   0   1   6   2   9  27   4   3   0   1   5   2   0   0   4  0.25 0.18
   39 K    1  1 -1 -2 -3  2  0  0  1 -3 -2  3 -2 -4 -2  2  1 -4 -3 -2   12   6   2   0   0  12   2   5   3   0   3  24   0   0   0  20   9   0   0   2  0.31 0.19
   40 G   -1 -1  1  4 -4  4  0  1  1 -4 -4  2 -3 -5 -3  1 -1 -5 -3 -4    3   0   4  33   0  21   2   9   3   0   0  12   0   0   0  10   3   0   0   0  0.58 0.27
   41 E    0 -2  1 -2 -4  0  1 -3 -1 -5 -4 -1 -4 -5  7  0 -2 -5 -4 -4    7   1   7   1   0   5  11   0   1   0   1   3   0   0  55   8   1   0   0   0  1.21 0.37
   42 T    2  0 -1  1 -3  1  1  1 -2 -3 -3  1 -2 -4  2  0  0 -4 -3 -1   27   4   0   8   0   8   9  11   0   0   0   8   0   0   9   5   5   0   0   6  0.25 0.15
   43 T   -1 -2 -2 -4 -4 -2 -3 -4  2 -2 -2 -3  1  4 -4 -3  1  2  7  0    3   2   1   0   0   2   0   0   6   0   1   0   3  17   0   0  12   2  42   8  0.82 0.33
   44 K    0  4 -2 -2 -4  2  0 -2 -2 -3 -1  4 -2 -4 -3 -1  0 -4 -3 -2    7  33   0   0   0  10   2   1   0   0   8  28   0   0   0   3   4   0   0   3  0.54 0.25
   45 A    3 -1  0  0 -3  2  2 -2 -2 -3 -3  2 -3 -4 -1  0  1 -4 -3 -3   35   0   4   4   0  11  16   0   0   0   0  19   0   0   3   2   8   0   0   0  0.44 0.25
   46 A    4 -1 -2 -3 -2  0  0 -2 -3 -2 -1 -2 -2 -4 -2  2  3 -4 -3  0   43   3   0   0   0   3   5   1   0   0   4   0   0   0   1  16  20   0   0   5  0.45 0.26
   47 F   -4 -5 -5 -6 -5 -1 -5 -5 -3 -3 -2 -3 -3  5 -6 -3 -2 10  4 -2    0   0   0   0   0   3   0   0   0   0   3   2   0  26   0   1   2  47  13   3  1.99 0.53
   48 N    0  2  1  0 -4  4  0 -3  2 -3 -3  2  0 -3 -3  0  0 -3  0 -2    9  14   8   6   0  26   4   0   4   0   1  11   2   0   0   5   4   0   4   2  0.34 0.20
   49 Q    2  1  0  1 -3  3  1 -1 -1 -3 -3  3 -2 -4 -1  1 -1 -4 -3 -3   22   7   3   7   0  15   7   3   1   1   0  21   0   0   2   9   2   0   0   0  0.33 0.18
   50 M    1 -3 -4 -4 -3  1 -3 -4 -4 -1  2 -3  7 -2 -4 -3  0 -4 -3  1   14   0   0   0   0   8   0   0   0   0  20   0  43   0   0   0   5   0   0  11  0.80 0.36
   51 V   -1 -3 -4 -4 -2 -1 -3 -4 -4  3  2 -1  3  1 -4 -3  0 -3 -2  4    4   0   0   0   0   2   0   0   0  19  14   4  11   5   0   0   5   0   0  35  0.45 0.22
   52 Q   -1  1  0  0 -4  1  1  1 -2 -3 -2  5 -2 -4 -2  0 -2 -4 -3 -2    4   4   2   3   0   7  10  13   0   0   3  44   0   0   0   5   0   0   0   3  0.46 0.22
   53 G    0 -1  0  1 -3  0  0  4 -1 -3 -3  3 -3 -4  1  0 -1 -4 -3 -2    4   0   4   9   0   3   3  33   1   0   1  22   0   0   6   8   2   0   0   3  0.40 0.18
   54 H    0 -1  0 -1 -4  3  3 -3  5 -2 -2  0 -2 -3 -3 -1  1 -4 -2 -3    9   2   4   0   0  17  26   0  21   2   3   3   0   0   0   0   9   0   0   0  0.53 0.25
   55 K    0  3  0 -1 -3  1  0  0  0 -3 -3  3 -2 -4  2  0  1 -3 -3 -2    5  22   4   2   0   5   5   8   2   0   1  21   0   0  11   3   8   0   0   1  0.34 0.16
   56 L   -1 -1 -1 -4 -3 -3 -4 -4 -3  2  4 -2  2  0 -2 -3 -2 -3 -2  1    4   3   5   0   0   0   0   0   0   9  58   2   5   2   2   0   0   0   1   9  0.54 0.24
   57 P   -1 -4 -4 -1 -5 -2 -3 -2  0 -5 -5 -3 -5 -6  8 -3 -1 -6 -5 -5    4   0   0   3   0   2   0   2   3   0   0   0   0   0  82   0   3   0   0   0  2.20 0.55
   58 A    2  0  0  2 -3 -1  2  1 -2 -3 -3  1 -3 -2 -1  1 -1 -4 -3 -2   24   6   2  13   0   0  16   9   0   0   0  10   0   2   3  12   2   0   0   1  0.28 0.16
   59 W   -6 -6 -7 -7 -6 -5 -6 -6 -6 -5 -2 -6 -1 -2 -7 -3 -6 12 -1 -6    0   0   0   0   0   0   0   0   0   0   4   0   2   0   0   3   0  91   0   0  4.00 0.84
   60 V    1 -1 -4 -4 -3 -3 -2 -4 -4  2  1 -3 -1 -2 -4 -3 -2 -4 -3  5   14   4   0   0   0   0   2   0   0  10  13   0   0   0   0   0   0   0   0  58  0.69 0.31
   61 M   -1  3  0  0 -3  0 -1 -2 -2  0  0  1  3 -3 -3  1  1 -4 -3 -1    3  25   4   5   0   2   2   3   0   4   7   9  13   0   0  11   8   0   0   4  0.22 0.16
   62 K   -1  2  2  2 -4  1  2 -2  0 -4 -4  2 -3 -4 -2  2  0 -4 -3 -3    4  12  12  11   0   4  14   1   2   0   0  18   0   0   0  17   5   0   0   0  0.40 0.18
   63 G    1 -1  1  1 -3 -2 -1  4 -3 -4 -3 -2 -1 -1 -3  1 -1 -4 -3 -3   12   4   5   9   0   0   3  43   0   0   2   0   3   3   0  13   2   0   0   0  0.50 0.21
   64 G    1 -2  0 -3 -4 -3 -3  6 -3 -4 -3 -1 -4 -4 -4  0 -2 -4  0 -3   11   2   5   0   0   0   1  65   0   0   2   3   0   0   0   7   1   0   4   1  0.98 0.33
   65 T   -1 -3 -2 -2 -3 -3 -3  0 -4 -2 -2 -2 -2 -4  4  1  5 -5 -4  2    2   0   1   2   0   0   0   7   0   1   2   1   0   0  20   8  42   0   0  15  0.63 0.30
   66 Y    2 -2 -1 -1 -3  1  1 -1 -1 -3 -3 -2  0 -4  1  4  1 -4 -1 -2   18   0   1   2   0   5   9   2   1   1   0   0   2   0   6  41   8   0   2   1  0.43 0.24
   67 T    2 -2 -2 -2 -2  1  0  1 -3 -2 -2 -2 -1 -4  1  3  3 -4 -3 -1   15   0   0   0   0   7   4   9   0   0   3   0   2   0   6  27  22   0   0   4  0.35 0.21
   68 P   -2 -2 -4 -3 -5  3  0 -4 -4 -5 -5 -3 -4 -6  8 -1 -3 -6 -5 -5    3   2   0   0   0  14   5   0   0   0   0   0   0   0  74   3   0   0   0   0  1.98 0.53
   69 A    1 -2 -1 -3 -3 -1 -2  1  0 -1  1 -2  4 -1  1  0 -1 -2  2  0   15   0   3   0   0   2   1  11   2   0  12   2  19   0   9   6   2   0  11   7  0.20 0.17
   70 Q   -2  2  1  0 -4  3  4 -1  1 -4 -4  1 -2 -4 -3  1  0 -4 -3 -2    1  12   7   2   0  18  29   5   3   0   0   4   1   0   0  10   6   0   0   3  0.44 0.22
   71 T    2  0  0 -2 -2  1  0 -2 -2 -2 -1  0 -2 -3  1  1  2  3 -1 -1   23   5   4   1   0   7   7   0   0   1   6   4   0   0   7   7  18   5   2   4  0.20 0.14
   72 V   -1 -4 -4 -4 -3  0 -1 -4 -4  2  0 -3  0 -1 -4 -2 -1 -4 -3  5    4   0   0   0   0   4   4   0   0  10   7   0   1   3   0   3   2   0   0  62  0.68 0.31
   73 T    0  0  1  0 -3  1  1 -2 -2 -2 -1  1 -2 -2 -2  1  3 -4 -3  0    4   5   6   5   0   5  11   1   0   0   4  11   0   1   1  10  28   0   0   9  0.23 0.15
   74 L   -1 -3 -3 -1 -3 -1  2 -4 -3  3  2 -2  1  1 -3 -1 -2  5 -1  2    3   0   0   4   0   3  17   0   0  20  20   0   2   5   0   3   0  10   0  13  0.32 0.18
   75 G    0 -2  1  4 -4  2  1  3 -2 -4 -3  0 -3 -4 -3  0 -2 -4 -4 -4    9   0   7  29   0  11  10  24   0   0   2   5   0   0   0   3   0   0   0   0  0.53 0.23
   76 D   -1 -4 -1  1 -5 -3 -3  6 -4 -6 -6 -3 -5 -5 -4  0 -3 -5 -5 -5    4   0   3   9   0   0   1  78   0   0   0   0   0   0   0   5   0   0   0   0  1.45 0.42
   77 E   -1  0  0  3 -4  2  2 -1  1 -3 -3  3 -3 -4 -3 -1  0 -4 -3 -1    4   3   2  16   0  11  15   5   4   0   1  29   0   0   0   0   5   0   0   6  0.41 0.21
   78 T   -1  2  0  1 -3  2  0 -3  0 -3 -3  2 -2 -4  3  1  2 -4 -3 -2    1  13   4   6   0   9   2   0   3   0   0  18   0   0  15  10  15   0   0   3  0.38 0.19
   79 Y   -3 -5 -5 -6 -5 -4 -5 -6 -1 -4 -3 -5  1  2 -6 -4 -4  6  9 -2    2   0   0   0   0   0   0   0   0   0   0   0   4   5   0   0   0  10  78   2  2.17 0.60
   80 Q   -2 -2 -3 -3 -3  3 -1 -4 -3  1  3  0  0 -2 -3 -1  0  4  0  1    2   0   0   0   0  17   2   0   0   6  38   8   1   0   0   3   6   7   3   7  0.34 0.21
   81 V    1 -1 -4 -4 -3 -3 -4 -4 -4  1  1 -2 -1  1 -4 -2 -2 -4  0  5   10   4   0   0   0   0   0   0   0   4  12   2   0   7   0   2   0   0   2  58  0.59 0.29
   82 M    0 -3 -2 -3 -3 -2 -3  4 -1 -2  0 -3  2  1 -4 -1  0 -3  2 -2    6   0   0   0   0   2   0  45   2   0  12   0   9   6   0   4   6   0   8   2  0.51 0.24
   83 S    0  0  1 -1 -3  0  0 -2  2 -3 -3 -1 -1 -2  3  2  2  2 -2 -3    9   6   8   2   0   3   6   1   6   0   2   0   1   2  14  20  18   4   0   0  0.31 0.18
   84 A    1 -2 -3 -3 -2 -2 -2 -1 -2  1  2 -2  3  1 -3 -1 -1 -2  0  1   14   0   0   0   0   0   0   6   0   9  30   0  18   5   0   6   0   0   4   8  0.17 0.05
   85 C   -2 -5 -4 -5 10 -4 -5 -4 -4 -2 -3 -4 -3 -4 -4 -2 -2 -4 -4 -2    0   0   0   0 100   0   0   0   0   0   0   0   0   0   0   0   0   0   0   0  2.32 0.24
   86 K   -1  2 -1 -1 -4  3  3 -2  2 -4 -3  4 -2 -4 -2 -1 -1 -3 -2 -3    0   7   0   0   0  15  22   0   7   0   0  49   0   0   0   0   0   0   0   0  0.58 0.10
   87 P    1 -3 -2 -3 -4  2 -1 -1 -3 -4 -4 -2 -4 -5  7 -1  1 -5 -4 -4   12   0   1   0   0  11   2   3   0   0   0   1   0   0  59   3   8   0   0   0  1.36 0.36
   88 H    0 -1 -2 -2 -5  1 -1 -2  9 -5 -5 -1 -4 -3 -3 -2 -3 -4  1 -5   10   2   0   1   0   5   1   3  69   0   0   3   0   0   1   2   0   0   3   0  1.61 0.44
   89 D   -3 -1  4  7 -5 -2  0 -3 -1 -5 -5 -1 -4 -5 -3 -1  0 -6 -4 -4    0   2  19  65   0   0   1   0   1   0   0   2   0   0   0   3   5   0   0   1  1.24 0.36
   90 C   -3 -6 -6 -7 11 -6 -7 -6 -6 -4 -4 -6 -4 -5 -6 -4 -4 -5 -5 -4    0   0   0   0 100   0   0   0   0   0   0   0   0   0   0   0   0   0   0   0  3.54 0.70
   91 G    2 -1 -2 -1 -2 -1 -1  2 -1 -2 -1  0 -2  0  2  1  0 -3 -1 -2   26   3   0   2   0   2   3  21   1   2   5   6   0   4  10   7   7   0   1   0  0.22 0.12
   92 S    1 -2  4  1 -3 -1  0  1 -1 -4 -4 -1 -3 -3 -3  3  0 -4  0 -3   14   0  29   7   0   0   5  10   1   0   0   1   0   0   0  24   4   0   5   0  0.44 0.20
   93 Q   -2  0  4  0 -4  3  2 -2  4 -4 -4  2 -3 -4 -3  0  0 -4 -2 -4    1   2  27   3   0  17  12   1  13   0   0  13   0   0   0   6   6   0   0   0  0.56 0.22
   94 R   -1  5  2 -3 -4  3 -1 -3  0 -4 -3  1 -2  2 -3 -1 -2  1  1 -4    4  42  10   0   0  15   0   0   2   0   0   3   0  12   0   3   1   2   5   0  0.62 0.26
   95 I   -1 -4 -4 -5 -3 -3 -4 -4 -4  3  4 -4  4  2 -4 -3 -2 -3  0  1    6   0   0   0   0   0   0   0   0  20  47   0  13   8   0   0   0   0   2   4  0.63 0.23
   96 A    2 -1 -3 -2 -2 -1 -1 -3 -2  3  0 -2  0  1 -3 -2 -1  3  3  1   23   3   0   2   0   2   4   0   0  26   5   0   1   4   0   1   3   5  17   7  0.29 0.17
   97 V   -1 -4 -4 -5 -3 -4 -4 -1 -4  3  1 -4  1  0 -4 -3 -1 -4 -1  5    3   0   0   0   0   0   0   5   0  15   7   0   4   3   0   0   3   0   2  58  0.66 0.26
   98 M    3 -3 -4 -4 -2 -3 -3 -3 -4  0  3 -3  2 -2 -3 -2 -2 -3 -1  1   38   0   0   0   0   0   0   0   0   3  40   0   7   0   0   0   0   0   2  10  0.52 0.24
   99 W   -3 -4 -4 -3 -4 -4 -4 -5 -2  0  0 -4 -2  6 -5 -4 -1  4  5  0    0   0   0   2   0   0   0   0   0   5   5   0   0  45   0   0   5   6  26   5  1.07 0.32
  100 S    1  0  1  2 -3  0  0 -1 -2 -4 -4 -1 -3 -4 -2  4  0 -4 -3 -3   10   4   5  15   0   4   3   3   0   0   0   2   0   0   0  50   4   0   0   0  0.55 0.25
  101 E    0 -1 -1 -1 -3  1  2 -2 -2 -3 -1  1 -2  1  3 -1  0  6 -1 -3   10   2   1   1   0   6  17   2   0   0   5  10   0   9  18   1   5  12   0   0  0.41 0.17
  102 K   -2 -2  1  6 -5  2  1 -1 -2 -5 -5  1 -4 -5 -3 -1 -2 -5 -4 -4    2   0   6  58   0   9   6   4   0   0   0  11   0   0   0   2   1   0   0   0  0.96 0.30
  103 S    0  2  1  0 -3  2  0  0  1 -4 -3  4 -2 -2 -2  1 -1 -4 -2 -3    6   8   5   5   0   8   1   8   5   0   2  36   1   3   0  12   1   0   0   0  0.34 0.17
  104 N   -1  1  1  1 -3  1  1  1  2 -2 -3  3 -2 -4 -2  1  0 -4 -2 -3    4   5   5  10   0   3   8  10   6   2   0  29   0   0   0  11   7   0   0   0  0.30 0.15
  105 Q    0  2  0  3 -3  3  0 -1  3 -3 -2  1 -2 -3 -2 -1  0 -4 -2 -1    9  13   3  18   0  18   3   3  10   0   2  10   0   0   0   1   5   0   0   5  0.30 0.16
  106 M    4 -3 -3 -3 -2 -2 -3 -2 -3  1 -1 -3  5  0 -3  0  0 -3  0  0   48   0   0   0   0   0   0   0   0   7   3   0  19   5   0   4   5   0   3   5  0.50 0.26
  107 T    0 -3 -3 -4 -3 -1 -3 -4  1 -2 -3 -3 -2  0 -4  0 -1  8  6  1    8   0   0   0   0   3   0   0   3   0   0   0   0   2   0   7   4  25  35  11  1.06 0.33
  108 G    3 -4 -2 -3 -3 -3 -3  6  0 -4 -4 -3  0 -4 -3 -2 -3 -4 -4 -4   24   0   0   0   0   0   0  68   3   0   0   0   4   0   0   0   0   0   0   0  1.16 0.33
  109 L   -1 -1 -4 -5 -3 -3 -4 -4 -4  0  3 -3  5  0 -4 -3 -2 -3 -2  3    5   5   0   0   0   0   0   0   0   0  37   0  23   3   0   0   0   0   0  27  0.61 0.26
  110 F   -3  1 -4 -4 -3 -2 -3 -5 -2  0  3 -3  0  3 -4 -3 -3  1  3  1    0  12   0   0   0   2   0   0   0   0  45   0   0  17   0   0   0   1  14   9  0.54 0.23
  111 S   -1 -3 -2 -3 -2 -2 -3 -3  1  1  0 -3 -1 -1 -3  2 -1 -3  1  4    3   0   0   0   0   0   0   0   5   3   6   0   0   2   0  25   0   0   6  48  0.42 0.22
  112 T   -1 -1  0  1 -3  1  3 -2  2 -1 -2  0 -1 -3 -2  1  2 -3 -2  1    1   1   5   7   0   7  22   0   6   3   2   4   1   0   0   7  20   0   0  12  0.23 0.13
  113 I   -1  1  1 -1 -2 -2 -2 -1 -2  1  0  0 -1 -1 -3 -1  0 -3 -1  3    2   8  10   2   0   0   0   5   0   4   9   8   0   2   0   3   4   0   1  40  0.20 0.16
  114 D   -1 -1  0  5 -4 -1  1 -2 -2 -4 -4  1 -3 -4  5 -1 -1 -4 -2 -4    3   2   2  36   0   1   7   2   0   0   1   9   0   0  28   2   3   0   2   0  0.78 0.26
  115 E    0  0  1  3 -3  0  4 -1  1 -4 -4  0 -3 -4  0  1 -1 -4 -3 -3    9   3   5  23   0   2  30   4   3   0   1   4   0   0   3  10   0   0   0   0  0.45 0.19
  116 K   -1 -1  1 -1 -4 -1  0 -1 -2 -4 -4  3 -3 -4  6  0 -2 -4 -4 -3    5   2   8   2   0   0   7   5   0   0   1  23   0   0  41   6   0   0   0   0  0.85 0.27
  117 T    1 -1 -1 -1 -2 -2 -1  1 -2 -3 -3  0 -2 -1  0  3  4 -4 -3 -2    9   2   1   1   0   0   2  10   0   0   0   4   0   3   3  32  31   0   0   0  0.44 0.23
  118 S    1  3  0  0 -3  1  1 -1  0 -3 -1  2 -2 -2 -1  1  0 -3 -2 -2   11  21   3   4   0   4   8   3   1   0   7  16   0   2   2  14   5   0   0   0  0.22 0.12
  119 Q    0  1 -1 -1 -3  2 -1 -3  5 -3 -3  0 -2  1  0  0 -1 -2  4 -2    6   9   1   2   0  12   2   0  23   0   0   5   0   7   4   7   3   0  16   1  0.40 0.20
  120 E    4 -2 -2  0  2  2  3 -2 -2 -3 -2 -1 -2  0 -2  1 -1 -3 -3 -2   42   0   0   3   6  10  21   0   0   0   2   0   0   4   0   6   2   0   0   1  0.43 0.24
  121 K   -1  2  1  1 -3  1  0 -2 -1 -1 -1  2 -1 -3 -2  1  3 -4 -3 -2    0  12   8   6   0   7   4   0   1   3   4  12   2   0   0  10  29   0   0   0  0.29 0.17
  122 L   -2 -3 -3 -3 -3 -1 -3 -4 -1  1  3 -2  0  2 -2 -3 -2 -1  5  1    1   0   0   1   0   2   0   1   0   8  31   3   0   8   2   1   2   0  31   7  0.51 0.22
  123 T   -2  4 -2 -2 -3  4 -1 -3 -2 -2 -2  0 -2 -3 -3 -1  3  5 -2 -3    1  27   0   1   0  30   1   1   0   2   4   1   0   0   1   3  20   8   0   1  0.62 0.26
  124 W   -4 -4 -5 -5 -4 -4 -4 -4 -3 -3 -1 -4 -3  3 -5 -4 -4 11  2 -4    1   1   0   1   0   0   1   1   0   1   6   1   0  13   1   1   1  68   5   1  2.56 0.51
  125 L   -3 -4 -4 -5 -3 -4 -4 -3 -4  1  5 -4  1  1 -4 -4 -3 -3 -1  0    0   0   0   0   0   0   0   3   0   4  77   0   2   6   0   0   0   0   2   4  0.87 0.30
  126 N   -2 -3  4 -2 -4 -3 -3  6 -3 -4 -3 -3 -4 -4 -4 -2 -3 -4 -4 -2    0   0  25   0   0   0   0  67   0   0   3   0   0   0   0   0   0   0   0   3  1.21 0.35
  127 V   -1  1  1  0 -3  1  1 -1 -1  0 -1  3  0 -3 -2  0  0 -3 -2  0    3   8  10   4   0   4  13   3   1   7   4  24   2   0   0   3   4   0   0   9  0.16 0.10
  128 N   -3 -2 -1  0 -5 -3 -3  0 -4 -5 -5 -3 -5 -6  8 -1 -2 -6 -5 -5    0   2   3   6   0   0   0   7   0   0   0   0   0   0  76   5   1   0   0   0  1.94 0.47
  129 D   -2 -3  1  6 -4 -2  1  0 -2 -4 -4 -2 -4 -5 -1  1  1 -5 -4 -4    0   0   4  59   0   0   7   7   0   0   0   0   0   0   3  10   9   0   0   0  0.91 0.29
  130 A    1 -1  0  3 -3  1  2 -1 -1 -1 -2  0 -2 -2  2 -1 -1 -3 -2 -2   15   2   2  24   0   9  13   4   0   4   4   4   0   2  12   2   1   0   1   1  0.29 0.11
  131 L   -1  0 -1  1 -2  0  3  1 -1 -1  0  0 -1 -2  0 -1 -1 -2 -2 -1    4   6   1  10   0   3  24  15   2   4  15   2   1   1   3   2   4   0   1   2  0.14 0.07
  132 S    0 -1  0  0 -1  1  1 -1 -1 -1 -1  0  0 -1 -1  2  1 -1  1 -1    4   2   2   3   1   9   9   3   1   5   4   3   4   2   2  28   7   1   7   3  0.11 0.05
  133 I   -1 -1 -1  0 -1  0 -1 -1 -1  3  1 -1  0 -1 -1 -1 -1 -1 -1  1    4   3   2   6   1   4   3   5   1  37  11   3   1   2   2   3   3   1   2   6  0.10 0.05
  134 D    0 -1  1  4 -2  0  0  0 -1 -1 -1 -1 -1 -1 -1  0 -1 -1  1 -1   10   3   4  36   1   2   3   7   1   3   4   3   1   2   3   4   3   1   7   3  0.24 0.06
  135 G    0 -1 -1 -1 -1  0 -1  4 -1 -1 -1 -1  3 -1 -1  0 -1 -1 -1 -1    4   3   2   3   1   6   3  35   1   3   5   3  14   2   3   4   3   1   2   3  0.22 0.06
  136 K   -1  2  0 -1 -1  1  0 -1 -1 -1 -1  3 -1 -1  0  0  0 -1 -1 -1    4  14   2   3   1   3   3   4   1   3   5  35   1   2   3   5   3   1   2   3  0.21 0.05
  137 T    0 -1  1  0 -1  0  1  0 -1 -1 -2  0 -1 -2 -1  1  3 -2 -1 -1    7   2   6   2   1   1  14   7   1   2   3   7   1   1   2   6  32   0   1   2  0.19 0.07
  138 V    0 -2  0 -2 -1 -1 -1  1 -2  2  0 -1  1 -1 -1  0  0 -2  0  2    5   1   4   2   1   1   2  10   1  14   9   2   5   1   1  10   3   0   3  25  0.07 0.05
  139 L   -2 -3 -4 -4 -2 -1 -3 -4 -3  2  4 -3  5 -1 -4 -3 -2 -3 -2  1    0   0   0   0   0   4   0   0   0  10  52   0  21   0   0   0   0   0   0  10  0.61 0.20
  140 F   -1  1 -2 -2 -4  4  0 -3 -1 -3 -1  2 -1  3 -3 -2 -2 -2  3 -3    4   8   0   0   0  33   2   0   0   0   3  17   1  16   0   0   0   0  12   0  0.46 0.19
  141 A    4 -2 -1 -1 -2  1  0  1 -2 -2 -2  0 -2 -3 -2  0 -1 -3 -3 -1   58   0   3   2   0   9   6   7   0   0   1   4   0   0   0   3   1   0   0   3  0.44 0.19
  142 A    3 -1 -3 -3 -2  0 -1 -2 -1  0  3 -2  3 -2 -3 -1 -2 -3 -1 -1   37   2   0   0   0   3   4   0   2   1  34   0  13   0   0   0   0   0   2   0  0.34 0.18
  143 L   -3 -4 -5 -5 -3 -4 -5 -5 -4  1  6 -4  1 -1 -5 -4 -3 -3 -3  1    0   0   0   0   0   0   0   0   0   2  93   0   0   0   0   0   0   0   0   5  1.13 0.31
  144 T   -1  0  1 -1 -3  1 -1 -3 -2 -2 -2  3  4 -2 -2  0  3 -3  0 -1    0   4   8   2   0   6   0   0   0   1   0  24  20   0   0   6  25   0   3   1  0.33 0.17
  145 G    0 -1 -1 -1 -4  1  3  4 -1 -4 -4  2 -3 -4 -2 -1 -2 -4 -3 -4    7   0   1   1   0   7  25  40   1   0   0  17   0   0   1   0   0   0   0   0  0.58 0.18
  146 S   -1 -1  0  1 -3  5  1 -2 -1 -4 -4 -1 -2 -2 -2  3  1 -3  0 -3    0   0   3   7   0  44   3   0   0   0   0   0   0   1   0  31   7   0   3   0  0.64 0.25
  147 L   -2 -3 -4 -4 -2 -1 -3 -4 -4  1  5 -3  1  1 -4 -1 -2 -3 -2  1    0   0   0   0   0   4   0   0   0   2  75   0   0   7   0   6   0   0   0   8  0.65 0.21
  148 E    0  2 -1  2 -4  1  4 -3 -1 -4 -3  3 -3 -2 -2 -1 -1 -4 -3 -3    7   9   0  13   0   5  37   0   0   0   0  24   0   3   0   0   2   0   0   0  0.51 0.16
  149 N    0  1  5 -1 -3  2 -1 -1 -1 -4 -4  3 -3 -4 -2  2 -1 -4 -3 -3    5   4  42   0   0  10   0   1   0   0   0  21   0   0   0  17   0   0   0   0  0.59 0.19
  150 H   -3 -2  2  5 -5  0  0 -3  6 -5 -5 -1 -4 -4 -3 -1 -2 -5 -2 -4    0   0  11  49   0   4   0   0  33   0   0   2   0   0   0   1   0   0   0   0  1.05 0.24
  151 P   -3 -4 -4 -3 -5 -3 -3 -4 -4 -5 -5 -3 -4 -6  8 -3 -3 -6 -5 -4    0   0   0   0   0   0   0   0   0   0   0   0   0   0 100   0   0   0   0   0  2.73 0.38
  152 D   -1 -2  6  4 -4  0  1 -1 -1 -4 -4 -1 -3 -4 -3  0 -1 -5 -3 -4    3   0  51  28   0   2  10   2   0   0   0   0   0   0   0   4   0   0   0   0  0.85 0.20
  153 G    2 -2 -1  3 -2  1  0  1 -2 -3 -2 -1  1 -2 -2  0 -1  5 -2 -2   30   0   0  28   0   7   0  12   0   0   0   3   6   0   0   4   0  10   0   0  0.34 0.08
  154 F   -3 -4 -4 -5 -3 -4 -4 -4 -2 -1  0 -4 -1  8 -5 -3 -3  0  2 -2    0   0   0   0   0   0   0   0   0   0   0   0   0 100   0   0   0   0   0   0  1.38 0.16
  155 N    0 -1  6  0 -3 -1 -1 -1  0 -3 -4 -1 -3 -4 -2  1  1 -4 -3 -3    9   0  79   0   0   0   0   0   0   0   0   0   0   0   0   5   7   0   0   0  0.80 0.10
  156 F   -3 -3 -3 -4 -3 -3 -3 -4  0 -1 -1 -3 -1  6 -4 -3 -3  1  6 -2    0   0   0   0   0   0   0   0   0   0   0   0   0  54   0   0   0   0  46   0  1.05 0.11
  157 K   -1  1 -1 -1 -4  3  0 -2 -1 -3 -3  4 -2 -4  5 -1 -1 -4 -3 -3    0   2   0   0   0  17   0   0   0   0   0  51   0   0  29   0   0   0   0   0  0.74 0.07

                      K         Lambda
Standard Ungapped    0.1266     0.3151
Standard Gapped      0.0417     0.2670
PSI Ungapped         0.1370     0.3082
PSI Gapped           0.0417     0.2670
