
Last position-specific scoring matrix computed, weighted observed percentages rounded down, information per position, and relative weight of gapless real matches to pseudocounts
           A  R  N  D  C  Q  E  G  H  I  L  K  M  F  P  S  T  W  Y  V   A   R   N   D   C   Q   E   G   H   I   L   K   M   F   P   S   T   W   Y   V
    1 M   -4 -5 -6 -6 -4 -4 -5 -6 -5 -1  3 -5 10 -3 -6 -5 -4 -5 -4  0    0   0   0   0   0   0   0   0   0   0  23   0  71   0   0   0   0   0   0   6  1.98 0.62
    2 Q   -1 -1  2  2 -4  2  3 -3  1 -3 -4  2 -3 -4 -1  1  0 -4  0 -4    5   1  10  10   0  11  23   1   3   1   0  12   0   0   2  12   5   0   4   0  0.40 0.23
    3 T    0  0  1  0 -3  0  1 -2  1 -2 -2  1 -2 -2  0  1  3 -4  0 -1    7   5   9   3   0   3  11   1   4   1   2  10   0   1   3  13  20   0   4   3  0.22 0.17
    4 E   -1  0  1  2 -5  1  3 -3  0 -2 -4  2 -2 -4  2  0 -2 -5 -2 -2    3   5   7  12   0   6  25   0   2   3   1  15   1   0   8   7   1   0   1   3  0.40 0.25
    5 Q   -2  2  1  3 -5  3  3 -4  1 -3 -5  1 -4 -5 -3  1  1 -5 -1 -4    2  10   5  18   0  17  16   0   4   1   0   6   0   0   1   8   9   0   3   0  0.51 0.31
    6 Q   -1 -2 -2 -3 -4  4  1 -4 -2  2  3  0  0 -1 -2 -2 -1 -4 -3 -1    5   1   1   1   0  22  10   0   1  14  28   4   1   2   1   2   4   0   0   3  0.39 0.29
    7 R   -1  3  4  1 -5  3  1 -4  2 -2 -3  2 -2 -4 -4 -2  0 -5 -1 -3    5  16  20   7   0  12   9   0   5   2   2  13   1   0   0   1   5   0   2   1  0.45 0.28
    8 A    0  3 -1  1 -5  2  4 -3  2 -3 -2  2 -3 -5 -3 -1 -2 -5 -2 -3   10  14   2   7   0   9  28   0   5   1   5  12   0   0   0   2   1   0   1   1  0.47 0.29
    9 V   -2 -2 -5 -5 -4  0 -4 -5 -5  5  2  1  0 -2 -3 -4 -2 -5 -2  4    2   2   0   0   0   5   0   0   0  35  16   9   1   1   1   0   1   0   1  26  0.71 0.36
   10 T    1 -4 -4 -4 -4 -3 -3 -3 -3  2  3 -4  4 -3 -4  1  3 -5 -4  0   10   0   0   0   0   0   1   1   0  12  25   0  12   0   0  12  21   0   0   5  0.52 0.34
   11 R   -3  4  2  4 -6  1  2 -4  2 -3 -5  2 -4 -6 -4 -2 -3 -6 -4 -4    2  23   9  24   0   7  14   1   4   1   0  10   0   0   0   1   1   0   0   1  0.72 0.38
   12 L   -1 -5 -5 -6  0 -3 -5 -5 -5  2  3 -5  0  4 -5 -3  1 -4 -3  3    4   0   0   0   2   1   0   1   0  12  33   0   1  15   0   2   8   0   0  22  0.65 0.34
   13 C    2 -5 -5 -6  7 -5 -5 -5 -6  2  2 -5 -2 -1 -5 -1 -2 -5 -4  2   18   0   0   0  27   0   0   0   0  12  19   0   0   3   0   4   1   0   0  14  0.92 0.43
   14 I    2 -5 -2 -5 -2 -4 -5 -4 -5  2  4 -5  3 -3 -5 -2 -1 -5 -4  1   16   0   2   0   1   0   0   1   0  11  45   0   6   0   0   3   4   0   0  11  0.68 0.37
   15 Q   -3  3 -2  2 -2  3  2 -4  1 -2  2  1  0 -1 -4 -3 -2 -4  0 -2    1  15   1  11   1  12  15   0   3   2  22   6   2   2   0   1   2   0   4   1  0.35 0.27
   16 C    5 -5 -5 -5  3 -4 -5 -4 -4  0  0 -4 -2 -2 -5 -2  2 -4  3  1   45   0   0   0   7   0   0   0   0   6   7   0   1   1   0   1  12   0  12   8  0.76 0.44
   17 G    3 -6 -2 -5 -6 -5 -6  7 -6 -7 -7 -5 -6 -7 -6 -1 -3 -7 -7 -6   19   0   1   0   0   0   0  73   0   0   0   0   0   0   0   4   2   0   0   0  1.84 0.71
   18 L    0  3 -2 -3  0  3  1 -4  0 -4  0  4 -1 -4 -4 -1  1 -5 -3 -1    7  14   1   0   2  15   8   0   2   0   9  23   1   0   0   4   8   0   1   3  0.41 0.29
   19 F   -3 -2 -4 -6 -3 -4 -5 -6 -1  5  3 -4  4  0 -6 -4  0  1  0 -1    1   2   1   0   0   0   0   0   1  32  33   1  11   3   0   0   7   2   3   2  0.79 0.40
   20 L   -4 -6 -7 -8 -5 -3 -7 -7 -6 -1  6 -6  8 -3 -7 -5 -5 -6 -5 -3    1   0   0   0   0   1   0   0   0   2  61   0  33   0   0   0   0   0   0   0  1.85 0.74
   21 L   -4 -6 -7 -6 -5 -4 -5 -7 -5  2  5 -6  7 -3 -6 -5 -4 -5 -2 -1    1   0   0   0   0   1   0   0   0  12  56   0  24   0   0   0   1   0   1   3  1.44 0.61
   22 Q    1 -1 -3 -2 -6  5  5  0 -4 -5 -6  1 -3 -6 -4  1 -2 -6 -5 -4   12   2   0   1   0  24  35   7   0   1   0   8   0   0   0   8   2   0   0   1  0.84 0.48
   23 H    0 -4  4 -4  3 -4 -4 -1  5 -6 -5 -4 -5 -2 -5  5 -3 -3  2 -3    8   0  20   0   5   0   0   4  13   0   0   0   0   2   0  40   0   0   7   2  0.94 0.52
   24 G   -2 -7 -2 -4 -7 -6 -6  7 -6 -8 -7 -6 -7 -8 -7 -1 -6 -7 -8 -8    3   0   2   1   0   0   0  91   0   0   0   0   0   0   0   4   0   0   0   0  2.38 0.85
   25 A    6 -5 -5 -6 -5 -5 -5  0 -6 -4 -5 -5 -5 -6 -5  1 -1 -7 -6  0   75   0   0   0   0   0   0   6   0   0   0   0   0   0   0   9   4   0   0   6  1.50 0.69
   26 E   -5 -4 -1  2 -7 -1  7 -2  4 -7 -7 -3 -6 -6 -5  0 -2 -7 -1 -6    0   0   3  12   0   2  61   3   8   0   0   0   0   0   0   5   3   0   2   0  1.42 0.65
   27 S   -1 -5 -4 -5  3 -4 -5 -5 -5  2 -4 -4  3 -5 -5  3  6 -6 -5 -2    5   0   0   0   6   0   0   0   0  11   0   0   7   0   0  25  45   0   0   2  1.12 0.59
   28 A    1 -1  0 -2 -5 -4 -2 -3  0 -3 -5 -3  1  0 -4  2  1 -3  7 -3   12   3   4   2   0   0   2   2   2   1   0   1   3   2   0  15   7   0  41   1  0.91 0.50
   29 L   -6  8 -5 -6 -7 -3 -5 -7 -3 -4  1 -3 -5 -7 -7 -5 -5 -7 -6 -1    0  80   0   0   0   0   0   0   0   1  14   0   0   0   0   0   0   0   0   5  2.17 0.87
   30 V   -2 -7 -7 -7 -5 -6 -7 -7 -7  4 -3 -6 -3 -5 -6 -5 -1 -7 -5  7    3   0   0   0   0   0   0   0   0  21   1   0   0   0   0   0   4   0   0  71  1.78 0.73
   31 D   -3 -1 -2 -1 -6 -1  6 -3 -2 -2 -4  1  1 -5 -5 -2 -3 -3 -5  2    1   3   2   3   0   2  56   2   1   2   1   8   3   0   0   3   1   0   0  13  0.98 0.53
   32 E   -3  4 -2  5 -7  2  3 -4 -1 -6 -5  0 -5 -6 -5 -1 -4 -6 -4 -5    2  21   1  35   0   9  20   1   1   0   1   4   0   0   0   4   0   0   1   1  1.01 0.50
   33 L   -3 -4  4 -1  1 -4 -3 -3 -4  0  0 -3  0 -4 -5  1  5 -6 -3 -2    1   0  19   3   3   0   1   1   0   5   8   1   2   0   0   8  44   0   1   2  0.85 0.50
   34 S   -1 -6 -6 -6 -1 -5 -6 -5 -6  3  0 -5  9 -4 -5  1  1 -6 -5  1    4   0   0   0   1   0   0   0   0  15   6   0  46   0   0  10   7   0   0  10  1.37 0.64
   35 S    0  1  1 -1 -1  2  1 -1 -1  0 -1  2  1 -4 -3  0  2 -2 -3 -1    7   7   9   2   1  10   7   3   1   5   4  13   5   0   0   8  12   0   0   5  0.16 0.16
   36 R   -6  9 -5 -4 -8 -2 -4 -7 -2 -8 -6 -1 -2 -8 -7 -6 -4 -4 -7 -7    0  91   0   1   0   1   0   0   1   0   1   2   1   0   0   0   1   0   0   0  2.69 1.00
   37 L   -1 -6 -6 -7 -1 -6 -6 -7 -6  6  3 -6  4 -2 -6 -5  0 -6 -5  0    5   0   0   0   1   0   0   0   0  53  21   0   9   1   0   0   5   0   0   3  1.28 0.56
   38 G    5 -6 -5 -6  7 -5 -4  3 -6 -4 -5 -5 -4 -5 -5 -2 -4 -6 -6 -4   52   0   0   0  19   0   1  23   0   1   1   0   0   0   0   2   0   0   0   0  1.45 0.66
   39 R    1  2  0 -1 -4  0  1 -2  2 -1  0  2  0 -3 -3  0 -1 -4 -1 -1   17  14   4   2   0   3  10   1   6   4  10  13   2   0   0   4   3   0   2   4  0.18 0.18
   40 A    5 -3  1 -4 -1 -3 -4 -2  2 -3 -4 -2 -4 -1 -4  3 -1 -5  2 -3   43   1   7   0   1   0   0   2   5   1   0   2   0   3   0  21   2   0   8   1  0.71 0.45
   41 L    0 -3 -5 -6  1  0 -5 -3 -2 -2  3 -4  1  4 -5 -2 -3  3  5  0    8   1   0   0   3   5   0   2   1   0  30   0   3  15   0   3   1   4  19   6  0.62 0.37
   42 G   -3 -3  2 -2 -4 -5 -4  7 -3 -8 -8 -2 -7 -7 -5 -2 -5 -7 -7 -7    1   2   9   2   0   0   1  80   1   0   0   2   0   0   0   2   0   0   0   0  1.92 0.76
   43 M   -1 -4 -3 -6 -1 -4 -3 -5 -4  4  2 -4  4  1 -5 -4 -3 -4  3  3    6   0   1   0   1   0   1   0   0  24  18   0  10   6   0   0   1   0  10  20  0.63 0.35
   44 D   -1 -2 -1  4 -2  0  4 -3  2 -3 -4  1 -2 -3  0  0 -1 -2 -1 -3    4   2   2  24   1   4  25   1   5   1   1   8   1   1   6   6   4   1   2   2  0.48 0.28
   45 S   -1  1  3  2 -3  1  2 -1  0 -3 -3  1 -3 -3 -3  2  0 -4 -1 -2    3   8  15  12   0   4  12   4   3   1   2   6   0   1   0  19   4   0   3   2  0.32 0.22
   46 V    2 -4 -3 -4  3 -3 -3 -2  2  1  1 -3 -1 -4 -1  0  0 -5 -4  4   15   0   1   0   6   0   1   2   5   7  11   1   1   0   3   7   6   0   0  34  0.43 0.30
   47 E   -3 -1  2  2 -6  2  4 -4  6 -1 -5 -1 -2 -4 -5 -1 -3 -6 -1 -3    1   3   9  11   0   9  28   1  21   4   1   3   1   0   0   4   1   0   2   2  0.78 0.43
   48 S    1 -4 -2 -4  5 -3 -4 -4 -5  2  0 -4  2 -3 -3  3  0 -5 -4  2   11   0   1   1  12   0   0   0   0  14   8   0   6   1   1  28   4   0   0  12  0.56 0.37
   49 S    0 -3 -1 -2 -4 -1 -4 -3  2 -2 -1 -4  0  6 -5  1 -1 -3  4 -3    8   1   3   2   0   3   0   1   6   1   5   0   2  33   0  14   4   0  14   1  0.70 0.40
   50 I    1 -5 -6 -6 -4 -5 -4 -4 -4  3  1 -5  0  0 -3 -3 -1 -5 -2  5   10   0   0   0   0   0   1   1   0  18  13   0   2   3   1   2   2   0   1  44  0.81 0.42
   51 S   -2 -3 -1 -3 -4 -2 -4 -3 -2  0 -1 -3  2  1 -4  3  5 -5 -4 -2    1   1   3   1   0   2   0   2   1   6   6   0   6   7   0  19  44   0   0   2  0.76 0.48
   52 S    1 -3 -4 -5 -5  0 -4 -5  0 -2 -3 -2  0  2  6  1 -1  0  3 -4   11   1   0   0   0   5   0   0   2   2   2   2   2   9  37   9   3   1  12   0  0.86 0.46
   53 N   -3 -3  4 -2 -5 -4 -4 -3 -1 -5 -5  0 -3 -5 -5  1  6 -6 -2 -3    1   1  20   1   0   0   0   2   2   0   0   6   1   0   0   9  53   0   1   2  1.20 0.63
   54 A    3 -4 -1 -3  1 -3  0  4  0 -1 -4 -3  1 -3 -4  1  1 -5 -2  0   22   0   2   1   3   0   5  30   2   4   0   0   4   1   0  10   9   0   1   7  0.47 0.32
   55 I   -5 -7 -7 -7 -5 -7 -7 -8 -7  7  2 -7  0 -2 -7 -4 -3 -6 -5  2    0   0   0   0   0   0   0   0   0  66  18   0   2   2   0   1   1   0   0  10  1.69 0.67
   56 V   -3 -5 -4 -6 -4 -2 -4 -6 -2  4 -1 -4  5  4 -5 -2  1 -4 -3  3    2   0   1   0   0   1   1   0   1  24   4   0  17  19   0   3   9   0   0  19  0.83 0.44
   57 L   -1 -5 -4 -6 -4 -5 -5 -6 -5  2  3 -4  4  3 -5 -4  1 -4 -3  3    5   0   1   0   0   0   0   0   0  12  31   0   9  15   0   1   8   0   0  19  0.72 0.38
   58 T   -2 -5  2 -4  0 -4 -4 -2 -5 -3 -3 -4 -1 -6 -5  5  5 -6 -5 -4    1   0  10   0   2   0   0   2   0   1   3   0   1   0   0  38  40   0   0   1  1.19 0.64
   59 T    1 -4 -4 -3 -2 -4 -4 -3 -2  3  1 -4 -1 -1 -4  0  3 -2 -1  3   10   0   0   1   1   0   0   1   1  17  15   0   1   3   0   5  19   1   2  22  0.42 0.29
   60 I   -1  0  0  0 -1  0  0 -1  1  1  0  0  0 -1 -1  1  0  0  1  0    3   6   6   6   1   2   5   4   4  11  11   5   1   2   2  12   7   1   8   5  0.03 0.06
   61 K    0 -1  1  4 -1 -1  0 -1  1 -2 -3  1 -1 -1 -1  0 -1 -3  1  0    6   2   6  27   2   1   5   4   4   2   2  12   1   3   2   6   3   0   5   7  0.25 0.17
   62 D   -2 -1  3  4 -5  0  3  2  1 -5 -5  1 -4 -5 -2  0 -2 -5 -3 -4    3   2  14  21   0   4  21  14   3   0   0   7   0   0   1   5   2   0   1   1  0.57 0.33
   63 G   -2 -1  3  2 -4  0  2  4 -1 -5 -5  0 -4 -3 -3 -1 -1 -5 -4 -5    1   3  13  11   0   4  14  36   1   0   1   5   0   1   1   4   3   0   0   0  0.64 0.36
   64 Q   -2  2  2  0 -3  2  3 -3  5 -4 -4  0 -1 -3 -2 -1  1 -5 -2 -4    3  12  12   4   0   8  17   1  17   1   0   4   2   1   2   4  11   0   1   1  0.49 0.32
   65 C   -1 -2  1  0  6 -2 -1 -2  0 -1 -2 -2 -3  1  0  3  2 -2 -2 -1    3   1   6   4  17   1   3   2   2   4   3   2   0   6   4  22  14   0   1   3  0.38 0.28
   66 L   -2  1 -2 -4 -3 -1 -2 -4  1  3  1 -2 -1  3 -1 -1 -1 -3  3  1    2   9   2   0   0   2   3   0   3  21  12   2   1  13   2   4   2   0  10  11  0.28 0.21
   67 T   -1 -5 -1 -5  0 -4 -5 -5 -3 -3 -4 -5 -1 -2 -5  3  7 -6 -4 -3    3   0   2   0   2   1   0   0   1   2   1   0   1   2   0  19  64   0   0   1  1.45 0.70
   68 S   -2  3 -1 -3 -2  2  1 -3 -2 -1 -2  2 -2 -2 -4  1  2 -4  0 -1    1  16   2   0   1  11   9   1   0   3   4  15   0   1   0  10  15   0   4   5  0.33 0.27
   69 T   -1 -5 -3 -5 -4 -4 -4 -4 -5  2  1 -5  4  3 -5 -2  3 -4 -1  4    3   0   1   0   0   0   0   1   0  10  12   0  11  12   0   2  17   0   2  28  0.64 0.38
   70 R   -1  5 -3 -4 -2  2  0 -4 -3  1 -2  3 -1 -4 -4 -2 -2 -5 -3  0    6  30   0   0   1  10   6   1   0  11   3  18   1   0   0   2   2   0   1   7  0.56 0.36
   71 K   -3  6 -1  0 -7  1  1 -5  1 -5 -6  3 -5 -6 -1 -1 -2 -6 -5 -5    1  48   3   4   0   6   7   0   4   1   0  17   0   0   3   4   2   0   0   0  1.10 0.54
   72 N   -2 -5  1 -5  5  0 -5 -5 -3  6 -2 -5 -2 -4 -6 -1  0 -6 -4  3    3   0   8   0  12   4   0   0   1  42   2   0   0   0   0   4   6   0   0  19  0.94 0.48
   73 H   -2  3 -1  0 -4  0  0 -2  2 -1 -3  1 -1 -4  4  0  1 -5 -1 -1    3  16   3   4   0   4   5   2   5   5   2   9   1   0  21   6   9   0   2   5  0.35 0.24
   74 D   -1  1  1  3 -4  0  1 -3  3 -2 -3  2 -3 -4  0  1  0 -5 -3 -1    5   6   7  20   0   2  10   1   8   2   2  12   0   0   4  11   7   0   0   4  0.32 0.23
   75 R   -2  6 -2 -5 -6 -1 -4 -4  6 -4 -1  0  1 -4 -4 -1 -1 -6 -3 -3    3  49   2   0   0   3   0   1  17   1   5   3   4   1   1   4   4   0   1   2  1.12 0.56
   76 G    0 -2  1 -3 -5 -2 -3  5  0 -3 -4 -3 -3 -6  1  1  2 -6 -5 -2    5   3   7   1   0   1   1  41   2   1   1   1   1   0   6  11  16   0   0   2  0.70 0.40
   77 I   -3 -6 -3 -6 -5 -3 -6 -7 -6  6 -1 -6 -3 -2 -4 -4  3 -6 -1  3    1   0   1   0   0   1   0   0   0  50   4   0   0   2   1   1  18   0   2  19  1.17 0.55
   78 N   -6 -4  8  5 -7 -4 -3 -5  2 -8 -8 -4 -7 -7 -6  0 -4 -8 -6 -7    0   0  60  26   0   0   1   0   5   0   0   1   0   0   0   7   0   0   0   0  1.97 0.81
   79 M   -1 -6 -6 -7 -5 -5 -6 -7 -3  0  5 -6  7  3 -6 -4 -4 -5 -2 -1    5   0   0   0   0   0   0   0   1   4  47   0  25  13   0   1   0   0   1   3  1.24 0.55
   80 H    0  0  3  2 -5  1  3 -2  4 -5 -4  0 -3 -4 -4  0  0 -3  0 -4    7   6  15  12   0   6  20   2  11   0   1   4   0   0   0   6   6   0   3   1  0.45 0.28
   81 V   -1  3 -3 -4 -1 -2 -3 -5 -1  1  0  5  2 -4 -5 -3 -2 -5 -3  2    5  13   0   0   1   0   0   0   1   8   9  38   5   0   0   1   2   0   1  15  0.62 0.38
   82 V   -4 -6  1 -5 -5 -6 -6 -7 -6  6  0 -6 -1 -4 -6 -5 -4 -6 -5  5    1   0   6   1   0   0   0   0   0  41   8   0   1   0   0   0   0   0   0  42  1.38 0.58
   83 T    2 -3 -2  2  3 -2 -1 -3  1 -3 -3 -3 -1 -3 -4  3  3 -5 -1  0   14   0   1  14   6   1   4   1   3   1   1   1   1   1   0  21  22   0   2   6  0.44 0.32
   84 E    1  2 -1  2 -5  3  3 -2 -2 -3  1  1  0 -4 -4 -1 -3 -5 -3 -3   11  11   2  10   0  12  24   2   0   0  14   9   2   0   0   2   0   0   0   1  0.41 0.30
   85 V   -3 -6 -7 -7 -5 -6 -6 -7 -7  4  2 -6 -2 -3 -6 -5 -2 -6 -5  6    1   0   0   0   0   0   0   0   0  24  19   0   0   1   0   0   2   0   0  52  1.34 0.56
   86 Q   -4 -2  7 -3 -6  4 -2 -2 -1 -7 -7 -3 -6 -7 -6  3 -3 -7 -6 -5    0   2  49   0   0  19   1   2   1   0   0   1   0   0   0  24   0   0   0   1  1.49 0.68
   87 H    0  3  2  2 -3  3  0 -3  4 -3 -4  2 -4 -4 -4  1 -1 -1 -3 -4    9  16   9  10   1  13   5   1  10   2   1  10   0   0   0  11   3   1   0   0  0.43 0.28
   88 I   -3 -6 -5 -7 -4 -6 -6 -7 -6  4  5 -6  1  2 -6 -5 -4 -5 -1  1    2   0   0   0   0   0   0   0   0  27  49   0   2   7   0   0   0   0   2  10  1.09 0.47
   89 V   -2 -5 -4 -5  4 -4 -3 -4 -5 -1 -3 -5 -2 -6 -5  6  1 -7 -6  2    1   0   0   0   7   0   1   0   0   3   2   0   1   0   0  63   6   0   0  15  1.27 0.64
   90 I   -3  6 -2 -5 -4 -3 -3 -6 -2  2 -2 -3 -4 -4 -6 -3 -4  8 -3 -3    2  47   2   0   0   1   2   0   1  14   5   0   0   0   0   1   1  22   0   1  1.55 0.66
   91 L   -1  3  0  2 -3  2  2 -3  0 -4  0  2  2 -4 -4  0 -1 -5 -2 -3    6  14   4  10   0   8  16   1   2   0  10  13   5   0   0   6   2   0   1   0  0.32 0.24
   92 A    3 -5 -5 -5 -2 -4 -5 -5 -5  4  1 -4  1  3 -2 -2  0 -4  0  1   23   0   0   0   0   0   0   0   0  27  14   0   3  13   2   2   6   0   3   7  0.57 0.34
   93 E    1 -2 -3 -2  1  1  3 -3  0  1 -1  0 -2 -2 -2  1 -1 -4  1  1   12   1   0   1   3   6  26   1   2   8   4   4   1   1   2  10   3   0   4  11  0.24 0.23
   94 H    1  2  1  2 -4  1  2 -1  3 -4 -4  2 -3 -3 -2  1 -1 -5 -1 -3   12  10   6  14   0   4  12   4   8   1   1  11   0   1   1  10   4   0   2   1  0.30 0.21
   95 H   -2  1  2 -1 -4  1  1  4  3 -3 -4  3 -3 -5 -4 -1 -2 -5 -1 -4    1   6  10   3   0   5  11  29   7   2   1  18   1   0   0   2   1   0   2   0  0.52 0.31
   96 L   -2  1  2  2 -2  1  2 -2  2 -1  0  2 -1 -3  0 -1  0 -4 -3 -2    2   6  10  10   1   5  13   3   6   5  11  13   1   0   5   4   6   0   0   1  0.18 0.16
   97 L   -3 -4 -5 -4 -2 -4 -5 -6 -2  3  3 -3  2  0 -1 -4 -1  0  4  1    2   0   0   1   1   0   0   0   1  19  34   1   5   3   4   1   3   1  18   7  0.67 0.36
   98 D   -3 -3  1  4 -5 -3 -1 -1 -4 -5 -4 -4 -5 -6  1  4  4 -6 -5 -5    1   1   6  25   0   1   2   3   0   0   1   0   0   0   8  30  22   0   0   0  0.86 0.49
   99 Y   -1 -2 -4 -3 -3 -4 -2 -4 -2  3  4 -4  0 -1 -1 -4 -3 -4  2  1    4   2   0   1   0   0   2   1   1  18  43   0   2   2   3   1   1   0   9   9  0.60 0.33
  100 K    0  0  1  4 -4  1  4 -3  2 -5 -5  1 -2 -4 -2  0 -1 -3 -2 -4    7   5   6  21   0   6  28   1   4   0   0   8   1   1   1   6   3   0   1   1  0.55 0.32
  101 G   -2  0 -1  2 -6  3  5 -2  0 -5 -2  0 -1 -3 -2 -2 -1 -5 -1 -4    3   4   3  11   0  13  43   3   2   0   4   4   2   1   1   1   3   0   2   1  0.72 0.41
  102 V    4 -5 -5 -5 -1 -4 -4 -2 -4  1  2 -4 -1  1 -5 -2 -2 -4  1  3   35   0   0   0   1   0   1   2   0   8  18   0   1   6   0   1   1   0   6  20  0.58 0.36
  103 E   -1  1 -1 -1 -4  2  3 -3  3 -2 -2  2  0 -2 -4 -1 -2  1  3 -2    4   9   3   2   0   9  25   1   6   3   4  12   2   1   0   3   2   2  10   2  0.37 0.27
  104 K    0  2  1  1 -5  2  3 -2 -1 -3 -3  3 -1 -5 -4  0  0 -5 -3 -3    8  11   6   7   0   8  22   2   1   2   2  20   1   0   0   5   4   0   1   1  0.43 0.28
  105 R    0  4 -2 -2 -2  2  3 -3  0 -1 -2  3 -3 -5 -4 -2 -1 -5 -3 -2    8  20   1   2   1   9  21   1   2   5   4  19   0   0   0   2   3   0   1   2  0.50 0.32
  106 F   -5 -4 -5 -7 -5 -5 -5 -5 -6  1  6 -6  0  3 -7 -6 -5 -5  1 -1    0   1   1   0   0   0   1   1   0   8  69   0   1  12   0   0   0   0   4   3  1.33 0.57
  107 S    0  1  2  2 -3  1  2 -2  0  0 -2  2 -1 -2 -3  0  0 -4 -1 -2    7   6   9  13   0   6  17   2   2   6   3  13   1   1   0   6   4   0   2   2  0.22 0.18
  108 Q    0  2  1  1 -2  2  3 -3  2 -2 -3  2 -3 -4 -4  0 -1 -5 -2 -3    9  11   7   6   1  11  18   1   6   3   1  15   0   0   0   5   3   0   1   1  0.37 0.25
  109 I   -3 -4 -7 -5 -5 -6 -7 -7 -7  7  2 -5  0 -2 -5 -4 -3 -6 -5  1    1   1   0   1   0   0   0   0   0  67  17   1   1   1   0   1   1   0   0   9  1.57 0.63
  110 Q    0  2  0  3 -5  2  2 -3  0 -4 -5  3 -1 -5 -4  1 -1 -5 -4 -4    8  11   4  14   0   7  15   1   2   1   0  22   2   0   0  11   2   0   0   0  0.50 0.31
  111 P    0  1  0 -2 -5  0  1 -3  0 -3 -5  3 -3 -6  5  1  1 -6 -5 -4    7   6   5   1   0   4   8   1   3   1   0  19   0   0  27   8   9   0   0   1  0.64 0.36
  112 L   -1  1  0 -1 -3 -1  0 -2  0 -1  1  0  2 -2  3  0  0 -2 -2 -1    3  10   3   3   0   1   7   2   2   3  16   7   6   2  18   6   6   0   1   3  0.21 0.17
  113 R   -2  4  1 -2 -1  0 -1 -3  2 -3 -2  2 -2 -2  3  0  0 -5 -1 -2    1  24   8   1   1   4   3   1   5   1   4  15   1   2  13   5   5   0   3   2  0.41 0.27
  114 Y   -5 -4 -5 -6 -7 -4 -4 -6  1 -2 -3 -3  0  4 -6 -6 -5  1  9 -4    1   1   0   0   0   0   1   1   3   2   2   2   2  14   0   0   0   2  68   1  2.21 0.83
  115 P   -3 -3  4 -1 -6 -4 -4 -2  1 -5 -5  0 -4 -3  6  3  1 -7 -3 -5    1   1  18   3   0   0   0   2   3   0   1   6   0   1  35  22   7   0   1   0  1.00 0.51
  116 R   -2  3  0  0 -4 -2 -1 -3 -2 -1  0  1  0  1  2 -1 -1  1  1 -1    3  22   6   5   0   0   2   1   0   4   8   9   3   8  12   3   4   2   4   4  0.24 0.20
  117 W   -4 -1 -5 -5 -6 -4 -5 -4 -2 -1  0  0 -3  2 -2 -2 -3 11  3 -3    1   3   1   1   0   1   0   1   1   3  11   7   1   6   2   3   1  46  10   1  1.76 0.68
  118 L   -2 -3 -5 -5 -2  1 -3 -5 -4  2  4 -3  4  1 -3 -3  0 -3 -1  1    4   1   0   0   1   6   1   0   0  11  41   1   9   5   1   1   7   0   2   8  0.55 0.32
  119 V   -2  0  0 -4 -4  4 -3 -4 -2  1  0  0  2 -3 -5 -2  1 -5 -2  4    1   5   6   0   0  19   0   0   1   6  10   4   4   1   0   2   8   0   2  30  0.46 0.33
  120 A    1 -3 -3 -4 -3 -4 -4 -3 -2  3  2 -4  1  0 -3 -2  0  1 -1  3   16   1   1   1   0   0   0   1   1  18  19   0   3   4   1   3   4   2   1  24  0.42 0.27
  121 L   -1 -5 -6 -6 -2 -5 -5 -5 -5  3  4 -5  0  3 -2 -3 -2 -4 -3  2    6   0   0   0   1   0   0   0   0  19  42   0   1  14   2   2   3   0   0  10  0.77 0.39
  122 M    3 -3 -3 -4  0 -3 -3  2 -3 -1  0 -3  4  2 -3  0 -2  1 -2 -1   36   0   0   0   2   0   0  15   0   2   9   0  16  10   0   6   1   2   1   2  0.41 0.27
  123 V    4 -3 -3 -4 -1 -3 -3 -1 -3  2 -2 -3 -2 -1 -3  1  0 -4  0  3   41   0   0   0   1   0   0   4   0  11   0   0   0   1   0  13   3   0   4  22  0.47 0.29
  124 G    3 -4 -3 -3  0 -3 -3  5 -4 -3 -4 -3 -2 -2 -3  1  0 -4 -4 -3   31   0   0   0   2   0   0  45   0   1   1   0   1   1   0  12   5   0   0   1  0.82 0.35
  125 L   -2 -4 -5 -5  0 -4 -4 -4 -4  3  3 -4  1  3 -4 -3 -1 -2 -1  2    2   0   0   0   2   0   0   1   0  19  38   0   3  15   0   1   2   0   0  16  0.56 0.26
  126 S    4 -3 -2 -3 -3 -3 -3  1 -3 -1 -1 -3 -2 -3 -3  3  0 -4 -3  1   42   0   0   0   0   0   0   9   0   4   4   0   0   1   0  27   5   0   0   9  0.53 0.31
  127 C    1 -4  2 -3  8 -3 -4  0 -4 -4 -4 -3 -4 -5 -2  4 -1 -5 -4 -3   13   0   9   0  37   0   0   5   0   0   0   0   0   0   1  32   2   0   0   1  1.09 0.44
  128 A    4 -4 -3 -3  0 -2 -3  4 -4 -4 -3 -3 -1  0 -1  1 -2 -4 -3 -2   40   0   0   0   2   1   0  36   0   0   2   0   1   5   3   8   1   0   0   1  0.70 0.33
  129 C    1 -4 -3 -4  6 -3 -3  2 -3 -2 -2 -3 -1  3 -3  2  1 -3 -2 -1   14   0   0   0  21   0   0  15   0   1   1   0   2  16   1  17  10   0   0   2  0.54 0.29
  130 F   -5 -5 -6 -6 -5 -6 -6 -6 -4 -1  1 -6 -2  8 -6 -2 -3 -2  2 -2    0   0   0   0   0   0   0   0   0   2  13   0   0  77   0   3   1   0   3   1  1.79 0.56
  131 C    2 -4 -3 -4  7 -3 -3 -2 -4 -2 -1 -3  3 -2 -3  2  1 -4 -4 -1   19   0   0   0  30   0   1   3   0   0   6   0  10   1   1  17  11   0   0   2  0.73 0.34
  132 K   -2  2 -3 -4 -2 -2 -3 -4  2  3  2  0  1  1 -4 -2 -2 -2  2  2    2  12   0   0   1   1   0   0   6  19  18   8   2   7   0   2   1   0   7  14  0.23 0.16
  133 L   -2 -4 -5 -5 -3  0 -4 -5 -4  1  5 -4  5  2 -5 -4 -2 -3 -3  0    2   0   0   0   0   4   0   0   0   5  63   0  15   7   0   0   1   0   0   3  0.92 0.38
  134 N   -1 -3  2 -5 -5 -2 -5 -4 -2 -2 -1 -4 -1  8 -5 -2 -4 -2  2 -3    6   1  10   0   0   2   0   1   1   1   3   0   1  67   0   4   0   0   3   1  1.32 0.48
  135 N   -2 -1  1  0 -5 -1 -2  6 -1 -5 -4  0 -2 -3 -4 -1 -3 -5 -5 -5    1   3   7   4   0   2   1  68   1   0   1   6   1   1   0   3   0   0   0   0  1.09 0.39
  136 G   -1 -5 -3 -3  2 -4 -5  7 -4 -4 -6 -4 -5 -4 -5 -2 -4 -5  0 -4    4   0   0   1   5   0   0  83   0   1   0   0   0   1   0   1   0   0   4   1  1.63 0.52
  137 G   -2 -2  3  5 -4 -2 -1  2 -2 -3 -3 -1 -3 -4 -3  1  1 -5 -4 -2    1   0  16  37   0   1   1  14   0   1   1   3   1   0   0  12   8   0   0   3  0.59 0.28
  138 W   -1 -4 -5 -6 -4 -4 -4 -4 -4  1  1 -5  1  2 -2 -3 -3 10  2 -1    5   0   0   0   0   0   1   1   0  10  14   0   4  10   2   2   1  40   5   4  1.30 0.42
  139 D    0  0  0  0 -1  0 -1 -1  0  0  0  0  0  0  0  0  0  0  0  0    5   4   3   6   1   3   1   4   4   9  11   6   3   4   5   8   8   1   4  10  0.01 0.01
  140 G    2 -3  0  6 -4 -2  2  0 -1 -1 -4 -2 -4 -5 -3  0 -2 -5 -4 -1   17   0   4  45   0   1  12   6   1   4   0   0   0   0   0   5   0   0   0   6  0.68 0.32
  141 A    2 -3 -4 -4  3 -4 -4 -3 -3 -1  0 -4  2  6 -4  0 -1 -2  0 -1   18   1   0   0   8   0   0   1   0   2   6   0   7  42   0   8   3   0   1   4  0.67 0.33
  142 V    0 -3 -3 -4  1 -3 -4  0 -3  2  2 -3  0  3  1 -1 -2  1 -1  1    8   0   1   0   3   0   0   8   0  16  27   0   1  14   8   3   1   2   0   9  0.26 0.17
  143 I    1 -3 -3 -4  1 -3 -3 -1 -3  3  0 -3  1  1  2 -1 -1 -3  1  2   13   0   0   0   3   0   0   4   0  21   7   0   4   5  12   4   1   0   5  20  0.29 0.18
  144 T    4 -3 -3 -3 -1 -3 -3 -1 -4 -2 -3 -3 -3 -4 -2  2  4 -5 -4  2   38   0   0   0   1   0   0   3   0   0   0   0   0   0   1  14  28   0   0  14  0.64 0.35
  145 F    1 -4 -4 -5  1 -4 -4 -1 -3 -1  0 -4  1  7 -5 -1 -2  1  0  0   12   0   0   0   3   0   0   5   0   3   9   0   3  50   0   6   2   2   1   5  0.76 0.34
  146 F   -1 -4 -4 -5  0 -4 -4 -4 -4  4  2 -4  1  3 -4 -2 -2 -1 -1  2    5   0   0   0   2   0   0   1   0  34  22   0   2  17   0   2   2   1   0  14  0.56 0.26
  147 A    5 -4 -4 -3  1 -3 -3  0 -4  3 -2 -3 -2 -2 -3  0 -1 -5 -4  1   56   0   0   1   3   0   0   5   0  21   0   0   0   1   0   4   2   0   0   7  0.68 0.36
  148 S    2 -4 -2 -3 -3 -3 -3  5 -4 -4 -5 -3 -4 -5 -3  3  2 -5 -2 -4   18   0   0   0   0   0   0  45   0   0   0   0   0   0   0  21  15   0   1   0  0.86 0.37
  149 T    1 -3 -3 -3  1 -3 -3  3 -3  1  1 -3  2  2 -3  0 -1 -3 -1  0   15   0   0   0   3   0   0  24   0  10  12   0   8  13   1   7   3   0   1   4  0.25 0.18
  150 T    0 -4 -4 -4  1 -3 -4 -2 -4  3  2 -4  1  0 -4 -2 -1 -1 -2  3   10   0   0   0   4   0   0   3   0  23  25   0   2   4   0   1   4   1   0  23  0.42 0.22
  151 A    2 -5 -4 -5 -4 -5 -5  6 -5  2 -1 -4 -1 -5 -5 -2 -2 -5 -3 -1   18   0   0   0   0   0   0  54   0  12   5   0   1   0   0   1   2   0   1   5  0.99 0.46
  152 M   -3 -2 -2 -4 -2  1 -3 -4  0 -3  0  0  5  6 -4 -2 -2 -1  4 -3    2   2   2   1   1   6   1   1   2   0   6   7  18  32   0   3   2   0  14   1  0.78 0.41
  153 Y    1  1 -4 -5 -2 -3 -4 -3 -3  2  1 -3  0  3 -3 -1 -1  4  4  0   12   7   0   0   1   0   0   2   0  12  15   1   2  15   1   4   3   5  17   4  0.39 0.25
  154 I    0 -4 -4 -5  2 -3 -4 -2 -4  3  2 -4 -1  1 -4 -1  1 -4 -1  3    7   0   0   0   4   1   0   3   0  19  18   0   1   5   0   6   8   0   2  27  0.43 0.26
  155 R   -2  5 -2 -3 -1 -1 -2 -3 -1 -2 -1  1  0  2 -4  0 -1 -3  2 -1    3  36   1   0   2   1   2   1   1   2   6   8   2  10   0   9   2   0   7   5  0.45 0.29
  156 Q   -1  1  0  0 -2  4  1 -3  0  0  1 -1  1 -1 -3  0 -1 -1  2 -1    3   6   4   5   1  23   7   1   2   7  13   2   5   2   0   5   3   1   9   5  0.21 0.20
  157 L   -1  0 -2 -3 -3  0  1 -3 -1  1  1  0  0  3 -4 -1 -1  2  3  0    3   6   1   0   0   4  11   1   1   9  13   7   3  13   0   3   3   3  14   5  0.22 0.18
  158 L   -2 -4 -4 -5  2 -4 -5 -4 -5  3  4 -4  4  2 -5 -1 -1 -2 -1  1    3   0   1   0   4   0   0   1   0  14  39   0  11   9   0   4   3   0   1  10  0.62 0.32
  159 A    0 -1  2 -1 -1  1  0  0  1 -1  0  0  0 -2 -2  1  1 -4 -2 -1    9   1  13   2   1   9   6   7   4   3   8   5   3   2   1  11  11   0   0   3  0.12 0.13
  160 Q    0  3 -1 -2 -5  1  1 -2  3 -1 -3  4 -3 -3 -4  0 -1 -5 -2 -3    7  17   1   1   0   6   8   3   9   4   2  32   0   1   0   5   2   0   1   1  0.50 0.31
  161 R   -2  4 -2 -3 -2 -2 -2 -3  1  0  1  1 -1  2 -2 -2 -3  0  2 -1    3  28   1   1   1   1   2   1   4   7  16   7   1  11   2   3   0   1   8   4  0.34 0.24
  162 H   -1  0  0 -2 -4  1 -1  2  5  0 -2  1 -2  0 -2 -1  0 -4 -1  0    2   5   3   2   0   6   3  14  21   6   4  11   1   5   1   4   5   0   2   6  0.26 0.21
  163 L   -1  1 -2 -2 -2 -1 -2 -2 -1  1  1  0  2  3 -2 -1  0  1  1  0    4   8   2   1   1   3   2   3   1  10  11   6   6  19   2   3   5   1   4   8  0.13 0.13
  164 H   -3 -4  6 -1 -5 -2 -3 -3  2  2 -3 -2 -3 -1 -2 -1 -1 -5 -2  1    2   0  48   3   0   1   1   1   4  14   2   2   0   3   2   4   2   0   1  11  0.84 0.44
  165 P   -2  1  0 -1 -4 -1  0 -2  2 -1 -1  2 -2 -1  4  0 -1 -4 -1  1    2   8   5   2   0   2   5   2   7   4   5  12   1   2  22   6   3   0   2  10  0.29 0.20
  166 Q   -4 -1 -5 -6 -5  0 -5 -6 -3 -1  1  0  0  7 -6 -5 -5 -3  4 -2    1   4   0   0   0   4   0   0   0   4  14   6   2  49   0   0   0   0  14   1  1.20 0.51
  167 I    0 -5 -6 -6 -2 -5 -5 -3 -5  4  1 -5  2  6 -5 -4 -2 -3 -2  2    7   0   0   0   1   0   0   2   0  25  14   0   4  33   0   0   2   0   0  13  0.87 0.41
  168 N    1 -1  3 -1  1 -1 -1 -1 -2  1 -2 -2 -2 -1 -3  2  1 -4 -3  1   12   2  15   2   4   3   2   4   0  10   2   1   0   2   1  16  10   0   0  14  0.20 0.20
  169 F    0 -4  3 -3 -2 -3  3 -2 -1  1 -3 -3 -1  5 -4 -1 -1  3  1 -1    8   0  14   0   1   0  19   2   1  10   0   0   1  26   0   3   3   4   4   3  0.49 0.33
  170 C    1 -4 -1 -4  3 -3 -1 -1 -4  2  0 -4  2  5 -4 -1 -1 -3 -1  0   15   0   3   0   7   0   4   5   0  15   5   0   5  27   0   5   4   0   1   4  0.41 0.27
  171 L    0 -5 -5 -5  1 -4 -5 -4 -5  4  2 -4  1  2 -5 -2 -1  0 -3  3   10   0   0   0   3   0   0   0   0  32  20   0   3   9   0   3   2   1   0  17  0.61 0.31
  172 T    3 -4 -3 -4  5 -4 -3  2 -4 -3 -4 -4 -1 -3 -4  3  3 -5 -5 -3   27   0   0   0  11   0   1  17   0   1   1   0   1   1   0  19  20   0   0   1  0.71 0.40
  173 A    5 -5 -4 -4 -2 -4 -2  3 -5 -5 -4 -4 -5 -4 -4  3 -3 -6 -5 -4   54   0   0   0   1   0   2  24   0   0   1   0   0   0   0  18   0   0   0   0  1.15 0.55
  174 F    1 -6 -6 -6 -3 -6 -6 -1 -5 -1  1 -6  2  8 -6 -3 -4 -3 -1 -1   12   0   0   0   0   0   0   6   0   3  11   0   5  58   0   2   0   0   0   4  1.32 0.54
  175 A    0 -5 -5 -5 -2 -4 -4 -2 -5  3  1 -4  0  2 -5 -2  0 -5 -3  5    8   0   0   0   1   0   1   3   0  19  11   0   2   8   0   2   6   0   0  40  0.65 0.34
  176 A    4 -4 -4 -4  1 -4 -4 -1 -4  2 -1 -4 -1 -1 -4  1  1 -5 -4  1   39   0   0   0   3   0   0   4   0  15   5   0   1   2   0  12  10   0   0   8  0.51 0.33
  177 T    2 -4 -3 -4 -2 -3 -4  3 -4 -1 -3 -3 -1 -3 -3  3  4 -5 -4  0   14   0   0   0   0   0   0  22   0   4   1   0   1   1   0  21  28   0   0   7  0.61 0.37
  178 T    0 -4 -4 -4  1 -3 -4 -1 -4  2  3 -4  3  2 -4  0  1 -1 -2  1    6   0   0   1   3   0   0   6   0  11  30   0   7   8   0  10  11   1   0   7  0.34 0.24
  179 I   -1 -5 -5 -5  2 -5 -5 -4 -5  5  3 -5  1  1 -5 -2 -1 -4 -2  2    5   0   0   0   4   0   0   1   0  34  26   0   2   5   0   2   3   0   1  16  0.68 0.33
  180 S    5 -4 -4 -4  0 -3 -4 -1 -4  0 -2 -3  0 -4 -3  3  0 -5 -1  0   50   0   0   0   2   0   0   3   0   4   4   0   2   0   1  22   5   0   2   5  0.73 0.41
  181 G    1 -3 -1 -3  0 -1 -2  2 -1  1  0 -2 -1  0 -3  0  0  4  1  1   10   1   2   0   2   3   1  19   2  12   7   2   1   4   0   9   4   7   6   9  0.19 0.15
  182 L    0 -4 -4 -5 -3 -1 -4 -3 -4  3  4 -4  1  2 -4 -1  0 -2  1  1    7   0   0   0   0   3   0   2   0  21  37   0   2   7   0   5   5   0   4   7  0.48 0.27
  183 L    2 -4 -3 -3  1 -3 -3  1 -4  0  2 -3  0  2 -4  1  1  2 -2  0   20   0   0   1   3   0   1  12   0   3  21   0   2  10   0  12   8   3   0   6  0.25 0.21
  184 L    0 -2 -1 -2 -1 -1 -2 -3 -1  1  2 -2  2  1 -2  0  1 -2  1  2    6   2   2   1   1   2   1   1   2   8  18   1   5   6   2   7  12   0   6  18  0.14 0.13
  185 Q   -1  1  0 -1 -3  1  0 -2  3 -2 -1  3 -2  0 -2  0 -1  0  3 -1    6   9   4   2   0   6   4   1   7   1   5  19   0   5   1   6   4   1  13   6  0.20 0.16
  186 L   -1 -2 -3 -4 -2 -3 -4 -4 -2  3  3 -4  2  3 -4 -2 -1  0  2  0    4   2   1   0   0   1   0   1   1  15  37   0   4  14   0   3   3   1   8   4  0.49 0.26
  187 P    0 -3  0 -1 -3 -2 -2  3  1 -1  0 -2 -1  3  1  0 -1 -1  1 -2    6   1   4   3   0   1   1  24   5   4   9   1   1  15   9   6   4   1   4   2  0.23 0.16
  188 T   -1 -2  1 -1 -1  0 -1  2  1  0  0 -2  0 -1  1 -1 -1  2 -1  0    4   1   7   3   1   5   3  20   4   7  12   1   2   3   7   3   3   3   1   7  0.09 0.09
  189 F    0 -4 -2 -3 -2 -2 -3 -1  0  2  2 -3  0  4  0 -3 -2  2  1  0    7   0   2   1   1   2   1   6   3  13  22   1   1  21   5   0   1   3   3   7  0.28 0.20
  190 S    0 -3 -1  0 -3  0 -1  4  1 -1 -1 -2 -2 -2 -1  2  1 -4 -3 -1    5   0   2   5   0   3   4  31   4   3   6   1   1   1   3  16  12   0   0   3  0.33 0.22
  191 N    0 -1  4  1 -1  1  0  0  0 -1 -2 -1 -2 -3 -1  1  1 -4 -2 -1    5   2  27   8   1   6   7   6   3   4   3   3   0   1   2  11   7   0   1   3  0.28 0.20
  192 T   -1 -1  2  0 -3  1  0 -3  2 -1  0 -1 -1 -3 -2  0  4 -4 -2  0    3   2  10   6   0   7   6   0   5   3   8   3   2   1   1   6  31   0   1   5  0.30 0.24
  193 P   -1 -3 -1  1 -3 -1 -2 -2  1  1  1 -3  1 -3  5  0 -2 -4  0  0    6   1   2  11   0   3   2   2   4   8  14   0   4   0  27   8   1   0   3   6  0.39 0.22
  194 T   -3 -2  2  5 -5  1  1 -2  0 -4 -4  0 -1 -2 -3  0  1  4  0 -4    1   1  10  32   0   6   9   3   2   1   1   5   2   2   1   6   9   6   3   1  0.53 0.30
  195 I    0 -2  0 -4 -3 -2 -3 -3  3  4  0  1  2 -1 -3 -2 -1 -4  1  1    6   1   4   0   0   1   0   1   8  29   8  12   5   2   1   1   4   0   6  10  0.33 0.24
  196 A    3 -3 -3 -4 -2 -3 -3 -1 -4  4 -1 -3  2 -3  1 -1  0 -4 -3  1   29   1   0   1   1   0   1   5   0  27   3   1   5   0   8   4   4   0   0  10  0.45 0.27
  197 M   -4 -5 -5 -6 -4 -5 -6 -7 -6  6  3 -5  5  0 -6 -4 -1 -5 -2  1    0   0   0   0   0   0   0   0   0  46  25   0  15   4   0   1   3   0   1   6  1.16 0.48
  198 A    3 -5 -5 -5 -4 -5 -5  0 -5  6 -1 -5  1 -3 -5 -2 -1 -5 -4  1   27   0   0   0   0   0   0   7   0  44   5   0   3   0   0   2   3   0   0   9  0.84 0.42
  199 A    3 -5 -3 -4 -1 -4 -4  5 -5 -6 -6 -4 -5 -6 -4  3  1 -6 -5 -5   24   0   0   0   1   0   0  44   0   0   0   0   0   0   0  21   9   0   0   0  1.10 0.51
  200 S    3 -5 -3 -3  6 -4 -4 -1 -5 -3 -5 -4 -4 -5 -4  5 -1 -6 -5 -3   19   0   0   1  17   0   0   3   0   2   1   0   0   0   0  52   2   0   0   1  1.19 0.56
  201 V   -1 -5 -6 -6 -3 -5 -5 -6 -6  4  1 -5  1 -3 -4 -4  0 -6 -4  6    5   0   0   0   0   0   0   0   0  23  10   0   3   0   0   0   5   0   0  52  1.07 0.46
  202 L   -5 -6 -7 -7 -5 -5 -6 -7 -6  0  5 -6  9 -4 -7 -6 -5 -5 -5 -3    0   0   0   0   0   0   0   0   0   4  46   0  49   0   0   0   0   0   0   0  2.01 0.74
  203 L   -3 -5 -4 -5 -5 -3 -5 -6 -4  0  2 -5  2  4  5 -4  0  2  3 -2    1   0   0   0   0   1   0   0   0   5  22   0   5  17  31   1   6   3   9   1  0.89 0.42
  204 L   -5 -6 -7 -7 -5 -6 -7 -7 -4  1  6 -6  1  0 -7 -6 -5 -5 -4 -2    0   0   0   0   0   0   0   0   0   7  87   0   3   3   0   0   0   0   0   1  1.74 0.66
  205 V   -3 -6 -6 -7 -4 -6 -6 -7 -7  3 -1 -6  0 -2 -6 -5 -2 -6 -5  7    1   0   0   0   0   0   0   0   0  13   3   0   2   1   0   0   2   0   0  78  1.71 0.66
  206 P   -6 -7 -7 -6 -8 -6 -6 -7 -7 -8 -8 -6 -7 -9  9 -6 -6 -9 -8 -7    0   0   0   0   0   0   0   0   0   0   0   0   0   0 100   0   0   0   0   0  3.50 1.08
  207 G   -4 -7 -5 -6 -7 -6 -6  8 -6 -8 -8 -6 -7 -7 -6 -2 -6 -7 -7 -8    0   0   0   0   0   0   0  98   0   0   0   0   0   0   0   2   0   0   0   0  2.64 0.86
  208 F   -4 -6 -6 -7 -4 -6 -6 -7 -6  2  2 -6 -1  5 -6 -5 -4 -4 -2  5    0   0   0   0   0   0   0   0   0  11  22   0   1  23   0   0   0   0   0  43  1.15 0.49
  209 P    4 -5 -5 -5 -5 -2 -4 -4 -2 -3  0 -4 -4 -3  7 -1 -2 -6 -5 -3   31   0   0   0   0   2   0   1   1   1   9   0   0   1  49   3   2   0   0   1  1.35 0.55
  210 L   -4 -5 -6 -6 -4 -5 -6 -6 -5  5  4 -5  3  2 -6 -3 -3 -4 -1  0    0   0   0   0   0   0   0   0   0  36  41   0   6  10   0   2   1   0   2   2  1.03 0.43
  211 I   -3 -5 -5 -5 -1 -5 -5 -6 -6  5 -2 -5 -3 -4 -5 -3  6 -6 -5  1    1   0   0   0   1   0   0   0   0  39   1   0   0   0   0   0  51   0   0   7  1.43 0.60
  212 N   -4 -5  9 -3 -7 -4 -4 -5 -4 -6 -7 -3 -6 -7 -6 -2  0 -8 -6 -7    1   0  91   0   0   0   0   0   0   0   0   1   0   0   0   1   5   0   0   0  2.59 0.87
  213 A    6 -5 -4 -5 -1 -4 -4  1 -5 -5 -5 -4 -4  1 -4  3 -3 -5 -4 -4   61   0   0   0   1   0   0  11   0   0   0   0   0   6   0  20   0   0   0   0  1.14 0.53
  214 V   -2 -5 -6 -6 -4 -4 -5 -6 -6  5  2 -5  2  0 -5 -5 -3 -5 -4  5    3   0   0   0   0   1   0   0   0  32  15   0   4   4   0   0   0   0   0  41  1.05 0.43
  215 A    0  6 -1 -1 -5 -2 -3 -4 -3  1 -1  0 -1 -3 -5  1 -2 -5 -4 -4   10  51   2   4   0   0   0   0   0   9   6   3   1   1   0  12   1   0   0   0  0.84 0.43
  216 D   -6 -6 -3  9 -8 -4 -2 -6 -5 -8 -8 -5 -7 -8 -6 -4 -5 -9 -7 -8    0   0   0  99   0   0   1   0   0   0   0   0   0   0   0   0   0   0   0   0  2.90 0.91
  217 M   -1 -5 -5 -6 -4 -4 -5 -6 -5  4  4 -5  6 -1 -5 -2  1 -5 -4  0    4   0   0   0   0   0   0   0   0  21  36   0  22   2   0   2   9   0   0   4  0.87 0.40
  218 F   -1 -5 -5 -6 -4 -4 -5 -6 -5  4  3 -5  6  3 -5 -3 -3 -4 -3  2    4   0   0   0   0   0   0   0   0  20  32   0  20  11   0   1   1   0   0  11  0.87 0.38
  219 K    3  0  1  2 -3 -2  1 -1 -1 -4 -4  3 -1 -4 -3  1 -1 -5 -2 -3   29   5   8  12   0   0   7   3   2   0   0  18   2   0   0   9   2   0   2   1  0.38 0.26
  220 G   -3 -2  2 -2 -4 -2 -4  7 -2 -5 -5 -4 -2 -6 -5 -3 -5 -6 -5 -6    0   2   8   2   0   2   1  79   1   0   1   0   1   0   0   1   0   0   0   0  1.70 0.60
  221 H   -5 -4  0  5 -2 -2  0 -5  8 -5 -6 -4 -5  0 -5 -4 -5 -4  4 -6    0   0   3  35   1   1   4   0  34   0   0   0   0   4   0   0   0   0  16   0  1.52 0.58
  222 I   -3 -5 -5 -6 -4 -5 -5 -6 -2  4  4 -4  1  3 -4 -4 -2 -3  2  1    1   0   0   0   0   0   0   0   1  23  40   0   2  12   1   0   2   0   8  10  0.76 0.34
  223 N   -2 -3  3 -3 -3  0 -2 -4 -3  3  3 -3  1 -2 -3 -1  0 -4 -3  2    1   0  18   0   0   4   2   0   0  15  29   0   3   0   1   5   5   0   0  17  0.42 0.27
  224 T    2 -4 -1 -4 -4 -3 -3 -3 -4 -1 -4 -3  3 -5 -3  5  2 -5 -4  0   16   0   2   0   0   0   0   1   0   2   0   0  10   0   0  49  12   0   0   8  0.83 0.46
  225 G   -1 -6 -4 -5 -6 -5 -6  7 -6 -7 -7 -5 -6 -7 -6 -1 -5 -6 -7 -7    4   0   0   0   0   0   0  93   0   0   0   0   0   0   0   3   0   0   0   0  2.31 0.73
  226 L   -3 -4 -5 -5 -2 -2 -5 -5 -5  4  3 -4  5  0 -4 -2 -1  1 -2  2    1   0   0   0   1   2   0   0   0  29  27   0  15   4   1   3   4   2   1  11  0.67 0.32
  227 A    3 -4 -2 -3 -3 -3 -3  0 -4 -1 -4 -3 -1 -2 -2  4  2 -5 -4  1   31   0   1   0   0   0   0   6   0   3   0   0   1   2   1  34  12   0   0   9  0.62 0.37
  228 R   -5  8 -4 -5 -7 -3 -4 -3 -4 -7 -5  3 -5 -7 -6 -4 -3 -7 -6 -6    0  80   0   0   0   0   0   2   0   0   0  17   0   0   0   0   1   0   0   0  2.17 0.74
  229 W    2 -4 -4 -5 -4 -4 -4  4 -4 -1  1 -4  3  2 -5 -2 -2  6 -2 -2   22   0   0   0   0   0   0  28   0   4  13   0   9   8   0   2   2  13   0   1  0.68 0.35
  230 A    2 -4 -4 -4  0 -3 -3 -1 -4  2  0 -3  3  0 -4 -1  2 -4 -3  2   23   0   0   0   2   0   0   5   0  10   8   0  10   5   0   3  17   0   0  17  0.37 0.26
  231 I   -3 -2  2  2 -6  0  5 -5  2 -1 -3 -1  2  0 -4 -2 -3 -2  1 -3    0   1  10   8   0   2  47   0   6   4   1   2   6   4   0   2   1   1   6   1  0.75 0.39
  232 A    6 -5 -4 -5 -3 -4 -4 -1 -5 -4 -4 -4 -4 -5 -4 -1  2 -6 -5  0   74   0   0   0   0   0   0   3   0   0   0   0   0   0   0   2  13   0   0   7  1.33 0.57
  233 S    1 -4 -4 -4 -2 -3 -4 -2 -4  1  2 -4  3  4 -4  1  0 -3 -1  1   10   0   0   0   1   0   0   3   0   8  23   0   8  20   0  11   7   0   1   8  0.36 0.23
  234 L   -4 -5 -6 -6 -3 -5 -6 -6 -5  2  5 -5  5  2 -6 -4 -4 -4 -3  0    1   0   0   0   0   0   0   0   0  10  64   0  13   8   0   1   0   0   0   4  1.19 0.47
  235 L   -3 -4 -4 -5 -2 -3 -5 -5 -3  4  3 -4  2 -3 -5 -2  4 -5 -4  2    0   0   0   0   0   0   0   0   0  26  30   0   5   0   0   2  25   0   0  10  0.74 0.36
  236 T    4 -4 -3 -4 -2 -3 -4 -2 -4  2 -1 -3  1  0 -4  0  3 -4 -3  2   36   0   0   0   1   0   0   2   0  12   4   0   3   3   0   5  20   0   0  13  0.50 0.31
  237 L    0 -4 -4 -5  2 -4 -4 -1 -4  2  3 -4 -1  4 -4 -2 -1 -3 -2  2    9   0   0   0   4   0   0   6   0  11  28   0   1  21   0   2   4   0   0  14  0.46 0.25
  238 A    5 -4 -3 -4  5 -4 -4  0 -4 -4 -4 -4  1 -2 -4  3 -2 -5 -4 -3   53   0   0   0  12   0   0   7   0   0   0   0   4   2   0  22   0   0   0   0  0.99 0.47
  239 T    0 -5 -5 -5 -3 -4 -5 -4 -5  6  1 -4  4 -3 -4 -2  2 -5 -4  1    8   0   0   0   0   0   0   0   0  47  12   0  10   0   0   3  13   0   0   5  0.81 0.38
  240 C    4 -4 -3 -4  5 -4 -4  4 -4 -4 -4 -4 -4 -5 -4  1  0 -5 -5 -2   41   0   0   0  11   0   0  28   0   0   0   0   0   0   0  11   6   0   0   2  0.90 0.41
  241 V    2 -4 -4 -4 -3 -3 -4 -1 -4  3  1 -4  1  3 -4 -1  0 -2 -2  2   17   0   0   0   0   0   0   4   0  20  11   0   4  16   0   5   7   0   0  17  0.38 0.23
  242 G    0 -6 -4 -5 -6 -5 -6  7 -6 -7 -7 -5 -6 -7 -6 -3 -5 -6 -7 -6    8   0   0   0   0   0   0  92   0   0   0   0   0   0   0   0   0   0   0   0  2.23 0.69
  243 V   -1 -5 -5 -5 -3 -4 -5 -5 -5  5  1 -4  2 -1 -4 -2  1 -5 -2  4    3   0   0   0   0   0   0   0   0  40   8   0   5   2   0   2   9   0   1  29  0.83 0.36
  244 V    3 -4 -3 -4 -1 -3 -4  3 -4 -1 -2 -3 -2 -2 -4  0  0  4  0  2   33   0   0   0   1   0   0  21   0   3   1   0   1   2   0   7   4   6   3  16  0.50 0.29
  245 M    0 -4 -4 -5  0 -4 -4 -2 -4  3  2 -4  3  4 -4 -2  0 -3 -2  2    9   0   0   0   2   0   0   2   0  18  17   0   9  19   0   3   4   0   0  16  0.45 0.24
  246 A    4 -4 -4 -4 -1 -3 -4 -1 -4  2 -2 -3  0 -4 -3  0  1 -5 -4  3   40   0   0   0   1   0   0   5   0  11   1   0   2   0   0   5   9   0   0  26  0.60 0.34
  247 L   -3 -4 -5 -6 -4 -4 -4 -5 -5  3  4 -5  5  2 -5 -2 -2 -4 -2  0    1   0   0   0   0   0   1   1   0  16  47   0  18  10   0   3   1   0   0   2  0.89 0.38
  248 T    0  0  0 -2 -3  0 -1 -2 -2 -1  1  1  1  0 -3  3  1 -3 -2 -1    8   5   3   1   0   4   2   2   1   3  13  12   4   4   0  25  11   0   1   3  0.17 0.17
  249 I   -3 -5 -5 -6 -1 -4 -5 -5 -5  3  4 -5  1  3 -5 -4 -3 -2 -2  2    1   0   0   0   1   0   0   1   0  20  43   0   3  13   0   0   1   1   0  17  0.79 0.33
  250 W   -2 -4 -5 -5  2 -4 -5 -1 -4  0  2 -4  3  5 -5 -3 -1  7  2 -2    3   0   0   0   5   0   0   6   0   4  20   0   8  25   0   1   4  18   5   1  0.81 0.33
  251 G   -2 -2  2  0 -3 -1 -2  5  1 -2 -3 -3 -1 -1 -4  1 -2 -4 -3 -3    1   2  12   4   0   2   1  51   4   3   2   0   2   3   0   9   0   0   1   1  0.69 0.29
  252 L   -2 -2 -3 -4 -3 -3 -4 -4 -3  4  3 -2  2 -1 -4 -3 -2 -3  1  3    2   3   1   0   0   1   0   1   0  31  25   2   6   1   0   0   1   0   6  20  0.51 0.23
  253 R   -1  2  0  1 -3  1  1 -1  1 -2  0  1 -1  0 -2  0 -1  4 -1 -2    3  16   5   9   0   6   8   3   4   1  14   8   0   5   1   6   2   8   1   1  0.17 0.12
  254 G   -2 -3  4  0 -5 -2 -2  5  1 -5 -5 -3 -1 -5 -1 -1 -2 -5 -3 -5    1   0  23   5   0   1   2  55   3   0   0   0   2   0   3   3   1   0   1   0  0.97 0.33
  255 W   -4 -5 -5 -6 -5 -5 -5  3 -4 -4 -2 -5 -2  5 -6 -4 -5 10  1 -3    0   0   0   0   0   0   0  26   0   0   3   0   1  26   0   0   0  42   2   1  1.87 0.49
  256 V   -2 -4 -5 -5 -2 -4 -4 -5 -4  3  3 -4  3 -2 -4 -3 -2 -4 -3  5    0   0   0   0   0   0   0   0   0  18  24   0   8   0   0   0   0   0   0  49  0.75 0.24

                      K         Lambda
Standard Ungapped    0.1365     0.3265
Standard Gapped      0.0486     0.2670
PSI Ungapped         0.1590     0.3187
PSI Gapped           0.0486     0.2670
