
Last position-specific scoring matrix computed, weighted observed percentages rounded down, information per position, and relative weight of gapless real matches to pseudocounts
           A  R  N  D  C  Q  E  G  H  I  L  K  M  F  P  S  T  W  Y  V   A   R   N   D   C   Q   E   G   H   I   L   K   M   F   P   S   T   W   Y   V
    1 M   -3 -4 -4 -5 -3 -3 -4 -5 -4  2  2 -4  7 -2 -4 -4 -2 -4 -3  3    0   0   0   0   0   0   0   0   0  11  19   0  43   0   0   0   0   0   0  27  0.95 0.31
    2 P   -4 -3 -5 -2 -6 -2 -4 -3 -5 -3 -5 -4 -2 -6  8 -3  0 -7 -6 -5    0   1   0   2   0   2   0   2   0   2   0   0   1   0  84   0   5   0   0   0  2.34 0.58
    3 V    1 -4 -4 -3  0 -4 -4 -4 -3  2  2 -4 -1 -1  2 -2 -2  6 -2  3   14   0   0   1   2   0   0   0   1  11  24   0   0   1  12   1   1  11   1  20  0.48 0.25
    4 L   -1 -1 -4 -5 -3 -3 -4 -3 -2  1  4 -2  1  2 -2 -3 -1  5 -1  1    4   4   0   0   0   1   0   1   1   5  45   2   3   9   1   1   3   8   1  10  0.50 0.26
    5 Q   -2  5 -1  0 -4  5 -1 -3 -1 -4 -4  2 -3 -5 -2 -1 -1  0 -4 -3    3  30   1   5   0  34   2   2   1   0   1  10   0   0   1   4   3   1   0   1  0.79 0.39
    6 W   -5 -3 -4 -4 -6 -4 -6 -3 -5  0 -1 -2 -2  2 -7 -4 -2 11  2 -2    0   2   1   1   0   0   0   2   0   6   7   2   1   6   0   1   3  60   5   2  2.35 0.71
    7 G    3 -3 -3 -4  0 -3 -4  0 -4  0  3 -3  0 -1 -2 -1  0  4 -3  0   28   0   0   0   2   0   0   7   0   5  31   0   1   2   2   4   7   5   0   5  0.38 0.26
    8 M    1 -4 -4 -5 -3 -4 -4 -1 -4  3  3 -3  2 -1 -3 -2 -1  2 -1  1   15   0   0   0   0   0   1   5   0  18  36   0   4   2   1   1   2   3   1  10  0.45 0.26
    9 L   -1 -4 -4 -5 -3 -4 -5 -4 -5  1  4 -4  1  0 -4 -2  4 -3 -2  2    4   0   0   0   0   0   0   1   0   5  43   0   3   3   0   1  26   0   1  12  0.68 0.36
   10 C    1 -4 -5 -5 -1 -4 -5 -4 -4  3  4 -4  0  2  0 -3 -2 -2 -1  1   13   0   0   0   1   0   0   0   0  17  39   0   1   9   5   1   1   0   2  10  0.53 0.29
   11 V    3 -4 -4 -4 -1 -4 -4  0 -4  1  3 -4 -1 -1  1 -1 -1 -4 -2  1   28   0   0   0   1   0   0   7   0   8  29   0   1   2   7   3   2   0   1  12  0.40 0.27
   12 L    1 -5 -5 -5  1 -4 -5 -2 -5  4  3 -4  0 -1 -3 -3 -2 -4 -3  3   11   0   0   0   2   0   0   3   0  24  28   0   2   2   1   1   2   0   0  23  0.58 0.30
   13 S    3 -4 -3 -4 -1 -4 -4  4 -4 -3 -4 -4 -4 -4 -4  4  1 -5 -5 -2   27   0   0   0   1   0   0  29   0   1   0   0   0   0   0  28  10   0   0   3  0.81 0.42
   14 L    2 -4 -4 -4  0 -3 -4  0 -4  1  2 -4 -1  0 -3 -1  0 -2 -1  2   23   0   0   0   2   0   0   8   0   9  26   0   0   4   0   4   5   1   1  16  0.33 0.23
   15 L    3 -4 -4 -5  0 -4 -4 -1 -4  2  2 -4  1  0 -2 -1 -1 -4 -3  2   31   0   0   0   1   0   0   4   0   9  24   0   3   4   2   2   3   0   0  17  0.44 0.28
   16 L    1 -5 -4 -5 -1 -4 -5  5 -5 -1  1 -4 -2  1 -5 -2 -2 -5 -4  1   12   0   0   0   1   0   0  50   0   3  16   0   1   6   0   2   1   0   0   9  0.81 0.38
   17 S    2 -5 -3 -4 -3 -3 -4  6 -5 -3 -5 -4 -4 -5 -5  1  0  1 -3 -1   19   0   0   0   0   1   0  54   0   2   0   0   0   0   0  10   6   2   1   4  1.03 0.45
   18 I    1 -3 -4 -4  0 -1 -3  0 -3  1  1 -3  0  3 -3 -1 -1  5  2  1   11   0   0   0   2   3   1   9   0   7  17   1   1  14   0   3   4  10   7   9  0.30 0.19
   19 G    0 -5 -5 -5 -2 -4 -5  0 -5  3  4 -5  0  0 -2 -4 -3 -4 -3  2   10   0   0   0   1   0   0   8   0  17  45   0   1   4   2   0   1   0   0  12  0.64 0.33
   20 F    2 -5 -5 -6 -1 -5 -5  0 -5 -2  3 -5  1  6 -6 -4 -4 -2 -2 -3   19   0   0   0   1   0   0   8   0   0  25   0   3  40   0   0   0   0   0   1  0.98 0.45
   21 L    0  0  0  1 -2  1  1 -2  1 -2 -1  0 -1  0 -3  2  0  2  1 -2    9   4   3   6   1   8   9   1   4   2   7   5   1   3   0  18   7   3   7   2  0.13 0.13
   22 A    1  1 -4 -4 -3 -1 -3 -3 -1 -1  3 -2  1  1 -4 -1 -2  6  2  0   12  10   0   0   0   2   0   1   2   2  28   2   4   6   0   4   2  13   8   5  0.42 0.26
   23 V    1 -4 -4 -5 -3 -4 -5 -4 -4  2  4 -4  1  2 -5 -2 -1  2 -2  2   14   0   0   0   0   0   0   0   0  13  39   0   2  10   0   2   4   2   1  12  0.55 0.29
   24 H   -2  1  3  1 -6  0 -2  4  7 -6 -6 -1 -5 -5 -4  0 -3 -6 -3 -6    2   7  12   6   0   4   1  31  28   0   0   3   0   0   0   5   0   0   0   0  0.96 0.43
   25 L   -1 -5 -5 -6 -4 -4 -5 -6 -5  3  4 -5  3  1 -5 -3 -1  5 -3  3    4   0   0   0   0   0   0   0   0  15  39   0   8   4   0   2   4   7   0  17  0.75 0.35
   26 P   -4 -7 -6 -4 -7 -4 -5 -6 -7 -5 -4 -5 -3 -4  9 -2 -4 -8 -7 -6    1   0   0   1   0   0   0   0   0   0   2   0   1   1  90   3   1   0   0   0  2.84 0.91
   27 A    4 -4 -4 -5 -3 -4 -4 -1 -5  2  4 -4  1 -3 -4  0 -2 -5 -4  0   32   0   1   0   0   0   0   5   0   9  38   0   3   0   0   6   1   0   0   5  0.63 0.36
   28 A    4 -4 -5 -4 -5 -5 -5  2 -3 -6 -6 -4 -5 -6  7 -2 -3 -7 -4 -5   33   0   0   0   0   0   0  15   1   0   0   0   0   0  47   2   1   0   1   0  1.51 0.60
   29 L   -2 -6 -7 -7 -6 -2 -5 -5 -4 -4  1 -6  1  3 -3 -4 -3 11  1 -4    5   0   0   0   0   2   0   1   0   0  15   0   3  10   2   1   2  55   3   1  2.27 0.74
   30 L   -5 -5 -6 -7 -5 -5 -6 -7 -6  2  4 -5  8  0 -6 -5 -3 -5 -4  0    0   0   0   0   0   0   0   0   0  11  44   0  36   3   0   0   1   0   0   4  1.46 0.57
   31 L   -4 -5 -6 -6 -4 -5 -6 -6 -6  3  5 -5  1  3 -6 -2 -2 -4 -3  1    0   0   0   0   0   0   0   0   0  15  58   0   2  10   0   4   2   0   0   7  1.03 0.44
   32 G    0 -6 -4 -5 -6 -6 -6  7 -6 -5 -5 -5 -6 -5 -6 -4 -5 -7 -7 -5    8   0   0   0   0   0   0  88   0   1   2   0   0   1   0   0   0   0   0   1  2.16 0.74
   33 P    3 -5 -5 -5 -4 -5 -4 -1 -5 -4 -5 -4 -5 -7  7  2 -2 -7 -6 -5   23   0   0   0   0   0   0   5   0   1   0   0   0   0  51  17   2   0   0   0  1.51 0.61
   34 M   -2 -6 -6 -7 -5 -4 -6 -7 -6  3  4 -6  8 -2 -6 -5 -4 -5 -5 -1    3   0   0   0   0   0   0   0   0  13  40   0  41   1   0   0   0   0   0   2  1.56 0.62
   35 I    0 -5 -5 -5 -2 -4 -5 -3 -5  4  3 -4  0  1 -5 -2  0 -4 -2  3    9   0   0   0   0   0   0   2   0  21  32   0   1   7   0   2   7   0   1  18  0.58 0.31
   36 A    5 -5 -5 -5 -2 -4 -4 -1 -5  0 -1 -4  0 -1 -4  0  0 -5 -4  3   53   0   0   0   1   0   0   5   0   4   6   0   2   3   0   4   4   0   0  18  0.77 0.42
   37 G    2 -4 -1 -4  3 -4 -4  3 -4  0 -2 -4  0 -4 -4  0  2 -5 -4  2   21   0   2   0   6   0   0  22   0   6   2   0   2   0   0   6  14   0   0  18  0.48 0.30
   38 I    2 -4 -4 -5 -1 -4 -4  0 -5  4  2 -4  1 -1 -4 -1  0 -5 -4  1   23   0   0   0   1   0   0   7   0  28  16   0   4   2   0   5   6   0   0   8  0.47 0.29
   39 I    2 -5 -5 -5  1 -4 -5 -1 -5  3  3 -4 -1  0 -4 -2 -1 -5 -3  3   22   0   0   0   3   0   0   4   0  19  27   0   1   3   0   1   2   0   0  18  0.53 0.30
   40 F    3 -3 -3 -4  2 -3 -4 -1 -4 -1  2 -4  2  2 -3 -2 -1  3  0  2   25   1   1   0   5   0   0   4   0   2  20   0   5   8   1   1   4   4   2  18  0.35 0.25
   41 S    3  1 -1 -3  2  0 -2  2 -1 -3 -2  0 -3 -5 -4  3  0 -5 -4 -2   30   8   2   0   4   4   1  15   1   0   3   4   0   0   0  20   5   0   0   2  0.43 0.29
   42 M   -1 -2 -4 -5  1 -3 -5 -4 -5  2  4 -4  4  1 -4 -2 -1 -3 -3  2    4   2   0   0   3   1   0   1   0  12  40   0  10   6   0   3   4   0   0  13  0.58 0.30
   43 R    2  0  0 -3  1  0 -2 -1 -2 -2  1 -1  0  1 -3  1  2  1 -2 -1   23   6   4   1   3   3   0   4   0   1  14   2   2   7   0  12  12   2   1   2  0.16 0.18
   44 G   -2  0  0 -1 -5 -1 -3  6 -1 -4 -5  1 -5 -4  0 -1 -1 -5 -4 -4    1   6   3   3   0   3   1  56   2   1   1   9   0   1   5   3   4   0   0   1  0.91 0.42
   45 I    1  1 -1 -2 -2  0 -2  0 -2  1  1 -1  0 -1 -2 -1 -1  3 -2  1   17  11   2   2   1   4   1   9   0   7  13   3   2   2   1   4   2   5   1  14  0.11 0.12
   46 T   -1  2  0  0 -5  1  0 -1  0 -4 -3  2 -3 -5  4  0  1 -5 -3 -3    3  13   3   6   0   6   6   3   2   0   2  12   0   0  23   6  11   0   0   1  0.47 0.27
   47 L   -1 -4 -4 -4 -3 -3 -4 -4 -4  3  3 -3  2  0  0 -2  0 -2 -1  2    4   0   1   0   0   1   1   1   0  17  36   1   4   3   4   2   7   1   2  15  0.47 0.26
   48 Q    1  4 -2 -2 -3  1  0  1  1 -3 -3  1 -2 -2  1  0 -1 -1  0 -1   13  24   0   1   0   6   6  10   4   1   1   7   1   1   8   6   4   1   3   4  0.28 0.21
   49 L   -1 -4 -4 -4  0 -3 -1 -2 -4  1  2 -4  2  1 -2 -1 -2  6 -1  3    5   0   0   0   2   1   6   4   0   9  18   0   7   5   2   6   1  12   1  23  0.39 0.24
   50 P   -2 -5  0 -2 -6 -4 -4 -4  3 -1 -4 -4 -1 -2  7 -1 -4  1 -5 -3    4   0   5   2   0   0   0   1   8   5   2   0   1   2  60   5   0   2   0   2  1.51 0.58
   51 R    0  3 -1 -1 -4  0  0  0 -1 -3 -2  2 -1 -1  3  0 -1 -3 -3 -2    9  22   2   2   0   2   4   7   1   0   2  14   1   3  16   5   3   0   1   3  0.34 0.21
   52 S   -1  2  0 -2 -3  1 -1  0  1 -1 -1  0 -2 -1  3  0 -1  5  0 -2    4  14   4   1   0   7   2   9   4   5   5   4   1   3  14   8   2   9   3   2  0.25 0.17
   53 A    1 -4 -4 -5 -1 -4 -4  0 -4  1  3 -4  0  3  0 -2 -1  4 -1  1   12   0   0   0   1   0   0  10   0   8  30   0   2  14   4   1   4   5   1   8  0.37 0.24
   54 F   -2  6 -1 -4 -4 -1 -3 -1  0 -3 -1 -1  0  4 -5  0 -2 -4  1 -4    2  44   3   0   0   1   1   4   2   1   7   1   2  16   0   9   2   0   4   1  0.72 0.39
   55 L    0  1  2  0 -3  2  0 -1  0  0  0  1  0 -2  0  0  0 -3 -2 -1    6   6  15   4   0  10   2   4   2   5  11   8   2   1   5   7   7   0   1   4  0.10 0.10
   56 A    2 -4 -3 -4  2 -3 -3  0 -4  1  1 -3  1  2  0  0  0  1 -1  1   25   0   0   0   4   0   0   7   0   9  14   0   3   9   4   5   6   2   2  11  0.24 0.19
   57 A    3 -4 -4 -4  1 -4 -4  4 -4 -1 -3 -4  3  0 -4  0 -1 -5 -4  0   29   0   0   0   3   0   0  38   0   3   1   0   7   5   0   7   3   0   0   6  0.73 0.38
   58 Q   -3  1 -3 -4 -5  7 -2 -6 -2  1  2 -2  1  1 -5 -3 -4 -5 -1 -2    1   9   1   0   0  47   0   0   1   7  20   1   3   6   0   0   0   0   2   3  0.94 0.49
   59 A    2 -4 -4 -4 -2 -4 -4  2 -4  1 -1 -4  2 -2 -1 -1  0  6 -2  1   23   0   0   0   1   0   0  18   0  10   6   0   6   1   2   4   5  11   0  12  0.44 0.28
   60 I    0 -5 -5 -6 -1 -5 -5 -5 -5  4  2 -5  1  0 -4 -3  0 -5 -3  4    6   0   0   0   1   0   0   0   0  29  17   0   3   4   1   1   5   0   0  33  0.78 0.36
   61 L   -2 -5 -6 -6 -4 -5 -6 -6 -6  5  4 -5  1 -2 -6 -4 -3 -5 -4  3    4   0   0   0   0   0   0   0   0  36  38   0   3   0   0   0   1   0   0  19  1.07 0.44
   62 G    0 -6 -4 -5 -6 -6 -6  7 -6 -8 -8 -5 -7 -7 -6 -3 -5 -7 -7 -7    8   0   0   0   0   0   0  91   0   0   0   0   0   0   0   1   0   0   0   0  2.33 0.77
   63 C   -1 -5 -5 -5  5 -4 -5 -3 -4  3  1 -4  2 -2 -5 -2  0  1  2  4    5   0   0   0  13   0   0   1   0  16  13   0   5   0   0   3   6   2   8  28  0.57 0.30
   64 M    1 -2 -2 -3 -3  0 -1  0 -1 -1  1 -3  5  0 -4  2  0 -4  0  0   15   1   1   0   0   5   2   6   1   2  14   0  19   3   0  15   5   0   4   7  0.27 0.24
   65 I    0 -5 -6 -6 -4 -5 -5 -6 -6  6  3 -5  3 -1 -5 -4 -1 -5 -4  2    8   0   0   0   0   0   0   0   0  46  22   0   8   1   0   0   3   0   0  11  0.99 0.42
   66 A    3 -6 -4 -5 -2 -5 -5  7 -6 -7 -7 -5 -6 -7 -5 -3 -5 -6 -6 -6   25   0   0   0   1   0   0  73   0   0   0   0   0   0   0   1   0   0   0   0  1.85 0.67
   67 Q    1  0 -1 -3 -1  1 -2 -1  1 -2  2 -2  0 -1 -4  2  1 -4 -2 -2   14   5   2   0   1   8   0   4   4   1  25   0   2   2   0  20  10   0   1   2  0.25 0.24
   68 N    1  1  0 -3 -3  0 -2  0  3 -3 -2 -1  1 -2  1  2  1 -3  3 -2   13   7   3   0   0   4   0   6   8   1   2   3   5   0   6  20   8   0  12   1  0.26 0.23
   69 L   -3 -6 -6 -6 -2 -5 -6 -6 -5  3  2 -6  3  7 -6 -5 -4 -3 -1  2    2   0   0   0   1   0   0   0   0  13  18   0   7  43   0   0   0   0   0  16  1.16 0.47
   70 T   -2 -2  0  1 -4  0 -2 -3  0 -3 -4 -3 -4 -5 -2  2  6 -6 -5 -2    1   2   5   6   0   4   2   1   2   1   0   0   0   0   2  15  56   0   0   2  0.99 0.51
   71 G    0  0 -3 -4 -5  0 -3 -2 -2 -3  0 -1 -1 -3  7  0 -1  0 -5 -2    7   5   1   0   0   4   0   4   1   1  10   3   2   1  47   7   4   2   0   3  0.92 0.41
   72 S    1 -2  0  3 -4  2  3 -1  0 -4 -4 -1 -4 -5 -1  2  0 -5 -4 -1   14   1   2  18   0   8  23   4   2   0   1   1   0   0   3  14   4   0   0   4  0.42 0.27
   73 I    1 -4 -4 -4 -3 -2 -2 -4 -4  3  1 -4  2 -2 -2 -1  2 -4 -3  4   10   0   0   0   0   1   2   1   0  16  13   0   5   1   2   3  16   0   0  30  0.46 0.28
   74 L   -1 -4 -4 -6 -4 -5 -5 -3 -5  3  4 -5  2  3 -3 -4 -3  2 -2  2    4   0   0   0   0   0   0   2   0  14  43   0   4  13   2   1   1   3   0  13  0.69 0.33
   75 T    1  0  0  0 -3  1  1  1  1 -2 -1  0 -1 -1 -1  1  1 -2 -2 -1   17   6   4   5   0   8   9  10   5   1   4   3   1   3   1  10   7   0   0   4  0.11 0.11
   76 T    1  1  0  1 -3  3  1 -1  1 -2 -1  0 -1 -3 -1  0  1 -4 -2 -1   11   6   3   6   0  20  11   3   4   2   7   2   1   0   2   7  10   0   1   4  0.20 0.18
   77 L    1 -3 -5 -5 -3 -4 -5 -4 -5  3  3 -4  4  2 -4 -3 -2 -2 -1  2   12   1   0   0   0   0   0   1   0  18  31   0  12   8   0   0   1   0   2  14  0.61 0.31
   78 A    2 -1 -2 -2 -2 -1 -2  2 -1  0  1  0  0 -2  0  0  0 -1 -2  0   22   3   0   1   0   2   0  15   2   6  16   6   2   1   5   7   4   1   1   7  0.13 0.14
   79 V    1  1  0  1 -3  1  1  1  2 -2 -2  0 -1 -3  0  1  0 -2 -2 -2   12   8   4  10   0   8   8   9   5   1   4   4   1   0   5  12   6   0   1   2  0.16 0.12
   80 N   -2 -2  1  1 -5  1 -1 -4  5 -2  0 -3  0  1 -3 -1 -3  7  4 -3    2   2   7  10   0   6   4   0  14   2   8   1   3   4   1   3   1  16  14   1  0.62 0.32
   81 W    1 -5 -6 -6 -5 -5 -5 -2 -5  1  2 -5 -2  2  1 -2 -3 10 -1 -1   13   0   0   0   0   0   0   3   0   7  19   0   0   8   8   2   1  35   1   3  1.27 0.50
   82 P   -1 -5 -5 -4 -4 -3 -4  1 -2  0  2 -4 -2  0  5 -3 -3  3 -3  0    5   0   0   0   0   1   0  10   1   6  23   0   1   4  34   1   1   4   0   7  0.72 0.35
   83 I    0 -3 -3 -4 -3 -2 -3 -2 -3  1  1 -3  0 -1  3  2  1  0 -2  1    8   0   0   0   0   1   1   3   0   7  17   0   2   2  17  18  10   1   1  11  0.31 0.23
   84 V   -2 -5 -5 -5 -4 -4 -5 -2 -5  4  2 -4  5  3 -5 -1 -2 -4 -1  3    3   0   0   0   0   0   0   4   0  23  19   0  15  12   0   5   1   0   2  17  0.62 0.32
   85 L    1 -4 -5 -5 -2 -4 -5 -2 -5  2  4 -4  0  0 -4 -2 -1 -4 -3  2   13   0   0   0   1   0   0   4   0  12  45   0   1   4   0   3   3   0   0  13  0.58 0.31
   86 A    2 -4 -4 -4 -2 -4 -4  1 -4  2  3 -4  1  2 -4 -2 -1 -2 -3  1   21   0   0   0   1   0   0  12   0  12  26   0   3   8   0   2   3   0   0  12  0.37 0.24
   87 I    1 -4 -3 -4  1 -3 -4  1 -4  2  2 -4  3  0 -4 -1  0 -4 -3  3   12   0   1   0   3   1   0  13   0  13  17   0  10   3   0   3   4   0   0  21  0.35 0.23
   88 L    2 -4 -1 -4 -2 -3 -3 -2 -4  2  1 -3  1 -2  0  1  3 -4 -3  2   17   0   3   0   0   0   0   3   0  10  16   0   3   1   5   8  20   0   0  12  0.30 0.23
   89 L    1 -5 -5 -5  0 -4 -5 -2 -5  2  3 -4  0  2 -2 -3 -2 -4 -3  4   11   0   0   0   1   0   0   4   0  10  33   0   1   9   2   1   1   0   0  28  0.58 0.31
   90 V    1 -4 -3 -4 -1 -3 -4  0 -3  1  2 -4  0  3 -3  0 -1  2  2  1   15   0   0   0   1   0   0   6   0   7  19   0   2  16   0   8   3   3   7  12  0.30 0.21
   91 T    0 -4 -4 -4 -2 -4 -4 -3 -5  2  1 -4  1 -2 -4  0  5 -5 -4  2    6   0   0   0   0   0   0   1   0  10  13   0   3   1   0   7  41   0   0  17  0.69 0.39
   92 L    0 -4 -5 -5 -2 -3 -5 -2 -5  3  3 -4  1  1 -2 -2 -1 -1 -3  3    6   0   0   0   0   1   0   4   0  19  36   0   2   5   2   3   3   1   0  19  0.53 0.28
   93 L    3 -4 -4 -5  2 -4 -4 -1 -5  1  3 -4  0 -1 -4 -2  0 -4 -3  2   25   0   0   0   4   0   0   5   0   8  32   0   2   2   0   2   4   0   0  16  0.46 0.28
   94 S    2 -4 -4 -5  1 -4 -4 -2 -4  2  3 -4  2  1 -4  0 -1 -3 -2  2   19   0   0   0   3   0   0   2   0  14  28   0   4   7   0   8   3   0   1  12  0.39 0.25
   95 S    2 -4 -2 -4  3 -2 -3  2  0 -1 -2 -3 -1 -1 -4  4  1 -5 -4 -2   14   0   1   0   7   1   0  15   3   4   4   0   2   2   0  40   6   0   0   1  0.57 0.36
   96 A    2 -3 -3 -4  0 -2 -3 -1 -3  2  2 -3  2  2 -4 -1  0  2  0  1   18   0   1   0   2   1   0   6   0  10  21   0   5   8   0   5   6   3   2  12  0.23 0.18
   97 I    2 -4 -4 -5  0 -4 -4  2 -5  2  3 -4  0  1 -4 -3 -2 -2 -3  2   16   0   0   0   2   0   0  15   0  12  29   0   2   6   0   1   1   0   0  16  0.44 0.27
   98 V    0 -3  1 -3  2 -3 -3  2 -2  1  1 -3  0  0 -4  1  0 -3 -2  2    8   0   7   0   5   0   0  20   1   8  12   0   3   4   0  11   4   0   1  16  0.21 0.18
   99 G    2 -3 -3 -4 -3 -4 -4  5 -4 -2 -4 -4 -1 -2 -4  1 -1 -3  2  0   20   1   0   0   0   0   0  44   0   2   1   0   1   1   0  11   3   0   8   7  0.74 0.38
  100 W    1 -2 -5 -5 -2 -2 -4 -3 -3  0  1 -2 -1  2 -1 -3 -2  8  4  0   11   2   0   0   1   2   0   1   0   5  16   2   1   9   4   1   2  25  13   5  0.81 0.37
  101 L   -1 -4 -5 -5 -1 -4 -4 -2 -4  2  3 -4  0  2 -4 -3 -2  3  3  1    6   0   0   0   1   0   1   4   0  14  34   0   1  10   1   0   1   4  11  11  0.52 0.28
  102 L   -3 -5 -6 -6 -1 -3 -5 -6 -5  1  5 -5  3  4 -6 -4 -3  0  1  0    1   0   0   0   1   1   0   0   0   7  52   0   8  18   0   1   1   1   4   6  0.93 0.41
  103 V    1  2 -2 -3 -1  1 -1 -1  2 -2 -1  0  0 -1 -3  1  0  2  2  0   15  13   1   0   1   7   1   5   6   1   5   4   3   2   0  12   7   3   7   8  0.15 0.15
  104 R   -4  7 -3 -4 -5 -2 -3 -5  0 -5 -2  4 -3 -5 -4 -3 -4 -4 -1 -5    1  64   0   0   0   1   0   1   2   0   4  20   1   0   1   1   0   0   3   0  1.55 0.61
  105 Y   -2  2 -4 -4 -4 -2 -3 -2  1  1  1 -2  0  3 -4 -2 -1  6  2  1    3  12   0   0   0   1   1   3   5   7  13   1   3  14   0   3   2  12   6  13  0.40 0.23
  106 S    2  1 -2 -3  0  0 -2  1  2 -2 -2 -1 -1 -1 -2  2  2  1 -2 -2   17  10   1   0   2   4   1  13   5   1   2   2   2   3   1  17  15   2   1   1  0.23 0.20
  107 S   -1  1  0  1 -4 -1 -1  4  1 -2 -3  2 -3 -3 -3 -1 -2 -1 -3 -1    4   9   3   8   0   2   2  38   4   3   2  12   0   1   1   4   1   1   0   5  0.44 0.25
  108 L   -2 -4 -5 -5 -2 -3 -1 -5 -4  3  2 -4  2  2 -5 -3 -1  4  3  2    3   0   0   0   1   0   4   0   0  17  24   0   6   7   0   1   4   5   9  18  0.50 0.27
  109 P   -3 -3  2  6 -6 -3 -2 -2 -3 -6 -5 -3 -4 -6  4  1 -1 -7 -6 -6    1   1   7  51   0   1   1   3   1   0   1   0   0   0  19  11   3   0   0   0  1.23 0.52
  110 G   -1  4 -2 -3 -4 -1 -2  2  0 -3  0  0  0  1  2 -1 -1 -1  0 -3    5  23   1   1   0   2   2  18   3   1   9   5   2   8  12   3   3   1   3   1  0.29 0.21
  111 N    2 -1  0 -2 -2 -1  1 -2 -3  0 -1  0  1 -3  2  0  2 -2 -3  0   20   3   4   1   1   1   9   2   0   4   7   6   3   0   9   4  17   0   0   9  0.18 0.17
  112 T   -2 -5 -2 -3 -5 -3 -4 -5 -6 -5 -5 -5 -5 -6 -5  2  8 -7 -6 -3    2   0   1   1   0   1   0   0   0   0   0   0   0   0   0  11  82   0   0   1  1.97 0.78
  113 G    6 -5 -4 -5  0 -4 -4  2 -5 -4 -4 -4 -4 -6 -4  2 -2 -6 -5 -3   64   0   0   0   1   0   0  16   0   1   1   0   0   0   0  14   2   0   0   1  1.20 0.55
  114 A    0 -4 -5 -5 -4 -4 -5 -4 -3  2  2 -4  1  5 -5 -2 -1  3  3  1    9   0   0   0   0   0   0   0   0  15  16   0   3  24   0   3   3   5  12  11  0.60 0.30
  115 W   -4 -6 -6 -7 -3 -5 -6 -6 -5 -2  3 -6  1  6 -6 -5 -1  8  3 -2    1   0   0   0   0   0   0   0   0   2  28   0   3  34   0   0   3  19   8   2  1.38 0.52
  116 G    4 -5 -4 -4  2 -4 -4  5 -5 -6 -6 -4 -5 -6 -4  3 -3 -6 -5 -5   31   0   0   0   5   0   0  37   0   0   0   0   0   0   0  26   1   0   0   0  1.12 0.51
  117 S    2 -4 -2 -4  3 -3 -3  1 -4 -2  0 -3  2 -1 -4  4  2 -5 -4 -1   17   0   1   0   5   0   0   9   0   1   9   0   6   3   0  35  10   0   0   5  0.47 0.33
  118 S    2 -4 -4 -4 -3 -3 -4 -4 -4  2  1 -4  5 -1 -3  2  0 -2 -2  1   17   0   0   0   0   0   0   0   0  13  10   0  19   2   0  20   5   0   1  11  0.50 0.33
  119 P    1 -6 -6 -6 -6 -5 -5 -6 -6  0 -6 -5 -4 -7  8 -4 -4 -8 -7 -4   12   0   0   0   0   0   0   0   0   5   0   0   0   0  80   0   0   0   0   1  2.49 0.83
  120 G   -3 -6 -4 -4 -7 -6 -6  8 -6 -8 -8 -6 -7 -7 -6 -4 -3 -7 -7 -7    2   0   0   0   0   0   0  97   0   0   0   0   0   0   0   0   1   0   0   0  2.54 0.82
  121 G    3 -5 -2 -5 -5 -5 -5  6  0 -5 -6 -5 -2 -6 -5 -1 -3 -6 -6 -5   26   0   1   0   0   0   0  65   3   0   0   0   1   0   0   3   1   0   0   0  1.53 0.59
  122 A    4 -5 -5 -5 -4 -4 -4 -3 -5 -1  4 -4  2 -1 -3  0 -3 -5 -4 -1   43   0   0   0   0   0   0   1   0   3  37   0   5   2   1   6   0   0   0   2  0.80 0.43
  123 A    1 -4  1 -2 -4  0 -3  0 -3 -2 -4 -3 -2 -3 -3  5  2 -6 -3 -2   10   0   5   1   0   4   0   6   0   2   1   0   1   1   1  54  10   0   1   3  0.78 0.45
  124 A    3 -3 -3  0 -4  3  4  0 -3 -2 -3 -2 -2 -2 -2  0  0 -5 -1 -2   25   0   0   5   0  13  30   6   0   2   1   0   1   2   2   4   6   0   2   3  0.48 0.32
  125 M   -2 -6 -6 -7 -5 -5 -6 -7 -6  2  0 -5 10 -3 -6 -2 -4 -6 -5  2    3   0   0   0   0   0   0   0   0   9   7   0  65   0   0   3   0   0   0  13  2.00 0.74
  126 V    0 -5 -5 -5 -4 -4 -5 -4 -5  3  1 -4  2 -3  1 -2  2 -5 -4  5    7   0   0   0   0   0   0   0   0  13  12   0   4   1   7   2  11   0   0  43  0.69 0.36
  127 A    3 -3  1 -4 -2 -2 -3 -2 -3  2  2 -3  1 -2 -3 -1 -1 -4 -3  2   28   0   8   0   0   1   0   3   0  12  17   0   4   1   1   4   3   0   0  16  0.32 0.24
  128 M   -2 -5 -6 -6 -2 -4 -5 -6 -5  2  4 -5  7  2 -6 -4 -2 -4 -2  0    3   0   0   0   1   0   0   0   0  11  40   0  30   7   0   1   1   0   1   4  1.08 0.47
  129 A    6 -5 -4 -4 -1 -4 -4  3 -5 -5 -5 -4 -2 -6 -4  2 -2 -6 -5 -4   60   0   0   0   1   0   0  23   0   0   0   0   1   0   0  12   2   0   0   0  1.22 0.55
  130 Q    0  1 -2  2 -5  2  5  0  0 -4 -4 -1 -2 -5 -3 -1 -1 -5 -4 -3    9   7   1   9   0   8  45   6   2   1   1   2   1   0   1   4   3   0   0   2  0.67 0.37
  131 D    1  3 -1  3 -5  1  5 -3 -1 -4 -5 -1 -4 -6 -4  0 -2 -6 -5 -4   11  15   1  15   0   4  41   1   1   1   0   1   0   0   0   6   1   0   0   0  0.81 0.41
  132 Y    0  1  1 -2 -1  0 -1 -3  3 -1  1 -1  1  2 -4 -1  0 -2  4 -1   10   7   6   1   1   3   4   1   8   1  17   3   5   7   0   2   5   0  16   4  0.19 0.17
  133 G   -3 -1  0 -1 -6 -1 -2  7  0 -7 -7  1 -6 -7 -4 -2 -5 -6 -6 -6    1   3   5   3   0   2   2  71   2   0   0  10   0   0   1   1   0   0   0   0  1.47 0.56
  134 A    6 -5 -4 -3 -1 -4 -4  3 -3 -2 -3 -4 -4 -5 -4 -1 -1 -6 -5 -1   67   0   0   1   1   0   1  17   1   2   1   0   0   0   0   3   2   0   0   3  1.14 0.53
  135 D   -5  1  4  7 -7 -1 -1 -5 -3 -6 -6 -2 -6 -7 -5 -3 -4 -8 -6 -3    0   6  16  68   0   2   2   0   1   0   0   2   0   0   0   0   0   0   0   2  1.71 0.64
  136 I    0 -3 -3 -1 -2  0  0 -3 -3  2  1 -2  1 -1  2  0  1 -4 -1  2    9   0   0   3   0   3   8   1   0  11  13   0   4   2  11   6   8   0   2  16  0.17 0.15
  137 R    1  6 -1  1 -5  0 -2 -2 -3 -3 -3 -1 -1 -5  0  0  0 -5 -4 -2   10  47   2   7   0   3   0   3   0   1   3   1   1   0   5   8   7   0   0   3  0.69 0.38
  138 L    0  1 -3 -3 -3  0 -2 -3 -2  1  2 -1  1 -1 -2 -1  0  0  1  2    8  11   0   0   0   5   0   1   1   7  24   3   3   1   2   3   6   1   5  18  0.19 0.17
  139 V   -4 -6 -7 -7 -4 -6 -6 -7 -7  4  0 -6 -1 -4 -6 -5 -4 -6 -5  7    0   0   0   0   0   0   0   0   0  20   7   0   1   0   0   0   0   0   0  73  1.71 0.64
  140 A    6 -5 -4 -5 -4 -4 -4 -2 -5 -2 -4 -4  0 -5 -4  2  2 -6 -5 -1   61   0   0   0   0   0   0   3   0   2   0   0   2   0   0  14  14   0   0   4  1.06 0.52
  141 F    1 -4 -5 -5 -3 -4 -5 -5 -4  2  3 -4  1  4 -5 -2  0 -3 -2  2   15   0   0   0   0   0   0   0   0  10  29   0   3  21   0   2   5   0   0  15  0.59 0.31
  142 M    2 -4 -3 -5 -2 -1 -4 -2 -4  1  0 -4  6  2 -4  1  1 -4 -2  2   17   0   0   0   1   3   0   2   0   9   4   0  24   9   0   9   9   0   1  12  0.49 0.32
  143 Q   -5 -4 -4 -5 -7  8 -3 -6  8 -7 -6 -3 -5 -7 -6 -5 -5 -7 -4 -7    0   0   0   0   0  70   0   0  30   0   1   0   0   0   0   0   0   0   0   0  2.58 0.92
  144 Y    0 -4 -3 -5 -2 -4 -4 -2 -3 -1 -3 -4 -1  1 -5  3  2 -3  7 -1    8   0   0   0   1   0   0   2   0   4   2   0   1   5   0  24  15   0  35   4  0.85 0.45
  145 L   -1 -5 -5 -5 -4 -4 -5 -5 -5  2  5 -5  3 -1 -5 -1  1 -4 -4  2    4   0   0   0   0   0   0   0   0  10  51   0   6   2   0   6   7   0   0  13  0.74 0.36
  146 R   -6  9 -5 -6 -8 -3 -4 -7 -5 -7 -7 -2 -6 -7 -6 -5 -5 -7 -6 -7    0  99   0   0   0   0   0   0   0   0   0   0   0   0   0   0   0   0   0   0  2.92 0.95
  147 V   -3 -4 -6 -6 -4 -5 -6 -7 -6  3  3 -5  1 -3 -6 -5 -3 -6 -4  6    1   1   0   0   0   0   0   0   0  17  28   0   3   0   0   0   0   0   0  50  1.20 0.49
  148 L    0 -5 -5 -6 -2 -4 -5 -4 -5  3  4 -5  3  1 -5 -3 -2 -4 -2  2    7   0   0   0   1   0   0   1   0  13  44   0   6   7   0   2   2   0   0  16  0.68 0.33
  149 F    0 -4 -5 -5  3 -4 -5 -3 -4  2  3 -4  3  3 -5 -2  0 -4 -2  2    7   0   0   0   6   0   0   2   0  13  30   0   7  14   0   2   5   0   0  14  0.51 0.27
  150 V   -4 -6 -6 -7 -3 -6 -6 -7 -7  3  1 -6 -2 -2 -6 -5 -2 -6 -5  7    0   0   0   0   0   0   0   0   0  16  10   0   0   1   0   0   2   0   0  71  1.55 0.60
  151 A    1 -5 -5 -5 -4 -4 -3 -4 -5  2 -1 -4 -2 -3 -5  0  2 -5 -4  5   12   0   0   0   0   0   1   0   0  11   5   0   0   1   0   7  12   0   0  50  0.83 0.42
  152 G    1 -4 -4 -4 -2 -4 -4 -1 -4  2  3 -4  2  2 -4  0  1 -2 -2  2   11   0   0   0   0   0   0   6   0  10  26   0   5  10   0   6  10   0   0  16  0.34 0.23
  153 A    2 -4 -3 -4  3 -3 -4 -2 -4  2  1 -3  0  0 -4  1  3 -4 -3  1   16   0   0   0   5   0   0   3   0  12  16   0   1   4   0  13  19   0   0  10  0.34 0.25
  154 A    2 -5 -5 -5 -3 -4 -5 -2 -5  3  2 -4  2 -2 -5 -3 -1 -5 -4  4   22   0   0   0   0   0   0   2   0  17  19   0   6   0   0   1   2   0   0  31  0.66 0.35
  155 V    1 -6 -6 -5 -6 -5 -5 -6 -6 -3 -6 -5 -6 -7  8  0 -2 -8 -7 -1   10   0   0   0   0   0   0   0   0   2   0   0   0   0  74   7   2   0   0   5  2.17 0.76
  156 L    0 -5 -4 -5 -4 -4 -5 -4 -4  1  3 -4  1  5  0 -2 -2 -1 -1  1   10   0   0   0   0   0   0   1   0   7  33   0   3  26   5   2   2   1   1   9  0.60 0.31
  157 V    0 -5 -5 -5 -3 -4 -5 -2 -5  3  3 -4  2  1 -4 -3 -2 -1 -2  4    9   0   0   0   0   0   0   3   0  18  24   0   4   7   0   0   2   1   0  31  0.59 0.30
  158 T    3 -4 -4 -4 -3 -3 -4 -2 -4  1  1 -3  1  3 -3  0  1 -3  0  2   24   0   0   0   0   0   0   2   0   7  14   0   4  14   1   8   7   0   3  18  0.35 0.24
  159 R    0  2 -1 -2 -2  2 -1  0  2 -1 -2  0 -1  0 -1  1  1  1  0 -1    8  14   1   0   1   9   2   6   7   5   3   4   1   4   2  10  12   2   3   4  0.13 0.13
  160 M    0 -4 -3 -3 -3 -3 -4 -2  0  1  2 -3  2  4 -4 -3 -2  6  3  0    9   0   1   1   0   1   0   3   2   7  25   1   4  18   0   1   2  11   9   5  0.51 0.26
  161 M    0 -4 -2 -4 -3 -3 -4 -1 -4  2  2 -4  2  3 -3 -1 -1  6  0  1    7   0   2   1   0   0   0   5   0  11  21   0   4  13   1   5   3  12   2  12  0.41 0.23
  162 L    0 -2 -1 -2 -3 -2 -1  2  0 -1  1 -2  0  2 -2  0 -1  2  1  0    7   1   3   2   0   2   4  19   2   2  18   1   2  12   1   5   4   2   5   8  0.14 0.13
  163 G    1 -2 -1  1 -4 -2 -2  4  2 -2 -1 -2 -2 -3  1  0  0 -1 -2 -1    9   1   2   7   0   1   2  37   6   2   5   1   1   1   7   6   5   1   1   4  0.39 0.23
  164 D    1 -2  0  2 -3  0  0  1  3 -1 -2 -1 -2 -2  1  0  0 -1 -1  0   14   1   4  12   0   4   4  14   9   3   2   2   0   1   7   6   6   1   2   8  0.15 0.13
  165 N    0 -2  1  2 -3  0  0  2  1 -2 -2 -2 -1 -3  2  1  0 -4 -3  0    7   2   5  11   0   5   6  18   4   2   2   1   1   1  10  14   5   0   0   7  0.23 0.17
  166 A    2 -2 -1 -1 -3 -1  0  2  0 -1  0 -2 -1 -2  1  1  0 -2 -3  1   20   1   1   4   0   2   6  16   3   2   9   1   1   1   7  11   6   1   0  10  0.16 0.15
  167 E    2 -1 -1  1 -3  0  0  2  2 -2 -2 -2 -2 -4  2  1  1 -4 -3 -1   17   2   2   7   0   4   6  18   6   1   2   1   0   0   9  10   9   0   0   6  0.24 0.18
  168 A    2 -2  0 -1 -3  0  0  1  0 -1 -1 -2 -2 -3  2  1  1 -4 -3  0   22   2   5   2   0   3   5  11   2   3   5   1   0   0  12  13   7   0   0   7  0.21 0.17
  169 V    2 -1 -1 -1 -2 -1 -1  0 -1 -1  0 -2  0 -2  2  0  1 -3 -2  1   20   2   3   3   0   2   4   5   2   2  10   0   2   2  12   8   8   0   1  14  0.14 0.14
  170 N    1 -2  0 -1 -3 -1 -1  1  2 -1 -1 -2  0 -3  3  1  0 -4 -3  0   15   1   4   3   0   3   3  12   5   4   6   1   2   0  13  13   6   0   0   9  0.18 0.15
  171 Q    2 -1 -1 -1 -3  1  0  1  0 -1 -1 -1 -1 -3  3  0  0 -2 -3  0   19   3   2   3   0   8   6  11   3   4   6   1   1   0  15   6   6   1   0   6  0.20 0.16
  172 H    1  0 -1 -1 -3  0 -1  0  1 -1 -1 -1 -1 -2  2  1  1 -2 -2  0   15   4   2   3   0   5   3   8   4   3   7   1   2   1  10  13  12   1   0   7  0.14 0.13
  173 I    1 -2 -1 -1 -2 -1 -1  0 -1  1  0 -1  0 -1  2  1  1 -2 -2  1   14   2   2   4   0   2   3   6   1   9   8   2   1   2   9   9  13   0   0  12  0.10 0.11
  174 V    1 -1 -1 -1 -2 -1 -1  0 -2  0  0 -1  0 -1  1  0  1  3 -2  2   15   3   2   4   0   3   3   6   1   5   7   2   3   2   8   6   8   5   0  17  0.10 0.11
  175 W    0 -2 -1  0 -3 -1 -1  0 -1 -2 -1 -2 -1  1  0  1  1  6 -1  0    8   2   3   6   0   2   4   9   1   2   5   2   1   7   5  12   9  12   1   7  0.21 0.16
  176 F    0 -2 -1 -1 -3 -1  0 -1  0  0  0 -2 -1  2  2  0  0  4  0  0   10   2   2   4   0   2   7   4   2   5  11   0   1  12   9   8   5   6   1   8  0.11 0.11
  177 P    1 -2 -1  1 -3 -1 -1  0 -1 -1 -1 -2 -2 -2  4  1  1  0 -3  0   14   2   2   7   0   3   2   6   2   3   8   2   1   2  22   9   8   2   0   6  0.29 0.18
  178 P    0 -2 -1  0 -1  0  0 -1  0 -1  0 -2  0 -1  4  0  0  3 -1  0   10   1   3   7   1   3   5   4   3   4   8   1   3   2  22   7   7   4   2   6  0.24 0.15
  179 V    0 -2  0  1 -3  0 -1 -1  0  0  1 -2  0  0  0  0  0  5  0  0    6   2   3  10   0   5   3   6   3   4  18   1   3   4   4   7   6   8   2   7  0.10 0.10
  180 S    0 -2 -1  0 -2 -1 -2  0  0 -1  0 -2 -1  0  2  1  0  6  1 -1    9   1   2   5   1   2   1   8   3   4  11   0   2   4   9  12   7  11   4   4  0.21 0.15
  181 I    0 -2 -2 -3 -3 -2 -2 -1 -1  1  2 -3 -1  0  1 -1  0  6  0  0    8   1   1   1   0   1   2   6   2   9  23   1   1   4   8   4   5  12   3   8  0.26 0.17
  182 N    0 -1  2  1 -3  1  1  2  0 -3 -1 -1 -1 -3  1  0 -1  2 -2 -2   10   2  10   8   0   7   8  19   3   1   8   1   1   0   6   8   4   3   1   2  0.17 0.13
  183 L   -1 -4 -4 -3 -3 -3 -5 -3 -1  2  4 -4  1  3 -3 -3 -2  4  0  0    5   0   1   1   0   1   0   2   2   9  45   0   2  14   1   1   2   5   2   6  0.60 0.31
  184 L    3 -4 -3 -3 -2 -4 -4  0 -2  0  3 -4 -1  0  1 -1 -2  0 -2  1   28   0   1   1   0   0   0   7   1   5  30   0   0   5   6   2   2   1   1   9  0.35 0.26
  185 L    1 -4 -4 -5 -2 -2 -2 -1 -4  2  3 -3  1  1 -1 -3 -1  3  0  1   12   0   0   0   0   1   2   4   0  14  35   1   2   6   3   1   2   4   2  10  0.37 0.24
  186 T   -1 -4 -4 -5 -3 -3 -4 -1 -4  2  3 -4  3 -1 -3 -2  3 -1  0  1    6   0   0   0   0   0   0   6   0  11  34   0   9   2   1   2  19   1   3   7  0.46 0.29
  187 I    2 -4 -4 -5 -1 -4 -4 -2 -4  3  3 -4  1  1 -2 -2 -2  0 -2  2   19   0   0   0   1   0   0   3   0  17  29   0   4   6   1   2   2   1   1  14  0.43 0.26
  188 L    3 -4 -4 -4  0 -4 -4  1 -4  1  2 -4  0  0  0 -1 -1 -4 -3  1   26   0   0   0   2   0   0  10   0   8  26   0   1   4   4   3   2   0   0  12  0.35 0.25
  189 L    2 -4 -5 -5  5 -4 -4 -1 -5  2  3 -4  0  0 -4 -2 -1 -4 -3  3   18   0   0   0  12   0   0   6   0  10  27   0   2   3   0   1   3   0   0  18  0.52 0.29
  190 A    4 -4 -4 -4  3 -4 -4  2 -4  1 -1 -4 -1 -2 -3  0  0 -5 -2  1   39   0   0   0   6   0   0  16   0   9   4   0   1   1   0   8   6   0   1   8  0.52 0.32
  191 V    1 -4 -4 -4  0 -4 -4  0 -4  2  2 -4 -1  1 -1 -2 -1  1  0  3   16   0   0   0   1   0   0   9   0  11  23   0   1   6   3   1   2   2   2  20  0.31 0.21
  192 V    2 -4 -4 -5  0 -4 -4  0 -4  3  2 -4  0  1 -4 -2 -1 -3 -2  3   18   0   0   0   2   0   0   8   0  16  21   0   1   5   0   1   2   0   0  23  0.43 0.25
  193 A    1 -4 -3 -4  1 -4 -4  5 -3 -2 -2 -4 -1 -1 -3 -1 -1 -5 -4  1   14   0   0   0   3   0   0  49   0   2   5   0   2   3   1   4   4   0   0  11  0.76 0.36
  194 G    3 -3 -3 -3  1 -2 -2  2 -2  0 -1 -3 -1 -1 -2  0 -1  4  2  0   27   1   1   0   2   1   2  19   1   7   5   0   2   3   1   7   3   6   7   7  0.29 0.22
  195 T   -1  0 -4 -5 -2 -2 -4 -1 -3  1  2  0  1  1  0 -3 -1  7  1  0    5   4   0   0   1   1   0   4   0   7  19   6   3   7   5   1   5  19   5   7  0.48 0.26
  196 V    1 -5 -5 -5 -3 -4 -5  0 -5  3  4 -4  0 -1 -5 -3 -3 -4 -3  2   12   0   0   0   0   0   0   7   0  19  42   0   1   2   0   1   1   0   0  14  0.66 0.33
  197 G    3 -4 -4 -5 -3 -4 -4  5 -4 -4 -1 -4  3  3 -5 -2 -3  4 -3 -3   25   0   0   0   0   0   0  39   0   0   6   0   7  11   0   2   0   6   0   2  0.82 0.40
  198 C   -1  4 -1 -1 -1  2  0 -2  0 -2 -1  3 -1 -3 -2  0 -2 -1 -2 -1    6  25   2   2   1   9   3   3   2   1   8  22   1   1   1   5   2   1   1   3  0.34 0.23
  199 L   -1  5 -4 -5 -3 -2 -3 -3 -1 -2  2  3 -1  0 -4 -4 -3  4 -2 -2    4  33   0   0   0   1   0   2   1   1  23  20   1   4   1   0   0   5   1   2  0.66 0.37
  200 L   -2 -3 -2 -5  0 -4 -5 -5 -3  3  4 -4  0  1 -4 -2 -1  1 -1  1    3   1   2   0   2   0   0   0   0  17  50   0   1   6   1   3   4   2   1   7  0.67 0.33
  201 R   -3  6  2 -4 -6 -2 -3  0  4 -5 -5  3 -5 -6 -3 -3 -3 -6 -3 -4    1  47   8   0   0   1   0   9  11   1   0  19   0   0   1   1   1   0   0   1  1.13 0.51
  202 L   -3 -2 -5 -6 -4  0 -5 -5 -5  4  4 -5  2  4 -6 -4 -3  0 -2  1    1   2   0   0   0   5   0   0   0  21  37   0   4  20   0   0   0   1   0   8  0.80 0.38
  203 P   -3 -5 -6 -6 -7 -3 -6 -5 -7 -7 -4 -5 -7  0  9 -3 -3 -8 -7 -7    2   0   0   0   0   1   0   1   0   0   2   0   0   4  86   2   1   0   0   0  2.70 0.90
  204 S    4 -4  3 -3 -4 -3 -4  2 -4 -3 -4 -3 -4 -5 -4  2  2 -6 -5 -2   39   0  17   0   0   0   0  12   0   1   1   0   0   0   0  14  13   0   0   2  0.74 0.42
  205 G    3 -4 -3 -4 -5 -4 -4  4 -3 -5 -5 -1 -5 -4  5  0 -4 -1 -3 -4   27   1   1   0   0   0   0  26   0   0   1   4   0   1  31   6   0   1   1   0  1.01 0.47
  206 T    2 -3 -3 -3 -4  1 -2 -1  0 -2 -1 -3  1  1  0  0  0  8  2 -2   18   1   0   1   0   7   2   5   2   2   5   0   3   6   5   6   6  20   7   1  0.54 0.31
  207 M   -4 -5 -6 -6 -4 -4 -6 -6 -5  2  5 -5  5  3 -6 -4 -2 -4 -3  1    0   0   0   0   0   1   0   0   0  10  49   0  17  12   0   1   2   0   0   8  1.06 0.46
  208 L   -4 -5 -6 -7 -4 -5 -6 -7 -6  2  5 -6  2  3 -6 -4 -1 -5 -3  1    0   0   0   0   0   0   0   0   0  11  63   0   5  10   0   1   4   0   0   6  1.13 0.48
  209 I    0 -6 -4 -5 -5 -5 -6  6 -6 -1 -1 -5 -1 -3 -6 -4 -3 -6 -3  0    9   0   0   0   0   0   0  68   0   3   8   0   1   1   0   0   1   0   1   7  1.34 0.54
  210 P    1 -6 -6 -6 -7 -5 -5 -2 -6 -7 -7 -5 -7 -8  8 -1 -1 -8 -7 -6   10   0   0   0   0   0   0   3   0   0   0   0   0   0  79   5   3   0   0   0  2.42 0.84
  211 M   -2 -5 -6 -7 -5 -5 -6 -7 -6  2  4 -5  8  1 -6 -5 -4 -5 -4  0    3   0   0   0   0   0   0   0   0  11  40   0  35   5   0   0   0   0   0   5  1.35 0.55
  212 L    1 -5 -5 -6 -4 -4 -5 -3 -5  3  4 -5  1  2 -5 -3 -1 -4 -3  2   13   0   0   0   0   0   0   2   0  20  36   0   2  10   0   1   4   0   0  12  0.64 0.33
  213 A    2 -5 -5 -5 -1 -4 -5  0 -5  2  3 -4 -1  0 -4 -2 -2 -4 -3  3   18   0   0   0   1   0   0   8   0  10  28   0   1   5   0   2   1   0   0  26  0.50 0.30
  214 G    2 -4 -3 -4  1 -4 -4  3 -4 -1 -1 -4 -1 -5 -4  3  3 -5 -5 -1   16   0   0   0   3   0   0  26   0   3   5   0   1   0   0  22  18   0   0   5  0.58 0.35
  215 A    5 -4 -4 -5 -3 -4 -4  1 -5  2 -1 -4  2 -2 -4  0  0 -5 -4  1   50   0   0   0   0   0   0   9   0  12   6   0   6   1   0   5   4   0   0   7  0.69 0.39
  216 V    3 -4 -4 -5 -2 -4 -4  0 -5  3  2 -4  0 -1 -3 -2 -1 -3 -3  3   25   0   0   0   1   0   0   8   0  15  21   0   1   2   1   2   3   0   0  21  0.46 0.28
  217 L    1 -5 -6 -6 -1 -5 -5 -3 -5  1  5 -5  0  1 -5 -3 -3  3 -3  2   12   0   0   0   1   0   0   2   0   8  51   0   2   5   0   1   1   4   0  14  0.76 0.37
  218 Q   -1 -3  2 -3 -4  3  0 -1  6 -4 -4 -2 -4 -1 -4  2  2 -5 -2 -2    5   0  11   0   0  15   4   4  22   1   1   0   0   4   0  17  12   0   1   2  0.63 0.37
  219 S    1 -3 -2 -2 -1 -2 -3  0 -3  2  2 -3  2  0 -4  0 -1  2 -2  1   12   0   1   2   1   1   1   9   0  10  27   0   5   4   0   9   3   3   1  12  0.23 0.18
  220 G    1 -3 -1 -3  0 -2 -3  1 -2 -1  0 -3 -2  1 -3  2  3 -1 -2  0   14   1   2   0   2   1   0  10   1   3   9   0   0   7   1  20  22   1   1   5  0.29 0.24
  221 Q   -2 -5 -2 -1 -4 -1 -1  6  0 -4 -1 -3 -4  0 -4 -2  0  2 -3 -4    2   0   2   4   0   2   4  60   2   1   6   1   0   5   1   1   5   3   0   1  0.97 0.44
  222 L   -2 -4 -1  1 -3 -2 -3 -1  0  2  2 -3  0  2  1 -2 -1  4 -1  1    2   0   4   8   0   1   0   5   3  14  23   0   2   8   6   2   4   7   1  10  0.24 0.18
  223 I    0 -2 -2 -3 -3 -2  0 -2  1  1  2 -3  1  0  0  0  1 -2  0  2    8   1   2   1   0   1   6   2   5  10  22   0   3   3   5   5   8   0   3  14  0.14 0.14
  224 T    0 -1 -1  1 -3  1  0  0  3 -1  0 -1 -1 -3  0  0  2 -4 -2  0    8   2   2   7   0   6   7   7  10   2  11   1   1   0   5   8  17   0   0   6  0.15 0.16
  225 I    0 -3 -3 -4 -3 -2 -4  0 -1  3  1 -3  1  2  2  0 -1 -3  0  0    9   0   0   0   0   1   0   9   2  22  14   0   3  11  10   9   4   0   2   5  0.25 0.20
  226 E    1  1 -1  0 -3  1  2  0  1 -2 -3 -1 -2 -2  0  1  1  1 -1  0   17   8   1   3   0   6  13   9   5   2   0   2   1   2   3   9  10   2   2   7  0.14 0.14
  227 L   -2 -5 -5 -6 -4 -4 -5 -6 -5  2  4 -5  3 -2  3 -4 -2  3 -4  2    3   0   0   0   0   0   0   0   0   9  45   0   7   1  14   0   1   4   0  16  0.82 0.40
  228 P   -5 -7 -6  0 -8 -6 -6 -7 -4 -6 -6 -6 -7 -8  9 -4 -4 -9 -8 -7    0   0   0   5   0   0   0   0   0   0   1   0   0   0  92   1   1   0   0   0  3.05 0.98
  229 E    1 -1  1  1 -4  1  2  0  1 -3 -3 -2 -1 -2  3  0  0 -2 -1 -1   12   2   8   9   0   5  13   6   4   1   1   0   2   2  14   7   6   1   1   4  0.23 0.17
  230 W   -1 -5 -4 -4 -4 -2  1  1 -2 -1  0 -5 -3 -1  1 -1 -3 10  1  0    5   0   1   0   0   1  10   9   1   4   8   0   0   2   7   5   1  35   4   6  1.09 0.47
  231 L    1 -5 -5 -6 -3 -4 -5 -2 -5  2  4 -5  3  2 -5 -3 -3 -3 -2  1   13   0   0   0   0   0   0   3   0  10  48   0   6   7   0   1   0   0   1  11  0.71 0.36
  232 L   -1 -1 -2 -4 -3 -2 -3 -2 -4  3  3 -2  2  1 -3  0 -1 -4 -2  1    3   3   1   0   0   2   1   2   0  16  34   2   5   5   1   9   3   0   1  11  0.33 0.22
  233 A    3 -2  1 -1 -3  1 -2  0  2  1 -1 -1 -2 -3 -1 -1 -1  1 -2  0   30   1   9   3   0   7   1   5   5  10   5   3   0   0   2   3   3   2   0   8  0.19 0.19
  234 M    2 -4 -4 -5 -2 -4 -4 -1 -4  3  2 -4  2  1  0 -1 -1 -4 -2  1   24   0   0   0   1   0   0   4   0  16  23   0   4   6   4   2   4   0   1  11  0.38 0.25
  235 A    6 -5 -4 -5  1 -4 -4  3 -5 -3 -4 -4 -2 -6 -4  1 -1 -6 -5 -3   60   0   0   0   3   0   0  19   0   1   1   0   1   0   0  10   3   0   0   1  1.12 0.53
  236 Y   -5 -4 -5 -5 -7  7 -3 -6 -3 -5  0 -4 -2  3 -6 -5 -5 -4  6 -5    0   0   0   0   0  53   0   0   0   0   9   0   1  12   0   0   0   0  25   0  1.72 0.73
  237 M    1 -5 -5 -5 -3 -4 -5 -2 -5  3  3 -4  2  1 -4 -3 -1  4 -2  3   13   0   0   0   0   0   0   4   0  15  26   0   6   5   0   0   2   7   1  21  0.55 0.30
  238 A    1 -4 -5 -5  1 -4 -4 -2 -4  2  3 -4  3  2 -5 -1 -1 -1 -2  3   11   0   0   0   3   0   0   3   0  10  27   0   8  11   0   4   2   1   0  20  0.45 0.26
  239 I   -4 -6 -6 -6 -4 -6 -6 -7 -6  6  2 -6  2 -2 -6 -5 -1 -5  1  2    0   0   0   0   0   0   0   0   0  54  19   0   4   1   0   0   3   0   4  14  1.24 0.50
  240 G   -3 -7 -5 -6 -7 -6 -6  8 -6 -8 -7 -6  2 -7 -6 -4 -6 -7 -7 -6    1   0   0   0   0   0   0  94   0   0   0   0   4   0   0   0   0   0   0   0  2.50 0.83
  241 W    2 -5 -5 -6  4 -5 -5 -3 -5  2  0 -5  0 -2 -5  1  1  9 -3  0   15   0   0   0   8   0   0   1   0  11   7   0   2   1   0   9   9  29   0   8  1.06 0.46
  242 R    1  1 -1 -2 -3  1 -2  0  1 -1 -1 -2  1 -1 -3  3  1  0  3 -1    9  10   2   1   0   7   1   6   4   3   5   1   4   1   0  24   7   2  10   3  0.20 0.21
  243 I   -1 -6 -6 -6  2 -5 -6 -6 -6  6  3 -5  1 -2 -6 -5 -3 -5 -4  3    6   0   0   0   4   0   0   0   0  45  23   0   3   1   0   0   1   0   0  18  1.05 0.44
  244 G   -2 -7 -5 -6 -7 -6 -6  8 -6 -8 -8 -6 -7 -8 -6 -4 -6 -7 -7 -7    3   0   0   0   0   0   0  96   0   0   0   0   0   0   0   1   0   0   0   0  2.58 0.84
  245 L    0 -4 -3 -2  4 -2 -3 -1 -2  0  3 -2  1 -1 -4  1  0 -4 -3  1    6   0   1   2  11   1   0   6   1   2  38   2   2   2   0  12   5   0   0  10  0.39 0.27
  246 G   -1  5  0 -3 -2  2 -3  1  3 -5 -2  2  0 -4 -4  0 -1 -5 -3 -4    3  40   3   1   1   8   0  11   7   0   4  10   3   0   0   5   3   0   1   0  0.68 0.37
  247 F   -6 -7 -7 -8 -6 -7 -7 -7 -5  2  1 -7  1  8 -7 -6 -6 -3  2 -3    0   0   0   0   0   0   0   0   0  10  11   0   3  70   0   0   0   0   5   1  2.05 0.70
  248 D    1  0  2  3 -2  0 -1 -2 -1 -3 -2  1 -2 -4 -3  1  3 -5 -2 -1   11   6   9  17   0   3   1   2   1   1   2   7   0   0   0  12  21   0   1   5  0.31 0.23
  249 K   -2  5 -1 -3 -5 -2 -2  3 -1 -3 -1  1 -1 -2  2 -2 -3  0 -3 -2    3  34   3   1   0   1   1  21   2   2   6   8   1   2  10   1   1   1   0   4  0.53 0.32
  250 Q    1 -1 -1  1 -3  2  2 -2 -2  0  0  0  0 -3  1  0  0 -4 -2  0   13   3   1   8   0   9  15   2   0   6   9   3   3   0   8   8   5   0   1   7  0.14 0.13
  251 I    0  0 -2  0 -3 -1 -2 -2 -2  1  0  0  1  3 -1  1  2 -3 -2  0    6   6   1   6   0   1   1   2   1  10   7   5   4  13   2  14  16   0   0   6  0.14 0.16
  252 L   -1 -2 -3 -3 -3 -4 -5 -3 -5  1  4 -3  0  4 -2 -3 -3  3 -2  1    5   2   1   1   0   0   0   2   0   8  44   1   1  18   2   2   1   4   0   8  0.60 0.32
  253 L    0  5 -2  0 -4  1 -2 -2  2 -2 -1  3 -1 -3 -3  0  0 -4 -3 -1    9  32   1   5   0   5   0   3   4   2   7  16   1   1   1   5   5   0   0   3  0.41 0.27
  254 R    0  2 -1 -1 -3  0  1 -1  3 -2  0  0  0 -2 -3  0  1 -3  1 -2    8  11   3   3   0   4  11   4   9   2  14   5   3   0   0   7  11   0   5   1  0.14 0.15
  255 A    3 -3 -2 -4 -1 -2 -3 -2 -3  2  2  0  1  1 -3 -2 -1  1 -2  2   27   0   1   0   1   1   0   3   1  10  19   7   3   6   1   1   2   2   1  14  0.27 0.21
  256 L    1  2 -3 -4 -4 -2 -3  2 -3 -1  1  1 -2 -1  3 -1 -1  2 -3  0   16  12   0   0   0   0   0  16   0   3  14   8   0   3  14   2   2   3   0   5  0.26 0.21
  257 R   -2  7 -2 -4 -6 -1 -3 -2  1 -5 -4  3 -4 -6 -4  0 -2 -6 -4 -3    4  53   1   0   0   2   0   3   3   0   2  19   0   0   0   8   2   0   0   1  1.14 0.51
  258 P    1 -1 -2 -1 -2  0 -2 -2  1  1  1 -2  1  2 -1 -1  0  2  1  1   17   2   1   4   0   4   0   3   3   9  11   0   5  11   2   2   8   2   6   9  0.11 0.13
  259 L    0 -5 -5 -6  0 -5 -5 -1 -5  2  4 -5  2  2 -4 -3 -2  0 -3  1    9   0   0   0   2   0   0   4   0  10  50   0   4   8   0   1   2   1   0   9  0.67 0.34
  260 P    0 -1 -4 -4 -4 -4 -4  1 -2  0  0 -3 -1  1  6 -1 -2  2 -3  0    9   3   0   0   0   0   0  11   1   7  12   1   1   5  35   4   1   3   0   7  0.64 0.33
  261 Q    3  1 -2 -3 -2  1 -2 -1 -1  1  0 -1  0 -1 -1  0 -1 -1  1  1   26  10   0   1   0   8   0   3   1   8  11   2   2   1   2   5   2   1   5  10  0.16 0.18
  262 I    2 -4 -3 -4 -2 -3 -2  1 -4  2 -1 -3  2 -3 -4  1  2 -4 -1  2   22   0   0   0   1   0   3  12   0  15   3   0   7   0   0  11  12   0   3  13  0.33 0.26
  263 L    1 -5 -5 -5 -2 -4 -5 -3 -5  3  4 -5  1  2 -5 -2 -2 -4 -3  2   15   0   0   0   1   0   0   2   0  16  40   0   2   9   0   2   2   0   0  11  0.63 0.33
  264 L    2 -4 -4 -5 -3 -4 -4  2 -4  1  2 -4  0  1 -4 -2 -1 -3 -2  2   18   0   0   0   0   0   0  19   0   9  25   0   2   5   0   2   3   0   1  15  0.40 0.26
  265 S    2 -3 -2 -3  1  0 -3  0 -1 -2  0 -3 -2  2 -4  3  0 -4  0  0   15   0   1   0   3   5   0   8   2   2  11   0   1  11   0  28   4   0   3   7  0.29 0.25
  266 I    0 -4  1 -4  1 -4 -4 -1 -4  4 -1 -4 -2  1 -4  1  3 -5 -3  1    9   0   6   0   3   0   0   4   0  23   4   0   0   6   0  10  23   0   0  11  0.41 0.29
  267 F    2 -5 -5 -5 -1 -4 -5 -2 -5  3  3 -4  0  1 -5 -2 -1 -4 -3  3   16   0   0   0   1   0   0   4   0  13  31   0   1   6   0   2   2   0   0  24  0.55 0.30
  268 A    2 -4 -4 -5 -2 -4 -4  0 -4  2  2 -4  1  1 -4 -1  0 -1 -2  3   17   0   0   0   0   0   0   8   0  13  24   0   4   5   0   3   4   1   1  19  0.38 0.25
  269 L    1 -5 -4 -6 -2 -4 -5 -3 -5  1  5 -5  4 -1 -5 -3  0 -4 -1  1   11   0   1   0   1   0   0   2   0   5  53   0  11   1   0   2   5   0   2   7  0.78 0.39
  270 L   -2 -5 -4 -6 -1 -5 -6 -2 -5  5  2 -5  6 -1 -6 -4 -3 -5 -3  2    4   0   1   0   1   0   0   3   0  37  21   0  19   2   0   1   0   0   0  11  0.93 0.42
  271 A    3 -4 -4 -5 -1 -4 -4  1 -5  1  2 -4 -1 -1 -4 -1 -1 -3 -4  2   30   0   0   0   1   0   0  11   0   6  24   0   1   3   0   4   2   0   0  17  0.46 0.30
  272 I    1 -4 -4 -5  0 -4 -4  0 -4  3  2 -4  2  2 -4 -1 -1 -4 -3  2   10   0   0   0   2   0   0   9   0  18  24   0   5   9   0   4   4   0   0  15  0.38 0.24
  273 C    3 -5 -4 -5  8 -5 -5 -1 -5 -4 -3 -5  0 -6 -5  3  2 -6 -5 -2   21   0   0   0  36   0   0   5   0   0   1   0   3   0   0  20  12   0   0   2  1.26 0.54
  274 A    4 -4 -4 -5 -3 -4 -4  2 -4 -1  1 -4 -1  3 -4 -1 -1 -1 -1  0   39   0   0   0   0   0   0  16   0   3  13   0   1  13   0   2   4   1   2   7  0.53 0.33
  275 G    1 -5 -4 -5  0 -4 -5  4 -5  1  3 -4 -1 -2 -4 -2 -2 -5 -4  2   14   0   0   0   2   0   0  29   0   7  30   0   1   1   0   2   2   0   0  12  0.56 0.32
  276 M    0 -5 -5 -5  0 -4 -5 -2 -4  1  3 -4  4  4 -5 -1 -1  1 -2  0    8   0   0   0   2   0   0   3   0   8  29   0  14  21   0   6   3   2   0   5  0.57 0.32
  277 A    5 -5 -4 -4 -3 -4 -4  3 -5 -2 -4 -4 -4 -5 -4  1 -1 -6 -5  0   57   0   0   0   0   0   0  21   0   2   0   0   0   0   0   8   3   0   0   8  1.04 0.51
  278 W    0 -4 -3 -5 -1 -3 -1 -1 -3  0  1 -4 -1  2 -4 -2 -2  8  3  1    9   0   1   0   1   0   6   5   0   6  14   0   1   9   1   2   1  21  10  12  0.62 0.31
  279 G    1 -4 -4 -5 -3 -4 -3  2 -5  2  3 -4  2  0 -1 -3 -2 -1 -3  2   12   0   0   0   0   0   2  15   0  13  32   0   4   3   3   1   1   1   0  15  0.42 0.27
  280 L   -1 -5 -6 -6 -3 -5 -6 -5 -5  3  5 -5  2  2 -5 -5 -2 -1 -3  2    5   0   0   0   0   0   0   0   0  14  50   0   4   9   0   0   1   1   0  15  0.88 0.39
  281 T    3 -3 -2 -3 -3 -2 -3  0  4 -2 -3 -2  0 -3 -3  3  2 -1 -1  0   25   0   1   0   0   1   0   5  12   1   1   1   3   1   1  23  14   1   2   8  0.45 0.32
  282 R    0  1 -2 -3 -3  1 -1 -2  3 -1  1  0  0  0 -2 -1 -1  6  1  0   11  10   2   0   0   6   4   3   8   3  13   5   2   4   2   4   2  11   5   6  0.21 0.16
  283 F    0 -3 -5 -5 -2 -4 -4 -4 -3  2  3 -4  2  3 -4 -3 -1  5  0  1   10   1   0   0   0   0   1   1   0  10  30   0   4  13   0   1   4   9   3  11  0.53 0.28
  284 M    1 -3 -2 -3 -4 -2 -3 -1 -1 -2  1 -3  2 -1 -3  1  5 -2  0  0   11   0   1   1   0   1   1   5   2   0  16   0   5   3   1   8  37   0   3   5  0.44 0.32
  285 H   -1 -4  0  3 -5 -1 -2  5  4 -5 -3 -3 -5 -4  1 -1 -2 -3 -4 -5    3   0   5  16   0   3   2  42  10   0   3   1   0   0   8   4   1   0   0   0  0.74 0.37
  286 I    0 -4 -2 -3 -3 -2 -1 -3 -1  4  2 -2  2  0 -4 -2  0 -4 -1  3    7   0   2   1   0   2   4   1   2  25  22   2   4   3   0   2   4   0   1  19  0.37 0.23
  287 D   -2 -2  0  5 -6 -3  0 -3  0 -5 -6 -2 -5 -6  4  2  0 -7 -5 -5    2   2   3  37   0   0   4   2   2   0   0   1   0   0  23  19   5   0   0   0  0.99 0.47
  288 F   -2 -3 -4 -4 -4 -3 -3 -2 -1  1  2 -3  1  4  3 -3 -1  2  2  0    3   1   0   1   0   1   1   3   1   8  21   1   4  19  18   1   3   3   7   5  0.47 0.27
  289 M    1 -1  0 -1 -3 -2 -2 -1 -3  1  2 -2  2  1  0  0  0 -3 -1  1   12   4   6   3   0   1   2   4   0   5  28   0   5   5   4   6   6   0   1   8  0.12 0.13
  290 T   -1 -4 -2  2 -4  0  2 -4 -2 -3 -3 -2 -3 -5 -3  2  6 -6 -5 -2    5   0   1  11   0   3  12   1   1   0   1   1   1   0   1  12  46   0   0   3  0.79 0.45
  291 A    4 -4 -4 -5 -1 -4 -4  0 -5 -1  2 -4  1 -2 -4  1 -1 -5 -4  0   40   0   0   0   1   0   0   8   0   3  25   0   3   1   0   9   3   0   0   7  0.56 0.35
  292 Y   -2 -5 -6 -6 -5 -5 -5 -5 -3  2  2 -5  2  4 -6 -5 -1 -1  6  0    4   0   0   0   0   0   0   1   0  10  20   0   5  18   0   0   3   1  32   6  0.98 0.44
  293 L   -5 -6 -7 -8 -5 -6 -7 -8 -7  1  7 -6 -2 -2 -7 -6 -4 -1 -5 -1    0   0   0   0   0   0   0   0   0   5  89   0   0   1   0   0   1   1   0   4  1.81 0.68
  294 A    6 -5 -4 -4 -3 -4 -5  3 -5 -5 -6 -4 -5 -6 -5  2 -3 -6 -6 -4   63   0   0   0   0   0   0  21   0   0   0   0   0   0   0  14   1   0   0   0  1.36 0.61
  295 T   -1 -5 -4 -5 -4 -4 -5 -4 -4 -1  1 -4  3  4 -5 -1  5 -4  2 -2    5   0   0   0   0   0   0   1   0   4  13   0   8  19   0   3  39   0   7   1  0.82 0.44
  296 S    4 -4 -4 -4 -3 -4 -4 -3 -5 -3 -3 -4  3 -5 -4  4  2 -6 -5  0   36   0   0   0   0   0   0   1   0   1   2   0   7   0   0  35  12   0   0   7  0.88 0.49
  297 P   -4 -7 -7 -6 -8 -6 -6 -7 -7 -8 -8 -6 -7 -9  9 -6 -6 -9 -8 -7    1   0   0   0   0   0   0   0   0   0   0   0   0   0  99   0   0   0   0   0  3.44 1.07
  298 G   -2 -7 -5 -5 -7 -6 -6  8 -6 -8 -8 -6 -7 -8 -7 -5 -6 -7 -8 -8    3   0   0   0   0   0   0  97   0   0   0   0   0   0   0   0   0   0   0   0  2.63 0.86
  299 G    0 -6 -5 -6 -7 -6 -6  7 -6 -8 -8 -6 -7 -7 -6 -3 -6 -7 -7 -7    7   0   0   0   0   0   0  91   0   0   0   0   0   0   0   2   0   0   0   0  2.36 0.79
  300 L    0 -4 -5 -6 -4  0 -5 -5 -5  4  3 -4  5 -2 -5 -3 -3 -5 -4  2    8   0   0   0   0   5   0   1   0  26  32   0  14   1   0   1   0   0   0  11  0.77 0.38
  301 D    3 -4  0  4 -4 -3  2 -2 -3 -3 -5 -3 -3 -4 -1  0  2 -5  1 -2   26   0   3  27   0   0  12   2   0   1   0   0   0   0   2   5  12   0   6   2  0.56 0.35
  302 T    2 -4 -3 -2 -5  2  5 -4 -4 -4 -5 -3 -4 -6 -4  1  2 -6 -5 -3   17   0   0   0   0  10  45   0   0   0   0   0   0   0   0  12  13   0   0   2  0.96 0.51
  303 V   -3 -6 -7 -7 -5 -5 -6 -7 -6  2  0 -6  9 -4 -7 -6 -4 -6 -5  4    1   0   0   0   0   0   0   0   0  12   5   0  56   0   0   0   0   0   0  25  1.98 0.74
  304 A    4 -4 -2 -4  2 -3 -4  1 -4 -1  1 -3  1 -4 -4  2  1 -5 -3  1   34   0   1   0   4   0   0   8   0   3  13   0   3   0   0  14   8   0   1  11  0.42 0.29
  305 V    3 -5 -5 -5 -4 -5 -5 -4 -5  4  3 -5  0 -3 -5 -2 -1 -5 -4  2   23   0   0   0   0   0   0   1   0  29  29   0   2   0   0   2   2   0   0  12  0.76 0.38
  306 I   -2 -5 -5 -5 -4 -5 -5 -6 -6  5  2 -5  2 -3 -5 -3  4 -5 -4  2    3   0   0   0   0   0   0   0   0  33  15   0   4   0   0   0  31   0   0  13  0.94 0.45
  307 A    7 -5 -5 -6 -4 -5 -5 -2 -6 -5 -5 -5 -5 -6 -5  0 -3 -7 -6 -2   88   0   0   0   0   0   0   3   0   0   0   0   0   0   0   6   1   0   0   2  1.87 0.75
  308 A    2 -2 -2 -3 -3  0  0 -3  1  1  2  0  1 -1 -3  0  0 -4 -2  1   18   1   1   0   0   3   7   1   3   9  19   8   4   2   0   5   4   0   1  12  0.15 0.16
  309 G    2 -3 -2  0 -3  0  1  1 -3  0 -3 -2  0 -4 -3  2  1 -2 -3  1   21   0   1   6   0   4  12   9   0   4   1   0   2   0   0  18   9   1   1  11  0.28 0.24
  310 S    0 -3 -3 -5 -3 -3 -4 -2 -4  0  4 -4  2 -2 -4  1  2 -4 -2  1    8   0   0   0   0   0   0   3   0   4  38   0   5   1   0  14  15   0   1  11  0.47 0.31
  311 N   -2 -1  2  1 -6  3 -1  4  5 -6 -6 -1 -4 -6 -2 -1 -4 -6 -4 -6    3   4  11   7   0  13   3  35  16   0   0   3   0   0   1   3   0   0   0   0  0.82 0.40
  312 A    4 -4 -4 -4 -3 -1 -2  0 -3  0  2 -4 -1 -3 -4  0 -2 -5 -3  2   40   0   0   0   0   2   2   8   0   6  20   0   1   0   0   5   1   0   1  14  0.51 0.33
  313 D   -3 -5  3  7 -7 -3 -1  1 -4 -7 -6 -4 -6 -5 -5  0 -3 -7 -4 -5    1   0  12  62   0   1   3  12   0   0   0   0   0   0   0   7   1   0   0   1  1.50 0.60
  314 M    0 -4 -5 -5 -4 -4 -4 -4 -5  0  1 -4  3 -3  4 -1 -1 -5 -4  5    6   0   0   0   0   0   0   1   0   4  14   0   8   0  19   5   4   0   0  38  0.72 0.37
  315 A    4 -3 -3 -4 -4 -4 -3  1 -4 -2 -3 -3 -3 -5  4  2  2 -6 -5 -2   34   1   0   0   0   0   1  10   0   2   2   0   0   0  22  13  12   0   0   3  0.72 0.40
  316 L   -4 -5 -6 -6 -5 -4 -6 -6 -4  1  3 -4  3  6 -6 -5 -3 -3  2  2    1   0   0   0   0   0   0   0   0   8  24   1   8  37   0   0   1   0   7  13  1.03 0.43
  317 I   -4 -7 -7 -7 -5 -6 -7 -7 -7  3 -3 -6 -1 -5 -7 -6 -4 -7 -5  7    0   0   0   0   0   0   0   0   0  15   0   0   1   0   0   0   0   0   0  84  2.08 0.75
  318 M    2 -4 -4 -4 -3 -3 -4 -1 -4  0  1 -4  5 -4 -4  1  3 -5 -4  2   15   0   0   0   0   0   0   4   0   5  11   0  14   0   0  13  23   0   0  14  0.51 0.34
  319 A    5 -4 -4 -5 -2 -4 -4 -1 -5 -2 -2 -4 -1 -1 -4  2  1 -5 -4 -1   58   0   0   0   1   0   0   5   0   2   4   0   1   3   0  13  10   0   0   4  0.88 0.46
  320 M   -1 -4 -4 -5 -2 -4 -5 -6  6 -2  1 -5  6  4 -5 -3 -3 -4  3  1    5   0   0   0   1   0   0   0  23   1  15   0  20  15   0   2   1   0   9  10  0.93 0.44
  321 Q   -6 -4 -4 -5 -8  8 -3 -6  8 -8 -7 -4 -5 -7 -6 -5 -5 -7 -4 -7    0   0   0   0   0  65   0   0  35   0   0   0   0   0   0   0   0   0   0   0  2.66 0.94
  322 T   -3 -5 -5 -5 -4 -4 -5 -5 -5  3  3 -4  3 -1 -5 -2  2 -5 -2  4    1   0   0   0   0   0   0   0   0  16  26   0   6   2   0   3  15   0   1  29  0.70 0.35
  323 L   -1 -4 -4 -5  1 -4 -4 -2 -4  2  3 -4  2  3 -4 -1  1 -2 -1  2    6   0   0   0   2   0   0   3   0  11  29   0   6  15   0   4   9   0   1  14  0.43 0.25
  324 R   -6  9 -5 -6 -8 -3 -5 -7 -5 -8 -7 -2 -6 -8 -7 -5 -6 -7 -6 -7    0 100   0   0   0   0   0   0   0   0   0   0   0   0   0   0   0   0   0   0  3.03 0.98
  325 L   -4 -5 -6 -6 -4 -4 -6 -6 -5  4  4 -5  4  3 -6 -4 -3 -4 -2  2    0   0   0   0   0   0   0   0   0  22  40   0  11  12   0   1   1   0   0  13  0.95 0.40
  326 F   -2 -5 -6 -6 -2 -5 -6 -5 -5  3  4 -5  1  5 -6 -4 -2 -2 -2  2    3   0   0   0   1   0   0   0   0  13  36   0   3  26   0   0   2   0   0  16  0.89 0.39
  327 S    0 -4 -4 -5  0 -4 -4 -1 -4  2  2 -4  2  5 -4 -1  0 -3 -1  1   10   0   0   0   2   0   0   5   0  10  23   0   5  24   0   5   4   0   1  11  0.45 0.26
  328 I   -3 -6 -6 -6 -4 -5 -6 -6 -6  5  1 -5  3 -3 -6 -4 -1 -6 -4  5    0   0   0   0   0   0   0   0   0  31   9   0   7   1   0   0   4   0   0  47  1.23 0.50
  329 L   -1 -4 -3 -5 -2 -4 -5 -4 -5  3  4 -4  3  0 -5 -1 -1 -3 -1  2    4   0   1   0   1   0   0   1   0  18  40   0   8   3   0   5   3   0   2  14  0.61 0.31
  330 L    0 -4 -3 -5 -3 -4 -5 -3 -4  2  3 -4  1  4 -3 -2 -1 -3 -2  1    9   0   1   0   0   0   0   2   0  13  36   0   4  19   1   2   3   0   0  11  0.57 0.30
  331 T    1 -4 -3 -4  1 -3 -3 -1 -4  2  2 -3  1  2 -4 -1  2 -4 -2  2   11   0   1   0   3   0   0   6   0  14  23   0   3   8   0   4  12   0   0  14  0.29 0.21
  332 G    4 -4 -4 -4 -2 -4 -4  2 -4  1  1 -4  1 -2 -4 -1  1 -5 -3  2   36   0   0   0   0   0   0  19   0   7  12   0   3   1   0   2   7   0   0  12  0.49 0.30
  333 P    0 -3 -3 -4 -6 -3  0  0 -6 -3 -4 -4 -6 -7  8 -2 -3 -7 -6 -3    7   1   1   0   0   1   6   7   0   2   2   0   0   0  67   3   1   0   0   2  1.77 0.65
  334 A    0 -4 -4 -5 -3 -3 -4 -2 -3  0  1 -4  0  3  5 -2 -2  4  0  0   10   0   1   0   0   1   0   2   0   6  17   0   3  13  27   3   1   6   4   7  0.57 0.30
  335 I    0 -5 -5 -6 -2 -4 -5 -4 -5  3  3 -5  3  2 -5 -4 -2  0 -2  2    8   0   0   0   1   0   0   1   0  20  34   0   7  10   0   0   1   1   0  17  0.67 0.32
  336 A    3 -3 -2 -4 -2 -3 -3 -2 -2  1  0 -3 -1  3 -1  0 -1 -2  2  1   33   0   2   0   0   0   0   2   1   8  11   0   1  14   3   4   4   0   8   9  0.35 0.26
  337 R   -1  6 -2 -4 -6  0 -2 -1  1 -5 -3  3 -3 -5 -3 -2 -1 -3 -2 -4    4  51   2   0   0   4   1   4   4   0   2  18   0   0   1   2   3   0   1   1  1.01 0.46
  338 F   -1  0 -5 -5 -3 -1 -4 -3  0  0  3 -3  1  4 -5 -3 -3  7  2 -1    4   7   0   0   0   3   0   2   2   4  27   1   4  19   0   1   1  15   6   3  0.68 0.33
  339 I   -2 -4 -5 -6 -3 -5 -5 -5 -5  4  3 -5  3  3 -5 -4 -2  6  0  2    3   0   0   0   0   0   0   0   0  21  28   0   6  12   0   1   1  10   2  14  0.75 0.34
  340 S    1  1  1 -1 -1  0 -1  0  1 -1  0  0  0  1 -3  1 -1 -3  0  0   18   9   6   4   1   5   3   6   4   4   8   4   2   7   0  11   2   0   2   5  0.06 0.09
  341 T   -2  6 -1 -2 -4  0 -2 -2  2 -4 -3  3 -4 -4 -2 -1  0  1 -2 -4    3  44   3   2   0   3   1   4   5   1   2  19   0   1   2   3   5   2   1   1  0.80 0.40
  342 Y   -2  5 -2 -4 -4 -1 -2 -3  3 -3  0  1 -2  0 -2 -2 -3  4  3 -3    4  37   1   0   0   2   1   1   7   1  11   7   1   3   2   2   1   6  11   1  0.62 0.34
  343 A    2  2 -1 -1 -3 -1  0 -2  1  0  0  0 -1 -1 -1  1  0  1 -1 -1   19  14   1   3   0   1   5   2   3   5   9   3   1   2   3  15   6   2   2   5  0.11 0.13
  344 P    0  2  0  0 -4  1  2  0 -1 -4 -3  2 -3 -5  3  1 -1 -5 -3 -2    7  14   3   4   0   5  12   6   1   0   2  11   0   0  17  14   2   0   1   2  0.37 0.22
  345 K    0  5 -2 -2 -5  1  1 -1  1 -5 -4  4 -4 -4  0 -1 -2 -5 -4 -4    8  33   0   2   0   6   9   4   3   0   1  24   0   0   5   4   1   0   0   1  0.65 0.33
  346 R   -1  5  0 -2 -5  2  0 -2  0 -5 -4  3 -3 -5 -2  1 -1 -5 -4 -3    5  34   3   2   0  11   6   2   2   0   0  21   0   0   1  10   3   0   0   1  0.66 0.32
  347 S    1 -1  1  0 -3  2  1 -1  2 -4 -4  1 -3 -3 -1  2  2 -4 -3 -3   15   1   5   5   0  11   7   3   5   0   0  11   0   1   3  21  13   0   0   0  0.32 0.20
  348 A    5 -3 -3 -3 -3 -2 -3 -2 -3 -4 -4  2 -3 -5 -3  3 -2 -5 -4 -3   61   0   0   0   0   0   0   0   0   0   0  12   0   0   0  27   0   0   0   0  0.97 0.39

                      K         Lambda
Standard Ungapped    0.1406     0.3294
Standard Gapped      0.0461     0.2670
PSI Ungapped         0.1499     0.3157
PSI Gapped           0.0461     0.2670
