
Last position-specific scoring matrix computed, weighted observed percentages rounded down, information per position, and relative weight of gapless real matches to pseudocounts
           A  R  N  D  C  Q  E  G  H  I  L  K  M  F  P  S  T  W  Y  V   A   R   N   D   C   Q   E   G   H   I   L   K   M   F   P   S   T   W   Y   V
    1 M   -4 -4 -5 -6 -4 -3 -5 -6 -5 -2  0 -4 10 -3 -6 -5 -4 -4 -4 -2    0   0   0   0   0   0   0   0   0   0   5   0  95   0   0   0   0   0   0   0  2.65 0.71
    2 R   -3  6  1 -3 -5  0 -1 -4 -1 -4 -4  4 -1 -5 -4 -1  0 -5 -4 -4    0  44   7   0   0   3   1   0   1   0   1  32   2   0   0   3   5   0   0   0  0.99 0.39
    3 L   -1  1 -1 -3 -1 -1 -2 -4 -2  1  2  2 -1  2 -3 -1  0 -1  0 -1    2   9   2   0   1   2   0   0   1  10  27  18   0  12   1   4   7   1   2   1  0.22 0.18
    4 A    0  3  1 -2  1 -1 -2 -2 -2  0 -1  0 -1  0  2  1  0  0 -1 -1    6  20   6   0   3   1   0   2   0   5   5   6   1   5  13  15   4   2   1   3  0.20 0.15
    5 P    1  1 -1 -3 -2 -1 -2 -2  0  1  1 -1  0  1  0  1  0 -3  0  0   14   9   2   0   0   0   0   2   2   9  18   3   1   6   5  15   4   0   3   7  0.09 0.11
    6 L    0  1 -3 -4 -1 -2 -3 -3 -2  1  3 -2  2  2 -2 -1  0  1 -2  1   11   8   1   0   1   1   0   0   1   6  34   1   7   9   1   4   5   2   0   9  0.26 0.18
    7 Y    0 -1 -4 -4  1 -3 -4 -4 -3  2  3 -2  3  3 -4 -2 -1  1  0  0    7   4   0   0   4   0   0   0   0  14  29   2  10  16   0   1   4   2   3   2  0.38 0.22
    8 R    0  3 -3 -3  1 -2 -3 -1 -2  0  2  1  1  3 -3 -2 -1 -3 -1  0   10  19   0   0   3   0   0   4   0   6  23   8   3  14   0   2   4   0   0   3  0.23 0.18
    9 N    1  0  0 -2  0 -2 -2 -1 -2  0  0 -2  0  2 -2  2  1  0  0  0   12   7   3   0   2   0   0   5   0   4  12   1   2  10   1  18  11   2   3   6  0.09 0.12
   10 A    2 -3 -3 -3  1 -3 -3  0 -3  1  1 -2  0 -1 -2  1  1 -3  0  2   24   0   0   0   3   0   0   6   0   7  14   1   1   2   2   9   7   0   3  22  0.23 0.18
   11 L   -1 -4 -5 -5 -1 -4 -4 -4 -4  2  4 -4  1  1 -2 -3 -1  0 -2  2    5   0   0   0   1   0   0   1   0  11  50   0   3   6   2   1   4   2   0  13  0.61 0.29
   12 L    1 -4 -4 -4  0 -3 -4 -4 -4  2  3 -3  3  1 -3  0 -1 -2 -2  1   12   0   0   0   2   0   0   0   0  10  39   0   9   4   1   6   4   1   0  10  0.44 0.24
   13 L    2 -4 -4 -5  0 -4 -4 -2 -4  2  3 -4  1  2 -4 -2  0 -3 -2  2   20   0   0   0   2   0   0   2   0  13  31   0   3   9   0   1   4   0   0  14  0.44 0.25
   14 T    2 -3 -3 -4  1 -3 -3 -1 -4  1  2 -3  1  2 -3  0  2 -1 -2  1   17   0   0   0   3   0   0   3   0   6  24   1   4  10   0   8  15   1   0   8  0.27 0.21
   15 G    2 -3 -3 -3  0 -3 -3  2 -3  0  1 -3  1  0 -3  1  1 -2 -3  1   21   1   0   0   2   0   0  17   0   4  15   0   3   4   0  12  11   0   0  11  0.26 0.20
   16 L   -1 -4 -5 -5  3 -4 -4 -3 -4  2  4 -4  2  2 -4 -2  0 -3 -2  2    5   0   0   0   6   0   0   1   0  12  43   0   5  10   0   2   5   0   0  11  0.57 0.28
   17 L    2 -3 -4 -4  0 -2 -3 -1 -4  1  3 -3  1  1 -2  0 -1 -3 -1  2   18   0   0   0   2   1   1   4   0   8  28   0   4   5   1   6   3   0   1  19  0.29 0.20
   18 L    1 -4 -3 -3 -2 -3 -3 -3 -4  2  3 -3  2  0 -2 -1 -1 -4 -3  2   14   0   0   1   1   0   1   1   0   9  34   0   6   4   1   5   3   0   0  17  0.38 0.23
   19 S    2 -3 -3 -3  3 -2 -3 -1 -3 -1 -1 -3 -2  0  0  4  1 -4 -3  0   22   0   0   1   7   1   0   3   0   4   4   0   1   5   4  34   8   0   0   6  0.43 0.29
   20 G    2 -3 -2 -2  2 -3 -3  5 -4 -3 -3 -3 -4 -2  0  1 -1 -4 -4 -3   20   1   1   1   5   1   1  48   0   2   2   1   0   2   4   9   3   0   0   1  0.77 0.35
   21 I    0 -4 -2 -2  8 -1 -3 -1 -1  0 -1 -3 -2 -2 -1  0  1 -4 -3  0    6   0   1   3  36   2   2   5   2   5   6   1   1   2   2   8  11   0   1   7  0.71 0.33
   22 A    2 -2  0 -1 -3 -1 -2  2 -2 -3 -2 -2 -3 -3 -1  4  3 -5 -4 -2   18   1   3   4   0   2   1  14   1   0   3   0   0   1   3  31  17   0   0   3  0.46 0.31
   23 A    2 -2  1  1  0  0 -1  0 -1 -2 -1 -1 -1 -3  0  3  1 -4 -3 -2   17   1   6   9   2   3   2   6   1   2   6   2   1   0   4  29   6   0   0   2  0.24 0.20
   24 V    3 -2 -1 -1 -2  1 -1 -1 -1 -2 -2  0 -1 -3 -1  2  2 -4 -3  0   30   0   1   2   0   6   3   4   1   1   4   6   1   0   3  16  13   0   0   8  0.28 0.22
   25 Q    2 -1  1  1 -1  3  1  0 -1 -3 -3  0 -2 -2  0  1  0 -4 -2 -2   17   1   7   9   1  19   9   8   1   1   1   6   1   2   5   8   4   0   1   1  0.25 0.19
   26 A    3 -3 -1  1 -3  1  1 -1 -3 -4 -4 -2 -2 -4  2  2  1 -5 -4 -3   32   0   2   7   0   5   7   3   0   0   1   1   1   0  11  19   8   0   0   1  0.47 0.30
   27 A    3 -2  0  0 -3  1  1  2 -2 -3 -3  0 -1 -3 -2  1  1 -4 -3 -2   27   0   3   4   0   6   7  18   1   0   1   7   1   1   1  10   9   0   0   3  0.29 0.20
   28 D    2 -2 -1  2 -2  1  3  2 -3 -4 -4 -1 -3 -4 -1  1  1 -4 -4 -2   16   0   2  13   1   7  19  17   0   0   1   2   0   0   3   9  10   0   0   2  0.37 0.24
   29 W   -1 -3  1 -1 -4  1  1 -2 -1 -4 -4 -1 -3  3 -3  0 -1  9  0 -4    4   0   8   4   0   6  10   3   1   0   1   4   0  16   1   8   4  27   2   1  0.84 0.37
   30 P   -1 -4 -3 -3  3 -3 -2 -2 -4 -4 -4  0 -1 -5  7  0  2 -5 -4 -2    5   0   1   1   7   1   2   4   0   1   1   6   2   0  49   7  11   0   0   2  1.14 0.45
   31 R   -3  7 -4 -5 -6 -1 -4 -6 -2 -2 -4  0 -3 -4 -5 -4 -3 -5  1  0    1  73   0   0   0   2   0   0   1   3   1   4   0   0   0   0   1   0   6   6  1.64 0.64
   32 Q   -1 -2 -1 -3 -4  1  0 -4 -3 -1 -3 -1  0 -3 -1  1  6 -5 -3  0    4   1   2   1   0   6   6   0   0   3   2   3   2   1   2   8  51   0   0   7  0.71 0.41
   33 I   -3 -6 -6 -6 -4 -2 -6 -6 -6  5 -1 -5 -2  1 -6 -5 -3 -5 -4  6    1   0   0   0   0   2   0   0   0  34   3   0   0   6   0   0   0   0   0  53  1.35 0.54
   34 T   -2 -1 -2 -1 -5  3  3 -4 -1 -4 -4  4 -2 -5 -2 -1  3 -5 -4 -2    2   2   1   3   0  12  24   0   1   0   0  26   1   0   1   3  20   0   0   3  0.65 0.37
   35 D   -3 -4  1  2 -4 -3 -4 -2 10 -6 -6 -4 -5 -5 -5 -2  2 -6 -3 -6    2   0   6  10   0   0   0   3  61   0   0   0   0   0   0   2  14   0   0   0  1.99 0.72
   36 S    5 -4 -3  1 -4 -2  1 -3 -3 -3 -3 -3 -4 -2 -2  1 -1 -5 -4  0   58   0   0   8   0   1  10   0   0   1   1   0   0   2   2   9   3   0   0   5  0.80 0.44
   37 R   -2  1 -2  1 -4  1 -2 -4  0 -2  1  1  7 -2 -5 -3 -1 -4 -2 -2    3   8   2   8   0   8   1   1   2   1  11  11  37   1   0   1   3   0   1   1  0.71 0.41
   38 G   -4 -5 -4 -4 -6 -2 -4  7 -6 -7 -7 -5 -6 -7 -6 -4 -5 -6 -7 -7    0   0   0   1   0   2   1  95   0   0   0   0   0   0   0   1   0   0   0   0  2.41 0.79
   39 T   -2 -2 -2  0 -4 -1  4 -4 -3 -4 -4  1 -4 -5  1  2  3 -5 -4 -1    2   1   1   4   0   1  33   0   0   0   0   8   0   0   7  13  24   0   0   5  0.66 0.39
   40 H   -1 -4 -4 -4 -4 -3 -3 -5  1  0 -1 -4 -3  0 -4  0  6 -5 -4  2    4   0   0   0   0   0   1   0   3   3   5   0   0   4   0   5  56   0   0  17  1.00 0.50
   41 T   -2 -3 -1 -1  3  1  3 -3 -3 -2 -4  1 -3 -5 -2 -2  5 -5 -4 -1    2   0   2   2   8   6  22   2   0   2   0  10   0   0   2   1  37   0   0   3  0.66 0.40
   42 L   -4 -5 -6 -6 -4 -4 -5 -6 -6  6  3 -5 -1 -3 -5 -5 -3 -5 -4  4    0   0   0   0   0   1   0   0   0  44  23   0   0   0   0   0   0   0   0  31  1.23 0.48
   43 E   -1 -3  0  1 -5 -1  2 -4 -4 -5 -5  2 -4 -6  6 -1  1 -6 -5 -4    4   0   4   7   0   2  14   1   0   0   0  13   0   0  42   3   9   0   0   1  1.01 0.44
   44 S    2  0 -2 -1 -3  1  1  2  1 -2 -1  1 -2 -4 -3  1  0 -4 -3 -2   21   4   1   2   0   8   9  18   4   1   7   8   0   0   0   8   5   0   0   2  0.24 0.19
   45 Q    0 -1  2 -2 -4  2  1 -3  2 -3 -4  3 -3 -5  1 -1  3 -5 -4 -2   10   2  12   1   0  11   9   0   5   1   1  17   0   0   8   3  19   0   0   2  0.42 0.29
   46 P   -3 -7 -6 -6 -7 -6 -6 -7 -7 -7 -7 -5 -7 -8  9 -5 -5 -8 -7 -5    2   0   0   0   0   0   0   0   0   0   0   0   0   0  97   0   0   0   0   1  3.27 1.01
   47 Q   -2  0 -3 -3 -5  6  2 -5 -3 -4 -2  4 -2 -6 -4 -2  0 -5 -4 -3    3   3   0   0   0  35  14   0   0   1   4  31   1   0   0   1   6   0   0   1  1.00 0.49
   48 R   -5  8 -4 -6 -7 -3 -4 -6 -3 -7 -6  2 -5 -7 -6 -4 -3 -7 -6 -7    0  87   0   0   0   0   0   0   1   0   0  10   0   0   0   1   1   0   0   0  2.41 0.84
   49 I   -4 -6 -7 -7 -5 -6 -6 -7 -7  6 -2 -6 -2 -4 -6 -6 -4 -6 -5  6    0   0   0   0   0   0   0   0   0  46   1   0   0   0   0   0   0   0   0  53  1.80 0.66
   50 V   -1 -6 -7 -7 -4 -6 -6 -7 -7  2 -1 -6 -3 -3 -6 -5 -4 -6 -5  7    4   0   0   0   0   0   0   0   0   7   5   0   0   1   0   0   0   0   0  83  1.83 0.69
   51 S    1 -4 -2 -2 -4 -4 -4 -4 -5  1 -3 -4 -1 -4 -4  4  2 -6 -4  4    8   0   2   2   0   0   0   0   0   6   1   0   1   0   0  30  13   0   0  37  0.75 0.44
   52 T   -2 -5 -5 -6 -4 -5 -5 -6 -6 -1  5 -5 -2 -3 -5 -4  4 -5 -4 -1    2   0   0   0   0   0   0   0   0   2  67   0   0   0   0   0  25   0   0   3  1.29 0.57
   53 S   -1 -2  1  4 -4 -2  1 -3 -2 -4 -5 -3 -4 -1 -4  4  3 -5  1 -4    3   2   6  22   0   0   9   1   1   0   0   0   0   2   0  31  18   0   5   0  0.64 0.38
   54 V   -2 -2  3 -2 -3  1 -2 -1 -1  0 -1 -2 -1 -1  2  0  1 -1 -1  3    2   1  17   0   0   7   1   5   1   6   5   0   1   2   9   6  10   1   3  23  0.23 0.22
   55 T    0 -3 -1 -1 -4 -1  2  3  0 -4 -4 -3 -4 -5 -1  3  3 -5 -4 -3    6   0   2   3   0   2  14  21   2   1   1   0   0   0   3  26  19   0   0   1  0.53 0.35
   56 L    1 -3 -2 -3 -3 -2  1  2 -1  1  2 -2  0  2 -2 -1 -1 -3  0  0   11   0   1   0   0   0  10  17   2   6  23   1   2  10   1   3   4   0   3   7  0.18 0.17
   57 T    1 -4 -2 -5 -4 -3 -3 -5 -5 -1  2 -4 -1 -2 -4 -1  5 -5 -4  0   10   0   2   0   0   1   1   0   0   3  25   0   1   2   0   3  48   0   0   6  0.84 0.47
   58 G   -1 -5 -1  6 -6 -3  3  4 -4 -7 -7 -4 -6 -7 -5 -2 -4 -7 -6 -6    4   0   2  42   0   0  17  33   0   0   0   0   0   0   0   1   0   0   0   0  1.31 0.56
   59 S    3 -4  2 -1 -3 -3 -2 -3 -2  0 -3 -3 -2 -4 -3  2  3 -5  0 -1   31   0  11   3   0   0   1   0   1   6   1   0   1   0   0  17  19   0   4   5  0.50 0.35
   60 L    2 -5 -5 -5 -2 -4 -5 -5 -5  0  5 -5  0 -3 -5 -1 -2 -5 -4  3   16   0   0   0   0   0   0   0   0   3  56   0   1   0   0   4   2   0   0  17  0.87 0.43
   61 L   -1 -5 -6 -2 -4 -5 -5 -6 -4  0  5 -4  0 -1 -5 -5 -2  0  0  1    6   0   0   2   0   0   0   0   0   3  67   0   1   1   0   0   2   1   4  10  1.01 0.47
   62 A    6 -4 -2 -1 -4 -1 -1 -3 -4 -3 -2 -3 -3 -5 -4  1 -1 -6 -5 -3   69   0   1   4   0   2   3   1   0   1   4   1   0   0   0  11   3   0   0   1  1.09 0.54
   63 I   -4 -5 -6 -6 -4 -5 -6 -6 -6  4  5 -5  3 -2 -6 -5 -4 -5 -2  1    0   0   0   0   0   0   0   0   0  20  62   0   6   1   0   0   0   0   1   9  1.25 0.51
   64 D   -3 -5  1  4 -6 -3  0  6 -2 -7 -7 -3 -6 -7 -5 -3 -5 -6 -6 -6    1   0   6  26   0   1   5  59   1   0   0   1   0   0   0   0   0   0   0   0  1.48 0.59
   65 A    3 -4 -5 -5 -3 -4 -5 -4 -1  4 -1 -4  0 -2 -4 -2 -1 -5 -4  4   28   0   0   0   0   0   0   0   2  24   4   0   2   1   0   1   3   0   0  35  0.83 0.42
   66 P   -3 -2 -3 -2 -5 -1 -2 -5 -4 -5 -4  4 -3 -6  6 -1  2 -6 -5 -3    0   1   1   2   0   2   2   0   0   0   1  31   1   0  39   3  16   0   0   1  1.20 0.54
   67 V   -4 -6 -6 -6 -5 -5 -5 -6 -6 -2  1 -5 -4 -5  7 -5 -4 -7 -5  4    0   0   0   0   0   0   0   0   0   2  12   0   0   0  53   0   0   0   0  33  1.72 0.68
   68 I    0 -4 -5 -6 -4 -5 -5 -1 -4  4 -1 -3 -2 -4 -5 -4 -2 -6 -4  6    7   0   0   0   0   0   1   6   0  24   2   1   0   0   0   0   2   0   0  57  1.16 0.53
   69 A    5 -5 -4 -5 -5 -5 -5  6 -5 -3 -6 -4 -5 -6 -5 -3 -4 -6 -6 -4   44   0   0   0   0   0   0  52   0   2   0   0   0   0   0   0   0   0   0   1  1.53 0.63
   70 S    3 -4 -3 -3 -3 -3 -3 -3 -3  0 -3 -3  0 -3 -3  4  2 -4  0  2   25   0   0   1   0   0   0   1   0   5   1   0   2   1   0  33  13   0   4  14  0.59 0.38
   71 G    3 -3 -2 -1 -3 -2 -1  2 -3 -1 -2 -2 -2 -3 -1 -1  1 -2 -3  3   26   0   1   3   0   1   3  16   0   2   2   2   0   0   3   2  11   1   0  26  0.38 0.27
   72 A    2 -1 -1  2 -2  1  0  0 -1 -1 -2 -1 -1 -2  0  1  1 -3  0 -1   23   3   2  11   0   8   6   5   1   3   4   3   1   1   5  10   8   0   4   2  0.16 0.14
   73 T    1 -2  0  0 -3 -1 -1 -1 -2 -2 -3 -2 -2 -2 -1  2  4  4 -1 -2    9   1   3   6   0   1   4   5   1   2   2   1   1   1   3  18  31   6   2   2  0.41 0.26
   74 T    0  0  1  0 -2  0  0 -1  0 -2 -2  0 -1 -1  0  1  2  5  0  0    7   4   7   6   0   3   5   3   2   1   3   5   1   2   3  11  17   9   4   6  0.17 0.13
   75 P    0 -1 -1  0 -2  0 -1  1 -2 -2 -1  0 -2 -2  4 -1  1 -3 -1 -1   10   2   2   5   0   4   3  11   1   1   7   7   1   2  23   4   9   0   2   5  0.27 0.14
   76 N    0  0  2  1 -2  0  1  2  0 -2 -2  1 -1 -2 -1  0 -1 -2 -2 -2    7   3  13   8   0   4   8  17   2   3   4  11   1   2   2   7   3   0   1   3  0.15 0.09
   77 N   -1  0  2  2 -2  0 -1  0 -2 -3 -2  0 -2 -2  2  2  1 -3  0 -2    4   4  13  11   0   3   3   7   1   1   2   6   1   2  11  15  10   0   3   2  0.23 0.14
   78 R    0  2 -1 -1 -2  0  0 -1 -2  0 -1  0  0 -1  3  0  0  3  0 -1    8  15   1   3   1   3   5   4   1   6   6   5   2   3  16   5   6   5   3   5  0.18 0.10
   79 V    0 -1 -1 -1 -2  0 -1 -1 -2  1  1 -1  0  0  0 -1  0  0  1  2    6   3   2   2   0   4   3   4   1  10  15   3   2   4   4   3   7   1   7  18  0.08 0.07
   80 A    1 -1  0  1 -2  0  0  1 -2 -2 -2  0 -2 -2  2  0  2 -2  1 -2   17   2   4   7   0   3   6  12   1   2   3   6   1   1  10   6  14   0   5   1  0.17 0.12
   81 D   -1 -1  0  5 -3  0  1  0  2 -3 -2  0 -3 -2 -1  0 -1 -3  2 -3    5   3   2  34   0   3   8   6   5   1   3   7   0   2   3   5   3   0   7   1  0.40 0.20
   82 D    0 -1  1  2 -2 -1  1 -1 -1  0  1  0 -1 -1  0 -1 -1 -1  0  0    7   2   8  17   0   1   9   5   1   6  14   5   1   1   4   3   3   1   3   7  0.08 0.08
   83 Q   -1  2  1  0 -3  3  1  0 -1 -2 -2  2 -1 -3  1  0 -1 -3 -1 -1    5   9   7   4   0  16   8   7   1   2   4  14   1   1   8   5   3   0   2   4  0.20 0.13
   84 G    0 -2  0  2 -3 -1  0  5 -2 -3 -3 -1 -3 -3  0 -1 -2  1 -1 -3    7   2   4  11   0   2   5  44   1   2   2   4   0   1   4   3   2   2   2   2  0.54 0.23
   85 F   -2 -3 -2  0 -3 -1 -1 -1  0 -2  0  0 -2  6 -3 -2 -2  0  3 -2    4   1   2   5   0   3   3   4   3   1   8   8   0  41   1   3   1   1   8   2  0.59 0.27
   86 L   -1 -3 -3 -1 -3 -2 -3 -2 -3  0  2 -3  1  5  1 -1 -2 -2 -1  0    4   1   1   4   0   1   2   3   0   4  24   1   3  32   8   4   2   0   1   4  0.46 0.24
   87 R    1  1 -1  0 -3  1  1  0  0 -1 -2  1 -2 -3  2  1  1 -3 -2 -1   12   9   2   6   0   5   7   5   2   3   3   9   1   1  11  10  11   0   1   3  0.17 0.12
   88 Q   -1 -1 -1  2 -4  5  0 -1  1 -4 -3  0 -3 -2  3  0 -2  0  1 -2    4   2   2  10   0  32   3   5   3   0   2   4   0   1  15   5   2   1   5   2  0.53 0.33
   89 W   -4 -5 -6 -5 -5 -5 -5 -5 -2 -1  0 -5 -3  0 -6 -4 -2 11  5  1    1   0   0   1   0   0   1   1   1   3  10   1   0   2   0   1   3  47  18  10  1.99 0.68
   90 S    2  0 -2 -1 -3  0  0  0 -1 -2  0  0 -1 -1  0  1  0 -1  2 -1   20   4   1   3   0   5   5   7   1   1  14   6   1   1   4  12   4   1   8   3  0.10 0.13
   91 K    1  0  0  4 -4  0  2 -1  0 -2 -3  2 -3 -4  0  1 -1 -4 -4 -3   11   4   4  26   0   3  12   3   2   2   2  14   0   0   4  10   2   0   0   1  0.40 0.24
   92 V   -1 -1 -2  1 -3 -1  0 -2  3  1 -1  0 -2 -2 -1 -2 -2 -4  0  4    3   4   1  10   0   2   5   3   9   8   5   8   0   0   2   1   1   0   4  33  0.28 0.23
   93 A    4 -1 -3 -1 -3 -2 -1  2 -2  1 -1  0 -2 -2 -2 -1 -2 -4 -3 -1   39   3   1   4   0   1   5  17   0  10   6   5   0   2   2   2   1   0   1   2  0.37 0.27
   94 K    0  1 -2  2 -4  1  0  0 -2 -2 -1  3 -2 -4 -3 -1  2 -4 -3 -1   10   7   1  11   0   6   5   6   1   2   8  22   0   0   1   3  16   0   1   4  0.24 0.21
   95 E    1  0 -1  3 -4  2  3 -1 -2 -2 -4  1 -3 -4 -2  0 -1 -4 -1 -1   13   5   1  14   0   9  26   4   0   3   1   7   0   0   1   5   3   0   2   5  0.36 0.25
   96 R    0  4 -1  1 -4  1  1  2 -2 -2 -2  2 -3 -4 -2 -1 -1 -4 -3 -3    8  23   2   8   0   8   8  16   1   3   3  12   0   0   2   2   4   0   0   1  0.33 0.20
   97 K    0 -1 -1 -1 -3 -1 -1  3  0  0 -1  1  3 -2  0 -1  0 -3  0  0    7   1   2   3   0   2   2  24   3   8   3   9  10   1   4   4   5   0   5   6  0.16 0.14
   98 L   -1 -2 -1 -1 -2 -1  1 -2 -3  0  1  0 -1 -2 -1 -2  2 -3 -2  3    5   1   2   4   0   3  10   2   0   4  11   7   0   1   2   2  13   0   1  32  0.24 0.19
   99 Q    0 -1  1  0 -3  1  2  1 -1 -1 -2  1 -2 -2 -1  0  0 -2 -2 -1    7   2   8   5   0   5  15  14   1   4   3  12   1   1   2   8   7   1   1   4  0.14 0.10
  100 R    0  1 -1 -3 -3 -2 -2 -2 -3  0 -1  0 -1 -1  1 -1 -1  0 -1  4    7   8   3   1   0   1   2   2   0   3   5   7   1   2   7   4   4   1   1  39  0.28 0.21
  101 L   -1 -3 -2 -3 -3 -1 -1  3 -1  0  3 -1  0 -2 -3 -2 -1 -3 -1  0    3   1   1   1   0   2   5  30   1   4  31   4   2   1   1   2   3   0   2   5  0.34 0.21
  102 Y   -2 -2 -2 -1 -3 -1  0 -2  0 -2 -1 -2  0 -1  1 -1  2  5  5  1    2   2   2   4   0   2   5   3   2   2   4   2   2   1   8   5  15   8  22  10  0.37 0.23
  103 I    1  0 -1 -2 -2  1  0 -1 -2  2  1 -1  0 -2  1  0 -1  0 -2  1   15   6   2   1   0   7   5   5   1  18  12   1   1   1   7   5   3   1   1  10  0.09 0.09
  104 G    0 -2  3  0 -3 -1 -2  4 -2 -3 -2 -1 -2 -1 -1  1  1 -3 -3 -3    8   1  16   4   0   2   2  33   0   0   3   2   1   3   3   9  11   0   0   1  0.41 0.20
  105 E   -2 -2  0  0 -4  5  5 -1 -2 -4 -4  0 -3 -3 -3  1  0 -4 -4 -4    1   1   4   3   0  29  37   4   0   0   1   3   0   1   1   9   5   0   0   1  0.78 0.36
  106 P   -1 -5 -5 -3 -5 -3 -4 -5 -5  0 -1 -4 -2  3  7 -4 -4 -5 -4  1    4   0   0   1   0   1   0   0   0   5   5   0   1  11  60   0   0   0   0  11  1.51 0.50
  107 S   -4 -3  7  5 -6 -3 -2 -4 -3 -6 -6 -3 -5 -6 -5  2 -3 -7 -5 -6    0   0  52  33   0   0   1   0   0   0   0   0   0   0   0  14   0   0   0   0  1.58 0.57
  108 A    1 -4 -5 -5 -3 -4 -5 -5 -4  3  4 -3  3  0 -5 -4 -2 -4  0  1   12   0   0   0   0   0   0   0   0  15  53   1   7   2   0   0   1   0   3   6  0.75 0.33
  109 E   -4 -4 -4 -1 -7  0  8 -6 -4 -7 -6 -2 -6 -7 -5 -4 -4 -6 -6 -6    0   0   0   1   0   2  95   0   0   0   0   1   0   0   0   0   1   0   0   0  2.28 0.75
  110 A    5 -2 -3 -3 -3 -1  0 -3 -4 -3 -2  3 -1 -3 -3  0  0 -5 -4 -1   54   1   0   0   0   2   6   0   0   0   4  18   2   1   0   4   5   0   0   3  0.67 0.36
  111 V   -1 -5 -6 -6 -4 -5 -5 -6 -6  6  1 -5 -1 -3 -5 -5 -3 -5 -4  4    5   0   0   0   0   0   0   0   0  59  11   0   1   0   0   0   0   0   0  25  1.27 0.46
  112 A    4 -3 -2 -3 -3 -3 -2 -2 -3  1  2 -3  1 -2 -3  0  0 -1  2  0   43   0   1   0   0   0   1   1   0   9  19   0   3   1   0   7   4   1   7   3  0.43 0.28
  113 A    4 -1 -2 -3 -3  0  0  1 -3 -2 -2  1 -3 -4 -3  1 -1 -4 -2 -2   46   3   1   0   0   4   6   8   0   2   3  10   0   0   0  11   2   0   1   2  0.45 0.28
  114 Q    1 -3 -4 -4 -4  2  0 -5 -1 -1  4 -3  1 -1 -4 -3 -2 -4 -1 -1   13   0   0   1   0  11   5   0   1   2  57   0   2   2   0   1   1   0   2   2  0.63 0.34
  115 M    0  0  1  1 -5  2  2 -3 -1 -4 -4  5  1 -5 -3 -1 -2 -5 -4 -4   10   2   7   9   0  11  12   0   1   0   0  42   4   0   0   1   1   0   0   1  0.69 0.34
  116 P   -3 -6 -6 -5 -7 -5 -5 -6 -6 -7 -7 -5 -6 -8  9 -5 -5 -8 -7 -6    2   0   0   0   0   0   0   0   0   0   0   0   0   0  98   0   0   0   0   0  3.22 0.87
  117 D   -5 -5 -1  8 -7 -4  0 -5 -5 -7 -7 -4 -7 -7 -5 -4 -5 -8 -7 -7    0   0   1  94   0   0   5   0   0   0   0   0   0   0   0   0   0   0   0   0  2.53 0.75
  118 L   -4 -5 -6 -7 -4 -5 -6 -7 -6 -1  6 -5  0 -1 -6 -5 -1 -5 -4 -1    0   0   0   0   0   0   0   0   0   1  91   0   1   1   0   0   4   0   0   2  1.63 0.57
  119 I   -5 -6 -7 -7 -4 -6 -7 -7 -7  8  0 -6 -2 -3 -6 -6 -4 -6 -5  1    0   0   0   0   0   0   0   0   0  90   4   0   0   0   0   0   0   0   0   6  2.09 0.65
  120 L   -3 -5 -6 -6 -4 -5 -5 -6 -5  5  3 -5 -1 -1 -5 -5 -3 -4  0  4    0   0   0   0   0   0   0   0   0  41  29   0   0   1   0   0   0   0   4  25  1.03 0.39
  121 I    3 -4 -3 -3 -3 -3 -3  4 -4  1 -2 -3  0 -3 -3  0 -1 -4 -2  2   25   0   0   0   0   0   0  31   0  11   2   0   3   0   0   8   2   0   1  15  0.48 0.26
  122 S    1 -3  3  2 -3 -2 -2  0 -2 -3 -4 -2 -2 -4 -2  4  1 -4 -3 -3   13   0  13  12   0   0   1   5   0   1   1   1   1   0   2  42   6   0   0   1  0.58 0.29
  123 A    2  0 -2 -2 -3  0  0  0 -2 -2 -2  4 -1 -3 -1  1  0 -1 -2 -1   21   2   1   1   0   4   6   5   0   2   2  31   1   1   2  12   4   1   1   3  0.30 0.19
  124 T    0 -2 -1 -2 -2  0 -2 -2 -2  1  0 -1  1  0 -2  0  3 -2 -1  2    6   2   3   2   0   5   1   2   0   5  10   2   5   4   1   8  24   0   2  17  0.17 0.13
  125 G   -2  4 -2 -2 -3 -2 -2  5 -2 -3 -3 -1 -2  0 -2 -1 -2 -2  0 -2    2  26   1   1   0   1   2  44   1   1   2   1   1   5   1   3   1   0   3   2  0.68 0.24
  126 G    2 -1  1 -1 -3  0 -1  3  5 -2 -2 -1 -2 -1 -2 -1 -2  0 -1 -2   23   2   7   2   0   5   2  20  18   2   2   3   1   3   1   3   1   1   1   2  0.35 0.18
  127 D   -2 -2  0  5 -4 -1  3  0 -1 -4 -4 -2 -3 -4  0 -1 -2 -4 -1 -3    1   1   4  40   0   1  25   9   1   1   1   1   0   1   5   4   1   0   2   2  0.73 0.29
  128 S    0  3  0 -1 -2  1  0 -1 -1 -2 -3  1 -2 -3 -2  3  0  2 -1 -2    5  21   3   2   0   7   4   3   1   2   2   6   0   1   1  33   3   3   2   1  0.36 0.19
  129 A    3 -2 -1  1 -2  1 -1 -2  3 -1 -1 -1 -2 -1 -2  0  0 -3 -2  0   33   1   1  10   0   8   3   2  11   4   4   1   1   3   1   3   6   0   1   8  0.23 0.15
  130 L    0  0 -1 -1 -2  1  1 -1 -1  0  1  1  0 -1  0  0  0 -2 -1  0   10   6   1   2   1   6  12   4   1   5  18   9   3   1   3   4   4   0   2   7  0.05 0.05
  131 A    2 -1 -1  2 -3  0  1  0 -2 -4 -4  3 -2 -4  1  0 -1 -4 -3 -3   20   2   2  13   0   4  10   5   0   0   1  26   0   0   5   7   3   0   0   0  0.36 0.21
  132 L   -1 -2 -1 -3 -3  1 -2 -3  1  4  2 -2  0  0 -4 -1 -1 -3  0  2    5   2   3   0   0   8   1   1   5  28  19   1   0   3   0   5   2   0   4  13  0.27 0.18
  133 Y   -4 -1 -6 -7 -6 -5 -6 -7 -1 -1 -1 -4 -4  0 -6 -5 -5 -2  9 -1    1   3   0   0   0   0   0   0   1   3   5   0   0   2   0   0   0   0  81   5  2.32 0.72
  134 D    0 -2  1  5 -5  1  3 -2 -2 -4 -5  1 -4 -5  1  0 -2 -5 -4 -4    8   1   5  34   0   5  23   3   0   0   0   8   0   0   7   5   2   0   0   0  0.67 0.30
  135 Q   -1 -1 -2  0 -5  7  2 -4 -1 -5 -3  2 -3 -5 -4 -2 -1 -5 -4 -4    3   1   1   4   0  55  15   0   1   0   3  10   0   0   0   1   4   0   0   0  1.13 0.47
  136 L   -4 -5 -6 -6 -4 -5 -5 -6 -5  1  6 -5 -1  0 -5 -5 -4 -4 -3 -1    0   0   0   0   0   0   0   0   0   5  88   0   0   3   0   0   0   0   0   1  1.51 0.52
  137 S    0 -1  0 -2 -4  2 -1 -3 -3 -4 -4  2 -1 -5 -1  5  0 -5 -4 -4    6   3   4   1   0   8   2   0   0   0   0  13   2   0   2  54   3   0   0   0  0.75 0.38
  138 T    3  0 -1  0 -4  4  1 -2 -3 -4 -3  3 -2 -4 -1  0 -1 -4 -2 -3   32   2   1   4   0  24   6   1   0   0   1  17   0   0   2   5   2   0   1   1  0.52 0.31
  139 I   -4 -5 -4 -2 -4  0 -5 -4 -6  7 -1 -5  1 -3 -6 -5 -4 -6 -4  0    1   0   1   2   0   5   0   2   0  81   2   0   2   0   0   0   0   0   0   3  1.61 0.57
  140 A    6 -5 -5 -5 -4 -4 -4 -2 -5 -3 -4 -4 -2 -3 -4 -1 -3 -6 -3  1   85   0   0   0   0   0   0   2   0   1   0   0   1   1   0   1   0   0   1   9  1.48 0.58
  141 P   -4 -6 -6 -5 -7 -5 -3 -6 -6 -7 -7 -1 -6 -7  9 -4 -5 -8 -7 -6    1   0   0   0   0   0   1   0   0   0   0   4   0   0  94   0   0   0   0   0  3.02 0.83
  142 T   -2 -5 -4 -5 -4 -4 -4 -5 -5 -3 -4 -4 -1 -5 -4 -1  7 -6 -5  2    3   0   0   0   0   0   0   0   0   1   0   0   1   0   0   1  82   0   0  13  1.74 0.66
  143 L   -3 -5 -5 -5 -3 -4 -2 -5 -5  3  2 -5  0 -2 -5 -4 -3 -5 -3  6    0   0   0   0   0   0   4   1   0  17  18   0   2   1   0   0   0   0   1  58  1.03 0.42
  144 I    0 -4 -4 -5 -3 -4 -3 -5 -4  2  1 -4  3  4 -4 -2 -2 -3  0  4    7   0   0   0   0   0   2   0   0   8  14   0   7  21   0   2   1   0   2  35  0.61 0.29
  145 I    0 -3 -3 -3 -3 -3 -3 -3 -2  3  2 -3 -1 -1 -4  1  1 -4 -2  3    8   0   0   1   0   0   1   0   1  15  24   0   0   2   0  15   8   0   1  24  0.36 0.23
  146 N   -2 -1  4  4 -5 -1  4 -2 -1 -1 -5  0 -4 -5  0  0 -2 -5 -4 -4    2   2  19  27   0   1  26   3   1   4   0   5   0   0   5   4   0   0   0   0  0.68 0.32
  147 Y   -2  0  0 -1 -4 -2  0 -2  0 -2 -1 -1 -3  0 -4  0  3  2  6 -2    1   6   4   3   0   0   5   3   1   2   4   3   0   2   0   8  19   3  34   2  0.53 0.29
  148 D   -1  1 -1  3 -3 -1  0  0 -3 -2  0 -1 -1 -3  2  1  1 -4 -3 -1    2   9   2  18   0   1   4   9   0   1  13   1   1   0  10  14  11   0   0   5  0.20 0.16
  149 D   -1  1  2  3 -4 -1  1  2  0 -3 -2  0 -3 -3  0  0 -1 -4 -2 -1    4   9   9  18   0   1   8  21   2   1   4   3   0   1   4   5   2   0   1   6  0.24 0.15
  150 K    0  0 -1 -1 -3  2  0  2  0 -2 -2  2 -2  0  1  0  0 -3  0 -2    6   3   1   3   0  12   6  20   2   1   3  18   1   5   6   4   5   0   4   2  0.21 0.15
  151 S   -1 -2  1  3 -3 -1  0 -2 -1 -3 -4 -2 -3 -4  1  4  3 -5 -4 -2    2   1   5  17   0   2   5   2   2   0   0   1   0   0   7  32  20   0   0   2  0.53 0.29
  152 W   -6 -6 -7 -8 -6 -6 -7 -6 -6 -6 -5 -7 -2  2 -7 -6 -6 12  3 -6    0   0   0   0   0   0   0   0   0   0   0   0   1   7   0   0   0  83   7   0  3.98 0.96
  153 Q   -3  2 -2 -2 -5  6  1 -4 -1 -2 -5  5 -2 -5 -3 -2 -1 -5 -4 -4    1   8   1   1   0  37   6   1   1   2   0  37   1   0   1   0   3   0   0   0  1.03 0.44
  154 S   -1 -1  0  5 -5  3  4 -2 -2 -3 -5 -2 -4 -5 -3 -1 -2 -5 -5 -4    5   2   4  34   0  13  32   3   0   1   0   1   0   0   1   3   1   0   0   1  0.88 0.38
  155 L   -2 -2  5 -2 -4  1 -2 -4  2  0  2 -2 -1 -3 -4 -1  1  0 -3 -1    1   0  34   1   0   7   1   0   6   6  25   2   1   0   0   3   9   2   0   3  0.49 0.30
  156 L    2 -4 -4 -4 -3 -3 -3 -4 -3  1  3 -4  0  4 -4 -1  0 -3  0  0   20   0   0   0   0   0   1   0   0   6  29   0   1  23   0   3   7   0   3   6  0.48 0.26
  157 T    0  2 -1 -1 -4  2  2 -3 -2 -2  0  2  0 -4 -3  0  3 -4 -3 -2    5  13   2   3   0   8  14   1   0   2   8  18   2   0   0   3  21   0   0   1  0.31 0.22
  158 Q   -2 -1 -3 -3 -3  3  1 -4 -3  0  3 -1  2  0 -4 -2  1 -3 -2  0    1   2   0   0   0  16  12   0   0   4  38   3   5   4   0   2   8   0   1   3  0.36 0.25
  159 L   -2 -4 -2 -3 -3 -3 -4 -5  0  3  3 -4  2  0 -4 -3 -1 -1  4  1    1   0   2   2   0   0   0   0   2  16  37   0   5   3   0   1   4   1  18   8  0.55 0.28
  160 G    4 -4 -3 -4 -4 -4 -4  5 -4 -5 -5 -4 -4 -5 -4 -1 -2 -5 -5 -4   44   0   0   0   0   0   0  51   0   0   0   0   0   0   0   3   2   0   0   0  1.31 0.50
  161 E    0  1 -1  2 -5  3  4 -3 -1 -4 -4  3 -3 -4 -3 -1 -1 -5 -3 -2    7   5   1  11   0  14  28   0   1   0   1  23   0   0   0   3   4   0   0   2  0.58 0.30
  162 I    6 -3 -4 -3 -3 -4 -4 -2 -3  2 -2 -3 -1 -3 -4 -1 -2 -5 -4  1   69   1   0   1   0   0   0   1   0  11   2   1   1   1   0   2   1   0   0  10  0.96 0.46
  163 T   -2 -4 -4 -5 -3 -4 -4 -5 -4  0  4 -4  1  1 -4 -2  3 -4 -3  2    2   0   0   0   0   0   0   0   0   4  44   0   2   7   0   1  25   0   0  16  0.70 0.35
  164 G   -3 -4  4  0 -5 -4 -3  6  1 -6 -6 -4 -5 -6 -5 -2 -4 -6 -4 -6    0   0  20   5   0   0   1  69   4   0   0   0   0   0   0   1   0   0   0   0  1.52 0.53
  165 H   -2  3 -2 -3 -3  1  0 -4  4 -3  0  5 -1 -4 -4 -3 -2 -5 -3 -3    2  16   0   0   0   6   5   0  11   1  12  43   1   0   0   0   1   0   0   1  0.74 0.37
  166 E   -1 -2 -3  0 -5  1  6 -3 -3 -5 -5  1 -4 -6 -1 -1  1 -5 -5 -4    5   1   0   3   0   5  65   2   0   0   0   7   0   0   2   3   7   0   0   1  1.12 0.48
  167 K    3 -1 -1  3 -4  1  3 -2 -3 -4 -4  2 -3 -5 -3  0  0 -5 -4 -3   25   1   1  20   0   6  19   1   0   0   0  17   0   0   0   5   5   0   0   1  0.51 0.29
  168 Q   -2  0 -1  1 -5  4  5 -3 -2 -4 -2  3 -3 -5 -3 -2 -2 -5 -4 -1    3   3   2   7   0  21  37   1   0   0   3  17   0   0   0   0   0   0   0   5  0.73 0.36
  169 A    5 -4 -4 -4 -3 -3 -4  3 -4 -3 -4 -3  2 -3 -4 -1 -1 -5 -1 -1   60   0   0   0   0   0   0  19   0   0   0   0   7   1   0   3   3   0   2   4  0.91 0.44
  170 A    1  0  0  2 -4  3  3 -2 -2 -4 -4  2 -2 -5 -2 -1  0 -5 -4 -2   15   4   3  12   0  14  25   2   0   0   0  15   0   0   1   1   5   0   0   2  0.47 0.26
  171 E    3  1 -1 -1 -4  4  2 -3 -2 -4 -3  2 -3 -5 -3  0  0 -4 -4 -3   25   6   2   3   0  21  16   0   0   0   1  16   0   0   0   3   5   0   0   1  0.51 0.30
  172 R    1  1 -3 -3 -3 -1 -2 -3 -1  1  2  1  0  0 -3 -2 -1  0 -2  3   14  11   1   0   0   2   1   0   1   6  25   8   0   3   0   1   2   1   0  23  0.24 0.19
  173 I   -3 -4 -5 -5 -3 -4 -4 -5 -5  5  4 -4  2 -1 -5 -4 -1 -1 -3  1    0   0   0   0   0   0   1   0   0  39  40   1   4   1   0   1   4   1   0   8  0.88 0.37
  174 A    4 -1  1  2 -3  2  1  0 -2 -4 -4  1 -3 -4 -3  1  0 -5 -4 -2   40   1   7  11   0   9   6   4   1   0   0   7   0   0   0   6   7   0   0   1  0.43 0.27
  175 Q    1  1  0  4 -4  2  2 -1 -1 -4 -4  1 -3 -5 -3 -1 -1 -5 -4 -3   16   7   4  29   0   9  16   4   1   0   0   8   0   0   0   3   3   0   0   0  0.51 0.26
  176 F   -5 -5 -5 -6 -5 -5 -5 -6  4 -3 -3 -5 -4  6 -6 -5 -5  5  7 -3    0   0   0   0   0   0   0   0   9   0   1   0   0  37   0   0   0   7  45   1  1.89 0.61
  177 D   -1 -1  1  5 -5  1  3 -3  0 -5 -5  0 -4 -5 -3 -1 -1  2 -2 -4    5   2   7  40   0   7  22   0   2   0   0   5   0   0   0   1   4   3   1   0  0.79 0.35
  178 K    2  1  0  2 -4  4  1 -3 -1 -4 -4  3 -3 -5 -3  0  0 -5 -4 -3   17   8   2  12   0  21   6   1   1   0   0  22   0   0   0   4   6   0   0   0  0.49 0.28
  179 Q   -2  6 -2 -3 -5  3 -1 -4  2 -4 -3  2 -3 -2 -4 -2 -2  0  1 -3    2  51   0   1   0  13   1   0   4   0   2  13   0   1   0   1   2   1   6   2  0.95 0.41
  180 L    2 -4 -4 -4 -3 -2 -2 -4 -4  3  1 -4  2 -3 -4 -3 -1 -4 -3  4   20   0   0   0   0   1   2   0   0  21  14   0   5   0   0   0   4   0   0  34  0.58 0.30
  181 A    4 -1  1  1 -3  1  2 -2 -3 -4 -4  1 -3 -5 -3  0  0 -5 -4 -2   41   2   6   9   0   6  17   1   0   0   0   9   0   0   0   3   5   0   0   1  0.50 0.30
  182 A    2 -2  0  3 -4  3  4 -1 -1 -4 -4  2 -3 -5 -3  0 -1 -5 -3 -3   19   0   2  15   0  12  28   3   1   0   1  11   0   0   0   5   3   0   1   0  0.52 0.29
  183 A    0 -4 -4 -5 -2 -3 -4 -4 -4  2  3 -4  0  3 -4 -2  0  0 -1  3    9   0   0   0   0   1   0   0   0  12  28   0   1  13   0   2   7   1   1  25  0.45 0.24
  184 K    1  3 -3 -3 -5  0 -2  1 -2 -5 -5  6 -4 -5 -4 -1 -2 -5 -4 -4   10  15   0   0   0   4   0  11   1   0   0  54   0   0   0   4   2   0   0   0  0.91 0.41
  185 E    2 -1  1  1 -4  4  2 -1 -2 -4 -4  1 -3 -4 -3  0  0 -4 -3 -3   22   2   5   9   0  20  16   4   0   0   0  10   0   0   0   5   5   0   0   0  0.44 0.26
  186 Q    2  1  0  0 -3  2  1 -1  0 -2 -2  3 -2 -4 -2  0  0 -4 -3 -2   19   8   4   4   0  11   7   2   2   2   3  25   0   0   0   6   4   0   0   2  0.29 0.19
  187 I   -1 -4 -4 -5 -3 -4 -4 -4 -3  5  4 -4  3 -1 -4 -4 -2 -4 -2  1    5   0   1   0   0   0   1   1   1  36  36   1   9   1   0   0   1   0   1   6  0.74 0.32
  188 K   -1  0  0 -1 -3  1  0  4 -2 -3 -3  2 -2 -4 -1  0  2 -4 -3 -2    4   5   4   3   0   5   4  31   1   1   1  16   1   0   3   4  15   0   0   2  0.36 0.21
  189 L    1 -2  0  3 -3 -1  1 -1 -1  0  1  0 -1 -3  1 -1 -1 -3 -3  0   12   1   5  21   0   0   9   4   1   4  20   5   1   0   6   2   2   0   0   7  0.17 0.14
  190 P   -1  1 -1 -1 -4 -1 -1 -1 -2 -4 -3  4 -3 -5  6  0 -2 -5 -4 -3    5   8   2   3   0   2   2   4   1   0   2  27   0   0  36   6   1   0   0   2  0.83 0.35
  191 P    1  0 -1  0 -3  0  1 -1 -1 -1  0  0 -2 -3  4 -1  0 -4 -3 -1   14   4   2   4   0   3  10   4   1   4  11   5   0   1  22   3   7   0   0   3  0.27 0.16
  192 Q   -1 -1  2  0 -4  4  1  3 -1 -4 -4  2 -3 -3 -2 -1 -2  4 -2 -4    3   1  12   5   0  24   7  21   1   0   1  12   0   1   2   3   1   6   1   0  0.51 0.29
  193 P   -1 -1  0  0 -4  2  0  1 -2 -4 -3  1 -1 -4  5  0  1 -4 -4 -3    4   3   3   6   0   9   5  10   1   0   2   7   2   0  32   4  10   0   0   0  0.57 0.26
  194 V    0 -1 -2 -2 -3 -1  1 -1 -3  1 -1  1  0 -2 -1 -1  2 -4 -3  3    6   4   0   1   0   2   9   6   0   5   4   9   2   1   3   1  20   0   0  28  0.21 0.19
  195 T   -1 -2  2 -2 -3 -1  0 -3 -1  0 -2  0 -2 -2 -3  3  3 -4 -3  2    1   1  10   1   0   2   6   1   1   5   1   5   0   2   0  28  18   0   0  18  0.33 0.25
  196 A    3 -4 -3 -4 -3 -3 -3 -3 -4  2 -1 -3 -1  0 -2  2 -1 -4 -2  3   25   0   1   0   0   0   0   1   0  15   4   0   1   4   1  21   1   0   1  26  0.45 0.30
  197 I   -1 -4 -4 -4 -3 -2 -4 -4 -4  3  2 -4  4  0 -4  2 -1 -4 -1  3    2   0   0   0   0   1   0   0   0  14  18   0  11   4   0  20   2   0   2  25  0.51 0.32
  198 V    0 -2 -3 -5 -3 -4 -4 -2 -4  2  1 -3  1  2 -4  0 -1 -4 -3  5    8   2   0   0   0   0   0   3   0  10  11   1   3   8   0   9   2   0   0  43  0.52 0.32
  199 Y   -2  2 -3 -3 -4 -2 -3  0 -2  0  1 -3  0  1 -3 -2 -2  0  5  2    2  16   1   1   0   1   0   7   0   5  12   0   2   6   1   2   1   1  25  17  0.43 0.29
  200 T   -1  3  3 -2 -4 -1 -2 -1 -1 -2 -3 -2  0  3 -2  0  2 -3  1 -1    3  18  19   0   0   2   1   3   1   1   1   0   3  17   2   5  13   0   5   5  0.35 0.27
  201 A    1 -3 -1 -3 -3 -1 -1  1 -2  0 -1 -3  2  4  0  0 -1 -3 -1  1   11   1   3   1   0   2   4  12   1   6   4   0   7  23   4   7   2   0   1  11  0.21 0.19
  202 A    1  2 -1  1 -2  0 -1  0 -2 -2 -2 -1  2 -2  2  1  0  0 -1 -1   16  15   1   9   1   3   2   6   0   1   2   1   7   1  12  11   5   1   2   3  0.21 0.18
  203 A    2 -3  0  0 -2 -1  1  4 -4 -5 -5 -2 -4 -5  3  0 -2 -5 -5 -4   16   0   4   5   1   2  11  38   0   0   0   1   0   0  15   5   2   0   0   0  0.71 0.36
  204 H   -1  0  1  4 -4  1  0  2  1 -3 -4  1 -3 -4 -2 -1  0 -4 -1 -3    3   5   6  27   0   6   4  16   4   1   1  11   0   0   2   3   6   0   3   2  0.37 0.22
  205 S    0  0  1 -1 -3  1  0  2  2 -3 -3  1 -2 -2 -1  2  2 -2 -1 -2    7   3   5   3   0   7   5  15   7   1   1   8   0   1   2  16  14   0   2   3  0.21 0.16
  206 A    2 -3  0 -3 -2 -2 -3 -2 -3  2  0 -2  2  2 -1 -1  0 -2  1  2   18   1   6   0   0   1   0   1   0  14   8   1   6  11   3   1   7   0   6  15  0.21 0.18
  207 N   -1  6  4 -3 -5 -1 -3 -2 -3 -5 -4 -1 -1 -3  0  0 -2  3  0 -3    4  44  19   1   0   1   0   3   0   0   1   0   2   1   4   9   2   4   4   1  0.83 0.44
  208 L    0 -5 -5 -6 -3 -5 -5 -5 -5  5  4 -5  0  0 -5 -3 -2 -4 -2  2    9   0   0   0   0   0   0   0   0  33  36   0   1   3   0   2   1   0   1  14  0.81 0.38
  209 W    0 -2 -5 -4 -5 -2 -5 -1  3 -2 -3 -5  1  2 -6 -3 -4  7  8 -2    7   2   0   1   0   2   0   5   6   2   2   0   3   6   0   2   1  13  49   2  1.39 0.57
  210 T    0  0 -1 -2 -3  1 -2  2  1 -3 -1  0  0 -2 -1  0  3 -3  1 -1    5   6   3   2   0   7   1  14   3   0   8   4   3   1   3   4  28   0   7   3  0.22 0.21
  211 P    1  0  1  0 -4  1  1 -2 -1 -3 -3  2  0 -4  3  1  1 -5 -4 -3   12   4   5   4   0   6  10   1   1   0   2  15   2   0  17  10   9   0   0   1  0.36 0.23
  212 E    1 -1  3  3 -4  0  2  1 -1 -3 -3  0 -3 -2 -3  0  0 -4 -2 -2   11   1  14  17   0   3  15  10   1   1   2   7   0   2   0   7   6   0   1   2  0.30 0.20
  213 S   -1 -2 -1 -2 -4 -3 -3  1  0 -5 -5 -3 -3 -2 -4  6  2 -5 -4 -3    3   2   2   1   0   0   1   9   2   0   0   0   0   2   0  65  10   0   0   1  1.06 0.54
  214 A    2 -2 -3 -5 -5 -5 -5 -3 -4 -3 -2 -4 -3  6  2 -2 -3  0  4 -2   20   2   1   0   0   0   0   1   0   0   2   0   0  42  12   2   1   1  13   2  1.03 0.48
  215 Q    1 -2 -2 -2 -1  4 -2 -1  3  1 -1 -2 -2 -1 -1  2  0 -4 -3 -1   12   1   1   2   1  25   0   3   7   9   6   0   0   2   3  19   6   0   0   2  0.33 0.29
  216 G    1 -5 -4 -2 -5 -5 -5  7 -5 -6 -7 -5 -6 -6  0 -1 -4 -6 -6 -4   12   0   0   2   0   0   0  77   0   0   0   0   0   0   5   4   0   0   0   1  1.71 0.64
  217 Q   -1  1 -2 -1 -3  2  0 -1 -2  1 -1  1 -1 -1 -1  1  1 -4 -2  1    3  10   0   2   0  12   4   4   0  10   2  10   1   2   2  13  11   0   1  13  0.15 0.17
  218 M   -3 -5 -6 -6 -4 -4 -3 -6 -5  5  3 -5  1  0 -5 -5 -3 -5 -3  3    0   0   0   0   0   1   2   0   0  35  33   0   3   3   0   0   0   0   0  22  0.98 0.42
  219 L   -4 -5 -7 -7 -5 -5 -6 -6 -6  0  6 -6  0  3 -6 -6 -4 -4 -3 -1    1   0   0   0   0   0   0   0   0   3  81   0   1  12   0   0   0   0   0   3  1.53 0.61
  220 E    1 -1  1  1 -4  2  2 -1  1 -4 -4  2 -3 -5 -3  1  1 -5 -3 -3   12   2   7   8   0  12  14   4   3   0   0  16   0   0   0  10  11   0   0   0  0.37 0.25
  221 Q    0 -2 -2  5 -5  4  3 -4 -3 -5 -5  0 -2 -6 -4  0 -2 -6 -5 -3    9   2   1  35   0  20  20   0   0   0   0   4   1   0   0   7   2   0   0   1  0.87 0.44
  222 L    0 -5 -6 -6 -4 -5 -5 -6 -5  2  5 -5  1 -3 -5 -4 -2 -5 -4  2    8   0   0   0   0   0   0   0   0  11  63   0   2   0   0   0   1   0   0  14  1.06 0.47
  223 G   -3 -6 -4 -5 -6 -5 -4  7 -6 -7 -7 -5 -6 -7 -6 -4 -5 -6 -6 -7    0   0   0   0   0   0   1  97   0   0   0   0   0   0   0   0   0   0   0   0  2.48 0.81
  224 F   -5 -5 -6 -6 -5 -6 -6 -6 -5  1  3 -6 -1  8 -6 -5 -5  0  1 -1    0   0   0   0   0   0   0   0   0   6  26   0   1  59   0   0   0   1   3   2  1.59 0.58
  225 T    1  0 -1  1 -3  2  1 -1 -1 -3 -3  2 -3 -4  1  0  2 -4 -3 -2   14   4   2   7   0   8   7   3   1   1   2  18   0   0   7   5  19   0   0   3  0.28 0.21
  226 L   -3  5 -2 -4 -4 -2 -2 -3 -1  0  2 -2  1 -2  1 -2 -3  1  0  0    1  39   1   0   0   1   1   1   1   5  21   0   3   1   7   3   1   2   3   8  0.55 0.33
  227 A    3 -2 -2 -2 -4 -3  0 -2 -3 -4 -4 -3 -4 -5  6 -1 -2 -5 -5 -1   31   2   2   2   0   0   5   2   1   0   1   0   0   0  44   4   1   0   0   4  1.10 0.47
  228 K    0  0 -1  1 -3  0  3 -1 -2 -2 -2  2 -2 -3  4  0  0 -3 -3 -2    9   3   2   8   0   3  21   5   0   2   3  12   1   1  18   4   6   0   0   2  0.35 0.19
  229 L    1 -1  0 -1 -2 -1 -1  0 -2  0  1 -1  0 -1  2  0 -1 -2 -1  1   11   3   4   3   0   2   3   8   1   7  18   3   2   1  13   8   2   0   2   9  0.10 0.08
  230 P   -1 -1 -1  0 -3  3  0 -2  0 -2 -2 -1 -1  0  5 -1 -1 -2 -2  0    3   2   3   5   1  19   4   3   2   2   4   2   2   4  28   4   4   0   1   8  0.45 0.20
  231 A    2 -1  0  3 -2  1  2 -1 -2 -2 -2  0 -1 -2  1  0  0 -2 -2 -1   22   2   4  17   1   5  13   3   1   1   4   4   2   1   8   4   4   0   1   3  0.22 0.13
  232 G    1  0  1  1 -2  0  1  1 -1 -1 -1  1 -1 -2 -1  1  0 -2 -2  0   12   3   7  10   1   2   9  10   1   4   4  11   1   1   2  10   6   1   1   6  0.09 0.06
  233 L    0  0  0  1 -1  0  0 -1 -1  0  1  0  0  0  0  0  0  2 -1  0   10   4   4   8   1   3   4   4   1   5  20   4   2   3   4   5   5   3   2   9  0.03 0.03
  234 N    1  0  1  1 -2  2  0  0  1 -1 -2  1 -1 -1  1  0  0 -1 -1 -1   13   4   6  10   1  10   4   6   3   3   3  12   1   3   8   4   5   1   1   3  0.13 0.07
  235 A    1  0  0  0 -2  0 -1  2 -1 -2 -1  1 -1 -1  0  0  1  3 -1 -1   17   4   5   4   1   3   3  15   1   2   5   9   1   3   4   7  10   4   1   2  0.12 0.08
  236 S    0  0  1  1 -2  1  1  1  1 -1 -1  0 -1  0  0  1  0 -1  0 -1    8   3   6   8   1   6   7  10   6   2   5   5   1   4   4  11   5   1   3   4  0.07 0.03
  237 Q    0  0  0  0 -2  1  0  0  0  0 -1  1 -1  0  0  0  1 -1 -1  0    6   3   4   6   1   8   5   6   3   4   6  11   1   4   5   4   9   1   1   9  0.04 0.03
  238 S    0 -1  1  0 -2  0  0  0 -1 -2 -1  0 -1 -2  1  3  1 -2 -2 -1    8   3   9   5   1   5   4   6   1   2   5   4   1   1   5  25  10   0   1   4  0.16 0.11
  239 Q    0  1  0 -1 -2  4  0 -1 -1 -2 -1  0  3 -2 -1  0  0 -2  1 -1    6   8   5   3   1  22   5   4   1   1   4   5  10   2   2   6   7   0   5   4  0.21 0.16
  240 G    0  0  1  2 -2  1 -1  2 -1 -1 -1 -1 -1 -1 -1  0  0  1  0 -1    9   4   6  13   0   8   3  19   1   4   4   3   1   2   3   5   5   2   4   6  0.11 0.08
  241 K    0  0  1  0 -2  1  0  1  0 -1 -1  2 -1 -2  0  1  0 -2 -1  0    7   2   5   6   0   7   3  12   2   3   5  19   1   1   3   9   7   0   1   6  0.11 0.09
  242 R   -1  4  0  2 -3  0  1  0 -1 -3 -2  2 -2 -1 -2  0 -1 -3 -2 -2    3  27   3  16   0   2   8   6   1   1   3  10   1   2   2   8   2   0   1   2  0.33 0.18
  243 H   -1  0  0  1 -3  1  1  1  2 -2 -2  1 -2  1 -1  0 -1 -1  0 -2    5   2   3  10   0   7  12  12   7   1   3  13   0   8   2   7   4   1   3   1  0.15 0.11
  244 D   -1 -2  0  5 -3 -1  1 -1 -2 -3 -1 -1 -3  1 -1 -1  0 -3 -1 -1    4   1   3  43   0   2   6   4   0   1   5   2   0   8   3   4   5   0   1   5  0.53 0.26
  245 I    1 -3 -1 -3 -3 -2 -3 -3 -3  3  0 -3  3  5 -3 -1 -2  0  1  0   11   1   4   1   0   1   1   1   0  22   6   1   8  25   1   5   2   1   3   6  0.42 0.25
  246 I    1 -2 -2 -3 -2 -1 -2 -3 -3  3  0 -3  2  1 -2 -1 -1 -3  0  3   15   2   2   1   0   2   2   1   0  21   5   1   7   5   2   3   3   0   4  25  0.31 0.21
  247 Q    0  0  0 -1 -3  4  3 -2 -2 -2 -3  2 -1 -1 -1  0 -1  1 -2 -1    6   5   3   3   0  23  21   2   0   3   2  11   1   3   3   4   3   2   1   4  0.35 0.23
  248 L    0 -2  0 -2 -2 -2  0 -2 -2  2  2 -2  1 -1 -2 -2  0 -2 -2  2    7   2   4   2   0   1   8   3   1  11  25   2   3   2   1   1   6   1   0  19  0.16 0.14
  249 G   -1 -3  0 -2 -3 -2 -1  1  0  2 -2 -2 -2 -3 -3  3  2 -1 -3  1    4   1   4   1   0   1   3  10   2  15   1   1   0   0   1  31  14   1   0  10  0.34 0.27
  250 G   -1 -1 -1 -1 -3  0 -1  2  1 -3  0 -1 -2 -3  2  2  1 -3  1 -2    4   3   2   3   0   4   3  17   3   0   9   2   0   0   9  23  11   0   5   1  0.24 0.21
  251 E   -3 -2 -3 -1 -5  0  6 -4 -3 -4 -2  3 -2  0  1 -2 -3 -5 -2 -4    1   0   1   2   0   3  55   0   0   1   4  19   1   4   6   1   1   0   1   0  1.02 0.51
  252 N   -3 -1  4 -1 -6  2  5 -2  0 -3 -3  0 -4 -5 -4 -2 -3 -6 -3 -5    2   3  24   1   0  10  44   2   1   2   3   5   0   0   0   1   1   0   1   0  0.96 0.50
  253 L   -1  1 -2 -4 -3  1 -2 -3 -3  1  3 -1  1  0 -4  1 -1 -4 -3  1    4   9   1   0   0   6   1   1   0   6  40   2   3   3   0  12   2   0   0   8  0.33 0.26
  254 A    1 -3 -2  0 -3 -2 -2 -1 -3  4  1 -3  1 -1  0  0  0 -4 -2  0   14   0   2   5   0   1   1   5   0  29  15   0   3   2   5   7   5   0   1   5  0.24 0.21
  255 A    2 -1 -1  1 -4  2  0 -2 -3 -4 -3  1 -1 -4  4  0  0 -4 -2 -2   20   2   1   8   0  12   7   1   0   0   2   7   1   0  23   6   6   0   1   2  0.46 0.29
  256 G    2 -1 -1  2 -3  1  2  1 -2 -2 -2  0 -1 -1 -2  0  0 -1 -3  0   22   1   2  10   0   8  14  12   0   2   4   4   1   3   0   5   4   1   0   6  0.18 0.16
  257 L    1 -3 -2 -4 -3 -2 -3 -3 -3  3  3 -2  5 -1 -3 -2 -2 -2 -1  1   14   1   2   0   0   2   1   2   0  16  27   2  19   1   0   1   1   0   2   8  0.47 0.28
  258 N   -3 -3  4  6 -5 -2 -1 -2 -3 -5 -6 -1 -5 -6  0 -1  2 -6 -3 -4    2   0  22  44   0   1   3   2   0   0   0   3   0   0   6   2  14   0   1   1  1.04 0.50
  259 G    3 -5 -3  0 -5 -1 -3  5 -5 -6 -6 -4 -5 -6  2 -1 -4 -6 -6 -5   27   0   0   4   0   2   1  51   0   0   0   0   0   0  10   4   0   0   0   0  1.15 0.53
  260 E   -3 -2  0  7 -6  1  2 -4 -2 -6 -5 -1 -5 -6  1 -2 -3  1 -3 -5    1   2   3  58   0   6  12   1   1   0   1   3   0   0   7   2   1   2   1   0  1.24 0.56
  261 S   -1  0 -1 -3 -3 -2 -3 -3  0  1  0 -3  0 -2 -4  1  3  4  1  3    5   5   2   1   0   1   0   1   2   8   8   0   2   0   0  10  20   6   6  23  0.32 0.26
  262 L   -2 -5 -5 -5 -4 -4 -5 -5 -5  4  3 -5  2  2 -4 -4  0  0 -2  2    2   0   0   0   0   0   0   0   0  27  34   0   4   9   1   0   7   1   0  14  0.74 0.37
  263 F   -5 -6 -7 -7 -6 -6 -7 -7 -5  1  1 -6 -2  8 -5 -5 -5 -3  0  0    0   0   0   0   0   0   0   0   0   7  12   0   1  72   1   0   0   0   2   5  1.97 0.72
  264 L   -1 -4 -4 -4 -2 -3 -4 -3 -2  1  3 -4  0  0 -5 -3 -1 -2  5  3    4   0   1   0   0   0   0   1   1   7  29   0   2   3   0   2   4   0  22  24  0.63 0.36
  265 F   -1 -4 -2 -5 -2 -3 -4 -3  1  1  1 -4  0  6 -5  0  0  1  0  1    4   0   2   0   1   0   0   2   3   8  16   0   2  35   0   7   6   2   1  10  0.56 0.32
  266 A    2 -1  1 -1 -3 -1 -1 -2 -1 -1 -2 -2  0 -1 -1  2  3 -3  2 -1   17   3   7   3   0   1   2   1   1   2   3   1   3   1   2  16  22   0   9   5  0.24 0.23
  267 G    2  1  0 -1 -4 -2 -3  3 -2 -4 -3 -2 -1 -1 -3  1 -1  1  4 -2   20   8   5   2   0   0   1  23   0   0   1   0   1   1   1  11   3   2  18   3  0.43 0.31
  268 D   -2 -3  1  6 -5  0  2  2 -4 -5 -5 -1 -5 -6 -3  0  0 -6 -5 -3    2   1   5  45   0   3  12  16   0   0   0   2   0   0   1   5   6   0   0   2  0.87 0.43
  269 Q   -1 -1  0  4 -5  3  3  0 -1 -4 -4  1 -4 -5  2 -1  1 -5 -2 -3    3   2   4  22   0  13  19   6   1   0   0   7   0   0   8   4   9   0   1   1  0.48 0.30
  270 K    0 -1  1  2 -4  1  1  1 -2 -3 -4  3 -3 -5  1  1  0 -5 -4 -3    9   2   5  12   0   7   8  10   1   1   1  19   0   0   7  12   6   0   0   1  0.31 0.22
  271 D    1  0  0  4 -4 -1  0 -1 -3 -1 -3 -1 -2 -4  0  1  2 -3 -3 -1   14   4   4  27   0   2   4   3   0   5   2   4   1   0   3  10  15   0   0   3  0.32 0.24
  272 A    3 -2 -3 -3 -3 -2  0  0 -4  0  0  0 -1 -3 -3 -1  0 -4 -2  3   34   1   0   1   0   1   6   6   0   6   9   6   1   0   1   1   6   0   2  21  0.31 0.27
  273 D    1  1  0  3 -5  3  3 -4 -2 -5 -4  2 -4 -5 -2 -1  0 -5 -4 -4   12   5   5  19   0  17  20   0   0   0   0  14   0   0   1   2   4   0   0   0  0.60 0.36
  274 A    3  2 -2  1 -4  3  3 -3 -3 -4 -4  2 -2 -5 -2 -1 -1 -5 -2 -3   25   9   1   8   0  14  20   1   0   0   0  12   1   0   1   2   4   0   1   1  0.50 0.34
  275 I   -1 -4 -6 -6 -4 -4 -5 -5 -5  1  2 -5  0  4 -4 -4 -3  9  1  2    4   0   0   0   0   0   0   1   0   8  22   0   2  18   1   1   1  27   3  13  1.16 0.49
  276 Y   -1  0 -2 -3 -3  2  0 -3 -3  0  2  2  2 -3 -3 -1  2 -4  0  0    5   4   1   0   0  10   7   1   0   5  20  15   6   0   0   2  17   0   3   5  0.24 0.23
  277 A    2  0  3  1 -4  2  0 -1  0 -4 -4  1 -3 -5 -3  2 -1 -5 -4 -2   21   4  15   6   0  10   5   4   2   0   0  10   0   0   0  17   3   0   0   3  0.38 0.28
  278 N   -3 -2  5  5 -6 -1 -1 -1  4 -5 -6 -2 -3 -6 -4  1 -1 -6 -4 -5    1   2  30  35   0   2   3   3   9   0   0   2   1   0   0   8   3   0   0   0  1.04 0.49
  279 P   -1 -6 -5 -5 -6 -3 -1 -4 -6 -6 -5 -1 -6 -7  8 -2 -3 -7 -7 -3    6   0   0   0   0   1   3   1   0   0   1   3   0   0  79   3   1   0   0   2  2.30 0.84
  280 L   -3 -5 -4 -5 -4 -2 -3 -6 -5  1  5 -5 -1  2 -5 -5 -1 -4 -2  2    2   0   1   0   0   2   2   0   0   6  62   0   0   8   0   0   3   0   1  13  0.94 0.46
  281 L   -5 -6 -7 -8 -6 -6 -7 -6 -6 -2  3 -7 -2  2 -7 -6 -6 11  2 -4    0   0   0   0   0   0   0   0   0   2  30   0   1   9   0   0   0  53   5   1  2.49 0.84
  282 A    3  0  0 -3 -4  3 -1 -1 -1 -4 -4  4 -3 -5 -3  1 -2 -5 -4 -3   25   4   4   0   0  16   1   3   1   1   1  30   0   0   0  11   1   0   0   1  0.62 0.40
  283 H   -1  1  5  1 -5  3 -1 -1  3 -4 -4  2 -1 -4 -4  0 -1 -5 -3 -4    5   6  32   6   0  13   1   4   9   1   1  11   2   0   0   7   4   0   0   0  0.58 0.35
  284 L   -3 -5 -2 -6 -4 -3 -6 -6 -3  1  6 -5  1 -3 -6 -3  0 -5 -4 -1    2   0   2   0   0   1   0   0   1   7  76   0   2   0   0   1   6   0   0   1  1.26 0.57
  285 P   -1 -1  3  0 -5  0  1 -3 -2 -5 -5  2 -4 -5  5  0  0 -5 -3 -4    4   2  13   6   0   4   7   2   1   0   0  14   0   0  34   7   5   0   1   0  0.77 0.39
  286 A    6 -4 -4 -5 -4 -3 -4 -3 -5 -4 -4 -4 -4 -4 -1  1 -3 -6 -5  2   72   0   0   0   0   0   0   1   0   0   0   0   0   1   3  10   1   0   0  13  1.27 0.61
  287 V   -1 -5 -5 -6 -4 -4 -5 -6 -5  1 -2 -5 -2  1 -2 -1 -3  1 -1  7    4   0   0   0   0   0   0   0   0   6   1   0   0   5   2   4   0   2   2  73  1.32 0.59
  288 Q   -2  2 -2 -3 -5  5  0 -4 -2 -4 -5  6 -3 -6 -3 -2 -1 -5 -4 -4    2  10   1   0   0  28   5   0   1   1   1  45   0   0   1   1   4   0   0   1  1.14 0.54
  289 N    2  0  5  1 -4  2  0 -1  2 -5 -5  1 -4 -5 -3  0 -1 -5 -4 -4   16   4  30   7   0  10   6   4   4   0   0   9   0   0   0   7   2   0   0   0  0.56 0.34
  290 K   -3  0  4  1 -3  1 -2  5  1 -6 -6  2 -5 -6 -4 -2 -4 -6 -5 -6    0   4  20   7   0   7   1  42   3   0   0  15   0   0   0   1   0   0   0   0  0.93 0.46
  291 Q   -3  4  2 -2 -4  5 -1 -5  4 -6 -5  3 -4 -6 -4 -2 -2 -5 -4 -5    2  26   9   1   0  29   2   0   9   0   0  19   0   0   0   1   1   0   0   0  1.03 0.51
  292 V    2 -5 -6 -5 -4 -5 -5 -5 -6  1 -1 -3 -3 -4 -5 -4 -1 -6 -3  6   19   0   0   0   0   0   0   0   0   6   2   1   0   0   0   0   3   0   1  68  1.30 0.59
  293 Y   -2 -4 -4 -5 -5 -3 -4 -6  4  0 -3 -4 -3  4 -6 -4 -2  2  8 -1    3   0   0   0   0   1   1   0  11   6   1   1   0  16   0   1   2   3  50   5  1.46 0.60
  294 A    1 -1 -1  1 -3  1  2  0  1 -3 -2  1 -2 -2  2  0 -1 -4  0 -2   17   2   1   9   0   6  17   7   3   1   3   8   1   1   9   5   3   0   4   2  0.22 0.18
  295 L   -2 -5 -6 -6 -4 -5 -6 -6 -6  0  3 -5  2 -2 -6 -5 -3 -5 -4  6    3   0   0   0   0   0   0   0   0   2  30   0   5   1   0   0   0   0   0  57  1.25 0.56
  296 G   -3 -4  1  5 -5 -3 -1  4 -3 -6 -6 -3 -5 -6  3  1 -2 -6 -5 -5    1   0   7  32   0   0   3  30   0   0   0   0   0   0  14  12   1   0   0   0  0.94 0.46
  297 T    0  0  1  4 -4 -1  2 -2 -1 -3 -2 -2 -3 -2  2  0  0 -4  0 -2    7   5   7  32   0   1  11   2   1   1   3   1   0   2  10   7   6   0   4   2  0.43 0.27
  298 E    0 -3  1  4 -4  0  3 -3  1 -1 -3 -2 -3 -3 -2  1  1  1 -2  0   10   0   8  22   0   3  19   0   3   4   0   1   0   1   1   8   7   2   1   8  0.35 0.26
  299 T    0 -2 -2 -3 -3 -3 -2 -4 -2  2 -1 -3  0 -3 -2  2  4  2 -2  1    8   2   1   1   0   0   1   0   1  12   5   0   2   0   1  21  29   3   1  12  0.44 0.33
  300 F   -5 -7 -6 -8 -7 -3 -7 -7  0 -4 -2 -7 -5  6 -8 -7 -6 11  0 -6    0   0   0   0   0   2   0   0   2   1   4   0   0  34   0   0   0  55   2   0  2.97 0.95
  301 R   -2  5  4 -3 -5 -2 -3 -3 -1 -3 -4 -1  4  1 -5  0 -2 -4  2 -3    2  38  21   0   0   0   0   1   1   1   0   1  10   5   0   7   2   0   7   1  0.83 0.46
  302 L   -2 -1 -4 -5 -3 -3 -4 -2 -4  3  3 -3  2 -1 -1 -1  2 -4 -3  1    2   4   0   0   0   0   0   4   0  16  38   1   5   2   3   4  15   0   0   7  0.46 0.30
  303 D   -3 -3  0  6 -6 -4 -3  5 -5 -7 -7 -3 -6 -7 -5 -1 -4 -6 -6 -6    0   1   4  41   0   0   0  47   0   0   0   1   0   0   0   5   0   0   0   0  1.47 0.61
  304 Y   -3 -4 -5 -6 -4 -4 -5 -4 -3  4  0 -5  0  1 -1 -5 -4 -3  7  3    1   0   0   0   0   0   0   1   0  27   7   0   2   3   3   0   0   0  37  17  1.07 0.50
  305 Y   -4 -2 -3 -1 -4  1 -3 -3 -1  2  2  0  0  3 -5 -3  0 -2  6 -2    0   1   0   5   0   8   0   2   1  11  18   6   2  10   0   0   6   0  29   1  0.56 0.35
  306 S    4 -4 -1 -4 -3 -3 -2  3 -4 -5 -5 -3 -4 -6 -4  5 -2 -6 -5 -4   33   0   2   0   0   0   2  20   0   0   0   0   0   0   0  42   1   0   0   0  1.03 0.54
  307 A    6 -4 -5 -5 -4 -4 -4  0 -5 -2 -5 -3 -3 -5 -3  0 -3 -6 -1 -2   81   0   0   0   0   0   0   5   0   2   0   1   1   0   1   5   0   0   2   2  1.47 0.67
  308 M   -3  0  5  0 -4  0  1 -1  3 -2  0  0  3 -4 -3  1  0 -3 -3 -3    0   4  30   4   0   2   8   3   8   2   8   4   9   0   1  10   5   0   0   0  0.44 0.31
  309 Q    1  0  2 -2 -4  3  2 -3  0 -1  2  1  2 -3 -3 -2 -2 -4 -2 -2   13   5  10   1   0  13  13   1   2   3  22   7   5   0   0   1   1   0   1   0  0.26 0.24
  310 V   -4 -5 -6 -6 -4 -4 -5 -6 -5  4  2 -5  7 -2 -5 -3 -1 -5 -4  3    0   0   0   0   0   0   0   0   0  26  21   0  30   1   0   1   3   0   0  18  1.13 0.50
  311 L    0 -5 -6 -6 -4 -5 -6 -5 -6  2  5 -5  2 -3 -6 -5 -3 -5 -4  2    7   0   0   0   0   0   0   0   0  12  66   0   3   0   0   0   0   0   0  10  1.14 0.51
  312 D    0 -3  1  7 -6 -1  1 -3 -1 -6 -6 -1 -6 -7 -5 -2 -1 -7 -6 -5    7   1   5  68   0   2   6   1   2   0   0   3   0   0   0   2   4   0   0   0  1.52 0.62
  313 R   -1  2 -1  6 -5  1  2 -3 -2 -2 -3  0 -3 -4 -4 -1 -1 -3 -4 -4    4  13   2  45   0   6  11   1   1   2   2   4   0   0   0   3   3   0   0   1  0.77 0.40
  314 L   -2 -5 -6 -6 -4 -3 -6 -6 -6  5  5 -5 -1 -1 -6 -5 -2 -5 -4  2    2   0   0   0   0   1   0   0   0  31  51   0   0   1   0   0   1   0   0  12  1.10 0.48
  315 K    2 -1 -1 -1 -4  1  4 -3 -3 -3 -2 -1 -3 -2 -4  0 -1 -4  1  1   18   2   2   1   0   6  37   1   0   0   2   3   0   1   0   5   2   0   7  12  0.47 0.34
  316 A    1  1 -1  0 -4  2  3 -1 -2 -5 -4  4 -3 -5 -2  0  0 -5 -4 -3   12   7   2   5   0   8  18   3   1   0   0  31   0   0   1   5   6   0   0   1  0.53 0.32
  317 L    0  1 -2 -3 -3  1 -2 -4  3  1  1 -1  2 -1 -4 -2  0 -1  3 -1    7  10   1   1   0   9   0   0   9  11  16   2   6   2   0   1   7   0  14   3  0.26 0.22
  318 F   -5 -6 -6 -7 -5 -6 -6 -7 -4 -3  3 -6 -2  8 -7 -6 -5 -3  3 -4    0   0   0   0   0   0   0   0   0   0  28   0   0  63   0   0   0   0   9   0  1.89 0.67

                      K         Lambda
Standard Ungapped    0.1306     0.3161
Standard Gapped      0.0451     0.2670
PSI Ungapped         0.1475     0.3126
PSI Gapped           0.0451     0.2670
