
Last position-specific scoring matrix computed, weighted observed percentages rounded down, information per position, and relative weight of gapless real matches to pseudocounts
           A  R  N  D  C  Q  E  G  H  I  L  K  M  F  P  S  T  W  Y  V   A   R   N   D   C   Q   E   G   H   I   L   K   M   F   P   S   T   W   Y   V
    1 M   -5 -6 -7 -8 -6 -5 -7 -7 -6 -3 -2 -6 11 -4 -7 -6 -5 -6 -6 -4    0   0   0   0   0   0   0   0   0   0   0   0 100   0   0   0   0   0   0   0  3.67 0.99
    2 D   -5 -6 -1  8 -8 -4 -1 -5 -5 -7 -8 -4 -7 -8 -5 -4 -5 -8 -7 -7    1   0   2  95   0   0   3   0   0   0   0   0   0   0   0   0   0   0   0   0  2.65 0.76
    3 I   -3 -3 -3 -5 -4 -4 -5 -6 -5  5  3  0  1  1 -4 -4 -3  0 -2  1    1   1   1   0   0   0   0   0   0  39  32   8   2   6   1   0   0   2   1   4  0.76 0.33
    4 A    4 -4 -3 -4 -3 -3 -3  0 -4 -1  1 -3  1  0 -4  1  1 -4 -3 -1   40   0   1   0   0   0   0   7   0   3  17   0   4   3   0  12  11   0   0   2  0.47 0.28
    5 A   -2 -4 -3 -4 -4 -4 -4 -5 -5 -3 -2 -4 -2 -5 -4  4  6 -6 -3 -2    2   0   0   0   0   0   0   0   0   1   3   0   1   0   0  29  61   0   1   3  1.37 0.56
    6 A   -2 -5 -6 -6 -4 -5 -5 -4 -5  5  4 -5 -1  0  0 -4 -3 -5 -3  2    2   0   0   0   0   0   0   1   0  33  38   0   0   4   6   1   0   0   0  15  0.84 0.34
    7 I   -1 -5 -6 -6 -4 -5 -6 -2 -6  6  3 -5 -1  0 -5 -4 -3 -3 -4  2    4   0   0   0   0   0   0   4   0  50  23   0   0   3   0   0   1   0   0  13  0.98 0.38
    8 G   -3 -6 -4 -5 -4 -6 -6  8 -6 -8 -7 -5 -6 -2 -6 -3 -5 -6 -7 -7    0   0   0   0   0   0   0  95   0   0   0   0   0   2   0   2   0   0   0   0  2.41 0.69
    9 L   -3 -5 -6 -6 -4 -5 -5 -6 -5  5  4 -5  2  1 -5 -5 -2  2 -3  2    1   0   0   0   0   0   0   0   0  30  41   0   5   6   0   0   2   3   0  12  0.92 0.35
   10 I    0 -5 -5 -5 -3 -5 -5 -2 -5  5  2 -5 -1  1 -5 -3 -1 -5 -3  4    6   0   0   0   0   0   0   3   0  33  20   0   1   5   0   1   2   0   0  29  0.76 0.32
   11 G    0 -4 -4 -4 -3 -4 -4  2 -4  2  3 -4  1  0 -4 -1 -1 -4 -3  1    9   0   0   0   0   0   0  21   0  12  32   0   2   5   0   5   2   0   0  12  0.42 0.23
   12 A    4 -5 -4 -5 -1 -4 -5  6 -5 -3 -5 -4 -5 -6 -4 -1 -2 -6 -6 -3   37   0   0   0   1   0   0  53   0   1   0   0   0   0   0   4   1   0   0   1  1.30 0.48
   13 I   -2 -5 -5 -6 -2 -5 -5 -5 -5  4  2 -5  1  6 -5 -3 -3  1 -1  1    4   0   0   0   1   0   0   1   0  22  21   0   4  36   0   1   1   2   1   8  0.90 0.35
   14 V    3 -4 -4 -4 -2 -4 -4  4 -4  2 -1 -4 -2 -1 -4 -1 -1 -5 -4  2   27   0   0   0   0   0   0  29   0  10   6   0   0   3   0   4   3   0   0  17  0.54 0.28
   15 M    2 -4 -4 -5  0 -4 -4 -2 -4  2  3 -4  3  1 -4 -2 -2 -4 -3  1   21   0   0   0   2   0   0   3   0  13  32   0  10   7   0   2   1   0   0  10  0.51 0.26
   16 V   -4 -6 -5 -6 -4 -5 -6 -5 -6  6  1 -5  2 -1 -6 -5 -3 -5 -4  4    0   0   0   0   0   0   0   1   0  46  13   0   6   2   0   0   0   0   0  32  1.23 0.44
   17 V    0 -5 -5 -5 -2 -4 -5  0 -5  4  2 -4  1  1 -5 -2 -2 -4 -2  3    7   0   0   0   1   0   0   7   0  25  23   0   3   7   0   2   1   0   0  25  0.56 0.26
   18 G    0 -4 -2 -4 -4 -3 -4  5 -4  0 -1 -4  3  1 -4 -1  0  1  1  0    8   0   1   0   0   0   0  41   0   4   6   0   9   6   0   4   5   2   4   9  0.55 0.27
   19 S    3 -4 -2 -4 -4  0 -3  4 -4 -3 -3 -3  1  1 -4  1 -1 -4 -1 -3   30   0   1   0   0   6   0  35   0   1   1   0   3   6   0  11   2   0   2   1  0.65 0.32
   20 M   -1 -5 -2 -6 -4 -4 -5 -4 -5  5  0 -4  6  1 -5 -3 -2 -5 -1  1    5   0   2   0   0   0   0   1   0  41   5   0  26   6   0   1   1   0   1   8  1.01 0.41
   21 I    0 -4 -4 -5 -3 -3 -4 -3 -4  3  3 -3  2  2 -4 -2  0 -2 -1  2    6   0   0   0   0   0   0   2   0  17  36   1   6   9   0   2   4   0   2  13  0.52 0.24
   22 Y   -1 -3 -3 -1 -4 -1  3 -2 -3  0  2 -1  4  0 -4  0 -1 -2 -2 -1    4   0   0   3   0   1  23   2   0   5  25   4  12   3   0   9   3   1   1   3  0.30 0.22
   23 A   -2 -4  0 -1 -5 -3  0  6 -2 -6 -6  1 -5 -6 -2 -1 -3 -6 -6 -5    2   0   3   4   0   1   6  68   1   0   0   8   0   0   2   5   1   0   0   0  1.31 0.46
   24 G    0 -5 -3 -3 -5 -5 -5  7 -4 -6 -6 -5 -5 -6 -3  0 -2 -6 -6 -2    8   0   0   1   0   0   0  77   0   0   1   0   0   0   1   6   2   0   0   3  1.63 0.52
   25 G   -1 -2  2  2 -4 -1 -1  2  4 -4 -5 -1 -4 -5 -1  3  0 -5 -3 -3    4   1  10  10   0   3   3  17  13   0   0   3   0   0   3  27   5   0   0   2  0.50 0.27
   26 V   -1 -5 -5 -5 -4 -4 -5 -4 -4  3  3 -4  1  1  2 -3 -2 -1 -3  2    6   0   0   0   0   0   0   1   0  19  35   0   3   7  12   1   1   1   0  15  0.61 0.28
   27 A    1 -2 -1  0 -3 -1 -2  4 -1 -2 -1 -1  1 -3 -2  2  0 -2 -3 -2   14   2   2   5   0   1   2  30   2   2   6   2   5   1   1  18   5   1   0   1  0.33 0.20
   28 P    2 -3  0 -2 -3 -1 -2  0 -1  0 -1 -2  3 -3  0  2  1 -3 -3  1   24   0   5   2   0   3   1   6   1   6   4   1   9   0   4  18   7   0   0   8  0.22 0.18
   29 F   -5 -6 -6 -7 -5 -6 -6 -6 -5  0  4 -6 -1  7 -7 -6 -5 -3  2 -3    0   0   0   0   0   0   0   0   0   5  38   0   1  49   0   0   0   0   6   1  1.54 0.50
   30 V   -2 -5 -5 -6 -4 -5 -5 -4 -5  5  2 -5  1  3 -5 -4 -3  5  0  3    3   0   0   0   0   0   0   1   0  32  20   0   2  11   0   0   0   8   3  19  0.81 0.32
   31 D   -3 -3  5  5 -6  3 -2 -2  0 -5 -4 -2 -5 -6 -5  0 -3 -6 -4 -4    2   0  32  37   0  13   1   2   2   0   2   1   0   0   0   6   0   0   0   1  1.10 0.44
   32 I   -1 -4 -4 -4 -4 -4 -3  0 -4  3  1 -3  0 -1  4 -3 -1 -2 -2  2    5   0   0   0   0   0   1   8   0  20  15   1   2   3  21   0   4   0   1  18  0.47 0.24
   33 P    2 -5 -3 -4 -5 -2 -2 -4  1 -5 -5 -3 -5 -5  7  1  2 -6 -5 -3   19   0   1   0   0   1   2   1   3   0   0   1   0   0  49   9  13   0   0   1  1.28 0.47
   34 S    4 -4 -4 -4 -4 -4 -4  0 -5 -5 -5 -4 -5 -6 -1  5 -3 -6 -5 -4   40   0   0   0   0   0   0   5   0   0   0   0   0   0   3  52   0   0   0   0  1.29 0.54
   35 L    2 -5 -5 -5 -3 -4 -5 -4 -5  4  2 -4  3  4 -4 -3 -2 -3 -2  2   21   0   0   0   0   0   0   0   0  23  16   0   8  16   0   0   1   0   0  15  0.61 0.29
   36 V   -1 -5 -6 -6 -3 -4 -5 -5 -5  3  4 -5  5  2 -5 -4 -3 -4 -2  1    5   0   0   0   0   0   0   0   0  16  46   0  14   7   0   0   0   0   1  10  0.90 0.35
   37 I   -5 -7 -7 -7 -4 -7 -7 -8 -7  8 -1 -7  0 -3 -7 -6 -4 -6 -5  2    0   0   0   0   0   0   0   0   0  87   3   0   1   0   0   0   0   0   0   8  2.18 0.65
   38 V   -4 -6 -6 -6 -4 -6 -6 -7 -7  3 -3 -6 -3 -4 -6 -5  2 -6 -5  7    0   0   0   0   0   0   0   0   0  12   0   0   0   0   0   0  14   0   0  74  1.65 0.57
   39 V   -3 -5 -6 -6 -3 -5 -6 -3 -5  4  2 -5  0  6 -6 -5 -3 -3 -2  3    2   0   0   0   0   0   0   2   0  24  17   0   2  31   0   0   1   0   0  20  0.94 0.36
   40 A   -2 -6 -4 -5 -1 -5 -6  7 -6 -3 -3 -5 -5 -2 -6 -4 -5 -6 -6  1    2   0   0   0   1   0   0  80   0   2   3   0   0   2   0   0   0   0   0   9  1.74 0.56
   41 G   -4 -6 -4 -5 -2 -6 -6  8 -6 -8 -8 -6 -7 -7 -6 -4 -5 -7 -7 -7    0   0   0   0   1   0   0  99   0   0   0   0   0   0   0   0   0   0   0   0  2.62 0.74
   42 T   -1 -5 -3 -4 -4 -4 -4 -1 -5 -4 -3 -4 -3 -6 -5  3  7 -6 -5 -2    4   0   0   0   0   0   0   5   0   0   3   0   0   0   0  20  65   0   0   2  1.39 0.56
   43 A   -1 -5 -5 -5 -2 -4 -5 -5 -4  4  3 -5  2  4 -5 -3  0 -3  0  1    7   0   0   0   1   0   0   0   0  28  28   0   4  19   0   1   5   0   2   6  0.68 0.29
   44 F    4 -5 -3 -4  0 -4 -4  4 -4 -3 -3 -4 -1  3 -4  0 -2 -5 -4 -3   37   0   0   0   2   0   0  36   0   1   3   0   2  11   0   6   2   0   0   0  0.86 0.38
   45 I    6 -5 -4 -5 -1 -4 -4 -1 -5 -1 -4 -4 -4 -5 -4  1 -1 -6 -5  2   68   0   0   0   1   0   0   4   0   3   0   0   0   0   0   8   4   0   0  13  1.15 0.48
   46 V    0 -5 -4 -5 -1 -4 -4 -4 -5  1  1 -4  1 -4 -4 -2  4 -5 -4  4    8   0   0   0   1   0   0   1   0   8  13   0   3   0   0   2  27   0   0  37  0.73 0.35
   47 L   -2 -5 -5 -6  0 -4 -5 -3 -5  2  4 -5  6  2 -5 -4 -2 -3 -3  0    2   0   0   0   2   0   0   3   0  10  42   0  24   9   0   1   2   0   0   6  0.90 0.37
   48 A    1 -4 -2 -5 -3 -4 -5 -4 -5  4  2 -4  3 -1 -5 -2 -1 -4 -1  3   11   0   3   0   0   0   0   0   0  27  18   0   8   2   0   2   3   0   2  25  0.61 0.28
   49 M    2  1  1 -3  1  3 -2 -1  0 -4 -4  1 -1 -4 -4  3  1 -5 -4 -3   15   6   6   0   3  17   0   5   2   0   0   8   2   0   0  25   8   0   0   1  0.44 0.28
   50 K   -3 -4  0 -6 -3 -5 -5 -5  0 -3 -3 -4 -3  7 -6  0  1 -2  5 -2    2   0   4   0   1   0   0   1   2   1   1   0   0  50   0   7  11   0  17   3  1.27 0.47
   51 P   -3 -1 -1 -3 -6 -1 -3 -3 -4 -6 -6 -1 -5 -7  7  2  1 -7 -6 -5    1   3   4   1   0   3   1   2   0   0   0   4   0   0  60  13   7   0   0   0  1.56 0.54
   52 L   -2 -3 -5 -5 -4 -3 -4 -2 -4  1  3 -1  5  3  0 -2 -2  2 -1  0    2   1   0   0   0   0   0   3   0   7  34   4  20  11   5   3   2   3   1   4  0.57 0.28
   53 P    0  1  1  0 -4  0  1  1 -1 -4 -4  3 -3 -5  1  2 -1 -5 -3 -3    8   6   7   5   0   2  10  11   1   0   1  19   0   0   7  19   3   0   0   1  0.32 0.19
   54 V   -1 -1  0  3 -4  3  3 -3 -1  0 -3 -1 -1 -3 -3  0  1 -5 -2  1    3   3   3  16   0  17  18   1   1   5   1   2   1   1   0   4  10   0   1  11  0.35 0.22
   55 F   -2 -5 -6 -6 -3 -5 -5 -5 -5  3  2 -5  2  6 -6 -4 -1 -3 -1  3    3   0   0   0   0   0   0   0   0  17  18   0   4  34   0   1   3   0   0  18  0.91 0.35
   56 L   -2  1 -3 -4 -4 -2 -3 -4 -4  1  2  4  1  2 -4 -3 -1 -3 -3  0    2   5   0   0   0   1   0   1   0  10  26  33   4   8   0   1   3   0   0   5  0.50 0.28
   57 G    0  3  1 -1 -4  1 -1  2  2 -4 -2  3 -2 -4 -3  0 -1 -4 -3 -3    7  17   8   2   0   5   2  19   5   0   4  18   1   0   0   6   3   0   1   0  0.35 0.20
   58 H    3 -4 -4 -4 -3 -3 -4  1 -2  2  1 -3  1  0 -4  1 -1 -4 -3  2   31   0   0   0   0   0   0  11   1  14  10   0   3   4   0  10   3   0   0  13  0.38 0.24
   59 F   -2 -5 -5 -5 -4 -4 -5  0 -4  1  1 -4  2  5  5 -3 -3 -3 -2  1    2   0   0   0   0   0   0   9   0   7  13   0   6  23  27   1   1   0   0   9  0.72 0.32
   60 K   -1  2 -1 -4 -5  0 -2  0 -3 -3 -4  6 -2 -4 -1  0  0 -6 -4 -4    5  12   2   0   0   3   0   8   0   1   1  51   1   1   3   7   4   0   0   1  0.81 0.37
   61 A    1 -2 -4 -3 -2 -2 -3 -2  1  3  2 -3  3 -1 -4 -2 -1  0  0  3   13   1   0   1   0   1   0   2   5  20  16   0   9   2   0   2   3   2   3  19  0.34 0.20
   62 M    2 -4 -4 -5 -1 -4 -4  0 -4  3  2 -4  3  3 -4 -1 -1 -3 -1  1   20   0   0   0   1   0   0   7   0  16  22   0   7  12   0   3   3   0   1   8  0.39 0.22
   63 M    1  2 -2 -3 -3 -1 -2  2 -2 -1 -1  3  2 -1  0  0 -2 -1 -2 -1   10  11   0   0   0   2   0  15   1   3   6  26   7   3   4   5   2   1   1   3  0.27 0.20
   64 K   -2  1 -1 -4 -4  0 -1 -3 -2  2 -1  4  1  0 -4 -2 -2  7 -1  1    2   6   3   0   0   5   3   1   1  13   4  29   3   3   0   1   2  14   2   9  0.53 0.28
   65 V    4 -4 -4 -5  0 -4 -4 -2 -5  2  0 -4  0 -3 -4 -1  1 -5 -4  3   43   0   0   0   2   0   0   1   0  10   9   0   2   1   0   3   7   0   0  22  0.66 0.33
   66 F   -5 -7 -7 -7 -5 -7 -7 -7 -5  0  1 -7  0  9 -7 -6 -6 -1  0 -1    0   0   0   0   0   0   0   0   0   6  12   0   2  75   0   0   0   1   1   4  2.12 0.63
   67 K   -2  1 -1 -3 -4  0 -2 -3 -1 -1  0  3  3  2 -4  1  1 -2 -1  0    2   8   2   0   0   3   0   1   1   3   9  23  10  11   0   9  11   0   1   5  0.27 0.21
   68 P   -1 -1  1  0 -4  0  1 -1  0 -3 -3  0  0  1  4  0 -1 -2 -1 -2    5   3   9   4   0   4  10   4   3   1   1   6   3   9  23   7   4   1   2   3  0.33 0.18
   69 S   -3  2 -1 -1 -5  1  0 -3 -2 -5 -5  5 -4 -5  5  0 -1 -6 -3 -4    1  10   3   3   0   7   4   1   1   0   0  35   0   0  25   6   3   0   1   1  0.82 0.36
   70 R    0  1  1  0 -3  1  1 -2 -1 -1 -1  3 -1 -3  1  1  0 -4 -2 -1    5   6   6   4   0   5   7   2   1   4   7  23   1   1   6  11   4   0   1   5  0.16 0.12
   71 F   -1 -1 -1  1 -2  0  1 -3  1  1  0 -1  0  1  1  0  0 -1  2  0    2   2   3   9   0   4   9   0   3   9   8   2   2   7   8   7   6   0   8   9  0.08 0.08
   72 D   -2 -1  3  5 -5 -1  1 -2 -1 -5 -5  1 -4 -6  0  1 -1 -6 -5 -5    2   3  16  38   0   2   6   3   1   0   1   9   0   0   4  13   2   0   0   0  0.77 0.34
   73 M    0 -1 -1 -2 -4 -1  0 -3  0  0  0 -1  0  0  5 -2  0 -4  0  0    6   3   3   1   0   2   5   1   2   4  12   3   2   4  33   2   5   0   4   6  0.47 0.22
   74 N    0  1  1  0 -3  2  2 -1  0  0 -2  1  0 -3  0  0  0 -4 -2  0    9   8   5   5   0   9  18   4   2   5   3   7   2   0   5   6   4   0   1   6  0.14 0.10
   75 E    1 -1 -1  3 -5  2  4  0 -2 -4 -4  1 -3 -5 -2  0 -2 -3 -3 -3   12   2   1  17   0   7  33   7   1   0   1   7   0   0   2   6   2   0   1   2  0.52 0.27
   76 V   -1 -4 -3 -5 -1 -2 -4 -2 -2  3  4 -4  2 -2 -4 -2  1 -4 -1  2    5   0   1   0   1   1   1   4   1  15  41   0   5   0   0   2  10   0   2  11  0.47 0.24
   77 I   -3 -4 -7 -7 -5 -6 -6 -7 -6  7  0 -6 -1 -4 -6 -4 -3 -6 -2  3    2   1   0   0   0   0   0   0   0  70   5   0   1   0   0   1   1   0   2  18  1.64 0.54
   78 S    0  1  2  3 -4  1  3 -1 -2 -3 -3  2 -3 -4 -2  0  0 -5 -3 -3    9   7   9  18   0   6  19   3   0   1   2  12   0   0   1   7   4   0   0   1  0.36 0.20
   79 T   -2  1  0 -1 -4  4  2 -4 -1 -2 -1  2  1 -2 -4 -1  2 -3  0 -3    1   8   3   3   0  20  13   0   1   2   6  15   3   2   0   3  16   0   4   1  0.38 0.24
   80 M   -2 -5 -6 -6 -3 -5 -5 -6 -5  5  3 -5  4  4 -5 -4 -2 -4 -2  1    4   0   0   0   0   0   0   0   0  30  28   0  11  17   0   1   1   0   0   8  0.89 0.35
   81 V   -1 -4 -4 -5 -2 -3 -4 -3 -5  2  0 -1  1 -3 -5 -2  0 -5 -1  6    5   0   1   0   1   0   1   2   0  11   6   5   3   1   0   3   6   0   2  54  0.76 0.35
   82 E   -1  1  1  3 -5  1  4 -1  0 -4 -4  0 -2 -5 -4  1 -1 -5 -2 -4    5   6   7  15   0   5  33   5   2   1   1   4   1   0   0  11   3   0   1   0  0.53 0.27
   83 L   -4 -5 -6 -7 -5 -5 -6 -6 -5  1  4 -6  4  3 -6 -5 -3  8  1 -1    1   0   0   0   0   0   0   0   0   8  43   0  10  10   0   0   1  19   4   3  1.23 0.43
   84 S    5 -5 -3 -5 -1 -4 -4 -2 -5 -5 -5 -4 -5 -6 -4  5 -2 -6 -5 -4   55   0   1   0   1   0   0   2   0   0   1   0   0   0   0  39   1   0   0   0  1.35 0.55
   85 N   -2  0  2  2 -5  2  3 -2  1 -3 -3  0  0 -3 -3 -1  1 -5 -2 -2    2   5  12  14   0  10  24   3   4   1   2   4   3   1   0   3   8   0   1   3  0.38 0.22
   86 L    0  1 -3 -4 -4  0 -1 -4 -3  3 -1  4 -1 -3 -4 -1  1 -5 -4  2    7   6   0   0   0   3   2   0   0  19   5  29   1   0   0   3  10   0   0  13  0.41 0.25
   87 A    7 -5 -5 -5 -4 -4 -5 -3 -5 -5 -5 -4 -5 -6 -5  1  0 -6 -5 -1   81   0   0   0   0   0   0   0   0   0   0   0   0   0   0  11   5   0   0   4  1.62 0.61
   88 R   -6  9 -5 -6 -8 -3 -5 -7 -2 -8 -7 -2 -6 -7 -7 -5 -6 -7 -6 -7    0  99   0   0   0   0   0   0   1   0   0   0   0   0   0   0   0   0   0   0  2.96 0.86
   89 K   -4  6 -4 -5 -7  0 -3 -5 -4 -6 -6  6 -2 -7 -5 -3 -4 -4 -5 -6    1  44   0   0   0   3   0   0   0   0   0  48   1   0   0   2   0   0   0   0  1.69 0.58
   90 D   -4 -3  1  3 -6  1  6  0 -1 -6 -4 -1 -5 -5 -4 -1 -3 -6 -5 -6    0   0   7  14   0   6  54   8   1   0   1   2   0   0   0   3   1   0   0   0  1.10 0.45
   91 G   -4 -7 -5 -6 -7 -6 -6  8 -6 -8 -8 -6 -7 -7 -6 -3 -6 -7 -7 -7    0   0   0   0   0   0   0  98   0   0   0   0   0   0   0   2   0   0   0   0  2.65 0.75
   92 I   -4 -5 -6 -7 -4 -5 -6 -7 -6  3  5 -6  1  2 -1 -5 -3 -5 -2  0    0   0   0   0   0   0   0   0   0  14  66   0   3   7   4   0   1   0   1   5  1.18 0.43
   93 M   -5 -6 -7 -7 -5 -6 -7 -7 -6  1  6 -6  1 -2 -7 -6 -4 -5 -5  0    0   0   0   0   0   0   0   0   0   5  87   0   3   1   0   0   0   0   0   5  1.72 0.57
   94 A    5 -3 -4 -4 -4 -4 -3  2 -4 -4 -5 -2 -3 -5 -4  4 -3 -6 -2 -2   52   1   0   0   0   0   1  13   0   0   0   2   0   0   0  27   0   0   1   2  1.02 0.46
   95 L   -5 -6 -7 -8 -5 -6 -7 -8 -7  0  7 -6 -2 -3 -7 -6 -5 -6 -5 -3    0   0   0   0   0   0   0   0   0   2  98   0   0   0   0   0   0   0   0   0  2.11 0.67
   96 E   -5 -4 -4  0 -8 -1  8 -4 -4 -8 -7 -3 -6 -8 -5 -3 -5 -7 -6 -7    0   0   0   4   0   2  91   1   0   0   0   0   0   0   0   1   0   0   0   0  2.34 0.76
   97 G    1 -1  2  2 -4  1  3  1 -1 -5 -4  1 -3 -5 -1  1 -1 -5 -4 -4   11   3  10  12   0   7  19  11   1   0   1   8   0   0   2  13   2   0   0   0  0.38 0.21
   98 K    0  0 -1  3 -5  3  4 -4  1 -1 -3  2  1 -4 -3 -2 -3 -4 -3  0    7   5   2  14   0  11  26   0   3   3   1  13   4   0   0   1   0   0   1   8  0.44 0.25
   99 A    1 -1  0  1 -4  2  4 -2 -1 -1 -2  0 -2 -4 -2  0  0 -5 -4 -1   13   2   4   7   0   9  32   3   1   5   3   5   1   0   1   4   5   0   0   5  0.35 0.22
  100 V   -2 -4 -3 -3 -2  0  2 -5 -2  4  1 -3  0 -2 -4 -1  1 -5 -3  2    2   0   0   1   0   5  15   0   1  32  11   0   2   1   0   3   8   0   0  17  0.46 0.26
  101 P   -2 -1  1  4 -5  1  3 -3 -1 -5 -5  1 -4 -6  2  1  0 -6 -5 -5    2   2   5  25   0   4  21   1   1   0   0  11   0   0  11  12   5   0   0   0  0.61 0.29
  102 D   -5 -5  4  7 -7 -4  1 -5  0 -7 -6 -4 -4 -7 -5 -1 -4 -8 -5 -6    0   0  22  63   0   0   7   0   2   0   0   0   0   0   0   5   0   0   0   0  1.74 0.58
  103 A    0 -2 -2  1 -6 -2  2 -4 -3 -5 -4 -1 -3 -6  7  0 -3 -7 -6 -4    7   2   1   8   0   1  12   1   1   0   1   4   1   0  53   6   1   0   0   1  1.29 0.46
  104 F   -5 -7 -7 -8 -6 -7 -7 -7 -5 -2  0 -7 -4  9 -8 -6 -5 -3  3 -1    0   0   0   0   0   0   0   0   0   2   6   0   0  81   0   0   1   0   6   3  2.41 0.69
  105 F   -1 -5 -6 -6 -3 -4 -5 -6 -4  2  4 -5  5  2 -5 -4 -1 -4 -3  0    5   0   0   0   0   0   0   0   0  12  46   0  18   9   0   1   4   0   0   4  0.91 0.37
  106 E    0  4 -2 -4 -6  3 -1 -2  0 -4 -5  5 -4 -6 -4 -2 -3 -4 -3 -4    8  24   1   0   0  11   2   3   2   1   1  44   0   0   0   2   1   0   1   1  0.98 0.41
  107 K   -3  2  1 -1 -6  2 -1 -4 -2 -6 -4  7 -3 -5 -4 -2 -1 -6 -5 -5    1   8   7   2   0   8   3   0   1   0   1  62   0   0   0   2   3   0   0   0  1.24 0.48
  108 G    2 -6 -4 -5 -2 -5 -6  7 -6 -5 -6 -5 -4 -7 -6 -1 -5 -6 -6 -5   16   0   0   0   1   0   0  78   0   0   0   0   0   0   0   4   0   0   0   0  1.86 0.59
  109 L   -3 -5 -6 -6  2 -5 -6 -6 -6  4  5 -5  4 -2 -6 -5 -3 -5 -4  2    1   0   0   0   4   0   0   0   0  24  48   0   9   1   0   0   1   0   0  13  1.07 0.39
  110 Q   -3  2  0  0 -5  6  0 -2 -2 -4 -1 -1  3 -5 -4  0 -2 -5 -4 -4    1  13   5   5   0  42   5   3   0   0   5   2   9   0   0   7   2   0   0   0  0.82 0.40
  111 L   -4 -6 -4 -7 -5 -5 -6 -7 -3 -2  5 -6  7 -2 -6 -5 -5 -5  0 -3    1   0   1   0   0   0   0   0   1   0  61   0  32   1   0   0   0   0   3   0  1.68 0.58
  112 L    1 -5 -5 -6  1 -5 -5 -5 -5  3  3 -5  0 -3 -5 -3 -1 -5 -4  4   15   0   0   0   3   0   0   0   0  14  28   0   2   0   0   1   2   0   0  35  0.77 0.33
  113 V    1 -6 -6 -7 -4 -6 -6 -6 -7  4 -3 -6 -1 -4 -6 -4 -3 -6 -5  7   12   0   0   0   0   0   0   0   0  18   0   0   1   0   0   1   0   0   0  69  1.53 0.54
  114 D   -6 -6 -3  9 -8 -5 -2 -6 -6 -6 -8 -5 -8 -8 -6 -5 -5 -9 -8 -8    0   0   0  98   0   0   1   0   0   0   0   0   0   0   0   0   0   0   0   0  2.93 0.84
  115 G   -1 -6 -1 -5 -6 -6 -5  7 -6 -8 -8 -5 -7 -7 -6 -3 -5 -7 -7 -7    5   0   3   0   0   0   0  91   0   0   0   0   0   0   0   1   0   0   0   0  2.29 0.68
  116 T    1 -3  0 -3 -2  1 -3 -3  4  2 -1 -3  0 -3 -4  0  3 -2  0  1   13   0   5   0   1   6   0   1  11  12   4   0   2   0   0   5  24   1   4  11  0.33 0.23
  117 D   -3 -3 -1  6 -7 -3  5 -4 -4 -7 -7 -2 -6 -7 -1  0 -3 -7 -6 -6    1   1   2  51   0   0  33   0   0   0   0   1   0   0   3   7   1   0   0   0  1.44 0.52
  118 E    1 -3 -4 -4 -6 -1  0 -1 -3 -2 -3 -3 -2 -6  7 -2 -2 -7 -5 -3   12   1   0   0   0   2   7   5   1   3   2   1   1   0  58   3   2   0   0   2  1.38 0.49
  119 A   -1 -3 -1  4 -6  2  6 -3 -2 -6 -5 -1 -5 -6 -4 -1 -2 -6 -4 -4    6   0   2  21   0   8  51   1   0   0   1   2   0   0   0   3   2   0   0   1  1.10 0.45
  120 K    0 -1 -2 -2 -3 -1  0 -4 -2  1  2  1  0  1 -3 -1  0 -3  0  2    7   1   1   2   0   2   5   0   1   7  20  11   2   8   0   4   7   0   3  21  0.16 0.14
  121 L   -4 -6 -6 -6 -4 -6 -6 -7 -6  6  1 -6  0 -3 -6 -5 -1 -6 -4  5    0   0   0   0   0   0   0   0   0  49  13   0   1   0   0   0   3   0   0  33  1.35 0.47
  122 V   -3  7 -3 -4 -7  0  0 -5 -1 -5 -5  3 -5 -6 -5 -3 -3 -6 -4 -3    1  61   1   0   0   4   6   0   2   0   0  19   0   0   0   1   1   0   0   3  1.48 0.53
  123 K    0 -1  2  4 -4  1  3 -1  0 -5 -4  0 -3 -4 -3  2  0 -5 -4 -3    9   3   9  22   0   6  19   4   2   0   1   6   0   0   0  14   6   0   0   1  0.46 0.24
  124 Q    0 -4 -1 -5 -3 -2 -4 -5 -5  5  1 -4  2 -3 -5 -1  2 -5 -4  3    6   0   3   0   0   2   0   0   0  36   9   0   6   0   0   4  14   0   0  19  0.66 0.31
  125 L   -4 -6 -7 -7 -2 -5 -6 -7 -6 -1  6 -6  7 -3 -6 -6 -5 -5 -5 -2    1   0   0   0   1   0   0   0   0   1  70   0  25   0   0   0   0   0   0   2  1.73 0.58
  126 K   -1 -1  2  1 -6  1  6 -3 -2 -5 -4 -1  0 -4 -4 -1 -1 -4 -2 -4    4   3   8   6   0   6  54   1   1   0   1   2   2   1   0   4   4   0   1   0  0.90 0.40
  127 Y    0  1  1 -2 -3  0  0 -3 -2  2  0  1  0 -3 -3  0  3 -4 -2  1    7   7   7   1   0   3   5   0   0  12   9  12   2   0   0   6  20   0   0   8  0.18 0.16
  128 E   -3 -3 -2  5 -7  0  6 -5 -4 -7 -7  0 -5 -7 -5 -3 -3 -7 -5 -6    1   1   1  29   0   2  59   0   0   0   0   4   0   0   0   1   1   0   0   0  1.57 0.56
  129 I   -3 -1 -4 -6 -4 -4 -5 -6 -5  6  3 -4  4 -2 -5 -3 -2 -5 -4  1    2   4   1   0   0   0   0   0   0  45  25   1  11   0   0   1   2   0   0   8  0.99 0.38
  130 K    1 -2  1  4 -4  0  3 -1  0 -2 -3 -1 -2 -3 -3  1 -1 -4  1 -2   10   1   6  22   0   3  23   4   1   2   2   3   1   1   0   9   4   0   6   2  0.37 0.22
  131 A    2 -1  1 -2 -1  2 -1 -1 -1 -1  1 -1  1  0 -3  1  0 -3  0 -1   18   2  10   1   1  11   3   2   1   3  15   1   3   4   0  13   5   0   4   3  0.14 0.15
  132 M   -1 -1 -3 -4 -3  0 -1 -5 -2  1  1 -2  6  1 -4 -2  2 -1  1  0    4   4   0   0   0   5   4   0   1  10  13   2  27   5   0   2  15   1   4   3  0.45 0.27
  133 K    0  0 -2  1 -3  1  5 -3 -2 -2 -1  1  0 -4 -4  0 -2 -5 -2 -2    6   3   0   6   0   5  44   1   0   2   6   9   2   0   0   8   2   0   1   3  0.56 0.30
  134 A    0  0  0  1 -5  2  4 -3  0 -3 -3  0  1 -4 -3  0  0 -5 -3 -3    9   4   4   8   0   9  34   1   3   1   1   6   4   0   0   7   7   0   0   1  0.47 0.26
  135 R   -3  8 -3 -4 -5  0  0 -6  3 -3 -5  0 -3 -4 -5 -3 -4 -6 -4 -5    2  74   1   1   0   4   5   0   6   2   1   2   0   1   0   1   0   0   0   0  1.73 0.59
  136 H   -3 -3 -1  2 -7 -1 -1 -4 10 -4 -1 -4  0 -4 -6 -4 -5 -3  0 -5    2   1   2  10   0   3   3   1  64   1   7   0   2   0   0   1   0   0   3   0  1.94 0.62
  137 E    0  2  0  1 -4  1  2 -2  0 -2  0  2  0 -2 -3  0 -1 -2 -2 -2    7  13   5   7   0   5  16   2   3   2  10  16   2   1   0   5   2   0   1   1  0.20 0.14
  138 A    1  1  0  0 -3  2  1 -1 -1  0 -1  1  0 -2 -3  1  0 -2 -2  1   11   6   3   5   0  11  10   4   1   4   5   8   2   1   0   9   6   0   0  12  0.11 0.10
  139 Y    2 -4  0 -2 -2 -3 -1  5 -4 -3 -5 -2 -2 -4 -4  0 -2  0 -1 -1   18   0   5   1   1   1   3  50   0   2   0   2   1   0   0   6   1   1   2   6  0.79 0.34
  140 Q    4  0 -3 -4 -3  2 -1 -2 -3  2 -3  1 -2 -4 -3  0 -2 -3 -1  0   41   6   0   0   0  11   2   1   0  14   0   7   1   0   1   6   1   0   2   6  0.45 0.28
  141 G    1  2  0  1 -4  0  1  2 -1 -4 -3  3 -3 -4 -3  1 -1 -5 -4 -4   13  10   4   7   0   4   6  14   1   0   3  22   0   0   0  13   2   0   0   0  0.34 0.20
  142 A   -2 -5 -6 -6 -4 -5 -6 -6 -6  5  1 -5  3  2 -6 -4 -3 -1 -3  5    2   0   0   0   0   0   0   0   0  33   9   0   8   9   0   0   0   1   0  38  1.06 0.40
  143 V   -6 -6 -7 -7 -6 -6 -7 -7 -5 -1  0 -6  1  8 -7 -6 -6  6  4 -1    0   0   0   0   0   0   0   0   0   2   8   0   3  61   0   0   0  10  13   3  1.92 0.59
  144 K   -2  2  0  2 -5  0  5 -3 -3 -4 -4  2 -3 -5 -4  0  0 -6 -5 -3    3   9   5  10   0   2  38   2   0   1   1  14   0   0   0   7   6   0   0   1  0.66 0.32
  145 A    3 -1 -1 -2 -2  2 -2  0 -2 -3 -3  2 -1 -3 -3  2  2 -5 -3 -2   32   3   2   2   0   9   0   6   0   1   1  11   1   1   0  18  11   0   0   1  0.44 0.27
  146 W    4 -5 -5 -6 -4 -4 -5 -3 -5  1  1 -5  6  0 -5 -3 -3  6 -3 -1   35   0   0   0   0   0   0   2   0   7  13   0  25   4   0   0   0  12   0   2  1.02 0.44
  147 I    2 -6 -4 -5 -6 -5 -5  7 -6 -4 -7 -5 -6 -7 -5 -1 -4 -6 -6 -5   19   0   0   0   0   0   0  74   0   1   0   0   0   0   0   4   0   0   0   0  1.76 0.57
  148 D    1 -3 -2  3 -4 -3  1  4 -4 -2 -4 -2 -2 -5 -4  0  1 -5 -4 -3   12   1   1  16   0   0  10  38   0   3   1   1   1   0   0   5   9   0   1   1  0.61 0.29
  149 I   -2 -5 -5 -5  0 -3 -5 -6 -3 -1  1 -5  1  3 -6 -2 -2 -2  8  1    2   0   0   0   2   1   0   0   0   3  13   0   3  12   0   3   3   0  47  10  1.19 0.45
  150 G    6 -5 -5 -5 -3 -4 -4  0 -5 -4 -5 -4 -5 -2 -4  2 -3 -2 -4 -4   75   0   0   0   0   0   0   6   0   0   0   0   0   2   0  14   0   1   0   0  1.43 0.56
  151 P   -5 -7 -7 -6 -8 -6 -6 -4 -7 -8 -6 -6 -7 -8  9 -5 -6 -8 -8 -7    0   0   0   0   0   0   0   2   0   0   1   0   0   0  98   0   0   0   0   0  3.34 0.92
  152 A    5 -5 -4 -5 -4 -4 -4 -1 -5 -5 -5 -4 -4 -6 -4  0  5 -6 -5 -4   51   0   0   0   0   0   0   3   0   0   0   0   0   0   0   4  41   0   0   0  1.39 0.56
  153 M   -5 -6 -6 -7 -5 -5 -6 -6 -5  3  2 -6  7  5 -6 -5 -4  5  0 -1    0   0   0   0   0   0   0   0   0  16  15   0  30  28   0   0   0   7   3   2  1.34 0.48
  154 G   -4 -7 -5 -6 -7 -6 -6  8 -6 -8 -8 -6 -7 -8 -6 -4 -6 -7 -7 -8    0   0   0   0   0   0   0 100   0   0   0   0   0   0   0   0   0   0   0   0  2.73 0.77
  155 M   -5 -6 -7 -7 -5 -5 -6 -7 -6  5 -1 -6  9 -4 -7 -6 -5 -6 -5  1    0   0   0   0   0   0   0   0   0  33   3   0  56   0   0   0   0   0   0   8  2.14 0.68
  156 V   -4 -6 -7 -7 -2 -6 -6 -7 -7  7  3 -6  1 -3 -6 -5 -3 -6 -5  1    0   0   0   0   1   0   0   0   0  63  25   0   2   0   0   0   1   0   0   7  1.53 0.51
  157 G   -3 -7 -5 -6 -7 -6 -6  8 -6 -8 -8 -6 -7 -8 -6 -4 -6 -7 -7 -8    0   0   0   0   0   0   0 100   0   0   0   0   0   0   0   0   0   0   0   0  2.71 0.77
  158 T    4 -5 -4 -5 -5 -5 -5 -5 -6 -5 -5 -5 -5 -6 -5 -2  7 -7 -6 -4   28   0   0   0   0   0   0   0   0   0   0   0   0   0   0   0  72   0   0   0  1.88 0.69
  159 L   -4 -6 -7 -7 -4 -6 -6 -7 -6  0  5 -6 -2 -3 -6 -5 -4 -6 -4  5    0   0   0   0   0   0   0   0   0   3  53   0   0   0   0   0   0   0   0  44  1.42 0.51
  160 I   -4 -6 -6 -6 -3 -5 -6 -7 -6  6  2 -5  6 -3 -6 -5 -2 -5 -4  3    0   0   0   0   0   0   0   0   0  42  14   0  22   0   0   0   2   0   0  20  1.29 0.46
  161 G   -4 -7 -5 -5 -7 -6 -6  8 -6 -8 -8 -6 -7 -7 -6 -2 -6 -7 -7 -7    0   0   0   0   0   0   0  98   0   0   0   0   0   0   0   2   0   0   0   0  2.63 0.75
  162 L   -5 -6 -7 -8 -5 -6 -7 -8 -7 -2  7 -6  2 -3 -7 -6 -5 -6 -5 -3    0   0   0   0   0   0   0   0   0   0  97   0   3   0   0   0   0   0   0   0  2.10 0.67
  163 V   -4 -6 -7 -7 -5 -6 -7 -7 -7  6 -2 -6  0 -4 -6 -6 -4 -6 -5  6    0   0   0   0   0   0   0   0   0  50   1   0   2   0   0   0   0   0   0  48  1.75 0.57
  164 L    2 -3  1 -3 -5  5 -2  0  6 -1 -1 -2 -1 -5 -4 -1 -3 -5 -3 -3   18   0   7   0   0  32   0   6  20   3   7   0   1   0   0   3   1   0   0   1  0.81 0.40
  165 M    1 -6 -6 -7 -5 -5 -6 -6 -6 -1 -1 -5  9 -4 -6 -5 -4 -6 -5  4   10   0   0   0   0   0   0   0   0   2   3   0  55   0   0   0   0   0   0  30  1.91 0.65
  166 L   -5 -6 -7 -7 -5 -5 -6 -7 -6 -2  6 -6  6  0 -7 -6 -5 -5 -4 -2    0   0   0   0   0   0   0   0   0   0  76   0  20   3   0   0   0   0   0   1  1.79 0.60
  167 G    1  0  0 -2 -4  2  0  3 -3 -4 -3  2 -2 -5 -3  2 -1 -5 -4 -3   14   3   3   1   0  10   6  24   0   0   2  13   1   0   0  20   2   0   0   1  0.44 0.25
  168 N   -4 -2  8  0 -6 -1 -3 -3  1 -7 -7 -2 -4 -5 -6  0 -1 -7 -5 -6    1   2  71   5   0   3   1   1   3   0   0   1   0   1   0   6   4   0   0   0  1.72 0.59
  169 M   -5 -6 -7 -7 -5 -5 -6 -7 -6  0  6 -6  7 -3 -7 -6 -5 -5 -5 -2    0   0   0   0   0   0   0   0   0   3  65   0  31   0   0   0   0   0   0   1  1.83 0.61
  170 S    1 -4  3  4 -5 -1  1 -1 -3 -5 -5 -3 -5 -6 -4  4  0 -6 -5 -5   10   0  12  23   0   3   9   3   0   0   0   0   0   0   0  34   5   0   0   0  0.76 0.37
  171 D   -5 -5  2  8 -7 -4  0 -3 -4 -7 -6 -3 -7 -7 -5 -3 -4 -8 -7 -7    0   0   7  82   0   0   5   2   0   0   1   1   0   0   0   2   1   0   0   0  2.17 0.67
  172 P   -2 -5 -6 -5 -6 -4 -5 -5 -6  0 -6 -2 -3 -7  8 -2 -1 -7 -6 -1    3   0   0   0   0   0   0   0   0   6   0   3   1   0  76   3   4   0   0   4  2.15 0.66
  173 K    1 -3  0  2 -4 -1  1 -2 -3 -5 -4  2 -4 -5 -4  4  0 -6 -5 -4   10   0   3  11   0   2  11   2   0   0   1  14   0   0   0  41   5   0   0   0  0.67 0.35
  174 S    3 -1 -2 -3 -4  1  0 -3 -3 -4 -2  3 -1 -5 -3  3  3 -5 -4 -3   23   2   1   1   0   5   4   1   0   0   3  19   2   0   0  23  16   0   0   1  0.50 0.30
  175 I   -5 -6 -7 -7 -5 -6 -6 -6 -6  6  5 -6  0 -3 -6 -5 -4 -5 -4  0    0   0   0   0   0   0   0   1   0  39  56   0   1   0   0   0   0   0   0   3  1.45 0.49
  176 G   -1 -6 -4 -5 -6 -6 -6  7 -6 -8 -7 -5 -7 -7 -6 -2 -5 -7 -7 -6    4   0   0   0   0   0   0  93   0   0   0   0   0   0   0   2   0   0   0   0  2.39 0.69
  177 P    0 -4 -3 -4 -6 -1 -1 -1  3 -5 -4 -2 -4 -6  7  1 -3 -6 -4 -4    8   1   1   0   0   3   4   4   7   0   1   2   0   0  57   9   1   0   0   1  1.42 0.50
  178 A    4 -3  1 -2 -4 -2 -3  4 -4 -5 -4 -1 -1 -3 -4  2 -3 -5 -4 -4   35   1   6   2   0   1   1  32   0   0   1   4   2   1   0  13   0   0   0   0  0.75 0.35
  179 M   -5 -6 -7 -7 -6 -5 -7 -7 -6  6 -2 -6  9 -4 -7 -6 -5 -6 -5 -2    0   0   0   0   0   0   0   0   0  41   1   0  57   0   0   0   0   0   0   1  2.43 0.75
  180 A    7 -5 -5 -6 -3 -5 -5 -2 -6 -5 -6 -4 -5 -6 -5  1 -4 -7 -6 -4   88   0   0   0   0   0   0   3   0   0   0   0   0   0   0   9   0   0   0   0  1.87 0.66
  181 V    1 -5 -5 -5 -4 -5 -5 -3 -6  1 -1 -3  0 -4 -5 -1  2 -6 -4  6   11   0   0   0   0   0   0   2   0   5   3   1   2   0   0   4  13   0   0  59  1.00 0.43
  182 A    7 -6 -6 -6 -5 -5 -5 -3 -6 -6 -6 -5 -5 -7 -5 -3 -4 -7 -6 -4  100   0   0   0   0   0   0   0   0   0   0   0   0   0   0   0   0   0   0   0  2.31 0.77
  183 L   -5 -6 -7 -7 -5 -6 -7 -7 -6 -1  5 -6  1  7 -7 -6 -5 -4 -2 -3    0   0   0   0   0   0   0   0   0   3  52   0   3  42   0   0   0   0   0   0  1.66 0.55
  184 L   -4 -5 -6 -6 -4 -5 -6 -7 -6  5  4 -5  0 -3 -6 -5 -1 -5 -4  4    0   0   0   0   0   0   0   0   0  31  35   0   1   0   0   0   3   0   0  30  1.13 0.41
  185 T    5 -5 -4 -5 -3 -5 -5 -4 -6 -5 -5 -4 -5 -6 -5 -2  6 -6 -6 -4   44   0   0   0   0   0   0   0   0   0   0   0   0   0   0   0  55   0   0   0  1.66 0.63
  186 T   -4 -6 -4 -6 -5 -5 -5 -6 -6 -5 -6 -5 -5 -7 -6 -3  8 -7 -6 -4    0   0   0   0   0   0   0   0   0   0   0   0   0   0   0   0 100   0   0   0  2.71 0.87
  187 L   -5 -6 -6 -7 -5 -6 -6 -7 -5  3  5 -6  1  5 -6 -5 -4 -4 -1  0    0   0   0   0   0   0   0   0   0  18  52   0   3  23   0   0   0   0   1   3  1.22 0.43
  188 Y   -6 -6 -7 -8 -7 -6 -7 -8 -3 -6 -2 -7 -3  0 -8 -6 -6  1 10 -6    0   0   0   0   0   0   0   0   0   0   4   0   1   1   0   0   0   2  92   0  3.20 0.90
  189 G   -4 -7 -5 -6 -7 -6 -6  8 -6 -8 -8 -6 -7 -8 -6 -4 -6 -7 -7 -8    0   0   0   0   0   0   0 100   0   0   0   0   0   0   0   0   0   0   0   0  2.73 0.77
  190 A    4 -4 -4 -5  0 -4 -4 -4 -5  2 -1 -4 -2 -4 -4  3 -1 -5 -4  4   31   0   0   0   2   0   0   0   0  13   4   0   0   0   0  21   3   0   0  26  0.69 0.35
  191 L    1 -4 -4 -5 -3 -4 -4  2 -4  2  2 -4  4  3 -4 -1 -3 -4 -2  2   11   0   0   0   0   0   0  17   0  12  17   0  11  13   0   3   0   0   0  14  0.44 0.24
  192 M   -2 -4 -4 -5 -3 -4 -4 -3 -4  3  3 -4  3  2 -5  1  1 -2 -3  0    2   0   0   0   0   0   0   1   0  14  36   0   9   8   0  14   9   0   0   5  0.54 0.28
  193 A    7 -5 -5 -5 -4 -3 -5  1 -5 -5 -5 -4 -5 -6 -5  1 -4 -6 -6 -4   82   0   0   0   0   1   0   9   0   0   0   0   0   0   0   8   0   0   0   0  1.68 0.61
  194 N   -6 -5  9 -3 -7 -2 -5 -5 -2 -7 -7 -4 -6 -5 -6 -3  0 -7  3 -7    0   0  84   0   0   1   0   0   1   0   0   0   0   0   0   0   5   0   9   0  2.43 0.76
  195 V   -2 -5 -6 -6 -1 -5 -5 -3 -5  2  4 -5  4 -1 -5 -4 -3  2 -4  3    3   0   0   0   1   0   0   2   0   9  48   0  12   2   0   0   0   3   0  20  0.92 0.37
  196 I   -3 -5 -6 -6 -4 -5 -6 -6 -5  4  3 -5  1  5 -6 -5 -4 -4 -2  3    1   0   0   0   0   0   0   0   0  26  27   0   2  21   0   0   0   0   0  23  1.00 0.37
  197 F    1 -6 -6 -7  5 -6 -6 -3 -5 -3  0 -6  0  7 -6 -4 -4  7  1 -3   14   0   0   0  13   0   0   2   0   1   7   0   2  42   0   0   1  15   3   1  1.37 0.48
  198 A   -2 -4  0 -4 -4 -3 -5 -3  3  3  4 -4  0  0 -5 -2 -1 -4 -2 -1    2   0   5   0   0   1   0   2   8  18  51   0   1   3   0   3   5   0   0   1  0.70 0.33
  199 P   -6 -7 -5 -6 -8 -6 -6 -7 -7 -8 -8 -6 -7 -9  9 -5 -6 -9 -8 -7    0   0   1   0   0   0   0   0   0   0   0   0   0   0  99   0   0   0   0   0  3.45 0.94
  200 I   -3 -6 -6 -6 -3 -5 -6 -6 -6  6  1 -5  5  3 -5 -5 -3 -2 -2  2    1   0   0   0   0   0   0   0   0  46  10   0  17  11   0   0   1   0   0  11  1.13 0.42
  201 L    6 -4 -4 -5 -3 -2 -4  1 -4 -4 -3 -3 -3 -4 -4  1 -3 -6 -4 -2   69   0   0   0   0   2   0  11   0   0   2   1   0   0   0  11   0   0   0   1  1.22 0.50
  202 N    0 -2  5  2 -4  0  0  2 -2 -4 -4  1 -3 -4 -4  1  1 -5 -3 -3    7   1  27  14   0   3   4  14   0   1   0   7   0   0   0  10   9   0   1   1  0.51 0.26
  203 K   -5  1 -1 -5 -7 -3 -3 -6 -5 -3 -7  8 -5 -7 -5 -4 -4 -7 -6 -6    0   6   3   0   0   0   0   0   0   2   0  89   0   0   0   0   0   0   0   0  2.23 0.72
  204 L   -4 -6 -7 -7 -4 -6 -7 -7 -7  2  6 -6  0 -3 -7 -6 -4 -5 -5 -2    0   0   0   0   0   0   0   0   0  10  88   0   1   0   0   0   0   0   0   0  1.81 0.59
  205 E    0  2 -2 -2 -5  0  2 -2  1 -4 -4  6  0 -5 -4  0 -1 -4 -4 -4    8   8   1   1   0   3  12   3   3   1   1  48   3   0   0   6   3   0   0   1  0.74 0.35
  206 G    1  1  1 -2 -2  0  0  0  0  0  1 -1  1 -1 -3  0  0 -3  0  0   16  10   8   1   0   2   5   6   2   6  14   2   3   2   0   7   6   0   3   7  0.06 0.08
  207 Y   -3  5 -1 -4 -1  0 -3 -5  0  0  0  4 -1 -3 -5 -3 -3 -3  1 -2    1  38   2   0   2   4   0   0   2   7   9  24   1   0   0   1   0   0   5   3  0.75 0.35
  208 S    1 -2  1  1 -3 -2 -2 -2  0  1 -1 -1  0 -3 -3  3  2 -5 -3  0    9   1   8   7   0   0   0   1   3   8   5   3   3   1   0  31  11   0   0   8  0.30 0.22
  209 A    1  0  1  1 -4  2  2 -1  0 -2 -1  2 -1 -3 -3  0 -1 -4 -2 -2   14   4   7   9   0   9  13   5   2   2   7  16   1   1   0   6   2   0   1   1  0.20 0.14
  210 D    0  1 -1  1 -4  3  4 -3  0 -2 -1  1 -1 -4 -4 -1 -2 -5 -1 -2    6   6   3   9   0  16  32   1   2   2   5   7   2   0   0   4   1   0   2   3  0.46 0.25
  211 E   -4  0 -3 -1 -7  2  7 -5 -2 -6 -3 -1 -3 -6 -5 -2 -4 -7 -5 -5    1   4   1   2   0   7  77   0   1   0   2   2   1   0   0   2   0   0   0   0  1.67 0.61
  212 V    0 -1 -2 -2 -2  0  0 -3 -2  2  0  0  2 -1 -3  0  1 -4 -1  3    9   3   1   1   1   4   5   1   0  14   8   5   7   2   0   7   9   0   1  22  0.18 0.14
  213 T   -1  1 -1 -2 -3  1 -1 -2  0  0  3  0  3  0 -3 -1  1 -3 -2  0    6   8   3   1   0   7   3   2   3   3  29   7   9   3   0   3   9   0   0   5  0.17 0.15
  214 Y   -1  0  3 -2  0  0  0 -3  0  1  0 -2  1  0 -4  0 -1 -3  3  1    5   4  16   1   2   4   8   0   2   8  10   1   4   4   0   5   3   0  13   9  0.16 0.15
  215 R   -4  5  0 -3 -1  2 -2 -4  0 -4 -1  5  4 -4 -5 -3 -4 -5 -4 -4    0  31   4   1   2   8   1   1   3   0   7  32  10   0   0   1   0   0   0   0  0.89 0.40
  216 E   -3  0  0 -1 -5  3  6 -4 -2 -5 -3 -1  0 -3 -4  0  1 -4 -2 -3    1   5   4   2   0  13  50   0   1   0   2   1   2   1   0   6   8   0   1   2  0.85 0.40
  217 L   -4 -5 -6 -7 -5 -5 -6 -7 -6  4  3 -5  8 -3 -6 -4 -3 -5 -4  0    1   0   0   0   0   0   0   0   0  25  30   0  36   0   0   1   1   0   0   6  1.44 0.51
  218 V   -3 -5 -6 -6 -2 -4 -5 -6 -6  6  1 -4  6 -2 -6 -5 -3 -2  0  3    1   0   0   0   1   1   0   0   0  49   8   1  19   1   0   0   1   1   3  16  1.21 0.45
  219 I   -2 -2 -6 -6 -2 -5 -5 -6 -5  5  3 -5  3  0 -5 -4 -2 -5 -2  2    3   2   0   0   1   0   0   0   0  42  24   0   6   4   0   0   2   0   1  14  0.90 0.35
  220 E   -3 -2 -2  4 -7 -1  7 -5 -4 -5 -4 -2 -4 -5 -5 -3 -3 -7 -5 -5    2   2   1  20   0   1  68   0   0   0   2   1   0   0   0   0   2   0   0   1  1.58 0.59
  221 G    1 -6 -4 -5 -6 -5 -6  7 -6 -7 -7 -5 -6 -6 -6 -2 -3 -6 -7 -6   11   0   0   0   0   0   0  84   0   0   0   0   0   0   0   3   2   0   0   0  2.05 0.64
  222 L   -1 -5 -6 -6  0 -5 -5 -6 -6  5  3 -5  1 -2 -5 -3 -2 -2 -4  4    6   0   0   0   2   0   0   0   0  35  22   0   3   1   0   2   2   1   0  28  0.90 0.36
  223 R   -2 -1 -4 -5 -1 -2 -3 -5 -5  3  4 -1  3 -3 -5 -3 -2 -5 -4  2    2   3   0   0   1   1   2   0   0  17  49   4   8   0   0   1   1   0   0  11  0.73 0.32
  224 G    3 -4 -1 -3  1 -2 -4  2 -4 -5 -3 -3  0 -2 -4  5 -2 -5 -2 -4   29   0   2   0   3   1   0  15   0   0   2   0   2   1   0  42   0   0   1   0  0.81 0.41
  225 I   -5 -7 -7 -7 -5 -7 -7 -8 -7  8  0 -7 -1 -4 -7 -6 -5 -7 -5  1    0   0   0   0   0   0   0   0   0  85   7   0   1   0   0   0   0   0   0   6  2.16 0.66
  226 A    2  0 -3 -4 -5  7 -1 -3 -3 -4  0 -2 -1 -6 -5 -1 -4 -6 -5 -3   19   5   1   0   0  57   1   2   0   1   9   0   1   0   0   3   0   0   0   2  1.23 0.54
  227 R    3  0  1  2 -3  1  3 -3 -2 -4 -4  0 -4 -4 -3  2 -2 -5 -4 -4   27   5   5  11   0   6  20   1   1   0   1   4   0   0   0  16   1   0   0   0  0.49 0.28
  228 G   -3 -5  0 -4 -6 -3 -5  7 -6 -8 -8 -5 -7 -7 -6 -1 -5 -7 -7 -7    1   0   5   1   0   1   0  88   0   0   0   0   0   0   0   3   0   0   0   0  2.18 0.66
  229 E   -3 -2  1  3 -6  3  5 -4 -2 -2 -3  0 -1 -5 -4 -2 -2 -5 -2  0    1   1   6  17   0  12  41   1   1   2   2   5   2   0   0   1   2   0   1   6  0.75 0.36
  230 S   -2 -5  8 -3 -7 -4 -4 -5  3 -7 -7 -4 -6 -7 -5  1 -3 -8 -6 -7    3   0  80   0   0   0   0   0   6   0   0   0   0   0   0  11   1   0   0   0  2.24 0.73
  231 A   -4 -7 -7 -6 -7 -6 -6 -6 -5 -7 -7 -6 -7 -8  9 -4 -3 -8 -3 -6    1   0   0   0   0   0   0   0   0   0   0   0   0   0  94   1   1   0   1   0  3.12 0.89
  232 R   -2  7  1 -4 -6 -1 -3 -4  0 -3 -4  3  0 -6 -5 -1 -2 -6 -3 -4    3  59   7   0   0   1   0   1   2   2   1  15   3   0   0   3   2   0   1   1  1.26 0.48
  233 M   -1 -3  1 -4 -3 -2 -4 -4 -2  4  1 -4  2  0 -4  0  0 -4 -2  3    4   1   8   0   0   1   0   0   1  26  14   0   4   4   0   7   4   0   1  23  0.44 0.24
  234 I   -4 -6 -6 -7 -4 -5 -6 -7 -6  6  3 -6  3 -3 -6 -5 -3 -5 -4  3    0   0   0   0   0   0   0   0   0  49  26   0   6   0   0   0   1   0   0  19  1.30 0.46
  235 E   -2  2 -3  0 -6  2  6 -3 -2 -4 -4  1 -4 -5 -4 -3 -3 -5  1 -3    3  13   0   4   0   7  51   2   1   1   1   9   0   0   0   0   1   0   5   1  0.94 0.42
  236 D   -1 -1 -1  1 -5  3  5 -1 -1 -4 -2 -1  0 -5 -3  1 -2 -5 -4 -4    3   3   2   7   0  15  41   5   1   0   5   2   3   0   0   9   2   0   0   1  0.66 0.34
  237 Q   -4  3 -4 -4 -6  1 -3 -5 -2 -2 -1  6  3 -3 -5 -3 -3 -6 -2 -4    0  14   0   0   0   4   0   0   1   3   5  61   7   1   0   0   1   0   2   1  1.21 0.49
  238 M   -5 -6 -7 -8 -5 -6 -7 -8 -7 -1  7 -6  2 -3 -7 -6 -5 -6 -5 -3    0   0   0   0   0   0   0   0   0   1  95   0   4   0   0   0   0   0   0   0  2.02 0.65
  239 V    0  1  1 -2 -3  1  0 -2 -1 -1  0  2  1 -2 -3  1 -1 -4 -2  0    6   6   8   1   0   8   4   2   1   3  13  19   4   1   0  15   2   0   1   6  0.16 0.15
  240 C    3 -4  1 -3 -2 -3 -3  2 -4 -2 -4 -2 -2 -4 -3  3  2 -5 -4 -1   25   0   8   0   1   0   0  16   0   1   1   1   1   0   1  28  13   0   0   5  0.57 0.32
  241 A   -4 -6 -3 -6 -6 -5 -6 -7 -1 -3 -2 -6  0  7 -7 -4 -4 -2  8 -3    1   0   2   0   0   0   0   0   1   1   3   0   2  43   0   1   1   0  43   1  1.94 0.62
  242 L   -4 -5 -6 -7 -4 -4 -6 -5 -6  2  6 -6  2 -3 -6 -4 -4 -5 -4  1    1   0   0   0   0   1   0   1   0  10  76   0   4   0   0   1   0   0   0   6  1.38 0.49
  243 D    1 -3  1  1 -5 -2 -1 -3  0 -4 -4 -2 -2 -5  6  2  0 -6 -5 -3   12   1   6   7   0   1   4   1   2   0   1   2   1   0  39  15   6   0   0   1  0.84 0.35
  244 R    0 -2 -1 -1 -5  1  3 -4 -1 -5 -5 -1 -3 -6  6 -1 -2 -6 -4 -4    7   2   3   3   0   6  21   1   2   0   0   3   1   0  44   3   2   0   1   1  1.07 0.40
  245 K    1  0  1  0 -4  0  1  0 -1 -5 -4  4 -3 -5 -2  2 -1 -5 -4 -3   12   3   6   3   0   3   9   7   1   0   0  35   0   0   1  16   2   0   0   1  0.50 0.27
  246 Q   -1 -1 -2  1 -5  4  4 -2  2 -3 -1  2  0 -4 -2 -1 -2 -4 -3 -3    4   1   1   9   0  21  26   2   5   1   6  15   3   0   1   2   1   0   0   2  0.51 0.28
  247 Q   -3  8 -3 -4 -4  1 -1 -5 -4 -5 -4  2 -3 -6 -4 -3 -4 -1 -5 -6    2  74   1   1   0   6   2   0   0   0   2   8   0   0   0   2   1   1   0   0  1.71 0.57
  248 M    1  0 -1 -1 -4  2  2 -1  0  0 -1  3 -1 -3 -2  0 -1 -4 -3  0   11   4   1   3   0   8  18   3   3   6   4  22   1   1   1   4   3   0   0   8  0.22 0.16
  249 K    1  1 -1  0 -4  2  3 -2 -2 -3 -4  4 -2 -4 -2  1  0 -5 -4 -2   13   6   2   3   0   9  17   1   0   1   0  29   1   0   1   9   4   0   0   3  0.42 0.22
  250 R    0  1 -1 -1 -3  1  2 -2 -1  0  1  0  1  0 -2 -1 -1 -2  2 -1    6   7   2   2   0   7  16   2   0   6  15   6   4   5   1   4   2   0   9   4  0.09 0.09
  251 K    0  0 -2  1 -5  1  5 -2 -2 -4 -3  3 -3 -4 -3 -1 -2 -5 -3 -3    8   3   0   8   0   6  45   2   0   0   2  20   0   1   0   2   1   0   0   1  0.72 0.30
  252 A    4 -3 -3 -1 -3 -1  4 -3 -3 -4 -3  0 -2 -5 -2  1  0 -5 -4 -2   46   0   0   2   0   1  30   0   0   0   2   4   1   0   1   7   4   0   0   1  0.66 0.30
  253 A    6 -3 -3 -4 -2 -3 -3 -2 -4 -3 -4 -3 -3 -4 -3  1  0 -5 -4 -2   86   0   0   0   0   0   0   0   0   0   0   0   0   0   0  10   4   0   0   0  1.18 0.35

                      K         Lambda
Standard Ungapped    0.1385     0.3235
Standard Gapped      0.0628     0.2670
PSI Ungapped         0.2047     0.3154
PSI Gapped           0.0628     0.2670
