
Last position-specific scoring matrix computed, weighted observed percentages rounded down, information per position, and relative weight of gapless real matches to pseudocounts
           A  R  N  D  C  Q  E  G  H  I  L  K  M  F  P  S  T  W  Y  V   A   R   N   D   C   Q   E   G   H   I   L   K   M   F   P   S   T   W   Y   V
    1 M   -3 -3 -4 -5 -3 -2 -4 -5 -3  0  1 -3  9 -2 -4 -3 -2 -3 -3 -1    0   0   0   0   0   0   0   0   0   0   6   0  94   0   0   0   0   0   0   0  1.74 0.47
    2 T    0  3 -1  0 -3 -1 -1 -1  1 -1 -2  1 -2 -3 -2  1  3 -4 -2 -1    8  24   0   6   0   0   0   3   5   5   0   7   0   0   0  10  30   0   0   3  0.31 0.19
    3 V    0  0 -3 -4  2 -2 -3 -1 -3  1  1 -2  6 -2 -3 -1  2 -4 -3  1    7   7   0   0   6   0   0   5   0   9   9   0  29   0   0   2  19   0   0   7  0.40 0.28
    4 L   -1 -3 -3 -4 -3 -3 -3 -4  0  2  2 -3  5  1 -1 -1  2 -3 -2  1    5   0   0   0   0   0   0   0   3  15  19   0  19   7   3   5  14   0   0   9  0.36 0.26
    5 N    0 -1  3  0 -3  0 -2 -1  0 -2 -2  2  4 -1 -2 -1  1 -3  0 -1    7   0  20   3   0   4   0   4   2   0   1  18  16   3   1   2  12   0   4   4  0.27 0.26
    6 R    0  3  1  0 -4  3 -1 -1  3 -4 -4  2 -3 -4 -2  1 -2 -4 -3 -3   10  21   7   4   0  16   0   5   8   0   0  12   0   0   1  14   0   0   0   1  0.42 0.28
    7 L    0 -2 -3 -4 -3 -1 -3 -3  1  3  3 -1  3  0  0 -1  0 -3 -2  1    9   2   0   0   0   2   0   1   5  18  29   5   8   3   4   4   4   0   0   6  0.25 0.21
    8 H    0  2  0  0 -1 -1  0 -3  5 -1 -3  0 -2  1  1  0 -1 -3  2 -2    8  14   3   5   1   2   4   1  20   4   1   3   1   5   6   8   3   0   9   2  0.28 0.23
    9 V    0  1  0  0 -2  0  0 -1 -1  0  0  0  1 -2  0  1  0 -3 -2  1   10   8   4   5   0   2   6   3   2   7  11   4   7   0   4  13   3   0   1  10  0.05 0.09
   10 C    1  3 -1 -3  4 -2 -1 -3 -2 -4 -3  2  1 -4  5  0 -2 -5 -4 -2   12  18   2   0   9   1   3   0   1   0   2  12   4   0  27   8   1   0   0   2  0.62 0.37
   11 S    1 -1 -1 -3 -1  0 -2 -1 -3 -2 -2 -1  0 -4  3  3  3 -4 -4 -1   14   3   1   0   1   3   1   4   0   1   3   3   3   0  17  22  20   0   0   4  0.42 0.32
   12 L    1  0 -3 -3 -1 -2 -3 -3 -2  0  3 -2  2  1  0 -1  1  0 -1  0   14   5   0   1   1   1   0   1   1   4  35   1   5   7   4   3   9   1   1   6  0.24 0.23
   13 L   -2  0 -5 -2 -4 -4 -4 -3 -4  1  4 -4  4  1 -1 -4 -1 -1 -3  0    3   6   0   3   0   0   0   2   0   8  50   0  11   4   3   0   3   1   0   5  0.61 0.39
   14 A    3 -2  0  0 -2 -2 -2  0 -4 -1 -1 -2 -3 -2  3  2  2 -5 -4 -2   28   2   4   5   1   0   0   5   0   3   6   2   0   1  16  13  13   0   0   1  0.38 0.32
   15 V    0  1 -4 -4 -4 -1 -3 -2  3  1  2 -3  6 -3 -3 -3  0 -5 -3  1    6   7   0   0   0   2   1   3   8   8  19   0  28   0   1   1   5   0   0  11  0.60 0.42
   16 S    3 -3 -2  0 -1  0 -1  1 -1 -3 -1 -2  0 -3 -1  2  1 -4 -3 -1   33   0   1   5   1   4   2   9   1   0   8   0   2   1   3  14  10   0   0   4  0.30 0.29
   17 S    1 -2 -1  2 -1 -1 -1  1  0 -2  1 -1  0 -1  0  1  0 -4 -3 -1   12   1   2  17   1   2   2  11   2   1  20   2   2   2   4  11   4   0   0   3  0.14 0.18
   18 L    1 -2 -4 -4 -4 -1 -3 -2 -1  0  3 -2  6 -1  0 -2 -2 -4 -3 -1   14   2   0   0   0   2   2   2   2   4  33   1  25   2   5   2   2   0   0   2  0.59 0.42
   19 G    2 -3 -2  0 -2 -1 -3  4 -4 -2 -2 -2 -3 -4  0  1  1 -1 -4 -2   17   1   1   4   1   3   0  37   0   2   3   2   0   0   4  13   9   1   0   2  0.50 0.35
   20 M    1 -3 -4 -2 -2 -2 -3 -2  1  0  2 -3  7 -2 -2 -1 -2 -4 -3  1   13   1   0   2   0   1   1   3   4   3  20   1  32   1   2   5   1   0   1   8  0.62 0.44
   21 L    2 -2 -2  0 -3  1  0 -1 -3  0  1 -1  3 -3  0  1  1 -4 -2 -1   17   1   1   6   0   6   6   4   0   4  12   2  12   0   3  12   9   0   1   2  0.16 0.21
   22 P    2 -3 -2  1 -4 -1 -2  1  4 -2 -2 -2  0 -4  4  1 -1 -5 -3 -3   16   1   1  10   0   1   1  11  11   2   5   1   3   0  21  11   3   0   0   1  0.44 0.33
   23 V    1 -1 -2 -2 -3  0 -2  0  1 -1  0 -2  4 -2  1  1  0  0 -3  1   14   2   1   1   0   5   2   9   4   1   8   2  16   1   6   9   4   2   0  12  0.19 0.23
   24 G    2 -2 -1  0 -2  0 -1  2 -1 -3 -2 -2  1 -3  3  1  0 -4 -3 -2   24   1   3   6   1   3   2  18   2   1   4   1   4   1  14   9   5   0   0   2  0.32 0.26
   25 V    2 -1 -2 -2 -3  0 -1 -1  3  0 -1 -2  4  0  1  0  0 -3 -1  0   22   2   1   2   0   4   2   3  10   5   5   1  14   4   6   6   5   0   1   7  0.21 0.23
   26 F    2 -2 -1  1 -1  1 -1  1  0 -2 -1  0  0  0  1  0  0 -1 -2 -1   20   1   2   7   1   8   2  13   3   1   5   4   3   4   8   8   5   1   1   2  0.14 0.15
   27 A    3 -1 -1 -1 -3  0 -2 -1  4 -2 -2 -2  2 -2  1  1  1 -1 -2 -1   31   2   3   3   0   4   1   4  13   1   2   2   7   1   6  10   8   1   1   3  0.32 0.29
   28 A    3 -2  0  2 -1  2  0  0 -1 -3 -3 -1  1 -4  0  1  1 -4 -3 -2   27   0   4  12   1  11   5   7   2   0   1   3   4   0   4  10   8   0   0   2  0.29 0.27
   29 E    0 -2  0  1 -3  1  1  0  3 -3 -2  0  2 -4  2  1  0 -1 -3 -3    7   0   2   9   0   8  12   6   8   0   2   5   9   0  10  13   6   1   0   1  0.26 0.25
   30 A    2 -1 -1  0 -2  2  0  1  4 -3 -3 -1  2 -3  1  1  0 -4 -3 -2   16   3   2   5   0  10   4   9  13   0   1   1   6   1   8  14   7   0   0   1  0.28 0.27
   31 A    2 -2 -1  2 -3  1  0  1 -1 -2 -3 -1 -1 -4  2  2  0 -4 -3 -1   20   2   2  12   0   6   3  10   1   3   1   2   1   0   9  18   6   0   0   4  0.25 0.23
   32 M    1 -3 -3  1 -4  0 -1  0  3 -2 -1 -2  7 -3 -1  0 -1  0 -3 -1   11   0   1   8   0   3   3   7   7   1   3   1  36   0   2   6   4   1   0   4  0.57 0.44
   33 P    2 -2 -1 -1 -4  2  0 -1  2 -3 -3  0 -1 -3  4  1  0 -4 -3 -3   19   1   3   2   0  13   6   3   6   2   2   4   1   1  24   8   5   0   0   1  0.47 0.33
   34 G    2 -2 -2 -2 -4  1 -2  4  3 -4 -4 -2 -2 -4  1  1 -1 -4 -4 -3   19   1   1   2   0   6   1  39   7   0   1   1   1   0   6   9   3   0   0   1  0.60 0.37
   35 V    1 -4 -3 -2 -4 -3 -3 -3  2 -2 -1 -3  8 -3 -2 -1 -1 -4 -3  1   12   0   1   3   0   1   1   2   5   1   3   1  52   1   2   4   3   0   0   9  1.17 0.64
   36 D   -1 -4  2  6 -5 -2  0  0 -1 -5 -5 -2 -1 -5 -2  0  0 -6 -5 -5    4   0  10  55   0   1   4   6   1   0   0   2   2   0   1   5   7   0   0   0  1.06 0.54
   37 H   -1 -2  1 -2 -5  1 -3 -1  9 -5 -3 -3  2 -4 -1 -1 -2 -5 -2 -4    5   1   6   2   0   5   0   6  56   0   2   1   5   0   4   3   2   0   0   1  1.48 0.68
   38 S    2 -3 -1 -1 -2 -1 -1  3  1 -4 -3 -2 -2 -2 -2  4  0 -4 -3 -3   14   1   1   2   1   2   4  21   4   0   2   1   1   2   1  36   6   0   0   0  0.51 0.38
   39 Q    2 -1  0  1 -3  4  0 -1 -1 -2 -3  1 -1 -4  0  2  1 -4 -3 -2   17   2   3   7   0  20   4   4   1   2   2   7   2   0   4  16   8   0   0   1  0.31 0.28
   40 M   -1 -2 -4 -3 -4 -1 -4 -2  4 -1 -1 -4  9 -3 -1 -2  0 -4 -3 -1    5   2   0   1   0   2   1   3  12   2   2   0  52   0   3   3   7   0   0   3  1.25 0.65
   41 Q    1 -1 -1  1 -3  3  1  1  2 -4 -3  0 -1 -4  2  1 -1 -4 -3 -3   15   2   2   7   0  14   8  13   6   0   2   4   2   0  12   8   4   0   0   0  0.30 0.24
   42 G    0 -2 -1 -1 -3  2  0  4  3 -3 -3 -1  0 -4  0  0 -1 -4 -3 -3    9   1   2   4   0   9   6  36   9   1   1   2   3   0   5   8   3   0   0   1  0.45 0.30
   43 M    0 -2 -3 -3 -4 -1 -3 -1 -1 -3 -2 -3  9 -3  0 -1 -1 -5 -2 -1    7   2   1   1   0   2   1   4   2   0   2   1  58   1   4   5   3   0   1   4  1.34 0.71
   44 D    0 -3  1  6 -5  0  0 -1 -3 -5 -5 -2 -2 -5  0 -1  0 -5 -2 -4    8   0   6  53   0   3   5   3   0   0   1   1   1   0   5   4   6   0   2   0  0.94 0.50
   45 H   -2 -2 -1 -2 -5  1 -2 -2  9 -3 -3 -1  2 -4  2 -2 -2 -5 -2 -4    3   1   2   2   0   5   1   3  53   1   2   3   6   0  10   3   3   0   0   1  1.38 0.66
   46 S    2 -2 -1  0  0  0 -1  2  0 -4 -4  0  0 -4  1  3  0 -4 -3 -3   15   1   2   4   2   3   2  19   2   0   0   4   3   0   7  30   5   0   0   0  0.39 0.31
   47 K    2  0  0  0 -3  2  1  0 -1 -3 -3  1  1 -4  0  2 -1 -4 -3 -2   18   4   3   4   0  13   8   8   1   0   0  10   4   0   4  17   3   0   0   2  0.26 0.25
   48 M    1 -2 -2 -2 -4 -2 -2 -3  2 -3 -1 -1  8 -4  1  0 -2 -5 -4 -2   10   1   1   2   0   1   3   2   5   0   2   3  51   0   7   7   2   0   0   1  1.09 0.66
   49 Q    2 -1  0  2 -3  2  0  1  0 -3 -4  0 -1 -4  3  0  0 -4 -3 -2   17   2   4  11   0   9   6  12   3   0   0   7   1   0  14   7   5   0   0   2  0.30 0.23
   50 G    1 -1  0  0 -3  0 -1  3  5 -2 -3 -1  0 -3  1  0 -1 -4  0 -2   13   3   3   7   0   5   3  21  17   2   1   2   3   0   8   5   3   0   2   2  0.35 0.27
   51 M    1 -1 -1 -2  0  0  0 -1  1 -2 -1  0  6 -3 -1  0  1 -4 -1 -1   11   2   2   2   2   4   6   5   4   0   3   4  31   0   2   6   9   0   2   4  0.40 0.35
   52 D    0 -2  0  4 -3  0  1  0 -2 -3 -2  0 -3 -4  2  1  0 -4 -3 -1    9   0   4  24   0   5   9   9   0   0   4   5   0   0  10  11   5   0   0   4  0.31 0.23
   53 H    0  0  0  0 -3  1  0  0  5 -3 -3  0  2 -1  1  0  0 -3  1 -1    7   4   4   4   0   7   7   6  19   0   1   4   9   3   7   5   6   0   4   4  0.25 0.25
   54 S    0  1  1  1 -3  1  0  0  2 -2 -1  0  1 -2  1  0  0 -3 -2  0    7   7   7   7   0   7   7   7   6   0   7   7   6   0   7   7   7   0   0   7  0.09 0.10
   55 Q    1 -1  0  1 -3  3  1  0 -1 -3 -3  0  1 -4  1  1  0 -4 -3 -2   16   2   3   7   0  18   6   7   1   0   2   6   4   0   8  12   5   0   0   2  0.28 0.26
   56 M   -1 -3 -4 -2 -2 -1 -3 -2  5 -1 -2 -3  9 -4 -1 -1 -2 -5 -2 -3    5   1   0   2   1   3   1   3  12   3   2   2  53   0   3   4   3   0   1   0  1.38 0.75
   57 Q    2 -1  0  1 -3  3  0  1  0 -3 -2  0  0 -4  2  1  0 -4 -3 -2   16   1   3   7   0  15   5  10   3   0   3   6   3   0  12   9   4   0   0   1  0.27 0.25
   58 G    1 -3 -2  1 -4  0 -2  4  3 -3 -3  0  0 -4  0  0 -1 -4 -4 -4   11   0   1   7   0   5   1  39   7   1   2   6   3   0   5   7   3   0   0   0  0.53 0.37
   59 M   -1 -3 -3 -2 -5 -1 -3 -4  2 -2 -2 -2  9 -1 -1 -2 -1 -5 -4 -2    5   1   1   2   0   2   2   2   6   1   1   2  61   2   3   3   4   0   0   1  1.65 0.87
   60 D    0 -3  2  6 -1 -1  0 -1 -1 -4 -3 -2  0 -5  1 -1 -1 -5 -5 -4    9   1   8  45   2   2   6   4   1   0   2   2   2   0   8   5   2   0   0   1  0.76 0.48
   61 H    0 -1 -2 -2  0  1 -2  0  8 -5 -3 -4  3 -4  0 -2 -1 -5 -2 -3    6   4   1   2   2   7   2   6  45   0   3   0   9   0   5   3   3   0   1   2  1.14 0.65
   62 S    1 -2 -1  1  0 -1 -1  3  0 -2 -3 -1 -1 -4  0  3  0 -5 -4 -2   10   1   1   7   2   3   3  23   3   2   1   2   2   0   5  28   4   0   0   2  0.38 0.33
   63 K    1 -1  0  1 -3  1  0  1  0 -2 -2  1  2 -2  1  1  0 -1 -3 -2   12   2   4   7   0   9   6  11   2   2   3   7   7   2   7  12   4   1   0   1  0.15 0.18
   64 M    0 -4 -2 -2 -4  1 -2  0  4 -2 -1 -3  7 -4  1  0  0 -4 -2 -2    6   0   2   3   0   6   2   7  10   1   4   1  37   0   6   7   4   0   1   2  0.75 0.54
   65 Q    1 -1 -1  1 -4  3  0  1  2 -4 -3  0  1 -4  3  1  0 -4 -1 -3   12   3   2   7   0  15   4  13   5   0   1   5   5   0  14   8   4   0   2   0  0.32 0.28
   66 G    1 -1 -1 -1 -3  0 -1  3  2 -3 -3 -1  1 -4  1  1 -1 -4 -1 -2   14   2   2   2   0   4   4  28   7   0   1   3   5   0   6  11   4   0   2   3  0.34 0.29
   67 M    0 -2 -1 -2 -4 -1 -2 -1  1 -2 -1 -1  7 -3  0  0  1  1 -4 -2    9   2   2   2   0   2   3   5   3   1   3   4  39   0   5   5   8   2   0   2  0.67 0.53
   68 D    0 -2  0  4 -4  0  0  2  0 -1 -2  0  1 -3  1  0 -1 -4 -1 -1    8   2   3  25   0   5   4  14   2   4   3   4   4   0   8   6   3   0   2   3  0.25 0.24
   69 H    0 -1  1  0 -3  0  0  1  5 -1 -2 -1  3 -3  0  0  0 -4  0 -1    7   3   5   4   0   4   5  11  18   4   3   3  10   0   5   5   5   0   3   4  0.24 0.25
   70 S    0  0  1  1 -3  0  0  1  1 -1 -1  0  2 -3  1  1  0 -3  0 -1    8   5   6   9   0   4   5  10   4   3   3   4   8   0   6  13   4   0   3   4  0.10 0.13
   71 Q    0  0  1  0 -2  1  0  0  2  0 -1  0  1 -2  1  0  0 -3 -2  0    6   6   6   6   0   6   6   6   6   6   6   6   6   0   6   6   6   0   0   6  0.06 0.08
   72 M    0 -1 -1 -1  0  0 -2  1  3 -2 -2 -2  6 -1  1  0  0 -4 -1 -2    9   3   2   3   2   4   2   9   8   2   3   2  23   3   7   6   7   0   2   3  0.38 0.35
   73 Q    1  0  0  1 -4  2 -1  0  1 -1 -2  0  2 -4  1  1  0 -4 -3 -2   12   4   5  10   0  11   3   8   4   3   2   5   7   0   8  10   6   0   0   2  0.19 0.22
   74 G    0 -1 -1 -1 -1  0 -1  2  4 -1 -2 -1  4 -3  0  0 -1 -4 -1 -1    8   3   3   3   1   4   4  18  13   3   2   3  12   0   5   8   3   0   2   5  0.28 0.28
   75 M    0 -1 -1  0 -3  0 -1  0  1 -1 -1  0  3  0  2  0  1  1  0 -1   10   3   2   5   0   4   4   8   5   2   3   4  11   4   9   9   8   2   2   4  0.11 0.16
   76 D    1 -1  0  1 -3  1  0  0  2 -1 -1  0  2 -3  1  0  1 -4 -3 -1   11   3   4   9   0   7   7   7   5   4   4   4   9   0   6   6   9   0   0   3  0.12 0.16
   77 S    0  0  0  0 -2  1  0  0  1  0 -1  0  1  0  1  0  0 -2  1  0    6   6   5   6   0   5   6   6   5   6   6   6   5   5   6   6   6   0   5   6  0.03 0.06
   78 D    0  0  0  1  0  0  0  0  1 -1 -1  0  2 -1  1  0  0 -3  0 -1    6   6   4   7   3   4   7   9   4   4   4   3   6   3   8   7   7   0   3   4  0.07 0.10
   79 M    1 -2  1  1 -1  0  0  1  4 -2 -2 -1  3 -2  1  0  0 -4 -3 -2   10   2   6   7   1   5   7   9  13   2   3   3   8   1   7   7   5   0   0   2  0.23 0.24
   80 T    0 -1  1  1 -4  0 -1  1  2 -2 -2  0  3 -1  2  1  1 -4 -2 -1    6   2   7   7   0   4   3  10   5   2   3   5  10   2  10   9  11   0   1   4  0.18 0.22
   81 T    1  0  1  1 -1  0  0  0  1 -2 -2 -1  3 -1  0  0  0 -4 -1 -1   14   5   7   9   2   3   6   6   3   2   3   3   8   3   5   8   6   0   2   5  0.10 0.14
   82 M    0 -1  0  1 -4  0 -1  0  3 -1 -2 -1  4  0  2  0  0 -4  0 -1    6   3   4   7   0   4   3   8   7   3   3   4  13   4  10   8   6   0   3   3  0.18 0.22
   83 A    1 -1 -1  1 -6  1  0  1  1 -1 -2 -1  4 -5  1  0 -1  2  0 -1   11   3   4   8   0   6   6   9   3   3   5   4   8   0   8   7   4   3   3   4  0.18 0.18
   84 P   -1  0  0  0  2  0  0 -1  2  0 -1  0  2  1  0 -1  0  4  1 -1    5   5   5   5   5   5   5   5   5   5   5   5   5   5   5   5   5   5   5   5  0.09 0.08
   85 S    1  0  0  1 -3  1 -1  0  3 -2 -2 -1  2 -4  1  2  0 -4 -3 -2   11   4   5   7   0   7   3   7   8   2   4   4   6   0   7  15   6   0   0   2  0.19 0.22
   86 K    1 -1  1  1  0  0  0  1  1 -1 -1 -1  2 -1  0  0  0 -3 -1  0   12   2   6   7   2   3   7  12   3   3   3   3   8   2   5   8   6   0   3   6  0.07 0.12
   87 P    0  0  0  0 -3  1  0  1  1 -1 -1  0  1 -1  2  0  0 -3  0 -1   10   4   3   5   0   6   4  12   5   3   4   5   5   3  10   6   6   0   3   4  0.09 0.11
   88 A    0  0  0  0 -2  1  0  0  1  0 -1  0  1  0  1  0  0 -2  1  0    6   6   5   6   0   5   6   6   5   6   6   6   5   5   6   6   6   0   5   6  0.03 0.06
   89 A    1  0  0  0 -3  0  0  0  1 -1 -1  0  1  0  2  0  0 -3  0  0   12   4   6   6   0   5   4   8   5   3   4   4   5   4  10   5   6   0   3   7  0.07 0.10
   90 P    0 -1 -1  0 -4  0 -1 -1  1 -1 -2 -1  1  1  5  0  0  2  0 -1    7   4   3   6   0   3   3   4   3   3   3   3   4   5  26   6   5   3   3   4  0.34 0.29
   91 T    0  0  0  0 -2  1  0  0  1  0 -1  0  1  0  1  0  0 -2  1  0    6   6   5   6   0   5   6   6   5   6   6   6   5   5   6   6   6   0   5   6  0.03 0.06
   92 Q    1  0  0  1 -3  1  0  0  1 -1 -1  0  0 -1  0  0  0 -3  0  0   11   6   4  10   0   9   6   9   4   2   4   3   3   3   5   6   4   0   4   9  0.07 0.10
   93 S    1 -1  0  1 -3  0  0  0  1 -1 -2 -1  1  0  2  1  0 -3  1 -1   14   2   4   7   0   5   5   6   4   3   3   4   5   4  10  10   5   0   6   3  0.11 0.15
   94 R    0  2  0  1 -4  0  0  0  1 -1 -1  0  3 -1  1  0  0 -4 -3 -1   10  13   5   9   0   5   5   6   3   4   4   6   9   3   6   5   5   0   0   4  0.13 0.17
   95 T   -1  0  0  0 -3  0  0 -1  2  0 -1  0  1  0  0  0  0  3  1  0    5   5   5   5   0   5   5   5   5   5   5   5   5   5   5   5   5   5   5   5  0.06 0.08
   96 P    0  0  1  0 -3  1  0  0  2 -2 -2  0  1  1  1  0  0  3  1 -1    6   6   6   6   0   6   6   6   6   0   1   6   6   6   6   6   6   6   6   6  0.11 0.15
   97 I    0 -1  1  1 -3  0 -1  0  3  1 -1 -1  3 -1 -1 -1  0 -1  0  0    9   3   6   8   0   4   3   6   9  12   6   2   9   2   3   4   5   1   3   5  0.09 0.15
   98 A    3 -1 -1 -1 -4  0 -2  0  0 -2 -3 -2 -2 -1  4  0 -1  2 -2 -1   29   4   3   3   0   4   3   6   3   2   3   2   1   3  18   6   4   3   1   4  0.39 0.35
   99 P    2  0 -1  1 -4  0 -1 -1  2 -2 -1 -1  0 -3  3 -1  0 -4  3 -1   16   4   3   9   0   4   2   5   4   1   5   4   3   0  14   5   5   0  10   5  0.21 0.24
  100 V    2  0  0  1 -3 -1 -1 -1 -1 -1  0 -1  0 -3  2  1  0  0  0 -1   19   6   3   9   0   2   2   3   1   4   8   2   2   0   9  11   7   1   3   5  0.14 0.19
  101 T    0 -1  0  2 -3  0 -1  1  1 -1 -2 -1  1  0  1  0  2 -4 -1 -1    9   3   4  12   0   5   3  10   3   3   3   2   5   4   6   6  16   0   2   5  0.14 0.19
  102 D    0  0  0  1 -3  0  0  0  0 -1  0  0  0 -1  0  0  0  1  0 -1    9   5   4  10   0   4   4   9   3   3  11   5   3   3   5   8   4   2   4   4  0.04 0.05
  103 A    1  0  0  0 -3  0  0  1  0 -1 -1 -1  0  0  0  0  0  2  1  0   12   6   4   6   0   4   4  10   3   4   5   3   4   4   5   6   5   4   7   6  0.05 0.08
  104 N   -1  0  0  0 -3  0  0 -1  2  0 -1  0  1  0  0  0  0  3  1  0    5   5   5   5   0   5   5   5   5   5   5   5   5   5   5   5   5   5   5   5  0.06 0.08
  105 R    0  3  1  1 -3  0 -1  2  1 -2 -2  0  0 -1 -1  0 -1 -3  0 -1    8  17   6   8   0   4   3  15   4   3   3   5   2   2   3   6   3   0   3   3  0.14 0.17
  106 A    2 -1 -1  0 -4  0  0  2 -1 -2 -2  0  1 -2  2 -1 -1 -4 -1 -1   17   4   2   6   0   4   7  19   2   2   2   5   5   2  11   3   4   0   2   4  0.22 0.23
  107 A    1  1  0 -1 -3  1  0  0  0 -1  0  0  1  0  0  0  0 -2  1  0   14   8   3   4   0   5   4   7   3   3   8   6   6   3   4   6   4   0   7   6  0.04 0.09
  108 V    1  0  0  0 -3  0  0  0  1  0 -1  0  1  0  0  0  0  2  0  0   17   7   4   6   0   4   5   6   3   5   5   5   4   4   4   5   5   3   3   6  0.05 0.08
  109 Y    0  0  0  0 -2  0 -1  0  2  0  0  0  1  1  1  0  0 -2  1  0    6   6   6   6   0   6   0   6   6   6   6   6   6   6   6   6   6   0   6   6  0.04 0.08
  110 R   -1  0  0  0 -3  0  0 -1  2  0 -1  0  1  0  0  0  0  3  1  0    5   5   5   5   0   5   5   5   5   5   5   5   5   5   5   5   5   5   5   5  0.06 0.08
  111 S    0  1  0  2 -4 -1  1  0  2 -3 -3 -1 -1 -2  2  1  0  1 -1 -2    9   8   3  10   0   2   9   8   5   1   2   2   2   1  12  11   7   2   2   3  0.19 0.20
  112 A    0  0  0  1 -3 -1  0 -1  2 -1  1 -1  0 -1  1  0 -1 -3  2 -1    7   6   4   8   0   2   6   5   7   2  14   2   2   2   7   9   2   0   9   4  0.09 0.14
  113 K    1  2  1  0 -4  1  0  0  2 -3 -3  0  0 -4  2  0 -1  2 -1 -3   13  15   6   6   0   5   4   8   6   1   2   6   3   0   9   7   2   4   2   1  0.22 0.24
  114 G    0  0 -1  2 -4  0 -1  3  2 -2 -2 -1  1 -2  0  0 -1  1 -3 -2    9   5   2  13   0   3   3  22   7   3   4   2   5   2   4   7   4   2   0   3  0.20 0.22
  115 H    0  0 -1 -2 -4  0 -2 -2  5 -1  2 -1  2 -3  0 -1 -1  0 -1 -1    7   6   2   2   0   4   2   2  17   3  25   2   6   0   6   5   4   2   2   3  0.29 0.29
  116 T    0  2 -1 -1 -3  1  0  0  2 -1  0  1  2 -1  1 -1  1 -3 -1 -1    9  13   2   3   0   6   6   6   5   2   7   8   7   2   7   2   8   0   2   4  0.10 0.15
  117 V    0 -1 -1 -2 -3 -1  0 -2  1  0  0 -1  4 -1  1  1  0 -3  0  2    7   3   2   2   0   3   7   2   4   4   6   3  14   3   7  11   4   0   3  15  0.16 0.22
  118 H    0  0 -1  0 -3  0  0  0  5 -1 -1  0  1 -1  0  0  0 -3  0 -1    8   6   3   6   0   4   7   6  17   3   7   4   6   2   4   5   7   0   3   3  0.15 0.18
  119 D   -1 -1  0  3 -4  0  0  1  1 -3 -3  0  1  1  0  0  0 -3  0 -2    5   3   4  24   0   4   5   9   5   0   1   5   4   7   5   5   8   0   3   3  0.22 0.22
  120 E    0  0  0  2 -3  0  1  0  1 -1 -2  0  0 -3  2  0  0 -3  0 -1    7   4   5  12   0   4  11   9   4   3   4   3   4   0  12   6   4   0   4   3  0.16 0.15
  121 A    0  0  0  0 -2  1  0  0  1  0 -1  0  1  0  1  0  0 -2  1  0    6   6   5   6   0   5   6   6   5   6   6   6   5   5   6   6   6   0   5   6  0.03 0.06
  122 A    0  0 -1 -1 -3 -1 -1 -1  0  2  0  0  0  0  1  0  1  0  1  0    6   5   2   4   0   2   2   5   2  15   9   4   2   3   8   9   8   1   6   5  0.05 0.10
  123 N   -1 -1  2  1 -3  0  0 -2  1 -1  0 -1  0  2 -2 -1  0  1  3 -1    3   4  11  10   0   5   5   3   3   3   9   3   2  11   2   3   7   2  11   4  0.13 0.17
  124 Y    0 -1  0 -1 -3  1 -1  1  0 -3 -2 -1  0  2  0  1  0  4  2 -1    8   4   5   3   0   7   3  10   3   0   2   3   3   9   4  12   5   6   9   5  0.15 0.19
  125 F   -1  2  0 -2 -3  1 -1 -1  2 -1  0  0  1  1 -3  0  0  2  2 -1    5  13   3   0   0   7   4   4   5   4  10   5   4   7   0  10   5   3   8   3  0.11 0.16
  126 L    0  0 -2  0 -3  1  0  0 -2  0  0  0  1  1  1  0  0  3  1  0    6   6   0   6   0   6   6   6   0   6   6   6   6   6   6   6   6   6   6   6  0.06 0.10
  127 L   -1  0 -1  0 -3  0 -1 -1  1  0  1 -1  2  1  2 -1  0  2  1 -1    5   6   3   7   0   4   3   3   3   5  13   4   6   6  12   4   5   3   6   3  0.11 0.13
  128 F    1 -1 -2  0 -3 -2  0 -1 -3  1  1 -2  1  2 -1  0  0  1  0  1   12   3   1   5   0   1   6   5   0   7  17   0   4  11   3   7   6   2   2   8  0.09 0.13
  129 D   -2  3  1  5 -5  0  1 -2 -3 -3 -1 -1  0 -5 -4 -1 -2 -5 -5 -4    4  14   7  39   0   4   9   3   0   2   7   3   2   0   0   3   2   0   0   0  0.70 0.45
  130 Q   -1  1  1  0 -3  2  1 -1  2 -1  0  0  1  0 -3 -1  1  2  0 -1    3   8   9   5   0  10  12   4   5   3   8   4   4   4   0   3   8   3   4   3  0.12 0.14
  131 L    0  1 -2 -2 -2  1  0  0  2  0  0  0  1  1  1 -1  0 -2 -1  0    7   7   0   0   0   7   7   7   7   7   7   7   7   7   7   0   7   0   0   7  0.06 0.11
  132 E   -2 -4 -4  0 -6 -1  7  0 -4 -6 -6 -1 -5 -2 -2 -2 -4  5 -5 -4    3   0   0   5   0   1  65   6   0   0   0   2   0   2   2   3   0   9   0   2  1.43 0.78
  133 W    1  0 -3 -2 -3 -2 -3 -1  0  1  1 -3  1  0 -3 -2  0  5  5  0   12   5   0   2   0   2   0   5   2   8  13   0   4   3   1   2   6   8  22   4  0.38 0.30
  134 Q   -1  4  1 -1 -4  3 -1  0  2 -2 -2  0 -3 -2 -4  0 -1  3 -1 -1    5  23   7   3   0  14   3   7   6   3   3   3   0   2   0   6   4   4   2   5  0.31 0.30
  135 D    0  0  1  2 -3  0  1 -1  1 -1  0 -1  0  0  1  0  0  0  1 -1    8   6   8  14   0   3   7   4   3   3   8   2   2   5   8   5   4   2   5   3  0.09 0.11
  136 A    0  1  2  2 -3  1  0  1  0 -2 -2  0 -1 -1 -1  0  1 -4 -3 -2   10   7  12  12   0   6   4  14   2   2   4   5   2   2   2   4  10   0   0   2  0.16 0.17
  137 D   -1  0  1  4 -4  0  1  1  1 -4 -2  0 -3 -1  2  0 -1 -4 -1 -2    3   4   6  24   0   3   9  12   4   0   4   6   0   3   9   6   2   0   2   2  0.31 0.26
  138 N   -1  0  2  3 -4  0  1  3  1 -3 -4 -1 -1 -1 -1  1 -1 -5 -3 -3    3   4  10  19   0   3   9  24   4   2   0   2   2   3   3   9   2   0   0   2  0.39 0.31
  139 G    0  0  0  0 -4  0  0  3  2 -2 -2  0  2 -2 -1  0  0 -4 -3 -2    7   4   4   6   0   5   6  27   5   2   2   6   9   2   2   8   5   0   0   2  0.25 0.25
  140 S   -2  1  3  3 -5  0  2  1  0 -4 -5  0 -4 -5 -1  2  0 -5 -3 -4    2   7  16  18   0   3  13  12   2   1   0   3   0   0   2  13   7   0   1   0  0.45 0.33
  141 V    1  1  0 -1 -3  0 -1  2  0 -1 -1  0 -2 -3  1  1  0 -1 -1  0   16   7   3   3   0   4   2  21   3   3   4   4   1   0   6   8   7   1   2   6  0.15 0.16
  142 L    0 -2 -3 -3 -4  2 -3 -3  0 -1  2 -3  0  4 -1 -2 -1  0  4  0    7   2   1   1   0  10   1   1   3   3  19   0   2  16   3   3   4   1  17   5  0.37 0.30
  143 N    2  1  1  0 -3  1  1  0 -1 -1 -1  0 -1 -2 -3  1  0 -4 -2  0   21   8   9   3   0   6  10   7   1   3   5   4   2   1   0   9   4   0   1   7  0.13 0.15
  144 W   -5 -1 -6 -6 -6 -5 -6 -6  0 -1 -2 -6 -1  1 -6 -1 -1 11  4 -2    0   3   0   0   0   0   0   0   2   5   4   0   2   4   0   6   4  54  13   2  2.29 0.92
  145 D   -1 -2  0  5 -5 -1  4 -2 -4 -6 -6  1 -5 -6 -4  1  1 -6 -5 -5    4   1   3  38   0   1  23   2   0   0   0   7   0   0   0  12   8   0   0   0  0.92 0.53
  146 V    2 -4 -2 -4 -3 -3 -3  2 -4  2  1 -4  3  3 -4 -2 -1 -3  0  0   20   0   1   0   0   0   1  16   0  12  12   0   7  14   0   2   4   0   3   7  0.35 0.29
  147 N   -3  1  1  2 -5  5  3 -3 -1 -3 -2  1 -1 -4 -4  0  0 -5 -4 -3    1   6   7  10   0  27  19   1   1   1   3   7   2   1   0   8   5   0   0   2  0.56 0.41
  148 G    0 -1 -1  0 -2 -1  0  0  2  0  0  0 -1  1 -2  0  0 -2  1  0    8   0   0   8   0   0   8   8   7   8   8   8   0   7   0   8   8   0   7   8  0.04 0.08
  149 W   -2  1 -4 -1 -4 -3 -1 -5  1  0 -1 -1  0  0 -1 -2  2  9  1  1    2   8   0   4   0   0   5   0   4   4   4   4   2   3   3   2  12  30   3  10  0.81 0.41
  150 V   -2 -1 -1 -3 -4 -2 -1 -2  0  1  1  3  0  0 -3 -2 -1  1  4  0    2   2   2   0   0   0   3   2   2  11  13  28   2   4   0   2   2   2  16   8  0.33 0.26
  151 G   -3 -4 -3 -4 -5 -4 -4  6 -4 -4 -2 -4  1  2 -4 -1  0 -3  3 -4    0   0   0   0   0   0   0  60   0   0   4   0   5  10   0   4   6   0  10   0  1.13 0.50
  152 G    0  0  1  0 -3  1  0  0  2 -2 -1  0  1 -2  1  0  0 -2  1  0    6   6   6   6   0   6   6   6   6   0   6   6   6   0   6   6   6   0   6   6  0.07 0.10
  153 D    0  1  1  1 -3  1  1  0  2 -2 -2  1  1 -3  1  0  0 -4 -2  0    7   7   7   7   0   7   7   7   7   0   0   7   7   0   7   7   7   0   0   7  0.15 0.14
  154 I    1 -1 -1 -1 -3 -1 -1 -3  1  2 -1 -2  1  1 -3  0  1  2  4  0   11   3   3   3   0   3   4   0   3  13   4   0   5   6   0   7  10   3  17   4  0.22 0.22
  155 D   -2  0  4  3 -5  0  1 -2  2 -4 -3  0 -3 -1 -4 -1  0  1 -1 -2    2   5  28  19   0   3  10   2   6   0   3   5   0   3   0   2   5   2   2   2  0.49 0.34
  156 R   -3  5 -3 -4 -6  0  0 -1  0 -6 -5  4 -4 -6  3 -2 -3 -6 -4 -5    0  37   0   0   0   3   4   4   3   0   0  30   0   0  16   3   0   0   0   0  1.06 0.47
  157 L    0 -4 -5 -5 -3 -4 -5 -5 -4  2  4 -4  1  2  1 -4 -3  3  1  1    7   0   0   0   0   0   0   0   0   9  47   0   2  10   7   0   0   4   4  11  0.64 0.32
  158 W   -1  1 -3 -4 -3 -2 -3 -5 -1  1  0 -2  0  3 -5 -3 -2  8  1  2    5   7   1   1   0   1   1   0   2   8   7   2   3  11   0   1   1  26   4  19  0.84 0.39
  159 I   -4 -5 -6 -6 -4 -5 -5 -6 -5  4  3 -5  0  3 -2 -5 -2  6 -1  2    0   0   0   0   0   0   0   0   0  22  34   0   1  13   3   0   2  10   1  15  0.88 0.40
  160 R   -2  3 -1 -3 -5  0  1 -3 -2 -3 -3  5 -4  0 -4 -2  1 -5 -1 -3    2  17   2   0   0   3   7   1   1   2   2  46   0   5   0   2   8   0   2   1  0.77 0.42
  161 S    2 -3  0 -3 -3 -2 -3  0  0 -1 -1 -2 -2  0 -3  3  3 -3  1 -1   19   0   3   0   0   0   0   8   2   4   4   0   0   5   0  26  18   0   7   4  0.33 0.28
  162 E   -3 -1  3  2 -5  1  5 -2  3 -5 -5  0 -4 -5 -3 -1 -1 -5 -3 -4    0   2  14   8   0   6  47   2   8   0   0   3   0   0   0   4   3   0   0   0  0.85 0.43
  163 G    0 -4 -3 -4 -4 -4 -4  6 -4 -1 -2 -4  0 -4 -4 -1 -2 -4  0 -2    8   0   0   0   0   0   0  66   0   3   5   0   2   0   0   4   3   0   3   4  1.11 0.49
  164 E   -1 -1  1  2 -5  0  5 -2  1 -5 -3  0 -1 -2 -3  0 -1 -5 -4 -3    4   2   6  11   0   1  50   2   3   0   2   6   2   2   0   4   3   0   0   2  0.73 0.41
  165 R   -1  3 -1 -2  0  0 -1 -1 -1  0 -2  3 -1 -1 -3 -1 -1  0  1 -1    3  23   3   2   2   4   1   4   1   8   3  25   1   3   0   5   2   1   5   4  0.26 0.22
  166 T    1 -1  0  1 -3  0  1 -2  0 -1  0 -1 -1  0 -1  1  1 -3  0  0   16   1   5   7   0   5   8   2   3   3   7   3   1   4   2  12   8   0   4   9  0.08 0.11
  167 N   -1  2  2  1 -4  1  3  1 -1 -4 -3  1 -1 -1 -3  0 -1 -1 -2 -2    3  14  10   8   0   5  21  10   1   0   1   9   1   4   0   5   3   1   1   2  0.31 0.24
  168 G   -2  0 -1  0 -5 -1 -1  5 -1 -3 -4 -2 -5 -1 -3  2 -2 -5 -5 -2    2   5   2   6   0   3   3  48   1   1   1   2   0   3   1  17   1   0   0   4  0.80 0.46
  169 K   -1  3  0  2 -4  0  2 -2  3 -2 -3  2 -3 -2 -1  1 -1 -4 -1 -2    5  14   4  10   0   3  11   3   8   2   2  16   0   2   2   9   4   0   1   4  0.28 0.22
  170 T   -2 -2 -2  2  0 -1 -2 -1 -1  0  2  0  0  1 -2 -1  2  0  0  0    1   1   1  11   2   2   1   5   1   5  21   6   1   7   2   4  15   1   3   7  0.13 0.17
  171 E    0 -3 -2  1 -5  1  5 -1  3 -2 -4  0 -3 -5  1 -1 -2 -6 -4 -2    6   1   1   7   0   5  43   5   7   3   2   4   1   0   6   5   2   0   0   3  0.66 0.44
  172 S   -1  0  3  3 -5  0  4 -2 -1 -3 -5  1 -5 -6  1  1 -1 -6 -5 -4    4   4  13  19   0   2  24   2   1   1   0   8   0   0   8   8   4   0   0   1  0.57 0.38
  173 A    4 -3 -2 -1 -3 -1 -2  1  0 -1 -1 -2  1 -2 -4  1  0 -4  3  0   34   1   2   4   0   3   2  10   2   4   5   1   3   1   0   8   4   0  10   6  0.32 0.30
  174 E   -2  1 -2  4 -6  0  5 -2  2 -6 -5 -1 -5 -6 -2  0  0 -6 -3 -5    4   7   1  24   0   4  37   2   5   0   1   3   0   0   1   6   5   0   1   0  0.83 0.49
  175 L    0 -4  1 -3 -3 -2 -4 -3  1  2  2 -4  2  0 -4 -2  2 -4 -3  3    6   0   7   1   0   1   0   1   3  13  23   0   5   4   0   2  12   0   0  22  0.39 0.29
  176 Q   -2 -2 -3  2 -6  5  4 -5  2 -4 -5 -1  2 -6 -5  1 -4  2 -5 -5    3   2   0  11   0  30  28   0   4   1   0   2   5   0   0  11   0   2   0   0  0.98 0.59
  177 A    4 -4 -4 -5 -3 -4 -4  0 -4  1  2 -4  2  0 -4 -2  0 -2 -3  1   35   0   0   0   0   0   0   6   0   8  24   0   4   4   0   1   5   1   0  11  0.50 0.35
  178 L   -1  0 -2 -3 -2  0 -2 -1  2  0  3 -1  2  1 -3 -1 -2 -2  1  1    4   6   0   0   0   3   0   7   8   0  35   3   6   8   0   4   0   0   4  11  0.18 0.17
  179 W   -1 -3 -4 -4 -4 -3 -4 -1 -2  0  0 -1  1  1  1 -3 -3  7  5 -1    4   0   0   0   0   0   0   7   0   8   9   3   3   4   8   0   0  20  31   4  0.78 0.35
  180 G    0  1  0  0 -3  2 -1  2 -2  0 -3  0 -2 -3 -3  2  0  4 -2 -1    7  11   4   3   0  11   0  16   0   8   0   5   0   0   0  21   3   7   0   3  0.23 0.19
  181 H   -3  4 -2 -1 -5  0 -1 -4  7 -2 -3  1  1  1 -4 -1 -2  2  1 -2    0  25   0   3   0   3   3   0  30   3   0   7   4   7   0   4   2   3   4   2  0.72 0.39
  182 A    3 -1  0 -2 -3 -3 -3 -1 -1 -1  1 -2  0 -2  4 -1 -1 -4 -2 -1   27   4   4   1   0   0   0   3   1   3  21   0   1   1  24   4   2   0   1   1  0.42 0.28
  183 I   -2 -3 -4 -4 -3 -2 -1 -5  2  5  1 -2  0  1 -2 -3 -1 -4 -1  3    2   0   0   0   0   2   4   0   6  43   7   2   2   6   2   0   2   0   2  20  0.52 0.31
  184 S    2 -1  1  1 -3 -2 -1  2  0 -4 -4 -2 -3 -3 -2  4  1 -4 -3 -3   15   3   5   8   0   0   2  16   2   0   0   0   0   1   2  39   7   0   0   0  0.51 0.34
  185 P   -1  1 -2  1 -4 -1 -1 -3  0 -2 -3  0  0 -4  6  0  1 -4 -2 -3    5   8   1  10   0   2   3   1   3   3   2   5   3   0  38   6   8   0   1   1  0.68 0.33
  186 W   -4 -3 -4 -4 -4 -3 -1 -2 -1 -3 -2 -2 -3  6 -4 -2 -2  7  5 -3    1   1   0   0   0   0   6   2   1   0   1   2   0  45   0   2   2  15  20   0  1.27 0.46
  187 W   -4 -5 -5 -5 -4 -4 -5 -3 -4 -4 -1 -5 -3  5 -5 -2 -1 11  1 -4    1   0   0   0   0   0   0   2   0   0   5   0   0  22   0   3   3  57   3   0  2.31 0.65
  188 D   -2 -3  3  6 -5  0  1 -1 -3 -5 -6 -3 -5 -6 -4 -1 -1 -6 -5 -5    3   0  15  61   0   4   6   4   0   0   0   0   0   0   0   3   4   0   0   0  1.22 0.48
  189 L    1 -2 -3 -4 -2 -3 -3  0 -3  2  2 -3  1  1 -3 -1  1  1 -1  2   11   1   0   0   0   0   0   8   0  11  25   0   2   6   0   2  11   2   1  18  0.23 0.18
  190 V   -2  0 -3 -3 -4  6  0 -2 -1 -1  0  1 -1 -1 -4 -1 -3 -4 -3  1    1   4   0   0   0  49   4   3   1   2   9   7   1   2   0   4   0   0   0  14  0.68 0.41
  191 G    3 -3 -2 -4 -2 -3 -3  0 -3  1  1 -3  1  1 -3 -1  0 -3 -1  2   34   0   1   0   0   0   0   7   0   7  16   0   5   9   0   1   5   0   1  15  0.30 0.23
  192 G   -1  2 -1 -2 -2  2 -1  2 -1 -1  1  0  3 -2 -2  1 -1 -2 -2 -1    0  17   0   0   0  17   0  17   0   0  17   0  17   0   0  17   0   0   0   0  0.17 0.07
  193 V    2 -4 -5 -5 -3 -4 -4 -2 -5  2  1 -4  1 -1 -4 -3 -2  3 -1  5   15   0   0   0   0   0   0   3   0  10  10   0   3   2   0   0   2   4   2  46  0.74 0.43
  194 R   -1  7  0 -4 -6 -1 -2  0  1 -6 -5  0 -5 -5 -2 -4 -4 -5 -2 -5    5  67   5   0   0   2   2   7   3   0   0   3   0   0   2   0   0   0   2   0  1.48 0.68
  195 Q    0  1  0 -3 -4  3 -2 -2  4 -1 -1 -2 -1  1 -4 -2  0 -2  5 -1    8   7   5   0   0  16   0   3  10   3   5   1   1   5   0   2   5   0  22   5  0.43 0.33
  196 D   -2  0 -1  7 -6  0  1 -3  0 -5 -6 -2 -5 -1 -4  1 -2 -6 -2 -4    3   4   2  58   0   4   6   1   2   0   0   2   0   3   0  10   2   0   1   1  1.15 0.58
  197 F   -1 -1  0 -2 -3 -2 -2 -1  2  1  0 -2  1  3 -1 -1  1  1  2  0    5   3   4   1   0   0   1   4   7   8  11   1   3  14   3   4  13   2   9   5  0.16 0.18
  198 K   -1  1  1  1 -3  1  1  2 -2 -1 -2  0  0 -3  0 -1  0  2 -1 -1    4   7   7   7   0   6   8  21   0   3   3   5   3   0   4   4   6   3   3   6  0.15 0.17
  199 P    0 -1  0  1 -4  0  0 -1  1 -3 -2 -1  1 -1  5  0 -1  2  0 -2    8   3   4   7   0   3   7   3   3   0   3   3   3   3  28   6   4   3   4   3  0.41 0.31
  200 G    0  0  1  2 -4 -1  0  4  0 -4 -3  0 -4 -2 -3  0 -1 -4 -4 -2    5   4   5  14   0   3   5  39   2   0   2   4   0   2   0   6   3   0   0   3  0.51 0.33
  201 S    0  0  0  0 -4  1  0  0  0 -2 -4  0 -4 -5  5  2 -1 -5 -4 -2    7   6   4   6   0   8   5   6   2   2   0   7   0   0  26  17   3   0   0   3  0.49 0.35
  202 P    0  0  2  2 -4  0  1 -1  1 -2 -3  0 -1 -4  3  1  1 -4 -3 -2    8   5   9  14   0   3   9   4   4   2   0   4   2   0  15  10   8   0   0   2  0.30 0.24
  203 Q   -1  7 -3 -1 -5  3  1 -5 -3 -3 -3  0 -4 -5 -1 -3 -2 -5 -1 -5    5  56   0   3   0  12   7   0   0   2   2   2   0   0   3   0   2   0   3   0  1.13 0.60
  204 T    0 -1  2  0 -3  0 -1 -1  0 -1 -2 -1 -2  0 -3  1  3  3  1 -1    6   2  10   6   0   4   4   4   3   3   3   3   0   4   0   8  27   5   6   4  0.25 0.25
  205 W   -3 -2 -3  1 -5  0 -2 -3  4 -5 -5 -4  0  0 -5 -1 -5 10  5 -5    2   3   1   9   0   4   2   2   8   0   0   0   3   3   0   4   0  36  22   0  1.61 0.72
  206 A    4 -4 -4 -4 -3 -3 -4  2 -4 -2  2 -3 -2 -1  0 -2 -2 -4 -4 -1   48   0   0   0   0   0   0  16   0   2  21   0   0   2   5   0   2   0   0   3  0.65 0.43
  207 A    4 -4 -4 -3 -3 -3 -2  0 -1 -1 -1 -3  0 -1 -3 -1  1 -4 -2  4   35   0   0   1   0   0   2   6   2   1   3   0   3   2   0   2   7   0   1  34  0.53 0.38
  208 F   -2 -4 -5 -5 -1 -4 -5 -2 -4  4  2 -4  0  4 -5 -4 -3 -3 -2  3    3   0   0   0   1   0   0   3   0  29  21   0   2  21   0   0   0   0   0  17  0.71 0.37
  209 G   -1 -5 -2 -4 -5 -4 -5  7 -5 -6 -6 -4 -5 -6 -5  1 -3 -5 -6 -4    4   0   1   0   0   0   0  82   0   0   0   0   0   0   0  11   1   0   0   1  1.76 0.61
  210 L   -1 -4 -5 -5 -3 -4 -5 -3 -4  4  2 -4  0  3 -4 -4 -2 -3 -1  4    5   0   0   0   0   0   0   2   0  23  23   0   1  12   0   0   2   0   1  32  0.64 0.31
  211 Q   -2 -1 -2 -1 -5  6  3 -4  3 -4 -2 -1  0 -1 -4 -2 -3 -4 -2 -2    2   2   1   2   0  46  22   0   7   0   5   2   2   2   0   2   1   0   1   3  0.89 0.46
  212 G   -1 -5 -3 -4 -5 -5 -3  7 -5 -6 -3 -4 -5 -2 -1 -3 -3 -5 -5 -5    3   0   0   0   0   0   1  84   0   0   4   0   0   2   4   1   1   0   0   0  1.74 0.61
  213 L   -2 -3 -4 -4 -3  1 -1 -2 -1  0  4 -3  3 -1 -4 -2 -1 -3 -3  1    2   0   0   0   0   7   4   4   2   2  57   0   8   1   0   2   4   0   0   8  0.53 0.30
  214 A    5 -3 -3 -2 -3 -3 -3 -2 -4 -1 -1 -3  3 -2  1  0  1 -4 -4 -1   62   0   0   2   0   0   0   0   0   4   3   0   9   1   6   4   7   0   0   2  0.72 0.40
  215 L   -3 -4 -4 -1 -4 -2 -2 -4 -4 -1  0 -3 -3 -3  7 -3  0 -5 -4 -2    0   0   0   3   0   1   1   0   0   4  11   0   0   1  67   0   8   0   0   2  1.59 0.52
  216 Y   -2 -4 -3 -2 -5 -1 -2 -3  0 -4 -4 -3 -2  2 -1 -2 -4  1  8 -1    3   0   1   2   0   3   2   2   1   0   0   1   1   5   4   3   0   1  68   4  1.46 0.56
  217 N   -1 -1  0  0 -4  0 -2  0 -2 -3 -1  0  0  4 -4 -2 -3  8  3 -3    5   4   6   7   0   4   2   8   0   0   4   6   2  20   0   1   0  23  10   1  0.65 0.30
  218 F   -4 -5 -5 -6 -4 -5 -5 -5 -4  3  1 -5  1  7 -5 -4 -1  1  1 -1    0   0   0   0   0   0   0   0   0  18  13   0   3  58   0   0   3   2   1   2  1.24 0.46
  219 E    0 -3  0  3 -5 -1  6 -3  1 -2 -5 -1 -4 -5 -3 -2 -3 -5 -4 -3    7   0   4  17   0   0  65   1   3   2   0   1   0   0   0   0   0   0   0   1  1.15 0.49
  220 A    0 -3 -2 -3 -2 -3 -3 -1 -3  2  1 -3  1 -1 -3  0  3  0  0  3    7   0   1   0   0   0   0   4   0   9  13   0   4   2   0   4  26   1   3  25  0.31 0.23
  221 E   -1 -2  1  5 -5  1  5 -1 -1 -5 -5 -1 -4 -5 -3 -1 -2 -5 -4 -4    3   1   7  33   0   7  40   3   1   0   0   1   0   0   0   3   2   0   0   0  0.91 0.39
  222 A    4 -3  1 -3 -2 -2 -2  0  2  1 -1 -2 -1 -2 -1  0  0 -4 -3  0   44   0   7   0   0   1   0   8   6  12   3   0   1   1   2   6   5   0   0   5  0.32 0.24
  223 T    2  1  0 -2 -3  0 -2 -2  1 -3 -2 -1 -1  0 -3  1  4 -3  2 -2   17   8   4   1   0   3   1   2   3   0   1   2   2   4   0  11  34   0   7   0  0.33 0.24
  224 A    3 -1 -3 -3 -2 -3 -3  0 -3  0  3 -3  1  0 -3 -1 -1 -3 -1  0   31   2   0   0   0   0   0   8   0   4  36   0   3   3   0   2   4   0   1   4  0.33 0.23
  225 F   -3 -2 -4 -5 -4 -3 -4 -5 -2 -2 -2 -3 -1  6 -5 -2 -2  3  7 -2    1   2   0   0   0   1   0   0   0   1   2   1   1  40   0   2   2   4  41   1  1.37 0.48
  226 L   -1 -4 -4 -5 -3 -4 -4 -3 -3  3  3 -4  1  1 -4 -3 -2  1  2  3    5   0   0   0   0   0   0   2   0  14  29   0   2   7   0   1   0   2   8  31  0.49 0.26
  227 G   -1 -1  1  1 -4 -2 -2  4 -1 -5 -5 -2 -4 -4 -3  4 -1 -4  1 -4    0   4   7   7   0   0   0  33   1   0   0   0   0   0   0  40   2   0   6   0  0.70 0.36
  228 E    0 -1  1  1 -2  1  1  0  2 -2 -2  1 -2 -3  1  1  1 -3 -2  0    8   0   8   8   0   8   8   8   8   0   1   8   0   0   8   8   8   0   0   8  0.17 0.11
  229 G   -1  1  2  3 -4  0  1  2  0 -4 -4  1 -3 -3 -1  0 -1 -3  0 -3    3   7   8  21   0   3  11  18   2   0   0  11   0   0   2   7   3   0   4   0  0.34 0.20
  230 G    0 -2  1 -2 -4  0 -3  6 -1 -5 -5 -1 -4 -5 -1 -1 -2 -4 -4 -5    5   1   6   1   0   5   0  68   1   0   0   3   0   0   3   3   1   0   0   0  1.14 0.47
  231 Q   -1  2  0  4 -4  3  1 -2  2 -4 -2  0 -3  0 -3 -1 -2 -3  1 -3    4  13   2  24   0  17   8   2   6   0   4   5   0   4   0   4   1   0   4   0  0.40 0.27
  232 T    0 -3 -3 -4 -3 -3 -3 -2 -3  1  1 -3  2  0 -1  0  2  5 -2  2    8   0   0   0   0   0   0   2   0   8  14   0   6   4   3   9  17   9   0  19  0.33 0.24
  233 G    3  0 -1 -3 -3  0 -1  2  0 -2 -1  0 -1  0 -3  2  1 -3  0 -2   29   7   1   0   0   5   1  13   2   2   5   5   1   4   0  15   7   0   3   0  0.23 0.22
  234 L    2 -3 -3 -4 -2 -3 -3  0 -3  0  2 -3  1  3 -3  0 -1 -2  1  0   24   0   0   0   0   0   0   8   0   5  22   0   5  19   0   6   4   0   3   4  0.30 0.24
  235 R   -1  4  0  1 -3  0  0 -2  2 -1 -2  1  0 -3 -3  1 -1 -4 -3 -1    4  37   3   8   0   3   3   3   5   5   3   4   3   0   0  12   3   0   0   4  0.35 0.24
  236 L    0 -3 -1 -3  1 -3 -3 -2 -3  1  3 -3  2  2 -3 -1 -1  2 -1  1   10   0   4   0   4   0   0   3   0   8  35   0   5  10   0   4   3   4   0  10  0.25 0.19
  237 E   -2  0 -1  1 -5  2  5  0  1 -2 -4  1  0 -5 -3  0 -2 -5 -4 -3    1   3   2   5   0   7  52   7   4   2   0   7   4   0   0   5   1   0   0   1  0.70 0.33
  238 G    3 -3 -3 -3 -2 -1 -3  2 -3  1  1 -3 -1  0 -3  0  1 -4 -3  1   35   0   0   0   0   3   0  14   0   9  13   0   0   4   0   3  10   0   0   9  0.30 0.21
  239 D   -1 -2 -2  1 -4 -1  5 -1 -1 -4 -3  0 -3 -3 -3  2  0  0 -1 -1    4   1   0   6   0   0  47   4   1   0   3   3   0   1   0  19   5   1   2   4  0.58 0.30
  240 Y   -4  3  0 -5 -5 -2 -4  0  2 -3 -3 -2 -3  0 -5 -4 -3 -1  8 -3    0  19   4   0   0   1   0   7   4   1   2   1   0   1   0   0   1   0  59   1  1.34 0.49
  241 D   -1 -3  0  6 -5 -1  4 -4  2 -5 -5 -2 -4 -1 -4 -1 -1 -5 -4 -5    4   0   2  48   0   1  30   0   5   0   0   0   0   3   0   3   4   0   0   0  1.06 0.39
  242 I   -1 -3 -2 -4 -3  0 -3 -2 -3  1  3 -3  1  1 -4 -2  1  5  0  1    5   0   2   0   0   6   1   2   0   8  34   0   3   6   0   0  12  10   3   7  0.36 0.20
  243 L    0  3 -2 -3 -3  3  0 -4 -3 -1  3 -1  1 -1 -1 -2 -2 -3 -2 -2    8  18   1   0   0  15   5   0   0   1  42   1   3   2   3   1   1   0   1   0  0.40 0.24
  244 L   -3 -4 -5 -5 -3 -4 -5 -5 -4  3  4 -4  2  3 -5 -4 -3 -3 -2  1    0   0   0   0   0   0   0   0   0  18  51   0   6  15   0   0   0   0   0   9  0.85 0.30
  245 T    0 -4 -2 -2 -3 -3 -3 -1 -4 -3 -3 -3 -3  0 -4  2  6 -5 -4 -3    5   0   0   2   0   0   0   5   0   0   2   0   0   4   0  12  70   0   0   0  1.12 0.45
  246 N   -3  1  5 -2 -5  6  1 -4  1 -5 -5 -1 -3 -6  0 -1 -3 -5 -4 -5    0   6  29   0   0  51   5   0   2   0   0   0   0   0   5   2   0   0   0   0  1.23 0.46
  247 R   -1  5  3 -1 -2  1 -2 -3  1 -4 -4  3 -3 -2 -3 -1  0  0  0 -3    4  41  14   2   1   5   0   0   4   0   0  16   0   2   0   2   5   1   3   2  0.64 0.28
  248 L   -2 -2 -5 -5  0 -4 -4 -5 -4  0  4 -4  0  3 -5 -1 -2  7 -1  1    1   2   0   0   2   0   0   0   0   2  50   0   1  12   0   6   1  16   0   7  0.81 0.31
  249 I   -2 -1 -4 -4 -3 -4 -3 -3 -1  5  0 -2  0  3 -4 -3 -1 -3  2  2    1   4   0   0   0   0   1   1   2  49   2   3   1  12   0   0   3   0   6  14  0.63 0.28
  250 L   -1 -4 -5 -5 -3 -4 -4 -3 -4  2  5 -4  1  1 -4 -4 -1 -3 -2  1    4   0   0   0   0   0   0   3   0  11  61   0   1   7   0   0   3   0   0  11  0.72 0.28
  251 Q   -2  1 -1 -2 -4  6  2 -2 -2  0 -3  0 -2 -4 -3 -1  1 -1 -2 -2    2   8   2   0   0  44  16   2   0   6   2   3   1   0   0   4   8   1   1   1  0.65 0.31
  252 P    1 -2 -2 -2 -2 -2 -2  1 -2 -1  0 -2  2 -2  2  1  1  5 -1 -1   12   0   0   0   0   0   0  12   0   0  12   0  12   0  12  12  12  12   0   0  0.30 0.12
  253 T   -1  4 -1 -1 -4  1  1  0  0 -3 -2  0 -2 -1 -3  0  0 -3  3 -2    3  34   2   2   0   5   8   8   2   0   2   3   1   3   0   8   7   0  12   1  0.37 0.26
  254 A    2 -3 -4 -4 -2 -3 -4 -3 -4  2  3 -3  0  1 -1 -2 -1 -1  0  2   19   0   0   0   0   0   0   1   0  16  28   1   1   7   2   1   2   1   2  18  0.35 0.23
  255 E   -2  1 -1  1 -6  1  6 -2 -3 -4 -5  0 -4 -6 -4 -1 -2 -5 -4 -4    3   7   2   5   0   3  70   2   0   1   0   3   0   0   0   3   1   0   0   1  1.19 0.53
  256 V    2 -3 -3 -4 -2 -3 -3 -1 -3  1  2 -3  2  0 -3  0  1  0 -1  2   26   0   0   0   0   0   0   3   0   9  19   0   6   2   0   6   9   1   1  17  0.26 0.21
  257 N   -1  0  4  3 -4  0  1 -2  0 -1 -3 -1 -3 -4 -3  0  2 -5 -3 -2    5   4  31  19   0   2   8   2   2   5   2   1   0   0   0   6  12   0   0   2  0.45 0.27
  258 F    2 -4 -4 -4 -3 -2 -4 -2 -3  1  2 -3  0  3 -4 -2 -2  3  0  1   22   0   0   0   0   1   0   1   0   9  28   0   2  18   0   0   1   4   2  11  0.41 0.26
  259 Y    3 -3 -1 -3 -3 -1 -2 -2  2 -1 -2 -3 -2  1 -1  1 -1  1  5  0   32   0   4   0   0   1   1   2   5   2   1   0   0   4   2  12   1   1  22   9  0.41 0.30
  260 G    2 -3 -1 -3 -2 -2 -3  2 -3  0  1 -2 -1  1 -3  1  0 -3 -2  0   20   0   3   0   0   0   0  21   0   4  21   0   0   9   0   9   6   0   0   5  0.23 0.19
  261 Q   -1  2  0 -2 -4  4  0 -2  1 -4 -3  3 -2 -2 -3  2  0 -4 -3 -3    3   8   3   0   0  25   2   2   3   0   2  26   0   2   0  17   6   0   0   0  0.51 0.31
  262 S   -2  0  2  6 -4 -1  1 -2 -1 -4 -4  0 -4 -4 -3  1  0 -5 -2 -4    3   5  11  48   0   2   6   2   1   0   0   5   0   0   0   9   6   0   1   0  0.76 0.35
  263 D   -1 -2  1  5 -3 -1  0 -3 -3  1 -2 -2 -1 -3 -3  0 -1 -5 -3  2    4   2   5  43   0   2   4   0   0  10   2   1   1   0   0   5   1   0   0  18  0.54 0.31
  264 P    0  0 -2  0 -4  0  2 -3 -1 -2 -3 -1 -2 -4  5  1 -1 -5 -3 -2    6   5   1   4   0   4  17   1   1   2   1   2   1   0  36  13   4   0   1   2  0.70 0.37
  265 Q    1  1  0  2 -4  2  3 -1  0 -3 -3  2 -3 -3 -1 -1 -1 -4 -3 -2   15   8   4  10   0   8  25   3   2   1   2  11   0   1   2   2   2   0   0   2  0.34 0.24
  266 R   -1  4  2 -1 -4 -1 -1 -2 -1 -1  0 -1 -1  2 -4 -2 -1  0  3 -2    5  29  10   2   0   2   4   2   1   3   8   1   1   9   0   1   4   1  14   2  0.36 0.28
  267 G    1  0  0  1 -4  0  2  4  1 -4 -3 -2 -3 -4 -2 -1 -2 -4 -4 -2   13   5   3  10   0   3  15  36   4   0   2   1   0   0   1   3   2   0   0   3  0.48 0.30
  268 I    0  1 -2 -3 -3  0 -1 -4 -3  4  1 -1  0 -2 -4 -1  0 -4 -3  3    8   9   1   1   0   5   3   0   0  32   9   3   1   1   0   3   7   0   0  19  0.35 0.27
  269 G   -1 -2 -3 -2 -5 -1 -3  6 -4 -6 -6  1 -5 -4  0 -2 -3 -5 -3 -4    3   1   0   2   0   3   1  69   0   0   0  11   0   1   5   1   1   0   1   1  1.28 0.56
  270 S    2  1  0 -2 -3  0 -1 -2  0 -4 -4  1 -3 -4 -3  5  1 -5 -4 -3   20   7   2   0   0   3   2   1   2   0   0   7   0   0   0  49   6   0   0   0  0.67 0.35
  271 G   -2 -5 -3 -4 -5 -4 -5  7 -5 -6 -6 -4 -5 -6 -5 -3 -4 -5 -6 -6    0   0   0   0   0   0   0 100   0   0   0   0   0   0   0   0   0   0   0   0  2.21 0.52
  272 L   -3 -4 -5 -5 -3 -4 -4 -3 -4  1  5 -4  2  2 -2 -4 -3 -3 -2  1    0   0   0   0   0   0   0   3   0   5  67   0   5   9   2   0   0   0   0   9  0.80 0.28
  273 S    1 -2  4 -1 -3 -1 -1 -1 -2 -3 -4 -1 -1 -3 -3  4  2 -2 -2 -2   10   0  22   1   0   2   2   2   0   0   0   1   1   1   0  42  12   1   1   2  0.55 0.26
  274 E   -1  0  2  4 -4  2  2 -2 -1 -4 -4  0 -3 -4 -3  1  1 -4 -2 -3    2   5  10  30   0  11  15   1   1   0   0   3   0   0   0  14   8   0   1   1  0.50 0.20
  275 T    1 -3 -3 -3 -2 -2 -3  0 -3  2  2 -3  2  0 -3  0  1 -3 -2  2   13   0   0   0   0   0   0   8   0  14  25   0   9   3   0   6  10   0   0  13  0.24 0.14
  276 E   -1  2 -1  1 -4  2  5 -2 -1 -4 -4  1 -3 -4 -3  0  0 -1 -3 -3    3  13   1   6   0  10  46   2   0   0   0   5   0   0   0   5   5   1   0   1  0.65 0.25
  277 V    2 -3 -3 -4 -2 -3 -3 -1 -3  0  2 -3  0  2 -2 -1  1 -1  2  2   20   0   0   0   0   0   0   5   0   3  25   0   1  11   1   1  11   1   7  15  0.23 0.15
  278 G    1 -4 -2 -2 -4 -3 -2  6 -4 -1 -2 -3 -3 -4 -4  0 -1 -4 -4 -3    9   0   0   1   0   0   3  70   0   4   4   1   0   0   0   5   4   0   0   1  1.06 0.32
  279 V    0 -1 -4 -5 -3 -3 -4 -3 -4  2  4 -3  1  0 -4 -3 -2 -1 -2  2   10   4   0   0   0   0   0   1   0   9  57   0   1   3   0   0   0   1   0  15  0.58 0.23
  280 R   -4  7 -3 -4 -6  1 -1 -5 -3 -5 -2  2 -3 -5 -4 -3 -3 -5 -4 -5    0  82   0   0   0   5   2   0   0   0   4   7   0   0   0   0   0   0   0   0  1.67 0.47
  281 L   -2 -1 -4 -4 -3 -3 -4 -5 -4  1  4 -3  1 -1  2 -3  1 -3  0  0    1   4   0   0   0   0   0   0   0   4  60   0   2   1  10   0  10   0   4   4  0.59 0.25
  282 R   -3  7 -1 -4 -5 -1 -3 -4 -1 -5 -3  0 -2 -2 -4 -1 -2 -4  3 -4    0  74   2   0   0   0   0   1   0   0   1   1   1   1   0   4   2   0  12   0  1.37 0.42
  283 Y   -4 -4 -4 -1 -5 -3 -4 -6  1 -4 -4 -2  0  1 -5 -4 -4  2  9 -4    0   0   0   5   0   1   0   0   2   0   0   3   2   1   0   0   0   2  85   0  2.16 0.56
  284 E   -2  2 -2  1 -5  1  6 -4 -1 -4 -2 -1 -3 -5 -3 -2 -1 -5 -4 -3    1  13   0   5   0   4  67   0   1   0   4   1   0   0   0   0   3   0   0   1  1.06 0.37
  285 I   -2 -1 -4 -5 -3 -4 -4 -5 -4  5  1 -4  0  3 -4 -3 -2  0 -1  3    2   4   0   0   0   0   0   0   0  45  13   0   0  15   0   1   0   1   0  18  0.68 0.25
  286 R    0  1  1  0 -2 -1 -1 -1  0 -1 -1  0  1 -2 -2  2  2 -1 -2  0    3  10   9   4   0   0   1   2   2   2   4   7   5   1   0  22  20   1   0   8  0.19 0.13
  287 R   -3  6 -3 -3 -5  0 -2 -4 -1 -5 -4  2 -4 -5  3 -1 -3 -5 -4 -5    0  63   0   0   0   3   0   0   1   0   0  11   0   0  18   4   0   0   0   0  1.29 0.39
  288 E   -1  2  0  1 -4  3  4  1  1 -4 -4  2 -2 -4 -3 -1 -2  0 -3 -3    3  11   2   5   0  15  31  11   3   0   0  11   1   0   0   3   1   1   0   1  0.46 0.19
  289 F   -3 -4 -5 -5 -3 -4 -5 -5 -4  2  1 -5  2  6 -5 -4 -3 -2  0  3    0   0   0   0   0   0   0   0   0  12  12   0   5  49   0   0   0   0   1  21  0.98 0.31
  290 A    5 -1  1 -3 -3 -2 -1 -1 -3 -3 -3 -1  2 -4 -3  2 -1 -4 -3 -1   60   4   8   0   0   0   3   1   0   0   0   3   7   0   0  12   1   0   0   2  0.64 0.29
  291 P   -1 -5 -5 -4 -5 -2 -4 -5 -5 -1 -3 -4 -4 -5  8 -3 -3 -6 -5  0    6   0   0   0   0   1   0   0   0   4   2   0   0   0  81   0   0   0   0   6  2.13 0.50
  292 Y   -5 -4 -5 -6 -5 -4 -5 -6  2 -4 -3 -5 -3  4 -6 -4 -4 -1  9 -4    0   0   0   0   0   0   0   0   4   0   0   0   0  17   0   0   0   0  79   0  2.26 0.56
  293 I    0 -4 -4 -4 -2 -4 -4 -3 -4  4  1 -4  0 -1 -4 -2  0 -4 -3  4    6   0   0   0   0   0   0   2   0  34  10   0   2   2   0   1   4   0   0  41  0.63 0.24
  294 G   -1 -4 -2  2 -5 -1  1  6 -3 -5 -5 -3 -4 -5 -4 -2 -3 -5 -5 -5    2   0   0  12   0   2  11  72   0   0   0   0   0   0   0   1   0   0   0   0  1.25 0.35
  295 V   -1 -4 -4 -5 -3 -4 -4 -4 -3  2  1 -4  0  2 -4 -3 -2  2  3  5    5   0   0   0   0   0   0   1   0  11   7   0   1   8   0   0   0   3  14  51  0.64 0.25
  296 T    0 -1  1 -1 -3  0  3 -1  0 -1 -2 -1 -2 -2 -2  2  1 -3  0  0    9   2   8   1   0   3  22   3   1   4   3   1   0   1   0  20   9   0   4   7  0.20 0.15
  297 W   -4  2 -2 -3 -3 -1 -4 -5  5 -5 -4 -4 -4  1 -5 -4 -4  9  6 -4    0  10   1   2   0   2   0   0  13   0   0   0   0   4   0   0   0  35  29   1  1.74 0.50
  298 N   -1 -1  1  1 -4  2  4 -1 -1 -2 -3 -1 -3 -4 -3  1  1 -4 -1 -2    4   2   8   8   0  11  32   3   1   2   2   1   0   0   0  11   9   0   2   3  0.37 0.20
  299 R   -1  5 -1 -2 -4  2 -1  0  0 -3 -3  1 -3  0 -3 -1  0  1  3 -2    3  39   2   1   0   8   1   6   1   1   1   8   0   4   0   2   5   2  13   2  0.50 0.24
  300 S    1  0  0  1 -3  0  1 -1  0 -2  0  2 -1 -2 -2  1  0 -3  0 -2   12   4   2   6   0   2  11   2   2   0  10  21   1   1   1  15   7   0   4   1  0.17 0.13
  301 Y   -3 -2 -3 -4 -4 -3 -3 -4  2 -1  2  1 -1  5 -4 -3 -2 -1  5  0    1   1   0   0   0   0   0   0   4   2  20   9   0  26   0   1   1   0  27   5  0.70 0.28
  302 G   -2 -5 -2 -2 -5 -4 -4  7 -4 -6 -6 -3 -5 -4 -3 -3 -2 -5 -5 -5    1   0   1   2   0   0   0  91   0   0   0   1   0   1   1   0   2   0   0   0  1.91 0.52
  303 N    0  1  3  3 -4  2  2  0 -1 -4 -3  1 -3 -4 -1  0 -1 -4 -2 -3    7   6  18  16   0  11  11   8   0   0   1  10   0   0   2   6   2   0   1   1  0.33 0.16
  304 T    0 -1 -1 -2 -3  0 -2 -3 -3 -2 -2  1 -2  0 -3  1  6 -4 -2 -2    6   3   2   1   0   4   1   0   0   1   4   8   0   5   0   8  56   0   1   1  0.68 0.33
  305 A    5  2 -3 -3 -3  0 -1 -1 -2 -4 -3  2 -3 -4 -3 -1 -2 -4  0 -2   57  12   0   1   0   3   3   3   0   0   1  12   0   0   0   2   1   0   3   1  0.68 0.34
  306 D   -1  2  1  5 -4  1  0 -2 -1 -4 -4 -1 -2 -4 -3 -1  2 -4 -2 -4    4  15   5  42   0   6   2   3   1   0   1   1   1   0   0   4  14   0   1   0  0.66 0.30
  307 F   -2 -2 -1 -3 -3  1 -2 -4 -2  3  1 -3  2  3 -3 -2 -2  0  4 -1    3   2   3   1   0   7   1   0   0  19  16   0   6  16   1   3   1   1  17   1  0.37 0.21
  308 A    4  1 -3 -3 -2 -1 -1 -2 -2  0  0 -1  1 -1 -2  0 -1  4 -2  0   41   9   0   0   1   3   3   0   1   4   9   1   3   2   1   6   2   7   0   6  0.34 0.23
  309 R   -2  6 -2 -1 -1  3  0 -4  0 -4 -3  1 -3 -5 -4 -1 -2 -4 -4 -2    2  49   1   2   2  16   5   1   2   1   2   8   0   0   0   5   2   0   0   2  0.86 0.37
  310 E    3  0  0  1 -3  1  2 -1 -2 -3 -1 -1 -1 -4 -3  1  0 -4 -3 -2   30   5   4   9   0   7  19   3   0   1   5   1   2   0   0   8   5   0   0   1  0.30 0.21
  311 E    2  0  1  2 -3  2  3 -1  1 -2 -3 -1  1 -4 -3  0 -1 -4 -3 -3   21   6   6  11   0   8  23   3   3   2   2   2   4   0   0   6   2   0   0   0  0.32 0.20
  312 G   -2 -3  0  1 -5 -2 -3  6 -1 -5 -5 -4 -5 -5 -4  0  1 -5 -5 -5    1   1   3   8   0   2   1  66   2   0   1   0   0   0   0   5  10   0   0   0  1.21 0.47
  313 E   -1 -1  0  3 -5  1  5  2 -1 -4 -3  0 -4 -5 -3 -1 -2 -5 -4 -3    3   3   4  14   0   4  42  14   1   0   3   5   0   0   0   3   2   0   0   1  0.64 0.33
  314 D    0  1  1  3 -4 -1  0 -1  1 -4 -4  0 -3 -5  2  3 -1 -5 -4 -3    6   8   5  21   0   1   5   3   3   0   1   6   1   0  10  30   1   0   0   1  0.47 0.28
  315 R    1  0 -1  0 -3 -1  1 -1 -1  0 -1  0 -2 -3  0  0  3 -4 -3  2   11   6   1   5   0   0  10   5   1   3   3   5   0   0   5   4  23   0   0  16  0.18 0.17
  316 S   -1  0  0  2 -4  0  1  1  4 -2 -3  1 -3 -3 -2  2  0 -4 -3 -3    3   6   4  12   0   4  11   9  11   2   1   8   0   1   1  20   7   0   0   1  0.31 0.21
  317 E   -1 -1  0  4 -4  2  3  2 -2 -2 -4 -1 -3 -1 -3  1 -2 -4 -4 -2    5   2   3  23   0   8  24  14   0   3   0   1   0   3   0   9   2   0   0   3  0.45 0.26
  318 A    0 -1  1 -1 -3 -2 -3 -2 -2 -2 -1 -1 -2  1 -3  0  4  6 -1  0    7   3   8   4   0   1   0   2   1   1   6   3   0   5   1   5  34  13   1   5  0.49 0.30
  319 R   -1  4  0 -2 -4  1 -1  0 -1 -1 -2  1 -2 -1 -3  1  1 -4 -1 -2    4  33   5   1   0   6   3   6   1   3   4   5   0   2   0  12  12   0   2   1  0.37 0.25
  320 L    0 -4 -5 -5 -2 -4 -5 -4 -3  1  2 -4  0  4 -5 -3 -3  5  4  2    7   0   0   0   0   0   0   1   0   9  21   0   1  21   0   0   0  10  15  14  0.72 0.33
  321 V   -1 -1 -4 -5 -3 -4 -4  1 -5  1  0 -3  0 -2 -4  0  0 -5 -4  5    3   3   0   0   0   0   0  10   0   4   6   0   1   2   0   7   7   0   0  57  0.71 0.38
  322 L    4 -4 -4 -5 -3 -4 -4 -2 -4  2  1 -4  0  3 -4 -2 -1 -4 -2  2   42   0   0   0   0   0   0   1   0  12  12   0   1  12   0   0   3   0   1  16  0.56 0.32
  323 G   -3 -6 -4 -5 -6 -5 -6  7 -6 -7 -7 -5 -6 -7 -6 -4 -5 -6 -7 -7    0   0   0   0   0   0   0 100   0   0   0   0   0   0   0   0   0   0   0   0  2.56 0.76
  324 V    0 -5 -5 -5 -3 -4 -5 -5 -5  4  3 -4  1  0 -5 -4 -2 -4 -3  4    7   0   0   0   0   0   0   0   0  29  27   0   2   2   0   0   1   0   0  31  0.82 0.35
  325 R   -1  7 -2 -4 -5 -1 -1 -3 -2 -4 -4  1 -4 -5 -4  1  0 -6 -4 -5    4  65   1   0   0   1   4   2   0   1   1   6   0   0   0  11   5   0   0   0  1.27 0.51
  326 M    0 -2 -4 -5 -1 -3 -4 -3 -4  1  3 -4  3  4 -4 -2 -1  3 -1  1   10   2   0   0   1   0   0   1   0   6  31   0   9  19   0   2   4   4   0  10  0.47 0.25
  327 W   -3  0 -3 -6 -5 -3 -5 -5 -5 -1  0 -1  2 -1 -6 -2 -3 11 -2 -1    2   6   1   0   0   1   0   0   0   3  11   4   5   2   0   3   1  55   0   4  2.00 0.63
  328 F   -6 -6 -7 -7 -6 -7 -7 -7 -5 -4 -3 -7 -4  9 -7 -6 -6  2  2 -4    0   0   0   0   0   0   0   0   0   0   0   0   0  93   0   0   0   2   4   0  2.83 0.80

                      K         Lambda
Standard Ungapped    0.1330     0.3173
Standard Gapped      0.0400     0.2670
PSI Ungapped         0.1316     0.3100
PSI Gapped           0.0400     0.2670
