
Last position-specific scoring matrix computed, weighted observed percentages rounded down, information per position, and relative weight of gapless real matches to pseudocounts
           A  R  N  D  C  Q  E  G  H  I  L  K  M  F  P  S  T  W  Y  V   A   R   N   D   C   Q   E   G   H   I   L   K   M   F   P   S   T   W   Y   V
    1 M   -3 -4 -5 -6 -4 -3 -4 -5 -4  0  0 -4 10 -2 -5 -4 -3 -4 -3 -1    0   0   0   0   0   0   0   0   0   3   3   0  94   0   0   0   0   0   0   0  2.14 0.48
    2 K   -2  3  1 -2 -4  1 -1 -3 -1 -3 -3  5 -2 -4 -3  0  0 -4 -3 -3    1  15   8   0   0   3   0   0   0   1   1  59   1   0   0   5   4   0   0   0  0.77 0.25
    3 R   -1  4 -1 -2 -3  0 -1 -2  0 -1  0  3  2 -1 -1  0  0 -3 -1 -2    2  26   2   0   0   3   0   2   1   4   8  29   7   3   2   5   5   0   2   0  0.33 0.15
    4 N   -1 -1  0 -2 -2 -1 -1 -1 -2  0  1  1  1  0  1  1  1  2  0 -1    3   1   5   0   0   2   0   5   0   8  14  14   5   5   6  16   8   4   2   2  0.08 0.08
    5 A    0  0 -1 -2 -2 -1 -2  1  1  0  2  0  1  0 -2  0  0 -2 -1  0    9   4   2   0   0   2   0  12   4   2  27   7   3   6   0  10   6   0   1   4  0.07 0.07
    6 K   -1  1 -2 -3 -3  0 -2 -2 -1  0  2  3  0  2 -1 -1 -1 -3 -1 -1    4   9   1   0   0   2   0   3   1   7  24  29   1  12   2   3   3   0   0   2  0.18 0.12
    7 T    1 -2 -2 -3  0 -2 -2  0 -3  1  2 -1  1 -1 -2  1  1 -3 -2  0   15   1   1   0   2   0   0   5   0   8  26   2   2   2   1  16  13   0   0   6  0.15 0.10
    8 I    2 -3 -3 -3 -1 -2 -3  1 -2  1  2 -2  0  1 -1  0  0 -2 -2  1   27   0   0   0   0   0   0  12   1   6  25   0   1   8   2   5   4   0   0   8  0.19 0.11
    9 I    1 -3 -3 -4 -2 -3 -3 -2 -3  2  3 -3  2  0 -2 -1  0 -3 -2  2   16   0   0   0   0   0   0   2   0  11  34   0   5   2   2   4   5   0   1  20  0.30 0.13
   10 A    5 -3 -3 -3  0 -2 -3 -1 -3 -1 -1 -2  0 -1 -3  1  0  1 -3 -1   64   0   0   0   1   0   0   2   0   2   6   0   2   3   0  10   6   2   0   2  0.60 0.25
   11 G    1 -3 -3 -3 -1 -2 -3  2 -3  1  2 -3  2  1 -3 -1  0 -3 -2  1   17   0   0   0   1   0   0  22   0   6  24   0   7   7   0   2   5   0   0   8  0.23 0.12
   12 M    2 -3 -3 -3  4 -2 -3  0 -3  1  1 -2  1 -1 -2  0  0 -3 -2  1   27   0   0   0  14   0   0   8   0   7  15   0   5   2   1   4   6   0   0  12  0.25 0.13
   13 I    3 -3 -3 -3 -2 -2 -3 -2 -3  2  2 -3  1  0 -2 -1  0 -3 -2  1   31   0   0   0   0   2   0   2   0  12  27   0   3   4   1   1   6   0   0  11  0.28 0.14
   14 A    3 -3 -2 -3  0 -2 -2  0 -3  0  1 -2  1  0 -2  1  1 -3 -2  1   35   0   0   0   2   0   0   7   0   2  19   0   5   3   0   9   9   0   0   8  0.24 0.14
   15 L    0 -3 -3 -4 -2 -2 -3  0 -3  1  3 -3  3  1 -3 -1  0 -3 -1  1   11   0   0   0   0   1   0   9   0   7  41   0  10   4   0   3   4   0   1   9  0.28 0.13
   16 A    3 -3 -3 -3 -1 -2 -2  1 -3  0  1 -2  1 -1 -3  0  0 -3 -2  1   43   0   0   0   1   1   0  11   0   3  14   0   5   3   0   4   7   0   0  10  0.29 0.15
   17 I    1 -3 -2 -3 -1 -2 -3 -1 -3  0  2 -3  3  3 -2  0  0  2  0  1   14   0   1   0   1   0   0   3   0   4  19   0  13  21   1   5   4   3   0  11  0.24 0.13
   18 S    2 -2 -1 -2  0 -1 -2  2 -2 -3 -3 -2 -2  0 -2  4  1  1 -1 -1   23   0   1   0   2   1   0  14   0   0   1   1   0   5   1  40   5   2   1   3  0.38 0.18
   19 H    2 -2 -1 -2 -1 -1 -2  2  2 -2 -1 -2 -1 -1  2  1  1 -3  0 -1   23   0   1   0   1   2   0  19   7   1   4   0   2   2   9  13   8   0   4   5  0.23 0.11
   20 T    2 -2  0 -2 -2  0 -2  1  0 -1 -1 -1 -1 -1  2  2  2 -3 -2  0   21   1   3   0   0   4   0   9   2   1   7   0   1   3  10  16  16   0   1   5  0.19 0.10
   21 A    4 -3 -3 -2 -2 -1 -2  0 -1 -2 -1 -2  0  0  1  0 -1 -4 -2  1   57   0   0   1   0   2   1   4   1   0   4   0   2   4   7   5   1   0   1  11  0.44 0.20
   22 M    3  0 -1 -2  1  1 -1 -1  2 -2  0 -1  1  1 -2  0 -1  4  0 -1   32   5   2   1   3  10   1   2   6   1   7   1   4   9   0   4   1   7   2   1  0.20 0.12
   23 A    6 -2 -3 -3  0 -1 -2 -1  0 -3 -3 -2 -3 -4 -3  1 -2 -4 -2 -1   79   2   0   0   1   2   1   1   2   0   1   1   0   0   0   6   0   0   1   2  0.88 0.29
   24 D    2 -2  0  5 -4  2  2 -1 -2 -4 -4  0 -3 -4 -2 -1 -2 -4 -4 -3   21   0   1  42   0   9  16   4   0   0   0   4   0   0   0   1   0   0   0   0  0.64 0.21
   25 D   -1 -1  0  4 -2  0  1 -2 -1 -2 -2 -1 -1 -3  0  0  3 -3 -2 -1    3   1   3  30   0   2  11   2   1   1   2   2   1   1   4   4  27   0   1   3  0.37 0.12
   26 I   -2 -4 -5 -5 -3 -4 -5 -5 -3  6  1 -4  0 -2 -4 -4 -2 -4 -3  3    1   0   0   0   0   0   0   0   1  67   7   0   0   0   0   0   1   0   0  23  1.04 0.29
   27 K   -1  1 -2 -2 -3  0 -1 -3 -1 -1 -1  5 -1 -3 -1 -1  1 -4 -1  1    2   5   0   1   0   1   0   0   1   1   7  47   1   0   2   2  13   0   2  15  0.39 0.19
   28 V   -3 -5 -5 -5 -3 -4 -5 -5 -5  6  1 -4  0  0 -4 -4 -2 -4 -3  3    0   0   0   0   0   0   0   0   0  64   7   0   1   4   0   0   0   0   0  24  1.00 0.28
   29 A    3 -4 -2 -3 -3 -3 -3  6 -4 -4 -4 -3 -4 -5 -3 -1 -2 -4 -4 -3   33   0   0   0   0   0   0  64   0   0   0   0   0   0   0   2   1   0   0   0  1.19 0.30
   30 V   -2 -4 -4 -5 -2 -4 -4 -5 -5  3  2 -4  0 -1 -4 -3 -1 -4 -3  5    1   0   0   0   0   0   0   0   0  19  14   0   1   1   0   0   3   0   0  60  0.79 0.25
   31 V    5 -3 -3 -3 -2 -3 -3  1 -3  1 -2 -3 -1 -3  1 -1 -2 -4 -3  2   63   0   0   0   0   0   0   8   0   7   0   0   1   0   5   1   0   0   0  15  0.63 0.24
   32 G    1 -4 -2 -3 -4 -1 -3  6 -4 -3 -4 -3 -3 -4 -3 -1 -1 -4 -4 -1   14   0   0   0   0   2   0  71   0   1   1   0   0   0   0   1   3   0   0   7  1.07 0.27
   33 A    2 -4 -4 -4 -4 -3 -3 -3 -4 -5 -5 -3 -4 -6  8 -2 -3 -6 -5 -4   18   0   0   0   0   0   0   1   0   0   0   0   0   0  80   1   0   0   0   0  2.15 0.42
   34 M   -2  0 -3 -4 -3 -1 -2 -4  3  1  2 -1  7  0 -4 -3 -1 -3 -2  1    1   6   0   0   0   2   1   0  11   5  17   2  40   4   0   0   4   0   0   7  0.58 0.23
   35 S   -1 -3 -2 -3 -3 -2 -2 -3 -3 -3 -4 -1 -3 -4 -3  4  6 -5 -4 -2    0   0   0   0   0   0   0   0   0   0   0   3   0   0   0  30  67   0   0   0  1.15 0.36
   36 G   -2 -5 -3 -4 -5 -4 -4  7 -4 -6 -6 -4 -5 -5 -4 -2 -4 -5 -5 -5    0   0   0   0   0   0   0 100   0   0   0   0   0   0   0   0   0   0   0   0  2.06 0.42
   37 P    1 -2 -2  2 -4  2 -1 -1 -3 -4 -4 -1 -3 -5  6  1 -2 -5 -4 -4   12   1   0  11   0  12   1   3   0   0   0   2   0   0  47  10   0   0   0   0  1.01 0.25
   38 I   -2 -2  3 -1 -3  0 -1 -3 -2  0  1 -2 -1  0 -3 -1 -1 -2  3  3    1   0  19   2   0   4   5   0   0   2  18   0   0   4   0   2   2   0  12  30  0.26 0.16
   39 A    6 -3 -3 -3 -2 -3 -2 -1 -3 -3 -3 -3 -3 -4 -3  0  1 -4 -4  0   82   0   0   0   0   0   1   1   0   0   0   0   0   0   0   4   8   0   0   4  1.00 0.33
   40 Q    3 -2 -1 -1 -3  4 -1 -1 -2 -2 -3 -1 -2 -4 -1  2  1  1 -3 -1   36   0   1   1   0  26   1   3   0   1   0   1   0   0   1  17   7   2   0   2  0.44 0.21
   41 W   -3 -4 -4 -5 -4 -4 -4 -4 -1  1  0 -4 -1  5 -5 -4 -2  3  7  0    2   0   0   0   0   0   0   1   0   7   5   0   1  31   0   0   1   3  45   5  1.12 0.29
   42 G   -2 -5 -3 -3 -5 -4 -4  7 -4 -6 -6 -4 -5 -5 -4 -2 -4 -5 -5 -5    0   0   0   0   0   0   0 100   0   0   0   0   0   0   0   0   0   0   0   0  2.06 0.42
   43 D    1  0 -1  4 -4  1  3 -3 -2 -2 -1 -1 -1 -4 -3 -1  0 -4 -3 -2   15   4   0  31   0   4  28   0   0   2   8   0   1   0   0   0   5   0   0   2  0.45 0.18
   44 M   -3 -2 -3 -2 -5  7  0 -3 -2 -3 -3 -1  5 -4  2 -2 -3 -4 -2 -3    0   0   0   1   0  62   2   1   0   1   0   0  22   0  10   0   0   0   1   0  1.21 0.39
   45 E   -1 -2 -2 -3 -2  1  0 -3 -2  2  1 -2  2  0 -3  0  0  0  1  2    1   0   0   0   0   9   7   1   0  10  17   0   9   4   0   6   6   1   7  22  0.18 0.11
   46 F   -1  3 -2 -2 -3  2 -1 -3 -1 -1  0  3  1  2 -3 -2 -2  3 -1  0    3  17   0   1   0  10   0   0   1   1   9  28   3  14   0   1   0   5   0   7  0.32 0.16
   47 N    0  2  4  0 -3  1  0 -2 -1 -1 -2  2 -2 -3 -3  0  0 -4 -2 -2   11  14  26   2   0   4   6   0   0   5   1  19   0   0   0   2   7   0   1   1  0.33 0.14
   48 G    1 -4 -2 -3 -4 -4 -4  7 -4 -5 -5 -3 -4 -5 -4 -2 -3 -5 -5 -5   10   0   0   0   0   0   0  89   0   0   0   0   0   0   0   1   0   0   0   0  1.66 0.36
   49 A    6 -3 -3 -4 -2 -3 -3 -1 -4 -2 -3 -3 -2 -3 -3 -1 -1 -4 -3  2   81   0   0   0   0   0   0   2   0   1   0   0   0   0   0   1   2   0   0  14  0.97 0.32
   50 R   -1  1 -1  0 -4  3  4 -3 -1 -2 -1  2  0 -3 -2  0 -1 -4 -3 -2    4   8   2   3   0  13  40   0   0   2   8  11   2   0   0   5   2   0   0   0  0.43 0.17
   51 Q    2 -1 -2 -3 -3  4 -1 -2 -2 -1  0 -1  3 -2 -3 -1  2 -3 -3 -1   21   1   0   0   0  30   1   1   0   3  10   2  14   1   0   1  14   0   0   2  0.36 0.19
   52 A    6 -3 -4 -4 -2 -3 -3 -2 -4 -2 -3 -3 -3 -2 -3 -1 -2 -3 -2  1   87   0   0   0   0   0   0   0   0   0   0   0   0   1   0   0   0   0   1  10  1.11 0.35
   53 I    2 -4 -4 -4 -2 -3 -4 -4 -4  4 -1 -3  0 -2 -4 -2 -2 -4 -3  5   22   0   0   0   0   0   0   0   0  30   0   0   0   0   0   0   0   0   0  47  0.72 0.25
   54 K    2  0 -1  2 -3  0  3 -2 -2 -3 -3  2 -3 -4 -2 -1 -1 -4 -3 -2   29   4   2  15   0   1  28   0   0   0   1  16   0   0   0   0   1   0   0   3  0.43 0.18
   55 D    0 -1  0  5 -4  2  2 -2 -2 -3 -3  0 -1 -3 -3  0 -1 -5 -4 -2    8   3   1  49   0  11  14   1   0   1   1   3   2   1   0   4   1   0   0   2  0.67 0.21
   56 I    0 -4 -5 -5 -3 -4 -5 -5 -4  6  1 -4  0 -1 -4 -3 -2 -1 -1  2    9   0   0   0   0   0   0   0   0  74   7   0   0   1   0   0   0   1   2   6  0.96 0.29
   57 N   -4 -3  8 -1 -5 -2 -3 -3 -2 -6 -6 -2 -5 -5 -4 -2 -2 -6 -5 -5    0   0 100   0   0   0   0   0   0   0   0   0   0   0   0   0   0   0   0   0  2.18 0.49
   58 A    5 -1 -1  0 -2 -1 -1 -1 -3 -3 -3  2 -1 -4 -2  0 -2 -4 -3 -2   70   2   2   4   0   1   3   1   0   0   0  13   1   0   0   2   0   0   0   1  0.69 0.26
   59 K    4  0  0 -2 -3 -1 -1 -1 -1 -3 -3  4  0 -4 -2  1 -1 -4 -3 -2   43   3   5   0   0   0   0   1   1   0   0  34   3   0   0   8   1   0   0   1  0.52 0.22
   60 G   -2 -4 -2 -3 -5 -4 -4  7 -4 -6 -6 -4 -5 -5 -4 -2 -4 -5 -5 -5    0   0   0   0   0   0   0 100   0   0   0   0   0   0   0   0   0   0   0   0  2.03 0.41
   61 G   -2 -4 -2 -3 -5 -4 -4  7 -4 -6 -4 -3 -5 -5 -4 -2 -3 -5 -5 -5    0   0   0   0   0   0   0  96   0   0   2   1   0   0   0   0   1   0   0   0  1.86 0.39
   62 I   -1 -4 -5 -5 -2 -4 -4 -5 -4  5  2 -4  0 -1 -4 -3 -2 -4 -2  4    3   0   0   0   0   0   0   0   0  40  13   0   1   1   0   0   0   0   1  42  0.77 0.23
   63 K   -2 -1  5  1 -3 -1 -2 -1 -2 -2  2  2  0 -3 -1 -1 -2 -4 -3 -2    3   2  35   8   0   0   0   3   0   0  30  15   3   0   2   0   0   0   0   0  0.40 0.19
   64 G   -2 -4 -2 -2 -5 -4 -4  7 -4 -6 -6 -4 -5 -5 -4 -2 -4 -5 -5 -5    0   0   1   2   0   0   0  97   0   0   0   0   0   0   0   0   0   0   0   0  1.89 0.39
   65 D   -1  1  1  1 -4  3  4 -2 -1 -4 -4  3 -2 -4 -2 -1 -1 -4 -3 -3    2   5   6   5   0  15  36   1   1   0   0  24   1   0   0   1   3   0   0   0  0.60 0.20
   66 K   -2  0 -2 -2 -4  4 -1 -3 -2 -4 -3  5  1 -4  1 -1  0 -4 -3 -3    0   1   0   0   0  25   0   0   0   0   0  51   5   1   8   2   6   0   0   0  0.78 0.27
   67 L   -2 -4 -5 -5 -2 -4 -4 -5 -4  4  4 -4  1  0 -4 -4 -2 -3 -2  3    0   0   0   0   0   0   0   0   0  30  48   0   1   3   0   0   0   0   0  18  0.73 0.22
   68 V   -1  0 -2 -1 -3  1  3 -3 -2  0 -2  2 -1 -3 -3 -1  0 -4 -3  3    4   4   0   1   0   4  31   0   0   5   1  14   0   0   0   0   7   0   0  31  0.34 0.17
   69 G    0 -3 -4 -4 -2 -3 -4  0 -4  2  4 -3  1  0 -1 -2 -2 -3 -2  1   11   0   0   0   0   0   0   8   0  10  59   0   1   2   2   0   1   0   0   6  0.46 0.18
   70 V   -1 -1 -2  1 -3  0  1 -3 -3  2  0  1 -1 -1 -3 -1 -1 -4 -2  4    0   1   0  10   0   3  10   0   0   9   4  10   0   1   0   5   2   0   0  44  0.27 0.16
   71 E    0 -2 -2 -2 -2  0  1 -3 -2  2  1  0  1 -1 -1 -1  0 -1 -1  3    5   1   1   0   0   4  10   0   0  17  11   7   2   2   2   1   3   1   2  31  0.17 0.10
   72 Y    1 -2 -2 -2 -3  2  1  3 -2 -1 -2 -2  0  0 -3 -1 -2 -2  3  0   13   0   0   0   0  12   9  31   0   4   0   0   3   2   0   0   0   0  16   8  0.33 0.16
   73 D   -4 -4  0  8 -6 -2 -1 -4 -3 -5 -6 -3 -5 -6 -4 -2 -3 -7 -5 -5    0   0   1  99   0   0   0   0   0   0   0   0   0   0   0   0   0   0   0   0  2.13 0.45
   74 D   -4 -4 -1  8 -6 -2  0 -4 -3 -5 -6 -3 -5 -6 -4 -2 -3 -7 -5 -5    0   0   0  99   0   0   1   0   0   0   0   0   0   0   0   0   0   0   0   0  2.12 0.45
   75 A    5 -2 -3 -3 -2  1 -1  1 -3 -2 -3 -2 -2 -1 -3  0 -2 -4 -3  1   63   1   0   0   0   7   2  11   0   0   0   1   1   2   0   1   0   0   0  10  0.58 0.24
   76 C    0 -5 -4 -5 10 -4 -5  1 -3 -4 -4 -5 -4 -5 -5  0 -3 -5 -5 -3    5   0   0   0  76   0   0   9   1   0   0   0   0   0   0   9   0   0   0   0  2.10 0.43
   77 D   -3 -2  0  6 -5 -1  4 -3 -2 -5 -5  1 -4 -5 -3 -1 -2 -5 -4 -4    0   0   1  56   0   0  29   0   0   0   0  11   0   0   0   2   0   0   0   1  1.12 0.29
   78 P   -2 -4 -4 -4 -5 -3 -1 -4 -4 -5 -5 -3 -5 -6  8 -1 -3 -6 -5 -5    2   0   0   0   0   0   3   0   0   0   0   0   0   0  92   4   0   0   0   0  2.52 0.45
   79 K   -2  1  0 -1 -5  0  2 -2 -2 -4 -4  6 -3 -5 -3 -1 -1 -5 -4 -4    1   2   4   1   0   1  12   2   0   0   0  73   0   0   0   3   2   0   0   0  0.99 0.30
   80 Q   -3  0 -2 -3 -5  8  0 -4 -2 -3 -2  0 -1 -3 -3 -2 -1 -4 -3 -2    0   2   0   0   0  83   2   0   0   1   3   2   1   1   0   0   3   0   0   2  1.45 0.41
   81 A    5 -3 -3 -3 -2 -3 -3  3 -3 -4 -4 -3 -3 -4 -3  0 -2 -4 -4 -2   75   0   0   0   0   0   0  24   0   0   0   0   0   0   0   1   0   0   0   0  1.03 0.31
   82 V   -1 -1 -4 -4 -3 -3 -4 -3 -4  2 -1 -2  0 -3  0 -3  1 -4 -3  6    1   4   0   0   0   0   0   1   0   5   1   2   1   0   4   0  10   0   0  71  0.73 0.27
   83 A    4 -2  2 -2 -2 -2 -1 -2 -2 -2 -3 -2 -2 -4 -1  3  0 -4 -3 -1   48   0  11   0   0   0   2   0   0   2   0   0   0   0   2  30   2   0   0   2  0.57 0.23
   84 V    2 -4 -4 -4 -2 -3 -4 -4 -4  1 -1 -3 -1 -3 -4 -2 -1 -4 -3  5   24   0   0   0   0   0   0   0   0   3   0   0   0   0   0   1   3   0   0  69  0.82 0.28
   85 A    6 -3 -4 -4 -2 -3 -3 -2 -4 -3 -4 -3 -3 -4 -3 -1 -2 -5 -4 -2   99   0   0   0   0   0   0   0   0   0   0   0   0   0   0   0   1   0   0   0  1.40 0.40
   86 N   -3 -1  7 -1 -4  0  0 -2 -1 -5 -5 -1 -2 -4 -4 -1  0 -5 -4 -4    1   1  78   0   0   4   6   0   1   0   0   1   1   1   0   2   6   0   0   0  1.33 0.36
   87 K   -2  4 -1 -1 -4  3  0 -3  1 -4 -4  5 -3 -4 -3 -1 -1 -4 -3 -4    1  23   1   1   0  15   2   1   4   0   0  48   0   0   0   3   2   0   0   0  0.79 0.25
   88 I   -2 -4 -4 -5 -3 -4 -4 -5 -3  3  3 -4  2  4 -4 -3 -2 -2  0  2    1   0   0   0   0   0   0   0   0  18  36   0   5  23   0   0   0   0   1  16  0.59 0.18
   89 V    1 -4 -4 -4 -2 -3 -4 -4 -4  3  0 -3  0 -2 -4 -2 -1 -4 -3  5   15   0   0   0   0   0   0   0   0  12   3   0   1   0   0   1   3   0   0  65  0.73 0.25
   90 N    1  0  4  1 -3 -1 -1  2 -2 -4 -4 -1 -3 -4 -3  2  0 -4 -3 -3   11   4  31   7   0   1   0  18   0   0   0   1   0   0   0  22   3   0   0   0  0.49 0.18
   91 D   -1 -1  1  6 -4  2  2 -2 -2 -4 -4  1 -3 -5 -3  1 -1 -5 -4 -4    5   2   3  51   0   8  13   0   0   0   0   8   0   0   0   9   1   0   0   0  0.77 0.22
   92 G   -2 -1  0  0 -4 -1 -1  6 -2 -5 -5  3 -4 -5 -3 -1 -3 -4 -4 -4    0   1   4   3   0   2   4  62   0   0   0  21   0   0   0   2   0   0   0   0  0.94 0.25
   93 I    1 -4 -4 -5 -2 -4 -4 -4 -5  4 -1 -4 -1 -2 -4 -3 -1 -4 -3  5   10   0   0   0   0   0   0   0   0  29   0   0   0   0   0   0   1   0   0  59  0.84 0.27
   94 K    0  2  0 -1 -3  1 -1 -1  0 -1 -2  3 -1 -3  0  0 -1 -4 -2  1    7  14   2   2   0   6   1   3   2   3   1  32   0   0   3   4   2   0   0  16  0.24 0.13
   95 Y    0 -4 -4 -4 -3 -3 -4 -1 -1 -1  1 -4  1  6 -4 -3 -3 -1  4  0   12   0   0   0   0   0   0   5   1   1  13   0   4  43   0   0   0   0  15   6  0.64 0.21
   96 V   -1 -4 -5 -5 -3 -4 -4 -5 -5  1 -1 -4  1 -3 -4 -3 -2 -5 -3  7    2   0   0   0   0   0   0   0   0   2   0   0   3   0   0   0   0   0   0  92  1.28 0.36
   97 I    0 -4 -4 -1 -2 -3 -3 -4 -1  4  0 -3  1 -2 -4 -3 -2 -4 -3  5   10   0   0   4   0   0   0   0   2  28   4   0   3   0   0   0   0   0   0  49  0.59 0.21
   98 G   -1 -4 -2 -3 -4 -4 -4  7 -4 -6 -6 -3 -5 -5 -4 -2 -4 -5 -5 -5    2   0   0   1   0   0   0  97   0   0   0   0   0   0   0   0   0   0   0   0  1.88 0.38
   99 H   -3 -3 -2 -3 -5 -2 -2 -4 10 -6 -5 -3 -4 -4  2 -3 -3 -5 -1 -5    1   0   0   1   0   0   0   0  85   0   0   0   0   0  13   1   0   0   0   0  2.30 0.48
  100 L   -1 -4 -4 -4 -2 -3 -4 -4 -3  2  2 -4  0  5 -4 -3 -1  2  2  3    5   0   0   0   0   0   0   0   0  10  20   0   1  29   0   0   2   3   5  24  0.49 0.16
  101 C   -2 -5  2 -4 10 -4 -5 -4 -4 -2 -3 -4 -3 -5 -5 -2  1 -5 -4 -3    1   0  12   0  76   1   0   0   0   1   1   0   0   0   0   0   8   0   0   0  2.14 0.44
  102 S   -1 -3 -1 -2 -3 -2 -2 -2 -3 -4 -4 -2 -3 -1 -3  7  0 -5 -3 -4    0   0   0   0   0   0   0   0   0   0   0   0   0   3   0  95   3   0   0   0  1.37 0.41
  103 S    0 -3  1 -1 -3 -2 -3  5 -3 -5 -5 -2 -4 -4 -3  4 -1 -4 -4 -4    3   0   6   1   0   0   0  54   0   0   0   0   0   0   0  36   0   0   0   0  0.96 0.27
  104 S    3 -3  0 -2  0 -2 -2 -2 -3 -2 -3 -2 -2 -3  0  4  0 -4 -3  2   25   0   3   0   1   0   0   0   0   0   0   0   0   0   5  44   3   0   0  20  0.48 0.22
  105 T    1 -3 -1 -2 -2 -2 -2 -2 -3 -2 -3 -2 -3 -4 -3  4  5 -4 -3 -2    9   0   0   0   0   0   0   0   0   2   0   0   0   0   0  40  49   0   0   0  0.87 0.30
  106 Q   -2 -2 -2 -3 -3  2 -2 -4 -1  5  1  1  2 -1 -4 -3 -2 -4 -2  1    1   0   2   0   0  14   1   0   1  51   6  10   8   1   0   0   0   0   0   5  0.48 0.21
  107 P    2 -4 -4 -3 -4 -3 -3 -2 -4 -4 -4 -3 -4 -5  8 -2 -2 -5 -5 -4   24   0   0   0   0   0   0   2   0   0   0   0   0   0  73   1   1   0   0   0  1.89 0.38
  108 A    6 -3 -3 -4 -2 -3 -3 -2 -4 -3 -3 -3 -3 -4 -2  0  0 -4 -4  0   90   0   0   0   0   0   0   0   0   0   0   0   0   0   0   1   3   0   0   6  1.13 0.35
  109 S    1 -3 -1 -2 -3 -2 -2 -2 -3 -3  0 -2 -2 -4 -3  6  0 -4 -3 -2    7   0   0   0   0   0   0   0   0   1   9   0   1   0   0  79   2   0   0   2  0.90 0.33
  110 D   -1 -2  1  5 -4  0  3 -1 -2 -4 -4  0 -3 -4  1  0 -1 -5 -4 -3    6   0   4  39   0   3  24   3   0   0   0   6   0   0   8   4   1   0   0   0  0.64 0.19
  111 I   -1 -4 -4 -4 -2 -4 -4 -5 -5  5  0 -4  0 -1 -4 -3 -2 -4 -3  5    3   0   0   0   0   0   0   0   0  45   1   0   0   1   0   0   1   0   0  47  0.89 0.27
  112 Y   -4 -4 -5 -6 -5 -4 -4 -5 -1 -3  0 -4 -3  1 -5 -4 -4  0  9 -3    0   0   0   0   0   0   0   0   0   0   9   0   0   1   0   0   0   0  90   0  2.13 0.47
  113 E    3 -1  1  2 -3  0  3 -2 -1 -3 -2  0 -2 -3 -2  0 -1 -4 -3 -2   36   1   9  10   0   1  25   0   1   0   2   5   0   0   0   5   2   0   0   1  0.37 0.16
  114 D    0 -2  1  5 -5  1  5 -2 -2 -5 -4 -1 -4 -5 -3 -1 -2 -5 -4 -4    6   0   6  33   0   6  44   1   0   0   0   2   0   0   0   1   0   0   0   0  0.87 0.25
  115 E    3 -2  3 -1 -3  0  4 -1 -2 -4 -4 -1 -3 -4 -2  0 -1 -4 -3 -3   32   0  22   0   0   1  34   4   0   0   0   1   0   0   0   5   1   0   0   0  0.57 0.22
  116 G   -2 -3  1 -1 -4 -1 -2  6 -3 -5 -5 -1 -3 -5 -4 -2 -3 -4 -5 -5    0   0   7   2   0   2   2  81   0   0   0   4   1   0   0   0   0   0   0   0  1.34 0.31
  117 I   -2 -4 -5 -3 -3 -4 -4 -5 -5  6  0 -4  0 -2 -4 -3 -1 -4 -3  4    1   0   0   1   0   0   0   0   0  55   1   1   0   0   0   0   1   0   0  39  0.95 0.28
  118 L   -2 -4 -4 -5 -2 -4 -4 -5 -4  3  3 -4  1 -1  0 -3 -2 -4 -2  4    0   0   0   0   0   0   0   0   0  16  41   0   1   1   5   0   0   0   0  36  0.65 0.22
  119 M    0 -1 -2 -3 -1  4  0 -3 -3 -1 -1 -2  7 -2 -4 -1 -1 -4 -3  0   10   1   1   0   1  22   4   1   0   0   1   0  47   1   0   5   3   0   0   5  0.73 0.30
  120 I   -2 -4 -3 -5 -3 -4 -5 -5 -5  6  0 -4  4 -2 -4 -4 -2 -4 -3  3    1   0   1   0   0   0   0   0   0  66   1   0  11   0   0   0   0   0   0  20  1.02 0.30
  121 S   -1 -3 -1 -3 -3 -2 -2 -3 -1 -3 -4 -2 -3 -4 -3  4  6 -5 -3 -2    1   0   1   0   0   0   0   0   1   0   0   0   0   0   0  35  61   0   0   0  1.07 0.35
  122 P    0 -4 -4 -4 -5 -3 -3 -4 -3 -4 -5 -3 -4 -6  8 -3 -3 -6 -5 -2    8   0   0   0   0   0   0   0   1   0   0   0   0   0  88   0   0   0   0   3  2.37 0.45
  123 G    4 -2 -2 -2 -1 -2 -2  3 -3 -3 -3 -2 -3 -4 -2  3  1 -4 -3 -2   43   1   0   0   1   0   0  23   0   0   0   0   0   0   0  22   8   0   0   0  0.59 0.21
  124 A    4 -2 -2 -3 -2 -2 -2 -1 -3 -3 -3 -2 -3 -4 -2  4  1 -4 -3 -2   44   1   0   0   0   0   0   1   0   0   1   0   0   0   0  48   5   0   0   0  0.80 0.29
  125 T   -2 -3  0 -2 -3 -3 -3 -4 -2 -3 -3 -3 -3 -4 -3  0  7 -5 -4  0    0   0   3   1   0   0   0   0   1   0   0   0   0   0   0   4  87   0   0   4  1.35 0.41
  126 N    2 -2  6 -1 -3 -1 -1 -1 -1 -4 -3 -2 -3 -4 -3  2  0  0 -3 -2   20   0  50   0   0   1   1   2   0   0   3   0   0   0   0  15   5   2   0   1  0.70 0.26
  127 P    1 -4 -4 -4 -4 -3 -3 -4 -4 -4 -5 -3 -4 -5  8 -3 -2 -6 -5 -2   11   0   0   0   0   0   0   0   0   0   0   0   0   0  84   0   2   0   0   3  2.22 0.43
  128 E    0  1 -1  2 -3  2  2 -1 -1 -2 -1  2 -1 -3  0  0  0 -3 -3 -1    6   8   1  14   0  12  14   4   0   0   5  17   2   0   3   3   6   0   0   4  0.22 0.10
  129 L   -3 -4 -5 -5 -3 -4 -4 -5 -4  2  4 -4  1  3 -4 -4 -2 -2  0  2    0   0   0   0   0   0   0   0   0  14  54   0   1  16   0   0   0   0   3  12  0.67 0.21
  130 T   -2 -3 -2 -3 -3 -3 -3 -4 -3 -3 -4 -3 -3 -4 -3  0  7 -5 -4 -2    0   0   0   0   0   0   0   0   0   0   0   0   0   0   0   2  97   0   0   0  1.71 0.47
  131 Q    0 -1  0  3 -4  2  5 -3 -2 -4 -3  0 -3 -4 -3  0  0 -4 -3 -3    8   2   2  18   0  11  47   0   0   0   2   2   0   0   0   3   5   0   0   0  0.68 0.23
  132 R   -2  6 -2 -1 -5  2 -1 -3 -2 -5 -4  2 -2 -5 -3  0 -1 -4 -3 -4    2  66   1   2   0   8   1   1   0   0   0   9   1   0   0   7   3   0   0   0  1.07 0.31
  133 G   -1 -3 -1 -1 -4 -3 -2  6 -4 -4 -5  0 -4 -5  0 -2 -3 -4 -5 -4    2   0   2   3   0   0   2  77   0   1   0   6   0   0   6   0   1   0   0   0  1.24 0.31
  134 Y   -2 -1 -2 -4 -3 -2 -3  0  1 -1  3 -2  2  1 -4 -2 -2  2  5 -1    2   3   2   0   0   0   0   8   4   1  38   2   5   4   0   1   0   3  27   0  0.45 0.19
  135 Q   -1 -1 -1 -1 -4  2  1 -1  0 -4 -4  2 -3 -3  4  0  0  6 -2 -3    5   1   2   2   0   9   8   3   3   0   0  14   0   0  26   7   7  13   0   0  0.58 0.18
  136 H   -1 -2  5 -1 -3 -2 -2  1  1 -2  0 -2  1  1 -3 -1  2 -3  1 -2    3   0  38   2   0   0   1   9   3   0  11   0   6   6   0   0  16   0   6   0  0.39 0.19
  137 I   -2 -4 -4 -4 -2 -3 -4 -4 -4  4  1 -4  2  2 -4 -3  1 -3 -1  4    1   0   0   0   0   0   0   0   0  33   5   0   6  13   0   0  10   0   0  33  0.58 0.21
  138 M   -4 -5 -5 -6 -4 -5 -5 -5 -2 -2  1 -5  3  8 -5 -4 -4 -1  2 -2    1   0   0   0   0   0   0   0   0   0  12   0   8  76   0   0   0   0   3   0  1.55 0.38
  139 R   -3  8 -3 -4 -6 -1 -2 -5 -3 -5 -5  0 -4 -5 -5 -3 -3 -5 -4 -5    1  99   0   0   0   0   0   0   0   0   0   0   0   0   0   0   0   0   0   0  2.09 0.49
  140 T   -1 -3 -2 -3 -2 -3 -3 -4 -4  1  0 -3  2 -3 -3 -1  5 -4 -3  2    2   0   1   0   0   0   0   0   0   4   8   0   7   0   0   0  56   0   0  21  0.70 0.28
  141 A    1 -5 -4 -5  9 -4 -5 -4 -4  4 -2 -4 -1 -3 -4 -1  0 -4 -1 -1   11   0   0   0  47   0   0   0   0  30   0   0   1   0   0   2   7   0   2   0  1.19 0.33
  142 G    1 -1 -2 -3 -4 -3 -3  6 -4 -5 -5 -3 -4 -5  0 -1 -2 -4 -5 -4    9   3   0   0   0   1   0  78   0   0   0   0   0   0   4   2   2   0   0   0  1.30 0.32
  143 L   -3  7 -1 -3 -4 -1 -2 -4 -1 -3  1  0 -2 -4 -1  0 -1 -4 -3 -3    0  68   2   0   0   0   0   0   1   0  17   0   0   0   3   6   3   0   0   0  1.00 0.32
  144 D   -4 -4 -1  8 -6 -2  1 -4 -3 -6 -6 -3 -5 -6 -4 -2 -3 -7 -5 -6    0   0   0  96   0   0   4   0   0   0   0   0   0   0   0   0   0   0   0   0  2.07 0.46
  145 S   -1 -3  0  7 -5 -2 -1 -3 -3 -5 -4 -2 -4 -5 -3  2 -2 -6 -4 -5    3   0   2  75   0   0   0   0   0   0   1   2   0   0   0  16   0   0   0   0  1.36 0.36
  146 S    2 -1 -2  2 -4  6  0 -3 -1 -3 -2 -1  0 -4 -3 -1 -2 -4 -3 -2   17   1   0  12   0  54   3   0   0   0   3   1   3   0   0   3   0   0   0   3  0.76 0.29
  147 Q   -3 -1 -2 -3 -6  8  0 -4 -2 -5 -5 -1 -3 -6 -4 -2 -3 -5 -4 -5    0   0   0   0   0  98   0   0   0   0   0   0   0   0   0   2   0   0   0   0  2.15 0.55
  148 G    2 -4 -2 -3 -4 -3 -4  6 -4 -5 -5 -3 -4 -5 -1 -2 -3 -4 -5 -4   22   0   0   0   0   0   0  75   0   0   0   0   0   0   3   0   0   0   0   0  1.36 0.33
  149 P    0  2 -2  0 -3  0  1 -2 -1  0 -1  0 -1 -3  4 -1 -1 -4 -3  0   10  12   0   5   0   5   9   2   1   7   4   5   0   0  27   2   2   0   0   7  0.37 0.12
  150 T    0 -3 -3 -4 -2 -2 -3 -4 -3  2  2 -2  0  1 -2 -1  2 -3 -1  4    9   0   0   0   0   1   0   0   0   6  19   1   0   5   1   2  15   0   2  40  0.35 0.16
  151 A    5 -3 -3 -3 -2 -1 -2  0 -3 -1 -2 -2 -1 -4 -2  1 -1 -4 -3 -2   75   0   0   1   0   2   1   3   0   4   1   0   2   0   0   8   2   0   0   1  0.81 0.30
  152 A    4 -3 -3 -3 -3 -3 -3  4 -3 -3 -3 -3 -3 -4 -3  0 -2 -4 -4 -1   53   0   0   0   0   0   0  38   0   0   0   0   0   0   0   3   1   0   0   5  0.85 0.28
  153 K    1  1  2  3 -3  1  1 -1 -1 -4 -3  3 -2 -4 -1  0  0 -4 -3 -3   12   5  14  18   0   6   5   2   1   0   0  26   1   0   2   4   5   0   0   0  0.36 0.14
  154 Y   -4 -4 -4 -5 -4 -4 -4 -5  0 -1 -1 -4 -2  5 -5 -4 -3  3  8 -1    0   0   0   0   0   0   0   0   1   4   3   0   1  24   0   0   1   4  60   3  1.46 0.36
  155 I   -1 -4 -4 -5 -3 -4 -4 -5 -4  5  3 -4  2 -1 -4 -3 -1 -4 -2  2    6   0   0   0   0   0   0   0   0  50  29   0   4   0   0   0   1   0   1   8  0.70 0.23
  156 L    4 -3 -3 -3 -2 -2 -2 -2 -3  1  2 -1  0  0 -3 -1 -1 -3 -2  1   47   0   0   0   0   1   0   0   0  10  20   4   1   3   0   0   2   0   0  11  0.36 0.18
  157 E   -1  0  1  4 -4  1  4 -2 -2 -4 -4  2 -3 -4 -2  0 -1 -5 -3 -4    4   3   7  29   0   3  31   2   0   0   0  16   0   0   0   4   1   0   0   0  0.62 0.20
  158 T   -2  2  3 -1 -3  0  1 -3  4 -2 -3  3 -2 -3 -3  0  1 -4 -2  0    1  11  18   0   0   2   6   0  17   0   0  20   0   0   0   3  11   0   0   9  0.38 0.17
  159 V   -2 -3 -4 -4 -3 -3 -4 -4  0  1  2 -3  0  5 -4 -3 -2  2  3  1    1   0   0   0   0   1   0   0   2   7  25   1   1  36   0   0   0   3   9  13  0.58 0.19
  160 K    0  2 -1 -2 -4  0 -1  1 -2 -4 -4  6 -3 -5  0 -1 -2 -5 -4 -4    6   9   2   0   0   2   0  14   0   0   0  62   0   0   4   2   0   0   0   0  0.79 0.27
  161 P    0 -3 -1  4 -4 -2 -1  3 -3 -3 -2 -1 -3 -4  4 -1 -2 -4 -3 -2    7   0   2  26   0   0   0  25   0   0   4   3   0   0  27   2   1   0   1   4  0.64 0.20
  162 Q    0  2 -2 -1 -4  2  0 -2 -2 -4 -4  6 -2 -5 -3 -1 -1 -5 -3 -3    8   6   0   1   0  10   1   2   0   0   0  67   0   0   0   2   2   0   0   0  0.89 0.30
  163 R   -2  4  2 -1 -4 -1 -1 -2 -1 -3 -4  5 -3 -4 -1 -1  0 -5 -3 -3    0  22  11   1   0   0   0   2   1   2   0  51   0   0   2   1   6   0   0   1  0.72 0.25
  164 I   -2 -4 -5 -5 -3 -4 -5 -5 -5  6  0 -4 -1 -2 -3 -4 -1 -4 -3  4    1   0   0   0   0   0   0   0   0  53   3   0   0   0   1   0   2   0   0  40  0.99 0.30
  165 A    6 -4 -4 -4 -2 -3 -3 -1 -4 -3 -3 -3 -3 -4 -3 -1 -2 -5 -4  0   94   0   0   0   0   0   0   2   0   0   0   0   0   0   0   0   0   0   0   5  1.31 0.40
  166 I   -2 -4 -5 -5 -3 -4 -4 -5 -4  5  1 -4  0  0 -4 -4 -2 -4 -1  4    0   0   0   0   0   0   0   0   0  44  10   0   0   3   0   0   0   0   2  41  0.85 0.26
  167 I   -2 -4 -5 -5 -3 -4 -4 -5 -5  4  4 -4  0 -1 -4 -4 -2 -4 -3  3    1   0   0   0   0   0   0   0   0  33  48   0   0   0   0   0   0   0   0  19  0.79 0.24
  168 H   -4 -2  2  1 -5  1 -2 -4 10 -5 -5 -3 -4 -4 -4 -3 -4 -5  1 -5    0   0   9  10   0   5   0   0  73   0   0   0   0   0   0   0   0   0   3   0  1.88 0.44
  169 D   -4 -4 -1  8 -6 -3 -1 -4 -3 -6 -6 -3 -6 -6 -4 -3 -3 -7 -6 -6    0   0   0 100   0   0   0   0   0   0   0   0   0   0   0   0   0   0   0   0  2.21 0.49
  170 K   -3  1  0 -1 -5  1 -1 -2 -3 -5 -4  7 -3 -5 -2 -2 -3 -5 -4 -4    0   3   4   3   0   4   0   1   0   0   1  82   0   0   1   0   0   0   0   0  1.23 0.37
  171 Q   -1 -2 -1  1 -3  4 -1  2 -2 -3 -4 -1 -3 -4 -3  1  4 -4 -3 -3    1   0   0   9   0  29   0  15   0   0   0   1   0   0   0  11  34   0   0   0  0.59 0.25
  172 Q    2 -2 -2  1 -3  3 -1 -2 -2 -3 -3 -1 -2 -4  3  1  3 -4 -3 -2   25   1   0   9   0  18   0   0   0   0   0   0   0   0  15   7  23   0   0   1  0.48 0.21
  173 Y   -1 -4 -5 -5 -5 -4 -4 -5 -1 -4 -2 -4 -3  1 -5 -4 -4  0  9 -3    7   0   0   0   0   0   0   0   0   0   2   0   0   2   0   0   0   0  88   0  2.12 0.49
  174 G   -1 -4 -2 -3 -4 -4 -4  7 -4 -6 -6 -3 -5 -5 -4  0 -3 -5 -5 -5    2   0   0   0   0   0   0  92   0   0   0   0   0   0   0   6   0   0   0   0  1.76 0.39
  175 E   -2  3 -2 -2 -5  4  3 -3 -2 -4 -4  5 -3 -5 -3 -1 -2 -4 -3 -3    0  13   0   0   0  23  18   1   0   0   0  43   0   0   0   2   1   0   0   1  0.83 0.27
  176 G   -1 -4 -2 -3 -4 -4 -4  7 -4 -6 -6 -3 -5 -5 -4 -1 -2 -5 -5 -5    1   0   0   0   0   0   0  93   0   0   0   0   0   0   0   3   2   0   0   0  1.79 0.39
  177 L   -3 -4 -5 -5 -3 -3 -4 -5 -4  3  5 -4  0  1 -4 -4 -3 -3 -1  1    0   0   0   0   0   1   0   0   0  16  72   0   0   5   0   0   0   0   1   6  0.87 0.26
  178 A    6 -3 -4 -4 -2 -3 -3 -1 -4 -3 -3 -3 -3 -4 -3 -1  0 -5 -4 -1   92   0   0   0   0   0   0   1   0   0   0   0   0   0   0   0   4   0   0   4  1.25 0.39
  179 R   -1  1  0  6 -4 -1  2 -3 -2 -4 -4 -1 -4 -5 -3  0  1 -5 -4 -4    5   8   3  56   0   1   9   0   0   0   0   1   0   0   0   5  12   0   0   0  0.86 0.26
  180 S    3 -2 -1 -1 -2  0  3 -1 -2 -1 -2 -1 -2 -1 -2  2 -1 -3  0 -1   37   0   2   2   0   3  23   1   0   4   3   0   0   2   0  17   0   0   4   1  0.34 0.18
  181 V    1 -3 -2 -3 -2 -3 -3 -3 -4  0 -1 -3  0  1 -3 -1  4 -4 -2  4   10   0   2   0   0   0   0   0   0   1   1   0   2   8   0   0  37   0   0  38  0.55 0.25
  182 Q    0  3 -2 -2 -4  2  0 -3 -2 -4 -3  5  0 -4 -3 -2 -2 -4 -3 -3    7  17   0   0   0  11   2   0   0   0   1  57   3   0   0   0   0   0   0   1  0.82 0.28
  183 D    2  0  0  3 -3  1  1 -1 -2 -2 -3  3 -2 -4 -2  0 -1 -4 -3 -2   25   2   2  19   0   4   5   2   0   1   1  31   1   0   0   4   3   0   0   1  0.38 0.17
  184 G    2  0  2  0 -2  1  0  0  0 -2 -2  0 -1  0 -2  1  2 -3 -1 -1   26   4  11   4   0   8   3   5   2   1   1   2   1   5   0   7  16   0   2   4  0.16 0.10
  185 L   -2 -4 -5 -5 -3 -4 -4 -5 -4  1  5 -4  3  1 -4 -4 -2 -3  0  0    1   0   0   0   0   0   0   0   0   6  76   0   9   4   0   0   0   0   2   1  0.92 0.28
  186 K   -1  0  5  0 -4  0  3 -2 -1 -4 -4  2 -3 -4 -3 -1 -1 -5 -3 -4    4   4  40   2   0   2  25   1   1   0   0  17   0   0   0   1   3   0   0   0  0.68 0.24
  187 A    3  1 -1  0 -3  1  1 -2 -2 -4 -4  4 -3 -4 -2  0 -1 -4 -3 -3   30   7   1   3   0   4  11   1   0   0   0  40   0   0   0   3   1   0   0   0  0.53 0.22
  188 A    2  2  0 -1 -2  0 -1  2 -2  0 -1  1 -1 -3 -2  0 -1 -3 -2 -1   28  13   4   2   0   2   2  15   0   7   7  10   0   0   0   5   2   0   1   0  0.17 0.10
  189 N   -2 -3  0 -3 -5 -3 -4  7 -4 -6 -6  0 -5 -5 -4 -2 -3 -5 -5 -5    0   1   5   0   0   1   0  88   0   0   0   5   0   0   0   0   0   0   0   0  1.62 0.37
  190 A    1 -3 -3 -3 -2 -1 -2  0 -3  2  0 -2  1 -1 -3 -2  0 -4 -2  4   10   0   0   0   0   3   2  10   0  13   6   2   3   2   0   1   6   0   0  44  0.30 0.16
  191 N   -2  0  3 -1 -4  1  1 -3 -1 -4 -4  4 -3 -4  0 -1  2 -4 -3 -3    1   3  20   1   0   6  10   0   1   0   0  37   0   0   5   2  15   0   0   1  0.52 0.21
  192 V   -2 -3 -3 -1 -4 -1  5 -4 -3  0 -2 -2 -2 -4  2 -2 -1 -5 -3  3    1   0   0   1   0   0  48   0   0   6   0   0   0   0  11   0   3   0   0  31  0.66 0.27
  193 V    3 -2 -3 -4 -2 -2 -3 -2 -4  0 -1 -1 -1 -3 -2 -1  1 -4 -3  4   31   2   0   0   0   1   0   1   0   2   1   2   0   0   1   3   7   0   0  49  0.51 0.23
  194 F   -2 -3 -4 -4 -3 -3 -4 -4 -2  1  4 -3  4  2 -4 -3 -2 -2  0  1    2   0   1   1   0   0   0   0   1   7  54   0  16   8   0   0   0   0   3   8  0.61 0.21
  195 F   -2  0 -1 -3 -4 -3 -2 -4 -1 -2 -2 -3 -2  6 -5 -1 -3 -1  6 -2    3   6   3   2   0   0   2   0   1   0   0   0   0  43   0   4   0   0  35   2  1.04 0.30
  196 D   -1 -2 -2  3 -5  1  6 -2 -2 -4 -1 -1 -3 -5 -3 -2 -2 -5 -4 -4    5   0   0  13   0   5  68   2   0   0   6   0   0   0   0   0   2   0   0   0  0.99 0.31
  197 G    2 -3 -1 -3 -3 -3 -2  5 -3 -4 -5 -3 -4 -4 -3  2 -1 -4 -4 -4   16   0   1   0   0   0   1  59   0   0   0   0   0   0   0  21   1   0   0   0  0.98 0.27
  198 I   -2 -4 -4 -5 -3 -4 -4 -5 -3  5  2 -4  0  2 -4 -4 -2 -2  3  3    0   0   0   0   0   0   0   0   0  43  13   0   0   7   0   0   0   0  13  23  0.69 0.23
  199 T   -2 -2  5  0 -3 -1 -1 -3 -2 -3 -3 -2 -3 -4 -3  1  5 -5 -3 -1    1   0  32   4   0   1   1   0   0   0   0   0   0   0   0   7  48   0   0   5  0.80 0.29
  200 A    3  1 -3 -3 -3 -1 -2 -1 -3 -2 -3  0 -3 -4  5 -1 -2 -4 -3  0   38  11   0   0   0   2   1   2   0   0   0   4   0   0  33   0   0   0   0   8  0.73 0.24
  201 G   -1 -4 -2  0 -4 -4 -4  7 -4 -6 -6 -3 -5 -5 -4  0 -3 -5 -5 -5    1   0   0   4   0   0   0  90   0   0   0   0   0   0   0   4   0   0   0   0  1.69 0.38
  202 E    0 -2 -1  5 -5  1  5 -2 -2 -4 -4  0 -4 -5 -3 -2 -2 -5 -4 -4   10   0   0  38   0   6  41   1   0   0   1   3   0   0   0   0   0   0   0   0  0.89 0.27
  203 K   -1  2  0 -1 -4  0 -1 -3 -2 -3 -3  6 -1 -4 -2  0  0 -4 -3  0    5   7   3   3   0   1   0   0   0   0   1  61   1   0   0   7   4   0   0   7  0.67 0.26
  204 D   -4 -4 -1  8 -6 -2  1 -4 -3 -6 -6 -3 -5 -6 -4 -2 -3 -7 -5 -6    0   0   0  97   0   0   3   0   0   0   0   0   0   0   0   0   0   0   0   0  2.09 0.47
  205 F   -4 -4 -4  0 -4 -4 -4 -5 -1 -3 -2 -4 -1  7 -5 -4 -4  0  7 -2    0   0   0   7   0   0   0   0   0   0   1   0   1  47   0   0   0   0  43   2  1.48 0.37
  206 S    1 -1  2 -2 -3 -2 -2  0 -2 -4 -4 -1 -3 -4 -3  5  2 -5 -3 -2    7   3   9   0   0   0   0   4   0   0   0   1   0   0   0  66   9   0   0   1  0.79 0.30
  207 A    5 -3 -3 -3 -2 -2 -3  0 -3 -2 -3 -2 -3 -4 -1  2  0 -4 -4 -1   74   0   0   0   0   0   0   4   0   1   0   0   0   0   1  11   6   0   0   2  0.85 0.30
  208 L   -3 -4 -5 -5 -3 -3 -2 -5 -4  2  5 -4  1 -1 -4 -4 -2 -3 -2  2    0   0   0   0   0   0   3   0   0  13  65   0   2   1   0   0   0   0   0  16  0.77 0.24
  209 I   -1 -4 -5 -5 -3 -4 -4 -5 -5  5  0 -4 -1 -2 -4 -3 -1 -4 -3  5    3   0   0   0   0   0   0   0   0  38   3   0   0   0   0   0   3   0   0  54  0.93 0.29
  210 A    3 -1  0  0 -2  1 -2 -2 -3 -3 -3 -1 -2 -4 -2  3  4 -4 -3 -2   25   2   2   4   0   6   0   0   0   0   0   2   0   0   0  22  37   0   0   0  0.53 0.23
  211 R   -2  5 -2 -3 -5  0 -1 -3 -1 -5 -4  6 -3 -5 -3 -2 -1 -5 -4 -4    2  30   0   0   0   1   0   1   1   0   0  62   0   0   0   1   2   0   0   0  1.12 0.33
  212 L   -3 -4 -5 -5 -3 -4 -4 -5 -4  3  5 -4  3  1 -4 -4 -3 -3 -2  0    0   0   0   0   0   0   0   0   0  18  68   0   8   4   0   0   0   0   0   2  0.88 0.26
  213 K   -2  3 -2 -3 -5  2 -1 -2 -2 -5 -4  6 -3 -5 -3 -1 -2 -5 -4 -4    2  13   0   0   0   7   1   2   0   0   0  72   0   0   0   1   0   0   0   0  1.13 0.34
  214 K    2  2  0  0 -3  2  1  0 -2 -3 -2  2 -2 -4 -2  2  0 -4 -3 -2   17  10   3   3   0  15   5   6   0   0   2  12   0   0   0  24   3   0   0   0  0.30 0.14
  215 E    3 -2  0  0 -2  1  3 -2 -2 -2 -1 -1 -2 -3 -2  1  0 -4 -3 -1   41   0   3   4   0   6  22   0   0   0   7   1   0   0   0  10   3   0   0   3  0.35 0.17
  216 N   -1 -1  4  1 -4  0 -2  5 -1 -5 -5  1 -4 -5 -3 -1 -2 -4 -4 -4    2   3  28   5   0   3   0  47   1   0   0  10   0   0   0   0   0   0   0   0  0.79 0.23
  217 I    2 -4 -4 -4 -2 -3 -3 -4 -4  4 -1 -3 -1 -2  1 -2 -1 -4 -3  4   20   0   0   0   0   0   0   0   0  32   0   0   0   0   8   0   1   0   0  39  0.59 0.23
  218 D   -2 -3  0  7 -5  1  3 -3 -2 -5 -5 -1 -4 -5 -3 -1 -1 -5 -4 -4    3   0   1  67   0   4  17   1   0   0   0   1   0   0   0   2   3   0   0   0  1.18 0.31
  219 F    1 -4 -4 -4 -2 -3 -4 -2 -3  2  1 -3  0  4 -4 -2 -2 -2  0  4   13   0   0   0   0   0   0   3   0   7  12   0   0  24   0   0   1   0   2  38  0.45 0.18
  220 V   -2 -4 -5 -5 -3 -4 -4 -5 -5  3  1 -4  0 -2 -4 -3 -2 -4 -3  6    1   0   0   0   0   0   0   0   0  12  12   0   1   0   0   0   0   0   0  74  0.98 0.30
  221 Y   -2 -4 -4 -5 -4 -4 -4 -5  0  0 -3 -4 -1  3 -5 -4 -4  0  9 -1    2   0   0   0   0   0   0   0   1   6   0   0   2   7   0   0   0   0  80   2  1.78 0.42
  222 Y   -3 -4 -4 -5 -4 -4 -4 -5 -2  1  0 -4 -1  6 -5 -4 -3  5  6  0    0   0   0   0   0   0   0   0   0   7   4   0   1  45   0   0   0   7  30   6  1.16 0.29
  223 G   -2 -4 -2 -3 -5 -4 -4  7 -4 -6 -6 -4 -5 -5 -4 -2 -4 -5 -5 -5    0   0   0   0   0   0   0  99   0   0   0   0   0   0   0   1   0   0   0   0  1.98 0.41
  224 G   -2 -4 -2 -3 -5 -4 -4  7 -4 -6 -6 -4 -5 -5 -4 -2 -4 -5 -5 -5    0   0   0   0   0   0   0 100   0   0   0   0   0   0   0   0   0   0   0   0  2.02 0.42
  225 Y   -4 -4 -4 -1  0 -3 -4 -5  1 -2  1 -4 -1  1 -5 -4 -3  0  8 -2    0   0   0   4   3   1   0   0   2   1  17   0   1   1   0   0   0   0  70   1  1.38 0.37
  226 Y   -1 -3 -2 -3 -5 -1 -2 -4  9 -4 -4 -2 -3 -2 -2 -2 -3 -3  5 -4    6   0   0   0   0   2   0   0  68   0   1   1   0   0   1   3   0   0  19   0  1.71 0.41
  227 P    0 -3 -1 -2 -4  1 -2 -3 -3 -4 -4 -2 -3 -5  7 -1  3 -5 -4 -3    8   0   2   0   0   8   0   1   0   0   0   0   0   0  57   3  21   0   0   0  1.31 0.31
  228 E   -3 -2 -2  0 -6  0  7 -4 -2 -5 -5 -1 -4 -5 -2 -2 -2 -5 -4 -5    0   0   0   1   0   0  95   0   0   0   0   0   0   0   2   0   2   0   0   0  1.69 0.44
  229 M    4 -3 -3 -4 -2 -2 -3  0 -3 -1  1 -3  5 -2 -3 -1 -2 -4 -3  0   52   0   0   0   0   0   0   6   0   2  14   0  21   0   0   1   0   0   0   5  0.56 0.24
  230 G    0 -4 -2 -3 -4 -3 -4  6 -4 -5 -5 -3 -4 -5 -4  1 -3 -4 -5 -4    7   0   0   0   0   0   0  82   0   0   0   0   0   0   0  10   0   0   0   1  1.43 0.33
  231 Q   -1  0 -3 -3 -3  1 -2 -4 -3  0  4  1  0 -2  1 -2 -1 -3 -3 -1    4   4   0   0   0  10   0   0   0   1  57  12   0   0   8   1   2   0   0   1  0.43 0.20
  232 M   -3 -4 -5 -5 -3 -4 -5 -5 -4  5  4 -4  3 -1 -4 -4 -2 -4 -3  1    0   0   0   0   0   0   0   0   0  47  41   0  10   0   0   0   0   0   0   1  0.88 0.26
  233 L   -1 -2 -4 -4 -2 -3 -3 -4 -4  2  3 -2  2 -1 -4 -2 -1 -3 -2  4    4   2   0   0   0   0   0   0   0   9  38   3   4   0   0   1   2   0   0  38  0.49 0.18
  234 R   -2  7 -2 -3 -5  1 -2 -3 -2 -5 -3  1 -2 -5 -4 -1 -2 -5 -4 -4    2  80   0   0   0   4   0   1   0   0   2   6   1   0   0   4   1   0   0   0  1.34 0.36
  235 Q   -1 -1 -2 -2 -5  8  1 -4 -2 -2 -4 -1 -2 -5 -3 -2 -2 -4 -4 -3    5   0   0   0   0  85   3   0   0   3   0   0   1   0   0   1   1   0   0   1  1.55 0.44
  236 A    3 -3 -3 -4 -2 -2 -3 -2 -3 -1  1 -3  6 -1 -3  1 -1 -3 -3 -1   35   0   0   0   0   0   0   2   0   1  11   0  38   1   0  10   0   0   0   1  0.64 0.27
  237 R    2  5 -1 -2 -4  1 -1 -2  2 -3 -3  2 -2 -4 -3 -1 -2 -4 -3 -2   23  47   1   1   0   5   0   1   5   0   0  12   0   0   0   3   0   0   0   3  0.66 0.23
  238 S    0  0 -1  4 -4  2  4 -3 -2 -4 -4  1 -3 -5 -3  0 -1 -5 -4 -4    6   4   0  30   0   6  41   0   0   0   0   7   0   0   0   3   2   0   0   0  0.75 0.23
  239 V    2  1 -1 -1 -4  6  0 -3 -2 -2 -1  2 -2 -4 -3 -1 -2 -4 -3 -2   18   8   1   2   0  46   0   0   0   2   5  17   0   0   0   1   0   0   0   2  0.62 0.25
  240 G   -1  0 -1 -1 -4 -3 -3  6 -3 -5 -5 -1 -4 -5 -4 -1 -3 -4 -5 -5    3   5   2   3   0   0   1  81   0   0   0   3   0   0   0   3   0   0   0   0  1.33 0.31
  241 L   -2 -3 -4 -5 -3 -3 -4 -4 -3  1  4 -2  4  2 -4 -2 -2 -2  2  2    2   0   0   0   0   0   0   0   0   2  47   1  15   8   0   2   0   0   8  16  0.54 0.20
  242 K   -2  2  2  2 -4  1  0 -3  0 -4 -4  4 -3 -4 -1  0  1 -4 -3 -3    1   7  10  12   0   4   3   0   2   0   0  45   0   0   1   4  10   0   0   0  0.53 0.20
  243 T    3 -3 -2 -3 -2 -2 -2 -2 -3  1  0 -2  0 -1  2 -1  3 -4 -3  1   36   0   0   0   0   0   0   0   0  10   5   0   2   2  10   0  22   0   0  12  0.36 0.18
  244 Q    0  1 -2 -2 -3  4 -1 -2 -1  0 -2  2 -1 -3  2 -1  1 -2 -3  1    6   6   0   1   0  30   0   1   1   6   2  14   1   0  10   0  10   1   0  12  0.31 0.16
  245 F   -3 -4 -5 -5 -3 -4 -5 -5 -3  0  2 -4  1  6 -5 -4 -3  4  1  1    0   0   0   0   0   0   0   0   0   4  24   0   4  49   0   0   0   7   2  10  0.91 0.26
  246 M   -2 -4 -4 -5 -3 -3 -4 -5 -4  4  1 -4  7  2 -4 -3 -2 -3 -2  2    1   0   0   0   0   0   0   0   0  23   6   0  45  10   0   0   0   0   0  15  0.92 0.30
  247 G    1 -3 -2 -3 -3 -3 -3  5 -3 -4 -4 -2 -1 -4 -3  3 -2 -4 -4 -3   10   0   0   0   0   0   0  53   0   0   0   0   2   0   0  34   0   0   0   1  0.92 0.28
  248 P   -1 -3 -1  1 -4 -3 -2  5 -3 -4 -5 -3 -4 -5  5 -1  0 -5 -4 -4    1   0   2  11   0   0   1  45   0   0   0   0   0   0  30   2   8   0   0   0  0.97 0.25
  249 E   -3 -3 -1  7 -5 -1  4 -3 -3 -5 -5 -2 -5 -5 -3  0 -3 -6 -5 -5    0   0   0  67   0   0  27   0   0   0   0   0   0   0   0   7   0   0   0   0  1.38 0.35
  250 G    2 -4 -2 -2  0 -3 -3  6 -3 -4 -4 -3 -4 -4 -1  0 -1 -4 -4 -4   19   0   0   2   3   0   0  66   0   0   0   0   0   0   3   3   4   0   0   0  1.03 0.27
  251 V   -1 -4 -4 -4 -2 -3 -4 -4 -4  3  3 -3  2 -1 -4 -2  0 -4 -2  4    2   0   0   0   0   0   0   0   0  24  27   0   5   0   0   1   4   0   0  36  0.57 0.19
  252 G    2 -2  0 -2 -2 -2 -2  2 -2 -1 -1  0  1 -2 -2  0  0 -1 -2  2   20   0   5   1   0   0   1  20   0   0   4   8   6   0   0   8   3   1   1  22  0.17 0.12
  253 N   -1 -2  5  3 -3 -1 -1 -2 -1 -4 -4 -2 -3 -4 -2  2  4 -5 -3 -3    3   0  35  17   0   1   1   0   0   0   0   0   0   0   0  14  29   0   0   0  0.70 0.25
  254 A    0  0  1  2 -3  1  2 -2 -2 -3 -3  2 -2 -4  2  1  0 -4 -3 -2    6   2   9  15   0   4  14   0   0   1   1  16   0   0  10  13   6   0   0   2  0.32 0.12
  255 S    0 -2 -1  4 -4  0  5 -3 -2 -4 -4 -1 -3 -5 -3  1  1 -5 -4 -3    7   0   0  21   0   2  51   0   0   0   0   1   0   0   0  11   9   0   0   0  0.78 0.26
  256 L   -3 -4 -5 -5 -3 -4 -4 -5 -3  2  3 -4  0  6 -5 -4 -3  0  3  0    0   0   0   0   0   0   0   0   0  11  29   0   1  44   0   0   0   0  12   3  0.87 0.25
  257 S    2 -3 -1 -3 -2 -2 -3  0 -3  1 -1 -3 -2 -1 -3  1  0  7 -1  1   19   0   3   0   0   0   0   7   0  11   2   0   0   1   0  15   4  21   0  15  0.49 0.18
  258 N    3 -1  2 -1 -2  1 -1 -2 -2 -3 -2  2 -2 -3 -2  2  2 -4 -3 -2   29   0  11   2   0   8   1   0   0   0   3  14   0   0   0  18  14   0   0   0  0.32 0.16
  259 I    0 -4 -4 -4 -3 -4 -4 -5 -5  6  0 -4  0 -1 -4 -3  0 -4 -3  3    7   0   0   0   0   0   0   0   0  66   2   0   2   2   0   0   5   0   0  16  0.84 0.27
  260 A    6 -3 -3 -3 -2 -2 -3  1 -3 -3 -3 -2 -3 -4 -3  0  2 -4 -3 -2   79   0   0   0   0   0   0   7   0   0   0   0   0   0   0   1  13   0   0   0  0.96 0.32
  261 G   -1 -2 -2 -3 -4 -2 -4  7 -2 -5 -5 -2 -4 -5 -4 -2 -2 -4 -5 -5    1   2   1   0   0   1   0  91   1   0   0   1   0   0   0   0   2   0   0   0  1.65 0.36
  262 D    0 -2 -1  3 -4  1  1 -1 -2 -4 -4  1 -3 -4  5  0 -1 -4 -4 -3   10   0   1  23   0   7   9   4   0   0   0   9   0   0  29   7   2   0   0   0  0.63 0.18
  263 A    5 -3  0 -1 -2 -2 -2  0 -2 -3 -2 -2 -1 -1 -3  0 -1 -3  2 -1   66   0   5   3   0   1   1   3   0   0   2   0   1   2   0   4   1   0   8   3  0.57 0.25
  264 A    4 -3 -2 -3 -2 -2 -2  2 -3 -1 -2 -2 -2 -3 -2  2  0 -4 -3  1   42   0   0   0   0   0   0  15   0   2   2   0   0   0   0  21   3   0   0  14  0.44 0.20
  265 E    0 -2  3  2 -5  1  5 -2 -2 -5 -4  0 -4 -5 -3 -1 -2 -5 -4 -4    9   0  15  11   0   2  59   1   0   0   0   4   0   0   0   1   0   0   0   0  0.87 0.28
  266 G   -2 -4 -1 -2 -5 -4 -4  7 -4 -6 -6 -3 -5 -5 -4 -2 -4 -5 -5 -5    0   0   3   1   0   0   0  96   0   0   0   1   0   0   0   0   0   0   0   0  1.84 0.40
  267 M   -1 -3 -3 -3 -2 -3 -3 -3 -4  0  1 -3  4 -2 -3 -1  4 -4 -3  3    2   0   0   1   0   0   0   1   0   1  12   0  14   0   0   0  37   0   0  33  0.56 0.24
  268 L   -3 -4 -5 -5 -3 -3 -4 -5 -3  1  5 -4  2  0 -4 -4 -2 -2  4 -1    0   0   0   0   0   0   0   0   0   5  69   0   5   2   0   0   2   0  17   1  0.84 0.27
  269 V    0 -3 -1 -4 -3 -3 -3 -4 -3  0  0 -3  6  4 -4 -2 -2 -2  0  3   10   0   4   0   0   0   0   0   0   2   3   0  30  24   0   2   0   0   2  23  0.54 0.23
  270 T   -1 -3 -2 -3 -3 -3 -3 -4 -4 -3 -3 -3 -3 -4 -3  1  7 -5 -4 -2    2   0   0   0   0   0   0   0   0   0   0   0   0   0   0   7  90   0   0   1  1.46 0.43
  271 M   -2 -3  1 -3 -3 -3 -4  0 -2 -1  1 -2  1  6 -4 -2 -3 -1  2 -1    3   0   9   1   0   0   0   8   0   0  17   2   4  48   0   2   0   0   4   3  0.60 0.22
  272 P    1 -3 -1 -3 -3 -2 -2  2 -3 -3 -3 -2 -1 -3  6  1 -1 -4  0 -2   11   0   3   0   0   0   0  21   0   0   1   1   2   1  41  12   2   0   4   2  0.82 0.22
  273 K    2 -1 -1 -2 -3  0 -1 -3 -3 -2 -1  2  0 -4  5  0 -1 -4 -3 -2   20   2   2   0   0   3   2   0   0   1   6  20   2   0  35   5   1   0   0   2  0.63 0.19
  274 R   -1  0  1  7 -5 -2  0 -3 -3 -4 -5 -1 -4 -5 -2  0 -2 -6 -5 -4    4   6   6  74   0   0   0   0   0   1   0   1   0   0   1   6   0   0   0   0  1.23 0.33
  275 Y    1 -3 -2 -3 -3 -2 -3 -3 -3 -1 -2 -3 -2  3  6 -2 -1 -2  3 -1   12   0   1   0   0   1   0   1   0   4   2   0   0  17  44   0   3   0  11   5  0.88 0.24
  276 D   -1  5 -1  2 -4  0  0 -3 -2 -4 -2  0 -3 -4 -1  2  2 -4 -3 -3    3  37   0  17   0   2   4   0   0   0   2   3   0   0   2  17  14   0   0   0  0.51 0.22
  277 Q    0  2  1  0 -3  3  0 -2 -1 -3 -1  3 -1 -3 -2  0  0 -4 -3 -2    9  11   7   4   0  19   2   1   0   0   8  24   1   0   0   6   5   0   0   1  0.29 0.15
  278 D   -1  0  4  3 -3  0 -1 -2 -2  0  0  1 -1 -2 -3  0 -1 -4 -2 -1    3   4  33  17   0   3   1   0   0   6  14   9   1   1   0   3   0   0   1   5  0.32 0.17
  279 P    0 -4 -4 -2 -5 -2 -1 -4 -4 -5 -5 -2 -5 -6  8 -2 -3 -6 -5 -4    7   0   0   1   0   2   4   0   0   0   0   2   0   0  83   1   1   0   0   0  2.17 0.46
  280 A    3 -1  0  2 -3  0  3 -1 -2 -2 -1  0  0 -3 -2  0  0 -4 -3 -1   34   1   4  12   0   1  22   3   0   2   5   4   3   0   0   3   5   0   0   2  0.27 0.15
  281 N    3 -3  5 -2 -3 -2 -2  1 -2 -3 -4 -2 -3 -3 -1  1 -1 -4  1 -2   39   0  35   0   0   0   0   8   0   0   0   0   0   0   2   8   1   0   5   2  0.60 0.26
  282 Q    3  1 -2 -2 -3  3  0 -3 -2 -1 -3  5 -2 -4 -3 -1 -2 -4 -3 -2   32   4   0   0   0  13   3   0   0   4   0  44   0   0   0   0   0   0   0   1  0.64 0.27
  283 G    3 -2 -2  2 -3  0  2  0 -2 -3 -3  0 -3 -4  2  0  0 -4 -3 -1   39   0   0  11   0   4  16   7   0   0   0   6   0   0   8   3   3   0   0   3  0.37 0.18
  284 I    2 -3 -4 -4 -2 -3 -3 -3 -4  3  2 -3  0 -1 -3 -2 -1 -4 -2  3   26   0   0   0   0   0   0   0   0  18  20   0   0   2   0   0   1   0   1  32  0.45 0.20
  285 V   -1 -2 -3 -4 -2 -3 -3 -4 -3  3  0 -2  0 -2 -4 -3 -1 -4 -3  5    5   2   1   0   0   1   1   0   1  16   4   1   1   0   0   0   1   0   0  67  0.77 0.28
  286 D    2 -1  0  3 -4  0  4 -2 -2 -4 -4  3 -3 -4 -2 -1 -2 -4 -3 -3   19   1   2  20   0   2  31   1   0   0   0  22   0   0   0   1   0   0   0   0  0.57 0.22
  287 A    4  1  0 -2 -3  0  1 -2  0 -3 -3  2 -2 -3 -2  0 -1 -4 -1 -2   48   6   4   1   0   4   7   0   2   0   1  20   0   0   0   3   1   0   3   1  0.42 0.20
  288 L   -3 -4 -4 -5 -4 -4 -4 -5  3  1  2 -4  0  7 -5 -4 -3 -1  2 -1    0   0   0   0   0   0   0   0   8   7  24   0   1  54   0   0   0   0   4   2  0.98 0.29
  289 K   -1  4 -1 -2 -4  1  1 -3 -1 -4 -3  5 -1 -4 -3 -1 -1 -4 -3 -3    4  22   2   1   0   5   7   0   1   0   1  50   1   0   0   1   3   0   0   1  0.73 0.26
  290 A    4 -2 -2  2 -3 -1  1 -1 -3 -3 -3  2 -1 -4 -2  0 -1 -4 -3 -2   54   0   0  14   0   2   7   3   0   0   0  13   2   0   0   4   2   0   0   0  0.52 0.24
  291 D    2  1  0  0 -3  1  1 -1 -1 -3 -3  4 -2 -2 -1  1 -1 -4 -2 -3   20   6   2   5   0   6   8   4   0   1   0  34   0   2   2   7   2   0   1   0  0.33 0.15
  292 K   -2  0  3 -2 -4 -1 -1  4  0 -4 -4  3 -3 -1 -3 -1 -2 -3  1 -4    0   2  15   0   0   0   2  41   1   0   0  25   0   4   0   3   0   0   5   0  0.61 0.23
  293 K   -2  1 -1 -2 -3  1  0  0 -1  1  0  1 -1  2 -3 -1 -1 -2  2  0    0   8   2   0   0   8   8  10   0  16   5  10   0  15   0   3   3   0   8   4  0.10 0.10
  294 D   -1 -2  1  5 -4 -1  3 -2 -2 -1 -3 -1 -3 -4 -2  0  0 -4 -3 -1    3   0   6  37   0   0  28   2   0   3   1   1   0   0   1   5   7   0   0   4  0.57 0.20
  295 P    1 -4 -4  0 -5 -2  0 -4 -4 -4 -5 -3 -4 -5  8 -2 -2 -6 -4 -4   13   0   0   4   0   1   6   0   0   0   0   0   0   0  73   1   1   0   0   0  1.84 0.41
  296 S    1 -2  1  1 -3  0  4 -2 -2 -3 -3 -1 -2 -4  2  2  1 -4 -3 -2   12   0   5   8   0   1  34   1   0   0   2   0   0   0   9  16   8   0   0   2  0.40 0.17
  297 G   -1 -2 -2 -2 -3 -2  1  6 -3 -4 -4 -2 -3 -4 -3 -2 -2 -3 -4 -4    1   2   1   1   0   1  10  75   0   1   1   1   0   0   1   1   2   0   0   1  1.16 0.28
  298 P    3 -1 -1 -1 -1 -1 -1  0 -1 -1 -2 -1  0 -2  4  1  0 -2 -1 -1   35   2   3   2   1   1   2   4   1   3   3   2   2   1  21   8   4   0   3   2  0.36 0.11
  299 Y   -3 -4 -4 -5 -4 -4 -4 -5 -2 -2 -2 -4 -2  7 -5 -4 -4  2  7 -2    2   0   0   0   0   0   0   0   0   0   0   0   0  51   0   0   0   2  40   2  1.55 0.38
  300 V    0 -3 -2 -3 -3  1 -2 -3 -3 -1 -1 -2  0  0 -3 -1  5 -3  1  3    5   0   0   0   0   8   0   1   0   0   2   0   2   4   0   1  46   0   6  26  0.53 0.26
  301 W   -2 -3 -4 -2 -3 -3 -3 -3 -3  1  4 -3  3  2 -4 -3 -3  5  0 -1    2   0   0   3   0   0   1   2   0   5  57   1   7   9   0   0   0  10   3   1  0.65 0.23
  302 I   -1 -3  2 -3 -4 -2 -1 -4  0 -1 -2 -3 -3  2  2 -2  1 -1  6 -3    5   0  14   0   0   0   3   0   2   3   1   0   0   6  13   0  12   0  42   0  0.70 0.27
  303 T    4 -3 -2 -3 -2 -2 -2  1 -3 -3 -3 -2 -3 -4 -2  3  3 -4 -1 -2   40   0   0   0   0   0   0  10   0   0   0   0   0   0   0  26  21   0   2   0  0.60 0.25
  304 Y   -4 -4 -5 -6 -5 -4 -5 -6 -1 -3 -3 -4 -3  1 -5 -4 -4  0  9 -3    0   0   0   0   0   0   0   0   0   1   0   0   0   1   0   0   0   0  96   0  2.51 0.56
  305 A    6 -3 -3 -3 -2 -3 -2  0 -3 -3 -3 -3 -3 -4 -3  1 -1 -5 -4 -2   79   0   0   1   0   0   1   5   0   0   0   0   0   0   0  11   2   0   0   1  1.00 0.35
  306 A    6 -3 -3 -4 -2 -3 -3  0 -4 -3 -3 -3 -3 -4 -3  1 -1 -5 -4 -1   84   0   0   0   0   0   0   3   0   0   0   0   0   0   0   8   2   0   0   2  1.09 0.37
  307 V    0 -4 -4 -4 -2 -3 -4 -4 -4  2  1 -3  3  0 -4 -2  1 -4 -2  4    8   0   0   0   0   0   0   0   0  11   9   0   9   3   0   1   9   0   0  50  0.54 0.22
  308 Q   -3 -1 -2 -2 -5  8  2 -4 -2 -4 -2  0 -2 -5 -4 -2 -3 -4 -4 -2    0   0   0   0   0  76  12   0   0   0   5   4   0   0   0   0   0   0   0   2  1.41 0.44
  309 S    3 -3 -3 -3 -2 -3 -3 -2 -4  2  0 -3 -1 -3 -3  1  0 -4 -3  3   37   0   0   0   0   0   0   0   0  10   4   0   0   0   0  11   3   0   0  34  0.46 0.22
  310 L   -2 -4 -5 -5 -3 -4 -4 -5 -4  3  4 -4  1  1 -5 -4 -3  7  0  1    1   0   0   0   0   0   0   0   0  24  43   0   1   4   0   0   0  19   1   6  0.87 0.26
  311 A    4 -1 -3 -2 -2 -1 -1 -1 -3 -1 -1  0 -2 -2 -2  0  0 -4 -3  1   57   2   0   1   0   1   2   1   0   1   7   6   0   1   0   4   5   0   0  12  0.43 0.22
  312 T    2 -1  1  2 -3  3  2 -1 -1 -3 -3  0 -2 -4 -2 -1  0 -4 -2 -3   27   0   8  14   0  17  18   2   1   0   0   3   0   0   0   0   7   0   1   0  0.39 0.18
  313 A    5 -3 -3 -3 -3 -3 -3  4 -4 -4 -4 -3 -3 -4 -3  0 -2 -4 -4 -3   65   0   0   0   0   0   0  29   0   0   0   0   0   0   0   5   1   0   0   0  0.99 0.33
  314 L    1 -4 -4 -4 -2 -3 -4 -1 -4  4  1 -3  3  1 -3 -2 -2 -2 -1  2   17   0   0   0   0   0   0   5   0  38  10   0   8   6   0   0   0   0   1  14  0.41 0.19
  315 E    1  0  3  0 -4  1  4 -2 -2 -4 -4  3 -3 -4 -2 -1  0 -4 -3 -3   13   3  16   3   0   3  32   1   0   0   0  22   0   0   0   1   6   0   0   1  0.49 0.20
  316 R    2  2 -1 -2 -3  0  0  1 -1 -3 -3  4 -2  0 -3 -1 -1 -4 -2 -3   22  14   2   1   0   3   3  12   0   0   0  33   0   6   0   0   3   0   0   1  0.37 0.18
  317 T    5 -3 -2 -2 -2 -2 -3 -2 -3 -2 -3 -2 -2 -4 -3  0  1 -4 -3  0   75   0   1   1   0   0   0   0   0   1   0   0   0   0   0   5  11   0   0   6  0.87 0.32
  318 G   -1 -1  1 -1 -4 -1 -1  5  1 -5 -5  3 -4 -5 -1 -2 -3 -4 -4 -4    1   3   5   2   0   1   2  58   3   0   0  21   0   0   2   0   0   0   0   0  0.87 0.27
  319 S    0 -2  0 -1 -3 -2  0 -1 -3 -3 -4 -1 -3 -4 -3  6  2 -4 -3 -3    5   0   2   1   0   0   4   2   0   2   0   3   0   0   0  70  10   0   0   0  0.84 0.33
  320 D    0 -2  1  2 -3 -1  0 -2 -1 -1 -1 -1 -1 -2 -1  0  4 -4 -2 -1    7   0   8  15   0   2   7   1   1   2   6   2   1   1   2   2  39   0   0   3  0.32 0.17
  321 E   -2 -2  1  7 -5 -1  3 -3 -3 -5 -5  1 -5 -5 -3 -1 -3 -6 -5 -5    2   0   4  70   0   0  15   0   0   0   0   8   0   0   0   2   0   0   0   0  1.33 0.36
  322 P    0 -3 -2 -3 -4 -3 -3  1 -3 -3 -2 -2 -3  0  6  0  0 -1  1 -3    8   1   1   0   0   0   0  12   0   0   4   0   0   4  48   9   7   1   6   0  0.92 0.26
  323 L    2  0 -1  2 -3  1  2 -1 -2 -2 -2  1 -1 -2 -1 -1  0 -4 -3 -1   29   2   0  11   0   7  20   1   0   1   3  12   2   2   1   0   6   0   0   2  0.26 0.15
  324 A    3  0 -2  1 -3 -1  1 -2 -2 -4 -4  5 -3 -4  0 -1 -1 -4 -3 -2   29   2   0  10   0   0   7   0   0   0   0  43   0   0   4   1   2   0   0   1  0.56 0.25
  325 L    0 -4 -4 -5 -2 -3 -4 -3 -5  3  1 -4  0 -2 -4 -3 -2 -4 -3  5    8   0   0   0   0   1   0   1   0  17  11   0   1   0   0   0   0   0   0  61  0.77 0.28
  326 V    5 -3 -2 -2 -2 -2 -2 -2 -3  1 -1 -2  1 -3 -3  1  0 -4 -3  1   59   0   0   1   0   1   2   1   0   7   2   1   4   0   0   7   4   0   0  12  0.53 0.25
  327 K    2  0  0  3 -3  1  2 -1 -2 -4 -4  3 -3 -4 -2 -1  0 -4 -3 -3   22   1   2  17   0   5  17   2   0   0   0  28   0   0   0   0   4   0   0   0  0.44 0.20
  328 D    4 -3 -2  0 -2 -2 -2 -2 -1 -1 -2 -2 -2  0 -3 -1  1  6  3  0   43   0   1   5   0   1   1   0   1   2   1   1   0   2   0   1   8  14  10   8  0.49 0.23
  329 L   -3 -4 -5 -5 -3 -4 -5 -5 -5  3  5 -4  4 -1 -5 -4 -3 -4 -3 -1    0   0   0   0   0   0   0   0   0  14  73   0  13   0   0   0   0   0   0   0  1.06 0.33
  330 K   -3  4  0 -1 -5  0 -1 -4  7 -5 -4  5 -3 -4 -2 -2 -3 -5 -2 -4    0  24   2   3   0   3   0   0  29   0   0  38   0   0   1   0   0   0   0   0  1.03 0.33
  331 A    2 -1  0  0 -2  1  1  1 -1 -3 -3  1 -2 -4 -2  2  1 -4 -3 -2   26   1   3   5   0   5   7   9   2   0   0   9   0   0   0  23  10   0   0   1  0.31 0.15
  332 N   -1 -2  4 -1 -4 -1  1  4  3 -4 -4 -1 -2 -4 -3 -1  0 -4 -2 -3    3   0  26   1   0   2  10  39   8   0   0   1   1   0   0   1   5   0   1   1  0.64 0.23
  333 G    0  0  0  0 -3  0  1 -1 -2 -3 -3  0 -1 -2  4  1  2 -1 -2 -3    5   6   2   3   0   3   9   4   0   0   1   5   1   1  23  14  18   1   1   0  0.40 0.15
  334 A   -1 -4 -5 -5 -3 -4 -4 -5 -3  2 -1 -4 -1  6 -5 -4 -2  3  2  3    4   0   0   0   0   0   0   0   0  11   0   0   0  43   0   0   0   5   5  32  0.89 0.29
  335 N   -1 -1  2  5 -4  1  2 -2 -2 -4 -4  2 -3 -5  1  0 -1 -5 -4 -4    3   2  10  39   0   4  13   0   0   0   0  15   0   0   8   4   2   0   0   0  0.64 0.22
  336 T   -2 -4 -2 -3 -3 -3 -3 -2 -4 -3 -1 -3 -3 -4 -4 -1  7 -5 -4 -2    0   0   0   0   0   0   0   2   0   0   5   0   0   0   0   1  92   0   0   0  1.59 0.49
  337 V    1 -4 -4 -4 -3 -3 -4 -3 -4  1 -1 -3 -1 -3  4 -2 -1 -5 -3  5   13   0   0   0   0   0   0   1   0   5   0   0   1   0  20   1   2   0   0  58  0.79 0.30
  338 I   -2 -4 -4 -5 -3 -3 -4 -5 -4  4  3 -4  4 -1 -4 -3  0 -3 -3  2    1   0   0   0   0   0   0   0   0  32  36   0  16   1   0   0   5   0   0   9  0.70 0.24
  339 G   -2 -5 -3 -4 -5 -4 -5  7 -4 -6 -6 -4 -5 -6 -5 -3 -4 -5 -6 -6    0   0   0   0   0   0   0 100   0   0   0   0   0   0   0   0   0   0   0   0  2.12 0.48
  340 P   -2  0  1  2 -4  0  2 -3 -1 -4 -4  3 -3 -4  4  0  1 -4 -3 -3    1   4   8  13   0   1  11   0   1   0   0  26   0   0  19   4  12   0   0   0  0.51 0.19
  341 L   -2 -3 -4 -4 -3 -3 -3 -5 -4  4  3  0  1 -1 -4 -3 -1 -4 -3  3    0   0   0   0   0   0   0   0   0  29  33  10   1   0   0   0   3   0   0  24  0.55 0.21
  342 N    1 -1  0  0 -3 -1  1  2 -1 -3 -3  1 -2 -4 -2  3  2 -4 -3 -2   11   2   2   5   0   1   9  14   1   0   0   9   0   0   0  30  14   0   0   2  0.32 0.16
  343 W   -4 -5 -5 -6 -5 -5 -5 -5 -3 -3 -2 -5 -3  7 -6 -5 -4  8  5 -4    0   0   0   0   0   0   0   0   0   0   0   0   0  58   0   0   0  23  20   0  1.94 0.45
  344 D   -2 -3  2  7 -5 -2  0  0 -3 -5 -6 -1 -5 -6 -4 -1 -3 -6 -5 -5    2   0   6  80   0   1   1   5   0   0   0   2   0   0   0   3   0   0   0   0  1.52 0.40
  345 E    3 -1 -1  1 -3  1  3 -1 -2 -4 -4  2 -3 -4 -1  1 -1 -4 -3 -3   31   1   1   8   0   3  29   2   0   0   0  13   0   0   2   8   1   0   0   0  0.44 0.20
  346 K   -2  1  1 -2 -5  1 -1 -2 -1 -4 -4  6 -3 -5 -2 -1  0 -5 -4 -4    1   3   7   0   0   5   0   2   1   0   0  71   0   0   1   3   7   0   0   0  0.99 0.34
  347 G   -2 -5 -3 -4 -5 -4 -4  7 -4 -6 -6 -4 -5 -6 -5 -3 -4 -5 -5 -6    0   0   0   0   0   0   0 100   0   0   0   0   0   0   0   0   0   0   0   0  2.10 0.47
  348 D   -4 -4 -1  8 -6 -3  0 -4 -4 -5 -6 -3 -6 -6 -4 -3 -4 -7 -6 -6    0   0   1  98   0   0   1   0   0   1   0   0   0   0   0   0   0   0   0   0  2.20 0.52
  349 L    0 -2 -3 -4 -2 -2 -3 -4 -4  2  4 -3  1 -1  0 -1 -1 -3 -2  2    8   2   1   0   0   1   0   0   0  12  49   0   1   0   5   4   2   0   0  13  0.40 0.18
  350 K   -1  0  0 -2 -3 -1  0 -3 -3 -1 -2  4 -2 -4 -3  1  3 -4 -3  0    4   1   3   0   0   0   3   0   0   4   2  42   0   0   0   7  28   0   0   5  0.50 0.24
  351 G    1 -1  1  1 -2 -1 -1  2 -1 -1  0 -1 -1 -3 -2  1  0 -3 -3  0   13   3   8   7   0   2   1  20   1   2   9   3   0   0   0  16   2   0   0  12  0.15 0.09
  352 F   -1 -3 -2 -3 -3  2 -2 -3 -3  0 -2 -1 -1  4  5  1 -1 -3 -1 -1    5   0   1   0   0  11   0   0   0   5   1   3   1  27  29  11   2   0   0   4  0.58 0.22
  353 D    0 -1  0  3 -4  0  2  3 -1 -3 -4  1 -3 -4  0  0 -1 -4 -3 -2    6   1   4  21   0   2  13  28   1   1   0   8   0   0   4   8   1   0   0   2  0.41 0.15
  354 F   -4 -4 -5 -6 -5 -4 -5 -5 -2 -2 -1 -5 -2  7 -6 -4 -4  3  7 -3    0   0   0   0   0   0   0   0   0   1   2   0   0  50   0   1   0   3  43   0  1.69 0.42
  355 G    0 -3 -2 -1 -2 -2 -2  1 -4  1 -1 -3 -1 -3 -3  1  0 -2 -3  5    5   0   1   4   0   1   2  10   0   4   0   0   0   0   0  15   3   0   0  54  0.44 0.23
  356 V   -2 -4 -5 -5 -3 -3 -4 -5 -4  3  1 -4  5  1 -4 -3 -2  4 -2  5    0   0   0   0   0   0   0   0   0  14  10   0  19   4   0   0   0   6   0  48  0.78 0.28
  357 F   -4 -4 -1 -5 -5 -4 -4 -5 -1 -3 -3 -4 -3  5 -5 -3 -4  2  8 -3    0   0   3   0   0   0   0   0   0   0   0   0   0  20   0   2   0   1  72   1  1.85 0.46
  358 Q   -1  1 -2 -1 -4  4  3 -3 -2 -2 -3  2 -2 -4 -3 -1  1 -4 -3  1    3   4   0   1   0  23  24   0   0   1   0  16   0   0   0   2   9   0   0  17  0.43 0.21
  359 W   -4 -4 -5 -5 -4 -4 -5 -4 -4 -4 -3 -5 -3 -1 -5 -4 -4 12  0 -3    1   0   0   0   0   0   1   1   0   0   3   1   0   1   0   1   1  86   1   2  3.45 0.59
  360 H   -1  1  0  2 -3  0  1 -2  6 -2 -3  2 -2 -3 -2 -1 -1 -3 -1  0    3   8   2  16   0   3   6   2  28   1   1  13   0   1   1   2   2   0   0  10  0.40 0.15
  361 A    1  0  0  1 -3  1 -1 -1 -2 -3 -3  5 -2 -2 -2  0 -1 -3 -2 -3   17   1   4  11   0   3   1   4   0   0   1  46   0   2   0   6   1   0   1   1  0.43 0.19
  362 D   -2 -2  3  6 -4 -1  0  1 -2 -4 -5  1 -4 -5 -3 -1 -2 -5 -4 -4    1   0  17  56   0   1   1  10   0   0   0  10   0   0   0   2   1   0   0   1  0.94 0.28
  363 G    0 -3 -2 -3 -4 -2 -4  7 -4 -6 -6 -1 -5 -5 -4 -2 -3 -5 -5 -5    5   0   0   0   0   1   0  90   0   0   0   4   0   0   0   0   0   0   0   0  1.68 0.38
  364 S    0  0  1 -1 -3  1  0 -2 -2 -3 -3  4 -2 -4  0  2  2 -4 -2 -2    6   1   7   1   0   4   5   1   0   0   0  37   0   0   5  17  16   0   1   1  0.41 0.18
  365 S   -1 -1 -3 -4 -4 -2 -3 -4 -1  0 -2  2 -2  3 -3  0 -2 -1  6 -2    3   1   0   0   0   0   0   0   0   7   2  20   0  11   1  10   1   0  44   0  0.72 0.27
  366 T    1 -3 -2  0 -2 -2 -2 -3 -2 -1 -2 -2 -1 -3 -1  1  4 -4 -3  3   10   0   0   4   0   1   0   0   1   0   0   1   1   0   2   9  41   0   0  29  0.47 0.22
  367 A    1 -2 -2  0 -3  1  3 -3 -1 -2 -2 -1 -2 -2  3  0 -1 -3  2  0   13   0   0   4   0   6  30   0   0   0   3   0   0   0  18   6   1   0  11   9  0.38 0.16
  368 A    3 -3 -4 -4 -2 -3 -3 -3 -3  2  1 -3 -1 -1 -3 -1 -1 -3 -1  3   41   0   0   0   0   0   0   0   0  11   9   0   0   2   0   0   0   0   2  35  0.46 0.19
  369 K   -2  1 -1 -1 -5  2  4 -3 -2 -4 -4  5 -3 -5 -2 -1 -2 -4 -3 -4    0   3   0   0   0   9  27   0   0   0   0  60   0   0   0   0   0   0   0   0  0.91 0.24

                      K         Lambda
Standard Ungapped    0.1332     0.3151
Standard Gapped      0.0518     0.2670
PSI Ungapped         0.1688     0.3110
PSI Gapped           0.0518     0.2670
