
Last position-specific scoring matrix computed, weighted observed percentages rounded down, information per position, and relative weight of gapless real matches to pseudocounts
           A  R  N  D  C  Q  E  G  H  I  L  K  M  F  P  S  T  W  Y  V   A   R   N   D   C   Q   E   G   H   I   L   K   M   F   P   S   T   W   Y   V
    1 M   -3 -4 -5 -6 -4 -3 -5 -5 -4  2  0 -4  9 -2 -5 -4 -3 -4 -3  1    0   0   0   0   0   0   0   0   0   9   1   0  82   0   0   0   0   0   0   7  1.87 0.44
    2 R   -3  3  2  0 -5  1 -1 -3  1 -4 -4  5 -3 -5 -3 -1 -2 -5 -3 -3    0  19  11   6   0   5   1   0   3   1   0  51   0   0   0   3   1   0   0   1  0.78 0.25
    3 F   -1 -3 -3 -4  1 -3 -2 -4 -1 -2 -2 -3 -2  6 -3  0 -1  3  6 -1    5   0   0   0   4   0   2   0   1   0   0   0   0  35   1   7   5   3  32   4  0.87 0.27
    4 D   -4 -4  0  8 -6 -3  0 -4 -4 -6 -6 -3 -6 -6 -4 -3 -4 -7 -6 -6    0   0   1  93   0   0   3   0   0   0   0   0   0   0   0   0   0   0   0   0  2.18 0.51
    5 T    0 -4 -2 -4  1 -4 -4 -4 -4  1  1 -4 -1 -2 -4 -1  2 -4 -3  5    7   0   1   0   2   0   0   0   0   5   9   0   1   1   0   3  14   0   0  57  0.68 0.28
    6 V    0 -4 -5 -5  0 -4 -4 -5 -5  4  3 -4  1 -2 -4 -3 -1 -4 -3  4   10   0   0   0   1   0   0   0   0  24  29   0   1   0   0   0   2   0   0  32  0.66 0.24
    7 I   -3 -5 -5 -6 -3 -5 -5 -6 -6  5 -1 -5  0 -3 -5 -4 -3 -5 -4  6    0   0   0   0   0   0   0   0   0  39   0   0   2   0   0   0   0   0   0  59  1.36 0.41
    8 M   -2 -5 -5 -5 -3 -5 -5 -6 -5  6  0 -5  2 -3 -5 -4 -1 -5 -4  4    3   0   0   0   0   0   0   0   0  64   3   0   4   0   0   0   2   0   0  23  1.24 0.39
    9 G   -3 -5 -3 -4 -6 -5 -5  7 -5 -7 -7 -5 -6 -6 -5 -3 -5 -6 -6 -6    0   0   0   0   0   0   0 100   0   0   0   0   0   0   0   0   0   0   0   0  2.38 0.58
   10 G    2 -4 -2 -3 -2 -1 -3  6 -4 -5 -5 -1 -4 -5 -4  2 -2 -1 -4 -4   18   0   1   0   1   3   0  58   0   0   0   2   0   0   0  15   1   1   0   0  1.03 0.34
   11 G   -3 -5 -1 -4 -5 -5 -5  7 -5 -7 -7 -4 -6 -6 -5 -1 -4 -5 -6 -6    0   0   2   0   0   0   0  95   0   0   0   0   0   0   0   3   0   0   0   0  2.15 0.54
   12 L    0 -4 -5 -5 -3 -4 -4 -5 -4  2  4 -4  3  1  2 -3 -1 -3 -1  0    7   0   0   0   0   0   0   0   0  13  45   0  10   6  10   1   2   0   2   3  0.59 0.28
   13 A    6 -4 -4 -4 -3 -3 -4 -1 -4 -4 -4 -3 -4 -5 -4  2 -1 -5 -5 -3   78   0   0   0   0   0   0   3   0   0   0   0   0   0   0  16   3   0   0   0  1.36 0.53
   14 G    0 -5 -4 -4 -5 -5 -5  7 -5 -7 -7 -5 -6 -6 -5 -3 -5 -6 -6 -6    8   0   0   0   0   0   0  92   0   0   0   0   0   0   0   0   0   0   0   0  2.16 0.62
   15 L   -2 -4 -5 -6  1 -4 -5 -6 -4  0  5 -5  4  0 -5 -2 -3 -1  1  0    2   0   0   0   3   0   0   0   0   2  66   0  10   2   0   3   1   1   6   4  0.97 0.44
   16 L    1 -3 -3 -4  0 -3 -2 -4 -4  0  1 -3  4 -2 -4  2  4  1 -1  0   12   0   0   0   2   0   1   0   0   4  12   0  15   1   0  17  28   2   1   5  0.47 0.33
   17 C    5 -5 -4 -5  7 -4 -4 -2 -5 -4 -3 -4 -4 -1 -4  0  0 -5 -5 -2   54   0   0   0  28   0   0   1   0   0   1   0   0   2   0   7   5   0   0   2  1.31 0.56
   18 G    6 -5 -4 -5  0 -4 -4  3 -5 -2 -5 -4 -4 -5 -4 -1 -3 -6 -5 -3   71   0   0   0   2   0   0  22   0   3   0   0   0   0   0   2   0   0   0   0  1.34 0.58
   19 L    0 -3 -3 -5 -3 -2 -2 -3 -2  5  4 -2  1 -2 -5 -4 -3 -4 -3  1    7   1   2   0   0   2   2   2   1  33  37   3   3   0   0   0   0   0   0   7  0.64 0.37
   20 Q    2  4 -1 -3 -2  1 -1 -1  1 -2 -3  1  1  0 -3  0  1 -1  1 -1   18  23   2   0   1   7   1   3   3   2   1   9   4   4   0   5   9   1   5   3  0.27 0.25
   21 L    4 -2 -4 -5  2 -4 -4 -2 -1 -1  4 -4  0 -3 -4 -1 -2 -4 -4 -1   42   2   0   0   4   0   0   2   1   2  40   0   2   0   0   2   1   0   0   1  0.70 0.44
   22 Q    4  2  0 -3  1  2 -2  0 -1 -2 -2 -2 -3 -2 -3  0 -1 -4 -3 -1   44  13   4   0   3   9   0   6   2   1   3   0   0   2   0   5   3   0   0   5  0.45 0.36
   23 K   -1  2  0  2 -1  3  4 -1  1 -5 -3  1 -1 -2 -3 -1 -2 -4 -2 -4    3  14   3  10   1  15  31   5   3   0   2   6   1   1   0   1   2   0   1   0  0.53 0.35
   24 H    2  2  0 -1 -3  2  1  0  2 -3 -1  2 -2 -1 -3  0 -1 -4 -1 -3   24  11   4   2   0  12   7   5   7   0   6  11   0   2   0   5   3   0   1   0  0.24 0.22
   25 G   -1  0  0  0 -4  0 -3  6 -3  0 -4  0 -4 -4 -4 -2 -3 -4 -4 -1    4   5   4   6   0   4   0  60   0   6   1   5   0   0   0   0   0   0   0   4  0.91 0.42
   26 L    0  0 -1 -1  2  0 -1 -1  1  0  1  2  1  0 -3 -2 -2 -3  1  0   10   5   3   3   4   4   3   3   3   4  16  21   3   3   0   0   0   0   7   6  0.11 0.17
   27 R    0  1  1  1  2  1  1  0  2 -2 -1  1 -2 -2 -2  0  0 -2  1 -2    7   7   7   7   7   7   7   7   7   0   7   7   0   0   0   7   7   0   7   0  0.11 0.12
   28 C    0 -3 -3 -4  4 -3 -3 -4 -4  1 -1 -3  1  0 -1 -1  2 -4 -2  4    6   0   0   0  11   0   0   0   0   4   0   0   3   3   3   4  12   0   0  54  0.50 0.25
   29 A    2  0 -2 -2  2 -1 -1 -1 -2  0  1 -1  0 -2 -2  0  1 -3 -2  1   23   7   0   0   5   0   3   3   0   3  17   3   2   0   0   7  13   0   0  11  0.11 0.09
   30 I   -2 -1 -3 -4 -2  0 -3 -4 -3  3  3 -2  2 -1 -3 -3 -1 -3 -2  3    0   4   0   0   0   5   0   0   0  19  32   0   5   0   0   0   0   0   0  32  0.42 0.18
   31 V    0 -2 -2 -2 -2  1 -1 -2 -1  1  1 -1  2  2 -2 -1 -1 -1  2  1   12   1   0   1   0  12   1   1   0  12  12   1  11  12   1   1   1   0  11  12  0.13 0.08
   32 T    2  0  0  0  1  1  0 -1  1 -2 -1 -1  0 -1 -2  1  1 -3 -2 -2   24   4   5   4   3   5   7   4   3   0   7   0   3   4   0  12  12   0   0   0  0.15 0.15
   33 R    1  2  0 -1  0  0  0  1  2 -3 -2  2 -2 -2  0  1 -1 -3  1 -2   11  11   5   3   2   3   4   9   6   0   2  17   0   0   3   9   3   0   7   2  0.17 0.15
   34 G    0 -1  1 -1 -4 -3 -1  6 -4 -5 -5  1 -4 -5 -1 -2 -1 -5 -5 -2    7   3   6   3   0   0   3  58   0   0   0  10   0   0   3   0   3   0   0   3  0.91 0.40
   35 Q    0  0 -1  0 -3  4  1 -1  0 -1 -2  0  1 -3  0  1  0 -3 -1  0    7   3   1   6   0  26   6   5   2   4   2   4   5   0   4  12   5   0   2   6  0.23 0.21
   36 S    0 -1  0 -3 -4 -3 -3  5 -4 -5 -5 -3 -4 -5 -1  3  0 -5 -4 -4    5   4   3   0   0   0   0  51   0   0   1   0   0   0   3  26   4   0   0   0  0.97 0.42
   37 A    3  0 -2 -2  0 -2 -1  2 -1 -3 -3  0 -2 -4 -2  2  2 -4 -3 -1   31   6   0   0   1   0   3  15   2   0   1   4   0   0   0  16  16   0   0   3  0.37 0.25
   38 L   -2 -2  0 -3 -3 -3 -3 -4 -3  2  4 -2  2  0 -4 -1  2  1 -2 -1    1   2   6   0   0   0   0   1   0  12  42   3   6   3   0   5  14   2   0   2  0.42 0.27
   39 H    1  2  0  0  0  0  0 -1  4 -1 -1 -1  0 -2  1 -1 -1 -3 -1 -1   12  17   3   6   3   5   5   3  15   5   5   0   3   1   6   3   4   0   2   3  0.18 0.17
   40 F   -3 -2 -2 -4 -3  1 -3 -4  1  0  3 -3  0  5 -4 -3 -3  5  2 -1    1   1   2   0   0   7   0   1   4   5  28   0   1  29   0   2   0   7   7   3  0.59 0.29
   41 S    3 -3  1 -2 -1 -2 -2  1 -1 -3 -3 -2 -1 -1 -3  4  0  1 -3 -2   28   0   8   0   1   0   0  10   1   0   2   0   2   2   0  35   3   2   0   3  0.46 0.30
   42 S    0 -1 -2 -2 -1  2 -2  1 -3 -3 -4 -2 -3 -4 -2  5  1 -4 -4 -3    5   2   0   0   1  10   0  10   0   2   1   1   0   0   2  57   6   0   0   0  0.74 0.40
   43 G   -1 -2 -1 -3 -4 -4 -4  7  1 -5 -5 -3 -4 -5 -4 -3 -4 -4 -4 -5    4   2   2   0   0   0   0  83   4   0   1   0   0   0   0   1   0   0   0   0  1.68 0.55
   44 S    1 -2 -1 -2  4 -2 -2  0 -2  0  1 -2 -1 -1 -2  2  1  0  0  0   10   1   3   0  10   0   1   6   0   4  17   0   0   2   1  24   9   2   3   6  0.20 0.18
   45 L   -1 -2 -2 -3 -2 -2 -2  0  2  1  1 -2  2  2 -3 -2  0  5  2  1    1   0   0   0   0   0   1  10   9  10  10   1   9   9   0   1  10   9   9  10  0.21 0.13
   46 D    0 -2  0  5 -3 -1  1  1 -2 -3 -3  0 -3 -3  1 -1  0 -4 -3 -3    7   1   1  46   0   0   7  12   0   1   1   7   0   0   7   1   7   0   0   1  0.51 0.18
   47 L   -1 -2 -1 -4 -1 -3 -4 -3 -4  1  4 -3  0  1 -4 -3 -1 -3 -1  3    5   2   3   1   1   0   1   2   0   8  40   1   2   6   1   1   3   0   2  21  0.48 0.29
   48 L   -2 -2 -3 -5 -4 -2 -4 -5 -5  0  5 -3  3 -3 -5 -4 -2  5 -3 -1    3   2   2   0   0   2   0   1   0   4  65   2   6   0   0   1   2   7   0   2  1.04 0.54
   49 S    1 -3  0  0 -1 -3 -2  5 -3 -4 -3 -3 -4 -4  0  2  0 -4 -4 -4   12   0   5   6   1   0   3  44   0   0   3   1   0   0   4  14   5   0   0   1  0.70 0.40
   50 H   -1  0  0 -1 -2  1 -1 -2  2 -3 -2 -1 -2  0 -3 -2  0  3  6  0    6   6   4   3   1   8   4   3   4   1   4   4   1   2   1   1   7   4  30   7  0.45 0.31
   51 L    1 -2 -1  1  0 -2 -2 -2  1  1  2 -2  0 -1 -2 -1  1 -1  0  0   12   2   2   9   2   1   1   3   4   7  28   1   1   2   1   3  12   1   4   6  0.14 0.17
   52 P   -1 -3 -1  0 -1 -2 -1  0  0 -3 -2 -3 -4 -5  7 -2 -2 -5 -4 -2    4   2   3   6   1   2   5   6   2   2   3   1   0   0  55   2   2   0   0   3  1.21 0.56
   53 D    0 -1  2  4 -2  0  2  2 -1 -4 -4 -1 -3 -4 -1  0 -1 -4 -3 -2    9   2  11  27   1   4  12  13   1   1   1   2   0   0   3   6   3   0   0   2  0.41 0.27
   54 G    0  0  0  1 -4 -2 -1  5  0 -2 -3 -2 -3 -4 -2 -1 -1  1 -3 -2    6   6   3   8   0   1   3  48   2   3   3   2   0   0   2   2   4   2   0   3  0.61 0.34
   55 Q   -1  2 -1  1 -1  3  3  0  0 -3 -3  1 -3 -2 -2  0  1 -3 -1 -3    5  11   2   7   1  15  19   6   2   1   1   7   0   2   1   8   8   0   2   1  0.29 0.24
   56 P    1  0  0 -2 -3  1 -1 -2  1  0 -1  0  0 -1  4  1  0  1 -1  0   10   4   4   0   0   7   4   3   3   6   5   6   2   3  20   9   4   2   2   7  0.22 0.19
   57 V    0 -1 -4 -2  1 -1 -1 -2  0  1  0 -3  1 -1 -4 -1 -2  4 -3  4    8   3   0   3   3   3   5   3   2   8   5   0   3   3   0   4   0   6   0  40  0.40 0.34
   58 T    0  1  0  1 -3  1  1  0  0 -1 -2  1 -2 -3 -1  0  1 -3 -1  0   10   7   3   9   0   9   9   9   3   3   3   7   0   0   3   6   8   0   2   8  0.11 0.12
   59 D   -1 -2  3  5 -2  1  0 -2  2 -2 -4 -1 -3 -2  0 -1 -1  0 -2 -2    5   2  14  31   1   7   6   3   4   2   2   4   1   2   5   4   3   2   1   3  0.48 0.36
   60 I   -2 -2 -4 -1  1 -4 -3 -2 -5  1 -1 -3 -4  1  6 -2  0  2  0  0    3   2   0   3   3   0   2   3   0   8   6   2   0   5  42   3   5   2   3   6  0.82 0.52
   61 H    0  0 -2 -1 -1  0  1 -2  1 -1  1 -1  1  1  0 -1  0  1  2 -1   10   6   0   4   1   4  10   3   4   2  16   3   3   7   5   4   5   2   8   4  0.07 0.12
   62 S    2  0 -1  2 -3  1  2  0  1 -2 -2  0 -1 -1 -2  0  0 -4 -2 -2   18   4   2  15   0   8  12   6   3   3   4   6   1   3   1   7   5   0   1   2  0.18 0.20
   63 G    3 -1  0 -1  0  1 -1  3  0 -1 -4 -3 -1 -2  0  0 -1  1 -1 -2   29   2   4   4   2   6   3  21   3   3   1   0   1   2   4   6   4   2   2   2  0.33 0.31
   64 L   -1 -2 -3 -2 -3  0 -2 -2 -3  3  2 -2  1  1 -1 -2 -1  2  1  1    3   2   0   2   0   5   2   4   0  18  25   2   3   6   3   3   2   3   4  11  0.25 0.22
   65 E    2 -1 -1  2 -2  1  3 -1 -1 -3 -4 -1  0 -5  0  0  1 -5 -4 -3   20   3   2  12   1   7  20   4   1   1   1   3   3   0   5   5  10   0   0   2  0.37 0.33
   66 S    3  1 -1  0  1  1  2  0  0 -3 -3  0 -2 -3 -2  0 -1 -1 -1 -2   25   8   3   5   3   7  15   8   3   1   2   4   1   1   1   5   4   1   2   2  0.23 0.24
   67 L   -1 -1 -4 -4 -4 -3 -1 -1  2  1  4 -3  2  2 -1 -3 -1 -3  1  0    5   4   0   0   0   0   4   5   5   7  38   0   4   8   4   0   4   0   4   5  0.37 0.28
   68 R    0  1  0  2  1  0  0 -1  0  0 -1  0  1 -3  0  0 -1 -3 -1  0    9  10   3  14   3   3   4   5   3   7   4   5   4   0   5   5   3   0   3  10  0.07 0.10
   69 Q    2  2  0  2 -4  2  3 -2  0 -3 -3  1 -3 -4 -1 -1 -1 -4 -1 -2   16  12   3  10   0   8  20   2   2   1   3   6   0   0   3   4   3   0   2   2  0.32 0.28
   70 Q   -1 -1  1  2 -4  4  1 -2  0 -1  1 -1  0 -2 -2 -1 -2  0 -1 -1    6   2   6  10   0  23   9   2   2   2  16   3   3   2   2   3   2   1   2   4  0.28 0.26
   71 A    2  0  0 -1 -3  0 -1  0  3 -1 -1 -1  1 -1  2  0  0 -3  1 -1   17   5   6   3   0   3   3   6   8   3   5   2   4   2  12   5   6   0   5   4  0.14 0.15
   72 P    0  0 -1 -1 -5 -1  1 -1 -1 -2 -4 -1 -4 -5  6 -1 -2 -5 -5 -3    8   6   2   3   0   2   9   4   1   2   2   4   0   0  45   4   3   0   0   2  0.96 0.54
   73 A    0  0  1  2 -1  1  2  1  0 -2 -2 -1 -2 -1 -3  0  0  0 -2 -1   10   4   6  12   1   6  18  10   2   2   4   3   1   3   0   5   6   1   1   4  0.17 0.18
   74 H    0  0 -4 -2 -6 -4 -1 -5 10 -6 -5 -2 -5  0 -1 -3 -3 -5  2 -5    9   6   0   2   0   0   3   1  58   0   1   2   0   4   3   2   2   0   7   0  1.87 0.81
   75 P   -1 -5 -2 -5 -1  0 -2 -2 -5 -2 -4 -2 -1 -1  8 -4 -5 -6 -5 -3    4   0   2   0   1   5   2   4   0   2   2   2   2   3  67   0   0   0   0   2  1.79 0.82
   76 Y   -3 -5 -3 -6 -5 -5 -2  0 -3  0  0 -5 -4  1 -6 -2 -1 -3  8  0    2   0   1   0   0   0   3   7   0   6   9   0   0   5   0   3   4   0  52   7  1.31 0.68
   77 S    2  2  1 -2  0 -1 -1  1  2  0 -2 -2 -1 -2 -2  2  0 -4 -3  0   16  11   6   1   2   1   4  12   5   6   2   1   2   2   2  19   4   0   0   6  0.19 0.21
   78 L   -1  2 -3 -1 -4 -1 -1 -3  1  0  2  3  0 -2 -2 -2  0 -4  0 -1    5  11   0   3   0   2   4   1   4   6  22  20   1   1   2   2   7   0   3   4  0.21 0.22
   79 L   -1  0 -4 -1  1 -3 -1 -4 -1  2  2 -3  2 -1 -1 -1 -2  3 -1  3    5   6   0   4   3   0   4   0   1  11  18   0   7   2   3   4   2   4   2  22  0.27 0.24
   80 E   -1  0 -1  2 -5 -1  0  5  1 -3 -3 -1 -4 -5 -4 -1 -1 -2 -1 -2    5   6   2  11   0   2   5  44   4   2   2   4   0   0   0   4   3   1   2   3  0.62 0.38
   81 P    1  0  0  0  0  0  0 -1  2 -2 -1  1 -1 -1  4 -1 -1 -4 -2  0   14   4   3   4   2   3   7   5   5   1   6   9   1   2  19   4   2   0   1   6  0.23 0.19
   82 Q    1  0 -2  3 -5  1  4  0  0 -3 -4 -1 -3 -3  0 -1 -1 -5 -4 -4   12   5   1  17   0   6  27   8   3   1   1   4   1   1   5   4   3   0   0   0  0.47 0.35
   83 R    2  2  0 -1 -2  0  0 -1  0 -2 -1  0  1  1 -2  0  1 -3 -1  0   19  12   4   2   1   4   6   4   3   1   5   4   4   6   1   4   9   0   2   9  0.11 0.15
   84 V    0 -5 -5 -3 -4 -3 -5 -1 -5  4  0 -5 -1  0 -5 -2 -3  0 -4  5    6   0   0   2   0   1   0   5   0  20   8   0   1   4   0   3   1   1   0  45  0.82 0.48
   85 L    0  0  0  0  2  0  0 -1 -2  0 -1  0  1  0  0  0  0  3  1  0    5   5   5   5   5   5   5   5   0   5   5   5   5   5   5   5   5   5   5   5  0.05 0.08
   86 D    0  2  0  0  2  1  2 -1  2 -3 -2  1 -3 -1 -1 -1  0 -4  0 -1    9  11   4   6   4   6  17   5   5   0   5   7   0   3   3   4   4   0   3   4  0.16 0.17
   87 L    1 -3 -1 -2  0 -3 -2  0  0 -1  2 -1  2  0 -1  0 -1  1  3 -1   12   0   2   2   2   0   2   8   3   3  22   5   6   4   2   9   2   2  10   4  0.15 0.21
   88 A    3 -1 -4 -4  0 -1 -1 -2 -3  0  2 -2  0  0 -2  0 -1  0  2  1   26   3   0   0   2   2   4   2   0   5  19   2   2   3   2   6   4   2   6  11  0.24 0.26
   89 C    0  1  0  2  0  1  1  0  2 -1 -2  0 -1 -1 -1  1 -1  1 -2 -2    9   8   3  12   2   7   8   7   7   3   4   6   1   2   3   9   3   2   1   1  0.12 0.14
   90 Q   -1  0  0  1 -1  4  3 -3 -4 -2 -1 -1 -1  1 -5 -1 -4  5  0 -2    4   5   4   7   1  17  23   2   0   3   5   3   1   7   0   3   0   9   3   3  0.49 0.41
   91 A    3 -2 -5 -2 -4 -4 -5 -1 -1 -1  1 -4 -3  5 -5 -1  0  0  0 -1   30   2   0   2   0   0   0   4   2   3  13   0   0  27   0   4   5   1   3   3  0.65 0.47
   92 Q   -2  1 -2  2 -5  3  3 -2  0 -2  0  1  1 -4 -1 -1 -1  0 -4 -1    2   9   1  11   0  17  17   4   3   2  12   8   3   0   4   3   2   1   0   4  0.31 0.31
   93 A    1  1 -1  2 -4  3  2 -1  0 -3 -2  0 -3 -5  0  0  1 -5 -4 -2   15   7   3  13   0  13  14   4   2   1   4   4   0   0   4   6   9   0   0   2  0.30 0.29
   94 L   -2 -1 -5 -2 -2 -2 -3 -5 -1  1  4 -1  0  4 -5 -4  1  2 -2  1    4   4   0   2   1   2   1   0   2   6  38   3   2  16   0   0   8   2   0   8  0.51 0.37
   95 I    0 -4 -5 -3  3 -4 -5 -3 -4  1  3 -4  3  4 -5 -3 -1 -4 -2  1    8   0   0   1   6   0   0   2   0   7  35   0   6  19   0   2   4   0   0   9  0.61 0.39
   96 A    2  1  0  0 -2  2  2  1 -1 -2 -1 -1 -1 -4 -1  0  0  1 -3 -1   17   7   4   6   1  12  14  11   1   2   5   3   2   0   2   4   6   2   0   3  0.18 0.20
   97 E    2  2 -1  2 -5  3  4 -3 -3 -5 -3  0 -4 -3 -1 -1 -1 -5 -3 -4   16  13   2  11   0  12  25   1   0   0   2   4   0   1   3   4   4   0   1   0  0.49 0.38
   98 S    2  0 -2 -3  5  0 -1 -1  0  1  0 -3 -1 -2 -1  0 -1  1  1  0   23   5   2   1  12   4   4   4   2   8   8   0   1   1   2   8   3   2   4   5  0.22 0.22
   99 G   -1 -2  1 -1  1 -1 -4  5  0 -4 -3 -2 -1 -2 -1 -2 -2 -4  1 -1    5   2   7   3   3   3   1  48   3   1   3   2   2   2   3   2   3   0   5   4  0.74 0.42
  100 A    1 -1 -1  0  1 -3 -2 -2 -1  2  2 -3  2  0  0 -2 -2  1  0  0   13   3   3   7   3   0   2   2   2  11  24   0   5   3   5   3   2   2   4   6  0.16 0.17
  101 Q    0  0 -1  1 -1  0  0 -2  3 -3 -3 -1 -1 -1  4 -1  0  0  2 -1    6   6   2   9   1   5   6   2   7   2   2   4   2   2  21   4   5   1   8   4  0.32 0.26
  102 L   -2  0 -5 -5 -5 -4 -2 -5 -4 -1  3 -2  3  2 -5 -5 -2 -3  5  1    4   5   0   0   0   0   3   0   0   2  32   2   8   8   0   0   3   0  22   8  0.78 0.47
  103 Q   -1  1 -1 -2  0  2 -1  1  2  0 -1  1  0 -2 -2 -1  0 -3  1  2    4   7   3   2   2  11   3  11   5   6   5   8   3   1   2   3   4   0   4  15  0.11 0.15
  104 G    0 -1 -2 -2 -1 -1 -3  6  1 -3 -3 -3 -2 -5 -2 -2 -1 -5 -5 -3    8   3   1   3   1   3   2  55   3   2   3   2   1   0   3   3   4   0   0   2  0.94 0.52
  105 S    0  0  2  3 -2  0  1  0  4 -5 -5 -1 -1 -2 -1  3 -1 -5 -4 -3    7   5  11  14   1   4   7   8  10   0   1   3   2   2   3  20   3   0   0   1  0.41 0.32
  106 V    1 -1 -1 -1  2  0  0  0  2 -2  0 -1 -1 -2  0  1  1  1  0  0   13   3   3   4   4   4   4   7   6   1   8   3   1   1   4  10  11   2   3   8  0.08 0.12
  107 E    0  1 -1  4 -5  1  3  0  1 -3 -3 -1 -1 -2 -2 -1  0 -5 -4 -3    7   8   2  25   0   6  20   8   3   1   2   3   1   2   2   4   5   0   0   2  0.44 0.35
  108 L    0  3 -1  0 -2  3  1  0  2 -4 -2  2 -2 -2 -2 -1  1 -5 -2 -2    6  16   3   6   1  14   8   7   5   0   5  10   1   1   2   4   8   0   1   2  0.27 0.25
  109 A    1 -1  7 -2 -1 -1 -4 -3 -1 -6 -6 -4 -6 -1  1 -1 -1 -7 -5 -4   13   3  56   2   1   2   0   2   1   0   0   0   0   3   6   4   4   0   0   1  1.35 0.76
  110 H    1 -1 -1 -5 -2  0 -3 -2  8 -2 -2 -1 -4 -1 -5 -2 -1  1 -1  1   13   3   3   0   1   5   1   4  39   3   4   3   0   2   0   3   3   2   1   9  1.02 0.57
  111 Q   -1  1 -2 -2 -2  2 -2 -2  2 -2  3 -3 -1  2 -2 -1 -1  5  3 -2    5   7   2   2   1   9   2   3   5   1  26   1   1   8   2   5   3   8   9   2  0.35 0.30
  112 R   -1  6 -2 -4 -5 -4 -4 -6 -2  1  2 -2  1 -3 -3 -3 -2 -5 -2  2    5  38   2   1   0   0   0   0   1   7  20   1   3   1   2   1   2   0   2  14  0.76 0.49
  113 V   -2 -2 -5 -5 -5 -5 -5 -3 -5  3  3 -5  0  0  4 -4 -4 -5 -4  3    4   3   0   0   0   0   0   2   0  15  23   0   2   3  24   0   0   0   0  22  0.82 0.48
  114 T   -3 -3 -1 -3 -5 -5 -5 -6 -6 -5 -3 -5 -5 -6 -5  0  7 -6 -1  0    2   2   2   1   0   0   0   0   0   0   3   0   0   0   0   6  74   0   2   5  1.75 0.85
  115 P    3 -2 -5 -5 -5 -3 -5 -2  4 -1 -3 -4 -2 -2  6 -1 -3 -6  0 -3   25   3   0   0   0   1   0   4   9   3   2   0   1   2  40   4   1   0   4   2  1.08 0.58
  116 L    0 -4 -4 -4 -4 -4 -2  1 -4  0  4 -4  3 -2 -2 -2  0 -4 -4  2    7   0   0   0   0   0   3  13   0   5  38   0   8   2   2   3   7   0   0  12  0.47 0.32
  117 G   -4 -6 -4 -5 -6 -3 -5  7 -5 -6 -6 -5 -1 -6 -3 -2 -3 -6 -6 -6    1   0   0   0   0   2   0  85   0   0   1   0   2   0   2   3   2   0   0   0  2.16 0.86
  118 T    0  1 -1 -2 -3  0  0  0  1 -1 -2  1  1  0 -3  1  3 -3 -1 -1    9   8   2   0   0   3   4   6   4   4   3  10   4   4   0  10  22   0   2   3  0.18 0.20
  119 L    0  0 -1  0  1 -1 -1 -3  0  0  2 -1  1  1 -1 -1  0  5 -2  1    7   5   3   5   3   3   3   0   3   5  20   3   3   5   3   3   6   8   0  11  0.13 0.13
  120 R    0  5 -3  0 -5  1 -3 -4  2  0 -4  3  2 -4 -4 -1 -3 -5 -4  0    8  31   0   5   0   6   0   0   5   6   1  20   6   0   0   5   0   0   0   6  0.64 0.38
  121 S    1 -1 -1 -3 -4 -1 -2 -1  0 -1 -1 -1  1 -1  5  0  0  1 -3 -1   12   4   2   0   0   3   2   4   3   4   4   3   4   3  33   5   6   2   0   3  0.52 0.32
  122 T    2 -4 -1  0  3 -1 -3 -1 -4 -4 -4 -3 -4 -2 -2  2  6 -5 -4 -3   15   0   2   4   5   3   0   5   0   0   1   0   0   2   2  12  46   0   0   1  0.80 0.51
  123 W    3 -2 -3 -3  2 -4 -3 -2 -2 -5 -3 -5 -1  2 -5 -3 -4 10  3 -4   21   3   1   2   5   0   2   4   1   0   2   0   2   8   0   2   0  36   9   0  1.47 0.67
  124 L   -1  2 -5 -5 -4 -1 -4 -3 -1  1  5 -4  2 -1 -5 -4 -4  1  1 -2    6  10   0   0   0   2   0   2   2   7  56   0   4   2   0   0   0   2   4   0  0.78 0.47
  125 S    0 -1 -1 -2 -1 -2 -2 -2 -3 -1 -2 -3  0 -3  0  3  1 -4  3  2    6   4   2   2   1   1   2   2   0   3   2   0   3   0   4  30   8   0  11  17  0.36 0.34
  126 S   -2 -4 -4 -2 -5  2 -4 -1  2 -4 -2 -4 -1 -3  7 -1 -1 -6 -2 -3    4   0   0   2   0  11   0   4   6   1   5   0   2   1  53   5   4   0   1   1  1.27 0.65
  127 P    1  0  0  1 -3  1  2 -2  1 -3 -2  0 -1 -1  3  1 -1  0 -3 -1   14   6   5   8   0   5  14   2   4   0   3   4   2   4  13   9   1   1   0   4  0.22 0.20
  128 E    0  0  0  1  0 -2  1  2  0 -4 -3  0 -3  0 -2  2  2  1 -2 -3    7   5   3   9   2   0   8  14   2   0   2   4   0   4   1  21  13   2   1   1  0.24 0.24
  129 V    1 -2 -2 -3  0 -1 -1 -1 -3  0  1 -3  5 -1  0 -1  0 -4 -1  2   10   2   2   1   2   3   3   6   0   3  11   0  20   3   5   3   5   0   3  18  0.27 0.26
  130 P    2 -2 -1  0 -1  0 -1 -1 -1 -1 -2 -1 -1 -2  4  0  0  1 -1  0   19   1   3   7   1   3   3   5   2   3   2   4   2   2  21   5   5   2   2   9  0.27 0.22
  131 V    2  0  0  0 -1  0 -1 -1 -3  0  0 -2  1 -3  0 -1  1 -4 -3  2   21   5   4   5   1   5   2   5   0   4   8   1   4   0   5   3  11   0   0  15  0.13 0.17
  132 W    1  0 -1  0 -3 -1  0  2  0 -1 -1 -1 -1  0  0  0  1  2 -1 -1   11   5   1   5   0   2   7  20   3   2   8   3   1   4   4   4  10   3   2   6  0.10 0.12
  133 P    2 -2  0  2 -4 -3  0  1 -2 -2  0 -2 -1 -4  4  0 -1 -5 -4 -1   19   2   4  12   0   0   6  10   1   2   9   2   1   0  21   7   2   0   0   3  0.37 0.28
  134 L    0 -1 -3 -1 -3 -1 -1 -2  0  0  3 -2  1  2 -1  1  0 -3 -2 -1   10   4   0   4   0   3   3   2   2   5  32   2   4   9   2  10   4   0   0   3  0.18 0.21
  135 P    1  0  0  2 -4  0  0 -2  2 -4 -3  0 -3 -4  4  1 -1 -4 -1 -2   12   4   3  15   0   4   5   2   6   0   2   7   0   0  22  10   3   0   2   4  0.41 0.27
  136 A    2 -1  0  2 -3  0  0  2  1 -2 -2 -1 -3 -1 -1  0 -1  4  0 -1   19   2   4  12   0   3   4  18   3   2   2   2   0   3   2   4   3   8   3   5  0.22 0.20
  137 K    0  3  0  0 -4  2  0  0  0 -4 -4  2 -1 -4  0  0  0 -4  0 -4    7  22   3   6   0  12   6   9   2   0   0  15   1   0   4   5   4   0   3   0  0.35 0.26
  138 K    0  4  0  2 -4  0  0 -1  1 -4 -4  3 -3 -5  3  0 -1 -5 -3 -4    6  23   4  10   0   3   3   4   4   0   0  19   0   0  13   6   2   0   0   0  0.48 0.31
  139 I    0 -4 -4 -2 -3 -3 -4 -2 -4  4  1 -3  3  0  0 -2  1 -3  0  3   10   0   0   2   0   0   0   3   0  26  11   0   8   3   4   2   8   0   3  20  0.36 0.27
  140 C    2 -2 -3 -3  3 -1 -2 -2 -3  1  3 -3  0 -1 -3 -1  0 -1 -3  2   17   2   0   1   7   4   2   3   0   6  32   0   2   2   0   2   4   1   0  14  0.28 0.22
  141 V   -1 -4 -4 -4 -1 -4 -4 -4  1  3  2 -4  1 -1 -4 -2 -1 -4 -1  4    4   0   0   0   1   0   0   0   4  19  22   0   2   2   0   3   2   0   2  36  0.57 0.31
  142 V    2 -4 -2 -4 -3 -4 -4 -4 -4  2  2 -4  1  0 -2 -3 -2 -4 -3  5   16   0   2   0   0   0   0   0   0  11  15   0   3   3   2   0   0   0   0  45  0.65 0.37
  143 G    1 -1  1  0 -1 -1 -2  5 -3 -3 -3 -3  0 -4 -3 -1  0 -4 -4 -3    9   3   8   4   1   2   1  53   0   1   3   0   3   0   0   2   6   0   0   2  0.72 0.35
  144 I   -3 -1 -4 -4 -3 -4 -4 -2 -4  4  1 -3  0  4  1 -3 -1 -3 -1  1    1   4   0   0   0   0   0   4   0  33  10   0   2  24   8   0   3   0   1   9  0.57 0.32
  145 S    0  2  0  2 -2  1  4 -2  0 -4 -3  1 -2 -3  0  1 -1 -4 -3 -3    7  11   2  11   1   4  33   2   2   0   2   6   1   1   3  10   2   0   0   1  0.41 0.24
  146 G   -1  0 -2 -2 -4  0  1  5  1 -3 -4 -2 -4 -4 -3  0  0 -4 -4 -4    4   6   1   2   0   4   8  54   4   2   1   0   0   0   0   6   6   0   0   1  0.79 0.35
  147 L   -2 -3 -1 -3 -2 -2 -3 -3  1  1  3 -3  1  3 -3 -2  0 -1  2  1    1   1   4   1   0   0   1   1   4   9  32   1   4  18   1   1   8   0   7   8  0.31 0.17
  148 M   -1  1 -1 -2 -2  0 -1 -1  2  0  1  1  0 -1  1 -1  2 -3 -2  0    3  12   2   0   0   2   3   4   8   5  15   8   3   2   7   2  17   0   0   6  0.10 0.10
  149 D    0 -2 -1  5 -3  0  1  1 -2 -3 -1 -2 -3 -3  0  0 -1 -4 -3 -3    8   1   0  49   0   3   7   9   0   1   8   1   0   0   4   4   3   0   0   1  0.58 0.26
  150 F   -1 -3 -4 -4  1 -3 -4 -4 -2 -1  0 -3  1  7 -4 -3 -3  3  4  0    6   1   0   1   3   0   1   1   0   1   6   1   3  53   1   1   1   3  12   7  0.91 0.33
  151 Q   -1 -1  0  3 -3  2  2 -2  0 -3 -3 -1 -2 -1  3  1 -1 -3  1 -2    4   3   4  23   0  14  11   1   2   0   1   1   0   3  14   9   2   0   6   3  0.37 0.19
  152 A    3 -2 -2 -3 -3 -2 -2  1  2 -3 -3  0  0 -3  4  0  0 -4 -3 -1   33   0   0   0   0   0   0  10   5   0   1   5   3   0  25   3   7   0   0   5  0.51 0.25
  153 H    1  2  0 -1 -3  2  1 -1  2 -1 -2  1 -2 -3  3  0 -1 -3 -2 -2   14  15   3   2   0   9  10   4   6   4   2   7   1   0  14   3   2   0   1   1  0.26 0.16
  154 L    0 -3 -3 -3 -3  1 -2 -3  0  1  3 -2  3  2 -3 -2 -2 -2  1  1    9   0   0   0   0   7   2   1   3   7  37   2   7   9   0   1   0   0   6   7  0.31 0.20
  155 A    2 -3 -3 -4  1 -3 -3 -3 -3  3  1 -3  2  1 -3 -2 -2  2 -2  2   25   0   0   0   3   0   0   1   0  18  15   0   5   6   0   1   0   3   0  19  0.35 0.23
  156 A    4  0 -2 -3  1  0 -2  0 -3  0  0  0 -2 -3 -2  1  0 -3 -3  0   47   4   0   0   3   4   0   5   0   4   8   5   0   0   0   9   3   0   0   6  0.36 0.26
  157 A    1  0  0  3 -3  0  1  1 -2 -3 -3  0  0 -2 -2  1  0 -3  1 -1   14   5   4  17   0   5   9  11   0   0   1   6   4   0   0   8   6   0   7   4  0.19 0.17
  158 S    0  0  3 -1 -3  1  0  0  3 -3 -2  0 -2  1 -3  1  0  2  1 -1    6   5  18   0   0   6   4   6   7   0   4   4   0   6   0  14   6   3   5   4  0.18 0.18
  159 L   -1 -2 -5 -5 -4 -4 -5 -5  1  0  5 -4  1  2 -5 -4 -4 -4  1  0    5   3   0   0   0   0   0   0   3   4  65   0   3   7   0   0   0   0   5   4  1.01 0.51
  160 R   -1  3  0 -1  0  3  1 -1  1 -1 -1  1  0 -4 -1  0 -1 -4 -3 -2    5  20   5   3   3  14   9   4   3   4   6   9   2   0   2   5   3   0   0   3  0.23 0.23
  161 E    1  3  0 -1 -4  3  0 -2  2 -2 -2  2  0 -1 -1 -1  0 -4 -1 -3   11  18   4   3   0  18   5   3   5   2   3  10   2   3   2   4   5   0   2   0  0.29 0.29
  162 L    2  0 -1 -1  0  2  0 -1  2 -1  0 -2  1 -1 -1  0  0 -3  1 -1   18   5   3   4   2  13   4   3   7   3  12   0   5   2   3   5   4   0   4   2  0.12 0.20
  163 G    0  0 -1  1 -5 -1 -3  5  3 -5 -3 -3 -1 -2 -1 -3 -3  3 -1 -3    7   6   3   7   0   3   1  45   8   0   2   0   2   2   3   0   1   5   2   2  0.71 0.47
  164 L    1 -4 -1 -1  3 -1 -2 -2 -4  2  0 -2  0 -1  3 -1  0  1 -1  2   11   0   3   3   8   2   2   3   0  11   8   1   2   2  13   3   4   3   2  20  0.24 0.23
  165 A    0  0  0  1 -4  0  2  0  1 -2  0  0 -2 -3  3  0 -1  2 -3 -2    7   7   5  10   0   3  14   7   4   2  10   4   0   0  14   5   3   3   0   2  0.20 0.20
  166 V    2 -1 -3 -3  2 -3 -3 -1  0  1  0 -1  0  2 -1 -1  0 -3  0  2   22   2   0   0   5   0   0   4   2  10   7   4   2  10   3   4   4   0   3  15  0.18 0.21
  167 E    0  2 -1  1 -3  2  2 -1  0 -1 -2  0 -1 -1 -1  0  1 -4 -1 -2    8  12   2   9   0   8  14   3   2   3   3   5   1   3   2   6  12   0   3   3  0.17 0.19
  168 T    2  0 -1 -2  0  0 -1 -1  0  1 -2 -1 -2 -2  0  1  3  0 -3  1   16   4   2   2   2   4   2   4   2  10   2   2   0   1   5   9  19   1   0  11  0.17 0.23
  169 A    2  0  0  0  3 -1  0  0  1  0 -1  0 -2 -2 -3  0 -1 -4  0  0   22   6   3   4   7   2   5   7   4   7   5   7   0   1   0   7   2   0   3   8  0.11 0.16
  170 E    0  1  0  0 -4  0  3  1 -1 -4 -3  0  0  0 -1  1  1 -1  2 -3    6  10   4   4   0   4  21  11   1   0   1   4   2   3   3   9   8   1   9   1  0.22 0.23
  171 I    0 -2 -5 -5 -1 -4 -3 -5 -5  4  2 -2  1  2 -5 -4 -2 -4  0  3    9   2   0   0   1   0   1   0   0  25  20   2   2   7   0   0   2   0   3  25  0.59 0.37
  172 E   -1  3  1  0 -1  0  2 -4  3 -3 -4 -1 -3 -4 -1  0  3 -5 -1 -1    3  16   6   6   1   3  13   0   9   1   0   2   0   0   3   7  23   0   2   6  0.41 0.34
  173 L   -2 -2 -4 -5 -4 -4 -1 -5 -4  3  4 -4  2  2 -5 -2  0  0 -2  2    2   2   0   0   0   0   4   0   0  14  37   0   4  11   0   3   7   1   0  13  0.53 0.35
  174 P   -2  0 -2  0 -5 -2  2 -4  0 -3 -2 -2 -4 -3  6  0  0  0 -5 -1    3   5   1   5   0   1  13   1   2   1   4   2   0   1  43   6   6   1   0   5  0.89 0.50
  175 E    0 -2 -2  0 -2  0  2  2 -3 -1  0 -1  1  2  0 -1  0 -3 -2  0    8   2   1   4   0   3  16  15   0   2   7   2   4  12   4   4   6   0   0   9  0.12 0.17
  176 L   -1 -3 -3 -4 -2 -3 -2 -2 -4  0  3 -2  0  3  3 -1  0  0 -2  0    6   0   1   0   1   0   3   3   0   3  35   2   2  12  14   4   5   1   0   7  0.38 0.29
  177 D    0 -2  0  4 -3 -1  2  2 -2 -1 -1 -1 -1 -2  0 -1 -1  1 -3 -3    6   2   3  27   0   1  15  14   0   3   5   3   2   2   4   4   4   2   0   1  0.33 0.24
  178 V    0  1  0  1 -2  0  1 -1  0  0 -1  0  0 -1  2 -1 -1 -3 -1  0    9   9   5   7   1   2  12   4   3   7   5   4   3   3  10   3   2   0   2  10  0.07 0.08
  179 L    0  1 -1 -3 -1  0  0 -1 -2  0  2 -1  1  1 -3 -1 -1  4 -1  0    7   8   3   1   1   4   6   4   0   3  26   3   3   8   1   4   4   7   1   8  0.14 0.15
  180 R   -2  6 -3 -3 -4  0 -1 -1 -2 -2 -1  0 -3 -3 -2  0 -1 -4  1 -1    2  49   1   1   0   4   2   5   0   2   7   4   0   1   2   7   3   0   4   4  0.71 0.40
  181 N    1  2  1  2 -3  1  1  0  0 -2 -2  0 -2 -1  1  0  0 -3 -2 -1   14  13   6  12   0   6   9   6   3   2   2   5   0   4   5   5   4   0   0   3  0.15 0.13
  182 N    0 -2  4  2 -3 -1 -1  2 -1 -3  0 -2 -3 -3  0  1 -1  1 -3 -2    6   2  24  13   0   2   2  14   2   1   9   1   0   1   4  13   3   2   0   3  0.32 0.25
  183 A    1 -1 -1 -2 -3 -2  1  2  0 -3 -2 -2 -1 -2  4  0 -1  2 -3 -1   15   3   2   1   0   0  10  16   3   1   4   1   2   1  24   6   3   3   0   6  0.39 0.26
  184 T    0  2 -1 -1  2 -1  0  0  1 -1 -2  0  0 -2 -2  1  2 -3 -1 -1    6  13   2   2   6   1   5   8   3   4   3   7   3   1   1  14  15   0   2   5  0.13 0.14
  185 E   -1 -2 -1  3 -4 -1  4  1 -2 -3 -3 -1 -1 -2 -2  1 -1 -4 -3 -3    3   2   2  18   0   2  36  12   0   2   2   1   2   2   2   9   3   0   0   1  0.53 0.33
  186 F    0 -1 -3 -3 -2 -3 -3 -3 -3  2  2 -2  3  4 -1 -1  0  2  0  1    9   3   1   1   0   1   1   2   0  13  16   1   8  19   2   4   4   3   2   9  0.28 0.20
  187 R   -2  5  0 -2 -4 -2 -2 -3  1 -3 -1  2 -1 -2 -1  0  2 -4  0 -2    2  37   4   1   0   0   1   2   3   0   6  11   1   1   2   8  13   0   3   3  0.52 0.35
  188 A    3 -2 -1 -3  2 -2 -3  2 -1 -1 -2 -3 -3 -3  2  2 -1 -4 -3  0   25   2   3   0   4   1   0  15   1   4   4   0   0   1  10  19   3   0   0   9  0.32 0.28
  189 V    0 -1 -2 -3 -3  0 -1 -2 -1  1  1 -2  1 -2  0 -1  3 -4 -3  2    9   4   2   0   0   4   4   2   2   8  10   0   4   1   4   2  23   0   0  21  0.23 0.23
  190 N   -1  2  4  4 -4 -1  0 -2  1 -3 -3 -2  0 -3 -4 -2  0 -5 -4 -2    4  12  25  26   0   1   6   2   4   1   2   0   3   1   0   1   6   0   0   2  0.59 0.38
  191 I   -2 -2 -5 -5 -4 -4 -4 -5  0  5  2 -4  2  1 -5 -2 -3  0  4  0    2   2   0   0   0   0   0   0   2  38  21   0   5   3   0   3   0   1  17   4  0.77 0.41
  192 A    6 -5 -5 -5 -4 -1 -2 -2 -5 -5 -3 -4 -4 -5 -4 -1 -2  2 -5 -4   81   0   0   0   0   3   2   1   0   0   2   0   0   0   0   4   2   3   0   0  1.50 0.72
  193 R   -2  6 -1 -3 -5  2 -1 -3  3 -5 -4  2 -4 -5 -4 -2 -3  1 -2 -2    3  52   2   1   0   9   2   1   8   0   0  10   0   0   0   2   1   2   1   3  1.06 0.52
  194 F    1 -1 -2 -3 -3 -2 -3 -2  0  1  2 -3  1  1 -3 -1  0  2  1  2   11   4   1   1   0   1   0   3   2   5  23   0   2   7   0   4   5   3   6  19  0.20 0.18
  195 L   -2 -5 -1 -5  2 -5 -5 -5 -5  0  5 -5  2  2 -5 -4 -4  3 -3 -1    4   0   3   0   4   0   0   0   0   4  62   0   3   9   0   0   0   4   0   4  1.01 0.51
  196 D   -1 -1  0  6  1 -1  3 -4  0 -5 -3 -1 -4 -5 -4  0 -2 -6 -5 -3    5   4   4  43   3   2  21   0   2   0   2   4   0   0   0   6   2   0   0   2  0.86 0.51
  197 N    0  1  2  2 -3  2  0 -1  2 -2 -1  1 -1 -3 -1  0  1 -4 -1 -2    6   6  10  14   0   9   4   4   6   3   6  10   2   0   2   5   9   0   2   2  0.18 0.18
  198 E    0  0 -1  2 -4  1  2 -1  0 -2 -4  1  0 -4  4 -1  0 -5 -4 -4    6   4   3  12   0   6  16   5   2   2   0   9   3   0  22   3   5   0   0   0  0.45 0.31
  199 E    0  1  0  1 -1  0  3  0  0 -2 -1  1 -3 -4  0 -1 -1 -4 -3 -2   10   8   4   7   2   3  27   7   3   2   7   8   0   0   4   3   3   0   0   2  0.24 0.22
  200 N    1  0  2 -1 -3  0 -1  1  2 -1 -1  0  0 -1 -1  1  0 -3 -1 -1   16   4  13   2   0   3   3  11   5   2   7   5   3   3   2   8   7   0   2   4  0.10 0.13
  201 W   -1  4 -3 -4 -1 -1 -3 -2 -1  0  1 -1  0  2  0 -3 -1  6  0  1    6  24   0   0   1   3   0   4   1   6  13   2   2   8   4   1   3  12   2   9  0.37 0.29
  202 P    1  2  1  1 -3  2  2 -1  0 -3 -3  1 -1 -3  2  0  0 -4 -3 -2   11  14   7   7   0   9  13   3   2   0   2   6   1   1   9   6   6   0   0   2  0.25 0.21
  203 L    2  0 -1  1 -3  0  1 -1 -1 -1 -1  0 -1 -3  0  1  0  2 -2 -1   26   6   1   7   0   4  10   2   1   3   8   4   1   0   3  10   3   4   1   4  0.17 0.19
  204 L   -1 -5 -6 -6  0 -5 -5 -6 -5  1  5 -5  2  2 -5 -5 -4 -4 -3  1    5   0   0   0   2   0   0   0   0   6  64   0   3   9   0   0   0   0   0   9  1.06 0.54
  205 L    4 -2 -4 -3  2 -3 -2 -1 -1  1  0 -2 -2 -2 -3 -1 -2  0  0  2   40   2   0   1   5   1   2   4   1  10   9   2   0   1   0   4   1   1   4  14  0.39 0.32
  206 D    2  2  0  3 -4  1  3 -3  0 -3 -3  1 -2 -4 -2 -1 -1 -4  0 -3   17  12   3  18   0   6  20   0   2   1   1   7   1   0   1   3   3   0   4   1  0.39 0.29
  207 A    3  1 -2 -2 -1  3  3 -2 -1 -2 -2  0 -3 -2 -2  0  1 -4 -3 -2   24   6   0   1   1  13  22   3   1   2   4   4   0   2   1   6   8   0   0   2  0.33 0.30
  208 L   -2 -3 -5 -5 -3 -4 -5 -5 -5  4  4 -4  3 -1 -5 -4 -1 -4 -3  2    3   1   0   0   0   0   0   0   0  25  45   0   6   2   0   0   3   0   0  13  0.86 0.44
  209 I    0  3  2 -1 -2  0  0 -1 -1  0 -2  2  0 -4 -3  1 -1 -4 -3 -2    8  18  14   3   1   3   4   4   1   6   4  17   3   0   0  10   2   0   0   1  0.26 0.23
  210 P    1  3  0 -1 -4  1  0 -1 -2 -2 -3  0 -3 -4  5 -1  0 -4 -4 -3   12  15   4   3   0   7   4   5   1   2   2   5   0   0  27   4   6   0   0   1  0.50 0.32
  211 V    1 -1 -3 -3 -2 -1 -1 -2  4  1  2 -1  0  1 -3 -2 -2 -3  1  0   14   2   0   0   1   3   4   3  14   8  27   3   2   5   0   2   2   0   4   7  0.24 0.23
  212 A    3 -2 -3 -2  0 -3 -2 -1 -4  1  2 -2 -1 -3 -3  0 -2 -4 -3  2   29   2   0   2   2   0   2   4   0   6  20   2   1   0   0   7   1   0   0  20  0.32 0.28
  213 N    0  1  1  1 -3  2  1  2  0 -2 -3  0 -3 -4  1  1  1 -4 -3 -2    6   9   7   6   0  10   7  18   2   2   1   5   0   0   5  12   8   0   0   2  0.24 0.20
  214 T   -1  0  0  3 -1  1  1  3  1 -4 -3 -1 -3 -4  1  0  0  0 -3 -3    3   5   3  19   1   6   7  23   4   0   1   2   0   0   8   6   7   2   0   1  0.35 0.26
  215 C    3 -1  0 -1  4 -1  1  2  0 -2 -2 -1 -3 -1 -3 -1 -1 -3  1 -1   25   3   4   3  11   2   9  17   2   1   2   3   0   2   0   3   2   0   5   5  0.27 0.24
  216 E   -1  0 -1  5 -4  0  4 -2 -2 -4 -4 -1 -3 -4 -2  1  0 -5 -2 -3    4   6   1  32   0   4  26   3   1   0   1   1   1   0   2  10   5   0   2   1  0.65 0.40
  217 M    2  2 -3 -3  0 -2 -3 -1  0  0  1 -2  2 -1 -2 -1  0 -1 -1  1   22  15   0   0   1   1   0   3   2   6  16   0   7   1   2   2   6   1   2  11  0.20 0.22
  218 I   -1 -5 -5 -5 -3 -4 -5 -5 -5  4  2 -4  0  0 -4 -4 -3 -4 -3  5    4   0   0   0   0   0   0   0   0  26  15   0   2   4   0   0   0   0   0  44  0.94 0.47
  219 L   -1 -2 -4 -4 -3 -4 -4  2 -4  3  2 -4 -1  3 -4 -3 -3 -1 -2  1    6   2   0   0   0   0   0  18   0  21  25   0   1  13   0   0   0   1   1  11  0.46 0.28
  220 M   -3 -4 -4 -5 -3 -4 -4 -4 -4  1  4 -4  5  4 -4 -4 -1 -3 -2  0    2   1   0   1   0   0   1   1   0   6  46   1  15  20   1   1   3   0   0   4  0.87 0.38
  221 P   -3 -4 -4 -4 -4 -4 -4 -4 -4 -4 -3 -4 -4  1  8 -3 -4 -4 -4 -4    1   1   1   1   0   1   1   1   0   1   2   1   0   6  80   1   1   0   0   1  2.29 0.70
  222 A    5 -3 -2 -3 -1  0 -3 -1 -3 -3 -4 -3 -3 -4  3  0 -2 -4 -4 -3   60   1   2   1   1   5   1   4   0   1   1   1   0   1  14   6   1   0   0   1  0.93 0.43
  223 C   -1 -4 -4 -4  7 -4 -4 -2 -4  3  0 -4  0 -2 -4 -3 -2 -4 -2  4    3   1   1   1  27   1   1   4   0  14  10   1   2   2   1   2   1   0   1  31  0.86 0.35
  224 F   -2 -4 -5 -5  1 -4 -4 -5 -4  1  5 -4  1  4 -4 -4 -1 -3 -2  0    2   0   0   0   3   0   0   1   0   7  53   0   3  20   0   1   3   0   0   4  0.87 0.38
  225 G   -1 -1 -2 -4 -4 -4 -3  7 -4 -5 -5 -4 -5 -5 -4  0 -4 -5 -5 -5    3   4   1   1   0   0   2  77   0   1   1   1   0   0   1   6   1   0   0   1  1.59 0.56
  226 L   -1 -1  1  1 -3 -2 -2 -4 -3  1  3 -2  1  0 -3 -2  0 -3  2  0    5   4   7   8   0   1   2   0   0   7  37   1   4   3   0   2   5   0   9   5  0.27 0.21
  227 A    1  1  0  3 -3 -1  2  2 -1 -3 -3  0 -3  1 -2  0 -1  0 -2 -3   12  10   4  19   0   2  12  15   1   0   1   3   0   7   1   6   2   1   1   1  0.27 0.18
  228 D    0  0  3  4 -2 -1  0  0  3 -4 -4 -1 -2  0  0  0 -1 -4 -3 -2    6   5  13  29   1   2   4   7  10   0   1   2   1   4   4   6   3   0   0   2  0.42 0.24
  229 D    1 -2  0  3 -4  2  1  1 -2 -3 -4 -2 -3 -4  2  1 -1 -4 -4 -3   13   2   3  22   0  10   8  12   1   1   1   0   0   0   9  13   2   0   0   1  0.40 0.25
  230 K    1  2  0  1 -3  1  2 -1  0 -3 -3  0 -1 -2  0  1  0 -4 -2 -3   16  12   3   7   0   6  18   4   2   0   1   4   2   1   5   9   7   0   1   1  0.24 0.18
  231 L    1  0 -2 -3 -1 -2 -1 -2 -3  0  2 -2  0  1  2 -1  0 -3 -1  2   15   6   1   0   1   1   4   2   0   4  21   0   1   6   9   2   4   0   2  20  0.19 0.18
  232 W   -1  1 -4 -3 -1 -2 -4 -5 -1  1  2 -3  3  2 -1 -3 -1  6  0  1    4  10   0   2   1   2   0   0   1   5  25   0   8  10   3   0   3  12   2  13  0.45 0.27
  233 R    1  3  1  1 -4  2  1 -2  2 -3 -3  2 -3 -4 -2  0  0 -5 -3 -3   16  19   6   9   0  12   9   1   5   1   2  11   0   0   1   4   5   0   0   0  0.38 0.25
  234 W    1  2  0  1 -4  1  3 -3 -1 -4 -2  1 -2 -3 -1  0 -2  4 -2 -3   11  10   3   9   0   7  21   1   1   0   4  11   1   1   3   6   1   7   1   1  0.33 0.23
  235 L   -4 -2 -6 -6 -4 -5 -3 -7  0  0  6 -5  0  1 -6 -5 -4 -5 -4  1    0   2   0   0   0   0   2   0   2   4  76   0   2   4   0   0   0   0   0   8  1.30 0.56
  236 N    0  2  1 -2 -1  3  2  0  1 -4 -2  1 -3  0 -3  0 -2 -4 -2 -3    9  13   6   0   2  18  16   6   3   0   4   8   0   4   0   7   1   0   1   1  0.31 0.23
  237 E    2  1  0  2 -4  3  2 -1 -2 -4 -2  2 -2 -1 -3 -1  0 -4 -3 -3   20   5   3  11   0  14  15   3   0   0   3  13   1   4   0   3   5   0   0   0  0.33 0.24
  238 K    3  3 -1 -2 -2  1  0  0 -1 -2  0  1  0 -4 -3  0 -1 -1 -3  0   27  19   1   0   0   5   7   6   1   1  10   7   2   0   0   4   2   1   0   5  0.26 0.22
  239 L   -1 -1 -4 -5 -1 -1 -4 -5 -4  0  4 -4  0  1 -5 -2  2 -4 -1  2    3   4   0   0   1   3   0   0   0   2  47   0   2   4   0   2  17   0   2  13  0.60 0.36
  240 P   -1 -3  1 -1 -5  0 -2  5  0 -5 -5  0 -4 -1  2 -1 -2 -4 -1 -5    4   1   7   3   0   4   2  49   2   0   0   6   0   3  11   3   1   0   2   0  0.76 0.37
  241 C    1 -1 -3 -3  5  0 -3 -2  2 -1  1  2 -1  0 -3 -1  0 -3 -1  1   13   3   0   0  16   4   0   1   7   3  14  14   1   4   0   2   6   0   2   9  0.28 0.22
  242 S    0  0 -1  0 -4  0  0 -3  2 -3 -3  0 -2 -5  6  0  1 -5 -1 -2    7   5   2   6   0   3   5   1   5   1   1   5   1   0  39   6   9   0   2   2  0.74 0.35
  243 L   -2 -5 -5 -5 -3 -5 -5 -5 -5  3  3 -5 -1  1 -5 -4  0 -4 -3  5    2   0   0   0   0   0   0   0   0  19  27   0   0   5   0   0   5   0   0  40  0.88 0.41
  244 M    0  0 -1 -3  1  0 -2  0  2 -1  0 -1  2  4 -3 -2 -1  0  2  0   10   4   3   0   4   4   2   6   6   2   6   4   6  22   0   1   4   1   8   7  0.20 0.17
  245 L   -4 -3 -4 -2 -2 -1  6 -3 -3 -4  2 -3 -1 -1 -4 -3 -4 -4  2 -3    0   0   0   0   1   1  57   2   0   0  23   0   1   2   0   0   0   0   7   2  1.04 0.52
  246 L   -1 -4 -4 -4 -1 -2 -4 -2 -4  3  2 -3  3 -2 -2 -2  0 -3 -1  3    5   0   0   0   1   2   0   2   0  20  24   0  10   0   1   3   5   0   2  24  0.45 0.25
  247 P    1 -4 -4 -1 -4 -2 -2 -4 -4 -3 -1 -3 -2 -4  6 -1  1  2 -4 -2   13   0   0   4   0   2   2   0   0   1   6   0   1   0  49   5  11   3   0   2  1.06 0.43
  248 T    0 -3 -1 -2 -2 -3 -2 -1 -3 -1 -2 -3  3 -3  0  1  5 -4  0 -1    7   0   2   2   1   0   2   4   0   4   3   0   7   0   4   9  47   0   4   3  0.59 0.35
  249 L   -1 -2 -3 -1 -3  0 -3  1 -3  0  3 -3  4  2 -1 -3 -2 -3 -2 -1    4   2   0   4   0   4   0  10   0   5  36   0  15   8   4   1   2   0   0   3  0.37 0.25
  250 P   -4 -5 -5 -4 -5 -4 -4 -1 -5 -3 -2 -2 -5 -5  8 -2 -4 -6 -5 -2    1   0   0   0   0   0   0   5   0   2   4   2   0   0  78   2   0   0   0   3  2.14 0.69
  251 P   -2 -5 -2 -4 -5 -4 -2 -5 -2 -5 -3 -4 -5 -5  8 -4 -3 -5 -5 -3    3   0   2   0   0   0   3   1   1   0   3   0   0   0  81   1   1   0   0   1  2.29 0.71
  252 S    0 -3 -1 -3  2 -3 -3  0 -3 -4 -4 -3 -4 -4 -3  6 -1 -5 -4 -4    7   0   2   1   4   0   1   7   0   0   1   1   0   0   1  72   2   0   0   1  1.23 0.54
  253 V    0 -4 -4 -4 -3 -3 -4 -2 -4  2  3 -4  1  0 -1 -2 -2 -4 -3  4    6   0   0   0   0   0   1   3   0   9  27   0   2   3   4   2   0   0   0  40  0.57 0.29
  254 L   -1 -3 -1 -3 -3 -3 -3 -1  1 -1  2 -3  1 -3  5 -1  0 -4 -3  0    6   0   4   0   0   0   1   4   4   3  23   0   4   0  34   4   6   0   0   5  0.61 0.29
  255 G    0 -4 -3 -1 -5 -4 -4  7 -4 -5 -5 -4 -5 -5 -4 -3 -2 -5 -5 -5    6   0   0   4   0   0   1  82   0   0   1   0   0   0   0   1   3   0   0   1  1.76 0.57
  256 I   -1  0 -1 -3 -3 -1 -3 -3 -1  3  2 -1  5 -2 -2 -2 -1 -3  0  1    5   4   4   0   0   3   1   2   2  20  17   4  21   0   2   1   2   0   3   8  0.35 0.23
  257 R   -2  7 -3 -1 -5 -1 -2 -2  1 -3 -3  0 -4 -4 -4 -3 -4 -4  1 -4    4  69   0   3   0   2   2   3   3   2   2   3   0   0   0   1   0   0   4   1  1.40 0.57
  258 L   -1 -4 -5 -5 -3  0 -4 -5 -4  1  5 -4  2  0 -4 -4 -1 -4 -3  0    4   0   0   0   0   6   0   0   0   7  64   0   5   2   0   0   4   0   0   4  0.88 0.42
  259 Q    0  1  1 -1 -4  3  2 -3  5 -2 -3 -1 -3 -2 -2 -1 -1 -3  1 -2   10   6   8   1   0  15  17   0  17   3   2   2   0   1   2   4   3   0   6   2  0.39 0.26
  260 N    0  1  2  3 -4  3  2 -2  0 -1 -3  0  0 -4 -3 -1  1 -4 -2 -3    9   8   8  16   0  16  13   2   3   4   2   5   3   0   0   2   8   0   1   0  0.31 0.22
  261 Q    2  1 -2 -2 -1  2 -1 -2 -1 -1  1  0  1 -1 -1 -1  0 -3  0  0   25   9   0   1   1  14   2   2   1   3  13   5   5   2   2   2   4   0   3   6  0.17 0.18
  262 L   -5 -5 -7 -7 -5 -5 -6 -7 -6  0  6 -6  3  2 -6 -6 -4  4 -3  0    0   0   0   0   0   0   0   0   0   2  73   0   7   7   0   0   0   6   0   4  1.43 0.60
  263 Q   -1  3 -2 -1 -3  2  0 -3  2 -1  0  2  1  1 -3 -1  0 -3  1  1    4  17   0   3   0  10   4   0   5   2   7  12   4   6   0   4   4   0   5  13  0.19 0.18
  264 R   -1  4  1  2 -2  2  1 -1  2 -4 -3  1 -3 -4 -3  0  1 -5 -2 -3    5  25   6  12   1   7   7   3   5   0   1  10   0   0   0   5  10   0   1   1  0.40 0.26
  265 Q    2  2 -1 -3 -1  1  0  0  1 -1 -1  0 -1 -1 -3  0  0 -3  1 -2   26  12   1   0   1   7   5   7   5   3   7   6   1   2   0   6   4   0   7   2  0.17 0.18
  266 F    1 -5 -5 -5 -1 -5 -5 -3 -4  0  4 -5 -2  6 -5 -4 -4 -3 -1 -1   15   0   0   0   2   0   0   2   0   3  39   0   0  34   0   0   0   0   1   2  0.93 0.46
  267 V    0  2 -1  1 -2  1  1 -1 -1  0 -1  2 -1 -3 -1  0  0 -4 -3  0    7  14   1   9   0   6  12   3   1   6   7  15   1   0   2   5   4   0   0   6  0.16 0.14
  268 R    1  3  0  1  0  3  1 -2  0 -3 -3  1 -2 -4 -3  0 -1 -4 -3 -3   16  18   4   9   2  13  10   2   2   2   1  10   1   0   0   8   3   0   0   0  0.34 0.24
  269 Q    2  0  0 -2 -1  1  0 -1  1 -2  2  0  1 -2 -3 -1 -1 -3  0 -2   18   5   6   0   1   9   7   4   3   1  25   7   4   1   0   4   1   0   3   1  0.15 0.19
  270 G   -1  0 -2 -1 -1 -4 -1  7 -2 -6 -6 -2 -5 -6 -3 -3 -4 -5 -5 -6    4   5   1   3   1   0   4  76   1   0   0   2   0   0   1   1   0   0   0   0  1.56 0.63
  271 G   -1  0 -4 -4 -4 -4 -3  5 -5  1 -2 -4 -3 -2 -4 -3 -3 -5 -4  4    5   5   0   0   0   0   1  40   0   7   1   0   0   1   0   0   1   0   0  36  0.86 0.45
  272 V   -1  3 -1  1 -3  0  2 -4 -1  1 -1 -1  0 -1 -3 -1  2 -4 -3  2    2  20   2   7   0   3  14   0   1   8   5   1   2   2   0   2  14   0   0  16  0.26 0.23
  273 W   -2 -2 -4 -4 -2 -1 -1 -4 -1  3  1 -3  3  3 -4 -3 -2  4  2  2    1   2   0   0   1   4   4   0   2  18  15   0   7  14   0   1   2   7   9  12  0.42 0.25
  274 M   -1 -2 -3 -4 -1  0 -1 -4  2  2  2 -3  5  1 -4 -1 -1 -3 -1  1    3   2   0   0   1   5   5   0   5  12  23   0  20   4   0   4   4   0   2   8  0.38 0.27
  275 P    0 -2  1  0 -3 -1  0 -2 -2  0  1 -1  0 -1  2  0  2 -3 -1  0    7   1   8   6   0   2   5   1   0   4  18   4   2   2  11   7  14   0   2   7  0.12 0.13
  276 G   -3 -3  3 -1 -5  0 -4  6 -1 -6 -5 -4 -1 -5 -3  0 -4 -5 -5 -5    0   1  13   3   0   5   0  63   1   0   0   0   2   0   1   7   0   0   0   0  1.27 0.55
  277 D    1 -2  1  5  2 -1  0 -1 -1 -3 -4 -2 -2 -3 -4  1 -1 -2 -4 -1   14   1   7  36   4   2   5   3   1   1   1   2   1   1   0  10   3   1   0   6  0.55 0.37
  278 E    0  2 -2 -1 -1 -1  2 -3  0 -2 -2  2  2 -2  3 -1  1 -4 -2 -3    6  14   1   3   1   2  15   1   2   1   3  11   7   2  16   3  11   0   1   0  0.34 0.28
  279 V    2 -2 -6 -6 -4 -5 -5 -3 -6  2 -2 -5 -3 -2 -5 -4 -4 -6 -4  6   14   2   0   0   0   0   0   2   0   9   2   0   0   2   0   0   0   0   0  66  1.33 0.68
  280 K   -1  0 -1 -2 -1  1  0 -2 -3  1  1  2 -1 -3 -3 -2  2 -4 -3  2    5   4   3   2   1   5   5   3   0  10  13  13   1   0   0   1  13   0   0  21  0.19 0.21
  281 K    0  3  0  2 -1  1 -1  2 -1 -4 -3  2 -3 -5 -1  1 -2 -5 -4 -4    7  19   4  13   1   5   3  16   1   0   2  13   0   0   2  11   1   0   0   0  0.39 0.29
  282 V    3 -3 -3 -4 -1 -3 -2  2  0  1 -1 -3 -2  2 -1 -1 -2  0  2  2   26   1   0   0   1   0   2  14   2  10   5   0   0   8   3   2   1   1   8  14  0.29 0.27
  283 T   -2  1 -1  2 -4  1  3 -2  1 -2 -3  0  0 -3 -3  0  2 -4 -3  0    2   8   2  11   0   4  25   3   4   3   1   5   2   1   0   8  14   0   0   7  0.33 0.28
  284 C    1 -1 -2 -2  3 -2 -2  0  1  0  1 -2  1  2 -1 -1  1 -1  0  1   13   3   2   1   8   1   2   7   5   6  11   1   4  10   2   2   9   1   2  10  0.09 0.12
  285 K    0  0  0  2 -4  1  3 -1  1 -1 -3  1 -3 -4  0  0  1 -4 -3 -1    9   4   3  11   0   5  24   4   3   4   1   9   0   0   4   7   8   0   0   4  0.28 0.24
  286 N   -1 -2  2  4 -5  1  1  4  1 -5 -4 -2 -4 -5 -1 -1 -2 -5 -5 -5    4   2   8  25   0   5   9  31   4   0   1   1   0   0   3   3   1   0   0   0  0.70 0.42
  287 G   -1  1  2  2 -4  0 -1  4  2 -5 -3  1 -4 -4 -4 -1 -2 -4 -2 -4    4   9  10  13   0   5   3  33   5   0   2   7   0   0   0   4   2   0   2   0  0.50 0.33
  288 V    0  4 -2 -3 -1  0 -1  0  2  0 -2  2 -2 -4 -3 -1  1 -2 -2  0    7  29   1   1   2   3   4   8   6   7   2  11   1   0   1   2   8   1   1   7  0.33 0.29
  289 V   -1 -3 -4 -1  4 -4 -2 -3 -5  3  2 -4 -1  1 -2 -2 -3 -4 -2  4    6   1   0   4  10   0   2   1   0  15  17   0   1   5   2   2   0   0   1  31  0.51 0.35
  290 N    0  1  1 -1 -1  0  2 -1  2 -2 -2  0 -2 -3 -3  1  2 -4 -1  0    7   8   9   1   1   4  15   4   5   2   4   3   0   0   0   9  18   0   1   8  0.20 0.22
  291 E    3  1 -2 -1  0  0  2  1  0 -2 -2 -1 -3 -1 -3  1 -1 -1 -2  1   26   9   1   2   2   3  13   9   2   1   2   2   0   4   0   9   2   1   1  12  0.21 0.25
  292 I   -2 -5 -5 -5 -4 -5 -4 -5 -5  4  2 -5  1 -2 -5 -3 -1 -5 -2  5    2   0   0   0   0   0   1   0   0  25  15   0   3   1   0   1   3   0   1  46  1.00 0.51
  293 W    0 -1 -2 -3 -3 -1 -2 -1  2  1 -1 -2 -1  2 -2 -2  1  5  3  2    7   3   1   1   0   2   1   4   5   8   4   2   1   8   1   1   9   8  14  15  0.26 0.22
  294 T    0 -2 -2  2 -4 -1  0  0 -1  0 -3 -3 -3 -4 -1  1  5 -5 -4  1    7   2   0  10   0   2   7   6   2   5   0   0   0   0   2  10  36   0   0   9  0.45 0.37
  295 R   -1  5 -2 -1 -5  2  1  0  1 -5 -4  2 -4 -3 -4  0  0 -5 -2 -4    5  37   1   3   0  10   7   7   3   0   0  12   0   1   0   6   5   0   1   1  0.65 0.41
  296 N    0 -1  5  0 -4  0  0  2  2 -3 -2  1 -3 -4 -3  0 -1 -5 -4 -2    7   2  30   5   0   5   4  17   5   1   4   9   0   0   0   6   3   0   0   2  0.46 0.32
  297 H    0 -3 -1 -3 -4 -1 -1  3  6 -2 -1 -2  1 -4 -4  1 -2 -4 -3 -2    8   1   2   0   0   2   3  27  24   3   7   3   3   0   0  12   2   0   0   3  0.61 0.39
  298 A    1  2 -1 -1 -4  1  0  4  1 -4 -4  0 -1 -4 -1 -1 -1 -2 -4 -2   15  15   2   3   0   8   6  30   4   0   1   3   2   0   2   3   4   0   0   3  0.42 0.29
  299 D   -1  2  0  4 -5  0  3 -1 -1 -3 -5  1 -2 -5 -1 -1 -1 -5 -4 -3    5  14   3  30   0   2  23   5   1   1   0   6   1   0   3   3   3   0   0   1  0.58 0.32
  300 I   -1  1 -2 -2 -3  1  0 -3  1  3  0  0  1  0 -2 -2  1 -4 -2  2    3   7   1   2   0   6   5   1   4  26   4   6   3   4   1   2   9   0   0  14  0.20 0.19
  301 P   -1  0 -2  0 -4 -1  1 -1 -1 -3 -2 -1  0 -4  5  0  1 -1 -4 -2    5   6   1   6   0   2   9   4   1   1   4   3   3   0  34   6   9   1   0   3  0.56 0.29
  302 L   -1 -4 -2 -4 -3 -3 -1 -5  3  3  3 -4  0  2 -4 -4 -3 -3  3  1    4   0   1   0   0   0   4   0  10  22  29   0   1   7   0   0   0   0   9  11  0.53 0.30
  303 R    0  3 -1 -2 -4  0  1 -2  4 -2 -2  1 -3 -2 -2  1  0 -4  0  0    7  23   1   0   0   3  12   2  11   1   3   8   0   2   2  10   7   0   4   7  0.30 0.23
  304 P    6 -4 -2 -4  2 -4 -4  0 -4 -4 -4 -1 -4 -5  0 -1  0 -5 -5 -1   68   0   2   0   3   0   0   6   0   0   0   3   0   0   5   3   5   0   0   3  1.06 0.53
  305 R   -1  3  0  4 -5  0  2 -1 -1 -1 -4  2 -3 -5 -2 -1 -1 -5 -4 -3    5  18   3  27   0   2  12   4   1   6   0  14   0   0   1   3   2   0   0   2  0.49 0.29
  306 F    1  0  2  0 -4  3  0  0  5 -4 -4 -1 -3  1 -3  0 -1  0  0 -3   12   6   9   6   0  14   3   7  18   0   0   3   0   6   0   7   3   1   3   1  0.36 0.26
  307 A    1 -2 -5 -5 -4 -4 -5 -5 -4  0  0 -4  0  5 -5 -4 -1  2  4  3   12   2   0   0   0   0   0   0   0   5   9   0   2  26   0   0   3   3  12  26  0.71 0.38
  308 V   -4 -6 -6 -6 -4 -6 -6 -7 -6  4  1 -6 -2  0 -6 -5 -3 -5 -1  6    0   0   0   0   0   0   0   0   0  23   9   0   0   3   0   0   0   0   2  62  1.40 0.58
  309 L   -4 -5 -6 -3 -4 -5 -6 -7 -6  1  6 -5  1 -1 -6 -3 -4  2 -4  0    0   0   0   2   0   0   0   0   0   7  80   0   2   1   0   2   0   2   0   4  1.40 0.55
  310 A    7 -5 -5 -2 -1 -4 -4 -2 -5 -5 -3 -4 -4 -2 -4 -1 -1 -6 -5 -4   85   0   0   3   1   0   0   1   0   0   3   0   0   2   0   2   3   0   0   0  1.54 0.65
  311 S    1 -4  0 -3  1 -3 -3 -1 -4 -4 -4 -3 -4 -5 -4  3  6 -5 -4 -2   13   0   4   0   2   0   0   4   0   0   0   0   0   0   0  25  49   0   0   2  0.95 0.47
  312 G   -3  0 -3 -4 -6 -4 -5  7 -5 -7 -7 -4 -6 -6 -5 -1 -4 -6 -6 -6    0   5   0   0   0   0   0  90   0   0   0   0   0   0   0   4   0   0   0   0  2.02 0.60
  313 S   -1  2 -2 -2 -4 -3 -3  5  2 -5 -5 -2 -4 -5 -4  4 -1 -5 -4 -5    1  12   0   1   0   0   0  44   5   0   0   1   0   0   0  32   2   0   0   0  0.90 0.38
  314 F   -2 -4 -5 -5 -4 -4 -5 -5  2  1  2 -4 -2  7 -2 -4 -4 -2  2 -1    3   0   0   0   0   0   0   0   6   6  20   0   0  51   2   0   0   0   6   3  1.05 0.37
  315 F   -1 -3 -3 -3 -3 -2  0 -1 -3  0  2 -3  1  5 -4 -3 -1  1  1  1    5   0   0   0   0   1   8   6   0   2  25   0   4  28   0   0   3   2   3  12  0.36 0.20
  316 S   -1 -4  1 -3 -4 -3 -3  5 -4 -5 -5 -3 -4 -5 -4  4  0 -5 -5 -4    3   0   6   0   0   0   0  43   0   0   0   0   0   0   0  44   4   0   0   0  1.06 0.41
  317 G   -2 -1  3  1 -4  0 -2  5  1 -5 -5  2 -4 -4 -3 -1 -3 -4 -4 -4    1   3  14   6   0   5   1  46   4   0   0  16   0   0   0   2   0   0   0   0  0.73 0.28
  318 G    0 -4  0 -1 -5 -2 -1  6 -4 -5 -5 -3 -4  0 -4 -1 -2 -5 -4 -5    6   0   4   2   0   1   4  72   0   0   0   0   0   5   0   4   1   0   0   0  1.25 0.40
  319 L   -3 -4 -5 -6 -3 -4 -5 -6 -5  2  5 -5  1  3 -5 -4 -3 -3 -2  1    0   0   0   0   0   0   0   0   0  13  63   0   3  15   0   0   0   0   0   6  0.96 0.34
  320 V    0  0 -1  1 -3  0  1 -2 -1  1  1  1 -1 -2 -3 -1  0  0 -2  1    5   7   1  10   0   3  12   1   1  11  14   9   0   1   0   2   7   1   0  16  0.10 0.10
  321 A    4  0 -1 -3 -3 -2 -3  0 -3 -2 -1 -2 -1 -4 -3  3  0 -4 -3  0   43   6   3   0   0   0   0   5   0   2   5   0   2   0   0  25   4   0   0   7  0.49 0.29
  322 E   -2  2  2  4 -4  1  3 -1  0 -2 -4 -1 -3 -4 -3  0  0 -4 -2 -3    1  14   8  27   0   7  18   5   2   2   0   2   0   0   0   6   7   0   1   1  0.48 0.23
  323 R   -2  4 -3 -3 -4 -1 -2 -1  2 -2 -2 -1 -2  3  3  1 -2 -3  2 -1    1  30   0   0   0   2   0   4   6   1   2   1   1  16  13  13   0   0   6   5  0.46 0.26
  324 N   -2 -1  1  4 -4  1  3  1  3 -4 -3 -1 -1 -3  0 -1 -1 -3  1 -3    2   2   7  23   0   5  21  10  10   0   2   1   1   0   5   1   3   0   6   0  0.42 0.21
  325 G    0  3  0 -1 -3  0  0  3  2 -4 -3  1 -3 -2 -3  0  0 -4 -3 -3    7  19   4   1   0   3   5  29   5   0   1  10   0   1   0   6   7   0   0   1  0.37 0.18
  326 I    0 -3 -3 -3 -2 -2 -1 -1 -3  3  2 -3  1  0 -1 -2 -1 -3 -2  3    7   0   0   0   0   0   6   5   0  26  15   0   3   3   3   1   0   0   0  29  0.30 0.15
  327 R   -1  3  0 -2  0  0 -1 -3  0 -1 -1  0 -1  2 -3 -1  0  4  1  0    4  23   5   1   2   4   1   0   3   3   6   3   0  12   0   4   8   6   6   9  0.17 0.12
  328 E    0 -2 -2  2 -5 -1  6 -4 -2  0 -4 -2 -4 -5  1 -2 -3 -5 -4 -4    7   0   0   8   0   0  71   0   0   6   0   0   0   0   7   0   0   0   0   0  1.12 0.40
  329 P   -1 -1 -2 -3 -3  1  0 -2 -3 -3 -4 -1  0 -4  6  1  3 -5 -4 -2    4   4   0   0   0   6   4   2   0   0   0   2   2   0  41  11  21   0   0   2  0.85 0.28
  330 I    0 -1 -4 -4  3 -3 -4 -4 -4  4  1 -3  0  0 -4 -3 -1 -4 -2  3    8   5   0   0   7   0   0   0   0  34  12   0   0   3   0   0   3   0   0  27  0.48 0.21
  331 L   -3 -4 -4 -5  2 -4 -4 -5 -3 -1  3 -4  3  6 -5 -3  0  2  0  0    0   0   0   0   5   0   0   0   0   0  29   0   9  40   0   0   8   3   0   7  0.75 0.28
  332 G    1  0  3  3 -4  0 -1  4  0 -4 -4 -1 -3 -4 -3 -1 -2 -4 -2 -4   14   6  14  21   0   3   3  33   3   0   0   2   0   0   0   0   0   0   2   0  0.54 0.22
  333 L    0 -1 -3 -3  3 -2 -3 -3 -3  1  3 -1  0  0 -3  0 -2 -3 -2  0    8   3   0   0   9   0   0   0   0   7  48   5   0   4   0  11   0   0   0   2  0.34 0.18
  334 D   -3 -3  0  5  1 -2  0 -2  2 -2 -5 -1 -5 -4  5 -3 -2 -5 -2 -5    2   1   3  37   3   1   4   3   6   3   0   3   0   1  30   0   3   0   1   0  0.99 0.45
  335 V   -2 -5 -5 -6 -4 -5 -5 -6 -5  2  2 -5  1 -3 -3 -4  0 -5 -4  6    2   0   0   0   0   0   0   0   0  10  21   0   3   0   1   0   5   0   0  57  1.07 0.48
  336 L    0  0 -1  0  1  1  1 -2  1 -1  0 -1  0  1  2  0  0  0  0 -1    9   5   2   7   3   7   8   1   5   4   7   2   3   9  10   5   6   1   3   3  0.08 0.10
  337 Q    1 -1  0 -1 -1  3  1 -1  2 -1 -2 -2  0  0  0  0  1 -3 -1  0   13   2   4   2   1  15  11   4   7   3   3   0   3   4   4   7  10   0   2   5  0.14 0.18
  338 T    1 -2  0 -1  0 -2 -1 -2  0 -1 -1 -2  0 -4  5  1  1 -4 -1 -2   15   2   5   2   2   1   5   2   2   3   6   1   2   0  28   9  11   0   2   2  0.44 0.30
  339 A    2 -1 -1  1 -3  0  2 -1 -1 -3 -2 -1 -3 -4  3  1  1 -4 -4  0   19   2   1   7   0   4  13   4   1   0   3   3   0   0  15  11  10   0   0   6  0.29 0.25
  340 T   -1 -2  2  5 -4 -1  1  1  1 -2 -4 -1 -2 -4  1  0  0 -4 -2 -2    4   1  11  31   0   2  10  11   3   2   1   3   1   0   6   6   5   0   1   2  0.46 0.29
  341 R   -2  7 -3 -2 -5 -2  0 -4  2 -4 -4  1 -1 -1  0 -2 -3  0 -3 -2    3  57   0   2   0   0   7   1   4   1   1   5   2   3   5   2   1   2   0   4  1.07 0.53
  342 G    2  0  0  1 -3  0  2  0 -2 -3 -2  0 -1  0 -1  0  0 -3  1 -2   21   4   4   9   0   2  15   7   0   0   2   6   2   4   2   5   6   0   7   3  0.17 0.18
  343 E    0 -1  0  3 -1  2  2 -1 -1 -3 -1  0 -1 -3 -3  1  1 -4 -3 -3    8   2   3  19   2  11  15   5   1   0   8   4   2   1   0   8  11   0   0   0  0.28 0.24
  344 W   -3 -2 -5  0 -5 -5 -5 -2 -5  1  1 -5 -3  0 -5 -5 -5 11 -2 -4    3   2   0   6   0   0   0   4   0   8  13   0   0   4   0   0   0  58   0   0  2.21 0.76
  345 Y   -1 -1 -2 -3  0 -2 -3 -2  4  0  0 -2 -2  3  0  1  2 -2  3  0    5   3   0   0   2   0   0   3  13   4   9   0   0  13   4  12  14   0  12   6  0.27 0.24
  346 K    0  0  2  1 -3  2  0  1  4 -1 -2  0 -1 -2 -3  1 -1 -3 -2 -1    6   6  14   6   0  10   5   9  13   4   3   3   1   1   0   9   3   0   0   4  0.20 0.17
  347 G    0  1  0  1 -3  0  1  1  0 -1 -2  0 -2 -2  3  0  0 -3 -1 -2    9  11   4  11   0   3   8   9   3   5   3   4   0   1  13   6   4   0   2   2  0.17 0.11
  348 D   -1  1  1  5 -4  1  1  0  0 -3 -3 -1 -3 -3 -3  0 -1 -4  0 -1    5  10   7  34   0   5   8   7   2   0   2   2   0   0   0   5   3   0   5   6  0.41 0.26
  349 F    1  1 -4 -4 -3 -3 -3 -4 -3  0  0 -3  2  6 -4 -3 -1  3  1  1   14   8   0   0   0   0   1   1   0   4   9   1   5  36   0   1   3   4   4   9  0.55 0.31
  350 F   -1  0 -4 -2 -4 -3 -3 -2 -1  0  1 -3 -2  6  0 -1 -2  4  1 -2    4   6   0   2   0   0   1   3   1   4  11   1   0  45   4   4   2   5   2   2  0.68 0.35
  351 A    3 -2  0  3  1  0  0  2 -1 -3 -2 -1 -3 -3 -1  1 -1 -4 -3 -2   30   1   4  18   3   3   3  16   1   1   3   2   0   0   2   9   3   0   0   1  0.33 0.21
  352 P    1  1 -1  2 -3  0  1  0  0 -3 -3  1 -3 -3  4  1 -1 -3 -3 -3   10  10   0  12   0   4   8   7   2   1   1   7   0   0  20  15   2   0   0   1  0.37 0.16
  353 Q   -3 -2 -2  0 -4  6 -1 -3  8 -4 -4 -2 -3 -4 -3 -2 -1 -4 -2 -4    1   1   1   5   0  46   1   1  36   1   1   1   0   0   1   1   4   0   0   1  1.37 0.46
  354 P    1 -2 -1 -2 -4 -1 -1 -1 -3 -3 -1 -2 -1 -4  7 -2 -2 -4 -4 -2   11   2   2   2   0   2   4   4   0   1   8   1   2   0  56   2   1   0   0   2  1.15 0.35
  355 W   -2 -3 -4 -4 -3 -3 -4 -4  0  0  1 -1 -2  5 -4 -3 -3  4  6  0    2   0   0   0   0   0   0   1   2   5  11   4   0  30   0   1   0   5  28   7  0.80 0.30
  356 Q    2 -1  0 -2 -3  2  1 -1 -1 -1  1 -2  4  1 -3 -1 -1 -3 -1 -1   18   1   5   0   0  11   9   3   1   1  14   0  18   8   0   4   1   0   1   2  0.20 0.18
  357 Q   -1  4 -1 -2 -3  3  1 -1  0 -3 -2  1 -1 -2 -2  0  1 -3  0 -3    4  25   1   0   0  18   9   3   1   0   4   7   2   2   0   8  10   0   3   0  0.33 0.19
  358 F    1 -2 -3 -3  0 -2 -3 -1 -2  0  1 -1  1  5 -3  0 -1 -1  1  0   15   2   0   1   2   0   1   4   0   4  13   3   4  32   1   6   4   0   4   4  0.29 0.16
  359 G   -2  0 -3 -3 -4 -3 -4  7 -4 -5 -5 -3 -4 -5 -4 -2 -3 -4 -5 -5    1   5   0   0   0   0   1  88   0   0   1   0   0   0   0   1   0   0   0   1  1.76 0.49
  360 V   -1 -4 -4 -4 -3 -4 -4 -4 -4  3  1 -4 -1 -1 -1 -3 -2 -4 -3  6    3   0   0   0   0   0   1   1   0  18   9   1   0   2   3   1   1   0   0  60  0.88 0.34
  361 T    1  2  0  0 -2  0  1 -1  0  0 -1  1  0 -2  0  0  0 -3 -1  0   15  16   3   6   0   3  10   3   2   5   2   9   4   0   3   3   5   0   2   9  0.11 0.09
  362 T   -1 -3 -3 -3 -1 -3 -3 -3 -4  1 -1 -3 -2 -3  0 -1  5 -4 -3  4    2   0   0   0   1   0   1   2   0   8   3   1   0   0   5   2  39   0   0  34  0.68 0.34
  363 D   -3 -3  4  7 -4 -2 -1 -2 -3 -4 -5 -3 -4 -4 -3 -2 -2 -5 -1 -4    1   1  18  65   0   0   2   3   0   1   1   1   0   0   1   1   2   0   2   1  1.37 0.45
  364 E    1  0  0  3 -3  0  2  1  1 -3 -2  0 -2 -3  0  1  0 -4 -3 -3   18   5   5  17   0   2  20   9   3   1   3   3   0   0   3   8   4   0   0   1  0.27 0.16
  365 T    0  1  1  2 -1  2  2 -1  3 -3 -3  1 -1 -2 -2  0  0 -3 -1 -3    6   8   6  14   1  14  11   3   9   0   1   8   1   2   0   6   6   0   2   1  0.25 0.15
  366 L   -3 -3 -4 -4  3 -1 -4 -1 -4 -1  4 -2  5  3 -4 -3 -3 -3 -2 -2    1   0   0   0   6   3   0   6   0   0  48   3  16  14   0   1   0   0   0   1  0.68 0.32
  367 R   -2  6  0 -3 -5  3 -2 -4  5 -5 -3  0 -3 -4 -4 -2 -2 -4 -1 -4    2  56   4   1   0  14   0   0  13   0   2   1   0   0   0   1   1   0   2   0  1.16 0.45
  368 P    1 -4 -4 -4 -4 -3 -3 -2 -4 -2 -3 -2 -3 -2  7 -3 -1 -5 -4  2   10   0   0   0   0   0   0   3   0   2   1   3   0   2  58   0   3   0   0  16  1.37 0.46
  369 S    0  0 -2 -2 -2  0 -1 -3 -1  1  2  0  2 -1  0  1  0 -3 -1  0    8   4   0   1   0   6   3   1   1  10  24   5   6   1   4  11   6   0   1   6  0.10 0.10
  370 Q   -2  1 -1  4 -2  0  0 -1  0  0 -1  2 -2 -3 -2 -1  0 -3 -1 -1    2   6   1  28   1   2   4   5   2   8   7  19   0   0   1   2   4   0   2   3  0.26 0.16
  371 A    2 -2  0  1 -1  1  1  3  0 -3 -3  0 -3 -3 -1  1 -2 -3 -2 -2   19   1   5   7   1   9  10  25   3   0   1   4   0   0   3   8   1   0   1   3  0.30 0.18
  372 G    0 -2  1  1 -4  0 -1  5 -1 -4 -4 -2 -3 -4 -3  1 -2 -4 -4 -4    5   1   6   7   0   5   4  52   1   1   1   1   0   0   1  11   1   0   0   1  0.78 0.32
  373 Q    0  1  0 -1  0  3  1  0  1 -1 -2  1 -2 -3  3 -1 -1 -3 -3  0    5   6   5   2   2  16   7   8   4   4   2  11   1   1  15   2   2   0   0   8  0.23 0.16
  374 T    1 -2  0 -2 -2 -1  0 -2 -2  0 -1 -1 -1  0  2 -1  2 -3  0  2   11   1   4   0   0   1   8   3   1   4   5   2   0   5  10   2  17   0   2  23  0.19 0.17
  375 I   -1 -3 -1 -3  2  0 -2 -3  1  1  1 -2  1  3 -1 -1  0  2  1  1    4   0   4   0   5   6   0   0   4  10  11   0   4  15   4   4   4   3   6  14  0.17 0.17
  376 E    0  0  0  2  1  1  2  1  1 -3 -3  1 -2 -3  1  0  0 -3 -3 -1    8   4   4  12   4   5  14   9   5   0   1   9   0   0   7   6   7   0   0   4  0.20 0.15
  377 N   -3  0  7  0 -4  0 -2 -1  1 -5 -5 -1 -4 -4 -4 -1 -1 -5 -4 -4    1   5  75   3   0   4   0   3   2   0   1   2   0   0   0   1   2   0   0   0  1.39 0.40
  378 L   -2 -4 -4 -5 -3 -3 -4 -5 -4  2  4 -4  2 -1 -4 -3 -2 -3 -3  3    0   0   0   0   0   0   0   0   0   8  56   0   4   0   0   0   0   0   0  29  0.78 0.27
  379 F   -2  2 -3 -4 -4 -1 -3 -4  2 -3 -1  0 -1  5 -4 -3 -2  2  6 -3    2  14   0   0   0   2   0   0   6   0   4   4   2  27   0   0   1   2  34   0  0.82 0.28
  380 A    4 -4 -4 -4  3 -3 -3 -1 -3  0 -1 -3 -2  0 -3 -1 -1 -4  0  3   52   0   0   0   8   0   0   2   0   4   3   0   0   4   0   0   1   0   4  22  0.57 0.27
  381 I    3 -4 -4 -4  5 -3 -3 -3 -4  3 -1 -3 -1 -3 -3 -1  0 -4 -3  1   37   0   0   0  17   0   0   0   0  26   3   0   0   0   0   2   5   0   0  10  0.61 0.27
  382 G   -2 -5 -3 -4 -5 -4 -5  7 -5 -6 -6 -4 -5 -6 -5 -3 -4 -5 -6 -6    0   0   0   0   0   0   0 100   0   0   0   0   0   0   0   0   0   0   0   0  2.20 0.53
  383 S    3  2  0  0 -3 -1  0  1  1 -4 -4  0 -3 -4 -2  3  0 -4 -3 -3   28  12   4   3   0   2   5  11   4   0   0   2   0   0   0  27   2   0   0   0  0.37 0.20
  384 V    0 -3  0 -3 -2  0 -2 -3 -3  2  1 -3  2 -2 -3 -1  0 -4 -3  4    6   0   7   0   0   4   1   1   0  10  11   0   7   0   0   4   4   0   0  45  0.38 0.20
  385 L   -1 -4 -4 -5 -3 -3 -4 -5 -4  2  5 -4  1 -1 -4 -2 -2 -3 -3  1    3   0   0   0   0   0   0   0   0  10  73   0   1   0   0   3   2   0   0   6  0.82 0.29
  386 G    3 -1 -1 -2 -1 -2  0  4 -1 -3 -4 -2 -3 -4 -3  0 -2 -4 -3 -2   38   3   1   0   1   0   8  38   2   0   0   0   0   0   0   6   0   0   0   3  0.61 0.24
  387 G   -1 -4 -1 -3 -5 -4 -4  7  4 -5 -5 -4 -4 -5 -4 -2 -4 -4 -2 -3    3   0   1   1   0   0   0  79  10   0   0   0   0   0   0   0   0   0   2   2  1.54 0.47
  388 F    0 -2 -1 -4  4  0 -3 -4  3 -3 -3 -2 -2  4 -4 -1 -1  2  6 -2   10   2   3   0  10   5   0   0   6   0   0   1   0  21   0   5   2   3  29   1  0.66 0.29
  389 D   -2 -3  4  6 -5  0  0 -2 -1 -4 -5 -2 -2 -5 -3 -1 -1 -2 -4 -4    3   0  21  58   0   3   3   2   1   0   0   0   1   0   0   1   3   1   0   0  1.11 0.38
  390 P    0  0 -2 -3 -3 -2 -3 -1  1 -3 -1 -2 -2  2  5 -1 -1  5  2 -2    6   5   1   0   0   1   0   5   5   1   4   0   1   8  34   5   3   9   9   2  0.63 0.24
  391 I    1 -3 -3 -1  0 -2 -3 -3 -3  3  1 -3  2 -1  0 -1  0  5  0  1   17   0   0   4   2   0   0   0   0  22  10   0   6   1   4   2   5  10   3  12  0.27 0.16
  392 A    1  4 -1 -2 -3  1  0 -3  0 -2 -2  1 -1  0 -3  0  0 -3  0 -1   14  35   2   1   0   7   5   0   2   2   2   8   1   5   0   4   4   0   3   4  0.33 0.19
  393 Q   -2 -2 -1  0 -4  4  5 -3  2 -3  0 -1  1 -4 -3 -2 -1 -4 -3 -3    2   0   2   4   0  18  49   1   6   0   9   0   4   0   0   1   2   0   0   0  0.75 0.33
  394 G    0  1 -1 -2 -4 -1 -2  4  1 -3 -2  3 -3 -4 -3 -1 -2 -4 -2 -3    7   7   2   0   0   0   0  41   3   1   3  29   0   0   0   3   0   0   1   0  0.60 0.26
  395 C   -1 -4 -2  1  8 -3 -3 -3 -4 -2 -4 -3 -3 -4 -3  4  0  0 -4 -3    1   0   1   8  42   0   0   0   0   2   0   0   0   0   0  35   5   1   0   0  1.21 0.42
  396 G    0 -1 -2 -3 -4 -3 -4  7 -4 -4 -3 -3 -4 -4 -4 -2 -3 -4 -2 -2    5   3   0   0   0   0   0  81   0   0   2   0   0   0   0   2   0   0   2   4  1.41 0.42
  397 G    1 -2  1 -1 -2 -1  1  2 -1 -3 -1 -1 -2 -1 -2  2  0 -3  0 -2   16   0   8   1   0   0  13  20   1   0   7   0   0   3   0  19   6   0   3   1  0.22 0.15
  398 G    0 -4 -3 -3 -4 -4 -4  7 -4 -5 -5 -4 -5 -4 -4 -2 -4 -4  0 -5    5   0   0   0   0   0   0  89   0   0   0   0   0   0   0   0   0   0   4   0  1.76 0.48
  399 V   -2 -4 -4 -4 -3 -3 -1 -5 -4  2  1 -4  0 -2 -4 -3 -2 -4 -3  6    2   0   0   0   0   0   4   0   0   9  11   0   2   0   0   0   0   0   0  69  0.88 0.33
  400 C    5 -3 -2 -1  3 -2 -2 -2 -3 -3 -4 -2 -3 -4 -3  4  1 -5 -4 -2   52   0   0   3   7   0   0   0   0   0   0   0   0   0   0  33   5   0   0   0  0.81 0.35
  401 A    0 -4 -4 -5 -3 -3 -4 -4 -4  3  4 -4  3 -1 -4 -3 -2  3 -2  2    9   0   0   0   0   0   0   0   0  19  47   0   8   0   0   0   0   5   0  13  0.62 0.25
  402 V    3 -1 -3 -3 -2 -2 -2  0 -3  0  1 -1 -1 -2 -3  0  0 -4 -3  2   36   4   0   0   0   0   0   7   0   5  16   3   0   0   0   6   5   0   0  18  0.25 0.17
  403 S   -1 -3 -2 -3 -3 -2 -3 -1 -3 -3 -4 -2 -3 -4 -3  5  5 -5 -4 -3    0   0   0   0   0   0   0   3   0   0   0   0   0   0   0  45  52   0   0   0  1.11 0.42
  404 A    5 -4 -3 -3 -3 -3 -3  4 -4 -4 -4 -3 -1 -4 -3  0 -2 -4 -4 -3   54   0   0   0   0   0   0  40   0   0   0   0   2   0   0   3   0   0   0   0  0.99 0.35
  405 L   -1 -4 -4 -5 -1 -3 -4 -4  0  0  3 -4 -1  1 -4 -3 -3  6  6 -1    5   0   0   0   1   0   0   0   2   4  38   0   0   4   0   1   0  12  31   2  0.79 0.28
  406 H    1  1 -1 -3 -2  1 -1 -2  5 -2 -1  1 -2  1 -3 -1  0  3  2  0   13   6   1   0   1   8   0   1  19   0   5  10   0   5   0   1   4   4  10  11  0.23 0.15
  407 A    5 -3 -3 -4 -2 -3 -3 -2 -4 -1 -3 -3 -2 -4 -3  0  0 -4 -3  3   69   0   0   0   0   0   0   0   0   1   0   0   0   0   0   3   6   0   0  21  0.85 0.34
  408 A    4 -3 -3 -3  0 -3 -3  4 -3 -2 -3 -3 -3 -2 -3 -1 -1 -4 -3  1   47   0   0   0   2   0   0  32   0   1   0   0   0   2   0   1   2   0   0  14  0.66 0.27
  409 Q   -1  2  0  2 -4  2  3 -1  2 -3 -3  1 -1 -1 -2  0 -1 -2 -2 -3    5  11   4  15   0  13  23   3   5   1   1   8   2   3   0   4   2   0   0   0  0.32 0.14
  410 Q    1  1  2 -1 -2  3  0  0  2 -2 -1  0  0 -1 -2  1 -1 -1 -1 -2   13   7  13   1   1  21   3   5   6   2   6   3   3   3   0  10   2   1   1   0  0.18 0.12
  411 I    2 -4 -4 -4 -1 -4 -4 -4 -4  5  1 -4  0  2 -4 -3 -2 -3 -2  1   19   0   0   0   1   0   0   0   0  50  12   0   2  11   0   0   0   0   0   6  0.60 0.23
  412 A    2 -1 -2 -3  0 -2 -3  1 -1  1  2 -2  0 -2 -3  0 -1 -3 -2  1   23   4   1   0   1   0   0  14   1  11  23   0   1   0   0   4   2   0   1  13  0.17 0.11
  413 Q    1  1  1 -1 -3  1  3  0  0 -3 -3  2 -2 -4 -2  2  0 -4 -3 -2   17   7   6   1   0   5  22   5   2   0   1  12   0   0   0  18   3   0   0   1  0.31 0.13
  414 R   -1  2 -1 -1 -3  2  3 -2 -1 -2 -1  2  0 -3  0  0  1 -3 -1 -2    2  11   0   1   0  11  27   2   1   2   5  15   3   0   3   4   9   0   2   2  0.28 0.12
  415 A    4 -1 -1 -2 -2 -2  0 -1  0 -1 -1 -2 -1 -2 -2  0  0 -1 -3  1   48   3   3   1   0   0   8   3   2   2   2   0   1   1   0   3   5   1   0  16  0.31 0.18
  416 G    0 -2 -1 -1 -3  0  2  4 -2 -4 -4  1 -3 -4 -3  0  1  0 -3 -3    8   0   0   0   0   4  20  42   0   0   0  12   0   0   0   3   9   2   0   0  0.55 0.18
  417 G    3 -3 -1  0 -3 -1  0  5 -3 -4 -4 -2 -3 -4 -2  1 -1 -4 -3 -3   27   0   2   3   0   1   6  46   0   0   0   0   0   0   0  12   2   0   0   0  0.63 0.18
  418 Q    0  1 -1 -1 -3  4  3 -1  1 -4 -3  1 -2 -4 -2  2  0 -3 -2 -3    5   8   0   0   0  33  21   3   3   0   0   5   0   0   0  17   4   0   0   0  0.46 0.12
  419 Q   -2  3 -1 -1 -4  5  2 -3  2 -4 -3  2 -2 -4 -2 -1 -2 -3 -2 -3    0  23   0   0   0  47  14   0   7   0   0   9   0   0   0   0   0   0   0   0  0.71 0.14

                      K         Lambda
Standard Ungapped    0.1375     0.3211
Standard Gapped      0.0497     0.2670
PSI Ungapped         0.1623     0.3136
PSI Gapped           0.0497     0.2670
