
Last position-specific scoring matrix computed, weighted observed percentages rounded down, information per position, and relative weight of gapless real matches to pseudocounts
           A  R  N  D  C  Q  E  G  H  I  L  K  M  F  P  S  T  W  Y  V   A   R   N   D   C   Q   E   G   H   I   L   K   M   F   P   S   T   W   Y   V
    1 M   -3 -4 -5 -6 -4 -3 -5 -5 -4 -1  0 -4 10 -3 -5 -4 -3 -4 -4  0    0   0   0   0   0   0   0   0   0   0   3   0  93   0   0   0   0   0   0   4  2.29 0.59
    2 T    1 -3  1 -2 -3 -2 -1 -3 -3 -3 -3 -1 -3 -4 -3  3  5 -4 -3 -2   11   0   5   0   0   0   2   0   0   0   0   2   0   0   0  27  53   0   0   0  0.82 0.33
    3 K    1  0  0 -1 -3  2  1 -2 -1 -1 -3  3 -1 -4 -3  0  3 -4 -3 -2   11   3   3   2   0  11   7   1   1   4   0  24   1   0   0   2  29   0   0   1  0.38 0.23
    4 V    1 -2  0 -1 -3  1  0 -2 -3  1 -1 -1  2 -3 -3 -1  3 -4 -3  2   11   1   5   2   0   8   6   1   0   9   3   2   6   0   0   2  26   0   0  18  0.24 0.19
    5 L   -1 -3 -1 -3 -3 -1 -2 -4  5  0  0 -3  1  4  0  0  1  0  1  0    3   0   2   0   0   3   2   0  18   3  10   0   3  21   6   6  10   1   2   9  0.32 0.21
    6 L   -1 -1 -2 -2 -3  2  0 -3 -1  1  1  0  2 -2  1  0  2 -3 -1  1    2   1   0   1   0  12   5   0   2  10  13   6   7   0   7   8  14   0   2  11  0.14 0.13
    7 S    0  0 -3  0 -4 -1  0 -3 -2 -4 -3 -1 -2  2  5  2  2 -4 -3 -3    6   5   0   4   0   1   6   0   0   0   1   2   0  13  31  16  13   0   0   1  0.60 0.30
    8 H    1 -1 -1 -2 -3  2  0 -1  1  0 -2  1  0 -3  2  1  1 -4 -2 -1   17   1   1   1   0  10   4   2   5   8   3  11   3   0  12  10  10   0   0   2  0.21 0.16
    9 P    0 -4 -3 -3 -6 -2 -2 -5 -5 -6 -3 -3 -5 -7  8 -1 -1 -7 -6 -4    7   1   1   1   0   2   3   0   0   0   2   1   0   0  76   3   3   0   0   1  2.05 0.69
   10 P    2 -2 -1  2 -4  1  2 -3 -3 -3 -2 -2 -3 -5  5  1 -1 -5 -4 -2   16   1   2  13   0   5  13   1   0   1   4   1   0   0  27  10   2   0   0   2  0.56 0.30
   11 R    0  5 -3 -3 -3  1  0 -4 -2 -2  2  0  0 -3 -1  1 -2 -4 -4 -2    8  33   0   0   0   7   7   0   1   1  22   3   3   1   4  10   0   0   0   1  0.44 0.31
   12 P    2  1 -5 -3 -6 -1 -2 -5 -3 -5 -4 -1 -5 -6  7 -4 -3 -7 -6 -5   15   9   0   1   0   3   2   0   0   0   2   4   0   0  63   0   1   0   0   0  1.66 0.64
   13 A    4 -3 -4 -5 -3 -3 -3 -4 -4 -5 -4 -4 -3 -5  7 -2 -1 -3 -5 -3   31   2   0   0   0   1   1   0   0   0   2   0   0   1  55   1   4   0   0   2  1.55 0.63
   14 S   -1 -1 -4 -5 -6 -3 -5 -3 -3 -3 -3 -4 -4 -7  8 -3 -3 -7 -6 -3    5   4   1   0   0   1   0   2   1   1   3   1   0   0  76   2   2   0   0   2  2.08 0.76
   15 H    1  1  0 -1 -3  0 -1 -1  1  0 -1 -1 -1 -2  1  1  1 -4 -2  1   16   7   4   2   0   3   1   3   4   6   6   3   1   1   6  13   8   0   0  16  0.11 0.14
   16 N    0  1  3 -1 -3  1  0  0  0 -2 -2  1 -2 -3  1  2  1 -1 -2 -2    6   9  15   1   0   6   6   5   2   1   3   8   1   1   6  16  10   1   1   3  0.20 0.17
   17 S    0  0 -1 -1 -4  3  2 -2  0 -3 -2  0 -2 -3  0  2  3 -4 -3 -1    9   5   1   3   0  14  14   2   2   0   2   4   0   1   5  14  19   0   0   4  0.30 0.26
   18 S    0  1  0 -2 -3  0 -2 -2 -1  1 -1 -1 -1 -1 -1  1  2 -1 -2  2    8  11   4   0   0   4   1   2   1   6   5   3   1   2   3  13  16   1   0  18  0.14 0.17
   19 R   -2  1  0 -3 -5 -4 -4  6 -3 -6 -4 -2 -5 -6 -2  1  1 -1 -4 -5    2   7   3   1   0   0   0  62   1   0   1   2   0   0   2   9   8   1   0   0  1.12 0.51
   20 A    3 -3 -4 -4 -4 -3 -4 -4 -4  1  0 -2 -1  1  5 -2 -2 -3 -3  2   24   1   1   0   0   1   0   1   0   8  11   2   1   6  28   1   1   0   0  14  0.62 0.36
   21 M   -2 -2 -4 -5 -4 -3 -5 -2 -5  4  2 -4  1 -2 -3 -2 -1  6 -1  3    2   3   0   0   0   1   0   3   0  22  22   0   2   1   1   3   3  11   1  24  0.62 0.34
   22 V    2  0  0 -2 -3  0  0  3  0 -2 -1  1 -3 -2 -2  0 -1 -4 -2 -2   21   6   4   1   0   3   4  24   3   2   6  12   0   2   1   4   4   0   1   2  0.24 0.20
   23 W   -7 -2 -6 -6 -7 -5 -6 -6 -4 -6 -5 -3 -5  1 -8 -7 -5 13 -1 -5    0   3   0   1   0   0   0   0   0   0   1   2   0   4   0   0   1  85   1   1  4.06 1.26
   24 V    1 -3 -5 -5 -3 -4 -5 -5 -4  2  4 -4  4 -2 -5 -3 -1 -3 -3  2   10   1   0   0   0   0   0   0   0  13  43   0  10   1   0   2   3   0   0  15  0.71 0.37
   25 R   -4  8 -2 -5 -3  0 -4 -5  1 -5 -4  3 -5 -6 -5 -4 -5 -1 -3 -6    1  72   2   0   1   3   0   1   3   0   1  14   0   0   0   1   0   1   1   0  1.83 0.74
   26 K    1  2  0 -1 -5  2  2 -2  1 -4 -4  4 -3 -4 -4  0  1 -5 -4 -4   10  12   3   3   0   7  12   2   3   1   0  32   0   0   0   6   8   0   0   1  0.52 0.34
   27 N   -4  1  8 -2 -6 -2 -2 -2  1 -6 -6 -3 -6 -6 -5 -2 -3 -7 -4 -5    1   8  73   2   0   1   2   3   3   0   1   1   0   0   0   3   1   0   1   1  1.85 0.77
   28 L   -5 -6 -7 -7 -2 -6 -7 -6 -6 -1  6 -6  0  1 -7 -6 -5 -5 -1 -2    0   0   0   0   1   0   0   0   0   2  88   0   2   4   0   0   0   0   2   1  1.76 0.72
   29 F   -7 -7 -4 -8 -7 -8 -8 -8 -6 -3  0 -8 -4  9 -8 -7 -7 -1 -1 -4    0   0   1   0   0   0   0   0   0   1   7   0   0  90   0   0   0   1   0   1  2.85 0.99
   30 S    2 -3  4 -1 -2 -3 -3  1 -4 -6 -6 -4 -5 -6 -2  5 -1 -6 -2 -5   13   1  21   2   1   0   0  11   0   0   0   0   0   0   2  45   2   0   2   0  0.93 0.55
   31 S   -3 -3  2 -1 -5 -4 -4  2 -4 -5 -6 -2 -5 -6 -3  5  4 -6 -5 -5    0   1  10   3   0   0   0  14   0   0   0   2   0   0   1  41  30   0   0   0  1.03 0.59
   32 W   -3 -2 -5 -7 -6 -6 -6 -4 -6  0 -2 -6 -2 -5  6 -4 -4 10 -4 -1    3   2   1   0   0   0   0   1   0   7   4   0   1   0  34   1   1  40   0   6  2.08 0.83
   33 S   -1 -2 -4 -4 -4 -3 -4 -1 -1 -1  2 -1 -1  3  0 -1  0  1  4  0    5   2   0   0   0   0   0   5   1   3  21   5   1  14   5   4   6   1  19   6  0.34 0.26
   34 N   -3 -3  8  3 -7 -1 -2 -4  0 -7 -7 -4 -6 -6 -6  0 -2 -8 -4 -7    1   1  68  14   0   3   1   1   2   0   0   0   0   0   0   6   1   0   1   0  1.84 0.79
   35 S    2 -4 -3 -4 -4 -4 -4  1 -5  1 -3 -3 -2 -4 -4  4  4 -6 -5  0   19   0   0   0   0   0   0   8   0  10   1   1   1   0   0  31  23   0   0   5  0.66 0.45
   36 L    1 -5 -6 -6  0 -5 -5 -5 -6  4  4 -5  0  0 -5 -4 -3 -5 -4  3   11   0   0   0   2   0   0   0   0  24  38   0   1   3   0   0   0   0   0  20  0.85 0.44
   37 L   -1 -6 -7 -7 -3 -5 -6 -6 -6  2  6 -6  1  0 -6 -5 -3 -5 -4  1    4   0   0   0   1   0   0   0   0  12  69   0   2   4   0   0   1   0   0   7  1.25 0.58
   38 T   -4 -6 -5 -6 -5 -5 -5 -5 -6 -5 -6 -5 -5 -7 -6  1  8 -2 -6 -5    0   0   0   0   0   0   0   1   0   0   0   0   0   0   0  10  89   1   0   0  2.39 1.04
   39 I   -3 -6 -6 -7 -3 -5 -6 -6 -6  4  4 -6 -1 -1 -3 -5 -3 -5 -4  3    2   0   0   0   0   0   0   0   0  24  45   0   1   2   2   0   1   0   0  23  1.06 0.51
   40 G    1 -5 -5 -6 -1 -5 -5 -3 -5  3  3 -5 -2  2 -5 -3 -1 -5 -3  4   11   0   0   0   1   0   0   2   0  17  25   0   0   9   0   1   2   0   0  31  0.69 0.40
   41 C    1 -4 -4 -4  5 -4 -4  1 -4  2  1 -4 -2  0 -4  2 -1 -4 -4  1   11   0   0   0  14   0   0  12   0  11  17   0   0   4   0  18   3   0   0  11  0.43 0.32
   42 I    2 -5 -5 -5 -2 -5 -5  0 -5  3  4 -5  0  0 -4 -2 -3 -5 -4  1   18   0   0   0   1   0   0   8   0  14  44   0   2   4   0   2   1   0   0   8  0.64 0.39
   43 W    3 -5 -5 -5 -3 -4 -5  0 -4  1  0 -4 -2  1 -2 -1 -1  6  5  0   24   0   0   0   0   0   0   8   0   7  10   0   1   5   2   3   3  13  18   6  0.62 0.40
   44 L   -1 -5 -6 -6 -2 -5 -5 -2 -5  2  4 -5  0  4 -5 -3 -2 -4 -3  2    6   0   0   0   1   0   0   3   0  10  43   0   1  17   0   1   2   0   0  15  0.77 0.43
   45 M    0 -5 -6 -6 -3 -5 -6 -5 -6  4  5 -5  1 -2 -6 -4 -3 -5 -4  1    8   0   0   0   0   0   0   1   0  27  48   0   3   1   0   1   1   0   0  10  0.99 0.50
   46 W    1 -5 -5 -6 -2 -4 -4 -1 -4  1  1 -5 -3  3 -5 -1 -3  6  5  1   14   0   0   0   1   0   1   6   0   8  12   0   0  13   0   4   1  12  19  11  0.68 0.41
   47 E   -1 -1 -3 -5 -5  1 -2 -3 -3 -2  1 -1  2  1 -4  0 -1  9  1 -1    6   4   1   0   0   6   2   2   0   2  15   4   5   6   1   8   4  27   4   5  0.76 0.42
   48 L    1 -4 -4 -4 -2 -3 -4  0 -4  2  2 -4  1  0 -2 -1  2 -1 -2  2   15   0   0   0   1   1   0   7   0  13  23   0   3   4   1   3  13   1   1  14  0.32 0.26
   49 I    0 -5 -5 -5 -2 -5 -5  1 -5  4  3 -5 -1 -2 -5 -2 -2 -5 -4  4    9   0   0   0   1   0   0  12   0  20  25   0   1   1   0   2   2   0   0  27  0.63 0.38
   50 P    0 -2 -3 -3 -5 -1 -3 -2 -3 -2 -3  1 -2  0  5  0  0  6  1  0    6   2   0   1   0   3   0   3   0   3   2   9   1   3  29   8   5  13   5   6  0.68 0.41
   51 P    0 -1  0 -3 -5 -1 -3  3  1 -4 -2 -1 -4 -3  5  1 -1  0 -2 -4    9   3   5   1   0   2   1  25   4   1   4   2   0   1  27   9   3   1   1   0  0.60 0.37
   52 L    0 -5 -5 -6 -2 -5 -5 -4 -5  2  4 -5  1  4 -2 -2  0 -4 -3  1    9   0   0   0   1   0   0   1   0  12  41   0   3  15   2   3   5   0   0   8  0.63 0.38
   53 L   -1 -5 -6 -6 -1 -5 -5 -2 -5  3  4 -5  0  2 -5 -4 -3  1 -1  3    5   0   0   0   1   0   0   3   0  19  40   0   1   7   0   1   0   2   1  18  0.73 0.40
   54 N   -2  2  3  3 -4  1  0 -1  1 -2 -3  0 -3 -2  1  1 -1 -5 -3 -3    2  11  15  16   0   8   5   4   4   3   2   5   0   2   7  11   3   0   0   1  0.31 0.24
   55 W   -8 -8 -9 -9 -7 -7 -8 -8 -7 -7 -7 -8 -2  2 -9 -4 -7 13 -1 -4    0   0   0   0   0   0   0   0   0   0   0   0   1   8   0   2   0  86   2   2  4.33 1.43
   56 A    4 -4 -4 -4 -3 -4 -4  1 -4  1  2 -4  2 -1 -4 -1 -1 -4 -4  0   44   0   0   0   0   0   0   9   0   8  19   0   5   3   0   3   2   0   0   6  0.59 0.39
   57 F   -4 -3 -5 -6 -4 -5 -6 -5 -5  4  2 -5 -2  6 -6 -5 -1  0 -2  3    0   1   0   0   0   0   0   0   0  21  20   0   0  34   0   0   3   1   0  16  1.01 0.50
   58 L   -1 -3 -1 -3 -3 -3 -3 -1 -4  3  2 -4 -1  4 -4 -2  2  0 -1  1    5   1   3   1   0   1   1   4   0  18  19   0   1  17   0   2  15   1   1   9  0.36 0.27
   59 Q   -1  1  3  4 -5  3  0 -3  1 -2 -4  1 -1 -5 -4  0 -1 -5 -4 -4    4   6  15  26   0  16   5   1   3   2   1   8   1   0   0   7   3   0   0   1  0.55 0.35
   60 A    7 -5 -5 -5 -4 -4 -5  0 -5 -5 -4 -5 -5 -6 -1 -1 -4 -6 -6 -4   84   0   0   0   0   1   0   6   0   0   1   0   0   0   3   3   0   0   0   0  1.73 0.82
   61 N   -1  0  2  1 -4  3 -2 -3 -1  0 -3  0 -3 -3 -3 -2  1 -5 -4  4    3   5  10   7   0  13   2   1   1   3   1   4   0   1   1   2  10   0   0  35  0.42 0.35
   62 W   -7 -7 -8 -8 -7 -7 -7 -5 -7 -4 -4 -7 -6  4 -5 -4 -2 12 -2 -6    0   0   0   0   0   0   0   1   0   1   1   0   0  15   1   2   3  74   1   1  3.66 1.27
   63 V    0  0  0  1 -3  1  0 -1 -2  0 -1 -2 -2 -1 -1  1  2 -3 -2  1    7   6   3   7   0   7   6   4   1   6   5   1   0   3   2  14  13   0   1  14  0.11 0.14
   64 G    2 -3 -1 -2 -3 -2 -3  5 -3 -3 -2 -3 -2 -3  0 -1  0 -3 -3  0   15   1   3   2   0   1   2  47   0   1   4   1   1   1   4   3   5   0   1   7  0.66 0.32
   65 S    0 -1  0  3  0  0  0  0 -2 -1 -2 -1 -2 -3  1  1  2  0 -2 -1    9   3   3  16   2   3   5   6   1   4   3   3   1   1   7  12  17   2   1   4  0.18 0.15
   66 T    1 -1  1  2 -2 -1 -1  0 -1 -1 -2 -1 -2 -1  0  2  2  0  0 -1   11   3   6  13   0   2   3   6   1   4   2   3   1   3   5  17  14   1   3   4  0.16 0.14
   67 R    1  4 -1 -1 -2  0  0 -1 -2 -2  0  0 -2 -3  2 -1 -1 -3 -2 -2   14  28   2   3   1   4   6   4   1   2   9   5   1   1   9   4   2   0   1   2  0.30 0.20
   68 A    2  0  1  1 -2  1  1 -1 -2 -1 -1 -1 -1 -1 -2  0  1 -2 -1 -1   23   5   6   9   0   5   9   5   0   3   5   3   2   2   1   7   8   0   2   3  0.12 0.12
   69 D    2 -2 -1  3  5  0  2 -2 -1 -2 -2 -2 -2 -1 -1  0 -1  2 -2  0   17   1   3  16  13   5  12   2   2   1   3   1   0   3   3   5   2   3   1   9  0.28 0.20
   70 C    0  0 -3 -4  9 -2 -3 -3 -1 -1 -1 -2 -3 -3 -3 -1 -1  2 -2 -1    8   5   1   1  47   2   2   2   1   3   6   3   0   1   1   4   4   3   2   5  1.24 0.47
   71 T    1  3 -1 -1 -2  0  0 -1 -2 -1  1 -1  0 -1 -1  0  1  3 -2  0   12  18   3   3   1   3   5   3   1   1  14   1   2   2   3   5  11   5   1   7  0.13 0.14
   72 K    1  2 -1 -1 -2  0  0  1 -1 -2 -2  1 -2 -1  2  0  1  0 -2 -2   16  13   2   3   1   2   6  10   1   1   4   8   0   2   8   7   9   2   1   2  0.14 0.12
   73 A    3 -2  0  1 -2 -1  0  1  0 -1 -2 -2 -2 -2 -1  1  1 -1  0  0   25   1   3   7   0   2   7  11   3   4   3   1   0   1   2  11   8   1   4   7  0.17 0.15
   74 G    0 -4 -1 -3 -4 -3 -4  6 -2 -4 -3 -3 -4 -2 -3 -2 -3  3 -4 -3    6   1   2   1   0   1   1  67   1   1   3   1   0   2   1   2   1   5   1   2  1.28 0.51
   75 A    6 -2 -2 -3 -3 -3 -3 -1 -3 -2 -1 -3 -3 -3 -2 -1 -2  0 -3 -2   67   2   2   1   0   1   1   3   0   3   6   1   0   1   2   2   2   2   1   1  0.99 0.47
   76 C   -2 -2 -3 -1 10 -4 -4 -4 -1 -1 -2 -4 -3 -1 -4  0 -1 -4 -3 -2    3   2   1   4  58   1   1   2   2   4   4   1   0   3   1   6   4   0   1   3  1.75 0.59
   77 W   -3 -4 -4 -4 -4 -4 -4 -4 -4 -4 -1 -4 -4  2 -4 -3 -4 12 -1 -4    3   1   1   1   0   1   1   1   0   1   6   1   0   6   1   3   1  67   2   1  2.86 0.87
   78 V    3 -2 -3 -2 -3 -2 -2  2 -3  0 -2 -2 -2 -3  2  1 -1 -4 -3  2   30   1   1   1   0   2   1  15   0   6   2   2   0   1   9   9   3   0   0  15  0.35 0.26
   79 F   -3 -6 -6 -6 -5 -3 -4 -3 -5  1 -1 -5 -1  7 -3 -4 -4 -1  1  4    2   0   0   0   0   1   1   3   0   7   5   0   1  39   2   1   0   1   3  33  1.13 0.57
   80 I   -5 -7 -7 -7 -5 -6 -7 -7 -7  7  1 -6 -2 -4 -7 -6 -4 -6 -4  4    0   0   0   0   0   0   0   0   0  56  12   0   0   0   0   0   1   0   0  30  1.67 0.73
   81 H    1  1  0 -1 -3  1 -1  1  1 -1 -3  0 -2 -2  0  1  1  1  0 -1   14   9   5   2   0   8   3  10   4   5   1   4   0   1   5  10  10   3   3   4  0.14 0.17
   82 E    4 -2 -1  0 -4  1  3 -1  0 -3 -2 -2 -2 -5 -2  0 -1 -5 -3  1   33   1   2   4   0   5  22   4   2   1   3   1   1   0   1   5   3   0   0  10  0.43 0.37
   83 R   -4  4  5 -2 -6 -2 -3 -3 -2 -5 -3  4 -3 -2 -5 -1 -4  4 -1 -5    0  25  26   1   0   1   1   2   1   0   3  27   0   2   0   3   0   5   2   0  0.98 0.55
   84 F   -2 -4 -5 -4 -5 -5 -5 -5  1  0  3 -4  1  5 -2 -3 -4  7  1 -2    4   1   0   1   0   0   0   0   4   6  32   1   2  26   2   2   0  13   4   1  0.93 0.50
   85 G   -2  5  2  1 -5  0 -1  2  0 -3 -3  0 -4 -5  3 -1 -2 -5 -3 -4    3  30  10   7   0   3   4  14   2   2   3   5   0   0  13   3   1   0   1   1  0.53 0.37
   86 Q   -2 -2 -3 -5 -5  5 -3 -2 -3 -1  3 -3  0  2  0 -4 -3 -4 -1 -1    3   2   1   0   0  32   0   3   0   3  33   0   1   8   4   1   0   0   2   4  0.70 0.49
   87 F   -3 -6 -6 -3 -5 -4 -6 -6 -5  3  2 -6  1  7 -6 -3 -5 -3  2 -1    1   0   0   2   0   1   0   0   0  19  17   0   3  46   0   2   0   0   6   3  1.28 0.61
   88 M   -1 -3 -2 -6 -4 -4 -5 -4 -5  2  4 -5  6  2 -5 -3 -1  1 -3  0    5   1   2   0   0   0   0   1   0  12  35   0  22   9   0   1   4   2   0   5  0.82 0.47
   89 Y   -3 -6 -6 -7 -5 -3 -6 -4 -4  0 -2 -6 -2  6 -6 -3 -2  3  6  3    2   0   0   0   0   2   0   2   0   4   2   0   1  34   0   2   2   3  28  18  1.29 0.64
   90 G   -2 -7 -5 -4 -7 -6 -7  7 -7 -8 -4 -6 -7 -6 -4 -5 -3 -3 -7 -7    2   0   0   1   0   0   0  91   0   0   2   0   0   0   1   0   2   0   0   0  2.38 0.99
   91 L   -2  3 -1 -3 -5 -1 -4 -3 -4  0  1 -3 -1  5 -2  0  1 -4  0 -1    2  21   3   2   0   3   0   1   0   5  13   0   1  27   2   7   8   0   2   4  0.49 0.37
   92 Y   -6 -6 -7 -8 -7 -6 -7 -7 -4 -3 -3 -7  0  4 -7 -4 -6  1  9 -2    0   0   0   0   0   0   0   0   0   1   3   0   2  14   0   1   0   1  73   3  2.60 1.08
   93 P   -3 -5 -6 -5 -7 -3 -5 -4 -7 -7 -5 -6 -7 -6  9 -4 -3  0 -7 -7    2   1   0   1   0   1   1   2   0   0   1   0   0   0  86   1   2   2   0   0  2.74 1.14
   94 H    1 -1 -1  0 -3  1  1 -3  1 -1 -1 -1 -1  0  2  0  0 -1  2  0   12   4   3   4   0   6  12   0   4   4   6   2   1   4  11   7   4   1   8   7  0.13 0.15
   95 D    1 -4  0  4 -5  1  4 -1 -2 -5 -5 -2 -5 -5 -1  1 -1 -2 -3 -4   14   0   3  25   0   5  27   5   1   0   0   1   0   0   3   9   4   1   1   1  0.65 0.44
   96 Q   -2 -3 -3 -1 -6  4  5 -4 -2 -2  2 -2 -2 -2 -5 -2 -3 -5 -3 -4    3   1   1   3   0  18  41   1   1   2  22   1   1   2   0   2   1   0   1   0  0.88 0.58
   97 R   -2  5 -3 -3 -5  4 -3 -5  2  0  1 -2 -2 -1 -4 -2 -3 -4  4 -1    3  29   1   1   0  19   1   1   5   5  12   1   1   2   1   2   1   0  14   4  0.67 0.47
   98 W   -4 -8 -8 -9 -7 -7 -8 -4 -7 -8 -4 -8 -7 -3 -8 -5 -5 13  0 -8    2   0   0   0   0   0   0   2   0   0   2   0   0   1   0   1   1  89   2   0  4.54 1.61
   99 R   -4  8 -2 -6 -7 -2 -5 -5 -5 -7 -4 -2 -6 -7 -3 -3 -5  0 -6 -5    2  84   2   0   0   1   0   1   0   0   2   1   0   0   2   2   0   1   0   1  2.34 1.02
  100 I    0 -5 -6 -5 -1 -5 -5 -3 -3  3 -1 -5 -3 -5  6 -3 -2 -6 -5  4    7   1   0   1   1   0   0   3   1  13   6   0   0   0  36   1   2   0   0  27  1.07 0.60
  101 N    1 -2  3  1 -5 -1 -3 -1 -3  1  0 -2 -3 -1 -4 -3  0  8 -3  0   11   2  17   7   0   2   1   4   0   7  11   2   0   2   1   0   7  20   0   5  0.61 0.42
  102 L   -1 -5 -2 -6 -4 -5 -6 -4 -6  2  5 -4 -1 -1 -5 -3  1 -3 -4  1    5   0   2   0   0   0   0   1   0  11  54   1   1   3   0   2   8   0   0  11  0.85 0.51
  103 A    4 -5 -4 -3  1 -4 -4 -1 -5  0 -1 -4  1  0 -3  0  1  4 -4  3   34   0   0   1   3   0   0   5   0   5   6   0   3   5   1   5   9   6   0  18  0.54 0.41
  104 L    0 -5 -5 -6  1 -5 -5 -1 -5  1  3 -5  3  4 -5 -2  0 -4  1  2    6   0   0   0   2   0   0   5   0   8  30   0   6  16   0   2   6   0   4  13  0.54 0.36
  105 L    2 -5 -5 -5  2 -4 -5  0 -4  3  2 -4  0  0 -4 -2 -1  2 -3  2   18   0   0   0   4   0   0   8   0  17  20   0   1   5   1   3   3   3   1  16  0.43 0.33
  106 I    0 -6 -6 -6 -3 -5 -5 -3 -6  4  4 -3  1 -1 -6 -2 -1 -2 -3  2    7   0   0   0   0   0   0   2   0  25  39   1   3   2   0   3   4   1   0  11  0.78 0.47
  107 G    1 -5 -4 -4 -3 -4 -4  2 -5  2  3 -5  1  3 -4 -1 -1 -1 -2  0   12   0   0   1   0   0   0  15   0  10  28   0   3  15   1   3   5   1   1   5  0.45 0.34
  108 L    2 -5 -5 -6  2 -5 -4 -2 -5  3  3 -5  0  2 -4 -2 -1 -5 -3  2   18   0   0   0   4   0   1   3   0  16  26   0   2   9   1   3   3   0   0  14  0.54 0.37
  109 V    2 -3 -3 -5 -3 -4 -5  0 -5  2  2 -3  0  2 -3 -1 -1 -2 -3  3   21   1   1   0   0   0   0   7   0  12  20   1   2   8   1   3   4   1   0  18  0.40 0.32
  110 S    2 -4 -4 -5 -2 -4 -5  0 -5  0  3 -4  1  0 -3  0  0  0 -2  2   19   1   0   0   1   0   0   9   0   5  27   0   4   4   1   8   6   1   1  13  0.37 0.32
  111 I    1 -5 -5 -6 -1 -5 -5 -1 -3  3  3 -5  0  1 -4 -2  0 -1 -2  2   11   0   0   0   1   0   0   4   1  18  31   0   1   7   0   2   7   1   1  14  0.54 0.38
  112 A    4 -5 -3 -5 -2 -4 -5  1 -5  1  1 -5  0  1 -3  0 -1 -3 -1  3   30   0   1   0   1   1   0  13   0   7  11   0   2   6   1   6   2   0   2  18  0.46 0.37
  113 P    2 -4 -4 -4  0 -3 -5 -1 -5 -1  1 -4  1 -1  4 -2 -1  3 -1  1   18   1   0   0   2   1   0   6   0   3  16   0   3   3  22   3   4   4   2  11  0.48 0.37
  114 M   -1 -2 -4 -5 -3 -2 -4  0 -2  0  3 -3  2  0 -4  1  1  2 -2  2    5   2   0   0   0   2   1   7   1   5  26   1   6   4   1  14   8   3   1  14  0.30 0.28
  115 F    1 -2 -5 -6  2 -4 -5  0 -5 -1  3 -3  1  4 -4 -2 -1  1  2  0   11   2   0   0   4   0   0   7   0   3  31   1   4  16   1   3   3   2   6   6  0.48 0.35
  116 W   -1 -2 -3 -4 -3 -3 -4  0 -2  2  1 -4  2  3 -2  0 -2  7  2 -1    6   2   1   1   0   1   1   8   1  13  12   1   5  13   3   7   3  13   7   5  0.47 0.33
  117 K    0  2 -1 -1 -2  0  0  0 -1 -2 -1  1 -2  0  4  0 -1  0 -3 -1    8  13   2   4   1   3   5   6   1   2   7  11   0   4  18   6   3   1   0   6  0.22 0.21
  118 I    0  3  0  0 -2  0 -2  0 -2  0 -1  1 -2 -1  0  0 -1  1 -1 -1    8  18   4   5   1   5   1   8   0   7   5  10   1   3   6   8   4   2   2   3  0.13 0.17
  119 L   -1  1 -2 -3 -1 -1 -2  0 -3  1  2  0  1  3 -1 -2  0  1  0  0    5   8   2   1   1   2   1   6   0   8  20   7   4  15   3   2   6   2   2   6  0.14 0.16
  120 P   -1  0 -2 -2 -2 -1 -2  0  0 -2 -3 -1 -4 -3  6 -1 -2  6 -4 -2    5   6   2   3   1   3   2   8   2   3   3   5   0   1  37   5   2  10   0   4  0.82 0.49
  121 H    0  4  0 -2 -3  0 -2  0  3 -2 -2  1 -2  1 -2 -1 -2  4  1 -2    7  24   5   1   0   3   1   9   8   2   4   9   1   5   2   5   2   5   5   3  0.33 0.28
  122 R   -1  4 -3 -4 -5  0 -1 -2 -1 -3 -1  4 -1  0 -3 -1 -1  5 -3 -3    5  26   1   0   0   3   3   4   1   1   7  25   1   4   1   5   3   7   1   2  0.57 0.41
  123 G    0  1  0 -2 -3 -1 -2  1 -2  0  1  0  1  1  1 -1 -1  1 -2 -1   10   8   4   2   0   2   2  15   1   6  14   6   4   6   7   4   4   2   1   4  0.07 0.10
  124 R   -1  3 -2 -5 -5 -2 -3 -1 -1 -2  2  0 -1 -1  0 -2 -2  7 -1 -1    5  18   2   0   0   2   1   5   2   2  23   7   1   2   5   3   2  15   1   4  0.50 0.37
  125 Y    0 -1  1 -4 -3 -1 -3 -1  0  1  2 -1  1  2 -1 -1 -1  4  2  0    9   3   7   0   0   2   0   4   2   9  19   4   3  10   3   3   3   6   8   4  0.19 0.19
  126 I    1 -1 -2 -3 -2 -2 -3  1 -3  2  2 -2  1  0 -1 -1 -1  4 -1  0   14   3   1   1   0   1   1  12   0  12  18   2   4   4   3   5   3   7   2   6  0.18 0.19
  127 A    1 -2 -2 -4 -3 -2 -3  0 -4  2  3 -2  2  1  0 -1 -1  3 -2  1   14   2   1   0   0   2   1   6   0  10  29   1   4   5   5   5   3   4   1   8  0.25 0.24
  128 A    1 -2  0 -3  0  0 -2 -1 -2  1  1 -2  0  1  0 -1 -1  4  0  0   12   2   4   0   2   5   1   5   1   9  19   1   1   8   5   5   4   6   4   8  0.13 0.16
  129 W    0 -6 -6 -6 -5 -4 -6 -1 -3  0  2 -6  1  3 -2 -3 -2 10  0 -2    8   0   0   0   0   1   0   4   1   5  17   0   3  12   2   2   3  35   3   3  1.33 0.66
  130 A    2 -2 -2 -1 -1 -2 -2 -1 -2  0  2 -3  0  1 -2 -1  0  5 -2  1   21   1   2   3   1   1   2   5   1   6  20   0   2   7   2   3   4   9   1   9  0.24 0.24
  131 V    1 -3 -1 -5 -2 -4 -4  0 -4  2  1 -3 -1  2 -2 -2 -2  5 -3  3   12   1   3   0   1   0   0   8   0  12  14   1   1   8   2   1   2   8   0  26  0.41 0.32
  132 I    0 -4 -4 -5 -1 -4 -4 -1 -5  3  2 -4  2  0 -1 -1  0  1 -3  3    9   0   0   0   1   0   0   6   0  19  20   0   4   3   3   4   5   2   0  23  0.42 0.32
  133 Y    1 -3 -3 -4 -2 -2 -4  0 -3  0  2 -4 -1  4 -2 -1 -1  3  3  0   12   1   1   0   1   2   0   9   0   5  22   0   1  17   2   4   4   4  11   6  0.35 0.29
  134 P    1 -3 -2 -1 -4 -3 -1 -1 -4  0  0 -3  0  0  5  0 -1  0 -4  0   13   1   2   4   0   0   3   4   0   6  11   1   3   4  31   6   2   1   0   7  0.48 0.34
  135 L    0 -4  1 -4 -3 -3 -4 -2 -4  3  2 -3  0  2  0 -2  0 -1  0  2   10   0   9   0   0   0   0   3   0  17  17   1   2   9   5   2   5   1   3  17  0.28 0.25
  136 I    0 -3 -3 -4  0 -4 -4 -1 -4  3  2 -4  1  3  1 -1 -1 -4 -1  2   10   1   1   0   2   0   0   4   0  16  21   0   3  12   8   4   3   0   1  15  0.32 0.26
  137 V    1 -1 -2  0  0 -2 -2  0 -3  1  1 -2  1  1 -2  0  0  3  0  1   15   2   1   6   2   1   0   8   0   9  13   1   3   6   1   7   6   5   2  12  0.10 0.14
  138 W   -1 -5 -2 -5 -1 -5 -3  0 -1  3  0 -5 -1  3 -3 -2 -1  7  3  1    5   0   2   0   1   0   1   9   2  16   9   0   1  12   2   2   3  17   9   8  0.64 0.41
  139 W    0 -2 -5 -5 -1 -4 -3 -1 -4  1  3 -3  2  3 -3 -2 -2  5  0  2    9   2   0   0   1   0   2   5   0   7  25   2   4  12   1   3   2   9   3  12  0.42 0.31
  140 L   -2 -2 -6 -3 -5 -2 -3 -1  0  2  5 -5  1  0 -6 -3 -1  3  0  0    4   3   0   2   0   2   2   5   2   9  46   0   3   3   0   2   3   4   3   5  0.65 0.42
  141 M   -1 -5 -1 -1  0 -2 -5 -1  0  2  3 -2  4  1 -1 -2 -4  2 -1 -1    5   0   3   4   2   2   0   5   2   9  32   2  11   5   3   4   0   3   2   4  0.42 0.33
  142 Y   -1 -1 -1 -1  1 -1 -2  2  1  0  1 -2  2  0 -2 -1 -2  6  0 -1    5   4   3   4   2   3   3  15   3   6  11   3   4   4   3   5   3   9   3   4  0.23 0.17
  143 G   -1  0  0  0  2  0 -2 -1  2  0 -1  0  1  1  0  0  0  3  1  0    5   5   5   5   5   5   0   5   5   5   5   5   5   5   5   5   5   5   5   5  0.06 0.11
  144 G    0 -2 -2  1 -4 -3 -2  5 -4 -2 -1 -2  0  2  0 -1 -1  2 -1 -2    6   2   1   7   0   0   2  40   0   3   5   2   3   8   4   5   4   3   2   3  0.48 0.31
  145 F   -1  0  0 -2 -2 -1 -2  0 -1 -1  0 -2 -1  3  3  0 -1  1  2  1    4   5   5   2   1   2   2   9   1   3  10   1   1  12  14   7   2   2   7  10  0.16 0.16
  146 F    0 -3 -1 -2 -3  0 -2 -2 -2  0  2 -2 -1  4  0 -1 -1  2  0  1    7   1   4   2   0   4   2   4   0   4  21   1   1  22   4   6   3   2   2  11  0.24 0.21
  147 A   -1 -5 -1  0 -5 -4 -3  6 -3 -3  0 -4 -2 -2 -1 -1 -3  0 -3 -3    4   0   2   6   0   0   2  58   1   1   9   0   1   2   4   3   1   2   1   2  0.96 0.49
  148 L   -3 -3 -4 -1 -4 -3 -4 -1 -5  2  5 -3  2  0 -3 -3 -3  3 -3 -1    1   1   1   3   0   1   0   6   0  13  53   1   4   4   1   1   1   5   0   2  0.72 0.39
  149 E    1  0 -1 -1 -3  0  2  1  0 -1 -2 -1 -2 -4  2  2  0 -4 -3 -1   10   5   1   3   0   3  14  11   3   3   3   3   1   0  12  16   7   0   0   6  0.21 0.18
  150 R   -1  1  0 -1 -4  1 -1  0 -1 -1 -2 -1 -2  1  3 -1  0  3  2  0    5   8   4   3   0   7   3   8   2   4   2   2   0   5  16   4   6   5   8   9  0.20 0.16
  151 V   -1 -4 -5 -5 -4 -4  0 -4 -4  2 -1 -1 -2  0  0 -3  0 -4  1  5    5   0   0   0   0   0   6   1   0   9   3   5   0   4   6   1   5   0   5  48  0.65 0.38
  152 E    1 -1 -1  0 -4 -1  1  1 -3 -1 -1  0 -1  0  4  0 -2 -4 -3 -2   14   3   2   5   0   2  12  12   0   3   6   5   2   5  19   7   1   0   0   2  0.26 0.19
  153 T    0 -2  0 -2 -1 -1 -1 -3 -1  0 -1 -3  2  1  1  1  4  0 -3 -1    9   1   4   1   1   2   3   1   2   4   5   0   6   7   8  12  27   1   0   4  0.29 0.22
  154 R    0  1  2  1 -3 -1  0  1  3 -3 -3 -1 -1 -2  1  1  0  0 -1 -2    8  10   9   7   0   2   4  13   7   0   2   2   2   1   7  14   7   1   2   2  0.20 0.15
  155 Q    0  0  1  1 -2  0 -1 -1 -1  1  1  0  1 -1  0 -1 -1 -3 -1  0    9   4   9   9   0   5   2   2   2   7  18   4   7   2   4   3   2   0   2   9  0.04 0.06
  156 W    1 -3 -3 -4 -2 -2 -3 -1 -3  0  1 -3  2  2  0 -2 -2  8  0 -1   16   0   0   0   0   0   0   4   0   4  13   0   7  13   5   1   0  30   0   4  0.66 0.17
  157 G    2 -2  0  0 -3  0  0  4 -2 -3 -3 -2 -3 -3 -2  0  0 -3  1 -3   20   0   4   4   0   4   7  44   0   0   0   0   0   0   0   6   4   0   7   0  0.47 0.14
  158 G    1  2 -2 -3 -2 -1 -2  2 -2 -2 -2 -1 -1  3 -3 -1 -2  7  1 -2   20  20   0   0   0   0   0  20   0   0   0   0   0  20   0   0   0  20   0   0  0.42 0.06
  159 L   -3 -4 -5 -5 -3 -3 -4 -5 -4  1  5 -4  3  2 -4 -3 -1 -3  0  0    0   0   0   0   0   0   0   0   0   2  71   0   8  10   0   1   3   0   2   3  0.80 0.28
  160 T    1 -3 -3 -3 -2 -1 -2 -2 -1  0  2 -2  3  0  3  0  1 -3 -2  0   11   0   0   0   0   2   0   2   1   5  26   0  15   3  15   6   8   0   0   5  0.28 0.15
  161 L   -2 -3 -3 -5 -1 -3 -4 -3 -4  1  4 -4  3  1 -4 -2 -1 -3 -1  2    1   0   1   0   1   0   0   1   0   6  59   0   7   5   0   2   2   0   1  15  0.56 0.22
  162 T   -1 -3  1 -3 -3 -2 -3 -2 -3 -2 -3 -2 -3 -4 -3  2  6 -5 -4 -2    3   0   7   0   0   0   0   1   0   2   0   0   0   0   0  15  71   0   0   1  1.02 0.39
  163 L   -3 -4 -5 -5  0 -4 -4 -3 -4  2  5 -4  2  1 -4 -4 -2 -3 -2  2    0   0   0   0   2   0   0   1   0  11  63   0   6   6   0   0   1   0   0  10  0.69 0.25
  164 I   -2 -3 -3 -4 -2 -1 -2 -3 -3  3  2 -2  2  2 -3 -2 -1  1  0  2    1   0   0   0   0   3   2   1   0  22  27   3   5  10   0   1   3   2   2  18  0.30 0.14
  165 I   -2 -4 -4 -5 -3 -3 -3 -5 -4  3  4 -4  2  0 -4 -3 -2 -3 -2  2    1   0   0   0   0   1   1   0   0  22  54   0   6   1   0   1   1   0   0  12  0.65 0.24
  166 A    4 -3 -2 -3 -2 -2 -2  2 -3 -3 -3 -2  1  0 -2  2  1  1 -1 -2   44   0   0   0   0   0   0  12   0   0   0   0   6   5   0  18  11   2   1   0  0.44 0.23
  167 S    1 -3 -3 -3 -1 -3 -3 -2 -3  2  1 -3  0  1 -3  0  0 -3 -1  3   15   0   0   0   1   0   0   3   0  11  10   0   0   8   0  10   6   0   1  36  0.26 0.16
  168 V    0 -3 -3 -3  0 -3 -3 -1 -3  2  1 -3  1  2 -3  0  1 -3 -1  3    7   0   0   0   2   0   0   5   0  18  11   0   5  12   0   7   9   0   0  24  0.22 0.13
  169 G    2 -3 -2 -2  3 -3 -3  5 -3 -3 -4 -2 -2 -4 -3  2  0 -4 -4 -1   20   0   0   1   7   0   0  46   0   0   0   0   1   0   0  17   4   0   0   4  0.68 0.24
  170 I   -1 -4 -4 -4  0 -3 -4 -3 -4  5  1 -4  2  0 -4 -1 -1 -4 -2  3    3   0   0   0   2   0   0   2   0  51   9   0   6   3   0   5   2   0   0  18  0.57 0.23
  171 A    1 -3 -2 -1  0 -2 -2 -1 -3  2  1 -2  1  1 -2  0  0 -3 -1  2   19   0   0   5   2   0   0   4   0  15  12   0   3   6   0   8   7   0   0  19  0.12 0.08
  172 G    1 -3 -2 -3  0 -2 -3  3 -3  0  1 -2  1  1 -3 -1 -1 -2 -1  1   13   0   0   0   2   0   0  29   0   5  21   0   4   8   0   3   3   0   2   9  0.22 0.10
  173 A    3 -2 -1 -2  2 -2 -2  2 -3 -3 -1 -2 -2 -3 -2  3  0 -4 -3 -2   30   0   0   0   5   0   0  19   0   0   5   0   0   0   0  37   3   0   0   0  0.47 0.20
  174 L   -2 -3 -4 -4 -3 -3 -4 -4 -3  2  3 -3  2  5 -4 -2 -1 -1  1  1    0   0   0   0   0   0   0   0   0  12  28   0   7  37   0   3   5   0   3   6  0.53 0.18
  175 P   -1 -4 -4 -4 -4 -3 -3 -4 -4 -1 -4 -3 -3  0  8 -3 -3  3 -3 -1    4   0   0   0   0   0   0   0   0   5   0   0   0   5  77   0   0   5   0   5  1.82 0.37
  176 W   -2 -4 -4 -5 -2 -4 -4 -3 -4  3  4 -4  1  2 -4 -3 -2  0 -2  1    2   0   0   0   0   0   0   2   0  23  55   0   1   7   0   1   0   1   0   7  0.63 0.20
  177 G    1 -4 -2 -3 -4 -3 -4  7 -4 -5 -5 -3 -4 -5 -4  0 -3 -4 -5 -4   12   0   0   0   0   0   0  82   0   0   0   0   0   0   0   7   0   0   0   0  1.47 0.33
  178 I   -2 -4 -4 -5 -2 -4 -4 -5 -4  5  2 -4  1  0 -4 -3  0 -4 -2  4    0   0   0   0   0   0   0   0   0  42  17   0   2   3   0   1   6   0   0  30  0.68 0.22
  179 L    1 -3 -4 -4 -1 -3 -4 -1 -4  2  4 -3  1 -1 -4 -3 -2 -3 -2  2   14   0   0   0   1   0   0   4   0   7  53   0   2   2   0   0   0   0   0  16  0.50 0.19
  180 L   -2 -4 -5 -5 -2 -4 -5 -5 -5  1  5 -4  1  1 -5 -4 -3  0 -2  1    2   0   0   0   1   0   0   0   0   3  81   0   1   4   0   0   0   1   0   7  1.00 0.29
  181 A    6 -4 -3 -4 -3 -3 -3  2 -4 -4 -4 -3 -3 -4 -3  0 -2 -5 -4 -2   81   0   0   0   0   0   0  17   0   0   0   0   0   0   0   2   0   0   0   0  1.15 0.35
  182 L   -3 -4 -5 -6 -3 -4 -5 -6 -5  1  6 -4  2  0 -5 -4 -3 -3 -3  0    0   0   0   0   0   0   0   0   0   3  89   0   3   3   0   0   0   0   0   3  1.19 0.33
  183 G    2 -4 -3 -3  1 -3 -4  6 -4 -4 -2 -3  2 -3 -4 -2 -3 -4 -4 -3   18   0   0   0   3   0   0  63   0   0   4   0   9   1   0   1   0   0   0   1  0.98 0.28
  184 R   -4  8 -3 -4 -1 -1 -3 -5 -3 -6 -5  0 -4 -5 -5 -2 -4 -5 -4 -5    0  96   0   0   2   0   0   0   0   0   0   1   0   0   0   1   0   0   0   0  2.07 0.50
  185 R   -1  5 -1 -2  0  3 -2 -3  0 -1  0  0 -1 -3 -3 -1  0 -4 -3 -1    3  45   2   1   2  14   0   0   1   3  12   1   1   0   0   3   7   0   0   6  0.50 0.22
  186 S   -1 -3 -1 -3 -3 -2 -3 -1 -3 -5 -5 -3 -4 -5 -3  7 -1 -5 -2 -4    2   0   1   0   0   0   0   4   0   0   0   0   0   0   0  91   1   0   1   0  1.41 0.45
  187 H   -1  2  1  2 -4  1  1 -1  2 -4 -4  2 -3 -4  2  1  0 -4 -2 -3    2  14   8  11   0   4   8   4   6   0   0  13   0   0  13  11   6   0   0   0  0.34 0.12
  188 M   -2 -1  0 -4 -3 -2 -3 -4 -2  1  3 -2  5  1 -4 -1 -2  4  0 -1    0   2   5   0   0   1   0   0   0   7  40   1  24   4   0   4   0   6   3   1  0.52 0.21
  189 P   -1  2 -3 -3 -4 -1 -3 -2 -3 -4 -3  1 -3  0  7 -2 -2  1 -1 -3    4  13   0   0   0   1   0   3   0   0   1   8   0   5  57   2   1   2   2   1  1.19 0.30
  190 I    1 -3 -4 -4 -2 -3 -3 -1 -4  2  2 -3  0  0 -1 -1 -1  5 -1  3   14   1   0   0   0   0   0   4   0  17  19   0   0   3   3   3   2  10   0  24  0.34 0.15
  191 V   -1 -4 -4 -5 -1 -4 -4 -3 -4  4  3 -4  1  0 -3 -3 -1 -1 -2  3    3   0   0   0   1   0   0   2   0  39  27   0   2   4   1   0   1   1   1  19  0.56 0.19
  192 R   -1  6 -1 -3 -5  0 -2 -4  0 -5 -3  3 -3 -4 -3  1 -2 -4  0 -4    3  59   2   0   0   2   0   0   1   0   1  17   0   0   0  12   0   0   3   0  0.97 0.30
  193 I    0  0 -1 -3 -2 -2 -2 -2 -2  1  1 -1  1  0 -3  0  0  7  2  0    6   5   2   0   0   1   0   3   1  13  11   3   4   1   0   7   8  20   6   7  0.35 0.12
  194 L    0 -3 -3 -4 -1 -3 -3 -3 -3  2  2 -3  1  2  3 -2 -1 -3 -1  1    8   0   0   0   1   0   0   1   0  13  29   0   2  12  18   2   3   0   0  11  0.34 0.12
  195 S    3 -3 -2 -3  7 -2 -3 -2 -3 -3 -2 -3 -1 -4 -3  4  0 -4 -3 -1   24   0   0   0  30   0   0   0   0   0   1   0   2   0   0  37   2   0   0   4  0.80 0.25
  196 V    0 -1 -2 -3 -2 -2 -3  0 -3  2  0 -1  0 -2 -3  0  3 -4 -2  3    8   2   1   0   0   0   0   9   0  16   2   2   2   0   0   5  23   0   0  31  0.27 0.13
  197 I    2 -3 -3 -3  1 -2 -3  1 -3  2  2 -2  0  0 -3 -1  0  0 -2  2   20   0   0   0   3   0   0  11   0  15  20   0   1   2   0   3   6   1   0  18  0.19 0.09
  198 F   -2 -4 -4 -5 -4 -4 -4 -5 -1  0  0 -4 -1  5 -5 -3 -2  3  6  0    2   0   0   0   0   0   0   0   0   6   8   0   1  33   0   0   1   4  40   5  0.98 0.25
  199 I   -3 -5 -5 -5 -3 -4 -5 -5 -5  7  0 -4  0 -2 -4 -4 -2 -4 -3  4    0   0   0   0   0   0   0   0   0  75   0   0   0   0   0   0   0   0   0  25  1.20 0.31
  200 E   -2 -2  2  2 -5  0  6 -4 -1 -5 -4 -1 -4 -2 -3 -2 -2 -4  1 -4    1   0   9  10   0   0  70   0   1   0   0   0   0   2   0   0   0   0   7   0  1.03 0.29
  201 F   -1 -3 -3 -4 -1 -3 -3 -1 -3  1  2 -3  1  3 -4 -2  0 -2  1  2    2   0   0   0   1   0   0   5   0   8  30   0   1  19   0   1   7   0   4  21  0.31 0.12
  202 W   -2 -4 -4 -5 -3 -3 -4 -4 -4  4  1 -4  3  2 -4 -3 -1  6 -1  3    1   0   0   0   0   0   0   1   0  29   7   0  11   8   0   0   1  14   0  29  0.65 0.19
  203 R   -3  8 -2 -3 -5  0 -2 -4 -2 -5 -4  1 -3 -4 -4 -2 -3 -4 -3 -4    0 100   0   0   0   0   0   0   0   0   0   0   0   0   0   0   0   0   0   0  1.62 0.28
  204 G    1 -3 -1 -2 -3 -2 -3  6 -3 -4 -4 -2 -3 -4 -3  2  0 -4 -4 -4    9   0   0   0   0   0   0  72   0   0   0   0   0   0   0  16   4   0   0   0  1.03 0.20
  205 V    0 -3 -2 -4 -2 -1 -3 -4 -3  2  1 -3  1 -1 -3 -2  0 -3 -2  4    4   0   3   0   0   4   0   0   0  11  13   0   3   1   0   0   5   0   0  56  0.42 0.14
  206 P   -3 -4 -4 -3 -5 -3 -3 -4 -4 -5 -5 -3 -4 -6  9 -3 -3 -6 -5 -4    0   0   0   0   0   0   0   0   0   0   0   0   0   0 100   0   0   0   0   0  2.70 0.36
  207 L   -2 -3 -3 -5 -2 -3 -4 -5 -4  1  5 -4  2  0 -4 -3 -2 -3 -2  1    2   0   2   0   0   0   0   0   0   2  85   0   3   2   0   0   0   0   0   5  0.80 0.20
  208 I   -2 -4 -4 -4 -2 -3 -4 -5 -4  5  2 -4  1  0 -4 -3 -1 -3 -2  3    0   0   0   0   0   0   0   0   0  59  18   0   3   2   0   0   2   0   0  15  0.66 0.16
  209 T    1 -2 -2 -2 -2 -2 -2  0 -3  0  0 -2  2 -2  0  1  4 -3 -2  0   12   0   0   0   0   0   0   6   0   3  10   0  10   0   4   8  40   0   0   6  0.29 0.15
  210 V   -1 -3 -4 -4 -2 -1 -2 -4 -3  3  2 -3  1  0 -3 -2 -1  3 -2  4    4   0   0   0   0   3   2   0   0  17  17   0   2   2   0   0   2   5   0  45  0.40 0.15
  211 L   -2 -3 -4 -5 -2 -3 -4 -5 -4  3  4 -4  2  1 -4 -3 -2 -3 -2  2    0   0   0   0   0   0   0   0   0  16  66   0   4   4   0   0   0   0   0   9  0.69 0.20
  212 F   -2 -4 -4 -5 -4 -4 -4 -4 -2  0  0 -4 -1  7 -5 -3 -1 -1  3 -2    3   0   0   0   0   0   0   0   0   3   6   0   0  72   0   0   5   0  10   0  1.18 0.30
  213 M    0 -3 -2 -3 -2 -2 -3  1 -3  1  1 -2  2  2 -3  0  1  5 -1  1   10   0   0   0   0   0   0  10   0  10  10   0  10  10   0  10  10  10   0  10  0.20 0.13
  214 S    4 -3 -3 -4 -3 -3 -3  1 -3  1  0 -3  2  2 -3  1  0 -4 -2  0   41   0   0   0   0   0   0   8   0   8   6   0   6  10   0   8   7   0   0   6  0.38 0.26
  215 S   -1 -3  0 -3 -4  1 -3 -1  1 -1 -3 -1  1  1 -4  1  0  4  6 -1    5   0   4   0   0   9   0   4   4   4   0   4   4   5   0  15   4   7  30   4  0.48 0.28
  216 V   -1 -3 -1 -4 -3 -1 -3 -4 -3  2  1 -3  0  5 -4 -2  0 -2  1  3    2   0   4   0   0   3   0   0   0   8  14   0   0  30   0   0   6   0   4  28  0.41 0.20
  217 M    0 -3 -4 -4  1 -3 -4 -4 -3  1  3 -3  6  1 -4 -3 -1 -3 -2  1    9   0   0   0   4   0   0   0   0   8  31   0  30   7   0   0   3   0   0   8  0.53 0.24
  218 L   -1 -3 -4 -4 -2 -3 -4 -3 -4  2  4 -3  3  1 -4 -2 -2  1 -2  2    4   0   0   0   0   0   0   2   0  11  48   0   7   6   0   2   0   2   0  17  0.48 0.21
  219 P   -1 -4  0 -3 -5 -1 -2 -1 -4 -4 -2 -3 -4 -5  8 -2 -2  1 -4 -4    3   0   5   0   0   3   2   4   0   0   4   0   0   0  75   2   2   2   0   0  1.76 0.44
  220 L   -2 -4 -4 -5 -3 -3 -2 -4 -2  1  4 -3  2  2 -4 -2 -2 -3  2  1    2   0   0   0   0   0   2   1   1   6  56   1   4   8   0   3   1   0   8   6  0.62 0.31
  221 F   -1 -5 -5 -5 -2 -5 -5 -3 -4  1  2 -5  1  7 -5 -4 -3  0  0  0    4   0   0   0   1   0   0   2   0   8  23   0   3  49   0   0   0   1   0   7  0.98 0.41
  222 M   -1 -4 -5 -5 -3 -4 -4 -5 -4  2  5 -4  3  2 -4 -2 -3  0 -2  0    4   0   0   0   0   0   0   0   0   8  61   0   8   7   0   4   0   1   0   5  0.78 0.35
  223 A   -1 -3 -2 -2 -3 -2 -2  0 -2 -3 -3 -1 -3 -1  7 -1 -2 -4 -3 -1    4   1   2   2   0   1   2   6   1   1   2   4   0   3  59   5   2   0   1   4  1.26 0.38
  224 E    1 -1 -1  1 -2  1  2  0 -2 -2 -2  0 -1 -2  3  0  1 -3 -2 -1   11   1   2   6   0   7  18   9   0   1   3   5   1   1  14   7  10   0   1   4  0.24 0.13
  225 G   -1 -3  0  1 -4 -1  1  6 -2 -5 -5 -3 -2 -4 -3 -1 -2  1 -3 -4    3   1   4   7   0   2   9  62   1   0   1   0   1   0   1   3   1   2   1   0  0.97 0.38
  226 T   -1  0 -2 -3 -3  0 -1 -3  1  1  1 -1  2  1 -3  0  2  5 -1  1    3   5   0   0   0   4   2   1   5   7  12   2   8   5   0   7  14   8   1  15  0.18 0.16
  227 S   -1  2  3  0 -3  1  1 -1 -1 -3 -3  0 -3 -2  1  1  2 -4 -1 -2    3  13  16   5   0   5   8   3   1   1   1   4   0   1   8  10  16   0   2   3  0.26 0.18
  228 I   -2 -4 -4 -4 -2 -4 -4 -3 -4  4  2 -4  0  3  2 -2  0 -3 -2  2    1   0   0   0   1   0   0   2   0  27  17   0   2  13  10   1   7   0   0  18  0.47 0.26
  229 D   -1 -3  2  6 -5  0  0  0 -3 -5 -4 -3 -5 -5  1  0 -2 -6 -5 -5    4   0  11  55   0   3   3   6   0   0   1   0   0   0   7   8   1   0   0   0  1.02 0.43
  230 K    1  2  0  0 -3  1  0  1 -2 -2 -1  3 -2 -4 -2 -1 -2 -4 -3  0   12  12   3   4   0   6   4  10   0   2   6  29   0   0   1   3   1   0   0   7  0.26 0.20
  231 L   -1 -4 -5 -5 -3 -4 -5 -5 -4  2  4 -4  1  5 -4 -4 -3 -2  0  2    5   0   0   0   0   0   0   0   0   8  40   0   3  31   0   0   0   0   0  13  0.74 0.29
  232 I   -1 -3 -2 -3 -2 -2 -2 -2 -2  2  2 -3  1  0 -3 -1  1  5  0  1    4   0   1   0   0   1   1   2   1  11  28   0   3   4   1   5  13   9   3  13  0.27 0.16
  233 R   -2  7 -3 -4 -1 -1 -3 -4 -3 -5 -4 -1  0 -5 -4  1  2 -5 -4 -4    2  67   0   0   1   2   0   0   0   0   1   0   3   0   0  10  14   0   0   0  1.24 0.45
  234 A    5 -4 -4 -4  1 -3 -3 -1 -4  0 -1 -3  3 -3 -2 -2 -1 -4 -3  3   52   0   0   0   3   0   0   4   0   3   2   0   9   0   1   0   2   0   0  24  0.66 0.32
  235 L   -1 -3 -4 -4 -3  0 -3 -4 -4  3  4 -3  3 -1 -4 -2  0  0 -3  2    4   0   0   0   0   5   0   1   0  21  42   0   9   0   0   1   5   1   0  10  0.50 0.23
  236 V    1 -4 -4 -5  2 -4 -4 -3 -4  5  0 -4  1  1 -4 -3 -1  1 -2  3   12   0   0   0   4   0   0   1   0  41   5   0   2   6   0   0   2   2   0  24  0.59 0.26
  237 G    3 -4 -3 -4  0 -3 -3  5 -4 -2 -3 -3  2 -4 -3 -1  0 -4 -4  0   34   0   0   0   2   0   0  41   0   2   1   0   7   0   0   1   7   0   0   6  0.71 0.31
  238 V   -3 -4 -5 -5 -3 -4 -5 -5 -4  3  3 -4  1  4 -5 -3 -2 -3  0  3    0   0   0   0   0   0   0   0   0  18  34   0   3  23   0   1   0   0   1  20  0.70 0.27
  239 I    1 -3 -3 -4  0 -3 -3 -3 -4  3 -1 -3  1 -3 -3  0  4 -4 -3  3   14   0   0   0   2   0   0   0   0  18   1   0   3   0   0   4  38   0   0  21  0.56 0.29
  240 L   -2 -4 -5 -5 -2 -4 -5 -5 -5  3  5 -4  4  1 -5 -4 -3 -3 -2  1    1   0   0   0   1   0   0   0   0  17  56   0  10   6   0   0   0   0   0  10  0.83 0.31
  241 F   -5 -5 -6 -6 -5 -6 -6 -6  0 -3 -2 -6 -3  9 -6 -4 -5  0  3 -1    0   0   0   0   0   0   0   0   3   0   0   0   0  86   0   1   0   1   7   3  2.16 0.58
  242 Q    2 -2  0  0 -2  2  1 -2 -1 -3 -3 -1 -1  0 -3  2  2  0 -1 -1   20   0   3   3   0  12  12   0   1   0   0   0   1   5   0  19  18   1   2   2  0.29 0.20
  243 S    5 -3 -3 -3 -3 -3 -3  2 -4 -4 -4 -3 -3 -5 -3  4 -1 -5 -4 -3   49   0   0   0   0   0   0  13   0   0   0   0   0   0   0  37   1   0   0   0  0.93 0.39
  244 A    7 -4 -4 -4  2 -3 -4 -2 -4 -4 -4 -3 -4 -5 -4 -1 -3 -5 -4 -2   90   0   0   0   4   0   0   1   0   0   0   0   0   0   0   2   0   0   0   2  1.48 0.52
  245 Y   -5 -5 -5 -6 -6 -5 -5 -6 -1 -4 -2 -5 -4  0 -6 -3 -5 -1 10 -4    0   0   0   0   0   0   0   0   0   0   3   0   0   0   0   2   0   0  96   0  2.79 0.73
  246 V   -3 -3 -3 -5 -3 -1 -4 -5 -4  3  3 -2  6  1 -4 -3 -2 -3 -1  2    0   0   1   0   0   4   0   0   0  19  28   2  24   5   0   0   0   0   1  14  0.61 0.27
  247 A    6 -4 -4 -4  2 -3 -3 -1 -4 -4 -4 -3 -4 -5 -3  1 -2 -5 -4 -3   86   0   0   0   5   0   0   2   0   0   0   0   0   0   0   7   0   0   0   0  1.39 0.50
  248 E   -4 -3 -3 -1 -7  0  8 -5 -3 -6 -6 -2 -5 -6 -4 -3 -4 -6 -5 -6    0   0   0   0   0   2  98   0   0   0   0   0   0   0   0   0   0   0   0   0  2.14 0.65
  249 V   -1 -4  1 -1 -3 -4 -4 -4 -4  4 -1 -4 -1 -2 -4 -2  0 -4 -1  5    4   0  10   3   0   0   0   0   0  31   0   0   0   1   0   1   5   0   3  43  0.66 0.30
  250 V   -3 -5 -5 -5 -3 -4 -5 -6 -5  5  0 -5  0  0 -5 -4 -2 -5 -3  5    0   0   0   0   0   0   0   0   0  32   6   0   1   3   0   0   0   0   0  57  1.06 0.35
  251 R   -4  8 -3 -4 -6 -2 -3 -5 -3 -6 -5  0 -4 -6 -5 -4 -4 -6 -5 -5    0  98   0   0   0   0   0   0   0   0   0   2   0   0   0   0   0   0   0   0  2.28 0.59
  252 G    3 -4 -3 -3 -4 -4 -4  6 -4 -5 -5 -3 -4 -5 -4  0 -2 -5 -5 -4   25   0   0   0   0   0   0  68   0   0   0   0   0   0   0   6   1   0   0   0  1.32 0.38
  253 G    0 -5 -3 -4 -5 -4 -5  7 -5 -6 -6 -4 -5 -6 -5 -3 -4 -5 -6 -6    6   0   0   0   0   0   0  94   0   0   0   0   0   0   0   0   0   0   0   0  2.02 0.50
  254 L   -3 -4 -6 -6 -3 -4 -5 -6 -5  3  5 -5  2  0 -5 -5 -3 -2 -3  1    0   0   0   0   0   0   0   0   0  18  69   0   3   2   0   0   0   0   0   7  1.06 0.33
  255 Q    0 -1 -2 -3 -6  8  0 -5 -3 -4 -2 -1 -2 -6 -4 -3 -3 -5 -4 -3    7   1   1   0   0  82   3   0   0   1   3   0   0   0   0   1   0   0   0   1  1.75 0.54
  256 A    5 -4 -1 -3 -3 -3 -3  1 -4 -4 -4 -3 -3 -5 -3  2 -1 -5 -4 -3   66   0   3   1   0   0   0  11   0   0   0   0   0   0   0  17   2   0   0   0  0.95 0.36
  257 L   -3 -5 -5 -5 -3 -5 -5 -6 -5  6  3 -5  0 -2 -5 -4 -2 -4 -3  4    0   0   0   0   0   0   0   0   0  47  26   0   1   0   0   0   1   0   0  25  1.01 0.32
  258 P   -2 -3 -4 -4 -6 -4 -4 -5 -5 -6 -6 -3 -5 -7  9 -1 -4 -7 -6 -5    3   1   1   1   0   0   0   0   0   0   0   1   0   0  90   5   0   0   0   0  2.61 0.58
  259 K   -1  4 -1 -2 -5  1 -1 -2 -1 -4 -4  5 -3 -4  2 -1 -1 -5 -3 -2    3  28   2   1   0   6   1   1   1   0   0  37   0   0   9   4   4   0   0   3  0.67 0.26
  260 G   -2 -5 -2 -4 -5 -4 -4  7 -5 -6 -6 -4 -5 -6 -5 -2 -1 -5 -6 -6    2   0   1   0   0   0   1  92   0   0   0   0   0   0   0   1   3   0   0   0  1.98 0.48
  261 Q   -4 -2 -3 -4 -6  9 -1 -5 -3 -6 -6 -2 -4 -7 -5 -3 -4 -5 -5 -6    0   0   0   0   0 100   0   0   0   0   0   0   0   0   0   0   0   0   0   0  2.62 0.70
  262 Y   -1 -1 -3 -3 -3 -2 -2 -3 -1  1 -1 -3  4  2 -4 -2  1  0  6  1    5   4   0   1   0   1   3   1   0   8   2   0  14   7   0   2  10   1  34   8  0.53 0.24
  263 E   -3 -3 -3  0 -6  0  7 -3  0 -6 -5 -2  0 -6 -4 -2 -3 -6 -5 -5    1   0   0   2   0   2  88   2   2   0   0   0   3   0   0   1   1   0   0   0  1.73 0.51
  264 A    6 -4 -4 -4 -1 -3 -4  1 -4 -4 -4 -3 -4 -5 -3  0 -2 -5 -4 -2   88   0   0   0   1   0   0   7   0   0   0   0   0   0   0   3   0   0   0   1  1.41 0.46
  265 A    6 -4 -4 -4 -3 -3 -3  0 -4 -4 -4 -3 -4 -5 -3  1 -2 -5 -4 -3   86   0   0   0   0   0   0   6   0   0   0   0   0   0   0   9   0   0   0   0  1.39 0.45
  266 E    0  4  0  2 -3  2  1 -3 -1 -2 -3  2  1 -3 -3 -1 -1 -2  0 -3   10  27   2  15   0   9   5   0   1   2   1  11   4   0   0   3   1   0   4   1  0.36 0.18
  267 S    5 -3 -3 -3 -3 -3 -3  0 -4 -4 -4 -3 -3 -5 -3  4 -1 -5 -4 -2   54   0   0   0   0   0   0   5   0   0   0   0   0   0   0  38   1   0   0   1  1.00 0.38
  268 L   -3 -4 -5 -5 -3 -4 -5 -6 -5  0  6 -4  3 -2 -5 -2  1 -4 -3 -1    0   0   0   0   0   0   0   0   0   3  77   0   6   0   0   3   9   0   0   2  1.07 0.36
  269 A   -1 -5 -2 -4 -5 -4 -5  7 -5 -7 -6 -4 -5 -6 -5 -2 -4 -5 -6 -6    4   0   1   0   0   0   0  94   0   0   0   0   0   0   0   1   0   0   0   0  2.08 0.50
  270 L   -4 -4 -6 -6 -1 -4 -5 -6 -3  0  6 -5  4  1 -5 -5 -3 -2 -3  0    0   0   0   0   1   0   0   0   0   2  76   0  12   6   0   0   0   0   0   3  1.18 0.37
  271 G   -1  0  3  0 -4 -2 -2  3 -2 -4 -5 -1 -4 -5 -1  4  1 -5 -4 -4    0   5  16   5   0   0   0  26   0   0   0   2   0   0   2  34  10   0   0   0  0.60 0.25
  272 Y   -3 -1 -3 -4 -5 -2 -2 -2  2 -4 -3 -1 -2  1  2 -2 -1  2  8 -3    1   3   1   1   0   1   2   3   5   0   0   3   1   2  10   1   4   2  57   1  1.12 0.37
  273 W   -1 -1 -5 -5 -4 -4 -5 -2 -3 -2 -1 -4 -1  2  1 -2 -2 10  1 -1    6   3   0   0   0   0   0   4   0   1   7   0   2   9   7   4   2  47   3   4  1.49 0.39
  274 K   -3  2 -2 -1 -5  6 -1 -3  0 -4 -1  3 -2 -3 -2 -2 -1 -2 -3 -3    1  11   0   3   0  45   0   1   2   0   9  19   0   1   1   1   4   1   0   1  0.73 0.31
  275 T    2  0 -2 -3 -2 -1 -2 -2 -3  1 -2  1  1 -3 -3  1  4 -4 -3  1   21   4   0   0   0   1   0   1   0   8   1   9   5   0   0   8  31   0   0   9  0.34 0.20
  276 Q   -3 -3  0 -4 -4  2 -3 -5  0  1  1 -3  8 -2 -4 -2  2 -4  1 -1    1   0   4   0   0  11   0   0   2   6  11   0  44   0   0   1  12   0   4   2  0.79 0.33
  277 G    0  5 -2 -3 -2  1 -2  1 -2 -1  0 -1 -1 -1 -3  0 -1  2 -1 -1    6  40   1   0   1   5   0  13   0   4   9   0   1   3   0   6   3   3   2   3  0.37 0.20
  278 L   -3  0 -4 -2 -2 -2 -3 -4  1 -1  4  0  0  2 -4 -1 -2  0  3 -1    0   5   0   2   1   0   1   0   4   0  51   6   1  10   0   4   1   1  11   1  0.45 0.22
  279 V   -3 -5 -6 -6 -3 -5 -5 -6 -6  6 -1 -5 -1 -2 -5 -4 -3 -5 -4  5    0   0   0   0   0   0   0   0   0  53   1   0   0   1   0   0   0   0   0  45  1.35 0.40
  280 I   -3 -5 -5 -6 -3 -5 -5 -6 -6  6  0 -5 -1 -3 -5 -4 -2 -5 -4  5    0   0   0   0   0   0   0   0   0  55   4   0   0   0   0   0   2   0   0  40  1.27 0.38
  281 L   -4 -5 -6 -6 -4 -4 -5 -6 -5  0  6 -5  3 -2 -5 -5 -4  2 -3 -1    0   0   0   0   0   0   0   0   0   3  87   0   7   0   0   0   0   2   0   1  1.40 0.41
  282 P   -4 -6 -5 -5 -6 -5 -4 -6 -6 -6 -6 -4 -6 -7  9 -4 -4 -7 -6 -6    0   0   0   0   0   0   0   0   0   0   0   0   0   0 100   0   0   0   0   0  3.17 0.67
  283 Q   -4 -2 -3 -4 -6  9 -1 -5 -3 -6 -6 -2 -4 -7 -5 -3 -4 -5 -5 -6    0   0   0   0   0 100   0   0   0   0   0   0   0   0   0   0   0   0   0   0  2.62 0.70
  284 A    7 -4 -3 -5 -3 -4 -4 -2 -4 -4 -4 -3 -4 -5 -4 -1 -2 -5 -5  0   92   0   1   0   0   0   0   1   0   0   0   0   0   0   0   1   1   0   0   5  1.53 0.48
  285 L   -4 -3 -5 -6 -2 -4 -5 -6 -5  2  6 -5  1  1 -5 -5 -3 -4 -2 -1    0   1   0   0   1   0   0   0   0  11  78   0   2   6   0   0   0   0   0   1  1.11 0.35
  286 K   -2  6 -3 -3 -5  0 -2 -4 -2 -5 -4  5 -3 -1 -4 -2 -2 -4  0 -3    2  49   0   0   0   1   0   0   0   0   0  36   0   2   0   1   2   0   4   2  1.11 0.36
  287 L    0 -1  3 -2 -2 -1 -2 -3  1  3  1  0  1 -2 -3 -1 -1 -4 -2  1   11   1  19   0   0   3   0   0   5  22  13   5   3   1   0   3   3   0   0   9  0.19 0.14
  288 V    1 -4 -4 -4 -1 -3 -4 -4 -4  0 -1 -3  5 -3 -4  1  0 -4 -3  4   14   0   0   0   1   0   0   0   0   1   0   0  22   0   0  14   5   0   0  43  0.66 0.30
  289 I   -2 -5 -5 -5 -3 -3 -5 -5 -5  6  2 -4  1 -2 -5 -4 -1 -4 -3  2    2   0   0   0   0   1   0   0   0  61  21   0   2   0   0   0   3   0   0  10  0.99 0.32
  290 P   -2 -5 -5 -5 -6 -3 -4 -5 -5 -6 -6 -4 -6 -7  9 -4 -4 -7 -6 -5    3   0   0   0   0   1   0   0   0   0   0   0   0   0  96   0   0   0   0   0  2.92 0.62
  291 G    3 -3  0 -3 -3 -2 -3  3 -3 -2 -2 -2 -2 -4  2  3 -1 -4 -4 -2   28   0   5   0   0   0   0  25   0   2   3   0   0   0  12  23   1   0   0   2  0.54 0.23
  292 L   -2 -4 -4 -5 -3 -3 -5 -5 -4  5  4 -4  2  1 -5 -3 -1 -4 -2  0    2   0   0   0   0   0   0   0   0  39  41   0   5   7   0   0   4   0   0   1  0.77 0.27
  293 V   -1 -4 -5 -5 -3 -4 -4 -4 -5  2  1 -4  0 -3 -4 -3  1 -5 -3  6    5   0   0   0   0   0   0   1   0  10   8   0   2   0   0   0   9   0   0  66  0.90 0.32
  294 N   -2 -3  7 -2 -4 -1 -3  3 -2 -5 -5 -3 -4 -5 -4  1  0 -5 -4 -5    1   0  54   0   0   3   0  26   0   0   0   0   0   0   0  11   5   0   0   0  1.12 0.37
  295 T   -2 -1  1 -2 -4  6 -1 -4  0 -1 -2 -2 -1 -4 -3  1  4 -4 -3 -1    0   1   7   0   0  41   1   0   1   4   3   0   1   0   0   9  27   0   0   5  0.70 0.32
  296 I    0 -5 -5 -5  0 -5 -5 -2 -4  1  0 -5 -2  7 -5 -1 -3 -2  0  0    8   0   0   0   2   0   0   2   0   7   7   0   0  63   0   5   0   0   0   6  1.10 0.35
  297 I   -3 -5 -6 -6 -3 -5 -5 -6 -6  7  1 -5 -1 -2 -5 -4 -2 -5 -4  4    0   0   0   0   0   0   0   0   0  68   7   0   0   0   0   0   1   0   0  25  1.32 0.39
  298 A    2 -3 -1 -1 -3 -2 -2  4 -3 -1 -3 -2 -1 -4 -3  3 -1 -4 -4  0   19   0   1   3   0   0   1  31   0   5   0   0   2   0   0  30   1   0   0   6  0.53 0.23
  299 L   -1 -4 -4 -5 -1 -3 -4 -5 -4  2  4 -4  2  1 -4 -2  1 -3 -2  0    6   0   0   0   1   0   0   0   0  10  59   0   5   4   0   1   9   0   0   4  0.64 0.25
  300 F   -4 -5 -5 -6 -4 -5 -5 -6 -4  2  1 -5  0  8 -6 -4 -1 -2  0  0    0   0   0   0   0   0   0   0   0  12  10   0   2  66   0   0   4   0   0   5  1.37 0.39
  301 K   -3  0  0 -3 -6  3 -2 -4 -3 -5 -3  7  0 -6 -4 -3 -3 -5 -4 -5    0   0   3   0   0  12   0   0   0   0   2  80   2   0   0   0   0   0   0   0  1.50 0.47
  302 D   -3 -4  3  7 -6 -2  2 -3 -3 -6 -6 -3 -5 -6 -4 -2 -3 -7 -5 -6    1   0  11  73   0   0  11   1   0   0   0   0   0   0   0   2   1   0   0   0  1.60 0.43
  303 T   -1 -4 -3 -4 -2 -3 -4 -4 -4 -4 -4 -3 -3 -5 -4  0  7 -5 -4 -3    3   0   0   0   1   0   0   0   0   0   0   0   0   0   0   5  91   0   0   0  1.78 0.54
  304 S   -1 -3 -2 -3 -2 -3 -3 -3 -4 -4 -4 -3 -4 -5  0  6  4 -5 -4 -3    2   0   0   0   0   0   0   0   0   0   0   0   0   0   3  68  25   0   0   1  1.18 0.43
  305 L   -4 -5 -6 -6 -4 -5 -5 -6 -5  0  6 -5  0  0 -5 -5 -4 -4 -3 -1    0   0   0   0   0   0   0   0   0   1  95   0   0   3   0   0   0   0   0   1  1.53 0.44
  306 V    1 -4 -4 -5 -3 -4 -4  0 -5  1  1 -4  1 -3 -4 -3 -2 -5 -3  5    9   0   0   0   0   0   0   9   0   3  13   0   4   0   0   0   0   0   0  62  0.78 0.30
  307 I    1 -3 -3 -3 -2 -2 -3 -2 -2  1  1 -3  1  2 -3  2  0 -2  4  0   13   0   0   0   0   0   0   2   0   9  12   0   3  10   0  19   6   0  18   7  0.28 0.17
  308 I   -3 -5 -5 -5 -3 -5 -5 -6 -5  6  0 -5 -1  0 -5 -4 -1 -5 -3  4    1   0   0   0   0   0   0   0   0  64   5   0   0   3   0   0   2   0   0  25  1.15 0.35
  309 I   -3 -5 -5 -5 -3 -5 -5 -6 -5  6  1 -5 -1 -1 -5 -4 -3 -3 -3  4    0   0   0   0   0   0   0   0   0  59   8   0   0   2   0   0   0   0   0  31  1.17 0.36
  310 G    0 -3  0 -3 -4 -4 -4  6 -4 -6 -6 -3 -5 -5 -4  2 -3 -5 -5 -5    4   1   5   0   0   0   0  77   0   0   0   0   0   0   0  14   0   0   0   0  1.47 0.40
  311 L   -3 -4 -5 -5 -3 -4 -5 -5 -5  2  5 -4  4 -1 -5 -4 -3 -4 -3  3    0   0   0   0   0   0   0   0   0   9  59   0  12   2   0   0   0   0   0  19  0.91 0.30
  312 F   -2 -2  0 -4 -3 -2 -3 -4 -1  0  1 -3  1  6 -1 -2 -1 -2  2  1    2   3   5   0   0   2   0   0   1   2  17   0   4  39   3   3   5   0   6   9  0.48 0.21
  313 D   -4 -4 -2  7 -6 -2  5 -4 -3 -6 -6 -3 -5 -6 -4 -3 -4 -6 -5 -6    0   0   0  64   0   0  36   0   0   0   0   0   0   0   0   0   0   0   0   0  1.70 0.46
  314 L   -3 -4 -5 -5 -3 -4 -5 -5 -4  2  5 -4  1  3 -1 -4 -3 -3 -2  1    0   0   0   0   0   0   0   0   0   8  61   0   2  15   4   0   0   0   0  11  0.83 0.28
  315 F   -2 -4 -4 -4 -3 -3 -4 -5 -4  1  4 -4  2  0 -4 -1  3 -3 -2  0    0   0   0   0   0   0   0   0   0   4  56   0   4   4   0   3  22   0   1   5  0.68 0.27
  316 S    0  1  1 -2 -4 -1 -3  5 -1 -4 -2 -1 -3  2 -3  1 -1 -3 -1 -4    5  10   8   0   0   2   0  46   1   0   3   2   0  10   0   9   4   0   1   0  0.56 0.22
  317 S    3 -3 -3 -3 -2 -1 -3 -3 -3  3 -1 -3  3 -2 -3  2  1 -4 -3  1   27   0   0   0   0   2   0   0   0  20   2   0  12   0   0  16  11   0   0  10  0.37 0.21
  318 V    3 -3 -3 -3 -2 -2 -3  2 -3  1  0 -2 -1 -3 -3  1  0 -4 -3  2   35   1   0   0   0   0   0  16   0   7   9   0   1   0   0  12   6   0   0  14  0.33 0.18
  319 Q   -2  4  2 -1 -4  3  0 -2 -1 -4 -4  2 -1 -4 -3  0  1 -4 -2 -4    1  32  12   1   0  18   2   2   1   0   0  13   1   0   0   6   8   0   1   0  0.57 0.23
  320 Q    2 -1 -1 -2 -2  3 -1  0 -2 -1  0 -1  1 -2 -2  2  0 -3 -3  0   23   1   2   0   0  19   0   5   0   4   8   1   4   1   1  19   6   0   0   5  0.24 0.16
  321 A    3 -3 -1 -3 -2 -3 -3 -2 -3  4  0 -3 -1 -2 -3  0  0 -4 -3  3   31   0   3   0   0   0   0   1   0  27   4   0   0   0   0   6   5   0   0  21  0.41 0.21
  322 T    0  0 -1 -2 -2 -1 -2 -2 -1  0  2 -1  2  2 -2 -1  0 -2  0  0    8   5   3   2   0   2   1   2   1   4  33   2   5  10   1   3   7   0   3   6  0.12 0.08
  323 V    3 -1  0 -2 -2  0 -1  0 -1 -1 -2 -1 -2 -2 -2  2  1 -3 -1  0   36   2   5   1   0   4   1   6   2   2   3   2   0   1   1  14  11   0   1   7  0.24 0.13
  324 D   -3 -1  5  5 -4  1 -1 -1 -1 -5 -5 -2 -4 -5 -3  0 -1 -5 -4 -4    1   2  30  43   0   7   1   3   1   0   0   0   0   0   0   7   2   0   0   1  0.95 0.30
  325 P    1 -3  2 -1 -4 -2 -2 -1 -3 -4 -4 -2 -2 -4  6  0  1 -5 -4 -3   10   0  12   2   0   1   2   5   0   1   0   1   1   1  50   6   8   0   0   1  1.05 0.30
  326 A    1  2  2  2 -3  3  2 -2 -1 -3 -2  0 -2 -3 -2  0  0 -4 -2 -2   17  11  11  11   0  14  16   0   1   0   3   4   0   0   0   4   4   0   1   2  0.29 0.14
  327 W   -5 -4 -5 -6 -5 -4 -3 -5 -4 -1 -1 -5 -3  3 -6 -3 -1 11  3 -1    0   1   1   0   0   0   1   0   0   3   7   0   0  12   0   1   5  57   7   4  2.17 0.51
  328 L    0  1  0 -2 -3  0 -2 -2 -3  1  3 -1  2 -1 -1 -1 -1 -3 -2  0    6  12   5   1   0   3   2   3   0  11  35   1   6   2   3   5   2   0   0   2  0.17 0.13
  329 G   -1 -2 -1 -1 -4 -2 -3  5 -3 -2 -4 -2 -1 -2  0  0  2 -4 -4 -2    4   2   1   2   0   0   0  51   0   2   0   1   2   2   5   7  17   0   0   3  0.67 0.26
  330 M    0  3 -2 -2 -3  0 -2 -3  0 -1 -1  0  2  3  2 -2 -1 -2  3 -1    8  18   1   1   0   4   0   1   2   4   4   5   7  13  10   1   3   0  14   4  0.24 0.15
  331 S    0 -3 -2 -2 -3 -1 -1 -1  2 -3 -2 -2 -3  0  3  2  1 -1  5 -2    7   0   1   1   0   2   3   3   6   0   2   1   0   4  18  16   9   0  24   2  0.45 0.22
  332 T    1 -1 -1 -3 -2 -2 -2 -2 -1  1  0 -1  1  2 -1 -1  2  4  0  1   14   3   2   1   0   1   0   2   1   8   9   2   3  10   2   1  21   6   1  12  0.16 0.12
  333 E   -3 -3 -3 -1 -6  2  7 -5 -3 -6 -5 -2 -5 -6 -3 -2  1 -6 -5 -5    0   0   0   0   0   6  83   0   0   0   0   0   0   0   0   1   8   0   0   0  1.65 0.51
  334 G    0 -4 -3 -4 -3 -3 -3  3 -4  2  0 -3  0 -1 -1 -1  0 -4 -3  3    8   0   0   0   0   0   0  27   0   9   9   0   3   3   2   3   5   0   0  31  0.37 0.19
  335 Y   -4 -5 -5 -6 -5 -4 -5 -6 -2 -3  1 -5 -2  4 -4 -4 -4  2  8 -3    0   0   0   0   0   0   0   0   0   0  13   0   1  18   1   0   0   2  65   0  1.78 0.49
  336 V    1 -4 -4 -4 -2 -3 -4 -1 -4  3  3 -3  0  0 -4 -2 -1 -4 -2  3   10   0   0   0   0   0   0   6   0  19  30   0   1   3   0   3   2   0   0  25  0.42 0.19
  337 F   -2 -5 -5 -6 -4 -5 -5 -5 -4  1 -1 -5 -1  8 -6 -4  1  3  0 -1    2   0   0   0   0   0   0   0   0   7   4   0   1  70   0   1   8   4   0   3  1.49 0.43
  338 A    2 -4 -4 -4 -1 -3 -3 -3 -4  4  2 -3  0 -2 -3 -2 -1 -4 -3  3   23   0   0   0   1   0   1   1   0  25  17   0   1   0   0   0   2   0   0  28  0.52 0.23
  339 A    5 -4 -3 -4 -1 -3 -3  4 -4 -4 -3 -3 -3 -2 -3  0 -1 -5 -4 -2   60   0   0   0   1   0   0  29   0   0   2   0   0   2   0   4   2   0   0   1  0.95 0.35
  340 L    1 -4 -4 -4 -1 -3 -4 -3 -4  1  3 -4  1  3 -3 -2 -2 -3 -2  2   15   0   0   0   1   0   0   2   0   8  41   0   4  14   0   2   1   0   0  13  0.44 0.20
  341 I   -2 -4 -4 -5 -1 -4 -4 -4 -4  4  2 -4  1  0 -4 -1  0 -3 -2  4    0   0   0   0   1   0   0   1   0  32  18   0   2   3   0   4   5   0   0  33  0.63 0.24
  342 Y   -5 -5 -5 -6 -6 -5 -5 -6 -2 -4 -4 -5 -4  6 -6 -5 -5 -1  9 -4    0   0   0   0   0   0   0   0   0   0   0   0   0  27   0   0   0   0  73   0  2.37 0.59
  343 W   -5 -6 -6 -7 -3 -6 -6 -5 -4 -4 -1 -6 -3  7 -7 -5 -5 10  2 -4    0   0   0   0   0   0   0   0   0   0   4   0   0  54   0   0   0  38   3   0  2.37 0.56
  344 I    0 -4 -4 -5  0 -4 -4 -4 -4  4  2 -4  0  0 -4 -3  0 -4 -3  4    9   0   0   0   2   0   0   1   0  28  20   0   1   2   0   1   4   0   0  32  0.56 0.22
  345 F   -1 -4 -5 -5  3 -4 -5 -3 -4  3  1 -4  0  6 -5 -3 -3 -2  0  2    4   0   0   0   7   0   0   2   0  20  10   0   2  41   0   2   0   0   1  12  0.76 0.27
  346 C   -2 -6 -4 -6 11 -5 -6 -1 -6 -3 -4 -6 -4 -5 -6  1 -3 -6 -5 -3    2   0   0   0  78   0   0   6   0   1   1   0   0   0   0  10   1   0   0   1  2.56 0.60
  347 F   -3 -5 -5 -6 -5 -5 -5 -4 -1 -3 -1 -5 -1  7 -6 -1 -1  0  6 -3    2   0   0   0   0   0   0   1   1   0   3   0   1  56   0   4   4   1  28   0  1.48 0.43
  348 S    2 -3 -2 -3 -1 -2 -3  3 -3 -1 -1 -2 -1 -1 -3  3  0 -4 -2 -1   21   0   0   0   1   0   0  26   0   3   5   0   1   2   0  32   4   0   1   3  0.46 0.23
  349 M   -1 -4 -5 -6 -4 -4 -5 -3 -4  3  3 -4  8  0 -5 -4 -3 -4 -3 -1    5   0   0   0   0   0   0   2   0  15  25   0  50   3   0   0   0   0   0   1  1.19 0.40
  350 S    1 -3 -2 -3 -3 -2 -3 -1 -4 -5 -5 -3 -4 -5 -3  6  3 -5 -4 -4    9   0   0   0   0   1   0   3   0   0   0   0   0   0   0  73  14   0   0   0  1.21 0.45
  351 R   -2  6 -2 -3 -4  2 -1 -4  0 -2  1  1  0 -1 -4 -1 -2  2  0 -2    2  48   1   0   0   8   2   0   2   1  15   5   2   3   0   4   0   3   4   3  0.62 0.27
  352 Y    0 -4 -4 -5 -1 -4 -3 -1 -2  0  1 -4 -1  2 -5 -3 -2 -1  7  0   10   0   0   0   1   0   1   4   0   4  14   0   1   6   0   0   1   0  50   7  0.93 0.34
  353 S    3 -3 -2 -3 -2 -3 -3  0 -4 -4 -4 -3 -3 -5 -3  6 -1 -5 -4 -1   24   0   0   0   1   0   0   5   0   0   1   0   0   0   0  63   0   0   0   5  0.97 0.39
  354 Q    0  4  0 -2 -4  3 -1 -2 -1 -1  0  1  2 -2 -3 -2 -2 -2 -1 -2    7  34   3   1   0  16   1   2   0   4  11   8   6   1   0   1   0   0   3   2  0.39 0.21
  355 Y   -1  4 -1 -4 -4  0 -2 -3  4 -3 -2  1 -3  2 -4 -1 -2  7  3 -3    3  25   2   0   0   3   0   1  11   1   2   8   0   9   0   5   1  16  10   1  0.63 0.25
  356 L   -3 -4 -5 -6 -3 -3 -5 -6 -5  2  5 -4  3 -1 -5 -4 -3 -4 -3  1    0   0   0   0   0   1   0   0   0  10  70   0   9   1   0   0   1   0   0   9  1.05 0.34
  357 E   -4 -3 -3  0 -7  1  8 -5 -2 -6 -6 -1 -5 -6 -4 -3 -4 -6 -5 -6    0   0   0   2   0   3  94   0   0   0   0   1   0   0   0   0   0   0   0   0  2.01 0.57
  358 K   -1  5  0 -1 -5  1 -1 -2  1 -3 -2  3 -2 -4 -3 -1 -1 -5 -3 -3    6  43   4   3   0   6   2   2   3   1   3  21   0   0   0   2   2   0   0   1  0.68 0.27
  359 R   -2  6 -2 -3 -4  2 -1 -4  3 -5 -3  3 -3 -4 -4 -2 -1 -1 -1 -3    1  48   0   1   0  10   2   0   7   0   1  21   0   0   0   0   4   1   2   1  0.92 0.33
  360 F   -3 -4 -5 -6 -3 -4 -5 -5 -4  2  5 -4  4  2 -5 -4 -3 -3  0  0    0   0   0   0   0   0   0   1   0  10  63   0  12   8   0   0   0   0   2   3  0.92 0.31
  361 N    2  0  3  2 -3  1  0  1  2 -4 -4  1 -3 -4 -2  1  0 -4 -3 -3   23   5  14  12   0   5   3   9   7   0   0   8   0   0   1   8   5   0   0   0  0.30 0.15
  362 T    0  3 -1 -3 -3  0 -1 -2 -2 -1 -2  0 -2 -3  0  0  4 -4 -3  1    8  19   2   0   0   3   1   2   1   3   2   3   0   0   5   2  38   0   0  12  0.39 0.21
  363 G    0 -1  0  1 -4 -1  0  5  1 -4 -4  0 -3 -4 -3  1 -1 -4 -1 -3    5   3   3   8   0   1   6  44   4   0   1   5   0   0   0  14   3   0   2   1  0.53 0.19
  364 R   -2  5 -2 -3 -5  2  1 -3  7 -5 -4  2 -3 -4 -2 -2 -2 -5 -2 -5    1  36   0   0   0   8   6   1  32   0   0  11   0   0   1   1   1   0   0   0  1.02 0.31
  365 T    2  1  2 -1 -2  1 -1 -1 -2 -2 -3  3 -2 -3 -2  2  1 -4 -3 -1   22   4  12   0   0   4   0   2   0   2   0  25   0   0   0  14  11   0   0   4  0.29 0.13
  366 P   -1  6 -2 -1 -4 -1 -2 -3 -2 -4 -4  1 -3 -4  4 -1 -2 -4 -3 -4    4  64   0   3   0   0   0   0   0   0   0   3   0   0  25   2   0   0   0   0  1.09 0.24
  367 H   -1 -1  0 -1 -3  0  2 -2  7 -4 -3 -1 -2 -2 -2  2 -1 -3  0 -3    0   0   0   0   0   0  17   0  57   0   0   0   0   0   0  27   0   0   0   0  0.72 0.10

                      K         Lambda
Standard Ungapped    0.1415     0.3288
Standard Gapped      0.0500     0.2670
PSI Ungapped         0.1633     0.3165
PSI Gapped           0.0500     0.2670
