
Last position-specific scoring matrix computed, weighted observed percentages rounded down, information per position, and relative weight of gapless real matches to pseudocounts
           A  R  N  D  C  Q  E  G  H  I  L  K  M  F  P  S  T  W  Y  V   A   R   N   D   C   Q   E   G   H   I   L   K   M   F   P   S   T   W   Y   V
    1 M   -3 -3 -4 -5 -3 -2 -4 -5 -4 -1  1 -3 10 -2 -5 -3 -3 -3 -3 -1    0   0   0   0   0   0   0   0   0   0   7   0  93   0   0   0   0   0   0   0  1.83 0.42
    2 L   -3 -4 -5 -5 -3 -4 -5 -5 -4  3  4 -4  5  3 -5 -4 -3 -3 -2  0    0   0   0   0   0   0   0   0   0  22  45   0  17  15   0   0   0   0   0   1  0.83 0.31
    3 P   -2 -3  4  0 -3 -2 -1 -3 -3 -4 -4 -2 -3 -4  4  1  4 -5 -4 -3    1   0  24   4   0   0   4   0   0   0   0   0   0   0  20  12  35   0   0   0  0.77 0.32
    4 G   -1 -1 -1  1 -5  2  5 -2 -1 -5 -4  2 -3 -5  0 -1 -1 -5 -4 -4    5   0   1   8   0   6  53   2   1   0   0  15   0   0   4   3   2   0   0   0  0.76 0.30
    5 T   -2  0  0  1 -5  0  4 -2 -2 -4 -4  5 -3 -5 -3 -1  0 -5 -4 -2    0   3   4   7   0   0  31   1   0   0   0  42   0   0   0   3   5   0   0   3  0.72 0.31
    6 F   -3 -4 -4 -3 -1 -4 -3 -5  0  1  2 -4  4  5 -5 -4 -3 -2  0  2    0   0   0   2   1   0   2   0   2   5  21   0  16  36   0   0   0   0   0  16  0.71 0.30
    7 F   -2  0 -2 -3 -3  0 -1 -4 -1  0  2  3  2  2 -3 -2 -1 -3  1  0    0   4   1   0   0   2   2   0   1   3  26  31   8  11   0   0   2   0   4   4  0.32 0.21
    8 E    0 -2  0  3 -5  2  5 -3  0 -5 -4  1 -4 -5 -3 -1 -1 -5 -4 -4   10   0   3  15   0   7  51   0   2   0   0   8   0   0   0   1   4   0   0   0  0.80 0.33
    9 V    1 -3 -1 -4  2 -2 -3 -3 -4  2  0 -3  1  0 -3 -1  1 -4 -2  4   16   0   2   0   4   2   0   0   0   8   6   0   2   5   0   3   9   0   0  42  0.36 0.22
   10 L   -1 -4 -4 -5  0 -4 -4 -3 -4  3  4 -4  3  2 -4 -3 -2 -3 -2  1    4   0   0   0   2   0   0   2   0  19  49   0  10   9   0   1   0   0   0   4  0.63 0.27
   11 K    1  0  2 -1 -3  2  2 -1 -2 -4 -4  3 -3 -4 -1  2 -1 -4 -3 -3   10   4  10   1   0   7  16   4   0   0   0  27   0   0   2  16   2   0   0   0  0.39 0.20
   12 N   -2  0  2  2 -2  0  0 -1  6 -4 -3  3 -3 -3 -3 -1 -1 -3  2 -4    2   3  10  11   1   2   5   3  23   0   1  25   0   0   0   3   3   0   8   0  0.50 0.24
   13 E   -2 -2  0  3 -4  2  4 -3 -2 -2 -1  1  0 -4  0 -1  0 -4 -3 -1    1   0   3  15   0   9  36   0   0   1   6   7   3   0   5   2   7   0   0   4  0.43 0.22
   14 G   -1 -1  0 -2 -1  1 -1  5 -3 -4 -3  1 -3 -2 -2 -1  0 -1 -3 -4    3   2   3   0   2   7   4  52   0   0   2  12   0   2   1   3   6   1   0   0  0.64 0.26
   15 V    0 -3 -4 -4 -3 -3 -2 -2 -4  2  0 -3  0 -1  4 -1 -1  2 -1  3    7   0   0   0   0   0   1   2   0  13   5   0   3   2  22   5   1   3   2  34  0.48 0.23
   16 V    2 -4 -4 -4  1 -4 -4 -4 -4  1 -1 -4 -1  2 -1 -2 -1  2 -1  5   22   0   0   0   4   0   0   0   0   3   2   0   0  10   3   1   2   3   1  49  0.57 0.30
   17 A    2  0  0 -1  0 -2 -2 -2  2 -2 -2 -2 -2 -1  3  2  1  1 -1  0   22   5   3   2   1   0   0   1   5   1   1   0   0   2  15  20  11   2   1   6  0.29 0.19
   18 I   -1 -4 -5 -5 -3 -4 -4 -5 -4  5  2 -4  1  2 -4 -4 -2 -4 -2  3    3   0   0   0   0   0   0   0   0  48  16   0   2   8   0   0   0   0   0  22  0.78 0.30
   19 A    4 -3 -3 -3 -2 -3 -3 -2 -4  0 -2 -3 -2 -3 -3  0  2 -4 -3  3   44   0   0   0   0   0   0   1   0   2   2   0   0   0   0   4  17   0   0  30  0.58 0.29
   20 T    0 -3 -2 -3 -3 -3 -3 -3 -4 -3 -4 -3 -3 -4 -1  3  6 -5 -4 -3    5   0   0   0   0   0   0   0   0   0   0   0   0   0   3  21  71   0   0   0  1.23 0.47
   21 Q    2 -3 -2 -2  3  0 -1 -2 -3  0 -1 -1  1 -2 -3  1 -1  6  0  1   27   0   1   2   7   6   2   1   0   7   3   2   4   0   0   9   2  15   3   9  0.36 0.20
   22 G    0 -2  2  1 -3 -1 -1  4  1 -4 -4 -1 -3 -4 -3  2  0 -4 -3 -2    5   0  14   8   0   1   1  33   4   0   0   2   0   0   0  22   6   0   0   3  0.50 0.22
   23 E    1 -1  1  1 -3  1  2  1  0 -3 -3  2 -2 -4  2  0 -1 -4 -3 -2   14   0   8   9   0   4  14  11   2   1   2  22   0   0   8   3   2   0   0   1  0.28 0.14
   24 D   -1 -2  4  5 -4  0  2  0  0 -5 -4 -1 -4 -5 -3  0 -2 -5 -4 -4    3   1  23  36   0   3  17   8   1   0   1   2   0   0   0   5   0   0   0   0  0.71 0.27
   25 G   -1 -3  0 -1 -4 -1  2  5 -3 -1 -2  0 -2 -2  2 -1 -2 -4 -3 -3    3   0   3   1   0   1  16  48   0   5   3   5   1   2  10   1   1   0   0   0  0.58 0.23
   26 P    2 -4 -4 -4 -4 -3 -3 -3 -4 -4 -4 -3 -4 -5  8 -2 -2 -5 -4 -1   20   0   0   0   0   0   0   0   0   0   0   0   0   0  70   0   1   0   0   5  1.79 0.46
   27 H   -3 -2  5 -2 -5 -2 -2 -3  9 -5 -5 -3 -4 -3  0  0 -3 -4  1 -5    0   0  29   0   0   0   0   0  54   0   0   0   0   0   4   7   0   0   5   0  1.51 0.47
   28 L   -2 -4 -2 -4 -3 -4 -4 -5 -4  2  2 -4  2 -2 -4 -3 -1 -4 -3  5    0   0   2   0   0   0   0   0   0  10  16   0   6   1   0   0   2   0   0  61  0.78 0.31
   29 V    1 -2 -2 -3 -2 -2 -3 -2 -3  1 -1 -1 -1 -2 -3 -1  2 -3 -1  5   16   2   1   0   0   0   0   3   0   2   1   3   0   0   0   3  12   0   2  53  0.45 0.24
   30 N    0 -2  5 -1  3 -2 -2 -1 -2 -3 -2 -2 -3 -3  5 -1 -2 -3 -3 -3    8   1  40   1   8   1   1   3   0   1   3   1   0   1  27   1   1   0   1   1  0.77 0.26
   31 T   -1 -2 -1 -2 -2 -2 -2 -2 -2  0  0 -2 -1 -2 -2  0  5 -3 -2  2    2   1   1   1   0   1   1   2   0   5   8   1   1   1   1   3  57   0   1  14  0.57 0.23
   32 W   -3 -3 -3 -3  2 -2 -3 -3 -2 -3 -2 -3 -2  2  0 -3 -2 11  1 -3    2   1   1   1   6   1   2   2   1   1   2   2   1   9   5   2   2  55   3   2  1.76 0.34
   33 N   -2 -2  5 -1 -2 -1 -2 -1 -1  2 -1 -1  3 -1 -2  0 -1 -3 -2  1    2   1  37   1   0   1   1   4   1  13   2   3  12   3   1   7   1   0   1   9  0.33 0.17
   34 S    1 -1 -1 -1 -2  0 -1  2  0 -3 -3  0 -2 -3 -2  4  0 -3 -3 -3    9   1   1   2   0   2   1  19   2   1   1   7   0   0   1  47   5   0   0   1  0.48 0.23
   35 Y   -2 -3 -3 -4 -3 -3 -3 -4 -1 -2 -1 -3  0  5 -4 -2 -1  4  7 -2    2   1   0   1   0   0   1   1   0   2   4   1   2  25   1   3   3   5  47   2  1.12 0.37
   36 L   -1 -3 -3 -4  1 -3 -3 -1 -3  3  3 -2  2  0 -3 -2 -1 -3 -2  3    4   0   0   0   2   0   0   4   0  15  33   2   6   2   0   1   2   0   0  25  0.37 0.19
   37 K   -1  2  0  1 -3  2  0 -3  2  1 -2  2 -1 -2 -2  0  0  0  0  0    1  12   3   8   0  12   3   0   5  10   1  20   1   0   0   4   6   1   3   9  0.18 0.14
   38 V    0 -2 -4 -2 -2 -3 -3 -4  0  3  2 -3  0 -2 -1 -3 -1 -4 -3  4    9   2   0   2   0   0   1   0   3  18  16   1   1   0   4   0   1   0   0  42  0.47 0.25
   39 L    0  0 -1 -1 -2 -1 -1 -3 -1  1  1  1  1  0 -1  0  2 -3 -1  1    5   3   2   2   0   0   4   0   1  10  14  11   3   4   2   6  19   0   1  13  0.09 0.10
   40 D   -1 -1  1  5 -4  0  2  0  0 -4 -4  0 -4 -4 -1  1 -2 -5 -4 -4    3   3   4  49   0   2  12   8   2   0   1   3   0   0   3   9   0   0   0   0  0.67 0.25
   41 G   -2 -1  0  6 -5  0  3  0 -1 -5 -5 -1 -4 -5 -2 -1 -3 -5 -4 -5    2   3   3  58   0   3  18   6   1   0   0   1   0   0   1   3   0   0   0   0  0.99 0.33
   42 N   -2 -1  3  3 -4  0  4  1  0 -4 -4 -1 -3 -4 -3  0 -1 -4 -3 -4    1   1  19  15   0   2  39  12   2   0   0   1   0   0   0   3   3   0   0   0  0.64 0.26
   43 R   -1  2 -1 -2 -1  0  0 -3  2 -2 -3  2 -1 -3 -3  0  4 -3  1 -2    4  14   2   0   1   4   6   0   7   2   0  15   1   0   0   2  37   0   5   0  0.40 0.23
   44 I   -3 -4 -5 -5 -3 -4 -5 -5 -5  5  4 -4  0  1 -4 -4 -2 -4 -2  2    0   0   0   0   0   0   0   0   0  43  40   0   0   5   0   0   0   0   0  12  0.84 0.30
   45 V   -3  0 -4 -5 -3 -3 -4 -5 -3  2  3 -3  2  1 -4 -3 -2  5  0  2    0   6   0   0   0   0   0   0   0  14  41   0   4   4   0   0   0  11   3  16  0.57 0.22
   46 V   -1 -4 -5 -5 -3 -4 -4 -5 -4  5  1 -4  2  1 -4 -3 -2 -3  2  2    4   0   0   0   0   0   0   0   0  57   6   0   5   7   0   0   0   0   7  14  0.75 0.29
   47 P    3 -3  2 -2  0 -2 -2  0 -3 -3 -2 -2  0 -4  5  0 -1 -4 -4 -1   28   0  12   0   2   0   0   7   0   0   2   0   3   0  35   6   2   0   0   3  0.71 0.26
   48 V    2 -3  1  4  1 -2  1 -2 -2 -1 -2 -2 -2 -3 -3  0  1 -4 -1  0   25   0   7  30   4   0   7   0   0   3   4   0   0   0   0   2   9   0   2   8  0.33 0.19
   49 G    2 -2  3  0  1  0 -2  1 -2 -1 -2 -2  1 -1 -3  0 -1  0  0  0   24   0  22   4   3   3   0  11   0   3   2   0   7   1   0   7   0   2   3   7  0.20 0.16
   50 G   -1 -1 -3 -4 -4 -3 -3  3 -2 -2 -2  0 -2  5 -4 -2  1  2  3 -1    2   3   0   0   0   0   0  26   0   0   0   8   0  34   0   0   9   2  12   3  0.55 0.25
   51 M   -3 -4 -1 -5 -4 -3 -2 -1 -1 -2  0 -4  8  4 -5 -3 -3  2  1 -1    1   0   3   0   0   0   3   5   1   0   4   0  52  21   0   1   0   2   4   2  1.16 0.49
   52 H   -2  3  3 -1 -4  0  0 -2  5 -1 -2  2 -2 -3 -3 -1  0 -4 -1 -2    2  17  17   3   0   2   4   2  19   3   4  14   0   0   0   2   8   0   2   2  0.39 0.22
   53 K   -2  2 -2 -3 -5  1 -1 -3 -1 -2 -4  6 -3 -5 -3  1 -1 -5 -1 -3    0   9   0   0   0   5   2   1   1   2   1  59   0   0   0  14   4   0   2   2  0.87 0.40
   54 T   -2 -3 -3 -4 -3 -3 -3 -4 -4  1 -2  0  0 -4 -4  1  7 -5 -4 -1    1   0   0   0   0   0   0   0   0   9   3   5   2   0   0   8  72   0   0   1  1.16 0.50
   55 E   -1  0 -3 -1 -4  2  5 -4 -2 -1  1  0 -1 -2 -3 -2 -2 -4  0 -1    5   6   0   0   0   8  48   0   0   3  17   3   1   1   0   0   2   0   4   3  0.56 0.31
   56 A    3  1  0  0 -4  1  3 -2  0 -4 -3  3 -3 -4 -3 -1  0 -4 -3 -3   27   7   4   3   0   4  25   1   2   0   2  19   0   0   0   2   4   0   0   0  0.44 0.26
   57 N   -4 -3  8  3 -6 -3 -3 -3 -2 -2 -6 -2 -5 -6 -5 -2 -3 -7 -5 -5    0   0  79  18   0   0   0   0   0   2   0   1   0   0   0   0   0   0   0   0  1.90 0.63
   58 V   -2 -4 -3 -5 -3 -4 -4 -5 -4  4  3 -4  1  1 -4 -3 -2 -4 -2  3    3   0   1   0   0   0   0   0   0  31  33   0   2   6   0   1   0   0   0  24  0.70 0.30
   59 A    1  3  1 -1 -4  0  2 -3  0 -2 -2  4 -2 -4 -3 -1 -2 -4 -3 -2   17  15   6   1   0   2  17   0   2   3   2  31   1   0   0   2   0   0   0   1  0.44 0.25
   60 R    1  0  1  0 -3  0  3 -2  0 -1 -3  2 -2 -2 -2  0  0 -4 -1  0   15   5   8   3   0   1  28   1   2   2   1  13   1   1   0   5   5   0   1   7  0.25 0.18
   61 D   -4 -3  8  2 -3 -1 -2  0  1 -6 -6 -3 -5 -6 -5 -2 -3 -6 -5 -4    0   0  77  11   1   1   1   5   3   0   0   0   0   0   0   1   0   0   0   1  1.69 0.58
   62 E   -1 -4  3  1 -5 -3 -2 -1 -3 -5 -5 -3 -5 -5  7  0 -3 -6 -2 -5    3   0  18   9   0   0   1   4   0   0   0   0   0   0  54   8   0   0   2   0  1.37 0.46
   63 R   -3  3  2 -2 -2  1 -1 -2  3 -3 -4  4 -3 -4 -1 -2 -1 -1 -1 -2    0  19  13   1   1   7   2   2   8   1   0  36   0   0   2   0   4   1   2   3  0.55 0.29
   64 V    1 -4 -5 -5 -2 -4 -4 -3 -2  2  1 -4  1 -3 -4 -3 -2 -5 -3  6   10   0   0   0   1   0   0   2   1  11   9   0   2   0   0   0   0   0   0  64  0.88 0.38
   65 L    3 -2 -2 -2  0  0  0 -1 -3  1  0  0 -1 -2 -3  1  0 -3 -1  0   34   1   0   0   2   4   6   2   0  12  10   8   0   1   0  10   6   0   2   3  0.20 0.18
   66 M   -3 -4 -5 -5 -3 -4 -5 -6 -5  5  3 -4  3  0 -5 -4 -3 -4 -3  3    0   0   0   0   0   0   0   0   0  42  27   0   7   2   0   0   0   0   0  23  0.90 0.37
   67 T    1 -3  0 -3  0 -2 -2 -2 -2  0  0 -2  0 -2 -3  2  3 -3  2  1   11   0   3   0   1   0   1   2   0   4   6   0   1   0   0  18  29   0   9  13  0.29 0.23
   68 L   -2 -3 -3 -3  2 -2 -3 -4 -3  3  2 -3  1  1 -3 -2  0  1 -1  3    1   1   0   1   5   2   1   1   0  18  21   1   2   8   1   2   5   2   0  29  0.36 0.19
   69 G    1 -2  0  0 -1 -2 -2  4 -2 -2 -2 -2 -2  0 -2  0 -1  6  1 -2   14   1   3   5   1   1   1  33   0   3   3   1   0   3   1   5   3  12   6   3  0.41 0.18
   70 S    0 -1  1  2 -2 -1 -1  1 -2  0 -2  0 -2 -2 -1  3  1 -2 -2 -1    7   1   6  12   1   1   2   9   1   7   2   4   1   1   1  31   8   0   1   5  0.20 0.12
   71 R   -1  3 -1 -1 -2  0 -1 -1  1 -2 -2  2  0  0  2 -1 -1 -1  3 -2    3  20   1   4   1   2   2   3   4   1   2  18   4   3  12   4   3   0  12   2  0.26 0.13
   72 K   -1  0  1  1 -3  1  4 -2 -1 -3 -3  2 -2 -2 -2 -1 -1 -2  0 -2    4   4   6   8   0   3  40   3   1   1   2  12   1   1   1   3   1   0   4   4  0.40 0.18
   73 V    0 -1 -1 -1  0 -2 -1 -2 -2  1  0 -2 -1 -1 -2 -1  1  1  1  3    5   3   3   3   2   1   4   2   0   6   7   1   0   2   1   4  12   2   6  36  0.17 0.13
   74 A    0 -1 -1  1 -2  2  2  0 -1 -2 -1  2  1 -2  0  0 -1  2 -1 -1    8   1   2   8   0   9  17   5   0   1   6  15   6   1   4   3   2   4   2   3  0.15 0.10
   75 G    0 -2  0  0  0 -2 -2  6 -2 -3 -3 -2 -2 -3 -2 -1 -2 -2 -2 -2    6   2   3   4   2   1   2  60   1   2   3   2   1   1   2   4   2   0   1   2  0.76 0.22
   76 R   -1  0  0 -1  2 -1 -1 -2  2 -1 -1  1 -1  1  1  0  1 -1  3 -1    5   6   6   1   5   1   2   2   8   1   7  11   1   8   6   5  11   0  12   2  0.11 0.08
   77 N   -1  0  2  3 -2  0  1 -1  2 -1 -1  1  1 -1 -1  0  0  0 -1 -1    4   5  12  20   1   2   6   2   6   2   3   9   6   2   2   2   7   2   1   5  0.15 0.08
   78 G    0 -1  0  0  1 -1 -1  3 -1 -2 -2 -1 -2 -1  1  0 -1 -1  1 -2    9   4   4   7   4   2   2  32   1   2   3   3   1   2   8   4   4   0   7   2  0.23 0.09
   79 P   -1  0  0 -1 -2  2  0 -2 -1 -2 -1  2  3 -2  4 -1 -1 -2 -2 -2    5   5   4   2   1  13   4   3   1   2   4  13  11   1  23   3   3   0   1   2  0.33 0.13
   80 G    0 -1 -1 -1 -2 -1 -1  5  0 -2 -2  0  0 -1 -1  0 -1 -2  0 -2    6   3   2   4   1   2   3  46   2   2   4   5   3   3   2   4   2   1   4   3  0.39 0.12
   81 T    0  1  0 -1  3  0  0 -1 -1  0 -1  1 -1 -2 -1  0  3 -2 -2 -1    9   9   3   3   8   5   4   3   1   7   2  12   1   1   1   3  23   0   1   3  0.15 0.10
   82 G    0 -3 -2 -2  2 -2 -2  5 -2 -3 -3 -2 -3 -3  0  1 -2 -2  1 -3    7   1   1   1   5   1   1  54   0   1   2   1   0   1   4  11   1   0   5   1  0.70 0.25
   83 F   -4 -5 -5 -6  0 -5 -5 -5 -2 -1 -1 -5 -2  7 -5 -4 -4 -1  6  1    0   0   0   0   2   0   0   0   0   2   3   0   0  51   0   0   0   0  32  10  1.49 0.51
   84 L   -2  2 -2 -3  0  5 -1 -4  3 -1  1  0 -2 -2 -3 -1 -2 -4 -1 -2    1  14   0   0   3  40   0   0   9   3  19   3   0   1   0   4   0   0   1   2  0.60 0.32
   85 I   -3 -5 -5 -5 -3 -5 -5 -6 -5  6  2 -5 -1  2 -5 -4 -3 -4 -1  3    0   0   0   0   0   0   0   0   0  54  14   0   0   9   0   0   0   0   2  22  0.96 0.36
   86 R   -2  1 -1 -2 -4  1  2 -2  2 -2 -3  5 -3 -3 -3  0  0 -4  0 -3    0   3   1   0   0   3  11   2   6   3   1  52   0   1   0   5   6   0   3   1  0.64 0.32
   87 G   -1 -5 -3 -4  0 -4 -5  7 -5 -6 -6 -4 -5 -6 -5 -3 -4 -5 -6 -6    4   0   0   0   2   0   0  94   0   0   0   0   0   0   0   0   0   0   0   0  2.04 0.57
   88 S   -1  1  0  0 -3  0 -1 -3  0 -3 -4  3 -3 -4 -2  2  5 -5 -3 -2    1   6   2   4   0   2   2   0   2   0   0  23   0   0   1  12  42   0   0   2  0.58 0.31
   89 A    5 -4 -3 -4 -3 -3 -3  2 -4 -2 -3 -3 -3 -2 -3 -1  0 -5 -4  1   66   0   0   0   0   0   0  13   0   1   0   0   0   2   0   0   5   0   0  13  0.85 0.39
   90 A    0  1 -1  0 -2  1  4 -2 -1 -2 -4  2 -3 -4 -3  1  0 -4 -3 -3    9   8   1   3   1   3  42   1   1   3   0  15   0   0   0   8   5   0   0   1  0.53 0.26
   91 F   -3 -4 -5 -5 -1 -4 -5 -5 -3  4  1 -4  1  5 -5 -4 -3 -2  3  2    0   0   0   0   2   0   0   0   0  30  13   0   3  33   0   0   0   0   9  11  0.81 0.31
   92 R   -2 -1 -3 -3 -2  0  0 -4  2  3  1  0  0  1 -3 -1 -1 -3  1  2    1   3   0   0   1   3   8   0   6  28  17   6   0   5   0   2   3   0   5  12  0.20 0.15
   93 T   -1 -2  0  1 -3  0  2 -3 -3 -3 -3  2 -3 -4 -3  1  4 -4 -3  0    2   0   4   7   0   3  16   0   0   0   0  16   0   0   0   8  39   0   0   6  0.52 0.29
   94 D    0 -2  0  2 -2  0  4 -2 -2 -4 -4  1 -3 -4 -3  4  0 -5 -4 -4    4   0   3  12   1   1  30   1   0   0   0   7   0   0   0  36   3   0   0   0  0.62 0.30
   95 G   -2 -4 -3 -4 -5 -4 -4  7 -4 -3 -5 -4 -5 -5 -4 -2  0 -5 -5 -5    0   0   0   0   0   0   0  90   0   2   0   0   0   0   0   0   5   0   0   0  1.80 0.51
   96 P    1 -1 -2  0 -4  0  3 -2 -2 -4 -4  2 -3 -4  5  0 -1 -4 -4 -3   15   1   0   5   0   2  25   1   0   0   0  14   0   0  28   4   2   0   0   1  0.66 0.27
   97 E   -2 -1  0  3 -3 -1  3 -3  0  1  0 -1 -2 -1 -3 -2 -1  2  3 -1    2   3   3  20   0   1  22   0   2  10   8   2   0   2   0   1   2   3  15   4  0.28 0.18
   98 F   -3 -4 -4 -5 -1 -4 -5 -5  2 -3 -2 -5  0  8 -5 -4 -4 -1  5 -3    2   0   0   0   2   0   0   0   4   0   0   0   2  65   0   0   0   0  21   0  1.65 0.49
   99 E   -1 -2 -1  6 -5  0  5 -3 -3 -5 -4  0 -4 -5 -3 -2 -1 -5 -4 -4    5   0   1  44   0   3  37   0   0   0   2   5   0   0   0   0   2   0   0   0  1.04 0.38
  100 A    0  1 -2  0 -3  2  2 -2 -2  0  0  1  3 -1 -3  0  0 -1 -1 -1    9   7   0   6   0  10  16   1   0   4   7  12  12   3   0   4   4   1   2   3  0.15 0.13
  101 I   -1 -4 -4 -5 -3 -3 -4 -5 -4  2  0 -2  8 -1 -5 -3  0 -4 -3  2    5   0   0   0   0   0   0   0   0  13   3   2  55   1   0   0   5   0   0  15  1.20 0.46
  102 A    1  1 -2 -2 -4  1  1 -3  0 -3 -3  6 -3 -4 -2 -1 -1 -4 -1 -1   11   4   0   0   0   4   6   0   3   0   1  57   0   0   2   2   2   0   3   5  0.68 0.31
  103 R   -1  1 -1  0 -4  1  2 -2 -2 -4 -4  6 -3 -4 -2 -1 -2 -4 -3 -4    3   6   2   4   0   4  15   3   0   0   1  56   0   0   1   3   1   0   0   0  0.76 0.31
  104 F   -3 -3 -3 -4  2 -3 -2 -4 -2  1  0 -2 -1  6 -2 -2 -3 -1  4  0    1   1   1   0   6   0   2   0   0   8   5   2   0  42   3   2   0   0  18   8  0.68 0.26
  105 K    0 -3 -1  1 -4 -2  1 -3 -3 -4 -4 -1  0 -4  6  1 -2 -5 -4 -2    6   0   3   9   0   0  11   1   0   0   0   4   3   0  49  10   0   0   0   2  1.00 0.30
  106 W   -2 -2 -5 -5 -4 -4 -3 -3 -4 -3 -3 -4  0  6 -5 -4 -4 10  0 -4    3   2   0   0   0   0   2   2   0   0   1   0   3  34   0   1   0  50   0   0  2.05 0.48
  107 A    3 -3 -4 -4  0 -3 -3 -1 -4  2  1 -3  0 -2  2 -2 -2 -4 -3  2   35   0   0   0   2   0   0   3   0  14  17   0   1   0  13   0   0   0   0  16  0.39 0.21
  108 R   -2  6  1 -3 -4  0 -1 -3  0 -3 -3  3 -3 -4 -3  0  0 -4 -3 -1    1  49   7   0   0   3   0   0   1   0   1  21   0   0   0   5   5   0   0   6  0.75 0.30
  109 A    3  3  0 -2 -3 -1 -1  1 -2 -3 -3  1 -3 -4 -3  2 -1 -4 -1 -2   35  23   3   0   0   0   1  12   0   0   0   7   0   0   0  14   1   0   2   1  0.43 0.23
  110 A    2 -4 -4 -4 -2 -3 -2 -3 -4  1  1 -3 -1 -2 -3 -2  0 -4 -3  5   24   0   0   0   0   0   2   0   0   4  10   0   0   0   0   0   6   0   0  54  0.60 0.28
  111 L   -2 -4 -4 -5 -3 -3 -4 -3 -4  2  4 -4  4  0 -4 -3 -2 -3 -2  2    2   0   0   0   0   0   0   2   0  10  52   0  15   3   0   0   0   0   0  16  0.67 0.25
  112 V    0 -1 -3 -2 -3  0  3 -4 -3  2 -1  1 -1 -3 -1 -2 -1 -4 -1  3    5   3   0   0   0   2  29   0   0  13   0   8   0   0   2   0   1   0   2  35  0.35 0.21
  113 I   -2 -4 -5 -5 -3 -4 -4 -5 -4  5  1 -4  1  2 -4 -4 -2 -3 -2  4    0   0   0   0   0   0   0   0   0  39   8   0   3  11   0   0   0   0   0  38  0.77 0.27
  114 T   -2  0  0  0 -3  0  0 -3  2 -3 -3  3 -3 -4 -3  0  5 -4 -3 -2    1   3   2   4   0   1   5   0   5   0   0  26   0   0   0   2  52   0   0   0  0.68 0.30
  115 V   -1 -4 -4 -4 -3 -4 -4 -5 -5  5 -1 -4 -1 -2  3 -3 -2 -4 -3  4    4   0   0   0   0   0   0   0   0  40   0   0   0   0  17   0   0   0   0  39  0.83 0.30
  116 V   -1 -2  0  3 -3  0  3 -1  0 -1 -2  0 -1 -3 -2  1  2 -4 -3 -1    2   0   2  17   0   2  25   3   3   5   4   6   2   0   0   7  22   0   0   2  0.30 0.16
  117 S   -1 -1  1  3 -3  0  4 -2 -1 -3 -4  1 -2 -3 -2  3  0 -4 -3 -2    1   1   5  15   0   0  31   0   1   0   0   7   1   1   0  32   3   0   0   3  0.52 0.23
  118 A    2 -3 -4 -4  3 -2 -3 -3 -4  3  0 -3 -1 -2 -3 -1 -1 -4 -3  4   25   0   0   0   8   1   0   0   0  23   3   0   0   0   0   2   1   0   0  36  0.49 0.22
  119 E   -2  1 -2 -1 -4  1  3 -3 -1 -1 -3  3 -2 -1 -3 -2  0 -1  5 -3    0   5   0   1   0   4  21   0   0   4   0  28   0   0   0   0   7   0  28   0  0.51 0.21
  120 Q   -3 -1  0 -2 -5  8  2 -4 -1 -5 -4 -1 -2 -5 -3 -2 -2 -4 -3 -4    0   0   5   0   0  87   8   0   0   0   0   0   0   0   0   0   0   0   0   0  1.56 0.39
  121 T    0 -1 -2 -3 -2 -1 -2 -2 -3  0  1  2  2 -2 -2 -1  4 -3 -2  0    7   0   0   0   0   0   0   1   0   1  19  20   7   0   0   0  38   0   0   7  0.31 0.16
  122 L   -2 -4 -5 -5 -2 -3 -4 -5 -4  3  5 -4  1  0 -4 -4 -2 -3 -2  1    0   0   0   0   0   0   0   0   0  25  69   0   0   2   0   0   0   0   0   4  0.76 0.19

                      K         Lambda
Standard Ungapped    0.1363     0.3195
Standard Gapped      0.0509     0.2670
PSI Ungapped         0.1655     0.3137
PSI Gapped           0.0509     0.2670
