
Last position-specific scoring matrix computed, weighted observed percentages rounded down, information per position, and relative weight of gapless real matches to pseudocounts
           A  R  N  D  C  Q  E  G  H  I  L  K  M  F  P  S  T  W  Y  V   A   R   N   D   C   Q   E   G   H   I   L   K   M   F   P   S   T   W   Y   V
    1 M   -3 -4 -5 -6 -4 -3 -5 -5 -4 -1  1 -4 10 -2 -5 -4 -3 -4 -3  0    0   0   0   0   0   0   0   0   0   0   8   0  86   0   0   0   0   0   0   5  1.97 0.45
    2 Q   -1  2  2  0 -3  3  1 -2  0 -3 -3  2 -1 -4  0  1  2 -4 -3 -2    2  10  13   4   0  17   6   0   2   0   0  16   1   0   3   9  16   0   0   1  0.35 0.15
    3 T    1  0  2  0 -3  0 -1 -1  0 -2 -1  1 -2 -2  1  1  3 -4 -2 -1   14   4  12   4   0   2   1   2   3   0   5  13   0   1   5   9  23   0   1   4  0.19 0.11
    4 I    0 -1 -2 -2 -2 -1 -1 -2 -3  1  2 -1  1 -1  1  0  1 -1 -1  1   11   3   1   1   0   3   2   2   0  12  26   4   5   1   9   4   8   1   1   8  0.12 0.08
    5 T    0  1 -1  0 -3  1 -1 -2 -2 -1 -1  0  0 -3  4  0  2 -4 -2 -2    8   8   2   4   0   7   0   2   0   5   4   6   3   0  26   7  17   0   1   1  0.38 0.15
    6 I    0 -1 -2 -2 -2  0 -1 -2 -2  1  2  0  1 -2  2  0  1  0 -2  1    7   3   1   1   0   5   4   1   0  10  22   6   3   0  12   8   8   2   0   8  0.13 0.08
    7 A    2  1 -1 -2 -3  0  0 -2 -2 -1 -1  1 -2 -2  3  0  0 -2 -1 -1   22   7   3   1   0   4   5   0   1   5   6  12   0   1  18   7   6   0   2   1  0.25 0.12
    8 P    0  1 -1 -2 -5  0 -2 -4 -3 -4 -3  2 -4 -5  7 -2 -2 -3 -4 -1    7   7   3   2   0   3   2   0   0   0   2  12   0   0  53   0   1   0   0   7  1.14 0.33
    9 P    0  0 -2 -3 -4 -1 -2 -2 -2 -3 -1  1 -2  2  6 -1 -1  0 -3 -2    6   6   1   0   0   1   1   3   1   1   5  11   1   9  44   4   3   1   0   2  0.78 0.26
   10 K   -1  5 -1 -2 -5  1 -1 -3 -1 -4 -3  4 -3 -2  1 -1 -2 -3 -4 -4    4  37   1   1   0   6   1   0   1   1   1  33   0   2   6   3   2   0   0   0  0.78 0.31
   11 R    0  4 -1 -1 -4  1  0 -1 -1 -2 -1  1 -1  0  2  0  0 -3 -2 -2    7  25   1   2   0   8   5   3   1   1   5  10   2   4  12   5   7   0   0   2  0.27 0.15
   12 S   -1  4  1 -2 -4  1 -1 -1 -2 -2 -2  2 -2 -1 -1  2  0 -3 -3 -2    3  28   6   1   0   5   2   4   0   3   3  14   0   4   2  17   5   0   0   1  0.31 0.18
   13 W   -1  1 -2 -5 -4 -2 -3 -4 -4  1  2  0  0  1 -2 -2 -2  9  0 -1    7   7   2   0   0   1   1   1   0   7  25   6   2   4   2   2   1  29   2   2  0.79 0.29
   14 F   -1  2 -1 -2 -3  1 -1 -1  0  0  1  1  0  1  0 -1  0  2  0  0    4  14   3   0   0   6   1   4   2   5  16  12   3   6   4   4   5   3   3   5  0.08 0.08
   15 S   -1  3  1 -1 -3  0 -1 -1  1 -2 -1  1  0 -2  0  1  1  2 -1 -1    5  25   8   1   0   3   1   4   3   2   6   9   2   1   4  10   8   3   1   4  0.19 0.13
   16 L   -1  0 -2 -4 -2 -2 -3 -2 -2  1  2 -2  1  2 -2 -2 -1  7  3  0    4   5   1   0   1   1   0   3   0  11  19   2   4   8   2   3   3  15  12   6  0.38 0.17
   17 L    1 -2 -3 -4 -3 -2 -3  0 -2  1  3 -2  1  1 -3 -2 -1  1 -1  1   17   2   0   0   0   1   0   9   1   7  34   2   2   6   1   2   3   2   2  13  0.25 0.16
   18 S    0  0 -2 -3 -1 -2 -3  2 -3  2  1 -2  0  0 -2 -1  1  4 -1  1    8   6   0   0   1   1   0  17   0  17  13   1   1   3   1   3   9   6   1  12  0.17 0.12
   19 W    0 -4 -4 -5 -3 -3 -4 -1 -3  1  1 -4 -1  2 -4 -2 -1  8  3  1    9   0   0   0   0   1   0   4   0   8  17   0   1   9   0   2   5  26   9   8  0.76 0.28
   20 A    2 -3 -3 -4 -1 -3 -3  1 -4  2  2 -3  0  0 -2 -1  0 -3 -3  2   21   0   0   0   1   0   0  13   0  11  25   0   1   3   1   2   4   0   0  17  0.29 0.18
   21 V    1 -4 -4 -4 -2 -4 -4  0 -4  3  3 -4  0 -1 -4 -2 -2 -2 -3  3   16   0   0   0   0   0   0   9   0  20  26   0   0   1   0   1   1   1   0  25  0.47 0.23
   22 V    1 -4 -4 -4  0 -3 -4 -1 -4  3  2 -3  1  2 -4 -2  0 -1 -1  3   12   0   0   0   2   0   0   4   0  16  19   0   3  10   0   1   5   1   2  25  0.35 0.19
   23 L    1 -4 -5 -5 -2 -4 -4 -3 -5  4  3 -4  0  0 -4 -3 -1 -4 -3  3   14   0   0   0   0   0   0   1   0  23  34   0   1   3   0   1   2   0   0  20  0.58 0.25
   24 A    4 -4 -4 -4 -2 -3 -3  1 -4  1  1 -3 -1 -1 -3 -1 -1 -4 -3  2   39   0   0   0   0   0   0  13   0   9  15   0   1   2   0   2   2   0   0  16  0.43 0.24
   25 V    0 -4 -4 -5 -2 -4 -4 -2 -3  3  3 -4  1  2 -4 -3 -1 -1  3  3   10   0   0   0   1   0   0   3   0  15  26   0   2   7   0   1   2   0  11  22  0.42 0.21
   26 L   -1 -4 -4 -5  0 -4 -4 -4 -2  2  4 -4  0  3 -4 -3 -1 -2  3  2    4   0   0   0   2   0   0   1   0  11  41   0   1  11   0   0   3   0  12  12  0.55 0.24
   27 V    1 -4 -4 -4 -1 -3 -4 -2 -3  3  2 -4  0  1 -4 -2 -1  2  0  3   12   0   0   0   1   0   0   4   0  22  17   0   1   7   0   1   2   3   3  26  0.40 0.20
   28 V    0 -5 -4 -6 -2 -2 -5 -2 -2  0  1 -5 -1  2 -5 -3 -3  9  3  0   11   0   0   0   1   2   0   3   1   5  15   0   1   7   0   1   1  34  10   7  1.12 0.37
   29 S    4 -3 -3 -3  3 -3 -3  0 -4 -2 -3 -3 -2 -2 -3  4  0 -5 -1 -2   33   0   0   0   7   0   0   5   0   3   1   0   1   1   0  41   5   0   2   2  0.69 0.34
   30 W    1 -4 -4 -5 -1 -4 -4 -2 -3  0  1 -4 -1  4 -5 -1 -2  8  1  0   15   0   0   0   1   0   0   3   0   6  15   0   1  19   0   6   2  23   3   6  0.79 0.30
   31 Q    0  1  0 -1 -3  2  0  0  0  0  0  0  0 -1 -2  0  0  4  1  0    9   8   6   2   0  12   3   6   2   6   8   3   2   1   1   7   4   8   5   7  0.10 0.09
   32 G    0 -2  0  0 -2  0 -1  3 -1 -1 -2 -2 -1  0 -1  1  1 -1  0  0    8   2   2   4   0   5   2  26   1   2   2   1   2   4   2  15   9   1   4   8  0.18 0.12
   33 A    2 -3 -3 -3 -1 -3 -3 -1 -4  2  2 -3  1  0 -3 -1  2 -4 -2  2   22   0   0   0   1   0   0   3   0  14  19   0   4   4   0   3  17   0   0  12  0.30 0.19
   34 E   -2 -1  1  4 -5  1  3  2 -2 -4 -3 -1 -3 -4  0 -1 -2 -5 -4 -4    1   3   6  25   0   6  24  20   0   0   3   3   0   0   4   2   2   0   0   0  0.54 0.24
   35 M    0 -4 -3 -4 -3 -3 -4 -3 -3  3  1 -4  4  4 -3 -2  0 -1 -1  3    6   0   1   0   0   1   0   1   0  17  11   0  13  17   1   1   5   1   0  23  0.46 0.22
   36 A   -1  1  4  4 -4 -1 -1 -1  0 -1 -4 -1 -2 -3 -1  2  0 -5 -3 -3    2   8  21  22   0   1   2   3   2   5   0   1   1   1   3  21   5   0   0   1  0.43 0.23
   37 P   -2 -4 -4 -4 -4 -3 -4 -2 -4  0  1 -4  0  4  4 -3 -3  8  0 -2    3   1   0   1   0   0   0   4   0   5  16   0   2  16  25   1   1  22   1   2  0.95 0.34
   38 L    1 -1 -1  1 -2  0  1  1 -1 -1  0  0  0 -1  0  1  0  0 -2 -1   12   3   2   8   0   4  12  11   1   3  12   3   2   1   5   9   5   1   1   4  0.07 0.05
   39 T   -1  4 -1  1 -4  0  1 -2 -2 -2 -1  1 -2  0 -3  0  1  1 -1 -1    4  32   1   8   0   2   8   3   0   0   6   8   1   5   0   4  10   2   1   4  0.28 0.18
   40 L   -2 -4 -4 -5 -3 -3 -4 -3 -4  2  4 -3  1  3 -4 -3 -2 -3 -1  2    2   0   0   0   0   1   1   2   0  10  49   1   2  12   0   1   1   0   1  17  0.62 0.26
   41 I    0 -1 -3 -2 -2 -1 -1 -2 -2  2  1 -1  0  3 -2  0 -1  4  1  1   11   2   0   1   0   2   2   2   0  13  13   3   2  13   1   7   2   6   5  12  0.15 0.11
   42 K    0  1  1  2 -3  1  2 -1 -1 -2 -3  1 -2 -3 -2  1  2 -2 -2 -2    6   6   4  14   0   7  17   4   1   2   1   7   1   1   0  11  14   0   1   3  0.23 0.13
   43 D    1 -2  2  1 -4 -2 -1  5 -2 -4 -5 -2 -3 -4 -3  1 -2 -2 -2 -4   13   1   9   8   0   0   2  47   1   0   0   2   0   0   1  11   1   1   2   0  0.69 0.27
   44 G    0 -3 -3 -4 -3 -3 -3  0 -3  1  2 -3  1  2  2 -1 -1  5 -1  1    8   1   0   0   0   0   0   6   0  11  25   0   4   9  10   6   3   8   0   8  0.26 0.15
   45 G    0  0  0  1 -4  0  1  3 -2 -4 -4 -1 -3 -3  4  0 -1 -4 -4 -2    7   5   4   8   0   4   9  23   0   0   1   1   0   1  24   8   2   0   0   2  0.48 0.20
   46 N   -1  3  4  0 -4  3  0 -1  0 -1 -4  0 -3 -4 -3 -1 -1 -3  0 -3    5  19  27   4   0  19   5   4   2   4   0   2   0   0   1   3   2   0   3   1  0.47 0.24
   47 M    0 -3 -4 -4 -3 -2 -3  1 -4  3  2 -3  5  3 -3 -1 -1 -3 -2  0    9   0   0   0   0   1   1  10   0  17  16   0  20  13   0   3   3   0   0   5  0.36 0.20
   48 A    2 -2 -2 -2 -3 -1 -2  3 -2  0  0 -1  0 -1 -3  0  0  3 -2  0   23   1   1   0   0   3   1  24   0   5   7   4   2   3   0   3   6   4   1   9  0.20 0.13
   49 T    0  2  0  4 -4  1  2 -2 -1 -3 -3  0 -2 -4 -3  1  1  0 -3 -1    7  13   4  27   0   5  11   1   1   1   1   4   0   0   0  10  10   1   0   4  0.34 0.17
   50 F   -4 -5 -5 -5 -4 -4 -5 -5 -3  3  3 -5  1  5 -5 -4 -3  2  3  0    0   0   0   0   0   0   0   0   0  21  26   0   2  33   0   0   0   2  10   6  0.86 0.30
   51 A    0 -4 -4 -5 -3 -4 -4 -2 -4  2  3 -4  1  4 -4 -3 -2  0 -1  1   11   0   0   0   0   0   0   4   0  15  32   0   2  24   0   1   1   1   0  11  0.50 0.22
   52 A    1  0  0  0 -3  0  0  2 -1 -2 -2  0 -1 -3  0  2  0 -4 -2 -1   13   5   2   5   0   4   3  20   1   1   3   6   1   0   3  21   5   0   1   4  0.19 0.12
   53 D   -1  5 -1  1 -4  2  1  2 -2 -4 -3  0 -2 -3 -3  0 -2 -4 -3 -4    4  34   1  10   0  10  11  16   0   0   3   4   1   1   0   5   0   0   0   0  0.50 0.23
   54 F    0 -4 -5 -5 -4 -3 -4 -4 -4  1  2 -4  7  4 -5 -1 -3 -3  1 -1    7   0   0   0   0   0   0   1   0   6  15   0  41  20   0   5   0   0   5   1  0.92 0.36
   55 F   -2 -3 -5 -5 -2 -4 -5 -4 -4  0  2 -4  1  6 -5 -3 -2  5  1  1    3   1   0   0   1   0   0   1   0   4  19   1   4  44   0   2   3   8   3   8  0.85 0.30
   56 P   -3 -1  0 -3 -5  0 -2 -5  4 -5 -5 -2 -5 -6  7 -1 -1 -6 -4 -4    1   3   5   1   0   4   1   0  11   0   0   1   0   0  65   3   4   0   0   1  1.65 0.46
   57 P   -3 -5 -5 -4 -6 -5 -4 -6 -6 -4 -3 -4 -5 -7  9 -4 -4 -7 -6 -4    1   0   0   0   0   0   0   0   0   1   3   0   0   0  94   0   0   0   0   1  2.83 0.67
   58 D   -2 -1  3  7 -6 -2  0 -4 -3 -5 -6 -2 -5 -4 -4  0 -3 -6 -4 -5    2   4  13  68   0   1   3   0   0   0   0   2   0   1   0   6   0   0   0   0  1.38 0.43
   59 F   -3 -5 -5 -6 -5 -5 -5 -5 -3 -2  1 -5 -1  6  0 -4 -1  9  0 -1    2   0   0   0   0   0   0   0   1   1  12   0   1  39   5   1   4  31   0   3  1.47 0.42
   60 S    1 -1 -1  0 -3 -1  0  1 -1 -3 -4 -1 -3 -4 -2  4  2  1 -2 -3   10   3   1   5   0   1   6  10   1   0   0   2   0   0   0  42  14   2   1   0  0.46 0.25
   61 Q   -1  3  0  1 -4  0  0 -2  0 -1 -3  0 -2  0 -4 -1 -2 -2  6 -1    4  20   3  10   0   4   6   3   1   4   0   3   1   2   0   2   1   0  31   6  0.43 0.23
   62 W    0 -3 -4 -5 -3 -3 -4  0 -4  1  2 -4  0  2 -3 -1 -1  8  0  0    7   1   0   0   0   0   0   8   0  10  25   0   2   7   1   4   2  25   2   4  0.68 0.25
   63 Q   -1  1  0  2 -4  1  2  1 -1 -3 -3  0 -2 -4  3  1 -1 -4 -2 -3    3  10   4  10   0   6  13  10   1   0   1   5   1   0  18  12   2   0   1   1  0.34 0.15
   64 D   -1  0  1  3 -3  0  1 -2  0  0  0  0 -1 -2  0  0  1 -3 -1  0    3   6   5  19   0   4   9   1   1   5  12   7   1   1   3   5   9   0   2   5  0.12 0.08
   65 Y    0 -4 -4 -5 -3 -4 -4 -4 -3  4  2 -4  0  0 -4 -2 -2  5  4  1    8   0   0   0   0   0   0   0   0  27  25   0   1   3   0   1   2  10  15   8  0.58 0.24
   66 L   -1 -3 -4 -4 -3 -2 -4 -2 -3  2  3 -2  1  1 -4 -2 -1  5 -1  2    3   1   0   0   0   1   0   3   0  15  33   2   3   5   0   3   3  10   1  18  0.41 0.19
   67 T    0  1  0  1 -3  1  1  0  1 -2 -3  2 -2 -3  0  1  0  2 -1 -2    5   8   2   7   0   8   9   7   4   2   1  17   0   0   4  13   6   4   1   3  0.19 0.11
   68 E    2 -1 -2 -2 -3 -1  0  3 -3 -3 -1  0 -1 -4  4 -1 -2 -3 -2 -2   18   2   1   1   0   3   8  23   0   0   9   6   1   0  22   2   0   0   2   1  0.42 0.19
   69 M   -1 -4 -5 -5 -3 -4 -5 -5 -4  2  4 -4  7  0 -5 -3 -1 -4 -3 -1    4   0   0   0   0   0   0   0   0   8  49   0  30   3   0   1   3   0   0   1  0.96 0.35
   70 A    0 -3 -4 -5 -3 -3 -4  0 -4  2  3 -3  1  0 -4 -3 -2  5 -2  2    7   1   0   0   0   0   0  10   0  15  35   1   3   3   0   0   0  10   0  14  0.46 0.21
   71 V   -3 -3 -2  3 -6  2  6 -5 -3 -2 -4 -2 -4 -5 -4 -3 -3 -5 -4  0    0   0   0  15   0   9  63   0   0   3   0   0   0   0   0   0   1   0   0   9  1.16 0.42
   72 T   -3 -4 -3 -4 -4 -3 -4 -4 -5 -3 -4 -3 -4 -5 -4  2  7 -6 -5 -3    0   0   0   0   0   0   0   0   0   0   0   0   0   0   0  16  83   0   0   0  1.73 0.57
   73 L   -3 -5 -5 -6 -3 -4 -5 -6 -5  4  4 -5  0  1 -5 -4 -3 -2 -3  3    0   0   0   0   0   0   0   0   0  27  47   0   1   6   0   0   0   0   0  19  0.87 0.30
   74 Q    2  1  1 -2  0  4  0 -2  1 -2 -1  0 -2 -3 -3  0  0 -1 -2 -2   23   7   9   0   2  26   4   0   3   1   5   4   0   1   0   4   6   1   1   1  0.32 0.20
   75 I   -4 -5 -6 -6 -4 -4 -5 -6 -5  6 -1 -5  8 -3 -6 -5 -3 -5 -4  0    0   0   0   0   0   0   0   0   0  48   1   0  48   0   0   0   1   0   0   2  1.73 0.53
   76 A    6 -4 -3 -4 -3 -3 -3 -1 -4 -4 -4 -3 -3 -5 -3  2  1 -5 -4 -3   74   0   0   0   0   0   0   4   0   0   0   0   0   0   0  15   8   0   0   0  1.15 0.43
   77 V   -2 -4 -4 -5 -3 -4 -4 -5 -4  4  2 -4  0  2 -4 -3  1 -1  2  3    1   0   0   0   0   0   0   0   0  28  22   0   1  11   0   0   9   1   7  21  0.55 0.23
   78 W    0 -4 -5 -5 -2 -4 -4 -4 -4  2  3 -4  0 -1 -4 -3  0  7 -2  2    9   0   0   0   1   0   0   0   0  15  33   0   1   1   0   0   6  18   0  15  0.72 0.27
   79 G    2 -5 -3 -4 -4 -4 -4  7 -4 -6 -6 -4 -5 -6 -4  1 -3 -5 -5 -5   15   0   0   0   0   0   0  75   0   0   0   0   0   0   0  10   0   0   0   0  1.53 0.44
   80 T   -3 -4 -3 -4 -4 -4 -4 -4 -5 -3 -4 -4 -4 -5 -4  1  8 -6 -5 -3    0   0   0   0   0   0   0   0   0   0   1   0   0   0   0   7  90   0   0   1  1.84 0.59
   81 A    1 -3 -3 -4 -2 -3 -3 -2 -4  1  2 -3  0  3 -3 -1  2 -3 -1  2   15   0   0   0   0   0   0   2   0   7  22   0   1  15   0   2  16   0   0  21  0.34 0.19
   82 L   -1 -4 -4 -5 -2 -4 -4 -2 -4  4  3 -4  2  2 -4 -3 -1 -3 -2  1    6   0   0   0   1   0   0   4   0  28  36   0   5  10   0   1   2   0   0   8  0.53 0.22
   83 A    4 -4 -3 -3 -2 -3 -3  5 -4 -5 -5 -3 -4 -5 -4  2 -2 -5 -5 -4   35   0   0   0   1   0   0  49   0   0   0   0   0   0   0  13   2   0   0   0  1.05 0.36
   84 V    3 -4 -4 -4 -2 -3 -3 -2 -4  3  0 -3  0 -1 -3  0  0 -4 -3  4   29   0   0   0   0   0   0   2   0  18   5   0   2   2   0   5   5   0   0  32  0.46 0.23
   85 V    0 -4 -4 -5 -1 -4 -4 -3 -4  4  2 -4  0  1 -3 -2 -1 -4 -2  3   10   0   0   0   1   0   0   2   0  34  20   0   1   7   1   1   2   0   0  22  0.52 0.22
   86 L    0 -4 -4 -5  0 -4 -4 -3 -4  3  4 -4  2  2 -4 -3 -2 -3 -2  2    6   0   0   0   2   0   0   1   0  21  40   0   4   8   0   1   1   0   0  15  0.53 0.22
   87 S    5 -3 -3 -3  1 -3 -3 -1 -4 -4 -4 -3 -4 -5 -3  5 -1 -5 -4 -3   48   0   0   0   3   0   0   3   0   0   0   0   0   0   0  44   1   0   0   0  1.01 0.40
   88 I   -2 -4 -5 -5 -2 -4 -5 -5 -4  4  3 -4  0  3 -5 -4 -2 -3 -2  3    1   0   0   0   0   0   0   0   0  28  30   0   1  13   0   0   1   0   0  25  0.72 0.26
   89 P   -3 -5 -5 -5 -1 -4 -4 -5 -5 -3 -2 -4 -5 -1  8 -4 -4 -6 -5 -2    1   0   0   0   1   0   0   0   0   2   4   0   0   3  85   0   0   0   0   3  2.36 0.58
   90 F   -3 -4 -5 -5 -2 -4 -5 -5 -4  3  4 -4  1  4 -5 -4 -3  0  0  2    1   0   0   0   0   0   0   0   0  18  38   0   2  19   0   0   0   1   2  17  0.68 0.25
   91 G    5 -3 -1 -3  0 -3 -3  3 -4 -4 -3 -3 -3 -4 -3  2 -2 -5 -4 -3   50   0   3   0   1   0   0  26   0   0   1   0   0   1   0  17   0   0   0   0  0.81 0.33
   92 L   -3 -4 -5 -5 -4 -4 -5 -5 -4  2  3 -5  0  6 -2 -4 -3 -2  1  1    1   0   0   0   0   0   0   0   0  12  36   0   1  36   3   0   0   0   3   7  0.83 0.29
   93 M   -1 -4 -5 -5  0 -4 -4  0 -4  1  4 -4  3  1 -5 -4 -3  4 -2 -1    5   0   0   0   2   0   0  10   0   5  55   0   8   6   0   0   0   7   0   2  0.67 0.28
   94 S    6 -4 -3 -4  3 -3 -3  1 -4 -2 -4 -3 -3 -5 -3  1 -2 -5 -4 -2   70   0   0   0   6   0   0   9   0   2   0   0   0   0   0  11   1   0   0   1  1.02 0.39
   95 A    7 -4 -4 -4 -2 -3 -4 -3 -4 -4 -4 -3 -4 -5 -4  2 -2 -5 -5 -3   88   0   0   0   0   0   0   0   0   0   0   0   0   0   0  12   0   0   0   0  1.52 0.51
   96 E   -1  6  1 -2 -5  1  1 -2  0 -5 -4  1 -3 -5 -3  1 -1 -2 -3 -4    4  48   7   1   0   4  10   2   2   0   0   6   0   0   1  12   2   1   0   0  0.74 0.30
   97 N   -5 -4  9 -2 -6 -3 -3 -2 -3 -6 -7 -3 -5 -6 -5 -2  0 -7 -5 -6    0   0  92   0   0   0   0   1   0   0   0   1   0   0   0   1   5   0   0   0  2.27 0.63
   98 L   -2 -2 -4 -4 -3 -3 -4 -4 -4  4  2 -2  3 -2 -4 -2  3 -4 -3  2    0   2   0   0   0   0   0   0   0  28  22   2   9   0   0   1  23   0   0  13  0.56 0.25
   99 V    2 -3 -1 -3  0 -2 -3 -3  0  0 -2 -2  2 -1 -3  2  3 -4 -2  2   21   0   1   0   2   0   0   0   3   3   2   1   6   2   0  20  21   0   0  17  0.34 0.22
  100 P   -3  0 -1 -4 -5 -2 -3 -2 -1 -5 -5  2 -3 -6  7  0 -1 -6 -5 -5    0   5   2   0   0   1   0   3   2   0   0  12   1   0  65   6   2   0   0   0  1.60 0.45
  101 W    0  2  3 -1 -3 -1 -2 -1  4 -2 -1  1 -1 -1 -2  1 -1  3 -1 -1    7  16  17   1   0   1   0   3  12   1   7   8   1   2   1  10   3   6   1   4  0.24 0.15
  102 W   -1  0 -5 -5 -5 -3 -4 -3 -4 -2 -3  0 -2  1  5 -3 -3 10 -1 -4    6   7   0   0   0   0   0   1   0   3   2   7   1   7  26   1   1  37   1   0  1.39 0.41
  103 V   -1 -4 -5 -5 -2 -4 -4 -5 -5  4  3 -4  0 -1 -4 -3  0 -4 -3  4    3   0   0   0   1   0   0   0   0  22  27   0   1   1   0   1   5   0   0  40  0.71 0.27
  104 Y   -2  2 -1 -4 -3  0 -3 -3  2 -2 -1 -2 -2  2 -4  1  0  0  6  0    2  11   3   0   0   3   0   1   4   1   4   0   0   5   0  11   6   1  38   8  0.57 0.27
  105 Q   -1  1 -1 -3 -3  2 -1  0  1 -1  0 -1  0  1 -2 -1  0  5  2 -1    4  10   3   0   0  13   1  10   4   3  10   0   2   8   2   3   7  11   6   4  0.20 0.13
  106 P    0 -3 -3 -3 -2 -3 -3 -1 -4  2  1 -3 -1  0  4 -1  0 -4 -3  2    8   0   0   0   0   0   1   5   0  15  17   0   0   5  24   6   5   0   0  14  0.39 0.18
  107 V    2 -3 -2 -3  3 -3 -3  2 -3  0 -1 -3  0 -2 -3  1  1 -4 -3  2   24   0   1   0   8   0   0  16   0   6   3   0   2   1   0  10   9   0   0  20  0.30 0.18
  108 R   -3  7 -1 -4 -6 -1 -3 -4 -3 -4 -2  3 -2 -5 -5 -3 -3 -5 -4 -5    1  74   3   0   0   1   0   0   0   1   3  15   1   0   0   0   1   0   0   0  1.56 0.48
  109 R    1  2 -2 -3 -2 -1 -2  0 -2  0  0 -2  0  3 -3  0  0  3 -1 -1   12  17   1   0   0   2   2   9   0   4  11   0   2  20   0   5   6   4   0   3  0.18 0.14
  110 L   -2 -4 -5 -5 -2 -4 -4 -3 -4  4  3 -4  1  2 -4 -3 -2 -1 -1  3    1   0   0   0   0   0   0   2   0  32  29   0   1  10   0   1   1   1   1  20  0.62 0.24
  111 M   -3 -4 -5 -5 -3 -1 -4 -5 -4  4  4 -4  5  0 -5 -4 -3 -4 -2  1    1   0   0   0   0   3   0   0   0  22  50   0  14   3   0   0   0   0   0   6  0.83 0.30
  112 D    1 -3  5  3 -3 -2  0 -2 -2 -1 -3 -2 -2 -4 -3  2  1 -5 -4  0   15   0  32  14   0   0   4   1   0   3   1   0   0   0   0  13   7   0   0   8  0.48 0.24
  113 A    2 -3 -3 -4 -2 -3 -3 -1 -3  3  1 -3  0  3 -3  0  0 -3 -1  2   18   0   0   0   0   0   0   5   0  18  14   0   1  14   0   7   6   0   0  17  0.27 0.16
  114 C    0 -3 -3 -3  4 -3 -3 -3 -4  3  1 -3  1  0 -3  2  0 -3 -2  2    6   0   0   1  10   0   0   0   0  23  15   0   4   5   0  18   6   0   0  12  0.33 0.18
  115 R   -5  8 -4 -5 -7 -2 -3 -6 -3 -5 -5 -1 -4 -6 -5 -4 -4 -6 -5 -6    0  98   0   0   0   0   0   0   0   1   0   0   0   0   0   0   0   0   0   0  2.42 0.64
  116 A    3 -3 -2 -3 -3 -3 -3  0 -3 -3 -4 -3 -3 -4 -3  4  4 -5 -4 -1   26   0   0   0   0   0   0   7   0   0   0   0   0   0   0  37  26   0   0   4  0.72 0.33
  117 I   -3 -5 -5 -5 -3 -4 -5 -5 -4  5  1 -5  1  4 -5 -4 -2 -3 -1  4    0   0   0   0   0   0   0   0   0  34  11   0   3  23   0   0   1   0   0  28  0.85 0.30
  118 N   -4 -4  4  0 -5  1 -2 -4  3 -5 -6 -3 -5 -6  7 -2 -3 -6 -4 -5    0   0  21   6   0   6   2   0   9   0   0   0   0   0  55   1   0   0   0   0  1.54 0.44
  119 E   -2 -2 -1  4 -5 -1  5 -2 -3 -4 -3 -2 -4 -5  1  1  1 -5 -4 -3    1   1   1  24   0   1  40   3   0   1   2   0   0   0   6  12   8   0   0   1  0.69 0.29
  120 M   -3 -4 -5 -6 -3 -4 -5 -6 -5  5  4 -5  3 -1 -5 -4 -3 -4 -3  2    0   0   0   0   0   0   0   0   0  32  48   0   8   2   0   0   0   0   0  10  0.93 0.32
  121 V   -2 -5 -5 -5 -3 -5 -5 -6 -5  5  2 -5  2 -2 -5 -4 -3 -5 -3  4    1   0   0   0   0   0   0   0   0  44  15   0   4   0   0   0   0   0   0  36  1.03 0.35
  122 F   -4 -5 -5 -6 -4 -4 -5 -5 -4  1  3 -5  3  4 -5 -4 -3  8  0  2    0   0   0   0   0   0   0   0   0   6  31   0   8  18   0   0   0  22   1  13  1.03 0.33
  123 A    6 -4 -4 -4 -3 -4 -4  2 -4 -4 -4 -4 -4 -5 -4 -2 -3 -5 -5 -3   86   0   0   0   0   0   0  14   0   0   0   0   0   0   0   0   0   0   0   0  1.48 0.50
  124 M    1 -4 -5 -5 -3 -4 -4 -4 -5  4  4 -4  3 -2 -4 -3 -2 -4 -3  1   11   0   0   0   0   0   0   0   0  27  47   0   9   0   0   1   1   0   0   4  0.75 0.29
  125 L   -3 -4 -5 -5 -3 -4 -5 -6 -5  5  4 -4  3  1 -5 -4 -3 -4 -3  2    1   0   0   0   0   0   0   0   0  36  41   0   6   4   0   0   0   0   0  12  0.88 0.30
  126 F   -4 -6 -6 -7 -3 -6 -6 -6 -4 -2  1 -6  0  9 -6 -5 -5  2  0 -3    1   0   0   0   0   0   0   0   0   1  11   0   2  82   0   0   0   2   1   0  2.01 0.54
  127 V   -2 -5 -6 -6 -4 -5 -5 -6 -6  3 -1 -5 -2 -3 -5 -4 -2 -6 -4  7    1   0   0   0   0   0   0   0   0  15   1   0   0   0   0   0   0   0   0  82  1.54 0.48
  128 V    4 -1 -2 -3 -3 -2 -2  0 -3  0 -3  2 -2 -4 -1  1  0 -4 -3  2   42   1   2   0   0   0   0   4   0   7   0  16   0   0   2   8   3   0   0  16  0.40 0.24
  129 A    5 -4 -4 -4 -3 -3 -4 -3 -4  3 -1 -3  2 -2 -4 -1 -1 -5 -4  1   60   0   0   0   0   0   0   0   0  18   3   0   6   1   0   2   2   0   0   8  0.80 0.35
  130 V   -3 -5 -5 -6 -3 -5 -5 -6 -5  1  1 -5 -1  5 -5 -4 -1 -4 -2  6    0   0   0   0   0   0   0   0   0   4   8   0   0  25   0   0   3   0   0  60  1.07 0.38
  131 G   -2 -5 -3 -4 -6 -5 -5  7 -5 -7 -7 -5 -6 -6 -5 -2 -5 -6 -6 -6    1   0   0   0   0   0   0  98   0   0   0   0   0   0   0   1   0   0   0   0  2.28 0.57
  132 L   -3 -4 -5 -5 -4 -4 -5 -5 -4  2  4 -4 -1  4  4 -3 -3 -3 -1 -1    0   0   0   0   0   0   0   0   0  11  41   0   0  23  21   1   0   0   0   1  0.87 0.32
  133 G   -3 -4 -2 -4 -6 -5 -5  7 -5 -7 -7 -4 -6 -6 -5 -2 -4 -6 -6 -6    0   1   2   0   0   0   0  96   0   0   0   0   0   0   0   1   0   0   0   0  2.18 0.56
  134 P    2 -4 -4 -4 -4 -2 -3 -4 -4 -3 -3 -3 -3 -5  7  0 -2 -6 -5 -1   19   0   0   0   0   2   0   0   0   1   2   0   0   0  62   7   1   0   0   5  1.53 0.44
  135 F   -2 -4 -5 -5 -4 -4 -4 -5 -4  0  3 -4  2  6 -1 -4 -2 -2  0  0    2   0   0   0   0   0   1   0   0   3  36   0   6  39   4   0   1   0   2   5  0.85 0.31
  136 A    6 -4 -4 -4 -3 -3 -3 -3 -4 -4 -4 -3 -4 -5  4  0 -2 -5 -5 -3   72   0   0   0   0   0   0   0   0   0   0   0   0   0  22   4   2   0   0   1  1.33 0.46
  137 G   -3 -5 -3 -4 -6 -5 -5  8 -5 -7 -7 -5 -6 -6 -5 -3 -5 -6 -6 -6    0   0   0   0   0   0   0 100   0   0   0   0   0   0   0   0   0   0   0   0  2.35 0.59
  138 V   -1 -5 -5 -5 -3 -4 -5 -5 -5  4 -1 -4  0  1 -4 -3  1 -4 -3  5    5   0   0   0   0   0   0   0   0  24   1   0   2   6   0   0   8   0   0  54  0.89 0.34
  139 L   -3 -5 -6 -6 -1 -4 -5 -5 -5  2  5 -5  3  0 -5 -5 -3 -2 -3  1    0   0   0   0   1   0   0   0   0   8  75   0   6   2   0   0   0   0   0   7  1.10 0.37
  140 A    6 -4 -4 -4 -3 -3 -4 -2 -4 -4 -4 -3 -4 -5 -4 -1  3 -5 -4 -3   81   0   0   0   0   0   0   2   0   0   0   0   0   0   0   1  16   0   0   0  1.36 0.48
  141 L   -4 -5 -6 -6 -3 -5 -5 -6 -5  4  5 -5  1 -2 -5 -5 -3 -4 -3  1    0   0   0   0   0   0   0   0   0  29  63   0   2   0   0   0   0   0   0   6  1.11 0.36
  142 F    3 -3 -3 -3 -2 -3 -3  2 -3  0 -2 -3  0  1 -3  1  2  2 -2 -1   35   0   0   0   0   0   0  17   0   7   1   0   3   7   0  10  13   3   0   3  0.37 0.21
  143 I   -3 -5 -5 -5  0 -4 -5 -5 -4  4  2 -4  0  5 -5 -4 -2 -3 -1  3    0   0   0   0   2   0   0   0   0  26  18   0   1  25   0   0   1   0   0  26  0.75 0.28
  144 H    1  1 -1 -1 -4 -2 -3 -1  8 -4 -3 -2 -3  3 -4 -1 -3 -3  2 -3   12  10   2   3   0   0   0   5  38   0   2   2   0  12   0   5   0   0   7   2  0.75 0.31
  145 T   -1 -3  0 -1 -3 -3 -2 -2 -4 -4 -4 -3 -2 -5 -3  5  5 -5 -4 -3    2   0   3   2   0   0   1   1   0   0   0   0   1   0   0  51  38   0   0   1  1.03 0.42
  146 T    0 -4 -4 -4 -2 -4 -4 -3 -4  5  0 -4  0  2 -4 -2  2 -2 -2  3    7   0   0   0   0   0   0   1   0  41   4   0   2   9   0   2  17   0   0  17  0.57 0.26
  147 G   -1 -5 -3 -4 -2 -5 -5  7 -5 -7 -7 -4 -6 -6 -5 -2 -4 -6 -6 -6    2   0   0   0   1   0   0  95   0   0   0   0   0   0   0   1   0   0   0   0  2.15 0.55
  148 V   -1 -4 -4 -4 -4 -3 -4 -4 -3  1  0 -4  6  6 -5 -2 -1 -2  1  2    6   0   0   1   0   1   1   1   0   6   2   0  25  35   0   2   2   0   3  14  0.77 0.31
  149 L   -2 -4 -5 -5  1 -4 -5 -5 -5  3  4 -4  3  1 -5 -4 -2 -4 -2  3    1   0   0   0   4   0   0   0   0  16  49   0   6   5   0   0   0   0   0  18  0.74 0.27
  150 S    4 -4 -3 -4 -2 -3 -4  5 -4 -4 -5 -3 -4 -4 -4  1 -2 -5 -5 -2   41   0   0   0   0   0   0  47   0   0   0   0   0   0   0   9   1   0   0   3  1.04 0.36
  151 K   -4  1 -3 -4 -6 -2 -2 -5 -4 -6 -6  8 -3 -6 -4 -3 -4 -6 -5 -5    0   4   0   0   0   0   0   0   0   0   0  95   1   0   0   0   0   0   0   0  2.04 0.60
  152 L   -4 -5 -6 -6 -4 -4 -5 -6 -5  0  6 -5  1  4 -6 -5 -4 -3 -2 -2    0   0   0   0   0   0   0   0   0   1  76   0   2  20   0   0   0   0   0   0  1.31 0.42
  153 L   -4 -5 -5 -6 -4 -3 -5 -5 -3 -1  3 -5  1  7 -5 -4 -2  1  4 -2    0   0   0   0   0   1   0   1   0   2  25   0   3  49   0   1   2   1  15   1  1.14 0.37
  154 S    4 -3 -3 -3 -2  0 -3  0 -3 -3 -4 -3 -3 -1 -3  3 -1 -3  4 -2   44   0   0   0   1   3   0   5   0   0   0   0   0   2   0  27   2   0  14   1  0.68 0.32
  155 E   -4 -3 -3  1 -7  0  7 -5 -3 -6 -6 -2 -5 -6 -4 -3 -3 -6 -5 -6    0   0   0   7   0   2  91   0   0   0   0   0   0   0   0   0   0   0   0   0  1.97 0.58
  156 A    4 -1 -2  1 -3 -2  0 -1 -2 -1 -3 -2 -3 -4 -3  1  0 -4 -2  0   50   2   0  10   0   1   5   2   0   4   1   0   0   0   0  11   4   0   1   7  0.47 0.25
  157 V   -3 -5 -4 -6 -4 -5 -5 -6 -5  7  1 -5  2 -1 -5 -5 -3 -5 -3  3    1   0   1   0   0   0   0   0   0  68   7   0   5   2   0   0   0   0   0  17  1.26 0.40
  158 E   -4 -3 -3 -1 -7 -1  8 -5 -3 -7 -6 -2 -5 -7 -4 -3 -4 -6 -5 -6    0   0   0   1   0   0  99   0   0   0   0   0   0   0   0   0   0   0   0   0  2.24 0.64
  159 A    2 -1  2  1 -3 -1  3 -1  2 -4 -3 -1 -3 -4 -2  2  1 -4 -3 -2   18   2  13   8   0   0  23   3   5   0   1   0   0   0   1  15  10   0   0   1  0.37 0.20
  160 I    0 -5 -5 -5  0 -4 -5 -5 -5  6  0 -4  2 -2 -5 -3  0 -5 -3  3    9   0   0   0   2   0   0   0   0  57   6   0   4   0   0   0   5   0   0  18  0.90 0.33
  161 E   -4 -4  1  8 -6 -1  1 -4 -1 -6 -6 -3 -6 -6 -3  0 -3 -7 -5 -6    0   0   4  78   0   2   7   0   1   0   0   0   0   0   1   6   0   0   0   0  1.70 0.49
  162 P   -1  1 -2 -1 -4  1  0 -3  0 -2 -1  1  3  0  5 -1 -1  1 -2 -2    3  10   1   3   0   6   5   0   2   2   5   8  13   5  30   2   2   2   0   1  0.48 0.21
  163 G    0  2  0 -2 -4 -1 -1  5 -3 -4 -5  2 -3 -5 -3  0 -2 -5 -4 -3    8  10   3   1   0   2   2  49   0   0   0  16   0   0   0   4   2   0   0   1  0.72 0.27
  164 P   -1 -3 -4 -4 -5  4 -3 -4 -4 -3 -5 -3 -3 -6  7  0 -3 -6 -5 -2    4   1   0   0   0  19   0   0   0   1   0   0   0   0  63   5   0   0   0   3  1.67 0.48
  165 V    0 -3 -2 -4 -3 -2 -3 -3 -3  3  2 -3  1 -2 -3 -1 -1 -1 -1  4    7   1   2   0   0   2   0   1   0  16  16   1   3   0   0   4   1   1   2  43  0.46 0.22
  166 E   -3 -2 -2  0 -7  0  7 -5 -3 -5 -6 -2 -5 -6 -4 -3 -3 -6 -5 -5    1   1   1   4   0   1  89   0   0   0   0   0   0   0   0   0   1   0   0   0  1.85 0.56
  167 G    6 -4 -4 -4 -3 -3 -3  3 -4 -4 -4 -3 -4 -4 -3  1 -3 -5 -4 -3   71   0   0   0   0   0   0  21   0   0   0   0   0   0   0   7   0   0   0   1  1.17 0.42
  168 I    0 -4 -5 -5 -2 -4 -4 -5 -5  4  3 -4  4 -2 -4 -4 -2 -4 -3  3    7   0   0   0   0   0   0   0   0  25  31   0  12   0   0   0   0   0   0  25  0.72 0.27
  169 R   -1  6 -2 -2 -4  1  2 -4 -2 -2 -3  2 -3 -5 -4 -1  2 -5 -4 -2    3  46   0   2   0   5  11   0   0   2   1   9   0   0   0   3  14   0   0   3  0.69 0.29
  170 A    6 -4 -4 -4 -2 -3 -3 -2 -4 -4 -3 -3 -3 -5 -3  2 -1 -5 -4 -1   77   0   0   0   0   0   0   0   0   0   2   0   0   0   0  15   2   0   0   4  1.19 0.44
  171 T    2 -3 -1 -3  0 -2 -3 -3 -2 -1 -2 -3 -2 -4 -3  2  5 -5 -3  1   18   0   2   0   2   1   0   0   1   3   1   0   1   0   0  16  43   0   0  12  0.60 0.30
  172 G   -3 -4 -3 -4 -6 -5 -5  8 -5 -7 -7 -5 -6 -6 -5 -3 -5 -6 -6 -6    0   0   1   0   0   0   0  99   0   0   0   0   0   0   0   0   0   0   0   0  2.30 0.58
  173 A    6 -4 -4 -4 -1 -3 -4  2 -4 -4 -4 -3 -3 -5 -4 -1 -2 -5 -5 -2   80   0   0   0   1   0   0  15   0   0   0   0   0   0   0   2   0   0   0   2  1.28 0.45
  174 N   -1 -1  5 -2 -4 -2 -2  1 -1 -4 -5 -2 -4 -5  0  4  1 -5 -4 -4    1   4  27   1   0   0   0  11   1   0   0   1   0   0   4  44   6   0   0   0  0.76 0.33
  175 K   -1  3 -2 -3 -4 -1 -2 -1  0 -3 -3  3 -2  1  2 -1 -1  7  0 -3    4  21   0   1   0   1   0   4   2   1   1  24   1   7   9   3   2  15   2   1  0.55 0.24
  176 L    0 -3 -3 -4 -3 -3 -4 -3 -4  2  3 -3  2  2 -2 -2 -1  3 -1  1    6   1   0   0   0   0   0   2   0  13  38   0   7  10   2   3   4   5   0   8  0.38 0.18
  177 E   -2 -1  0  0 -4  7  0 -2  2 -4 -4  2 -3 -5 -3  0 -2 -5 -4 -3    2   1   3   5   0  56   4   2   6   1   1   9   0   0   0   7   1   0   0   1  0.95 0.38
  178 E   -1 -1 -3 -3  0 -1  1 -3 -4  2  0 -2  0 -3 -4 -2  2  4 -3  4    2   4   0   0   2   2  12   1   0  15   4   1   2   0   0   1  13   6   0  36  0.38 0.22
  179 I   -1 -3 -5 -5 -3 -4 -5 -5 -4  5  3 -4  2  0 -5 -4 -2 -4 -2  3    4   1   0   0   0   0   0   0   0  44  25   0   5   3   0   0   0   0   1  17  0.77 0.28
  180 L    0  2  0 -2 -1  0 -2 -3  1  1  1 -1  1  1 -3 -1  0  3  0  2    8  15   5   2   1   4   0   0   4   9  11   0   4   5   0   3   5   5   2  17  0.12 0.11
  181 Y   -4 -4 -3 -5 -2 -4 -4 -3  4 -3 -2 -3 -3  6 -6 -4 -4  4  7 -3    0   0   1   0   1   0   0   2   8   1   1   1   0  32   0   0   0   5  46   0  1.50 0.45
  182 G    5 -4 -3 -4 -3 -4 -4  5 -4 -4 -5 -3 -4 -5 -4  0 -3 -5 -5 -2   46   0   0   0   0   0   0  47   0   0   0   0   0   0   0   5   0   0   0   2  1.15 0.39
  183 V   -2 -5 -5 -5 -3 -4 -5 -4 -3  4  0 -4  0 -2 -5 -4  0 -5 -2  6    2   0   0   0   0   0   0   1   1  23   6   0   2   1   0   0   4   0   1  59  0.95 0.34
  184 L   -2 -4 -5 -5 -3  0 -4 -5 -4  3  3 -4  3  0 -4 -4 -2  4 -2  3    2   0   0   0   0   6   0   0   0  19  35   0   7   4   0   0   0   6   0  21  0.60 0.24
  185 P   -4 -6 -5 -5 -6 -5 -5 -6 -6 -6 -6 -4 -6 -7  9 -3 -4 -7 -6 -6    0   0   0   0   0   0   0   0   0   0   0   0   0   0  99   1   0   0   0   0  3.12 0.71
  186 Q   -2 -2 -2 -1 -6  8  0 -4 -3 -6 -5 -2 -2 -6 -4 -2 -3 -5 -5 -5    3   0   1   3   0  87   2   1   0   0   0   0   1   0   0   2   1   0   0   0  2.02 0.63
  187 V    0 -5 -5 -5 -1 -4 -5 -5 -5  4  0 -4  0 -3 -5 -2 -2 -5 -4  6    7   0   0   0   1   0   0   0   0  23   3   0   1   0   0   2   1   0   0  62  1.02 0.36
  188 M    0 -3 -4 -5 -3 -2 -4 -4 -4  2  3 -1  6  1 -4 -3  0 -2 -3  0   10   1   0   0   0   1   0   0   0   9  36   3  27   5   0   1   4   0   0   3  0.60 0.27
  189 P    0 -3 -1 -4 -5 -3 -4 -3 -5 -6 -6 -4 -5 -6  8 -1 -1 -7 -6 -5    7   1   3   0   0   1   0   1   0   0   0   0   0   0  79   5   4   0   0   0  2.14 0.55
  190 L    1  2  0 -1 -3  2  1 -1  2 -2  1 -1 -1 -2 -3  0 -1 -3  0 -1   14  17   3   3   0  11   8   4   6   0  15   0   0   0   0   7   3   0   3   5  0.15 0.13
  191 L   -3 -5 -5 -6 -3 -2 -5 -3 -4  1  2 -5  2  7 -5 -4 -4  6  1 -1    1   0   0   0   0   2   0   2   0   6  18   0   6  46   0   0   0  11   3   3  1.02 0.34
  192 I    1 -4 -4 -4 -2 -3 -4 -4 -4  4  2 -4  1  0 -4 -2  0  1 -2  3   14   0   0   0   0   0   0   0   0  31  19   0   3   3   0   1   6   3   1  18  0.45 0.21
  193 S    0 -2 -1  0 -4 -3 -3  4 -3 -5 -5 -3 -4 -5 -3  5  0 -5 -4 -4    7   1   2   6   0   0   0  33   0   0   0   0   0   0   0  48   3   0   0   0  0.89 0.35
  194 Y   -3 -4 -1 -2 -4 -1 -3 -4 -1  1  2 -3 -1  3 -4 -2  0 -1  6  1    0   0   3   2   0   4   0   0   1   9  18   0   1  11   0   2   7   0  34   8  0.58 0.25
  195 S    2 -3 -2 -3 -1 -3 -3 -1 -3  0 -1 -3 -1  0 -3  3  4 -3 -3  1   18   0   0   0   1   0   0   2   0   5   4   0   1   4   0  24  28   0   0  12  0.40 0.24
  196 L   -3 -4 -5 -5 -3 -4 -5 -6 -5  2  5 -4  2  0 -5 -3 -1 -4 -3  1    1   0   0   0   0   0   0   0   0  12  66   0   5   3   0   1   4   0   0   9  0.92 0.32
  197 Y   -5 -5 -5 -6 -5 -5 -5 -6 -1 -4  0 -5 -3  3 -6 -5 -5  2  9 -4    0   0   0   0   0   0   0   0   1   0   8   0   0  11   0   0   0   2  78   0  2.23 0.59
  198 R    0  6 -2 -4 -5  1 -2 -4 -2  0 -2 -1  1 -1 -4 -2  0 -1 -3 -2    7  60   1   0   0   7   0   0   0   5   2   0   5   2   0   1   5   1   0   3  0.90 0.36
  199 F   -5 -5 -6 -6 -5 -5 -6 -6 -4 -1  2 -6 -1  7 -6 -5 -4  8  0 -2    0   0   0   0   0   0   0   0   0   2  20   0   1  53   0   0   0  21   0   2  1.66 0.46
  200 E   -4 -3 -2  5 -7 -1  6 -5 -3 -6 -6 -2 -5 -6 -4 -3 -4 -6 -5 -6    0   0   0  36   0   0  64   0   0   0   0   0   0   0   0   0   0   0   0   0  1.69 0.51
  201 S   -1 -2 -3 -4 -3 -3 -3 -3 -1  5  0 -2  0  0 -4  2 -2 -3  2  2    2   2   1   0   0   0   0   2   2  41   5   2   1   2   0  20   0   0   9  11  0.44 0.24
  202 N   -2 -3  8  0 -6 -3 -3 -3 -1 -6 -6 -3 -5 -6 -5  0 -3 -7 -5 -6    4   0  87   3   0   0   0   0   1   0   0   0   0   0   0   6   0   0   0   0  2.04 0.58
  203 V   -2 -4 -5 -5 -3 -4 -5 -5 -5  3  2 -4  0  3 -4 -3 -1 -4 -2  5    2   0   0   0   0   0   0   0   0  18  16   0   1  14   0   2   3   0   0  45  0.72 0.28
  204 R   -5  9 -4 -5 -7 -2 -3 -6 -3 -6 -6 -1 -5 -6 -5 -4 -4 -6 -5 -6    0 100   0   0   0   0   0   0   0   0   0   0   0   0   0   0   0   0   0   0  2.52 0.66
  205 S    3 -3  0 -2 -3 -1  3 -1 -1 -4 -4 -2  0 -4 -3  4 -1 -5 -4 -3   32   0   4   1   0   1  20   2   1   0   0   0   2   0   0  34   2   0   0   1  0.61 0.30
  206 A    4 -4 -3 -3 -3 -3 -3 -2 -4 -4 -5 -3 -4 -5 -3  5 -1 -5 -4 -3   43   0   0   0   0   0   0   1   0   0   0   0   0   0   0  54   1   0   0   1  1.16 0.45
  207 T    2 -3 -2 -3 -3 -3 -3 -3 -4 -2 -1 -3  0 -3 -3  3  5 -5 -4  0   19   0   0   0   0   0   0   0   0   1   5   0   2   0   0  22  45   0   0   5  0.74 0.34
  208 V   -3 -5 -5 -6 -3 -5 -5 -6 -6  5 -1 -5  2 -3 -5 -4 -1 -5 -4  6    0   0   0   0   0   0   0   0   0  29   1   0   4   0   0   0   2   0   0  64  1.23 0.39
  209 V   -3 -4 -5 -6 -3 -4 -5 -6 -5  2  5 -5  3 -2 -5 -4 -3 -4 -3  2    0   0   0   0   0   0   0   0   0  10  69   0   6   0   0   0   0   0   0  15  1.06 0.34
  210 G   -3 -5 -3 -4 -6 -5 -5  8 -5 -7 -7 -4 -6 -6 -5 -3 -5 -6 -6 -6    0   0   0   0   0   0   0 100   0   0   0   0   0   0   0   0   0   0   0   0  2.32 0.55
  211 M   -2 -4 -5 -5 -3 -4 -5 -5 -4  4  3 -4  3  2 -5 -4 -2 -3  2  1    2   0   0   0   0   0   0   0   0  31  32   0  10  11   0   0   0   0   7   8  0.66 0.24
  212 V   -3 -5 -6 -6 -3 -5 -5 -6 -6  3 -1 -5 -1 -3 -5 -4 -3 -6 -4  7    0   0   0   0   0   0   0   0   0  10   2   0   0   0   0   0   0   0   0  87  1.59 0.47
  213 G   -2 -5 -3 -4 -6 -5 -5  7 -5 -7 -7 -4 -6 -6 -5 -3 -5 -6 -6 -6    1   0   0   0   0   0   0  99   0   0   0   0   0   0   0   0   0   0   0   0  2.29 0.54
  214 A    7 -4 -4 -5 -3 -4 -4 -2 -5 -4 -4 -4 -4 -5 -4 -2 -3 -6 -5 -3   99   0   0   0   0   0   0   1   0   0   0   0   0   0   0   0   0   0   0   0  1.79 0.54
  215 G   -3 -5 -3 -4 -6 -5 -5  8 -5 -7 -7 -4 -6 -6 -5 -3 -5 -6 -6 -6    0   0   0   0   0   0   0 100   0   0   0   0   0   0   0   0   0   0   0   0  2.32 0.55
  216 G   -3 -5 -3 -4 -6 -5 -5  8 -5 -7 -7 -4 -6 -6 -5 -3 -5 -6 -6 -6    0   0   0   0   0   0   0 100   0   0   0   0   0   0   0   0   0   0   0   0  2.32 0.55
  217 I   -4 -6 -6 -6 -4 -6 -6 -7 -6  8  0 -6 -1 -3 -6 -5 -3 -5 -4  1    0   0   0   0   0   0   0   0   0  91   5   0   0   0   0   0   0   0   0   4  1.84 0.50
  218 G   -3 -5 -3 -4 -6 -5 -5  8 -5 -7 -7 -4 -6 -6 -5 -3 -5 -6 -6 -6    0   0   0   0   0   0   0 100   0   0   0   0   0   0   0   0   0   0   0   0  2.32 0.55
  219 V    0 -3 -3 -3 -3  1 -2 -1 -2  0  2 -2  1  3 -3 -1  1 -2  1  1   10   0   0   0   0  10   0   5   0   5  22   0   3  16   0   2  10   0   4  12  0.20 0.14
  220 T   -1 -2 -1 -1 -3  1  2 -3 -1  0  0 -1 -1  0  2 -1  2 -3  2  0    3   0   1   2   0   8  21   0   1   5   9   1   1   3  10   2  18   0   9   7  0.22 0.15
  221 L   -4 -5 -6 -6 -4 -5 -5 -6 -5  1  6 -5  1 -1 -5 -5 -4 -4  1 -1    0   0   0   0   0   0   0   0   0   7  85   0   2   1   0   0   0   0   4   1  1.30 0.40
  222 W    0 -2  2  0 -3  2 -1 -3 -1  1  0  0  1  1 -3 -1  0  3  0  0    6   0  12   5   0  14   1   0   1  13   6   6   5   9   0   3   4   5   3   7  0.12 0.11
  223 E    0  0  1  1 -3  2  1  0 -1 -1 -2 -1 -1  1 -3  1  2 -3 -2  0    6   5   7   7   0  10  12   6   1   4   1   0   1   8   0  10  16   0   0   6  0.14 0.11
  224 A    4 -2  0 -3 -3  0 -2 -2 -1 -2 -3 -2 -3 -3 -3  3  2 -4  1 -2   44   2   3   0   0   5   0   1   1   2   1   1   0   0   0  24  10   0   6   1  0.55 0.28
  225 I   -3 -4 -5 -5 -3 -3 -5 -5 -4  4  3 -4  4  3 -5 -3 -2 -3 -1  1    0   0   0   0   0   1   0   0   0  32  33   0  10  14   0   1   2   0   1   5  0.72 0.26
  226 R   -2  4  2  3 -4  3 -1  0 -1 -5 -4  1 -1 -5 -3  0 -1 -5 -4 -4    1  30  12  16   0  13   1   9   1   0   0   6   2   0   0   8   2   0   0   0  0.54 0.23
  227 G    0  2  0 -2 -3  0 -2  0 -2  0  1  0  1  1 -3  0  1 -3  0  0    7  16   4   0   0   3   1   9   0   3  18   4   6   7   0   9   8   0   3   5  0.09 0.09
  228 F   -4  2 -5 -6 -5 -4 -5 -6 -2 -2  1 -4  1  7 -6 -4 -4 -2  5 -3    0  12   0   0   0   0   0   0   0   1  14   0   3  53   0   0   0   0  17   0  1.26 0.39
  229 Q    0  2  3  3 -4  4  3 -3 -1 -4 -4  0 -3 -3 -3  0 -2 -4  0 -4    7  10  14  16   0  20  18   0   0   0   0   4   0   0   0   5   0   0   4   0  0.50 0.22
  230 F   -5 -5 -4 -7 -6 -5 -5 -6 -2 -4 -4 -5 -3  3 -6 -5 -5  9  8 -5    0   0   1   0   0   0   0   0   0   0   1   0   0  10   0   0   0  26  62   0  2.39 0.59
  231 Q    0 -1  1  5 -4  3  0  0 -2 -5 -5 -1 -4 -5  2  1 -2 -5 -4 -4    7   3   7  34   0  16   4   5   0   0   0   1   0   0  12  11   1   0   0   0  0.59 0.24
  232 Q   -2  3 -1  1 -4  3  2 -3 -1 -4 -3  2 -3  1 -3  0  0 -4 -1 -3    2  18   2   6   0  18  17   0   1   0   0  14   0   7   0   5   6   0   1   1  0.42 0.20
  233 T    3 -4 -4 -4 -3 -3 -4 -3 -4  0 -1 -3  1 -3 -4 -1  3 -5 -3  5   25   0   0   0   0   0   0   0   0   0   5   0   3   0   0   4  18   0   0  45  0.66 0.30
  234 C    3 -3 -2 -3  3 -3 -3  2 -3 -2  0 -3  0 -1 -3  2  0 -1 -3 -2   29   0   0   0   6   0   0  19   0   1  11   0   3   3   0  20   6   1   0   0  0.38 0.21
  235 A    4 -3 -3 -4 -1 -3 -3 -3 -4  1  0 -3  3 -1 -3  0  3 -4 -3  1   40   0   0   0   1   0   0   0   0   8   5   0   8   3   0   3  23   0   0   9  0.49 0.26
  236 L   -3 -5 -5 -4  0 -4 -5 -5 -3  7  1 -5  1 -2 -5 -4 -3 -5 -3  2    1   0   0   1   2   0   0   1   1  69   9   0   3   1   0   0   0   0   0  12  1.17 0.38
  237 M   -3 -4 -5 -5 -2 -4 -5 -5 -5  4  4 -4  4  0 -5 -4 -1 -4 -3  1    1   0   0   0   0   0   0   0   0  28  49   0  10   2   0   0   3   0   0   7  0.83 0.29
  238 V   -2 -5 -5 -5 -2 -4 -5 -5 -5  5  4 -5  0  0 -5 -4 -3 -3 -3  1    2   0   0   0   1   0   0   1   0  35  52   0   1   2   0   0   0   0   0   6  0.93 0.31
  239 L    1 -3 -3 -4  0 -3 -3  0 -4  2  1 -3  2  0 -3 -1  0 -3 -1  3   12   0   0   0   2   0   0   9   0  15   8   0   8   3   0   4   5   0   2  31  0.30 0.17
  240 I   -3 -5 -5 -5 -4 -5 -5 -6 -6  7  1 -5  0 -3 -5 -4  0 -5 -4  2    0   0   0   0   0   0   0   0   0  73   9   0   1   0   0   0   7   0   0  10  1.28 0.40
  241 I   -3 -4 -5 -5 -3 -4 -5 -5 -5  5  3 -4  1  3 -5 -4 -2 -3 -1  2    0   0   0   0   0   0   0   0   0  38  34   0   1  11   0   0   1   0   1  13  0.79 0.27
  242 V    3 -4 -4 -4 -3 -4 -4  0 -4  2  1 -4 -1 -2 -4 -2 -2 -4 -3  4   25   0   0   0   0   0   0   8   0  12  10   0   0   1   0   1   1   0   0  42  0.54 0.25
  243 T    0 -4 -4 -4 -1 -3 -4 -4 -4  2  1 -3  4 -1 -4 -2  2 -4 -3  3    9   0   0   0   1   0   0   1   0  13  12   0  16   2   0   1  17   0   0  29  0.49 0.23
  244 V   -3 -5 -6 -6 -4 -5 -5 -6 -6  3 -2 -5 -2 -3 -5 -4 -2 -6 -4  7    0   0   0   0   0   0   0   0   0  10   0   0   0   0   0   0   1   0   0  88  1.64 0.49
  245 S    0 -3 -2 -4 -2 -3 -3 -3 -3  2  2 -3  3  0 -3  0  3 -1 -1  2    6   0   1   0   0   0   0   1   0  11  20   0  10   4   0   8  20   1   2  16  0.30 0.17
  246 L    1 -4 -4 -5  0 -4 -4 -3 -4  3  3 -4  1 -1 -4 -3 -1 -4 -3  3   15   0   0   0   2   0   0   1   0  21  29   0   2   2   0   0   2   0   0  27  0.51 0.22
  247 L    0 -4 -4 -4  0 -4 -4  0 -4  5  1 -4  0 -1 -4  1 -1 -4 -3  2    7   0   0   0   2   0   0   7   0  48   9   0   1   2   0  11   1   0   0  13  0.55 0.25
  248 D   -4 -4 -1  7 -6 -2  5 -4 -3 -6 -6 -3 -5 -6 -4 -3 -3 -6 -5 -6    0   0   1  65   0   0  34   0   0   0   0   0   0   0   0   0   0   0   0   0  1.69 0.48
  249 F    0 -1 -3 -4 -3 -1 -3 -1 -1  1  1 -2  0  3 -4 -1  0  5  4  0   10   4   0   0   0   4   0   5   1  10  14   1   2  11   0   3   5   8  19   3  0.28 0.15
  250 L    0 -4 -4 -4 -2 -4 -4 -2 -4  4  3 -4  1  1 -4 -2 -1 -3 -2  3    9   0   0   0   0   0   0   3   0  29  27   0   1   6   0   2   1   0   0  20  0.48 0.20
  251 S    0 -4 -1 -3 -3 -3 -3  0 -4 -4 -5 -3 -4 -5 -4  7  1 -6 -4 -3    4   0   2   0   0   0   0   5   0   0   0   0   0   0   0  82   5   0   0   1  1.32 0.48
  252 Q    3 -2  2 -1 -3  1 -2  3 -2 -3 -3 -2 -3 -4 -3  2  1 -4 -4 -2   25   0  10   1   0   6   1  25   0   1   1   0   0   0   0  20   7   0   0   2  0.45 0.21
  253 R    1  3 -2 -3 -3  1 -2 -3  0 -1 -1  2 -1  0 -3 -1 -2  6  3 -1   12  17   1   0   0   6   1   0   1   4   6  15   1   4   0   4   1  13  10   4  0.36 0.18
  254 L   -1 -4 -5 -5 -3 -4 -5 -5 -5  4  4 -4  1 -1 -4 -3 -2 -2 -3  3    4   0   0   0   0   0   0   0   0  32  39   0   2   1   0   1   1   0   0  18  0.74 0.27
  255 R   -5  8 -3 -5 -7 -1 -3 -6 -3 -6 -5  0 -5 -6 -5 -4 -4 -6 -5 -6    0  98   0   0   0   1   0   0   0   0   0   1   0   0   0   0   0   0   0   0  2.40 0.62
  256 K    0  4 -1 -2 -4  0  2  0  1 -4 -4  4 -3 -2 -3  0 -1 -4 -3 -4    6  22   2   1   0   2  13   6   3   0   0  35   0   2   0   6   2   0   0   0  0.55 0.24
  257 H    1  6 -2 -3 -4  0 -2 -3  0 -3 -3  3 -1 -4 -4 -2 -2  2 -1 -1   12  48   1   0   0   2   0   1   2   2   1  19   1   0   0   1   1   3   2   4  0.76 0.30
  258 F   -3 -4 -5 -5 -3 -4 -5 -5 -4  4  4 -4  0  3 -5 -4 -3 -2 -1  2    0   0   0   0   0   0   0   0   0  23  45   0   1  15   0   0   0   0   1  14  0.79 0.27
  259 I   -3 -4 -5 -5 -3 -4 -5 -5 -5  5  3 -4  2 -2 -4 -4 -2 -4 -3  4    0   0   0   0   0   0   0   0   0  41  25   0   6   0   0   0   0   0   0  28  0.85 0.26

                      K         Lambda
Standard Ungapped    0.1388     0.3265
Standard Gapped      0.0541     0.2670
PSI Ungapped         0.1771     0.3199
PSI Gapped           0.0541     0.2670
