
Last position-specific scoring matrix computed, weighted observed percentages rounded down, information per position, and relative weight of gapless real matches to pseudocounts
           A  R  N  D  C  Q  E  G  H  I  L  K  M  F  P  S  T  W  Y  V   A   R   N   D   C   Q   E   G   H   I   L   K   M   F   P   S   T   W   Y   V
    1 M   -6 -6 -7 -8 -6 -5 -7 -7 -6 -3 -2 -6 11 -3 -7 -6 -5 -6 -6 -4    0   0   0   0   0   0   0   0   0   0   0   0  99   1   0   0   0   0   0   0  3.66 1.03
    2 D   -4 -3  3  6 -7  2  5 -5 -2 -6 -6 -3 -5 -7 -5 -3 -3 -7 -6 -6    0   0  12  38   0   8  40   0   1   0   0   0   0   0   0   0   1   0   0   0  1.41 0.53
    3 L   -4 -4 -5 -6 -4 -4 -5 -6  1  4  5 -5  0  3 -5 -3 -2 -4 -2 -2    0   1   0   0   0   1   0   0   3  22  56   0   1  12   0   1   2   0   1   0  1.00 0.41
    4 R   -4  7 -2 -5 -7  2 -2 -5  2 -6 -6  3 -5 -6 -4 -3 -3 -6 -4 -6    0  63   2   0   0   9   1   0   6   0   0  17   0   0   0   1   1   0   0   0  1.61 0.58
    5 D   -2 -2 -1  2 -3  6  0 -4  7 -6 -4 -1 -4 -5 -2  1  0 -5 -3 -5    2   1   2  11   1  35   4   1  24   0   2   2   0   0   1  10   5   0   0   0  1.00 0.45
    6 L   -4 -6 -7 -7 -5 -6 -6 -7 -6  1  6 -6  0 -2 -6 -6 -5 -2 -4 -2    1   0   0   0   0   0   0   0   0   5  91   0   1   1   0   0   0   1   0   0  1.78 0.61
    7 K   -1  6 -1 -3 -6  4  1 -4  0 -5 -4  3 -3 -4 -4 -2 -2 -5 -3 -4    4  40   2   0   0  19   9   1   2   0   1  17   0   1   0   2   1   0   1   0  0.94 0.41
    8 T   -4 -5 -5 -6  0  0 -5 -5  1 -1  2 -5  0 -1 -6 -4 -2 -2  8 -1    0   0   0   0   2   5   0   0   3   3  24   0   2   0   0   1   3   0  55   3  1.44 0.55
    9 F   -6 -7 -7 -8 -7 -7 -7 -7 -5 -4 -2 -7 -4  9 -8 -7 -6 -3  1 -2    0   0   0   0   0   0   0   0   0   0   3   0   0  93   0   0   0   0   2   2  2.89 0.82
   10 L   -2 -2 -4 -5 -2 -2 -3 -6 -2  3  3 -4  0 -3 -5 -3 -2 -5 -4  4    2   2   1   0   0   2   1   0   1  18  31   0   2   0   0   1   2   0   0  37  0.76 0.34
   11 H    5 -4 -1 -2 -4 -2  0 -4  6 -4 -5 -3 -3 -5 -4  0  1 -6 -3 -1   46   0   2   2   0   0   7   0  23   0   0   1   1   0   0   4  10   0   0   4  0.93 0.44
   12 L   -3 -6 -6 -7 -4 -5 -6 -7 -6  1  4 -6 -2 -3 -6 -5 -2 -5 -4  6    1   0   0   0   0   0   0   0   0   3  43   0   0   0   0   0   1   0   0  52  1.33 0.51
   13 A    7 -5 -4 -5  4 -4 -5 -4 -5 -5 -5 -4 -4 -6 -4  0 -2 -6 -4 -2   82   0   0   0   7   0   0   0   0   0   0   0   0   0   0   5   2   0   0   2  1.65 0.63
   14 E   -3  0 -2  2 -6  1  6 -4 -1 -6 -6  1 -3 -6 -4 -1 -2 -6 -5 -6    1   4   1  12   0   5  63   1   1   0   0   7   1   0   0   3   2   0   0   0  1.28 0.51
   15 S   -1  1 -1 -2 -4  0  4 -4  2 -4 -4 -2 -4 -5 -4  3  4 -5 -3 -3    3   7   1   0   0   3  30   0   5   0   1   1   0   0   0  21  27   0   1   1  0.73 0.39
   16 R   -3  3 -4 -4  0  0  0 -2 -2 -2  4  1  0 -3 -5 -3 -4 -5 -4 -2    0  21   0   0   2   5   7   4   1   0  51   7   1   0   0   1   0   0   0   0  0.68 0.36
   17 H   -5 -4  3 -5 -7 -3 -4 -4 10 -7 -7 -5 -6 -6 -6  1 -5 -7 -3 -7    0   0  15   0   0   0   0   1  72   0   0   0   0   0   0  12   0   0   0   0  2.64 0.80
   18 F   -6 -7 -7 -8 -6 -7 -7 -7 -5 -3 -3 -7 -4  9 -8 -6 -6 -3  0  0    0   0   0   0   0   0   0   0   0   1   1   0   0  90   0   0   0   0   1   8  2.73 0.79
   19 G    0 -1 -1 -4 -4 -3 -4  5  0 -3 -5 -3 -4 -5 -4  2  4 -5 -5 -4    8   4   2   0   0   0   0  41   2   2   0   1   0   0   0  15  25   0   0   0  0.86 0.40
   20 R   -4  7 -3 -3 -7  0  0 -6 -1 -6 -5  3 -5 -6 -5 -4 -4 -6 -5 -5    0  71   1   1   0   4   6   0   1   0   1  14   0   0   0   0   0   0   0   0  1.77 0.62
   21 S    6 -5 -4 -5 -4 -4 -4 -4 -5 -5 -5 -4 -4 -6 -4  0  4 -6 -5 -3   68   0   0   0   0   0   0   0   0   0   0   0   0   0   0   4  27   0   0   1  1.48 0.60
   22 A    7 -5 -5 -5 -4 -4 -4 -2 -5 -5 -5 -4 -5 -6 -4  2 -3 -6 -5 -4   82   0   0   0   0   0   0   1   0   0   0   0   0   0   0  16   0   0   0   0  1.72 0.66
   23 R    1  1 -1  2 -5  3  5 -3 -1 -4 -3  1 -3 -4 -4 -1 -1 -5 -4 -4   14   8   2   9   0  12  39   1   1   0   2   6   0   0   0   2   3   0   0   0  0.64 0.33
   24 A    3  5 -2 -3 -4  2  0 -4  0 -2  0  0 -2 -4 -4 -1 -2 -5 -3 -2   27  33   1   1   0   9   6   0   2   3   8   4   1   0   0   3   1   0   0   2  0.55 0.32
   25 M   -3 -5 -1 -6  6 -2 -4 -6 -3 -2  4 -5  6 -2 -6 -3 -3 -5 -4  0    1   0   4   0  17   1   1   0   1   0  48   0  19   1   0   2   1   0   0   6  1.12 0.47
   26 H   -3 -1  1 -4 -7 -2 -4  1 10 -7 -5 -5 -5  1 -6 -3 -5 -6  1 -7    2   3   6   1   0   1   0  10  66   0   1   0   0   6   0   1   0   0   4   0  2.11 0.70
   27 V   -3 -6 -6 -6 -4 -5 -6 -7 -6  5  0 -5  6 -3 -6 -5 -3 -6 -3  5    0   0   0   0   0   0   0   0   0  33   7   0  19   0   0   0   0   0   1  40  1.35 0.51
   28 S    4 -4 -3 -4 -4 -3 -4 -2 -5 -5 -4 -4 -3 -6 -4  6  2 -6 -5 -3   30   0   0   0   0   0   0   1   0   0   1   0   0   0   0  56  10   0   0   2  1.22 0.56
   29 P   -1 -4 -5 -5 -7  8 -3 -6 -4 -3 -5 -3 -5 -7  5 -4 -3 -6 -6 -4    5   0   0   0   0  60   0   0   0   1   1   0   0   0  30   0   1   0   0   1  1.91 0.74
   30 S   -2 -5 -4 -5 -6 -5 -5 -5 -6 -7 -7 -5 -6 -7  7  5 -4 -7 -6 -6    1   0   0   0   0   0   0   0   0   0   0   0   0   0  53  46   0   0   0   0  2.04 0.74
   31 T    3 -5 -4 -4 -4 -4 -4 -2 -5 -5 -5 -3 -5 -6  5  1  4 -6 -5 -4   28   0   0   0   0   0   0   2   0   0   0   0   0   0  32  11  27   0   0   0  1.16 0.51
   32 L   -5 -6 -7 -7 -5 -6 -7 -7 -7  1  6 -6 -1 -3 -7 -6 -5 -5 -5  1    0   0   0   0   0   0   0   0   0   5  87   0   0   0   0   0   0   0   0   8  1.74 0.61
   33 S   -3 -5 -3 -4 -5 -4 -4 -3 -5 -6 -7 -4 -6 -7 -4  7  2 -7 -6 -6    0   0   0   0   0   0   0   1   0   0   0   0   0   0   0  89   9   0   0   0  2.07 0.80
   34 R   -1  6 -4 -4 -6  5 -2 -3 -1 -3 -4  1 -4 -2 -5 -3 -2 -6 -5 -3    5  49   0   0   0  29   0   2   1   1   1   5   0   2   0   1   2   0   0   1  1.28 0.54
   35 Q    0 -2  0 -2 -2  8 -2 -5  0 -4 -5 -3 -3 -6 -5  0  1 -6 -5 -2    7   1   4   2   1  64   0   0   2   1   0   0   0   0   0   6   7   0   0   3  1.44 0.62
   36 I   -5 -7 -7 -7 -5 -7 -7 -8 -7  8 -1 -7  0 -4 -7 -6 -5 -7 -5  1    0   0   0   0   0   0   0   0   0  90   2   0   2   0   0   0   0   0   0   6  2.32 0.74
   37 Q    1  5 -3 -4 -6  6 -2 -5  0 -6 -5  2 -2 -4 -5 -2 -4 -6 -5 -4   11  28   0   0   0  43   0   0   2   0   0  11   1   1   0   2   0   0   0   1  1.25 0.54
   38 R    2  5  1 -2 -5  4 -2 -3  0 -5 -4  3 -4 -5 -4 -1 -2 -5 -4 -4   20  30   7   1   0  18   0   1   2   0   0  15   0   0   0   3   2   0   0   1  0.77 0.39
   39 L   -5 -6 -7 -8 -5 -6 -7 -8 -7  0  7 -6  2 -1 -7 -6 -5 -5 -5 -2    0   0   0   0   0   0   0   0   0   3  90   0   4   2   0   0   0   0   0   1  1.88 0.67
   40 E   -5 -5 -5 -3 -8 -2  8 -7 -5 -8 -8 -4 -7 -8 -6 -5 -5 -8 -7 -7    0   0   0   0   0   0 100   0   0   0   0   0   0   0   0   0   0   0   0   0  2.78 0.95
   41 E    1  2 -1  3 -5  3  4 -3  0 -4 -5 -1 -3 -6 -4 -1  0 -6 -5 -4   10  11   1  20   0  12  32   2   2   1   0   2   0   0   0   3   4   0   0   1  0.69 0.37
   42 D   -3 -4 -3  2 -7  1  7 -5 -4 -6 -4 -3 -4 -7 -5 -2 -2 -7 -6 -5    2   0   0   9   0   4  76   1   0   0   1   0   0   0   0   2   2   0   0   0  1.73 0.69
   43 L   -3 -6 -6 -7  0 -5 -6 -7 -6  2  6 -6 -1 -2 -6 -5 -2 -5 -4  2    1   0   0   0   2   0   0   0   0   9  72   0   0   1   0   0   3   0   0  13  1.32 0.52
   44 G   -3 -6 -2 -3 -7 -4 -3  7 -3 -8 -8 -4 -7 -7 -6 -3 -5 -7 -7 -7    1   0   2   1   0   0   2  91   1   0   0   1   0   0   0   1   0   0   0   0  2.29 0.75
   45 Q    2 -3 -3 -4 -1  3 -2 -2  2  0 -3 -2 -2 -1 -4 -1  2 -5 -3  4   21   0   0   0   1  13   2   2   5   3   0   1   0   3   0   3  13   0   0  32  0.48 0.33
   46 P    1  3 -3 -1 -5  3  1 -4 -3 -3 -4 -1  0 -5  4 -1  0 -5 -4 -2   11  15   0   4   0  17  10   0   0   1   1   2   3   0  24   4   7   0   0   2  0.59 0.33
   47 L   -6 -6 -8 -8 -5 -6 -7 -8 -7 -2  7 -7 -2 -4 -7 -7 -5 -6 -5 -3    0   0   0   0   0   0   0   0   0   1  99   0   0   0   0   0   0   0   0   0  2.21 0.77
   48 F   -6 -7 -7 -8 -6 -7 -7 -8 -6 -2  2 -7 -2  9 -8 -7 -6 -3 -1 -3    0   0   0   0   0   0   0   0   0   1  15   0   1  82   0   0   0   0   0   2  2.52 0.80
   49 V   -1 -1 -1  2 -4  1  3 -4  2  1  1 -1 -1 -3 -3 -1 -1 -2 -2  1    6   3   2  10   0   4  25   0   7   9  13   1   1   0   0   4   2   1   1  11  0.26 0.21
   50 R   -6  9 -5 -6 -8 -2 -5 -7 -5 -8 -7 -2 -6 -8 -7 -5 -6 -7 -6 -7    0  99   0   0   0   1   0   0   0   0   0   0   0   0   0   0   0   0   0   0  2.98 0.95
   51 D    0 -4  0  5 -5 -3  0 -2 -2 -2 -4 -3 -2 -6 -4  0  4 -6 -5 -2    7   0   4  38   0   0   5   3   1   2   0   1   1   0   0   6  29   0   0   2  0.84 0.42
   52 N   -2  3  6 -3 -5 -1 -3  1 -2 -6 -6  1 -5 -6 -1  1  0 -6 -5 -5    3  16  42   0   0   1   0  10   0   0   0   9   0   0   3   9   6   0   0   0  0.93 0.46
   53 R   -5  8 -5 -6 -8 -2 -4  0 -2 -7 -7  0 -6 -7 -6 -4 -4 -7 -6 -7    0  85   0   0   0   1   0   9   1   0   0   3   0   0   0   1   0   0   0   0  2.32 0.83
   54 T   -2  2  3 -2 -3  1 -2  1  1 -5 -5  1 -3 -5 -3  3  2 -5 -4 -4    2  14  15   1   0   6   2  12   4   0   0   8   0   0   0  26  11   0   0   0  0.53 0.33
   55 V   -3 -7 -7 -7 -5 -6 -6 -7 -7  2 -2 -6 -1 -4 -6 -4 -3 -7 -5  7    2   0   0   0   0   0   0   0   0   9   1   0   1   0   0   1   1   0   0  84  1.93 0.72
   56 T    1  3 -2 -1 -4  2  3 -3  0 -2 -2  2 -1 -4 -3  0  2 -5 -4 -1   15  15   0   2   0   8  18   1   2   2   3  11   2   0   0   5  13   0   0   3  0.35 0.25
   57 L   -4 -5 -7 -8 -5 -6 -7 -8 -7 -2  7 -6 -1 -1 -6 -6 -5 -6 -5 -3    1   0   0   0   0   0   0   0   0   1  94   0   1   2   0   0   0   0   0   0  1.97 0.73
   58 T   -4 -6 -2 -5 -5 -5 -5 -6 -6 -5 -6 -5 -5 -7 -6  0  8 -7 -6 -5    0   0   1   0   0   0   0   0   0   0   0   0   0   0   0   5  94   0   0   0  2.51 0.94
   59 E    2 -1 -1  2 -5  1  3 -4  1 -4 -4 -1 -4 -4  4  0 -2 -5 -3 -2   18   3   2  11   0   6  20   0   4   1   1   2   0   1  22   6   1   0   1   3  0.56 0.32
   60 A    6 -4 -4 -5 -2 -1  0 -4 -4  0 -4 -4 -4 -6 -4 -1 -3 -6 -3 -1   75   0   0   0   0   3   8   0   0   5   0   0   0   0   1   2   0   0   1   4  1.31 0.61
   61 G   -2 -7 -5 -6 -7 -6 -6  8 -6 -8 -8 -6 -7 -8 -7 -5 -6 -7 -8 -8    3   0   0   0   0   0   0  97   0   0   0   0   0   0   0   0   0   0   0   0  2.65 0.87
   62 E    0  4 -2 -2 -5  2  4 -4  1 -4 -2  2 -2 -4 -4 -2 -2 -5 -4 -2    7  22   1   1   0  10  31   0   3   0   4  13   1   0   0   2   1   0   0   2  0.67 0.37
   63 E    3  1 -3 -3 -3  2  0 -3  0  0  1  1 -1 -4 -3 -1  0 -4 -3  2   27   8   0   1   0   8   6   0   2   4  12  10   1   0   0   3   4   0   0  14  0.26 0.23
   64 L   -2 -6 -7 -7 -5 -6 -7 -7 -5 -3  4 -6  0  7 -7 -6 -4  0  1 -2    3   0   0   0   0   0   0   0   0   0  39   0   2  50   0   0   1   1   3   1  1.60 0.61
   65 R   -3  1 -5 -6 -3  1 -4 -5 -3  0  5  0 -1 -2 -6 -4 -4 -5 -3 -1    2  10   0   0   0   6   1   0   1   3  66   6   1   1   0   0   0   0   1   3  0.96 0.47
   66 V    0 -1 -2  2 -4  2  3 -1  1 -3 -3 -1 -3 -5  4 -1 -1 -5 -4 -2    7   3   1   9   0   9  23   5   4   1   2   2   0   0  24   3   3   0   0   3  0.54 0.31
   67 F   -3  0 -3  0 -2  0  3 -4  4 -2 -1 -2 -2  4 -2 -3 -4 -3  4  0    2   5   0   5   1   3  22   1  12   2   7   1   0  17   1   0   0   0  14   6  0.53 0.32
   68 A    6 -5 -5 -6 -1 -5 -5 -2 -6 -2 -5 -5 -2 -6 -5 -1 -1 -6 -5  1   78   0   0   0   1   0   0   2   0   2   0   0   1   0   0   3   2   0   0  10  1.50 0.66
   69 Q   -4  6 -3 -2 -6  3  2 -4 -3 -3 -2  1 -2 -5 -5 -2 -2 -6 -2 -3    1  49   0   2   0  15  11   1   0   2   3   8   1   0   0   2   2   0   2   2  1.04 0.49
   70 Q    1  4 -1  1 -5  4  0 -2 -1 -4 -2  0 -2 -5 -2  0  0 -5 -4 -4   10  26   3   7   0  23   5   2   1   1   4   4   0   0   1   6   6   0   0   0  0.53 0.33
   71 T    2 -4 -3 -5  0 -3 -3 -4 -5  4  1 -4  1 -3 -4 -1  2 -1 -3  3   16   0   0   0   2   1   1   0   0  25  10   0   3   0   0   4  17   1   0  19  0.51 0.31
   72 L   -4 -5 -7 -7 -2 -5 -6 -6 -6  1  6 -6  2 -1 -6 -4 -4  3 -4  0    0   0   0   0   1   0   0   0   0   6  76   0   4   2   0   1   0   4   0   5  1.42 0.57
   73 L    4  0  0 -1 -2  2  1 -1  0 -3 -1  0 -2 -2 -3  0 -1 -4 -3 -1   36   5   3   4   1  11   8   3   2   1   8   6   1   1   0   6   2   0   0   3  0.31 0.25
   74 Q    1  1  0  3 -5  5  3 -2  1 -5 -3 -2 -2 -6 -4 -1 -3 -5 -4 -4   11   7   5  16   0  32  16   3   3   0   2   1   1   0   0   3   0   0   0   1  0.71 0.40
   75 Y    2 -5 -6 -6 -5 -5 -5 -5 -3  1  1 -5 -2 -2 -6 -3 -1  9  2  3   21   0   0   0   0   0   0   0   1   7  12   0   0   1   0   1   4  31   6  18  1.25 0.52
   76 Q   -1  1 -1  4 -6  4  4 -2  0 -5 -4 -1 -4 -5 -4 -1 -3 -6 -5 -5    5   6   2  24   0  23  25   2   2   1   2   3   0   0   0   3   1   0   0   0  0.79 0.41
   77 Q    1  2 -1 -1 -4  4  1 -2  0 -3 -2  2 -1 -3 -3  0  1 -4 -1 -2   12  11   2   3   0  24   8   2   3   0   4  10   2   1   0   5   9   0   2   3  0.34 0.25
   78 L    5 -5 -5 -5 -3 -4 -5 -4 -5 -1  3 -4  0  2 -5 -2 -2 -4  1 -1   50   0   0   0   0   0   0   0   0   3  26   0   2   8   0   2   1   0   4   4  0.82 0.45
   79 R    0  4 -2 -3 -3  2 -1 -2 -1  0 -2  3 -2 -4  0 -2 -1 -5 -3  1    8  24   1   0   1   9   3   2   1   5   2  21   1   0   4   1   4   0   1  12  0.41 0.28
   80 H    1  2 -1  2 -4  3  2 -2  4 -3 -1  0 -2 -4 -3  0 -1 -2 -3 -2   11  14   1  12   0  13  13   3  11   1   6   3   0   0   1   6   2   1   0   2  0.33 0.24
   81 T    2  0 -1  0 -3  2  2 -3  0 -1  0 -1  0 -4 -3  0  0 -4 -3  0   18   6   2   5   0  11  18   1   2   2  11   3   3   0   0   7   5   0   0   7  0.21 0.19
   82 I    3 -4 -4 -5 -1 -4 -4 -2 -5  2  2 -4  1 -1 -4 -2  0 -3 -4  3   25   0   0   0   1   0   0   3   0  10  22   0   3   2   0   1   7   0   0  26  0.53 0.32
   83 D    0  5  0  1 -5  4  0 -1  1 -3 -3  1 -1 -5 -4  0 -2 -5 -4 -3    7  29   5   8   0  20   3   4   3   1   1   7   1   0   0   7   2   0   0   2  0.55 0.33
   84 Q    0  4 -2  1 -5  3  3 -2 -1 -4 -3 -1 -2 -5  0 -1 -2 -5 -4 -4    9  24   1   8   0  16  24   3   1   1   2   2   1   0   4   3   2   0   0   1  0.58 0.35
   85 Q    2 -1  0  0 -3  1  0 -1  1 -1  0 -1 -2 -1 -1  0  0 -3  1  0   24   2   4   6   0   8   4   3   4   2  12   1   0   2   2   7   7   0   5   8  0.11 0.14
   86 G    2 -1 -1 -1 -3  2  0  2  1 -2  0 -1 -2 -4 -2  1  0 -4 -3 -1   22   2   2   4   0  13   5  15   3   2   9   2   0   0   1  10   5   0   0   5  0.21 0.19
   87 P    0  3  0  2 -4  2  1  1 -1 -4 -2 -1 -3 -4  0  0 -1 -5 -4 -3   10  21   4  13   0  12   8  10   1   0   5   1   0   0   4   6   3   0   0   0  0.34 0.24
   88 S   -1 -4 -3 -2 -5  0  1  4 -1 -3  1 -3 -2 -4  2  0 -2 -5 -2 -2    4   0   0   1   0   4  12  39   2   1  14   1   0   0   9   6   2   0   1   2  0.52 0.31
   89 L   -2  2 -4 -1 -5 -2  4 -5 -3  0  3 -2  1 -4 -5 -3 -3 -5 -3 -2    3  10   0   2   0   1  33   0   0   4  36   2   3   0   0   1   1   0   0   2  0.65 0.39
   90 S    1  4 -2 -3 -2  1 -1 -2  0  0 -1  1 -2 -4 -3  2  1 -4 -1  0   11  23   0   0   1   7   3   3   2   5   8   7   0   0   0  15   8   0   2   7  0.26 0.22
   91 G   -4 -7 -5 -6 -7 -6 -6  8 -6 -8 -8 -6 -7 -7 -6 -5 -6 -7 -7 -7    0   0   0   0   0   0   0  99   0   0   0   0   0   0   0   0   0   0   0   0  2.74 0.89
   92 E   -2  4 -2 -2 -6  1  5 -5  0 -4 -3  0 -2 -4 -1 -1  2 -3 -4 -3    2  26   1   0   0   6  34   0   2   0   2   3   1   1   2   4  13   0   0   2  0.74 0.41
   93 L   -3 -6 -7 -7 -4 -6 -6 -7 -6  3  5 -6  1 -3 -6 -6 -4 -5 -4  3    1   0   0   0   0   0   0   0   0  16  64   0   2   0   0   0   0   0   0  17  1.33 0.52
   94 H    0  5 -1 -2 -5 -1 -2 -3  2 -4 -5  2 -3 -5 -4  3  1 -6 -4 -2    8  35   2   1   0   2   1   1   5   0   0  14   0   0   0  21   8   0   0   3  0.72 0.39
   95 I   -4 -6 -7 -7 -4 -6 -6 -7 -6  5  4 -6 -1 -2 -6 -6 -4 -5 -4  3    0   0   0   0   0   0   0   0   0  39  41   0   1   1   0   0   0   0   0  19  1.30 0.50
   96 F   -1 -3 -4 -5 -6 -5 -6  6 -4 -6 -5 -5 -5  4 -6 -2 -4 -4  4 -6    4   2   0   0   0   0   0  61   0   0   0   0   0  17   0   2   0   0  14   0  1.52 0.58
   97 C    2 -6 -6 -7  8 -6 -6 -5 -5 -3 -2 -6 -1  7 -6 -4 -4 -4 -1 -2   15   0   0   0  30   0   0   0   0   1   2   0   1  45   0   1   1   0   1   2  1.73 0.62
   98 S   -2 -4 -2 -4 -4 -4 -4 -4 -5  1 -3 -4 -3 -2  2  4  4 -6 -4  3    1   0   1   0   0   0   0   0   0   7   2   0   0   2  11  30  25   0   0  21  0.74 0.43
   99 V    0 -4 -1 -2 -4 -2 -2  1 -1 -1 -3 -4  0 -4  4  2  0 -5 -4  4    5   0   2   2   0   1   2   9   1   3   0   0   2   0  18  19   4   0   0  32  0.53 0.34
  100 T   -2 -5 -4 -5 -1 -4 -4 -3 -5 -3 -4 -4 -5 -6 -4  5  6 -7 -6 -3    2   0   0   0   1   0   0   1   0   1   1   0   0   0   1  48  43   0   0   1  1.46 0.68
  101 A    6 -5 -5 -6 -1 -4 -5 -4 -5 -3  2 -4  1 -5 -3 -1 -2 -6 -5  1   64   0   0   0   1   0   0   0   0   0  18   0   4   0   1   3   2   0   0   8  1.12 0.55
  102 A    3 -4 -3 -1  4 -3 -3 -1 -2 -2 -2 -3 -1  0  0  3  2 -5 -4 -1   31   0   0   4   9   0   0   5   1   2   3   0   1   4   4  20  12   0   0   4  0.46 0.32
  103 Y    0 -5 -1 -4 -5 -1 -5 -4  1 -3 -3 -5 -4  2 -1  0  1  0  8 -3   10   0   3   1   0   3   0   1   3   1   1   0   0   8   3   6  11   1  47   1  1.09 0.51
  104 S   -1  0  1  0 -4 -1 -1  1  2 -3 -5 -2 -4 -2 -3  5  0 -5  1 -2    4   4   5   4   0   2   2  12   5   1   0   1   0   1   1  44   5   0   6   3  0.54 0.36
  105 H   -3 -2 -4 -1 -4 -3 -4 -2  5  2  3 -3  0  2 -2 -2  0 -1  0  1    1   2   0   3   0   0   0   3  17  10  28   1   2   9   2   1   7   1   2  12  0.43 0.27
  106 L   -4 -6 -7 -7 -5 -6 -6 -7 -6  1  6 -6  2 -1 -7 -6 -5 -5 -4  1    1   0   0   0   0   0   0   0   0   7  78   0   4   2   0   0   0   0   0   7  1.55 0.60
  107 P   -2 -7 -6 -6 -7 -6 -6 -5  0 -7 -7 -6 -7 -2  8 -3 -3 -7  1 -5    3   0   0   0   0   0   0   1   2   0   0   0   0   2  85   2   1   0   4   1  2.67 0.91
  108 P    0  2 -1  2 -4  2  1 -1  1 -3 -3  0 -1 -4  3  0  1 -5 -4 -2    9  12   1  15   0  10  10   4   3   2   1   4   2   0  13   4  10   0   0   2  0.31 0.21
  109 I    1 -4 -5 -6 -2 -5 -5 -4 -5  4  3 -5  2 -2 -5 -3 -2 -5 -2  3   14   0   0   0   0   0   0   0   0  27  28   0   4   1   0   1   1   0   1  22  0.74 0.36
  110 L   -4 -6 -7 -7 -5 -6 -6 -7 -6  4  5 -6 -1 -1 -6 -4 -3 -5 -4  1    1   0   0   0   0   0   0   0   0  24  61   0   0   2   0   1   1   0   0  10  1.29 0.52
  111 D    1  4  0  1 -4  0  1 -2  0 -4 -4  1 -3  0  0  1 -1 -5 -2 -4   11  28   3   9   0   4   7   2   3   0   1   7   0   4   5  13   3   0   1   0  0.39 0.26
  112 R    3  3 -1 -1 -4  1  1 -2 -1 -3 -2  0 -1 -4 -2  0  0 -5 -3 -2   32  19   2   4   0   7   7   2   1   1   3   5   1   0   1   5   4   0   0   2  0.37 0.27
  113 F   -4 -7 -7 -8 -7 -7 -7 -7 -3 -3 -1 -7 -3  9 -8 -6 -5 -3  4 -3    1   0   0   0   0   0   0   0   1   1   6   0   0  77   0   0   0   0  12   2  2.42 0.80
  114 R   -3  8 -3 -5 -7  0 -2 -5  5 -7 -6  1 -5 -7 -6 -3 -3 -7 -5 -5    1  71   1   0   0   3   2   1  13   0   0   5   0   0   0   1   1   0   0   1  1.90 0.72
  115 A    2  2 -1  1 -4  4  2 -3 -1 -3 -1  0 -2 -4 -4 -1  0 -5 -4 -2   23  10   2   8   0  20  15   1   1   1   5   5   0   0   0   3   4   0   0   1  0.41 0.29
  116 E    2  5 -2 -1 -1  3  2 -4  1 -3 -2  0 -2 -5 -4 -2 -1 -5 -4 -3   15  38   1   4   1  11  11   0   3   1   4   4   1   0   0   1   4   0   0   1  0.67 0.38
  117 H   -6 -5 -4 -6  1 -4 -5 -7  8 -4 -2 -6 -5  4 -7 -5 -5  1  7 -5    0   0   0   0   3   0   0   0  35   0   3   0   0  17   0   0   0   1  39   0  2.03 0.73
  118 P   -5 -6 -7 -6 -8 -2 -5 -6 -7 -8 -6 -6 -7 -9  9 -4 -6 -9 -8 -7    1   0   0   0   0   2   1   0   0   0   1   0   0   0  95   1   0   0   0   0  3.22 1.04
  119 S    1  0  1  1 -4  2  1  3  2 -4 -1  1 -2 -2 -3 -1 -2 -4 -1 -4   10   5   6   9   0  12   7  23   5   0   6   9   1   1   0   2   1   0   2   0  0.31 0.22
  120 V   -2 -6 -7 -7 -5 -6 -6 -7 -7  5 -1 -6 -3 -4 -6 -6 -4 -7 -5  6    2   0   0   0   0   0   0   0   0  29   5   0   0   0   0   0   0   0   0  64  1.70 0.65
  121 E   -2  2 -2  2 -6  2  6 -3  4 -6 -6  0 -5 -6 -4 -1 -2 -6 -5 -5    2  10   1  10   0   8  48   2   9   0   0   4   0   0   0   4   2   0   0   1  1.00 0.48
  122 I   -4 -6 -6 -7 -4 -5 -6 -7 -6  5  4 -6  2  3 -6 -5 -3 -5 -3  1    0   0   0   0   0   0   0   0   0  29  45   0   4  12   0   0   1   0   0   9  1.13 0.47
  123 K   -1  1  0  0 -4  2  1 -3  2 -1 -1  3 -1 -2 -3  0  1 -2 -1  0    5   7   4   4   0  11   7   1   5   2   6  21   2   1   0   5   8   0   2   9  0.20 0.17
  124 L   -5 -6 -7 -8 -5 -6 -7 -8 -7  0  6 -6  0 -1 -7 -6 -5 -5 -5  1    0   0   0   0   0   0   0   0   0   4  85   0   1   2   0   0   0   0   0   7  1.74 0.66
  125 T   -2  4  0 -1 -5  2  2 -4  6 -2 -2  0 -2 -5 -4  1  1 -2 -3 -4    1  23   4   2   0   9  11   0  18   2   3   4   1   0   0   9  11   1   0   0  0.60 0.35
  126 T   -4 -4 -3 -2 -6  3  6 -4 -4 -6 -5 -3 -5 -7 -4 -3  5 -7 -6 -4    0   0   1   1   0  11  53   1   0   0   0   0   0   0   1   1  32   0   0   1  1.47 0.67
  127 G    1 -5 -4 -2 -5 -3 -3  5 -5 -4  0 -4  5 -5 -5 -1 -3 -2 -5 -2    9   0   0   2   0   1   2  51   0   0   9   0  18   0   0   5   1   1   0   2  1.04 0.48
  128 D   -1 -3  1  5 -3 -1 -2  1 -3 -3 -2 -2 -3 -4 -2  2  3 -6 -5 -3    3   1   5  32   0   2   1  13   0   1   4   2   0   0   1  15  18   0   0   2  0.56 0.34
  129 A    1 -4 -3 -4 -2 -1 -4 -4 -2 -3 -5 -4 -4 -5  4  4  3 -5  1 -3   13   0   1   0   1   2   0   0   1   1   0   0   0   0  20  33  22   0   6   1  0.87 0.48
  130 A    3  1  0  2 -4  1  0 -1  3 -3 -3  0 -3 -4  0  0 -1 -1 -2 -3   32   9   3  11   0   8   5   4   7   1   3   5   0   0   5   4   3   1   1   1  0.32 0.25
  131 D   -1 -1  0  4 -5  4  2 -3  0 -3  0 -1 -2 -1 -3 -1 -2 -3 -1 -2    6   3   3  25   0  19  13   2   2   1   9   2   1   2   1   4   2   0   2   4  0.42 0.28
  132 A    3 -4 -4 -5 -4  5 -3 -2 -4 -1  3 -3 -1 -4 -5 -1 -3 -5 -4  0   27   0   0   0   0  25   0   2   0   3  32   0   1   0   0   4   0   0   0   6  0.72 0.44
  133 M    0 -1 -5 -5 -3 -3 -2 -4 -5  4  2 -4  1 -2 -5 -4 -2 -5 -4  4    7   3   0   0   0   1   2   1   0  27  22   0   3   1   0   0   1   0   0  31  0.72 0.36
  134 E    1  2  0  3 -5  3  4 -2  0 -4 -4 -1 -4 -5 -1 -1 -2 -5 -3 -3   11  12   5  16   0  13  27   2   2   0   2   2   0   0   2   4   2   0   0   1  0.54 0.32
  135 K    3  3 -1 -1 -4  2  0  0  0 -4 -2  2 -2 -4 -4 -1 -2  1 -3 -3   28  16   1   3   0  10   6   7   2   0   4  14   1   0   0   3   1   2   0   0  0.38 0.27
  136 V   -4 -6 -7 -7 -4 -6 -4 -7 -6  3  5 -6  0 -3 -6 -5 -4 -6 -4  5    0   0   0   0   0   0   1   0   0  12  49   0   1   0   0   0   0   0   0  37  1.27 0.53
  137 V    0  3 -2 -1 -4  2  1 -3  1 -1  1  1  1 -2 -4 -2 -2 -4 -3 -1    9  19   1   3   0  12   9   1   4   3  19   6   4   1   0   2   1   0   0   5  0.23 0.20
  138 T    1  2  2  3 -4  2  2 -2  0 -5 -4  0 -4 -4 -3  2  0 -5 -4 -4   13  10  10  15   0   8  14   2   2   0   0   4   0   0   0  15   5   0   0   0  0.42 0.27
  139 G   -2  1  0  1 -6  0  0  6  1 -6 -4 -1 -4 -5 -5 -3 -4 -6 -3 -6    3   8   5   7   0   5   7  55   3   0   2   3   0   0   0   1   0   0   1   0  0.96 0.44
  140 E    0  3 -2  1 -5  2  4 -3  1 -4 -3  1 -4 -4 -4  0  0 -5 -4 -4    8  19   1   8   0   9  30   1   3   0   3   7   0   0   0   6   5   0   0   1  0.56 0.33
  141 A    1 -5 -5 -3 -2 -4  0 -5 -5  4  3 -4  0 -2 -5 -3 -1 -5 -4  2   15   0   0   2   0   0   7   0   0  30  29   0   2   1   0   1   3   0   0  10  0.59 0.33
  142 D   -4 -5 -1  8 -8  1  0 -6 -1 -7 -7 -5 -7 -8 -6 -3 -4 -8 -7 -7    1   0   2  83   0   5   5   0   1   0   0   0   0   0   0   1   1   0   0   0  2.27 0.81
  143 L    1 -5 -6 -6  1 -5 -5 -6 -6  4  4 -5  2 -2 -5 -4 -3 -5 -4  4   11   0   0   0   2   0   0   0   0  20  36   0   4   1   0   0   0   0   0  25  0.87 0.40
  144 A    6 -5 -5 -5 -3 -5 -5  4 -5 -5 -4 -5 -5 -6 -5 -1 -3 -6 -6 -3   57   0   0   0   0   0   0  35   0   0   1   0   0   0   0   4   1   0   0   1  1.40 0.61
  145 I   -4 -6 -6 -6 -4 -6 -6 -7 -5  5  3 -6  1  5 -6 -5 -4 -4  0  2    1   0   0   0   0   0   0   0   0  33  29   0   2  22   0   0   0   0   2  11  1.08 0.45
  146 A    3 -4 -4 -5 -3 -4 -4 -1 -5  3  2 -4  2 -2 -4 -1  0 -5 -4  3   28   0   0   0   0   0   0   3   0  15  20   0   6   1   0   4   4   0   0  18  0.53 0.32
  147 G    3  4 -3 -3 -3 -2 -3  2  1  1 -3 -2 -3 -1  0 -2 -2 -3 -1 -1   24  26   0   1   0   0   0  18   4  10   2   0   0   2   5   2   1   0   2   4  0.45 0.31
  148 K   -1  2 -2 -4 -4 -1 -3 -4  2 -2  2  1  0 -2  5 -3 -1  1 -1 -2    4  12   1   0   0   2   1   1   5   1  24  10   2   1  25   1   4   2   3   2  0.49 0.29
  149 P   -2 -6 -6 -6 -4 -4 -5 -2 -2 -3 -2 -5 -2 -4  8 -3 -1 -7 -6  0    3   0   0   0   0   1   0   3   1   1   5   0   1   1  70   2   4   0   0   7  1.91 0.71
  150 E    1 -1 -1  1 -3 -1  2 -2 -2  0  0 -1 -1 -1  3 -1  0 -4 -3  1   10   2   2  10   0   2  18   3   1   4   8   3   1   2  14   3   5   0   0  13  0.20 0.17
  151 T    0  0  1  0 -3  1  1 -2  1 -2  0  1 -2 -1  2  0  1 -4 -2 -1    9   6   6   6   0   9   9   2   5   2  10   8   0   2   9   4  11   0   0   3  0.14 0.13
  152 L   -1 -2 -1  2 -2 -1  1 -2  1 -2  2 -2  1 -1  2  0  0 -4 -3 -1    3   2   1  16   1   2   9   3   3   1  25   1   4   3  12   8   4   0   0   3  0.23 0.20
  153 P    0 -3 -1  2 -6 -2  2 -3 -1 -4 -5 -2 -5 -5  7  0 -3 -7 -6 -5    7   1   3  12   0   1  11   2   2   1   1   2   0   0  50   7   1   0   0   0  1.22 0.51
  154 G    2 -1  1  2 -4  0  1  2  0 -3 -4  0 -3 -5 -1  2  1 -3 -4 -3   21   2   6  10   0   3   8  16   2   1   1   4   0   0   3  14   7   0   0   1  0.31 0.22
  155 A   -1  0  1  0 -3  0 -1  1 -1  0  2  0 -1  1 -2  0 -1 -3 -2  0    4   5   7   5   0   4   3  10   1   4  28   5   1   7   2   8   2   0   0   6  0.08 0.12
  156 V   -1 -1 -1 -2 -2 -2 -1 -4  0  3  3 -2  0 -1 -4 -1  0 -4 -2  2    4   4   2   2   0   2   4   0   3  16  28   1   2   1   0   5   7   0   1  18  0.27 0.20
  157 A    3 -1 -1  0  0  0  1 -2  1 -2 -2  0 -2 -2 -3  1  2  0 -2  1   25   2   2   6   2   4  11   2   4   1   3   4   0   1   0   9  12   1   1  10  0.19 0.19
  158 F   -2 -1 -4 -2 -3 -1  1 -2  0 -1  0 -3 -2  5 -5 -2  0 -2  2  2    2   4   0   2   0   2  11   4   2   2   7   1   0  32   0   2   8   0   5  15  0.44 0.29
  159 S   -1  1 -2 -2  0  0  2 -4  2 -1  0  0 -1 -2  2 -1  2 -4 -2 -1    5   7   0   1   3   4  19   0   7   4   9   7   1   1  11   3  13   0   1   5  0.21 0.19
  160 M   -2 -2 -3 -3 -3 -1 -2 -4 -2  2  3 -1  0 -1  3 -1  0 -4 -1  1    2   1   1   1   0   2   2   0   1  15  28   5   1   3  16   4   6   0   2  10  0.33 0.22
  161 L   -3 -2 -5 -5 -3 -4 -4 -4 -1  4  4 -5  1  4 -6 -4 -3 -4 -1  1    2   2   0   0   0   1   1   1   2  24  38   0   2  17   0   1   1   0   1   7  0.77 0.37
  162 E    0  3 -1  2 -2  0  0  0  0 -2 -1 -1 -1  0 -2  1  1 -2 -2 -1    8  20   2  12   0   5   6   8   2   2   5   1   1   6   1   9   8   0   0   3  0.16 0.16
  163 N   -3  2  0  2 -6  1  5 -4  1 -4 -4 -1 -4 -6 -4  0  0 -6 -3 -4    1  11   3  13   0   4  46   1   3   1   1   2   0   0   0   6   7   0   1   1  0.84 0.45
  164 L   -3  0 -1  1 -5 -2  3 -3 -4  1 -2 -3 -4 -5  4  2  0 -6 -5 -1    0   6   3   8   0   0  22   1   0  11   2   0   0   0  20  16   4   0   0   5  0.51 0.34
  165 A   -2 -2 -2 -3 -2 -1 -1 -5  0 -2  3 -2  2  1  5 -2 -3 -5 -3 -2    3   2   2   1   1   3   3   0   3   1  30   2   5   5  33   3   1   0   0   2  0.72 0.38
  166 V   -3 -4 -6 -6 -2 -4 -6 -6 -4  1  4 -4  3  0 -5 -5 -3 -5 -2  4    1   1   0   0   1   1   0   0   0   6  45   1   7   3   0   0   0   0   1  33  1.01 0.46
  167 V    2 -2 -5 -5  2 -3 -4 -4 -4  1  1 -3 -1 -4 -5  0 -2 -5 -3  5   17   2   0   0   5   1   0   0   0   6  14   1   1   0   0   9   1   0   1  42  0.66 0.38
  168 L    4 -5 -5 -6  1 -5 -5 -5 -5  1  3 -5 -1  3 -5 -3 -3 -5 -3  3   36   0   0   0   3   0   0   0   0   6  24   0   1  11   0   0   0   0   0  20  0.77 0.42
  169 I    1 -5 -5 -5  1 -5 -5 -5 -5  5  3 -5  1 -2 -5  0 -3 -5 -4  2   12   0   0   0   3   0   0   0   0  33  26   0   2   1   0   8   0   0   0  15  0.74 0.38
  170 A    3 -2 -2 -4 -4 -3 -3 -1 -1 -1  1 -3 -1 -4  4  0 -2 -1 -1  0   30   2   2   0   0   0   0   4   1   3  14   0   1   0  22   8   2   1   2   7  0.51 0.33
  171 P    2 -2 -3 -2 -3 -2  0 -5 -3 -5 -5 -3 -4 -7  7 -2 -2 -7 -6 -3   16   3   1   2   1   1   7   0   0   0   1   1   0   0  59   3   2   0   0   2  1.53 0.63
  172 A    2  1  0  2 -3 -1  0  1 -1 -2 -2  0 -3 -3 -2  1  1 -4 -3 -1   22   9   5  11   0   2   6  10   1   2   3   6   0   1   1   9  10   0   0   3  0.20 0.16
  173 L   -1 -2 -2  0 -3 -1 -2  0  8  0  0 -2 -1 -3 -3 -1 -2 -4 -1  0    5   2   1   6   0   2   2   9  40   6   9   2   2   1   1   3   2   0   1   7  0.77 0.36
  174 P    1  0 -1  0 -4  0 -1 -2  2 -3 -3 -2 -3 -4  6  0 -2  0 -3 -2   10   4   3   5   0   4   3   3   4   2   2   2   0   1  43   6   2   1   1   3  0.82 0.39
  175 C   -2 -2 -2 -3  6 -2 -3 -2  5 -2  3 -3 -2 -2  1  0 -3  3 -2 -2    3   2   1   1  16   2   1   3  14   1  33   1   0   2   7   6   1   3   1   2  0.59 0.35
  176 P    4 -2 -3 -2 -2  0 -3 -3 -2 -4 -2 -2 -4 -5  5  0 -2 -5 -5 -2   41   2   1   2   1   4   1   2   1   0   5   1   0   0  27   6   2   0   0   2  0.84 0.46
  177 V    1  1 -1 -2 -3 -1 -1  0 -2  0  2 -2 -1  1 -2 -1  0 -2 -2  1   17   8   2   2   0   3   4   9   1   3  20   1   1   6   2   3   4   0   0  14  0.10 0.13
  178 R    2  4 -1 -2 -2  1 -1  0 -1 -2 -2  0 -2 -4 -2  0  1 -5 -4 -2   22  26   2   1   1   7   4   7   1   2   3   4   1   0   2   7   8   0   0   3  0.38 0.28
  179 N   -1  2  0  2 -4  2  2  0 -1 -4 -4  1 -3 -4  0  1  1 -4 -3 -3    4  12   4  12   0  11  16   9   1   1   1   6   0   0   3   9   8   0   0   2  0.32 0.23
  180 Q   -1  3 -2 -1 -2  3  2 -1  0 -2  0  1 -1 -3  0 -1 -1 -1 -2 -2    5  21   1   2   1  13  14   4   2   1  10   7   1   1   4   5   3   1   1   2  0.27 0.22
  181 V    0  0 -1  0 -2 -1  0  0 -2  1  1 -1  0 -1 -1 -1  0 -3 -1  1    7   7   3   5   0   3   6   8   1  10  19   4   1   1   2   4   4   0   1  15  0.05 0.08
  182 S    1  2  0 -1 -3  2  0  0 -1 -3 -3 -1 -2 -3  1  2  1 -4 -3 -3   11  13   4   2   0   9   6   7   1   1   3   1   1   1   8  20  10   0   1   1  0.27 0.23
  183 V   -1 -3 -2 -3 -3  2 -1 -2 -2  3  3 -1  2 -2 -2 -2 -2 -2 -3  3    3   0   2   1   0   9   3   3   1  16  26   3   4   0   2   3   1   1   0  21  0.35 0.26
  184 E    1  3  1  1 -2  0  2 -1  1 -3 -3  0 -3 -2  1  1  0 -4 -2 -2   14  17   5   8   1   4  13   4   4   1   1   3   0   2   7   9   5   0   1   2  0.25 0.19
  185 K   -1 -1 -1 -1 -3  1  0 -2 -1  1  3 -1  0 -2  2 -2 -1 -2 -2  0    6   3   2   4   0   6   7   3   1   7  32   4   2   1  10   2   3   0   1   5  0.17 0.15
  186 P    2  0 -1 -1 -2 -1 -1 -1 -3  1 -1 -1 -1 -2  2  0  0 -3 -3  0   24   7   3   3   1   2   4   4   0  12   7   3   1   1  11   6   4   0   0   6  0.16 0.15
  187 D    2 -3  0  6 -5  1  3 -3 -4 -5 -5 -2 -5 -6 -1  0 -2 -6 -4 -5   17   1   3  41   0   6  16   1   0   0   0   1   0   0   3   6   2   0   1   0  0.88 0.46
  188 W   -4 -5 -8 -6 -6 -6 -5 -4 -4 -3  5 -7 -2 -3 -6 -7 -6  9 -4 -3    1   0   0   0   0   0   1   2   0   1  60   0   1   0   0   0   0  31   0   1  2.04 0.81
  189 S    4  3 -1 -1 -4  2  1 -2 -1 -4 -4  0 -4 -4 -3  2 -2 -5 -4 -2   32  18   3   2   0  10   9   2   1   0   1   3   0   0   1  14   2   0   0   2  0.53 0.38
  190 T   -1  0  2  4 -5  2  2  2  2 -5 -4  1 -3 -5 -1 -1  0 -5 -4 -4    5   5   9  21   0  11  11  14   6   0   1   6   0   0   3   4   4   0   0   0  0.43 0.28
  191 V   -3 -1 -4  0 -5  0  5 -5  2  1  1 -3  0 -2 -5 -3 -1 -3 -3  1    1   3   0   4   0   4  42   1   4  10  12   0   2   2   0   0   3   0   0  11  0.62 0.41
  192 P   -3 -1 -2 -2 -7 -1 -2 -4 -4 -4 -4 -2 -6 -7  8 -1 -3 -8 -7 -1    1   4   2   2   0   2   3   1   0   1   1   2   0   0  69   5   2   0   0   4  1.87 0.79
  193 F   -6 -7 -7 -8 -6 -7 -7 -7 -6 -1  3 -7  3  8 -8 -6 -6  2 -1 -1    0   0   0   0   0   0   0   0   0   3  23   0   7  59   0   0   0   2   1   5  1.86 0.74
  194 I   -4 -7 -7 -7 -5 -7 -7 -8 -3  7 -1 -7 -2 -2 -7 -6 -4 -7 -3  5    0   0   0   0   0   0   0   0   1  54   3   0   0   1   0   0   0   0   1  39  1.77 0.72
  195 M   -3 -5 -5 -2 -1 -4 -5 -5 -3  1  4 -5  6  1 -2 -2 -1 -5 -2  1    1   0   0   3   1   0   0   1   1   7  40   0  21   6   2   3   3   0   1   9  0.80 0.43
  196 A   -2 -2 -5 -6 -6 -5 -5 -6  0 -5 -2 -5 -1  6  5  0 -3 -2  2 -4    3   3   0   0   0   0   0   0   2   0   4   0   2  38  32   8   1   0   6   1  1.30 0.61
  197 D   -2  2 -3  1 -6  0  4 -5  1 -6 -5 -2 -5 -7  6 -2 -3 -7 -6 -3    3   9   1   6   0   4  28   1   3   0   1   1   0   0  37   3   1   0   0   2  1.10 0.56
  198 Q    0  5 -2  0 -6  1  1 -2  5 -3 -4 -1 -4 -4 -1  0 -2 -6 -3 -3    7  36   1   5   0   7  10   2  13   1   1   2   0   1   3   7   2   0   0   1  0.69 0.41
  199 G    1 -2 -2 -4 -6 -5 -5  7 -1 -5 -7 -5 -6 -7 -5 -2 -5 -1 -3 -6   12   3   1   1   0   0   0  75   2   1   0   0   0   0   0   2   0   1   1   0  1.72 0.72
  200 P   -2 -4 -4 -4 -2 -3 -4 -5  1 -3  0 -3 -1  0  5  1  1  0  4 -1    2   0   0   0   1   1   1   0   4   1  10   1   2   4  33  12  10   1  14   4  0.75 0.44
  201 V    3 -4 -2  1  1 -3 -2  4 -1 -1 -3 -4 -4 -4 -4  2 -1 -5 -3  0   23   0   1   9   3   0   2  27   2   4   1   0   0   0   0  15   2   0   1   9  0.48 0.33
  202 R   -3  5 -5 -6 -5 -4 -5 -4 -3 -2  4 -1  1  1 -4 -5 -3 -1  0 -1    1  32   0   0   0   0   0   2   1   1  41   4   3   5   1   0   1   1   4   3  0.85 0.47
  203 R   -4  5 -1 -1 -6  1  0 -5  5 -6 -5  1 -5 -2 -5 -2 -2 -4  5 -4    1  31   3   4   0   5   7   0  15   0   0   6   0   1   0   3   3   0  21   1  0.97 0.51
  204 R    1  5 -2  4 -6 -1  2 -3 -3 -2 -3 -1 -3 -5 -5 -1 -1 -6 -4 -3   12  29   1  27   0   2  12   1   0   3   2   3   1   0   0   3   3   0   0   1  0.72 0.42
  205 I    2 -2 -4 -3 -2  3 -2 -4 -2  3  2 -3  0  0 -3 -2 -1 -4 -3  1   17   2   0   1   1  16   1   1   1  19  17   0   2   5   1   2   4   0   0  10  0.35 0.29
  206 E    0 -4  1  3 -4 -3  0 -4 -1  3  0 -3 -2  0 -4 -1  1 -5 -3  2    8   0   6  19   0   0   8   0   2  18   8   0   0   4   0   2  11   0   1  15  0.33 0.27
  207 L   -2  0 -1  0 -4  1 -1 -4  1  2  2 -2  3 -1 -4 -2  0 -4 -2  2    3   7   2   6   0   8   2   0   5  11  24   1   8   2   0   2   6   0   0  12  0.25 0.22
  208 W    1 -1  0  0 -5  0 -1  1 -1 -5 -3 -2 -2 -4 -4  1 -2 10 -2 -5   12   4   5   6   0   5   3  10   1   0   2   2   1   0   0  11   3  34   1   0  1.13 0.54
  209 F    3 -4 -6 -6  1 -2 -5 -3 -3 -2  2 -5 -2  6 -5 -3 -4  1  0 -1   29   1   0   0   3   2   0   1   0   1  23   0   0  31   0   0   0   2   2   4  0.86 0.48
  210 R    1  2 -4 -6  9 -2 -4 -5 -3 -5 -2  2 -3  0 -5 -3 -4 -5 -1 -4   10  11   0   0  48   2   1   0   1   0   4  13   1   5   0   1   0   0   2   1  1.59 0.65
  211 R    1  5 -2 -2 -5  3  1 -3  1 -5 -3  1 -3 -2 -4 -1 -2 -5 -2 -2   11  36   1   2   0  14  10   2   3   0   2   8   0   2   0   3   2   0   1   3  0.67 0.40
  212 N    2  2  1  0 -4  5  1 -3  3 -5 -3  0  2 -3 -4 -1 -2 -5 -4 -4   18   9   5   5   0  27   7   1   7   0   2   6   5   1   0   4   1   0   0   1  0.55 0.38
  213 K    5  1  0 -2 -4  0 -1  1  2 -4 -2  1 -1 -4 -3 -1 -2 -5 -3 -2   46   6   5   2   0   5   2   9   4   0   4   9   2   1   0   3   1   0   0   2  0.53 0.37
  214 I   -3 -6 -1 -5 -6 -5 -4  6 -6  4 -3 -5 -4 -4 -6 -3 -5 -6 -6 -2    1   0   3   0   0   0   1  66   0  23   2   0   0   0   0   1   0   0   0   2  1.54 0.63
  215 S    0 -3 -3 -4 -4 -2 -3 -3 -1  1  0 -1 -2  7 -3 -1 -1 -2 -1  0    7   1   1   1   0   1   1   1   1   7   6   4   0  50   2   5   3   0   1   7  0.89 0.38
  216 N    0  1  1  0 -4  1  2 -2  2 -3 -2  1 -2 -2 -2  2  2 -4 -2 -1    6   7   7   5   0   5  15   1   5   1   3  10   1   1   1  15  14   0   1   3  0.25 0.20
  217 P   -5 -1 -6 -6 -7 -6 -2 -5 -7 -7 -5 -5 -4 -8  9 -4 -6 -8 -7 -7    0   3   0   0   0   0   3   1   0   0   1   0   0   0  89   1   0   0   0   0  2.87 0.99
  218 M   -2  4  3  1 -5  1  0 -4  3 -3 -2  2 -2 -4 -2 -1  0 -5 -4 -2    1  24  13   7   0   6   4   0   8   1   5  13   1   0   1   4   6   0   0   3  0.44 0.28
  219 I   -3 -5 -6 -6 -5 -6 -6 -6 -6  6 -1 -6 -1  2 -2 -4 -1 -5 -3  4    2   0   0   0   0   0   0   0   0  51   3   0   1   9   2   1   4   0   1  27  1.25 0.54
  220 Y    3  0 -4 -5 -4 -3 -3 -1  0 -2 -4 -4 -4 -2 -3  0  0 -3  6  2   26   6   0   0   0   0   1   5   2   1   0   0   0   0   1   7   7   0  31  13  0.75 0.45
  221 A    3 -3 -4 -4 -1  5 -2 -3  1 -2 -1 -3 -2  2 -4  0 -2 -5 -2  0   30   1   0   0   1  30   1   1   4   2   7   0   1   8   0   5   1   0   1   7  0.63 0.42
  222 T   -4  0 -4 -1 -7  5  6 -6  0 -7 -6 -1 -5 -7 -5 -3  1 -6 -4 -5    0   5   0   3   0  21  55   0   2   0   0   2   0   0   0   1  10   0   0   0  1.40 0.65
  223 V    4 -5 -5 -6 -3 -5 -5  2 -6 -1 -3 -5 -3 -3 -1 -2 -2 -6 -5  5   35   0   0   0   0   0   0  16   0   1   1   0   0   1   3   1   1   0   0  41  0.96 0.51
  224 G    2  0 -2 -1 -3 -1  0  2 -1  0 -3 -2 -2 -3  0  2  1  1 -3 -1   16   5   1   2   0   2   7  19   2   7   1   1   0   1   4  19   9   2   0   3  0.25 0.22
  225 G   -1 -3 -3  1 -6  4  4  4 -2 -6 -2 -3 -5 -6 -5  0 -3 -6 -5 -5    3   0   0   8   0  16  24  36   1   0   5   0   0   0   0   5   1   0   0   0  0.85 0.46
  226 H    0 -4  2 -5 -5  0 -4 -5  6  1  1 -4  6 -4 -3 -3 -1  2 -3  0    8   0  11   0   0   3   0   0  22   6  11   0  22   0   1   1   4   3   0   7  0.79 0.44
  227 E   -3 -4 -2  4 -6  4  5 -4  2 -6 -3 -3  1 -6 -3 -1 -3 -6 -2 -6    1   0   1  19   0  19  41   0   4   0   2   0   4   0   1   5   1   0   1   0  1.08 0.54
  228 A    5 -5 -3 -5 -4 -4 -5 -1 -5 -2 -5 -4 -4 -5 -5  0  5 -6 -5 -3   49   0   1   0   0   0   0   3   0   2   0   0   0   0   0   5  38   0   0   0  1.29 0.63
  229 M   -2 -4 -6 -7 -5 -3 -6 -7 -6  7  2 -6  3 -4 -6 -5 -2 -6 -5  2    4   1   0   0   0   2   0   0   0  58  14   0   7   0   0   0   2   0   0  14  1.34 0.55
  230 V   -1  0 -5 -6 -3 -4 -5 -6 -6  3  2  0  0 -4 -5 -4 -3 -6 -4  5    5   5   0   0   0   0   0   0   0  16  18   8   1   0   0   0   0   0   0  46  0.88 0.44
  231 S    1 -1  1 -1 -5 -1 -2  4 -4 -6 -6 -3 -5 -6 -1  4 -1 -6 -5 -4   12   4   5   3   0   2   1  28   0   0   0   0   0   0   3  39   3   0   0   0  0.80 0.45
  232 M   -5 -6 -7 -8 -2 -5 -7 -7 -6 -3  5 -6  8  3 -7 -6 -4 -5 -4 -3    0   0   0   0   1   0   0   0   0   0  53   0  36  10   0   0   0   0   0   0  1.81 0.73
  233 V   -2 -7 -7 -8 -5 -7 -7 -8 -8 -1 -4 -7 -4 -5 -7 -6 -3 -7 -6  8    3   0   0   0   0   0   0   0   0   2   0   0   0   0   0   0   1   0   0  95  2.39 0.89
  234 A    5  1 -3 -4 -4 -1  0 -1 -5 -5 -5 -3 -2 -6 -4  3 -2 -6 -5 -4   54   8   1   0   0   2   7   3   0   0   0   0   1   0   0  22   1   0   0   0  1.03 0.55
  235 L    5 -1 -5 -5 -1 -2 -3 -1 -4 -3  3 -4 -2 -1 -5 -1 -3 -5 -3 -2   46   3   0   0   1   2   2   5   0   0  33   0   0   2   0   3   1   0   0   1  0.76 0.45
  236 G   -4 -5 -3 -3 -7 -6 -1  8 -6 -8 -8 -6 -7 -8 -7 -4 -6 -7 -8 -8    0   0   1   1   0   0   4  93   0   0   0   0   0   0   0   1   0   0   0   0  2.47 0.87
  237 C   -4 -6 -6 -7  7 -5 -6 -5 -6  1  4 -6  5  3 -6 -3 -3 -5 -4  0    1   0   0   0  20   0   0   0   0   6  39   0  15  10   0   2   1   0   0   5  1.12 0.49
  238 G   -4 -7 -5 -6 -7 -6 -7  8 -7 -9 -8 -6 -7 -8 -7 -5 -6 -7 -8 -8    1   0   0   0   0   0   0  99   0   0   0   0   0   0   0   0   0   0   0   0  2.80 0.95
  239 V   -2 -6 -7 -7 -5 -6 -6 -7 -5  5 -1 -6 -1 -4 -5 -5 -3 -7 -5  6    3   0   0   0   0   0   0   0   0  26   5   0   1   0   0   0   1   0   0  62  1.56 0.63
  240 A    5 -5 -4 -5 -4 -4 -5  3 -5 -5 -6 -4 -5 -6 -5  2  2 -6 -6 -4   55   0   0   0   0   0   0  21   0   0   0   0   0   0   0  13  11   0   0   0  1.20 0.59
  241 L   -4 -6 -6 -7 -2 -5 -6 -7 -6  4  4 -6  2  0 -6 -5 -4 -5 -3  4    0   0   0   0   1   0   0   0   0  21  43   0   5   3   0   0   0   0   0  26  1.12 0.49
  242 L    0 -6 -6 -7 -4 -5 -6 -6 -6  1  3 -6  0 -4 -6 -4 -2 -6 -5  6    6   0   0   0   0   0   0   0   0   7  29   0   2   0   0   1   2   0   0  54  1.20 0.54
  243 P   -4 -7 -7 -6 -8 -4 -6 -7 -7 -6 -8 -6 -7 -9  9 -3 -6 -9 -8 -6    1   0   0   0   0   1   0   0   0   0   0   0   0   0  95   2   0   0   0   1  3.27 1.10
  244 E    3  2 -2  2 -5  1  3 -1 -3 -5 -4  0 -2 -5 -4  2 -2 -5 -5 -4   23  10   1  11   0   7  21   5   0   0   1   5   1   0   0  13   0   0   0   0  0.51 0.34
  245 V    0 -3 -4 -4 -4 -4 -4 -4 -5  2  1 -3  3 -3 -1  4 -1 -3 -4  3    7   1   0   0   0   0   0   1   0  11  14   0   8   0   3  32   3   0   0  20  0.53 0.36
  246 V    1 -5 -5 -6 -4 -5 -5 -5 -5 -1  1 -5  3  2 -5 -2  1 -5  0  5   10   0   0   0   0   0   0   0   0   1  10   0   6   7   0   3   9   0   3  50  0.84 0.45
  247 L    1  2 -3 -3 -1  2 -2 -4 -3  2  2 -2 -1 -1 -3 -1 -1 -4 -3  2   14  13   0   0   1  12   2   0   0  11  23   1   0   2   1   3   2   0   0  14  0.30 0.25
  248 E    0  2  3  2 -3  2  2 -3  1 -3 -3  0 -2 -4  0 -1 -1 -4 -1 -3   10  15  16  14   0   8  11   1   4   2   1   4   1   0   4   3   2   0   3   1  0.35 0.24
  249 N   -1  1  4 -1 -4  0  0 -1  2 -1  1 -1  2  0 -3 -1 -1 -4 -2 -1    4   7  25   3   0   4   5   3   7   3  16   3   6   3   1   3   3   0   1   5  0.24 0.20
  250 S   -1  3  0 -2 -2  2 -2 -1  0 -4 -3  0 -2 -3 -1  4 -1 -2 -3 -2    4  16   3   1   1  11   1   4   2   0   1   4   1   1   3  39   3   1   0   2  0.54 0.34
  251 P    0  2 -1 -1 -2 -1 -1  0 -1  0  0 -1  0 -1  3  0  0 -2 -1  0    5  15   2   2   1   2   2   8   1   8   8   3   3   2  16   8   7   1   2   5  0.17 0.09
  252 E    0  0 -1  2 -2  1  2 -1  0 -1 -1  0 -1 -2  3  0  0 -2 -2 -2    9   4   2  14   1   7  16   3   2   3   7   4   1   2  13   4   5   0   1   3  0.20 0.10
  253 P   -1  2 -2 -2 -4 -1 -2  4 -3 -4 -3 -2 -3 -4  5 -1 -3 -2 -3 -3    5  10   1   2   0   2   2  35   1   1   3   1   0   1  29   3   1   1   1   2  0.84 0.37
  254 V   -1 -2 -3 -4 -3 -2 -3 -3 -4  1  2 -3  2  1 -4 -2 -2 -3  0  5    5   3   1   1   0   2   1   2   0   4  19   1   5   5   1   3   1   0   3  44  0.55 0.30
  255 R    1  5 -1 -2 -2 -1 -1 -3 -3 -2 -2  1 -1 -4 -3 -1  0 -4 -3  2   12  33   3   2   1   2   4   1   0   1   2   8   1   0   1   3   6   0   1  17  0.46 0.29
  256 N   -1  0  2  3 -2 -1  0 -2 -1 -3 -2 -2 -3  1 -3  0  0 -2  5 -1    3   4  10  17   1   2   5   3   1   1   3   1   0   6   1   8   5   0  25   5  0.41 0.27
  257 R   -3  6 -2 -1 -5  2 -1  1 -3 -4 -4  3 -3 -5 -4 -2 -1 -5 -4 -5    1  46   1   3   0   7   3  10   0   1   2  18   1   0   0   2   4   0   0   0  0.97 0.45
  258 V   -2 -2 -3 -2 -2 -3 -3 -3 -4  3  0 -3  0 -2  2 -2  1 -4 -3  4    3   2   1   2   1   1   1   2   0  20   8   1   2   1  11   1   8   0   0  35  0.52 0.27
  259 M    0  2 -1 -2  1  1 -1 -2  0  0  1  0  0 -1 -2  0  0 -2 -2  1    9  13   2   1   3   8   3   1   2   6  18   3   2   2   1   9   4   0   1   9  0.09 0.10
  260 I    0  1 -2 -2 -1 -1 -1 -2 -1  1  1 -1  0  0 -1 -1  0 -1  2  1   10  11   1   1   1   3   4   2   1  12  11   2   1   3   2   4   6   1   9  14  0.09 0.09
  261 L   -1  0 -3 -2 -2 -2 -2 -2 -2  1  4 -2  0  0 -2 -2  0 -1 -1  1    6   5   1   2   0   1   2   3   1   9  41   2   1   3   2   2   7   1   2   9  0.29 0.16
  262 E    0  0  1  2 -3  0  1 -2  1 -2 -3  0 -3 -3  5 -1  0 -2 -3 -2    7   6   6  11   0   4   9   2   4   2   1   5   0   1  27   4   6   1   1   2  0.46 0.23
  263 R   -1  1  0 -1  1 -2 -2 -2 -1  2  2 -1  0  0  0 -1 -1  1 -2  1    3   9   5   3   3   1   2   3   2  13  24   2   1   4   4   4   2   2   1  13  0.11 0.11
  264 S    2  0 -1  1 -2  1  1 -1 -1 -1 -1  0 -1 -2  1  1  0 -3 -1 -1   19   4   1   9   1   8  10   2   1   3   5   4   1   1   7  12   6   0   2   4  0.15 0.13
  265 D   -1 -1  0  4 -4 -2  1  1 -2 -2 -3 -1 -1 -3  3  0 -1 -4 -3 -2    4   3   3  27   0   1   9  10   0   3   2   4   2   1  17   6   3   0   1   3  0.43 0.25
  266 E    1 -2 -1  1 -4  1  1 -2 -3 -3 -3 -1 -1 -5  5 -1 -1 -5 -5  0   14   2   2   9   0   5  11   2   0   1   2   2   2   0  33   4   3   0   0   6  0.64 0.35
  267 K    0 -1 -2 -2 -3  0  1  0 -2  2  1 -1 -1 -2  2 -1  1 -4 -3  0    9   3   1   1   0   5  10   8   1  13  16   3   1   1  11   3   8   0   0   7  0.13 0.14
  268 T    1 -2 -3 -1 -3  0  2 -3 -4 -2  0  0 -2 -3  5 -2  0 -5 -4  0   13   1   0   3   1   4  16   1   0   2   9   6   0   1  27   1   7   0   0   7  0.49 0.31
  269 P    0  1 -3 -2 -3  0 -1 -3  1 -4 -3  0 -2 -5  6  0  1 -3 -3 -2    9   7   1   1   1   5   4   2   3   1   3   5   1   0  40   6   8   0   1   3  0.76 0.39
  270 F   -1  3 -4 -5 -4 -3 -4 -4 -3  1  0 -3  0  4 -4 -2 -1  2  3  2    5  21   0   0   0   0   0   1   0   9   8   0   3  21   1   2   3   2  11  13  0.55 0.32
  271 E    0 -1 -1  2 -4  0  4 -2 -2 -3 -3 -1 -3 -5 -1  0  2 -1 -4 -1    9   3   3   9   0   4  33   2   1   1   2   2   0   0   2   7  16   1   0   4  0.46 0.31
  272 L   -2 -5 -5 -4 -4 -4 -2 -6 -5  4  4 -5  0 -3 -5 -3  0 -5 -3  3    2   0   0   1   0   0   3   0   0  23  40   0   1   0   0   1   7   0   1  21  0.83 0.40
  273 G    2 -2 -3 -2 -3 -2 -4  6 -3 -5 -4 -4 -3 -5 -4 -1 -2  2 -2 -2   20   3   0   2   0   2   0  57   1   0   2   0   0   0   0   3   2   3   2   3  1.08 0.47
  274 V   -1 -5 -5 -6  0 -4 -5 -5 -5  3  4 -5  2  0 -5 -4 -3  0 -1  3    4   0   0   0   2   0   0   1   0  14  45   0   5   3   0   0   1   1   2  20  0.81 0.38
  275 C    3 -5 -5 -5  8 -5 -5 -4 -5  2  0 -5 -2 -1 -5 -3 -3 -5 -4  3   26   0   0   0  30   0   0   1   0  11   8   0   1   3   0   1   0   0   0  19  1.09 0.48
  276 A    1 -1 -5 -6  5 -3 -5 -5  1  0 -3 -4 -2 -2 -5 -3  1  8  2  3   11   3   0   0  11   1   0   0   4   3   1   1   1   1   0   2   7  23   6  25  0.99 0.47
  277 Q   -3  5 -2 -4 -5  3 -3 -4  0 -2  1  1 -1 -3  1 -1 -2  5 -3 -3    1  33   2   0   0  14   0   1   2   2  14   9   1   0   6   3   2   7   0   1  0.67 0.38
  278 K   -1  5  1 -1 -5  1  0 -3  0 -4 -4  3 -4 -5 -1  1  0 -5 -4 -3    5  32   6   2   0   5   6   1   2   0   1  19   0   0   3   9   6   0   0   1  0.60 0.34
  279 K   -1  3  1  3 -4  1  0  0  0 -5 -5  4 -4 -4 -2  1 -1 -5 -4 -4    4  13   5  17   0   6   5   6   2   0   0  25   0   1   2  11   2   0   0   1  0.48 0.29
  280 R   -1  5  2  2 -5  1  0 -3  1 -5 -5  0 -4 -5 -3  0 -3 -5 -3 -1    5  39  10  12   0   6   5   2   4   0   0   5   0   0   1   6   0   0   0   6  0.70 0.38
  281 L    1 -1 -2  1 -3  0  2 -3 -3 -1  3 -1  0 -3  0 -2  0  0 -3  0   12   2   2   7   0   5  15   1   0   1  32   2   1   0   5   1   6   1   0   5  0.24 0.22
  282 H   -1  1  1  1 -2  2  1 -1  2 -2  0  0 -1 -3  2  1  0 -4 -2 -2    5   8   7   7   1  10   7   5   5   1  10   6   1   0  11   9   4   0   1   3  0.16 0.13
  283 E    0  0  2  2 -4 -1  3 -3 -1 -4 -3 -2 -4 -5  1  4  0 -5 -4 -4    6   5  10  10   0   1  18   1   1   1   3   0   0   0   8  31   6   0   0   0  0.54 0.36
  284 P   -1 -1 -5 -6 -7 -4 -5 -6  1 -7 -6 -5 -4 -7  8 -3 -3 -7 -7 -6    5   4   0   0   0   1   0   0   3   0   1   0   0   0  81   2   2   0   0   0  2.48 0.90
  285 L    2 -3 -5 -5  0 -2 -4 -4 -5  1  3 -4  2 -3 -3  0  0 -5 -4  2   21   1   0   0   2   1   0   0   0   6  36   0   5   0   1   7   5   0   0  14  0.53 0.34
  286 I    2 -2 -5 -4 -4 -3 -1 -3 -5  4  2 -4  0 -2 -5 -3 -2 -5 -4  3   20   2   0   0   0   0   5   2   0  22  20   0   2   1   0   0   1   0   0  24  0.58 0.35
  287 E    1  4  1  1 -5  3  1 -3  1 -5 -4  3 -4 -5 -4  0 -1 -5 -4 -5   11  25   7   7   0  14   7   1   3   0   1  16   0   0   0   5   3   0   0   0  0.59 0.35
  288 A    5  0  1 -3 -3 -2  1 -1 -1 -3 -2 -2 -4 -5 -4 -1 -2 -3 -5 -1   58   5   6   1   0   1   9   3   1   1   3   1   0   0   0   4   2   0   0   4  0.77 0.46
  289 F   -5 -7 -7 -8 -6 -7 -7 -8 -6 -3  3 -7 -1  8 -8 -7 -6 -4 -2 -4    0   0   0   0   0   0   0   0   0   1  27   0   1  71   0   0   0   0   0   0  2.28 0.82
  290 W   -2  1 -5 -7 -3 -2 -5 -4 -4  0  3 -5 -1  0 -6 -4 -3  9  2  0    3   7   0   0   1   2   1   1   0   5  30   0   1   4   0   1   1  31   6   6  1.24 0.53
  291 K   -1  2  0  3 -6  4  4 -2  0 -6 -5  1 -4 -6 -4  1 -2 -6 -5 -5    5  11   4  17   0  16  27   2   1   0   0   6   0   0   0   9   1   0   0   0  0.68 0.38
  292 I   -3 -4 -5 -5  1 -1 -3 -5 -3  2  3 -4  3  3 -5 -3  0 -4  0  2    1   0   0   0   3   4   1   0   1  13  34   0   6  11   0   2   5   0   2  17  0.57 0.31
  293 L    2 -5 -6 -6 -4 -5 -5 -4 -5  1  4 -5  1  1 -5 -4 -3 -5 -4  3   17   0   0   0   0   0   0   1   0   5  49   0   3   4   0   0   0   0   0  21  0.84 0.42
  294 P   -2  1 -1  1 -4  3  2 -2  0 -3 -1  3 -1 -4  1  1 -1 -4 -2 -3    0   5   2   6   0  15  16   1   3   1   7  20   1   0   7  12   3   0   1   1  0.34 0.22
  295 N   -2 -2  3  5 -5  2  2 -1 -2 -5 -4 -1 -4 -5 -3  2 -1 -5 -4 -4    3   1  16  35   0  12  11   3   0   0   1   1   0   0   0  14   3   0   0   0  0.73 0.32
  296 H   -1  2  3 -2 -4  0  0 -3  6 -3 -3  2 -3 -1 -3 -2 -2 -3  3 -1    5  12  14   0   0   3   3   0  28   0   0  15   0   1   0   0   0   0  14   5  0.58 0.22
  297 K   -2  5  2 -1 -4  2  0 -3 -1 -4 -3  3 -2 -4 -3 -1 -2 -4 -3 -3    0  50  15   0   0   8   0   0   0   0   0  27   0   0   0   0   0   0   0   0  0.72 0.13

                      K         Lambda
Standard Ungapped    0.1351     0.3205
Standard Gapped      0.0534     0.2670
PSI Ungapped         0.1739     0.3149
PSI Gapped           0.0534     0.2670
