
Last position-specific scoring matrix computed, weighted observed percentages rounded down, information per position, and relative weight of gapless real matches to pseudocounts
           A  R  N  D  C  Q  E  G  H  I  L  K  M  F  P  S  T  W  Y  V   A   R   N   D   C   Q   E   G   H   I   L   K   M   F   P   S   T   W   Y   V
    1 M   -2 -2 -3 -4 -2 -2 -3 -4 -3  3  2 -2  6  0 -3 -2 -1 -2 -2  1    0   0   0   0   0   0   0   0   0  36   0   0  64   0   0   0   0   0   0   0  0.52 0.08
    2 W   -2 -2  0 -3 -3 -2 -2 -3  2 -2 -1 -2  2  3 -3  0 -2  8  4 -2    0   0   7   0   0   0   0   0   6   0   0   0  13  15   0  11   0  32  15   0  0.78 0.11
    3 M   -4 -4 -5 -6 -5 -4 -5 -6 -5  0  1 -2 10 -3 -6 -5 -4 -5 -4 -2    0   1   0   0   0   0   0   0   0   4   7   2  87   0   0   0   0   0   0   0  2.50 0.77
    4 R   -1  4 -1 -3 -5  0 -2 -3  0 -3 -3  6 -3 -1 -3 -1 -2 -4 -1 -4    4  25   2   0   0   2   0   1   2   1   2  51   0   3   0   3   1   0   2   0  0.88 0.39
    5 R   -3  6 -1 -3 -5 -1 -2 -2 -2 -2 -1  4 -3 -4 -4 -3 -1 -5 -2 -1    1  44   3   0   0   0   0   2   1   3   8  28   0   0   0   0   4   0   1   5  0.82 0.38
    6 N   -1  2  3 -2  0 -1 -1 -2  2 -1 -1  2 -1 -3 -1  1  1 -1 -3 -2    2  11  19   0   2   1   3   1   6   3   5  18   1   0   2  14   8   1   0   2  0.27 0.20
    7 Q   -1  2  0 -1 -1  0 -1 -1  1  0  0  1  0  0 -2  0  1  0 -1  0    4  15   4   2   1   5   0   3   5   8  10  13   3   4   1   6  11   1   1   4  0.08 0.10
    8 I   -1  0  0 -3 -1 -2 -2 -2 -1  1  2  0  1  1 -2  2  0 -3  0  0    3   4   5   0   1   0   0   1   2  12  22   7   3   6   1  20   6   0   2   4  0.13 0.15
    9 V   -1  0 -2 -4 -2  0 -3 -3 -2  3  2  1  5  2 -3 -3 -1  1 -1  0    3   6   2   0   1   5   0   1   1  17  17   9  18   9   1   1   2   2   2   4  0.30 0.22
   10 R    1  3 -1 -2 -1  0 -2 -1 -2 -2  0  3  2  0 -2  0 -1 -1 -2 -1   11  23   2   1   2   2   0   4   0   1   9  20   6   6   1   5   4   1   0   2  0.25 0.21
   11 K    0  2  0 -3 -3  0 -2 -2 -2  1  0  4  0 -3 -2  0  0 -4 -2 -2    8  12   3   0   0   2   0   2   0  11  11  31   2   1   1   8   6   0   1   1  0.29 0.24
   12 L    0  0 -2 -3 -1 -2 -3 -2 -2  2  2  0  1  1 -3 -1  1  0 -2  1    7   6   1   0   1   0   0   2   1  11  23   7   4   8   1   4   9   1   0  13  0.17 0.15
   13 T    1 -2 -2 -4  3 -1 -3 -2 -2  1  1 -1  3  3 -3 -1  0  2 -1  0   12   2   2   0   6   2   0   2   0   6  17   5  10  15   1   5   5   3   1   5  0.19 0.17
   14 L    2 -2 -2 -4 -2 -2 -3 -3 -3  1  3  0  1  2 -4 -2  0 -3  0  0   19   1   2   0   0   1   0   1   0   7  33   6   3  12   0   1   5   0   2   6  0.30 0.23
   15 G    1 -2 -1 -3  0 -1 -2  1 -2  0  1  0  1  1 -2  1  0 -3 -2  1   15   1   1   0   2   1   1  13   1   4  12   6   5   6   1  13   5   0   0  12  0.11 0.13
   16 V    1 -4 -4 -4  0 -3 -4 -4 -4  3  2 -3  2  1 -3 -1  0 -4 -3  3   11   0   0   0   1   1   0   0   0  22  22   1   5   5   1   6   5   0   0  20  0.43 0.26
   17 V    1 -4 -3 -5  1 -4 -4 -3 -4  1  3 -3  2  2 -3 -2  0 -2 -1  3   12   0   1   0   3   0   0   2   0   8  30   1   5  10   1   2   5   0   1  20  0.40 0.25
   18 T    2 -3 -3 -3  3 -3 -3  0 -2  0  1 -2  0  2 -1  0  2 -3 -1  1   18   0   0   0   6   0   0   7   1   5  13   1   3   9   2   6  14   0   2  13  0.20 0.18
   19 T    2 -3 -3 -3 -1 -2 -3  0 -4  0  2 -3  0  2 -4  1  1 -3 -2  1   20   0   0   1   1   1   0   7   0   2  27   0   1  10   0   9   9   0   0  11  0.30 0.24
   20 V    2 -4 -4 -4  1 -3 -4 -1 -3  1  2 -3  4  2 -3 -1  0 -4 -2  2   20   0   0   0   2   0   0   5   1   6  20   0  12   9   1   3   5   0   0  15  0.35 0.25
   21 L    0 -4 -4 -5  0 -2 -4 -2 -3  2  3 -4  2  2 -4 -1 -1 -3 -2  2    7   0   0   0   2   2   0   2   0  13  38   0   5  10   0   4   2   0   1  12  0.45 0.27
   22 G    1 -2 -2 -3  2 -3 -3  3 -2 -1  1 -3  2  2 -4  1  0 -3 -2  0   15   1   1   0   6   0   0  22   1   3  13   1   8   9   0   9   6   0   0   6  0.27 0.21
   23 M    0 -3 -2 -3  2 -2 -3  0 -3  1  3 -3  2  1 -3  0  0 -3 -1  1    8   0   2   0   5   1   0   7   0   7  33   0   5   5   1   9   6   0   1   9  0.26 0.21
   24 S    1 -3 -2 -2 -3 -2 -2  1 -1  0  1 -1  0  1 -1  1  0 -2 -1  0   14   0   1   1   0   1   1  14   1   5  19   2   2   8   2  15   4   0   1   7  0.14 0.16
   25 L    1 -2 -1 -3  1 -1 -1 -1 -3  1  2 -2  1  1  0 -1 -1 -2 -2  1   14   2   4   1   4   3   3   6   0   8  24   1   4   5   4   4   3   0   0   9  0.11 0.12
   26 S    1 -2  0 -1  2 -1 -2  0  0  0  0 -2 -1  1  1  2  1 -1 -2  0   15   2   3   2   4   1   1   6   2   5   9   0   1   6   6  19   9   1   0   6  0.12 0.15
   27 F    0 -2 -2 -2  2  0 -3 -1 -2  1  0 -2  0  3 -1  0  1 -1  0  1    9   1   1   2   4   4   0   3   1  10   8   2   2  17   3   8  10   1   3  10  0.14 0.14
   28 S    2 -3  0 -1 -2  0 -1  0 -2 -1 -2 -1  0  1  0  3  1 -4 -2  0   18   0   3   2   1   3   3   6   0   2   2   2   2   6   5  24  11   0   1   8  0.21 0.20
   29 A    3 -2 -1 -1  1 -2 -2  0 -2  0 -1 -2 -1  0 -1  1  1 -2 -1  0   31   1   2   4   3   1   1   6   1   5   7   1   1   5   2  12   9   1   2   6  0.18 0.18
   30 L    1 -1 -1 -1 -1  0 -1  0  0  0  0 -1  0  0  2  1  0 -3 -1 -1   17   2   3   2   1   3   2   8   2   4  11   3   2   6  10  12   7   0   2   4  0.09 0.09
   31 S    3 -1  0 -1 -3  1  0  0 -1 -3 -2  0 -1 -2  0  2  1 -2 -2 -2   27   3   4   3   0   8   5   6   2   1   3   5   1   1   4  14  10   0   1   2  0.22 0.19
   32 A    2 -1 -1  0 -3  1  0  1 -2 -2 -2  1 -1 -3  0  1  0 -4 -3  1   22   2   3   5   0   6   4  13   1   2   3   8   1   0   5   9   5   0   0  11  0.16 0.15
   33 T    2 -2  0  0 -3  0  0 -1 -3 -3 -3 -1 -2 -3  1  2  4 -4 -3 -1   15   1   4   5   0   5   6   4   0   1   1   2   1   1   7  16  28   0   0   4  0.37 0.27
   34 P    2 -3 -2 -3 -4  0 -2 -2 -2 -1 -3 -2 -3 -2  6 -1 -1 -2 -4  0   19   1   2   1   0   4   2   2   1   3   1   2   0   2  44   4   3   1   0   7  0.91 0.40
   35 V    2 -3 -2 -1 -1 -1 -1 -1 -2  0  0 -2 -1  0 -2  0 -1  0  0  4   19   1   2   4   1   2   3   4   1   3   7   2   1   3   1   6   2   1   3  35  0.25 0.19
   36 E    3 -2 -1  0 -2  1  2  0 -1 -2 -3  0 -3 -3  1  2 -1 -4 -2 -2   27   1   2   4   1   5  13   6   1   2   2   5   0   1   7  17   2   0   1   2  0.30 0.22
   37 T    1  1  0 -1 -3  1  0 -1  0 -1 -2  1 -1 -2  3  0  1 -3 -1  0   14   8   4   2   0   6   3   3   2   3   2   9   1   1  14   6  11   0   3   9  0.17 0.13
   38 H    0 -3  3 -1 -3 -2 -2 -2  5 -3 -2 -2 -2  1 -1  0  0  0  4  0    8   1  16   2   0   1   1   2  19   1   4   1   1   5   3   6   5   1  16   7  0.44 0.27
   39 G   -1 -4 -2 -3 -4 -3 -2  6 -4 -5 -4 -3 -4 -5  2  0 -1 -5 -5 -4    5   1   1   1   0   1   2  64   0   0   1   1   0   0  11   6   3   0   0   1  1.21 0.49
   40 Q    1  2  0 -3 -4  4 -1  1 -1 -4 -3  1 -2 -4  1 -1 -2  5  0 -4   11  14   4   0   0  21   2  11   1   0   2   9   1   0   6   4   1   9   3   0  0.47 0.31
   41 L   -4 -5 -7 -7 -5 -5 -6 -7 -6  1  6 -4  1  3 -6 -6 -5  1 -3 -1    1   0   0   0   0   0   0   0   0   6  70   1   2  13   0   0   0   2   0   3  1.38 0.60
   42 S   -2  2 -2 -3 -3  2 -1 -4  6 -4 -4  2 -3 -3 -4  3  1 -5  2 -3    2  12   1   0   0   8   2   0  20   1   1  14   0   0   0  22   7   0   7   2  0.67 0.42
   43 I   -1 -2 -6 -7 -5 -6 -6 -7 -7  2 -2 -6 -3 -3 -6 -3  0 -6 -5  7    4   3   0   0   0   0   0   0   0   9   2   0   0   1   0   2   7   0   0  74  1.55 0.68
   44 E   -2 -1  2  2  2  1  2 -2 -2 -1 -3  2 -2 -3 -3  2 -2 -5 -4 -1    2   2   9  13   5   7  11   2   0   4   1  15   1   1   1  21   1   0   0   5  0.35 0.28
   45 N   -4 -6  2  0 -7 -5 -4  7 -6 -8 -7 -4 -7 -7 -6 -4 -4 -7 -7 -7    1   0   9   5   0   0   1  82   0   0   0   1   0   0   0   0   1   0   0   0  2.05 0.79
   46 G   -2  0  5 -2 -5 -2 -3  2 -3 -3 -4 -1 -4 -5 -2  0  3 -6 -5 -1    3   4  32   1   0   1   0  16   0   1   1   4   0   0   2   7  23   0   0   5  0.71 0.43
   47 R   -3  3  0 -1 -5  4 -1 -4  0 -5 -2  4 -3 -2 -4 -2  0  2 -2 -2    1  14   5   3   0  22   2   0   2   0   4  31   0   1   0   1   6   3   1   3  0.69 0.42
   48 L   -5 -6 -6 -7 -5 -5 -6 -7 -6  5  5 -6  0  2 -6 -6 -4 -5 -4  1    0   0   0   0   0   0   0   0   0  35  48   0   1   8   0   0   0   0   0   7  1.29 0.55
   49 V   -2  0 -4 -5  4 -3 -3 -5 -2  1  1  0 -1 -1 -5 -3 -1 -4  3  4    1   5   0   0  10   1   1   0   1   5  16   5   1   1   0   1   4   0  12  36  0.59 0.36
   50 D   -3 -4  3  6 -6 -2  1  2 -4 -3 -5 -3 -5 -6 -4 -2 -1 -6 -5 -5    1   0  14  52   0   1   7  14   0   1   1   1   0   0   0   2   4   0   0   0  1.23 0.55
   51 E    2 -1 -1 -1 -4  2  2 -1 -3 -4 -4  2 -3 -5  3  2 -2 -5 -4 -3   22   2   3   3   0   9  14   5   0   1   1  11   0   0  12  16   1   0   0   1  0.43 0.31
   52 Q   -1 -1  5  3 -2  1  0 -1  1 -5 -5  1 -4 -3 -4  2 -1 -5  0 -5    4   2  29  14   1   7   5   4   4   0   0   9   0   1   0  13   4   0   3   0  0.58 0.35
   53 G   -3 -4  1 -1 -6 -3 -5  7 -5 -7 -7 -5 -6 -7 -6 -2 -3 -6 -7 -7    1   1   7   4   0   1   0  81   0   0   0   0   0   0   0   2   1   0   0   0  1.94 0.75
   54 K   -1  0  4  0 -5  3  2 -4  0 -5 -5  3 -3 -5 -4 -1 -1 -6 -4 -3    5   4  24   5   0  15  14   0   2   0   0  22   0   0   0   3   3   0   0   2  0.69 0.41
   55 R    1 -2 -1  0 -5  1  1 -3 -4 -2 -4  0 -4 -5  5 -1  1 -6 -5 -1   11   2   3   5   0   5  11   1   0   2   1   7   0   0  33   3  11   0   0   6  0.67 0.38
   56 V   -1 -5 -6 -6 -4 -4 -5 -5 -3  3  0 -4  0  5 -5 -4 -2 -4 -1  5    4   0   0   0   0   0   0   1   0  15   5   1   2  21   0   0   2   0   1  45  1.01 0.48
   57 Q   -1  0 -3 -4 -4  5 -2 -5 -4  2 -2 -2  0 -4 -5 -1  0  1 -1  4    4   6   1   0   0  29   1   0   0  11   2   1   2   0   0   5   6   2   2  28  0.66 0.43
   58 L   -4 -6 -7 -7 -5 -5 -6 -7 -6  1  5 -6  5  3 -5 -4 -5 -5 -3 -1    1   0   0   0   0   0   0   0   0   6  64   0  12  11   1   1   0   0   1   4  1.35 0.59
   59 R   -1  7 -3 -5 -2 -3 -4 -5  3 -3 -5  3 -4 -4 -6 -4 -1 -6 -2 -3    6  60   1   0   1   0   0   0   6   2   0  15   0   1   0   1   4   0   1   2  1.46 0.66
   60 G   -5 -7 -5 -6 -7 -7 -7  8 -7 -9 -9 -6 -8 -8 -7 -5 -6 -7 -8 -8    0   0   0   0   0   0   0 100   0   0   0   0   0   0   0   0   0   0   0   0  2.89 1.03
   61 I   -2 -6  0 -6 -5 -5 -6 -6 -6  3  0 -5  7 -2 -4 -4 -1 -6 -5  5    2   0   4   0   0   0   0   0   0  16   7   0  27   1   1   0   3   0   0  39  1.21 0.58
   62 S   -1 -5  6 -2  1 -4 -4 -3 -4 -6 -7 -4 -3 -7 -5  6 -3 -7 -6 -3    3   0  34   2   3   0   0   1   0   0   0   0   1   0   0  54   0   0   0   2  1.56 0.77
   63 S   -2 -1 -3 -3  0 -3 -3 -3 -3  2  3 -2  1  1 -1  0  2  4  0  0    2   4   1   1   2   1   1   1   0  10  27   1   3   6   3   8  16   7   3   4  0.31 0.21
   64 H    0 -5 -3 -4 -5 -3 -3 -1  8 -2 -4 -5 -1  5  1  1 -3  0  1 -4    7   0   1   0   0   1   1   5  34   2   1   0   1  23   7  10   1   1   4   0  1.10 0.55
   65 G    1 -5 -4  3 -5 -4 -3  4 -5 -4 -5 -5 -5 -2 -1 -1 -4  9 -3 -4   13   0   0  15   0   1   1  29   0   1   0   0   0   2   3   5   0  27   0   1  1.29 0.58
   66 L   -3 -4 -1 -3 -4 -3 -3 -4  7  0  2 -4 -2  0  2  2 -2 -4  1 -2    0   0   2   1   0   0   1   0  26   6  18   0   1   5  12  19   2   0   4   2  0.72 0.43
   67 Q    1 -2  3 -1 -2  4  1 -1  0 -2 -4 -1 -3 -5 -3  0  2 -5 -3 -1   12   1  17   2   1  25   7   4   2   2   1   2   0   0   0   6  12   0   1   4  0.49 0.35
   68 W   -5 -3 -2 -7 -3 -6 -6 -6 -1 -5 -1 -3 -3  2 -7 -5 -3 12  0 -5    1   2   2   0   1   0   0   0   2   1   5   2   1   8   0   1   2  69   2   1  3.13 1.06
   69 F   -2 -4  1 -3 -5 -2 -1  1 -2 -3 -2 -3  0  4 -5  0 -3  6  6 -3    4   0   7   1   0   2   4  12   0   1   3   1   3  15   0   6   1  10  29   1  0.80 0.43
   70 G    0  1 -2  0 -5 -1  0  2 -2 -5 -4  1 -4 -5  5  0  0 -5 -5 -4    9   7   2   4   0   2   6  18   1   0   2   8   0   0  27   6   7   0   0   1  0.58 0.34
   71 D   -2  2  1  3 -5  4  3 -1 -1 -4 -5  2 -4 -5  0 -1 -2 -5 -3 -4    1  11   7  17   0  18  17   4   1   1   1  10   0   0   4   4   1   0   1   1  0.57 0.34
   72 Y   -4  1 -2 -1  4  0 -2 -2  1 -1 -3  0 -1  5 -3 -2 -2  0  5 -2    0   8   2   4   8   4   2   3   3   3   1   5   2  25   1   2   3   1  20   2  0.59 0.35
   73 V   -1 -2 -1 -3 -4 -2 -3 -4  1  0  1 -3 -1  3 -4 -3 -1  5  5  2    5   2   3   1   0   2   2   1   4   6  12   0   1  10   0   1   5   7  25  13  0.55 0.30
   74 N   -1 -3  6  1 -2 -2 -1 -2 -3 -3 -3 -2 -4 -3 -1  1  3 -1 -2 -3    4   1  39   7   1   1   4   3   0   1   3   1   0   1   2  11  17   1   1   2  0.72 0.39
   75 K    2 -1 -1  0 -1  0  2 -2 -2 -2 -2  3 -3 -3  0 -1  1 -4 -1 -3   21   2   3   5   1   3  16   3   0   2   4  18   0   0   4   3  11   0   2   1  0.28 0.25
   76 D    2 -1  1  3 -4  1  2  0 -3 -4 -4  1 -4 -5 -3  1  0 -5 -4 -3   18   2   6  19   0   6  16   5   0   1   1   7   0   0   1  13   5   0   0   1  0.41 0.28
   77 S    3 -3 -1 -1 -1 -2 -2 -2 -1 -1 -1 -2 -1 -2 -2  2  3 -5 -3  1   24   0   2   4   1   1   2   2   2   3   5   1   1   1   1  18  21   0   1   9  0.35 0.28
   78 M   -2 -4 -5 -5 -4 -4 -4 -5 -3  3  2 -5  2  4 -1 -4 -3 -4 -1  4    2   0   0   1   0   0   1   0   1  16  22   0   4  17   3   1   1   0   1  30  0.74 0.37
   79 K    2  1  1  2 -4  2  1 -2 -1 -3 -4  3 -2 -3 -1 -1 -1 -4 -1 -3   16   8   8  12   0   8   7   3   1   2   1  21   1   1   2   3   3   0   2   1  0.31 0.24
   80 W    2 -1 -1  0 -2  0  0  0  1  0 -1 -1 -1 -2 -2  1  0  6  0 -1   22   3   2   6   1   4   6   6   4   5   5   3   1   0   1   9   5  11   2   4  0.22 0.19
   81 L    1 -5 -5 -4 -4 -3 -4 -5 -5  4  4 -3  3 -2 -4 -4 -4 -4  0 -1   12   0   0   1   0   1   1   0   0  22  48   1   6   1   1   0   0   0   3   2  0.89 0.44
   82 R    3  2 -3 -3 -3  0 -2 -3 -1 -2 -2  4 -2 -4 -3  0  0 -2 -3  0   26  13   0   0   0   3   1   1   2   2   4  28   1   0   0   5   4   0   1   8  0.50 0.33
   83 D    0 -1  2  4  3  0  1 -2 -1 -4 -4  1 -3 -3 -3  1  1 -4 -3 -3    7   2  12  23   7   3   7   2   2   0   1  11   0   1   0  10  10   0   1   1  0.41 0.25
   84 D   -2 -1  2  5 -2  0  1  0 -2 -3 -2 -1 -3 -3 -3  0  0 -4 -3 -2    3   4   8  37   1   5   9   8   1   1   4   3   0   1   1   5   7   0   0   3  0.51 0.27
   85 W   -4 -3 -4 -4  0 -4 -4 -4 -4 -4 -2 -4  0  3 -4 -4 -4 11  1 -4    2   2   1   1   2   1   1   2   0   1   4   1   3  10   1   1   1  61   4   1  2.58 0.71
   86 G   -4 -2  4 -2 -4 -1 -2  5  4 -7 -6  1 -5 -4 -5 -3 -4 -6  0 -6    0   2  17   1   0   2   2  50  11   0   0  10   0   1   0   0   0   0   3   0  1.18 0.54
   87 I    5 -5 -4 -5  2 -4 -4 -2 -5  1 -3 -4 -1  1 -1  2 -1 -5 -1  0   48   0   0   0   5   0   0   3   0   8   0   0   1   6   3  14   4   0   2   5  0.71 0.44
   88 N   -5  0  8  2 -7 -2 -2 -4 -1 -7 -7 -3 -3 -7 -4 -1  1 -8 -6 -7    0   4  67  10   0   2   2   1   1   0   0   1   1   0   1   4   8   0   0   0  1.79 0.75
   89 V   -1 -5 -5 -6  1 -5 -5 -6 -6  2  1 -5  0 -3 -5 -1  3 -6 -5  5    4   0   0   0   3   0   0   0   0  11  12   0   2   0   0   5  19   0   0  44  0.91 0.47
   90 F   -4 -6 -7 -7 -5 -5 -6 -7 -7  4  1 -6 -3  1 -6 -6 -4 -1 -4  6    0   0   0   0   0   0   0   0   0  25  12   0   0   6   0   0   0   1   0  55  1.46 0.62
   91 R   -7  9 -6 -7 -9 -4 -5 -8 -5 -8 -7 -3 -7 -8 -7 -6 -6 -8 -7 -8    0 100   0   0   0   0   0   0   0   0   0   0   0   0   0   0   0   0   0   0  3.22 1.14
   92 V    3 -5 -5 -6 -4 -5 -5 -4 -5  3  2 -5 -1  0 -5 -3 -1 -5 -3  4   26   0   0   0   0   0   0   1   0  15  22   0   1   3   0   0   2   0   0  29  0.76 0.42
   93 A    5 -4 -2 -2 -3 -2 -3 -3 -4 -4 -4 -3 -3 -1  5  1 -2 -4 -4 -1   44   1   2   2   0   1   1   1   0   1   1   1   0   3  28   8   1   0   0   5  0.94 0.44
   94 M   -3 -4 -1 -4  0 -3 -4 -4 -4  3  1 -4  8 -3 -4 -3 -2 -4 -2  3    2   1   4   1   2   1   1   1   0  18  11   1  36   1   1   1   2   0   1  17  1.01 0.43
   95 Y   -1 -3  0 -2 -4  0 -2  4  4 -4 -3 -3 -3 -1 -2 -1  0 -2  6 -3    6   1   4   2   0   4   2  27   9   1   3   1   0   2   2   4   5   0  28   1  0.70 0.34
   96 T   -1 -5 -3 -3 -2 -1 -3 -5 -2  1 -3 -4 -3 -4  4 -2  2  0 -3  5    4   0   1   1   1   4   2   0   1   6   1   0   0   0  21   2  13   1   1  40  0.84 0.48
   97 A    1 -1 -1  2 -1  1  3  0 -1 -2  1  0 -2 -3 -3  0 -1  0 -2 -1   10   3   2  12   1   8  19   6   1   2  15   4   0   1   0   8   2   1   1   4  0.18 0.18
   98 A    1 -2  0  1 -1  1  3 -1 -3 -2 -4 -1 -3 -3  0  2 -1 -2  0 -4   11   1   5   8   1   6  25   5   0   2   1   3   0   1   5  18   3   0   4   0  0.37 0.30
   99 D   -2 -2  3  3 -5 -2 -2  3 -2  0 -3 -1 -4 -4 -2  0 -2  4 -2 -2    2   2  17  17   0   1   2  26   0   6   2   3   0   0   2   8   2   7   1   3  0.53 0.33
  100 G   -2  0  2 -2 -6 -2 -5  6 -5 -6 -6 -3 -5 -2 -5  0 -4 -6 -3 -5    2   6   9   2   0   1   0  66   0   0   1   1   0   2   0   7   1   0   1   1  1.40 0.62
  101 Y   -3 -4 -2 -1 -3  0  0 -2  1 -3 -4 -1 -5  0 -3 -2 -3  3  8 -4    1   1   2   4   1   4   6   4   2   1   1   4   0   2   2   4   1   3  56   1  1.38 0.66
  102 I   -1  2 -1 -2  1  2  0 -2  1  1  1  0  0  0 -2 -1 -1 -3  0 -1    4  13   3   1   4  12   6   3   3  10  19   4   2   3   2   2   3   0   3   3  0.13 0.15
  103 S   -2 -4  0  0 -5  0  0  1 -2 -4 -5  0 -2 -3 -2  2  3  7  1 -2    2   0   5   4   0   5   7  12   1   0   0   5   1   0   2  14  17  15   5   4  0.53 0.36
  104 N   -2 -2  5  4 -5  0  0 -1 -3 -3 -5  0 -3 -5 -3 -1  2  2 -4 -2    3   2  32  20   0   5   5   4   0   1   0   6   1   0   1   3  12   3   0   3  0.71 0.42
  105 P   -1  0 -4  0 -6  0  1 -3 -3 -6 -5  3 -5 -6  6 -2 -1 -6 -4 -4    4   5   0   6   0   5  10   2   0   0   1  19   0   0  41   3   3   0   1   1  1.05 0.53
  106 S    1 -2  1  2 -4  2  2  1 -1 -3 -4 -1 -3 -3 -3  1  1 -1  1 -3   12   1   8  12   0   9  16   9   1   1   0   3   0   1   1  13   8   1   5   1  0.30 0.25
  107 L    0 -1  0  0 -3 -1 -2 -1 -1 -1  1 -1 -1  2 -1  0  1 -1  3  0    6   2   5   7   0   3   1   4   1   2  15   3   1  11   3   6   9   0  14   5  0.14 0.16
  108 A    2 -1 -1 -2 -3  0  1 -1 -2 -1  0  2  1  0 -2 -1  1 -4 -1 -1   19   2   3   1   0   5  10   3   0   4  10  17   5   3   2   2   9   0   2   4  0.16 0.19
  109 N    1 -1  3  2 -5  3  2 -2 -3 -4 -5  1 -3 -5 -3  1 -1 -5  0 -4   13   3  14  13   0  12  15   3   0   0   0   8   1   0   0  12   3   0   3   0  0.45 0.32
  110 K   -1  2 -1  2  1  0  1 -3  1  0  1  2  0 -3 -3 -1  0 -4  0 -1    6  10   1  12   3   3   7   1   3   4  14  18   2   0   0   2   5   0   4   4  0.17 0.18
  111 V   -1 -5 -6 -6  1 -5 -5 -6 -6  2  3 -5  3 -1 -6 -4 -3 -5 -4  5    4   0   0   0   2   0   1   0   0  11  28   0   6   3   0   1   1   0   0  43  1.01 0.49
  112 K    1  1  1  4 -5  0  1 -3  1 -1 -4  1 -3 -3 -4 -2 -1 -4  2 -2   11   7   5  28   0   4  10   1   3   4   0  11   1   1   0   1   3   0   9   2  0.44 0.29
  113 E    2  1  2  0 -4  2  1 -2 -2 -2 -4  2 -2 -3  1  0  2 -5 -2 -3   17   8  12   5   0   8   8   1   0   2   0  11   1   1   6   5  14   0   2   1  0.30 0.24
  114 A    2 -5 -4 -5 -2 -3 -5  1 -5  3  0 -5 -1 -1 -5 -3 -2  0 -1  4   16   0   1   0   0   1   0  12   0  19   8   0   1   2   0   1   1   1   2  35  0.61 0.36
  115 V   -3 -7 -7 -7 -5 -6 -7 -7 -7  6 -1 -6 -2 -4 -6 -6 -3 -7 -5  6    2   0   0   0   0   0   0   0   0  38   5   0   1   0   0   0   1   0   0  54  1.70 0.68
  116 A    0 -1  2  4 -5  2  3 -2 -2 -4 -5  0 -4 -5 -4  0 -1 -6 -2 -4    9   2  10  28   0  10  18   2   0   1   0   6   0   0   0   7   4   0   1   1  0.63 0.36
  117 A    3 -1 -2 -4 -4  1  0 -2 -2 -2  1 -2  0 -1 -4 -2 -1  6  2 -2   33   4   1   0   0   6   6   3   1   2  14   1   2   2   0   1   3  12   6   1  0.47 0.33
  118 A    6 -6 -3 -6  7 -5 -5 -4 -6 -3 -3 -5 -5 -2 -5 -1 -1 -6 -1 -2   59   0   1   0  25   0   0   1   0   2   2   0   0   2   0   3   3   0   2   2  1.51 0.67
  119 Q   -1  0  0 -3 -4 -1  1 -1 -2  4 -1  2 -2 -3 -4 -1  1 -3 -4  0    5   4   5   0   0   2   8   4   1  34   2  16   0   1   0   4  10   0   0   4  0.39 0.30
  120 S    3 -1 -1  2 -5  2  3 -3 -2 -5 -5  2 -4 -6 -4  1 -2 -6 -5 -4   28   2   2  11   0   9  23   1   1   0   0  11   0   0   0  10   2   0   0   0  0.64 0.40
  121 L   -1  2  5 -2 -4  1 -1 -4  2 -2  1  0 -3 -4 -3 -1 -2 -5  0 -2    4  11  31   0   0   8   4   0   4   2  18   5   0   0   1   2   2   0   4   3  0.48 0.33
  122 G   -3  0  1  3 -3 -2 -3  6 -2 -7 -7  0 -6 -7 -5 -3 -5 -7 -6 -7    1   5   6  17   1   2   1  60   1   0   0   6   0   0   0   1   0   0   0   0  1.35 0.58
  123 V   -1 -4 -4 -6 -5 -1 -5 -6 -6  4  3 -3  7 -1 -6 -5 -3 -5 -4  2    4   1   1   0   0   3   0   0   0  20  27   1  31   2   0   0   1   0   0  11  1.11 0.51
  124 Y   -4  0 -6 -5 -6 -5 -6 -7 -1  2 -5  0 -5 -1 -7 -4 -3 -3  9  1    1   6   0   1   0   0   0   0   1  11   0   6   0   1   0   1   2   0  62   9  1.86 0.77
  125 I    2 -6 -6 -6  5 -5 -6 -3 -6  2 -2 -6 -3 -2 -3 -3 -2 -6 -5  6   18   0   0   0  10   0   0   2   0  11   3   0   0   1   1   2   1   0   0  50  1.10 0.54
  126 I   -5 -7 -7 -7 -5 -6 -4 -8 -7  7  1 -7  3 -3 -7 -6 -5 -6 -5  3    0   0   0   0   0   0   1   0   0  64  11   0   7   1   0   0   0   0   0  16  1.73 0.69
  127 I   -3 -6 -7 -7 -5 -6 -7 -7 -7  5  3 -6  1 -1 -6 -6 -4 -6 -5  4    2   0   0   0   0   0   0   0   0  37  28   0   2   3   0   0   0   0   0  29  1.29 0.58
  128 D   -6 -6 -1  8 -8 -4  3 -4 -5 -7 -8 -5 -7 -7 -6 -5 -5 -8 -7 -7    0   0   3  78   0   0  16   1   0   0   0   0   0   0   0   0   0   0   0   0  2.36 0.93
  129 W   -2 -3 -2 -6 -7 -4 -7 -7 -6 -2 -1 -7 -1  2 -8 -7 -6 11  2  2    3   2   2   1   0   1   0   0   0   2   6   0   2   7   0   0   0  54   6  14  2.41 0.92
  130 H   -3 -6 -5 -3 -9 -1 -6 -8 11 -9 -8 -6 -7 -7 -8 -6 -7 -8 -2 -9    3   0   0   2   0   2   0   0  92   0   0   0   0   0   0   0   0   0   1   0  3.91 1.34
  131 I   -1  1 -2  4 -3 -2 -2 -2 -3  1 -2 -3  0 -2 -4  3  0  2  0  1    5   7   0  21   0   1   1   2   0   7   2   0   2   2   0  26   6   3   3  10  0.38 0.31
  132 L    0 -1 -1 -3 -3 -1 -2 -3  5  2  1 -3  0  1 -1 -1  2 -3 -1  0    9   2   2   0   0   3   1   2  16  13  17   1   2   6   4   4  12   0   1   5  0.28 0.22
  133 S    0  0  1  0 -2 -1  0  2  1 -2 -2 -1 -2 -2 -2  1  3 -3 -1 -2    6   5   7   6   1   2   5  15   3   3   2   3   0   2   1  10  23   0   2   3  0.22 0.18
  134 D    0 -1  3  4 -1 -3 -1  3 -3 -4 -4 -2 -4 -2  3 -1 -2 -4 -1 -4    8   3  13  21   1   1   3  22   0   1   1   2   0   2  15   3   2   0   3   1  0.55 0.35
  135 N   -1 -2  1  1 -2  0 -1  2  4 -2 -1 -1 -3 -2 -4 -1 -2  2  4 -2    5   1   6   8   1   4   4  17  11   1   8   3   0   0   0   5   2   2  17   2  0.34 0.27
  136 D   -2 -1  3  5 -4  0  0  1  0 -3 -4  0 -1 -3 -1  0  0 -4 -1 -4    2   3  14  32   0   3   4  12   2   1   2   5   2   1   3   6   6   0   2   1  0.54 0.35
  137 P    3 -3  0  1 -4 -2  1 -1 -2 -3 -3 -2 -2 -2  5  0  0 -4 -1 -3   24   1   4   7   0   1   8   4   1   1   2   1   1   1  26   7   6   0   2   1  0.54 0.37
  138 N    0  0  3  1 -2  2  2  0  3 -2 -2 -1  0 -3 -3 -1  0 -2 -1 -2    6   5  17   7   1  10  15   6   7   2   4   1   3   1   1   3   7   1   2   3  0.27 0.24
  139 I    2 -1  1 -1 -1  0 -1  0  0  0 -1 -1  0 -1 -1  0  1  2  1 -1   18   3   6   3   1   4   3   5   3   5   5   3   3   2   2   8  12   4   6   4  0.08 0.12
  140 Y   -2 -2  3  2 -4  0 -1 -3  4 -1 -2 -1 -2  0  0  0  0 -1  4 -2    3   1  15  10   0   4   3   2   9   3   5   2   1   3   5   7   6   1  17   3  0.32 0.26
  141 K   -2 -1 -2  0 -3  2  1 -2 -3  0  2  1  0 -1  0 -2  1  0 -3  0    2   2   1   7   0  13   7   2   0   5  28   8   1   2   4   2  10   1   0   4  0.19 0.22
  142 A    1 -2  0  3 -4  0  3 -1 -3 -3 -3 -1 -3 -4 -2  2 -1  1  1 -2   15   2   4  20   0   3  18   3   0   2   2   3   0   0   1  14   3   2   5   2  0.36 0.28
  143 Q   -1  1  0  1 -2  3  3 -2  1 -2 -3  1 -2 -1 -3  1 -1 -4  0 -2    5   9   4   8   1  14  21   3   3   2   2   7   1   2   0  10   3   0   3   3  0.29 0.24
  144 A    5 -4 -4 -5  1 -4 -3 -2 -4 -2 -1 -1  0  0 -4  1  1  2 -4  0   55   0   0   0   3   0   1   1   0   2   4   3   2   3   0   8   7   3   0   6  0.75 0.49
  145 K    0  1 -2 -1  0 -1  1 -4 -3  2 -1  3  0 -1 -2 -1  0 -4  0  1    6   7   1   3   2   2   9   0   0  16   2  20   3   3   1   5   6   0   3  11  0.18 0.21
  146 T    1  0  2  1 -3  0  1 -1 -2 -1  0  0  0 -1  0  0  1 -4 -2 -1   15   4  11   9   0   4  13   3   0   3  10   4   3   3   3   4   8   0   0   3  0.10 0.10
  147 F    0 -2 -2  1 -2 -2 -2 -2 -1 -1  0 -2 -1  3 -3 -1  1  6  3 -1   14   0   0  14   0   0   0   0   0   0  14   0   0  14   0   0  14  14  14   0  0.32 0.10
  148 F   -7 -7 -7 -8 -7 -7 -7 -7 -6 -5 -4 -7 -3  7 -8 -7 -6 11 -2 -4    0   0   0   0   0   0   0   0   0   0   1   0   1  48   0   0   0  48   0   1  3.17 0.94
  149 A    0  1  0  1 -3  1  0 -2 -2  2 -2  2 -2 -3 -3  0  2 -4 -2 -1    7   7   3  10   0   7   5   2   1  14   2  14   0   0   0   7  16   0   1   4  0.20 0.18
  150 E   -1  1  0  1 -4  1  4 -1  0 -3 -4  1 -1 -2 -3  1  1  0  1 -3    4   9   3   7   0   5  29   4   2   2   0   6   2   1   0   9  10   1   4   1  0.35 0.24
  151 M   -3 -5 -5 -6 -4 -5 -6 -6 -6  5  1 -3  6 -1 -6 -5 -3 -5 -2  4    1   0   0   0   0   0   0   0   0  33  11   1  23   2   0   0   1   0   1  26  1.17 0.49
  152 A    5 -3 -2 -4 -4 -4 -4 -3 -5 -5 -3  2 -4 -6 -4  3 -1 -6 -5 -2   58   1   2   0   0   0   0   1   0   0   3  12   0   0   0  19   3   0   0   2  1.04 0.52
  153 G    2  1  1  1 -4  2  1 -2 -2 -4 -4  1 -3 -3  2  1  1 -5 -4 -1   17   6   7   6   0  11   9   1   0   0   0  10   0   1   8   8  11   0   0   4  0.29 0.21
  154 L   -1  4 -2 -3 -5  0  0 -5  1 -1  2  3 -2 -4 -4 -2  0 -5 -2 -2    4  26   1   1   0   2   5   0   3   3  25  21   0   0   0   1   5   0   1   1  0.52 0.32
  155 Y   -2 -4 -1 -4 -2 -2 -4 -6  1  0 -4 -1 -4  2 -6 -5 -3 -1  8 -2    3   1   3   1   1   2   1   0   3   6   1   4   0   8   0   0   1   0  62   2  1.69 0.64
  156 G    2 -1 -2 -3 -5 -3 -2  5 -1 -6 -6  4 -5 -6 -1 -2 -3 -6 -5 -4   16   3   1   0   0   0   1  42   1   0   0  29   0   0   4   2   1   0   0   0  0.97 0.45
  157 S   -3 -3  5  3 -5  2  0  2  2 -6 -6  1 -4 -5 -4  1 -2 -6 -4 -5    1   0  26  15   0  11   4  16   5   0   0   9   0   0   0  10   2   0   0   0  0.70 0.36
  158 S   -3 -1  3  2 -3  0  3 -4  0 -3 -3  1 -2 -2 -4 -1  0 -2  3 -1    0   2  14  13   0   3  25   0   2   1   2  10   1   1   0   4   5   0  12   5  0.45 0.29
  159 P   -1 -3  1  4 -2 -2  0 -2 -3 -5 -5  0 -5 -5  6  0  0 -6 -3 -4    4   1   7  21   1   1   5   3   0   0   1   5   0   0  37   7   5   0   1   1  0.89 0.40
  160 N   -2 -1  6 -3 -5 -3 -3 -3  6 -4 -5 -3 -1 -1 -5 -2  1 -4  5 -5    3   3  38   0   0   0   0   1  18   1   0   1   1   2   0   2  11   0  18   0  1.16 0.52
  161 V   -3 -6 -6 -6 -1 -6 -6 -7 -6  4 -1 -6 -1 -4 -6 -5 -4 -6 -5  7    1   0   0   0   1   0   0   0   0  22   4   0   1   0   0   0   0   0   0  69  1.65 0.61
  162 I   -4 -6 -7 -7 -5 -4 -6 -7 -6  7  3 -6  1  0 -6 -6 -4  0 -4  2    1   0   0   0   0   1   0   0   0  58  23   0   3   4   0   0   0   2   0   9  1.40 0.53
  163 Y   -3 -6 -6 -7 -6 -6 -6 -7 -3  2 -1 -6 -1  4 -7 -6 -5  1  8  0    2   0   0   0   0   0   0   0   0  13   5   0   1  16   0   0   0   2  53   7  1.70 0.63
  164 E   -5 -4  5  2 -7 -3  7 -6 -4 -7 -7 -3 -6 -7 -5 -4 -5 -7 -6 -7    0   0  25  11   0   0  64   0   0   0   0   0   0   0   0   0   0   0   0   0  1.86 0.73
  165 I   -4 -6 -6 -4 -4 -5 -6 -7 -6  6  3 -6 -1 -3 -4 -5  1 -6 -4  1    0   0   0   1   0   0   0   0   0  49  30   0   1   0   1   0   9   0   0   9  1.23 0.50
  166 A    2 -4 -3 -4  3 -3 -4  2  1 -3 -3 -2 -2  5 -5 -3 -3  4  4 -2   20   1   1   0   8   0   0  14   3   0   1   3   1  22   0   0   1   5  17   2  0.70 0.36
  167 N   -6 -5  9 -3 -7 -5 -5 -2 -4 -8 -8 -5 -7 -8 -7 -4 -5 -9 -7 -8    0   0  97   0   0   0   0   3   0   0   0   0   0   0   0   0   0   0   0   0  3.08 1.01
  168 E   -2 -5 -5 -3 -8 -3  8 -7 -5 -8 -7 -2 -7 -8 -6 -5 -5 -7 -7 -7    3   0   0   0   0   0  96   0   0   0   0   1   0   0   0   0   0   0   0   0  2.61 0.93
  169 P   -7 -8 -2 -7 -8 -7 -7 -8 -8 -8 -8 -7 -8 -8  8 -6 -7  6 -7 -3    0   0   3   0   0   0   0   0   0   0   0   0   0   0  85   0   0   9   0   3  3.10 1.29
  170 N   -2 -2  3  0 -1 -1 -1  0  3 -1 -1 -2 -1  1 -3  0  2  2  3 -1    1   2  15   4   1   1   4   6   8   4   5   2   1   7   0   5  15   3  11   4  0.25 0.22
  171 G   -1 -3  1  0 -2 -1 -1  5 -4 -5 -1 -2 -4 -3 -2  0 -1 -5 -1 -5    4   1   6   5   1   2   4  50   0   0   8   3   0   1   2   8   3   0   2   0  0.77 0.45
  172 G    0 -1  4  2 -4  2 -1  1 -1 -2 -3 -1 -2 -3  1  0  0 -5 -4 -3    8   2  22  11   0   9   4  13   1   3   2   3   1   1   7   6   6   0   0   1  0.36 0.27
  173 V    0 -1  2  0  1 -1 -2  0 -2  1 -1 -2  1 -2 -2 -1  1  3 -1  2    7   3  10   5   3   2   2   6   1   8   4   2   4   1   2   4   8   5   2  21  0.14 0.15
  174 T    0 -3  2  2  1 -2 -1 -1 -2 -3 -3 -2  0 -3 -1  3  3  1 -4 -1    6   1  10  11   3   1   2   5   1   1   2   2   3   1   3  25  17   2   0   5  0.35 0.31
  175 W   -2 -5 -1 -3 -1 -3 -6 -1 -6 -4 -6 -6 -6 -2 -1  0 -2 11  2 -6    3   1   3   2   1   1   0   4   0   1   0   0   0   2   4   8   3  60   6   0  2.57 1.03
  176 N    1 -1  2  2  0  0  1 -1 -1 -3 -2  0 -3 -4 -1  2  1  3 -3 -2   15   3   8  11   2   3   8   4   1   1   3   5   0   0   3  18   9   4   0   1  0.25 0.21
  177 G    2 -1  2  2 -3 -2 -1  2 -3 -3 -3 -1 -2 -4 -1  2  0 -4 -3 -2   16   4   9  14   0   1   3  19   0   1   2   2   1   0   3  15   5   0   1   2  0.33 0.24
  178 Q   -1 -1 -1  2 -4  1  2 -2 -1 -1 -3  1 -1 -1 -2 -1  2  5 -1  0    4   2   2  11   0   7  12   2   1   3   1   9   1   3   2   4  15   9   1   9  0.29 0.24
  179 I   -1 -6 -3 -7 -5 -4 -6 -4 -6  4  0 -3 -4  0 -6 -4 -1  9 -1  3    6   0   1   0   0   1   0   1   0  21   7   2   0   3   0   1   3  32   2  19  1.39 0.66
  180 R   -1  2 -2 -2 -6  1 -1 -5 -4 -3 -4  6 -4 -2 -5 -3  1  2  1  1    4   8   2   2   0   5   3   0   0   1   1  46   0   1   0   1   8   2   4  10  0.81 0.52
  181 P    1 -1  2  1 -4  1  1 -1  0 -3 -3 -1 -3 -4  4  1 -1 -5 -2 -2   14   4   9   8   0   5   8   4   2   1   2   3   0   0  20  13   4   0   2   2  0.37 0.25
  182 Y    0 -4 -3 -1 -1 -3 -3  1 -1  0 -1 -4 -2  0 -5 -3 -2  2  8 -3    9   1   1   4   1   1   1  10   1   7   5   0   1   2   0   1   2   2  51   1  1.14 0.55
  183 A    5 -4  0 -2 -1 -1 -3 -3  5 -3 -4 -3  2 -4 -4  0  1 -5  1 -1   46   0   4   2   1   2   0   1  13   1   1   0   5   0   0   7   9   0   5   3  0.74 0.46
  184 L   -2 -1  0  0 -5  4  5 -5 -2  0 -3  2 -3 -5 -2 -1  0 -5 -3 -1    2   2   4   4   0  17  36   0   1   7   1  11   0   0   1   3   5   0   1   5  0.62 0.40
  185 E    1  0  1  1 -4  3  3 -3 -1 -4 -4  0 -2 -5  2  0  1 -5 -4 -3   12   5   5   8   0  14  19   1   1   0   0   5   1   0  11   7   9   0   0   2  0.41 0.30
  186 V    2 -4 -4 -4  1 -3 -4 -4 -4  3  2 -4  1 -1 -4 -2 -2  3 -2  3   20   0   0   0   3   1   0   0   0  18  16   0   3   2   0   1   1   5   0  29  0.50 0.28
  187 T   -2 -5 -5 -5 -4 -5 -5 -1 -5  7  0 -5 -1 -3 -5 -2 -2 -5 -1  3    3   0   0   0   0   0   0   5   0  66   4   0   0   0   0   2   2   0   2  17  1.14 0.48
  188 D    1  0  1  2 -4  1  1 -1 -2 -4 -4  2 -3 -3  3  0  0 -4 -2 -3   12   3   6  14   0   8   6   4   0   0   0  17   0   1  17   5   6   0   1   0  0.38 0.22
  189 T    2  1 -3 -3 -1 -1 -1 -2 -3  1 -1  1  2 -2 -3 -1  2 -4 -2  2   20   9   0   0   1   1   3   1   0   8   4  11   7   1   0   3  13   0   1  19  0.20 0.19
  190 I   -2 -5 -6 -6 -4 -5 -6 -6 -2  7  2 -5  1 -3 -5 -5 -3 -5 -4  2    2   0   0   0   0   0   0   0   1  67  18   0   2   0   0   0   0   0   0   9  1.31 0.51
  191 R   -4  8 -1 -4 -6  0 -3 -5 -1 -5 -1  0 -4 -3 -5 -4 -2 -5 -1 -5    0  80   2   0   0   2   0   0   1   0   6   3   0   1   0   0   2   0   2   0  1.71 0.62
  192 S    4 -1  1  1 -3  0  1  0 -2 -3 -3  1 -1 -4 -3  2 -1 -4 -2 -2   39   1   7   7   0   3   8   4   0   0   0  10   2   0   0  14   3   0   1   1  0.39 0.26
  193 K    2 -1  2 -2 -3 -1 -1 -2  3  2 -1  0  0 -1 -3  0 -1 -3  2  0   21   2  11   0   0   1   2   1   8  20   3   7   2   2   0   4   3   0   8   5  0.18 0.19
  194 D   -1 -3  2  5 -5 -2 -1  4 -3 -5 -5 -2 -4 -5 -4 -1 -3 -5 -5 -5    5   0  11  42   0   1   2  31   0   0   0   1   0   0   0   4   0   0   0   0  0.96 0.40
  195 P    0 -1  1  0 -2 -2 -2 -3 -3 -1  0  0 -2  1  6  0 -1 -4 -3 -2    9   2   7   4   1   1   1   1   0   4   9   5   1   6  40   6   3   0   0   1  0.66 0.30
  196 D   -2  0  3  4 -4  2  1 -2  1 -4 -4  2 -3 -5 -2 -1  1 -5 -3 -3    1   3  15  29   0   8   9   2   4   0   1  14   0   0   1   2   9   0   1   1  0.54 0.28
  197 N    2 -3  5 -2 -4 -1 -3 -2  5 -4 -3 -1 -1 -4 -4 -1  0  0 -3 -1   19   0  38   0   0   2   0   2  18   0   2   3   1   0   0   3   5   1   0   5  0.75 0.40
  198 L   -2 -4 -3 -4 -1 -3 -4 -5 -4  4  3 -4  1 -1  0 -3  1 -4 -3  3    2   0   1   0   1   1   0   0   0  24  30   0   3   2   5   0  11   0   0  21  0.54 0.28
  199 I   -3 -5 -4 -5  1 -5 -5 -6 -5  6  1 -5 -1 -3  0 -3 -2 -5 -1  2    1   0   1   0   3   0   0   0   0  59  12   0   1   0   5   1   1   0   2  14  1.03 0.42
  200 I   -3 -4 -5 -5 -1 -4 -5 -5 -5  4  3 -4  4  1 -5 -3 -3 -4 -3  3    0   0   0   0   1   0   0   0   0  30  30   0  14   5   0   1   0   0   0  18  0.82 0.35
  201 V   -1 -5 -5 -4  3 -5 -5 -5 -5  3  1 -5  1 -3 -5 -4 -2 -5 -4  6    3   0   0   1   5   0   0   0   0  16   9   0   3   0   0   0   1   0   0  61  1.07 0.44
  202 G    1 -4  1  3 -2 -3  0  5 -4 -5 -6 -3 -5 -5 -1 -2 -2 -5 -5 -5   11   0   6  18   1   0   5  55   0   0   0   0   0   0   3   1   1   0   0   0  1.02 0.41
  203 T    2 -3  0 -3  3 -3 -3  3 -4 -4 -4 -3 -3 -4 -3  2  4 -4 -4 -3   15   0   4   0   7   0   0  25   0   0   0   0   0   0   0  12  36   0   0   0  0.72 0.36
  204 G   -1  0 -2 -3 -3 -3 -3 -1  0 -1 -2 -3  0  2  6 -1 -1 -4 -2 -1    5   5   2   0   0   0   1   5   3   4   2   0   2  10  48   5   3   0   1   3  0.91 0.36
  205 T   -1  0  5  0 -4  0  0  1  1 -4 -3 -1 -2 -2 -3  0  2  1 -2 -3    4   4  31   4   0   5   5  12   4   0   1   2   1   2   0   3  17   2   1   1  0.43 0.25
  206 W   -6 -6 -7 -8 -6 -4 -7 -7 -6 -7 -6 -3 -3 -1 -7 -5 -6 13  2 -7    0   0   0   0   0   1   0   0   0   0   0   2   1   2   0   1   0  85   7   0  4.15 1.14
  207 S    1 -4 -3  2  2 -3 -3  4 -4 -5 -5 -4 -5 -6 -2  5 -1 -6 -5 -5   12   0   0  10   4   0   0  29   0   0   0   0   0   0   1  42   2   0   0   0  0.92 0.48
  208 Q   -3 -3 -2 -4 -6  7 -3 -1 -2 -6 -5 -3 -3 -1 -5  2 -2 -5  3 -6    2   1   2   0   0  59   0   4   1   0   1   1   1   3   0  14   2   0  11   0  1.46 0.77
  209 D   -3  0  2  6 -3 -1 -1 -1 -1 -5 -4 -2 -2 -2 -5 -1 -1 -2  1 -4    2   5   9  52   0   3   2   5   2   0   1   1   1   2   0   4   3   1   5   1  0.95 0.50
  210 I   -2 -4 -4 -5 -4 -4 -2 -4 -2  2  2 -3  1 -2  3 -3  1  5 -1  3    2   0   0   0   0   0   3   1   1  11  22   1   4   1  14   1   9   9   2  21  0.50 0.33
  211 H    0  1  2  4 -4  2  0 -1  3 -3 -3 -1 -3 -3 -4  1  1 -5 -1 -3    6   7   8  26   0  10   4   4   7   1   2   3   0   1   0   9   7   0   2   1  0.40 0.29
  212 D   -1 -2  1  2 -1  1  1  1  1 -1 -1 -1 -1  0  1  0  0  1 -1  0    5   0   8  11   1   7  11  10   3   5   5   1   1   4   7   6   4   2   2   8  0.09 0.11
  213 A    4 -4 -1 -4  1 -3 -4 -2 -4  1 -2 -3 -2 -2 -1 -1 -1  1  0  2   45   0   3   0   2   0   0   2   0  10   3   1   1   1   2   3   2   2   3  17  0.52 0.36
  214 A    3 -2 -2 -2 -1 -2 -2  0 -1  0  0  0  2 -2  0  1 -1 -4 -3  1   35   2   2   2   1   1   1   5   2   5   7   5   6   2   4   8   2   0   0  11  0.24 0.22
  215 D    1  1  2  2 -4  1  1 -1 -1 -3 -2  1 -3 -2 -3  1 -1 -2 -2 -2   12  10  11  15   0   7  10   3   1   1   3   8   0   2   0  11   3   1   1   2  0.24 0.19
  216 N    0 -1  5  4 -5 -1  1 -3  1 -2 -3 -1 -4 -3 -1  1 -3 -1  0 -2    7   3  32  21   0   1   7   0   3   2   2   3   0   1   3   8   0   1   3   3  0.57 0.36
  217 Q    0 -1 -4 -3 -5  0 -1 -1 -2 -2 -3  1 -1 -4  6 -1 -2 -5  1  0    8   3   0   1   0   5   2   6   1   2   2   8   1   0  47   3   1   0   5   6  0.90 0.40
  218 L   -2 -4 -4  1 -3 -2 -3 -5 -4  5  2 -3  0  1 -2 -2 -2 -4 -3  3    1   0   0  11   0   2   1   0   0  38  16   1   1   6   2   2   1   0   0  17  0.55 0.31
  219 P    0 -1  2  2 -3  0  0 -1 -2 -3 -3  0 -2 -4  3  1  2 -4 -2 -2    8   3  11  11   0   4   6   4   0   1   1   5   1   0  15  13  15   0   1   2  0.31 0.19
  220 D    0  0  1  4 -3  0 -1  2 -1 -1 -1 -1 -2 -1 -3 -1 -1 -1  0 -1    8   5   6  27   0   5   1  17   1   4   7   2   0   2   0   1   2   1   5   4  0.24 0.18
  221 P    0  0  1  2 -3  0  0  0  1 -3 -3  2 -3 -3  3  1  0 -3  1 -3    6   5   6  11   0   2   6   6   4   1   1  14   0   0  14  11   6   0   6   1  0.26 0.17
  222 N   -4 -1  8  0 -5 -1 -3  0  0 -2 -6 -1 -5 -5 -5 -3 -3 -6 -5 -5    0   3  76   3   0   2   0   7   2   4   0   2   0   0   0   0   0   0   0   0  1.75 0.65
  223 T   -3 -4 -4 -4 -3 -4 -2 -5 -4  4  2 -4  0 -1 -4 -1  2 -4  0  3    0   0   0   0   0   0   3   0   0  28  21   0   1   1   0   4  17   0   3  22  0.59 0.32
  224 M    2 -3 -4 -3  1 -3 -4  2 -4  1  0 -4  6 -3 -4 -3 -2 -4 -4  2   22   1   0   1   3   0   0  14   0   7   6   0  26   0   0   0   1   0   0  18  0.60 0.37
  225 Y   -3 -5 -6 -7  1 -5 -6 -6  1 -4 -2 -5 -4  6 -6 -5 -2 -2  8 -4    2   0   0   0   3   0   0   0   2   0   2   0   0  27   0   0   3   0  61   0  2.05 0.72
  226 A    1 -2  0  0 -2  1  0  0 -2  0 -2  1 -2 -3 -2  2  3 -3 -3  1   11   0   5   5   0   5   5   6   0   5   1   8   0   0   0  15  22   0   0  11  0.20 0.18
  227 L    1 -2  1 -2  1 -2 -2 -1  1  0  0 -2  1  1  0  1  0 -2  0  1   13   0   8   0   4   0   0   4   4   6   9   0   4   7   4  16   6   0   4  10  0.08 0.11
  228 H   -6 -5 -4 -6 -7 -4 -5 -6 11 -6 -6 -5 -6 -5 -6 -5 -6 -6  0 -1    0   0   0   0   0   0   0   0  86   0   1   0   0   0   0   0   0   0   3   6  3.51 1.21
  229 F   -4 -2 -3 -2 -5 -4 -3 -5 -4  1 -2 -5  5  6  3 -4 -3  2  2 -1    1   2   1   3   0   0   2   0   0   7   3   0  17  32  15   0   1   3   7   5  0.96 0.50
  230 Y   -6 -6 -6 -7 -6 -6 -2 -7 -3 -2 -5 -6 -5  1 -7 -4 -6 -3 10 -5    0   0   0   0   0   0   3   0   0   2   1   0   0   3   0   2   0   0  86   0  3.05 1.13
  231 A    4 -4 -3 -1 -1 -2 -1 -1 -4 -2 -4 -3 -2 -4  4  0 -1 -5 -1  1   38   0   1   4   2   1   4   5   0   2   1   1   1   0  19   5   4   0   3  11  0.59 0.38
  232 G    1 -3  0  0 -1  1 -1  3  0 -2 -3 -2  1  1 -2  0  0 -3 -1  1   15   0   4   6   1   6   3  26   2   2   1   1   4   6   2   6   5   0   2  10  0.24 0.20
  233 T   -2 -2 -1  0 -4  1 -1 -1 -1 -2 -3  2 -1  0 -2  2  4  4  1 -1    2   1   2   4   0   5   3   4   1   2   2  12   1   3   2  15  27   6   5   4  0.37 0.30
  234 H   -1  0  2  1 -5 -1 -2 -1  7 -3 -4  0 -4 -4 -2 -2  1 -4  1  0    4   5   9   8   0   2   2   5  32   1   1   5   0   0   2   2  10   0   4   6  0.73 0.40
  235 G    1  1  0 -1 -4  0  0  2 -1 -2 -3  3 -4 -3  2  0 -1 -4  0 -1   10   8   5   3   0   3   5  14   1   2   2  17   0   1  11   6   4   0   4   4  0.24 0.23
  236 Q    1  0  1  2 -5  4  2  0  0 -3 -3  0 -1 -5 -1  0  0 -5 -1 -3   11   4   6  13   0  17  12   6   2   2   2   5   1   0   3   8   5   0   2   1  0.33 0.30
  237 F    0 -2  0  0 -1  0  1 -1 -1 -3 -3  0  0 -1  1  2  1  2  2 -2    8   2   5   5   1   4   9   4   1   1   1   5   2   3   8  19   8   3   8   3  0.19 0.23
  238 L   -1 -1 -1 -1 -4 -1 -2 -4  1  2  1 -1  0  1  0 -1 -1  5  3  2    4   2   3   3   0   3   2   0   3  10  15   4   2   5   4   3   3   8  10  14  0.24 0.21
  239 R    0  3  0 -2  0  0  0 -1  0 -2 -1  0  1  0 -2  0 -1  6  0 -2    8  19   5   2   2   3   6   5   2   2   5   5   3   5   2   5   4  11   2   3  0.27 0.24
  240 D    0 -1  2  4 -5  1  2 -2 -4 -5 -5 -1 -4  0 -1  0 -1  3  0 -2   10   3   8  26   0   7  11   3   0   0   0   3   0   4   3   8   4   4   3   3  0.42 0.35
  241 R   -1  2  3  0 -5  2 -1 -2  1 -3 -4  3 -1 -2 -2 -1 -1 -4  4 -3    6  10  15   5   0   7   3   2   3   1   1  17   1   2   2   5   4   0  14   2  0.39 0.34
  242 I    1 -4 -4 -1 -2 -2 -1 -1 -2  1  1 -2  1  2 -2 -2 -1  5  0  1   15   0   0   4   1   1   3   4   1  10  16   2   4   9   1   2   3  10   2   9  0.29 0.25
  243 D   -1  1  1  3 -4  2  1 -2 -1 -1 -1  0 -1  1 -1 -1  0  0 -1 -2    5   7   8  17   0  10  11   3   1   4   5   5   1   8   2   3   5   1   2   2  0.20 0.21
  244 Y    0  1  2 -1  0 -1 -1  2 -1 -2 -3  0 -1  1 -3  0  0  0  2 -2    8   9  10   3   2   2   4  18   1   2   2   5   2   5   1   7   7   1  10   2  0.18 0.20
  245 A    5 -5 -2 -1  0 -4 -2 -2 -5 -1 -2 -3 -4  4 -5 -1 -2 -5  1  1   43   0   2   4   2   0   3   3   0   3   3   1   0  17   0   5   2   0   4   8  0.68 0.49
  246 Q    0 -1 -2 -2 -3 -1 -2 -4 -1  2  2 -2  2 -1  2 -2 -1  1  0  1    9   4   2   2   0   3   2   0   2  10  23   2   5   2  10   3   3   2   4  11  0.21 0.21
  247 S    2 -1  4  1 -4  0  1 -1 -3 -3 -5  0 -4 -5 -4  2 -1  1 -2 -2   21   2  18   9   0   3   8   5   0   2   0   6   0   0   0  14   4   2   1   3  0.41 0.35
  248 R    0  0  0  0 -2  1  0  0  2  0  0  0  1  1 -2  0  0 -2  1  0    6   6   6   6   0   6   6   6   6   6   6   6   6   6   0   6   6   0   6   6  0.04 0.07
  249 G   -1 -1  2  0 -3 -1 -1  4  0 -3 -2  1 -3 -3  1  0 -1 -4 -1 -2    4   3  10   4   0   2   3  40   2   1   4  10   0   0   6   4   4   0   2   2  0.44 0.26
  250 A   -1 -2 -1 -2 -2 -2 -3 -3 -3  2  2 -2  1  0 -2  0  0  1  2  2    5   2   3   2   0   0   0   0   0  11  25   2   4   3   2   6   5   2   7  18  0.21 0.18
  251 A    1 -4 -2 -2  1 -4 -2 -1 -4 -1 -3 -3 -4 -5  7 -1 -2 -5 -2  0   11   0   2   2   3   0   2   4   0   4   2   0   0   0  54   4   2   0   2   7  1.18 0.52
  252 I   -1 -4 -4 -4 -3 -1 -4 -4 -4  4  2 -4  1 -2 -1 -3  1 -4 -3  4    5   0   0   0   0   4   0   0   0  23  19   0   3   0   3   0   8   0   0  33  0.57 0.34
  253 F   -1 -4 -1 -4  0 -4 -4 -2 -1  2 -1 -4 -1  6 -5 -1  1  4  1  1    4   0   4   0   2   0   0   3   2  12   3   0   1  39   0   4   9   6   3   8  0.63 0.35
  254 V    1 -4 -4 -1  1 -3 -1 -2 -4  3  1 -3  1 -1 -4 -3 -2 -4 -3  4   13   0   0   4   3   0   5   4   0  19  10   0   3   1   0   0   0   0   0  37  0.43 0.29
  255 S   -2 -2 -1  0 -3 -3 -1  2 -4 -1 -4 -1 -3 -4 -1  2  5 -5 -4 -1    0   2   1   6   0   0   2  13   0   3   0   3   0   0   2  12  51   0   0   3  0.71 0.43
  256 E   -3 -3 -3 -1 -5 -1  6 -1  0 -4 -4 -1 -4 -1 -3 -1  1 -4 -1 -2    1   0   0   0   0   0  66   6   3   0   1   3   0   3   0   3   8   0   2   3  1.07 0.52
  257 W    0 -2  1  0  3 -2 -2 -2 -2  0  0 -2  2  1  1  0 -1  4  2  0    8   0   7   8   7   0   0   1   0   8   8   0   7   7   8   8   0   7   7   8  0.15 0.16
  258 G    0 -4  1  0 -5 -4 -4  5 -4 -5 -5  0  2 -5 -4  0  0 -5 -5 -5    8   0   6   6   0   0   0  51   0   0   1   6   6   0   0   7   7   0   0   0  0.94 0.42
  259 T    0 -2 -1 -1  1 -2 -1  0  0  1  1 -1  0  0  1 -1  1  2  2  1    6   0   3   3   3   0   3   7   3   7  13   3   3   3   8   3  11   3   7   9  0.08 0.09
  260 S   -1 -1 -1  0  4  1 -1 -2 -2 -1 -1  0  2 -1  0  1  1  0  0  1    4   2   3   6  10   9   3   2   1   1   4   5   7   2   5  10   8   1   3  12  0.14 0.19
  261 D   -2 -2  2  3 -4  0  3 -1  4 -3 -2 -2 -2 -3 -1  1 -1 -4 -2 -4    3   2  11  18   0   3  19   4  12   1   5   2   1   1   3   9   4   0   2   1  0.45 0.33
  262 A    4 -3 -1  0  1  2 -1 -2 -1 -3 -2 -1 -3 -3 -3  1  0 -4  1 -2   41   0   3   5   3   8   3   3   1   1   3   3   0   1   1   9   5   0   6   3  0.48 0.39
  263 S   -1 -3  1  4 -4 -1 -1  0 -3 -5 -5 -2 -3 -2 -1  4  1 -5 -1 -4    3   1   7  27   0   3   3   6   0   0   1   2   1   2   4  28   9   0   2   1  0.64 0.44
  264 G   -1 -2  0 -2 -5 -1 -1  6 -2 -3 -4 -2 -5 -5 -3 -1 -1 -5 -2 -4    4   2   4   2   0   3   4  61   1   2   2   3   0   0   1   4   3   0   2   1  1.11 0.61
  265 N   -1 -2  3  4 -2 -1  0  0 -1 -2 -3  0 -2 -1  0 -1  0  2 -1 -1    3   2  17  26   1   2   5   7   1   2   2   5   1   2   5   4   5   3   3   5  0.36 0.29
  266 G   -1 -2  0  0 -2 -4 -2  6  1 -5 -4 -1 -4 -5  0 -1 -1  0 -2 -3    4   2   4   4   1   0   2  54   4   1   2   3   0   0   5   4   4   1   1   2  0.90 0.50
  267 G    2  0  1  0 -3 -1 -1  3 -2 -2 -4 -1 -2 -3  2  0  0  1 -2 -2   19   4   6   5   0   2   4  25   1   2   1   4   1   1   9   6   4   2   1   2  0.32 0.26
  268 P   -1 -3  1 -1 -3 -1 -2 -1  1  1  1 -2  0 -1  3  0  0 -4 -1  2    3   0   7   3   0   2   2   5   4   9  12   1   2   2  14   7   6   0   2  18  0.19 0.19
  269 F   -1 -4  4  5 -1 -2 -2 -2 -3 -2 -5 -4 -4  1 -3 -2 -1  2  3 -2    5   0  18  36   1   1   1   2   0   3   1   0   0   7   1   3   4   3  10   4  0.79 0.52
  270 L   -1  0 -1 -1 -3  0  1  0  1 -1  0  0 -1  1  1  0  0  0  0  0    5   5   2   3   0   5  10   7   3   3  11   5   1   8   6   4   8   1   4   8  0.04 0.07
  271 P    1 -1  0  2 -1 -1  1  0 -1 -2 -2 -1 -3 -3  1  1  1 -1 -3  1   13   3   5  12   1   2  11   7   1   2   2   4   0   1   7   9   8   1   0  10  0.16 0.18
  272 E   -1 -2  0  2 -4  0  4 -2 -3 -4 -4  0  1 -2 -2  2 -1  0  2 -3    4   1   3  12   0   4  26   2   0   0   1   6   4   2   2  18   4   1   8   1  0.46 0.38
  273 S    2 -3 -1 -3 -2 -2  0  1 -2 -1 -2 -2  0  0 -3  2  2  4  0 -1   18   0   3   1   1   1   7   9   1   3   4   1   2   5   0  19  14   5   3   4  0.27 0.27
  274 Q   -1  1  2  3 -2  3  1 -1 -1 -4 -3  1 -2 -5  0 -1  0 -1 -4 -3    6   8  11  17   1  15   8   4   1   1   2  10   1   0   4   4   6   1   0   1  0.37 0.31
  275 T    2  1 -1  0 -4  1  2 -2 -1 -2 -2  1 -3 -4 -2  0  2 -5 -1 -2   22   7   2   5   0   6  13   2   2   2   3   8   0   0   2   6  15   0   2   3  0.27 0.29
  276 W   -6 -5 -3 -5 -6 -6 -6 -5 -6  4 -2 -5  1  2 -2 -5 -5 11  2 -2    0   1   2   1   0   0   0   1   0  22   3   1   3   7   2   1   0  46   6   3  2.12 0.93
  277 I   -2 -1 -3 -2 -3  0 -3 -4  0  1  2 -1  5  0 -4 -2  0  3  0  1    0   3   0   3   0   6   0   0   2   9  21   5  21   3   0   2   6   5   4   8  0.35 0.29
  278 D    1  0  1  3 -3  0  1 -1 -2 -3 -2  1 -1 -3 -2  1  1 -4 -1 -2   13   5   6  17   0   4  10   3   0   0   4  10   2   0   0   9  12   0   2   3  0.21 0.20
  279 F   -1 -1 -3 -4  0 -2 -1 -2  0 -1  0 -2  0  4 -4 -2 -1  6  4 -1    6   3   0   0   2   2   5   2   2   2  10   3   2  23   0   2   4  10  19   3  0.52 0.33
  280 L    0 -2 -2  0  2 -2 -2  0  2  0  0 -2  1  1  1  0  0 -2  1  0    7   0   0   7   7   0   0   7   7   7   7   0   7   7   7   7   7   0   7   7  0.08 0.13
  281 N    0  1  1  2 -3  2  3  0  1 -1 -2  1 -2 -3 -2  0  0 -3 -2 -1    8   7   6  10   0  10  20   6   3   4   4   7   0   0   0   4   5   0   0   4  0.20 0.17
  282 N    0  0  2  1 -4  3  2 -1  0 -4 -3  1 -1 -1 -3  1  0 -4 -3 -2    9   4  10   6   0  16  17   3   2   0   2  10   1   3   0   9   5   0   0   2  0.30 0.27
  283 R   -1  1  2 -2 -3  0  0 -1  2 -1  0  1  0  0  0 -1  0 -3  2 -1    5   8  15   0   0   3   4   4   6   4   9  12   3   3   4   3   4   0   8   4  0.12 0.17
  284 G    0  0  1  0  2  1  0  0  2 -2 -1  0  1 -2  1  0  0 -3  1 -1    6   6   6   6   6   6   6   6   6   0   6   6   6   0   6   6   6   0   6   6  0.07 0.11
  285 V    0  1 -1 -2 -2  1 -1 -2 -2  1  0  1  2  1 -2  0  1 -2 -1  1    9   9   0   0   0   9   1   1   0   9   9   9   9   9   0   9   9   0   0   9  0.08 0.10
  286 S    0 -1  0  0 -3  0 -2  3  2 -2 -3  0 -3 -1  0  3 -1 -4 -3 -1    4   3   3   6   0   4   0  22   6   3   0   5   0   3   3  30   3   0   0   4  0.32 0.29
  287 W   -2 -1 -1 -4  0 -1 -3 -4  2 -1  0 -1  1  0 -1 -1 -1  8  5 -3    3   2   3   0   2   3   0   0   6   3   7   4   5   3   3   6   5  25  19   0  0.78 0.44
  288 V    2 -2 -1 -3  1 -1 -2 -1 -3  1  1 -1  1  0 -3  0  2  4 -2  1   20   0   2   0   4   3   0   3   0   8  12   3   3   4   0   5  15   7   0  10  0.19 0.20
  289 N    2 -3  4 -2  1 -1 -1  2 -2 -2 -3 -1 -1  0 -3  1  0 -1 -1 -1   23   0  23   0   3   2   2  13   0   1   2   2   2   5   0   8   4   1   2   5  0.33 0.28
  290 W   -3 -2 -6 -6 -5 -5 -5 -3 -5 -5 -5 -5 -5  0 -6 -2 -2 12  4 -3    2   3   0   0   0   0   0   2   0   0   1   0   0   3   0   4   3  66  12   2  2.89 1.00
  291 S    2 -3  1 -1  2 -1 -1  0  0  0 -2 -1  0 -4 -3  3  0 -4 -3 -1   19   0   8   3   6   2   3   7   2   5   3   2   2   0   0  26   5   0   0   5  0.27 0.27
  292 L   -1 -4 -1 -1 -4 -1 -1 -2 -4  2  2 -4  1  2 -5 -4 -1  7  1  1    4   0   4   4   0   4   4   4   0  12  18   0   4   8   0   0   4  15   4  12  0.48 0.33
  293 T    0 -2  0  0  2  0  0  0  2  0 -1  0  1  1 -3  0  0  3  1  0    6   0   5   6   5   5   6   6   5   6   6   6   5   5   0   6   6   5   5   6  0.07 0.12
  294 D   -1 -1  3  4 -4 -1 -1  0  0 -4 -3 -1 -4 -4  1  0  0  3 -1 -2    5   4  12  26   0   3   3   8   3   0   3   3   0   0   8   6   5   4   2   3  0.38 0.32
  295 K   -1  0  2  1 -4  0 -1 -1  0 -1 -1  3  0 -1 -3  1  0  1 -1 -1    5   4  10  10   0   3   3   5   2   3   5  25   3   3   0   9   4   2   2   3  0.20 0.22
  296 S    0 -1  1  1 -3  0  0  1  0 -1 -2 -1 -3  0 -1  0  0  6  0 -1    9   3   9   7   0   4   5   9   2   3   3   3   0   5   3   8   5  14   3   4  0.25 0.22
  297 E    0  1  0  2  0  0  4 -1  0 -3 -3  0 -4 -4 -2  1 -1  1 -2 -2    6   7   5  10   2   3  33   3   2   2   2   3   0   0   2  10   3   2   2   3  0.41 0.35
  298 A    0  0  0  0  2  0  0  0 -2  0 -1  0  1 -2  0  0  0  3  1  0    6   6   5   6   5   5   6   6   0   6   6   6   5   0   6   6   6   5   5   6  0.06 0.11
  299 S    0 -2  0  0  1  1  0 -1  0 -2 -1  0  0  1  0  0  1  2  0  0    9   0   4   6   4   9   4   4   3   0   6   5   3   8   4   9  10   3   3   8  0.06 0.13
  300 A    0  0  0  0 -3  0  0  0 -2  0 -1  0  1  1  0  0  0  3  1  0    6   6   5   6   0   5   6   6   0   6   6   6   5   5   6   6   6   5   5   6  0.06 0.08
  301 A    1 -1 -1 -1  2 -1 -1  0 -2  0 -1 -1  1  1 -1  0  1  1  0  1   15   4   4   2   4   2   2   8   0   5   5   2   4   8   3   6   9   2   4  11  0.06 0.11
  302 L   -1 -2 -1  0  1 -3  0 -1  1  0  2 -2 -2  3 -2 -1  0  3  1 -1    5   2   2   6   3   0   6   4   4   6  22   2   0  13   2   4   5   5   5   3  0.16 0.19
  303 A    0  1  0  0 -3  0  0  0 -2  0  0  1  0  0 -2  0  0  3  0  1    7   7   5   4   0   4   5   6   0   5   7  11   3   5   0   5   7   4   4  10  0.05 0.09
  304 P   -1 -1  0  0 -5  0  0 -2 -4 -1 -2 -1  1 -1  5  0  0 -5  0 -1    5   3   4   4   0   4   6   4   0   3   5   4   4   3  30   8   6   0   3   4  0.44 0.35
  305 G   -1  0  0  0 -3  0  0 -1  2  0 -1  0  1  0  0  0  0  3  1  0    5   5   5   5   0   5   5   5   5   5   5   5   5   5   5   5   5   5   5   5  0.06 0.08
  306 A    2 -2  0  0  2 -2 -1 -1 -4 -2  1 -2  1 -4  1  1  3  1 -2 -1   18   2   3   5   4   2   4   4   0   2  12   2   3   0   6  10  17   2   1   3  0.21 0.24
  307 S   -1 -2  1  3  3 -1  0  0 -4 -1 -2 -1  0 -2  0  1  1  1 -1 -2    3   2   5  19   7   2   5   8   0   4   3   3   3   2   5  13   8   2   2   3  0.24 0.24
  308 K    0  0  1  0  0  0 -1 -1 -2  0 -1  0  1 -1  2  1  0 -3  1  0    9   4   6   6   2   3   3   4   0   6   6   7   5   3   9  10   5   0   5   5  0.06 0.09
  309 S    1 -1  1  1 -3  0 -1 -1  0 -1 -1  0  0 -1 -3  1  2  1 -1  0   13   3   6   9   0   3   3   4   2   3   5   6   3   3   0  12  12   2   2   8  0.11 0.16
  310 G   -1  0  0  0  2  0  0 -1  2  0 -1  0  2  1  0 -1  0  4  1 -1    5   5   5   5   5   5   5   5   5   5   5   5   5   5   5   5   5   5   5   5  0.09 0.08
  311 G    0  0  0  0 -2  0  0  0  1  0 -1  0  1  0  0  0  0 -2  1  0    5   5   5   5   0   5   5   5   5   5   5   5   5   5   5   5   5   0   5   5  0.00 0.06
  312 W   -1 -1 -1 -1  2 -1 -2 -1 -4  0 -1 -4  1  1 -1  0  0  8  2 -2    4   3   3   3   4   3   3   6   0   5   6   0   3   7   4   7   7  23   6   3  0.59 0.41
  313 T    0  0  0  0  2  0  0 -1  1  0 -1  0  1  0  0  0  0 -2  1  0    5   5   5   5   5   5   5   5   5   5   5   5   5   5   5   5   5   0   5   5  0.03 0.05
  314 E   -1 -1  0  2 -3  1  0 -1 -2 -1 -1  0  0 -1  2  0  1  2  0 -1    5   3   5  13   0   7   7   5   0   4   6   5   3   3   9   6  10   3   4   3  0.11 0.14
  315 Q    0 -1  2  2 -4  0  0 -1 -1 -2 -3  1 -1 -2 -2  2  1  2  0 -1    7   3  11  10   0   3   7   5   1   2   2   7   2   2   2  18   7   3   4   5  0.21 0.23
  316 N   -2  0  3  3 -1  1  1 -1  0 -2 -3 -1 -1 -2 -1  1 -1  2  0 -1    2   4  13  17   2   6  10   4   2   2   2   3   1   2   3  11   4   3   3   4  0.27 0.26
  317 L    0  0  0  0 -3  0  0  0 -2  0 -1  0  1  1  0  0  0  3  1  0    6   6   5   6   0   5   6   6   0   6   6   6   5   5   6   6   6   5   5   6  0.06 0.08
  318 S   -1 -3  0  0  1  0 -1 -1  1 -1 -2  0 -3 -3  0  2  4 -4  0 -1    4   0   4   6   3   3   4   3   4   3   4   6   0   0   3  16  29   0   3   4  0.28 0.31
  319 T    0  0  0  0 -3  1  0  0  1  0 -1  0  1 -2  1  0  0  3 -2  0    6   6   5   6   0   5   6   6   5   6   6   6   5   0   6   6   6   5   0   6  0.04 0.12
  320 S    0  0  0  0 -3  1  0  0  2 -2 -1  0  1  1  0  0  0  3  1 -1    6   6   5   6   0   5   6   6   5   0   6   6   5   5   6   6   6   5   5   6  0.08 0.12
  321 G    0 -1  1  1 -2 -1  0  0 -1  0  0  0 -1 -1  1  0  0 -2  1  0    8   0   7   8   0   0   8   8   0   8   8   8   0   0   8   8   8   0   7   8  0.06 0.08
  322 K    0  0  0  0 -2  1  0  0  1  0 -1  0  1  0  1  0  0 -2  1  0    6   6   5   6   0   5   6   6   5   6   6   6   5   5   6   6   6   0   5   6  0.03 0.06
  323 F    0 -1 -1 -3 -3  0 -1 -2  1  0  0  0  0  3 -1 -1  0  5  2  0    6   4   3   0   0   3   5   3   3   5  12   5   3  12   3   4   7   8   8   5  0.16 0.17
  324 V    0 -2  0 -2  2  0  0  0 -2  0  0  0  1  1  1  0  0  3  1  0    6   0   6   0   6   6   6   6   0   6   6   6   6   6   6   6   6   6   6   6  0.08 0.13
  325 R   -1  2  1 -1  1  0 -2 -2  1 -1 -2  3  0  1 -1 -1 -1  2  2 -1    4  13   6   3   3   3   0   3   3   4   3  19   3   7   3   3   4   3   8   4  0.20 0.22
  326 E    1 -1  2  1  1  0  0  1  1 -1 -2  0 -3 -3  2  0  0 -4  0 -1   11   3  11   8   3   4   5   9   3   3   3   4   0   0   9   7   7   0   4   5  0.12 0.15
  327 Q    0  0  0  0 -3  1  0  0  2  0 -1  0  1  1 -3  0  0  3  1  0    6   6   5   6   0   5   6   6   5   6   6   6   5   5   0   6   6   5   5   6  0.06 0.10
  328 I   -1 -1 -1 -1  0 -1 -3 -2  1  2  1 -1  2  0  0 -1 -1  2  0  0    5   4   3   4   3   3   0   3   3  15  18   3   6   4   4   4   4   3   3   6  0.07 0.13
  329 R   -1  0  0  0 -3  0  0 -1  2  0 -1  0  1  0  0  0  0  3  1  0    5   5   5   5   0   5   5   5   5   5   5   5   5   5   5   5   5   5   5   5  0.06 0.08
  330 A    0 -1  1  0 -3  0  1  2  1 -1 -2  0  0 -1  0  0  0 -3  0 -1    8   3   7   5   0   4   9  17   4   3   4   6   3   3   4   7   6   0   3   4  0.10 0.12
  331 G   -1  0  0  0 -3  0  0 -1  2  0 -1  0  1  0  0  0  0  3  1  0    5   5   5   5   0   5   5   5   5   5   5   5   5   5   5   5   5   5   5   5  0.06 0.08
  332 A    1  0  3  0  1  0 -1 -1  1 -1 -2  1 -3 -1  0  0  0  2  0 -1   12   4  16   6   3   3   3   4   3   3   4  10   0   3   5   6   6   3   3   5  0.12 0.16
  333 N    0  0  0  0 -2  1  0  0 -1  0 -1  0 -1  0  1  0  0 -2  1  0    6   6   6   6   0   6   6   6   0   6   6   6   0   6   6   6   6   0   6   6  0.04 0.06
  334 L   -1  0  0  0  2  0  0 -1  2  0 -1  0  2  1  0 -1  0  4  1 -1    5   5   5   5   5   5   5   5   5   5   5   5   5   5   5   5   5   5   5   5  0.08 0.08
  335 G    0 -2  0  0  2  0  0  0 -2  0 -1  0 -1  1  1  0  0  3  1  0    6   0   6   6   6   6   6   6   0   6   6   6   0   6   6   6   6   6   6   6  0.07 0.11
  336 G    0  0  0  0 -2  1  0  0  1  0 -1  0  1  0  1  0  0 -2  1  0    6   6   5   6   0   5   6   6   5   6   6   6   5   5   6   6   6   0   5   6  0.03 0.06
  337 G    0  0  0  0  2  0  1  0  1 -1 -1  0 -2  0  1  0  1 -3  0 -1    7   6   4   4   5   3  10   7   3   3   4   7   0   4   7   7   8   0   3   5  0.06 0.08
  338 D    0  0  0  0  2  1  0  0 -2  0  0  0  1  0  1  0  0 -3 -2  0    6   6   6   6   6   6   6   6   0   6   6   6   6   6   6   6   6   0   0   6  0.04 0.07
  339 T   -1  0  0  0 -3  0  0 -1  2  0 -1  0  1  0  0  0  0  3  1  0    5   5   5   5   0   5   5   5   5   5   5   5   5   5   5   5   5   5   5   5  0.06 0.08
  340 P    0 -1  1  0  1  0  0  0 -2 -1 -1  1 -2 -1  1  0  1  3  0  0    6   3   9   5   3   5   4   6   0   3   5   8   0   3   7   8  10   5   3   7  0.10 0.14
  341 T    0  0  0  0  2  0  0 -1 -2  0 -1  0  1  0  0  0  0  3  1  0    5   5   5   5   5   5   5   5   0   5   5   5   5   5   5   5   5   5   5   5  0.05 0.08
  342 T    0  0  0  0  2  0  0 -1  1  0 -1  0  1  0  0  0  0 -2  1  0    5   5   5   5   5   5   5   5   5   5   5   5   5   5   5   5   5   0   5   5  0.03 0.05
  343 P    0 -2  0  0  2  1  0  0 -2  0 -1  0  1 -2  1  0  0  3 -2  0    6   0   6   6   6   6   6   6   0   6   6   6   6   0   6   6   6   6   0   6  0.09 0.13
  344 T    0  0  0  0  2  0  0 -1  1  0 -1  0  1  0  0  0  0 -2  1  0    5   5   5   5   5   5   5   5   5   5   5   5   5   5   5   5   5   0   5   5  0.03 0.05
  345 E    0  0  0  0  0  1  0  0  0 -1 -1  0  0  0  1  0  1 -3  0  0    5   4   5   6   3   6   5   9   3   3   5   6   3   4   9   5  10   0   3   8  0.05 0.07
  346 P    0  0  0  0  2  0  0 -1  1  0 -1  0  1  0  0  0  0 -2  1  0    5   5   5   5   5   5   5   5   5   5   5   5   5   5   5   5   5   0   5   5  0.03 0.05
  347 T    0 -2  0  0 -3  1  0  0  2  0 -1  0 -1  1  1  0  0  3  1  0    6   0   6   6   0   6   6   6   6   6   6   6   0   6   6   6   6   6   6   6  0.07 0.10
  348 N    0 -1  1  1 -3  1  0  0 -2 -1 -2  0  0 -1  1  1  1  1 -1  0    6   3   8   8   0   7   3   8   0   3   3   6   3   2   6  11  11   2   2   8  0.10 0.15
  349 P    0 -1  0  1  1  1  0  1  1 -1 -2 -1 -2 -1  0  1  1 -3  1  0    7   3   4   8   3   7   4   9   3   4   3   4   0   3   5  13   8   0   5   6  0.07 0.11
  350 G    0  0  0  0  2  0  0 -1  1  0 -1  0  1  0  0  0  0 -2  1  0    5   5   5   5   5   5   5   5   5   5   5   5   5   5   5   5   5   0   5   5  0.03 0.05
  351 N   -1  0  0  0  2  0  0 -1  2  0 -1  0  1 -2  0  0  0  3  1  0    5   5   5   5   5   5   5   5   5   5   5   5   5   0   5   5   5   5   5   5  0.07 0.11
  352 G    0 -2  0  0 -3  0  0  0  2  0 -1  0  1  1  0  0  0  3  1  0    6   0   5   6   0   5   6   6   5   6   6   6   5   5   6   6   6   5   5   6  0.07 0.11
  353 T    0 -1  0  1  1  1  0  0 -2 -1 -1  0  0 -1  2  1  1 -3 -3  0    9   3   4   7   3   6   4   6   0   4   4   6   3   3  13  12   8   0   0   6  0.12 0.14
  354 T    0  0  0  0 -2  1  0  0  1  0 -1  0 -1  0  1  0  0 -2  1  0    6   6   6   6   0   6   6   6   6   6   6   6   0   6   6   6   6   0   6   6  0.04 0.06
  355 G   -1  0  0  0  2  0  0 -1  2  0 -1  0  2  1  0 -1  0  3  1 -1    5   5   5   5   5   5   5   5   5   5   5   5   5   5   5   5   5   5   5   5  0.08 0.08
  356 D    0  0  0  0 -3  1  0  0  2  0 -1  0  1 -2  0  0  0  3  1  0    6   6   5   6   0   5   6   6   5   6   6   6   5   0   6   6   6   5   5   6  0.07 0.10
  357 V   -1 -2 -1 -1  1 -2 -1 -1 -2  1  1 -1  1  0  1  0  0  3  0  1    5   0   3   4   3   0   4   4   0  10  17   3   4   4   6   8   6   4   4   9  0.07 0.11
  358 V    0  0  0  0 -3  0  0 -1 -2 -1 -1  1 -2 -2  1  1  1  3  0  0    8   4   5   5   0   4   6   4   0   4   4   8   0   0   8  12   8   5   4   8  0.11 0.13
  359 L    0 -2 -2  0  2  0  0  0 -2  0 -1  0 -1  1  1  0  0  4  1  0    6   0   0   6   6   6   6   6   0   6   6   6   0   6   6   6   6   6   6   6  0.08 0.12
  360 Q    0  0  1  0 -3  1  0  0  2  0 -1  0  1 -2  1  0  0 -2  1  0    6   6   6   6   0   6   6   6   6   6   6   6   6   0   6   6   6   0   6   6  0.05 0.08
  361 Y   -1 -1  0  0  1 -1 -3 -1  1 -1  0 -1  2  1 -1 -1  0  2  5 -1    6   3   4   5   3   3   0   4   4   3   8   4   5   6   3   5   7   3  21   3  0.26 0.25
  362 R   -1  2  0  0 -1  0  0 -1  0  0 -1  1 -2  0 -1  0  1  1  1 -1    4  13   4   5   1   4   5   4   3   6   5   8   0   5   3   5  10   2   7   5  0.07 0.11
  363 N    0 -4  4  1  1 -1 -2 -2  0 -1 -3 -2 -4 -4  0  0  1  4  0 -1   10   0  25   7   3   3   2   3   2   4   3   2   0   0   5   8   7   6   3   5  0.37 0.33
  364 V    1 -2  0 -1 -1 -1 -1  3 -1 -3 -2 -1  0 -1 -1  1  1  0 -2  0   13   2   4   4   1   3   3  26   1   0   4   3   3   2   3   9   8   1   1   9  0.24 0.24
  365 D    0 -2  3  3 -4  0  1 -1 -1 -1 -3 -1  0 -5 -1  1  2 -5 -1 -1    7   2  16  17   0   3   8   4   1   3   2   4   3   0   3   9  11   0   2   4  0.32 0.29
  366 N    0  0  1 -1  0 -1 -1  1  0 -1 -2  0 -3 -2  0  1  3  1 -3 -1    9   4   7   2   2   2   3  12   2   3   5   5   0   2   5  12  20   2   0   3  0.17 0.23
  367 N    0 -1  3  0 -4  0 -1  1  0 -1 -2 -1  0 -1 -1  2  1 -4  0 -2    5   3  18   5   0   3   3  12   2   4   2   4   2   3   2  16   9   0   3   2  0.22 0.25
  368 P    1 -1  0  1  1 -1  0  0 -3 -1 -1 -1  0 -1  1  1  1  1 -2  1   17   2   4   9   4   2   4   6   0   3   4   3   2   3   7   9   7   2   0  10  0.09 0.15
  369 S    0 -1  2  0  0  0  1 -1 -3 -2 -1 -1 -1 -2 -1  2  3  2 -1 -2    8   2   9   4   2   3   8   4   0   2   5   3   1   1   3  15  21   3   2   2  0.21 0.26
  370 D    0 -2  2  3 -4  0 -2  0 -3 -2 -2  0 -1 -4 -1  2  3 -4  1 -1    6   2   9  16   0   4   0   6   0   2   3   5   2   0   3  16  17   0   5   4  0.28 0.31
  371 D   -1 -1  6  3 -5  0 -1  1 -3 -5 -4  0 -4 -5 -5  0  0 -6 -1  0    5   3  36  13   0   5   4   9   0   0   2   4   0   0   0   5   5   0   2   7  0.67 0.47
  372 A    0 -3  0  0 -4  3 -1  1  0 -1 -2 -1 -1 -1 -2  2  2  0 -3  0    8   0   5   4   0  15   3  11   3   4   4   2   1   2   1  14  15   2   0   7  0.21 0.26
  373 I    0 -5 -2 -2 -1 -1 -3 -2 -5  5  0 -3  1  1  0 -1  0 -4  0  1    8   0   2   3   1   3   1   3   0  38   8   1   3   6   5   5   4   0   4   6  0.47 0.36
  374 R    0  3  2 -1 -1  1  0 -1  0 -3 -3  1 -1 -1 -1  0  0  1  2 -3    7  17  11   3   2   5   7   5   2   2   1   6   2   2   3   7   7   2   9   1  0.21 0.23
  375 M    1 -3 -5 -2  1 -2 -3 -1 -2 -2 -3 -1 -1 -1  6  0  0  1  0 -1   11   1   0   2   3   2   1   6   1   2   2   3   2   3  38   8   7   2   3   4  0.73 0.50
  376 A    0  1  1  0  0  1  0 -1  1 -1 -3  0  0 -2 -2  0  1  5  1 -1    9   9   7   6   2   7   4   5   3   3   1   4   2   1   1   7  11   8   5   4  0.19 0.21
  377 V   -2 -5 -3 -3 -5 -5 -4 -3 -5  3  1 -5 -1  5  0 -3 -1  1  2  2    3   0   1   2   0   0   1   2   0  17  14   0   1  28   5   2   4   2   5  12  0.66 0.42
  378 N   -2  2  3 -1 -1  1  1 -3  0 -2 -4  3 -1 -3 -2 -1  1  0 -2 -1    3  11  17   2   1   7   8   2   2   2   1  19   2   1   2   4  10   1   2   4  0.37 0.32
  379 I   -2 -2 -2 -3 -4 -3 -3 -3 -5  4  2 -4  0  1 -2 -1  0 -5 -4  4    3   3   2   2   0   1   1   2   0  27  15   0   1   5   2   4   5   0   0  24  0.56 0.36
  380 K   -2  0 -2  1  0  0  0  0 -1  0 -1  2 -1  0 -3  0  2 -4  0  1    2   5   1   7   2   4   7   7   2   5   4  12   1   4   0   5  16   0   3  13  0.12 0.18
  381 N   -3 -2  8 -2 -6  0 -2 -1 -4 -4 -3 -4 -5 -3 -4  0  0 -6 -6 -3    2   2  61   2   0   4   3   6   0   1   3   0   0   1   1   8   5   0   0   2  1.47 0.79
  382 T   -1 -2  4 -2 -5  0 -1  1 -4 -3 -2 -1 -1 -5 -5  1  5 -5 -2 -1    4   1  17   2   0   3   3  12   0   2   4   4   1   0   0   8  32   0   1   4  0.56 0.44
  383 G   -2 -6  0  0 -6 -3 -2  6 -5 -7 -5 -3 -6 -7 -4  2  1 -6 -2 -6    2   0   5   5   0   1   3  57   0   0   1   2   0   0   1  13   8   0   1   0  1.21 0.68
  384 S   -1 -3  4  1 -4 -1 -1  0 -2 -2 -3  0 -4 -2 -3  3  3 -5 -2  0    5   1  18   6   0   2   4   6   1   2   3   5   0   1   0  19  17   0   1   8  0.38 0.34
  385 T    1 -2  0 -1 -5  0  0 -1 -4 -3 -4  0 -1 -5 -4  3  4 -6 -5 -1   13   2   3   3   0   5   7   5   0   1   1   6   2   0   0  20  29   0   0   3  0.53 0.44
  386 P    2 -2 -1 -1 -3 -2 -1 -1 -4 -5 -4  1 -3 -5  5  2  2 -6 -5 -2   19   1   3   4   1   1   3   5   0   0   1   8   1   0  25  13  13   0   0   2  0.59 0.43
  387 I    0 -2 -2  0  2  0 -1  0 -2  0  0  0  1  1  1  0  0 -2  1  0    7   0   0   7   6   7   0   7   0   7   7   7   6   6   7   7   7   0   6   7  0.05 0.11
  388 K    1 -1  1  2 -2  0  0  0 -2 -1 -2  0 -2 -3  0  1  1 -3 -1 -1   14   3   7  12   0   4   3   7   0   3   3   7   0   0   5  15   9   0   3   6  0.14 0.14
  389 L    0 -1 -1 -1 -2 -2 -1 -1 -2  1  2 -1  1  0 -3 -1  0 -2  1  0    9   3   3   3   0   0   3   6   0   7  33   3   2   3   0   5   6   0   7   6  0.12 0.15
  390 S    1 -1  2 -1  0  0 -1 -1 -2 -2 -4  0 -3 -2 -1  4  0 -4 -1 -2    9   2  10   2   2   5   2   3   0   2   0   5   0   2   3  42   5   0   2   3  0.41 0.36
  391 D   -1  0  1  4 -4  1  1  1 -2 -4 -4  0 -3 -4  0  1  1 -4 -1 -3    4   6   5  24   0   7   6  12   0   0   0   4   0   0   4  13  12   0   2   0  0.36 0.26
  392 L   -1 -3  0 -1  0 -1 -2 -1 -3  2  1 -3 -1 -1 -3 -1  0  4  0  3    3   0   4   3   2   2   2   4   0  11  16   0   0   2   0   4   7   6   2  31  0.27 0.24
  393 Q   -1  0  0 -1 -3  1 -1 -1 -3 -2 -3  3 -3 -4 -3  0  4 -4  0 -1    4   2   4   3   0   7   2   5   0   1   0  24   0   0   0   5  35   0   3   4  0.47 0.37
  394 V   -1 -3 -1  0 -2 -1 -2 -1 -3  3  2 -1  0 -1 -3 -1  1 -3 -1  2    5   0   4   5   0   2   0   6   0  22  18   3   1   2   0   4   8   0   2  15  0.16 0.17
  395 R    0  1  1  0  2  1  0 -2  2 -2 -1  0 -2 -2 -2  0  0  4  1  0    7   7   7   7   6   7   7   0   6   0   7   7   0   0   0   7   7   6   6   7  0.13 0.15
  396 Y   -1 -3 -1 -1  1 -3 -3 -1 -2 -1  0 -1  2  3 -1 -1  0  5  4  0    6   0   3   3   4   0   0   4   0   3  10   4   6  13   3   5   5   8  16   5  0.27 0.23
  397 Y   -1 -1  1 -2 -1 -1 -3 -3 -1 -1  0 -1 -2 -1 -1  0  3  5  4 -1    5   3   7   2   1   2   0   0   1   3   9   4   0   1   4   7  20   8  19   3  0.35 0.31
  398 F   -1 -3  0 -2 -3 -3 -3 -2 -2 -1  0 -3  1  4 -2 -2  0  3  5  0    6   0   6   2   0   0   0   3   0   2   8   0   4  20   2   3   7   4  23   8  0.46 0.33
  399 H    0 -1  2  1 -3 -2 -1  0 -1 -3 -2 -1 -1 -4  0  1  4 -4 -3 -1    8   4   9   8   0   0   2   6   2   0   3   4   1   0   5   9  35   0   0   3  0.38 0.34
  400 D    0 -2  1  1 -1  0  0  1 -2  0  0 -1 -1 -1  1  1  0  2 -2  0    9   1   9   7   1   4   4   9   0   5   8   2   1   2   7  12   5   3   0   9  0.08 0.11
  401 D    1 -1  1  4 -1 -1  1  1 -3 -4 -1  0 -3 -4  0 -1  0 -4  0 -3   14   2   7  27   2   2   8  10   0   0   7   4   0   0   3   3   6   0   4   0  0.31 0.27
  402 G    0 -3  2  0 -3  0 -1  3 -1 -1 -3 -1 -3 -2  0  1  1 -4 -3 -1    4   0  11   6   0   4   2  28   1   4   2   3   0   2   5  13   9   0   0   5  0.32 0.27
  403 K    1 -1  2  2 -1 -1  0  1 -2 -1 -2 -1 -2 -1  1  1  1 -4 -1 -1   13   2  11  12   1   1   6   9   0   4   3   3   0   2   8  12   8   0   2   4  0.16 0.17
  404 P    1  0  1 -1 -3  0  0  0 -2 -1 -2  2 -2 -4  0  2  1 -4 -2 -1   15   3   8   1   0   4   6   8   0   5   2  15   1   0   5  14  10   0   1   3  0.18 0.20
  405 G    2 -2  0  0 -3  0 -1  2 -2 -3 -3 -1 -3 -4  1  1  2 -4 -3 -1   18   1   5   6   0   5   4  19   1   1   2   2   0   0   7   9  15   0   1   4  0.28 0.26
  406 A    0 -2  1 -3 -4  5  0 -2 -2 -1  1 -1  0 -1 -2 -1  1 -4  2 -1    8   0   7   0   0  31   4   3   0   3  12   1   2   2   1   4   8   0   8   5  0.36 0.37
  407 N    0 -1  4 -2 -4  1 -2 -2 -2 -2 -3 -2 -3  0 -2  1  3 -3  3 -2    8   4  20   2   0   5   1   2   0   2   2   1   0   5   1  12  22   0  12   2  0.40 0.37
  408 L   -1 -4 -4 -5  0 -4 -3 -3 -3  0 -1 -3 -1  6 -5  0  1  4  3 -1    5   0   0   0   2   0   1   2   0   5   6   2   1  37   0   9  10   5  11   3  0.74 0.45
  409 F    1 -3  3  1 -4 -2  0 -1 -1 -2 -2 -2  0  2 -4  0  1  6  0 -2   13   0  16  10   0   1   5   5   1   2   3   1   2   9   0   4  10  11   3   3  0.33 0.29
  410 V    0 -5 -1 -5  8 -4 -5 -2 -5  1 -3 -3 -3 -1  0 -1  0 -5 -2  3    7   0   4   0  38   0   0   3   0   8   0   1   0   2   5   4   7   0   2  18  1.00 0.52
  411 D   -3 -3  0  6 -4 -2  0 -2 -3 -3 -3 -1 -3 -1 -3  2  0 -1  0  1    1   0   2  46   0   1   4   2   0   0   2   3   0   3   0  14   5   1   4  10  0.73 0.43
  412 W   -4 -4  0 -5 -5 -3 -3 -3  1 -4 -4 -5 -4  0 -3 -3 -2 10  7 -3    1   0   5   0   0   1   2   2   3   0   1   0   0   2   1   2   2  36  37   2  1.95 0.77
  413 A    5 -3 -3 -4 -2 -3 -2 -2 -4 -3 -3 -2 -1 -2 -1  1  1 -4 -1 -2   60   0   0   0   1   0   2   2   0   1   2   2   2   2   2  10  10   0   2   2  0.79 0.50
  414 N    0  0  0 -1 -3  2  0  0  1 -2 -1  0  0 -2  0  1  0  2  0  1    9   5   5   3   0  10   4   8   3   0   5   4   3   0   5  10   6   3   3  13  0.08 0.13
  415 V    0  0 -2  0  1  0 -2 -3 -2  2  1  0  1  0  1 -1  0 -3  1  1    5   4   0   6   4   4   0   0   0  15  11   8   5   4   6   4   4   0   5  13  0.10 0.15
  416 G    0 -3  0 -1 -4 -3 -1  5 -3 -1 -2 -1  0 -4 -4  0 -1 -4  0 -1    9   0   3   4   0   0   4  47   0   4   5   3   3   0   0   5   4   0   4   5  0.56 0.35
  417 P    1 -2  1 -1  6  0 -1  0 -3 -3 -3 -1 -3 -4  0  2  3 -4 -4 -3   11   2   7   3  18   3   4   8   0   0   2   3   0   0   5  13  20   0   0   0  0.43 0.32
  418 N    1 -1  1  0  0 -2  1  2 -1 -4 -3 -2 -3 -2 -1  4  1 -4 -1 -2   10   2   5   4   2   0   8  13   1   0   2   0   0   2   3  36   6   0   3   1  0.35 0.31
  419 N   -2 -2  6  0  1  0 -2 -2 -1 -4 -4  3  0 -4 -2  1 -2  0 -1 -2    3   0  45   3   4   4   0   2   1   0   0  17   3   0   2   9   1   1   2   3  0.78 0.49
  420 I   -1 -2 -2 -1 -3 -1 -3 -1 -4  3  1 -3  0 -2 -4 -3 -1 -4  0  5    3   3   2   4   0   3   0   4   0  18   9   0   1   0   0   0   4   0   4  44  0.50 0.35
  421 V   -1 -1  1 -3 -3  0 -1 -3 -3  0 -2  0 -1 -2 -3  1  5 -4 -1  0    3   3   6   0   0   3   3   1   0   6   3   6   1   2   0  12  42   0   2   8  0.49 0.39
  422 T    1  0 -2 -3 -3 -2 -2  4  2 -2 -3  0  0  0 -2  1  0  0 -1 -1   12   5   1   0   0   1   1  35   5   1   1   6   2   5   2   9   6   1   1   5  0.35 0.28
  423 S    0  2  2 -1 -3  0 -1 -1 -2 -3 -2  2 -2 -2 -2  2  3 -4 -3 -2    5  10  12   2   0   3   2   5   1   1   2  15   1   2   2  18  18   0   0   1  0.30 0.28
  424 T   -2 -3  0 -4 -2 -4 -3 -4 -1  1  0 -2 -2  6 -4  1  0 -2  1  0    2   1   6   0   1   0   1   0   1   6   7   2   0  43   0  11   7   0   4   8  0.69 0.43
  425 G    0 -3 -1 -2 -3 -2 -1  3 -4  0 -1 -1 -2 -1 -4 -1 -1 -4  1  4    5   1   3   1   0   1   3  22   0   2   4   5   0   2   0   3   3   0   5  39  0.39 0.35
  426 T    0 -1  1  0 -3  0 -1 -1 -2 -3 -2  3  0 -1  0  1  3 -4 -1 -2    7   1   6   5   0   4   2   3   0   0   3  21   3   2   3   8  25   0   2   3  0.28 0.28
  427 P   -1 -3 -2 -2 -3 -1 -2 -2 -2  1  3 -2  4 -1  0 -1  0  1 -2  2    5   0   2   1   0   3   3   2   1   8  30   2  11   2   4   5   4   2   1  13  0.25 0.23
  428 A    1 -1  2  1 -1 -1  0  0  0 -1 -2 -1 -3 -3  1  3  1 -4 -1 -2    9   2  11   7   1   1   5   5   2   4   3   3   0   0   8  23  10   0   3   2  0.22 0.22
  429 A    1 -1  2 -1  0  0 -1 -1 -1 -2 -2  1 -1 -2  2  1  1 -4 -3 -1   12   2  13   3   2   4   2   5   1   1   2  11   1   1  11  12   9   0   0   5  0.21 0.20
  430 S    2 -2 -2 -3 -4 -3 -3  1 -1 -4 -2 -2  1 -4  5  2  1 -1 -4 -2   20   2   2   1   0   0   0  12   2   0   3   2   5   0  26  14  10   1   0   2  0.57 0.39
  431 T    0  1  0 -2 -3 -1 -2  0 -1 -1 -2  1 -1 -3 -1  1  3 -4 -2  2    6   8   4   2   0   2   0   9   1   3   1  12   2   0   2   9  24   0   1  15  0.24 0.26
  432 D    2 -1  2  1 -3  1  1 -1 -2 -3 -4  0 -3 -3  1  1  2 -4  0 -3   17   2  11   9   0   5   7   4   0   0   1   3   0   0   7  10  18   0   4   0  0.29 0.26
  433 K   -2 -2  3 -1  1 -1 -2  4 -3 -3 -4  0 -4 -2 -2  1  1 -5 -4 -3    1   1  18   3   3   3   1  38   0   1   0   5   0   2   2   9  11   0   0   2  0.63 0.41
  434 A    6 -4 -4 -3  2 -2 -4  0 -4 -3 -4 -4 -2 -3 -4 -1  0 -5 -2 -1   70   0   0   1   4   2   0   5   0   1   0   0   1   1   0   2   5   0   1   3  1.12 0.63
  435 N   -3 -2  3  7 -5 -1 -1 -3 -3 -4 -5 -2 -4 -2 -2 -1 -1  0 -2 -2    1   2  13  57   0   2   3   2   0   1   1   2   0   2   2   4   3   1   2   4  1.09 0.54
  436 R   -1  2  1 -3  1 -1 -1  0  5 -3 -3 -1 -3 -2 -3 -1  3 -3  4 -3    3  10   6   1   3   2   3   8  14   0   1   4   0   0   0   4  26   0  15   1  0.48 0.35
  437 Y   -4 -4 -2 -4  1 -4 -4 -4 -2 -4 -4 -4 -3 -1 -4 -2 -4  2  9 -3    1   1   2   1   2   1   1   1   0   1   1   1   0   1   1   4   1   2  77   2  2.16 0.79
  438 V   -1 -2 -4 -4  1 -2 -3 -4 -3  2  4 -3  1  0 -3 -3 -2 -3 -2  3    4   2   1   1   3   2   1   1   0   9  45   1   2   4   1   1   1   0   0  20  0.53 0.28
  439 L   -2 -3 -3  0 -5  2  7 -4 -3 -4 -3 -1 -4 -5 -3 -3 -2 -4 -4 -2    2   1   1   4   0   8  71   1   0   1   3   2   0   0   1   1   2   0   0   3  1.36 0.60
  440 V   -1 -4 -4 -4 -3 -3 -4 -3 -3  5  1 -4 -1  1 -4 -3 -1  0  2  3    4   1   1   1   0   0   1   2   0  43  13   1   0   4   1   1   3   1   6  18  0.65 0.33
  441 T   -1  0 -1 -1 -3 -2 -2  5 -3 -4 -4 -2 -3 -4 -3  3  1 -4 -4 -2    3   5   2   3   0   0   2  41   0   1   1   2   0   0   1  25  11   0   0   2  0.67 0.36
  442 F   -2 -4 -4 -5 -4 -4 -4 -3 -3 -3 -1 -4 -2  8 -4 -4 -2 -2  1 -1    4   1   1   1   0   1   1   2   0   1   4   1   0  72   1   1   2   0   3   5  1.68 0.60
  443 S    1 -1  0  1 -3 -1 -1  0 -2 -3 -2  2 -2 -3 -1  2  4 -3 -2 -1    9   1   3   7   0   2   1   5   0   1   4  14   0   0   2  14  32   0   1   2  0.34 0.26
  444 S    1 -2  2  1 -3  0  0  0 -2 -3 -3 -1 -3 -3  2  3  0 -3 -3 -2   11   1  10   7   0   3   4   6   0   1   2   3   0   1  10  32   4   0   0   2  0.35 0.23
  445 G    1 -1  1  1 -2 -1  0  4  0 -3 -3 -1 -2 -3 -2  1  0 -3 -2 -2   13   2   6   7   0   1   7  33   2   1   2   2   0   1   1  11   4   0   1   3  0.35 0.18
  446 A    5 -3 -1  0 -2 -2 -2  1 -3 -3 -2 -2 -2 -3 -2 -1 -1 -3 -3 -2   64   1   3   5   0   1   2   9   0   1   3   1   0   1   1   3   3   0   1   1  0.74 0.36
  447 G   -2 -4  0 -3 -1 -3 -2  6 -4 -2 -5 -3 -4 -4 -4 -1 -2 -4 -4 -4    2   1   5   1   2   0   2  76   0   3   1   1   0   0   1   4   2   0   0   1  1.40 0.51
  448 S   -1  0  0 -2 -3  0 -1 -2 -3 -1 -2  0 -2 -4 -3  4  4 -4 -2  0    3   3   4   1   0   3   2   1   0   4   2   6   1   0   0  34  27   0   2   6  0.45 0.32
  449 L   -2 -3 -4 -4 -1 -2 -1 -5  0  3  5 -2  0 -1 -4 -3 -2 -3 -3  0    2   0   0   0   1   2   4   0   3  14  61   2   0   2   0   0   2   0   0   3  0.71 0.36
  450 Q    3 -2  1 -1 -3  1  0  0 -2 -3 -2  0 -1 -3  2  0 -1  5  0 -2   29   0   7   2   0   7   6   5   0   0   3   7   1   0  10   5   3  10   3   1  0.36 0.26
  451 P    4 -5 -1 -4  0 -3 -3 -3 -5 -5 -5 -3 -5 -6  7 -1 -3 -6 -5 -4   32   0   3   0   2   1   1   1   0   0   0   1   0   0  55   4   0   0   0   1  1.58 0.64
  452 G   -2 -5  1 -4 -5 -4 -5  7 -5 -6 -4 -4 -5 -6 -5 -1 -1 -5 -6 -5    1   0   6   0   0   0   0  82   0   0   2   0   0   0   0   3   4   0   0   0  1.73 0.63
  453 A    3 -2 -2 -1  0  1  0  4 -2 -3 -3  0 -2 -3 -2  1 -1 -3 -3 -2   27   1   1   2   2   8   5  30   1   1   1   6   1   1   1   8   2   0   1   3  0.40 0.22
  454 E   -2 -2  3  3 -4  2  2 -2 -1 -4 -4 -2 -3  2 -2  2  0 -3  0 -2    1   1  15  15   0  13  11   1   1   0   0   1   0  10   1  22   3   0   2   2  0.41 0.28
  455 T   -2 -3 -2 -3 -3  3 -1 -3 -3  0 -3 -1 -3 -2 -3  3  5 -4 -2 -2    1   0   0   0   0  12   2   0   0   7   0   2   0   1   0  27  43   0   1   2  0.78 0.46
  456 G    1 -3 -3 -3 -3 -2 -3  5 -4  1 -3 -2  0 -3 -3 -2 -2 -4 -4  1   10   1   0   0   0   2   1  54   0   9   1   1   3   1   0   1   1   0   0  12  0.76 0.34
  457 E   -1 -3  0  3 -5  1  5 -2 -3 -4 -4 -1 -4 -5 -2 -2  0  0 -3 -1    3   0   4  19   0   5  48   2   0   0   1   2   0   0   1   1   5   1   1   5  0.77 0.40
  458 V   -4 -5 -6 -6 -4 -5 -5 -6 -5  6  1 -5  1 -1 -5 -5 -2 -5  0  3    0   0   0   0   0   0   0   0   0  60  10   0   2   1   0   0   1   0   3  22  1.23 0.50
  459 Q   -2 -2 -2 -2 -5  7  0 -5 -1 -3 -4  0 -3 -1 -1 -2  0 -5 -4  0    2   0   1   1   0  67   4   0   1   1   1   3   0   3   3   1   5   0   0   7  1.30 0.62
  460 V    0 -3 -1 -3  1 -2 -3  1 -3  2  2 -3  0  1 -3  0  1 -3 -1  1    5   0   3   0   4   1   0  14   0  14  19   0   2   5   1   7  13   0   1  11  0.17 0.15
  461 R   -3  7  0 -4 -6 -1 -3  0 -3 -5 -5 -1 -4 -3 -2 -3 -4  1 -4 -2    1  75   4   0   0   2   0   8   0   0   0   0   0   1   2   1   0   2   0   3  1.52 0.61
  462 I   -1 -4 -4 -5 -3 -4 -4 -5 -4  4  1 -4  2  5 -4 -3 -3  2  0  2    4   0   0   0   0   0   0   0   0  32   8   0   5  33   0   1   0   3   1  11  0.79 0.35
  463 H    2 -1  3 -1 -3 -2 -1 -1  5 -3 -2 -2 -3 -1 -2  1  1  0  2 -2   18   2  18   1   0   0   4   4  15   0   2   1   0   1   1  14   8   1   9   1  0.36 0.24
  464 A   -1  2  1 -2 -3  1 -1 -1  1 -4 -4  5 -2 -4 -3 -1  0 -4 -1 -4    4  10   8   0   1   6   0   3   3   0   1  52   1   0   0   3   5   0   3   0  0.71 0.35
  465 G    2 -2  3  1 -3  0 -1  0 -2 -1 -3 -1 -2 -4 -2  2  2 -4 -3 -1   18   0  15   7   0   3   3   6   0   5   0   2   0   0   1  22  14   0   0   3  0.30 0.22
  466 D   -4 -4  4  7 -5 -3 -1  0 -3 -5 -5 -3 -5 -5 -4 -1 -1 -6 -5 -5    0   0  17  66   0   0   1   8   0   0   1   0   0   0   0   3   2   0   0   0  1.42 0.51
  467 W   -2 -3 -1 -3 -5 -4 -5 -5  0 -5 -4 -3 -4 -2 -5 -5 -2 12  0 -5    3   1   4   1   0   0   0   1   2   0   1   1   0   1   0   1   2  76   2   0  3.13 0.81
  468 S    0 -2 -1 -2 -3  0 -1  1 -3 -2 -4  0 -1 -4 -3  5  2 -4 -1 -3    3   1   1   0   0   4   2  10   0   3   0   4   1   0   0  52  15   0   2   0  0.63 0.36
  469 N    0 -1  6  0 -4 -1  0 -2 -1 -3 -3  0 -3 -2  0  0  0 -4  0 -3    7   1  48   4   0   1   6   1   1   2   1   6   0   2   4   4   5   0   5   2  0.64 0.33
  470 V   -4 -4 -4 -5 -4 -4 -4 -5  0 -1  0 -2 -1  5 -5 -4 -3 -1  7  0    0   0   0   0   0   0   0   0   2   2  10   2   1  27   0   0   1   0  47   6  1.30 0.48
  471 N   -1 -1  5  4 -4 -1 -1 -3 -2 -1 -4 -1 -3 -4 -3  0  2 -5 -1 -3    3   2  32  25   0   1   1   0   0   3   0   3   0   0   0   7  17   0   3   1  0.66 0.33
  472 E   -3 -2 -3 -2 -5  7  4 -4 -1 -5 -4  0 -2 -5 -2 -2 -3 -4 -4 -4    0   0   0   0   0  63  24   0   1   0   1   2   1   0   2   1   0   0   0   1  1.43 0.56
  473 T    2 -3  0 -2 -3 -1 -2 -1 -3 -2 -1 -2 -2 -3 -3  4  4 -4 -3 -2   16   0   4   1   0   1   1   3   0   2   5   1   0   1   0  36  27   0   0   1  0.53 0.31
  474 N   -3 -3  6  4 -4 -2  0  1 -2 -5 -5 -2 -1 -5 -3 -1 -2 -5 -4 -4    1   0  51  27   0   0   3  10   0   0   1   0   2   0   0   2   0   0   0   0  1.14 0.42
  475 D   -3 -4 -1  8 -5 -3 -1 -4 -3 -5 -5 -3 -5 -5 -4 -3 -2 -6 -5 -5    2   0   0  90   0   0   0   1   0   0   1   0   0   0   0   1   2   0   0   0  2.04 0.61
  476 Y   -4 -2 -5 -5 -5 -4 -5 -5  1 -2 -3 -4 -4  0 -5 -4 -4  5  9 -4    0   2   0   0   0   0   0   0   3   2   1   0   0   1   0   0   0   9  79   0  2.25 0.67
  477 S   -2 -3 -2 -3 -4 -3 -3 -3 -3 -5 -5  0 -1 -5 -3  7 -1 -5 -2 -4    0   0   0   0   0   0   0   0   0   0   0   4   2   0   0  90   0   0   1   0  1.59 0.63
  478 Y   -4 -3 -4 -5 -1 -4 -4 -5  0 -3 -2 -4 -3  7 -5 -3 -1  3  6 -3    0   2   0   0   2   0   0   0   2   0   0   0   0  54   0   2   5   3  28   0  1.48 0.49
  479 G   -2 -1  5  3 -4 -2 -1  1 -2 -3 -3  0  1 -1 -1  0 -1 -4 -2 -3    2   2  33  20   0   0   1  10   0   1   2   6   5   3   2   7   2   0   1   2  0.47 0.25
  480 A    2 -1  0 -1 -3  1 -1  1 -2 -3 -3  0 -3 -4  4  2  0 -4 -3 -3   23   3   3   3   0   6   2   9   0   1   1   6   0   0  22  15   5   0   0   0  0.44 0.22
  481 N    1 -2  1 -1 -3 -2  0  0 -1 -2 -1 -1 -1 -4 -3  3  3 -4 -3 -1   11   0   6   2   0   0   6   6   1   1   5   2   1   0   0  30  26   0   0   3  0.38 0.26
  482 V    2  0  1 -1 -3  1 -1  0 -2  0 -2  1  3 -2 -1  1  0 -3 -2 -1   18   3  10   2   0   8   0   5   0   8   0  13  11   1   2  15   4   0   1   2  0.17 0.17
  483 T   -1 -1  1 -1 -3 -2 -2  0 -3 -2 -3  0 -3 -3 -3  2  5 -4 -1 -3    1   2   5   3   0   1   1   6   0   2   0   6   0   1   0  16  52   0   2   0  0.69 0.37
  484 S    2 -1  1  2 -3  0  0 -1 -2 -2 -3 -2 -2 -3 -1  3  2 -4 -2 -1   17   3   5  15   0   3   4   3   0   1   0   0   0   0   2  26  14   0   1   3  0.32 0.21
  485 Y   -4 -5 -5 -6 -5 -4 -5 -6 -2 -1 -1 -5 -1  6  1 -4 -4  3  7 -3    0   0   0   0   0   0   0   0   0   3   6   0   2  32   7   0   0   3  47   1  1.50 0.52
  486 A    1 -2  1 -2  0  0 -1  2 -2  0 -2  0  0 -2 -3  0  2 -4 -2  1   16   0   7   0   2   4   3  15   0   6   0   8   2   2   0   3  21   0   1  12  0.18 0.17
  487 N   -1 -2  2  5 -5 -1  3 -1 -2 -3 -4 -1 -4 -5 -1 -1  0 -5 -4 -3    4   1  12  41   0   1  21   3   0   1   1   2   0   0   2   3   5   0   0   2  0.71 0.32
  488 W   -2 -3  4 -4 -5 -2 -4 -4  0 -5 -4 -4 -4 -1 -5  0  0 10  2 -5    3   1  23   0   0   2   0   0   3   0   1   0   0   1   0   6   7  48   5   0  1.86 0.60
  489 D   -1 -2  3  3 -3  0  1 -1 -2 -1 -3  1 -2 -4  0  2  1 -5 -3 -3    4   0  18  20   0   3   8   2   0   4   1   9   0   0   4  18  10   0   0   1  0.38 0.22
  490 K   -3  3  0 -3 -5  0 -2 -3  4 -3 -2  6 -3 -4 -4 -3 -2 -5 -1 -3    1  15   4   0   0   2   0   1  12   2   5  55   0   0   0   0   1   0   2   1  0.92 0.42
  491 I    0 -4 -4 -4 -3 -4 -4 -2 -4  5  0 -4  2 -2 -4 -3 -1 -4 -3  5    6   0   0   0   0   0   0   4   0  33   4   0   5   0   0   1   2   0   0  43  0.76 0.34
  492 T    0 -3 -2 -3 -3 -3 -3 -3 -4 -3 -4 -1 -3 -1  0  0  7 -5 -4 -2    6   0   1   0   0   0   0   1   0   0   0   2   0   3   4   3  76   0   0   2  1.26 0.53
  493 V    3 -3 -3 -4 -2 -1 -2  1 -4 -1  2 -3 -1 -3 -3 -2 -2 -4 -3  3   32   0   0   0   0   2   1  13   0   0  25   0   0   0   0   0   0   0   0  24  0.43 0.27
  494 H   -4 -4 -5 -6 -2 -2 -5 -6  2 -4 -4 -5 -4  2 -6 -4 -3 -1  9 -4    0   1   0   0   1   2   0   0   4   0   1   0   0   6   0   1   1   0  83   0  2.36 0.73
  495 D   -1  0 -2 -1 -3  1 -2 -4  1  3  1  0  0 -1 -3 -2 -1 -3  2  2    4   7   1   3   0   9   1   0   3  24  16   5   0   0   0   2   1   0   8  17  0.21 0.18
  496 K   -1 -1  5  1 -2  0 -2  1  0 -5 -4  1 -4 -5 -3  3 -2 -5 -4 -4    3   2  36   7   1   3   0  10   2   0   1  11   0   0   0  24   0   0   0   0  0.64 0.33
  497 G   -2 -4  1  1 -5 -4 -3  6 -4 -6 -6 -4 -5 -6 -4 -1 -3 -5 -5 -5    1   0   6  10   0   0   1  78   0   0   0   0   0   0   0   3   1   0   0   0  1.54 0.49
  498 T    1  0  1  0 -3  2  1 -2 -1 -1 -3  3 -2 -4 -2  0  2 -4 -3  1   10   2   6   3   0   9   7   2   1   3   0  22   0   0   0   6  17   0   0  13  0.23 0.18
  499 L   -4 -2 -4 -5 -4 -2 -5 -6 -5  0  6 -2  0 -2 -3 -4  0 -4 -3 -1    0   2   0   0   0   1   0   0   0   2  83   3   0   0   1   0   8   0   0   0  1.12 0.46
  500 V    0 -4 -2 -4 -3 -1 -3 -5 -4  4 -1 -1 -1 -2 -4 -3 -1 -5 -2  5    8   0   2   0   0   3   1   0   0  23   0   5   0   1   0   0   2   0   1  54  0.74 0.36
  501 W   -4 -6 -6 -7 -6 -5 -6 -2 -4 -5 -4 -4 -4  1 -7 -2 -5 12  4 -6    1   0   0   0   0   0   0   3   0   0   1   1   0   4   0   3   0  71  15   0  3.09 0.78
  502 G   -3 -5 -3 -4 -5 -5 -5  7 -5 -7 -7 -4 -6 -6 -5 -3 -5 -5 -6 -6    0   0   0   0   0   0   0 100   0   0   0   0   0   0   0   0   0   0   0   0  2.34 0.65
  503 V   -1 -1 -1 -2 -3  0  0 -1 -3  3 -1  0  0 -3 -3  0  4 -4 -3  1    3   2   2   1   0   4   5   4   0  24   2   5   1   0   0   6  32   0   0   9  0.31 0.23
  504 E    1 -3 -3 -1 -5  0  7 -4 -3 -3 -5 -2 -4 -6  1 -2  0 -5 -5 -4   11   0   0   0   0   1  74   0   0   1   0   0   0   0   8   0   5   0   0   0  1.30 0.51
  505 P   -4 -5 -5 -5 -6 -5 -4 -5 -5 -6 -6 -4 -6 -7  9 -4 -4 -7 -6 -6    0   0   0   0   0   0   0   0   0   0   0   0   0   0 100   0   0   0   0   0  3.17 0.78

                      K         Lambda
Standard Ungapped    0.1315     0.3138
Standard Gapped      0.0456     0.2670
PSI Ungapped         0.1486     0.3112
PSI Gapped           0.0456     0.2670
