
Last position-specific scoring matrix computed, weighted observed percentages rounded down, information per position, and relative weight of gapless real matches to pseudocounts
           A  R  N  D  C  Q  E  G  H  I  L  K  M  F  P  S  T  W  Y  V   A   R   N   D   C   Q   E   G   H   I   L   K   M   F   P   S   T   W   Y   V
    1 M   -3 -4 -5 -5 -3 -3 -5 -5 -4  3  4 -4  7 -2 -5 -4 -3 -4 -3  2    0   0   0   0   0   0   0   0   0  16  35   0  34   0   0   0   0   0   0  14  0.95 0.29
    2 K    0  2  3 -1 -4  1  0 -2  1 -4 -3  3 -3 -4 -3  3  0 -5 -3 -4    6  13  16   2   0   7   4   1   3   0   1  21   0   0   0  25   3   0   0   0  0.45 0.21
    3 H    1  1 -1 -3 -2  0 -2 -3  1  0  0  0  1  1  2 -1  1  0  0 -1   13   9   2   0   0   5   0   0   5   5  10   8   5   8  12   3  11   1   3   1  0.13 0.10
    4 L   -3 -4 -5 -5 -3 -4 -5 -5 -4  4  3 -5  1  4 -5 -2 -2  1 -1  1    0   0   0   0   0   0   0   0   0  28  35   0   2  23   0   3   2   1   1   6  0.78 0.28
    5 H   -1  4  0 -1 -4  2  1 -3  1 -2 -1  3 -2 -3 -3 -1  0 -3 -2 -2    4  28   3   3   0  11   7   0   3   2   5  23   0   1   0   2   5   0   0   2  0.43 0.20
    6 R    0  4  2  1 -4  2  1 -2  1 -4 -4  2 -3 -3 -3  0 -1 -1 -1 -3    8  26   9  10   0   9   9   1   3   0   0  10   0   1   0   6   3   1   2   1  0.38 0.18
    7 F   -3 -4 -6 -7 -5 -6 -6 -6 -4 -1  0 -6 -1  9 -6 -5 -4 -1  1 -2    2   1   0   0   0   0   0   0   0   3   9   0   1  80   0   0   0   0   2   2  1.95 0.52
    8 F   -3 -5 -5 -6 -4 -5 -5 -6 -4  2  4 -5  1  5 -5 -4 -3 -1  0  0    1   0   0   0   0   0   0   0   0  11  47   0   2  31   0   1   0   0   2   4  0.98 0.33
    9 S    0  3  1  0 -4  3  1 -2  3 -4 -3  3 -2 -3 -3  0 -1 -4 -3 -2    7  19   6   5   0  12   7   1   8   0   2  20   1   1   0   7   2   0   0   2  0.38 0.18
   10 S   -1 -1  1 -2 -3  1 -2 -1  2 -1  1 -1  1 -3 -3  4  1 -1 -2 -2    2   2   7   1   0   6   0   2   6   4  15   2   3   0   0  37   9   1   1   1  0.29 0.21
   11 D   -3 -3 -2  2 -6  0  7 -2 -3 -6 -6 -2 -5 -6  1 -1 -4 -6 -5 -5    1   0   1   9   0   2  74   3   0   0   0   0   0   0   7   3   0   0   0   0  1.46 0.47
   12 A    4 -2 -2 -3 -3 -1 -3 -2 -3 -2 -3  0 -2 -2 -2  3  2 -5 -4 -2   47   1   0   0   0   2   0   1   0   2   1   6   0   2   2  24  12   0   0   1  0.64 0.30
   13 S    4 -3 -3 -3 -3 -3 -3  0 -2 -1 -1 -2 -2  1 -3  3  0 -4 -3  0   40   1   0   0   0   0   0   6   1   2   6   1   0   8   0  25   5   0   0   6  0.47 0.25
   14 G    2 -4 -2 -3 -4 -3 -3  6 -4 -5 -5 -3 -4 -5 -2  3 -2 -5 -5 -4   13   0   1   0   0   0   1  56   0   0   0   0   0   0   2  27   1   0   0   1  1.13 0.38
   15 G   -1 -5 -3 -4 -6 -5 -5  7 -5 -7 -7 -5 -6 -6 -5 -3 -3 -6 -6 -6    3   0   0   0   0   0   0  95   0   0   0   0   0   0   0   1   2   0   0   0  2.20 0.56
   16 I   -1 -5 -5 -5 -2 -4 -5 -5 -5  6  2 -5  1  0 -5 -3 -1 -4 -2  3    4   0   0   0   0   0   0   0   0  48  19   0   2   4   0   1   2   0   1  20  0.84 0.29
   17 I   -2 -5 -5 -5 -3 -4 -5 -5 -5  4  4 -4  1 -1 -5 -4 -2 -4 -3  3    3   0   0   0   0   0   0   0   0  24  45   0   2   2   0   1   1   0   0  24  0.83 0.29
   18 L   -4 -5 -6 -7 -4 -5 -6 -7 -6  0  6 -5  1 -2 -6 -5 -3 -5 -4 -2    0   0   0   0   0   0   0   0   0   3  95   0   2   0   0   0   1   0   0   0  1.71 0.50
   19 I   -2 -4 -5 -5 -2 -4 -5 -3 -5  5  3 -4  5  2 -5 -4 -3 -4 -3  1    3   0   0   0   1   0   0   2   0  36  27   0  17   8   0   1   0   0   0   5  0.80 0.30
   20 I    2 -4 -4 -4  0 -4 -4 -1 -4  3  2 -4  1  2 -4 -2 -2 -3 -2  2   19   0   0   0   2   0   0   5   0  21  23   0   2  10   0   2   1   0   0  15  0.40 0.19
   21 A    5 -4 -4 -4  5 -4 -4 -3 -4 -3 -3 -3 -1  1 -4  1  0 -5 -3  0   58   0   0   0  13   0   0   0   0   0   1   0   1   7   0   9   4   0   0   6  0.88 0.36
   22 A    5 -4 -4 -4 -1 -3 -3 -3 -4 -2 -3 -3 -1 -2 -4  0  3 -5 -4  0   63   0   0   0   1   0   0   0   0   2   1   0   2   1   0   5  21   0   0   4  0.95 0.39
   23 I    3 -4 -4 -5 -2 -4 -4 -3 -4  3  2 -4  0  0 -4 -2 -1 -4 -3  3   27   0   0   0   1   0   0   1   0  21  20   0   1   3   0   0   3   0   0  23  0.51 0.23
   24 L    2 -4 -5 -5 -2 -4 -4 -4 -4  3  4 -4  1  1 -4 -3 -1 -4 -3  2   19   0   0   0   0   0   0   0   0  15  45   0   2   4   0   1   2   0   0  11  0.60 0.25
   25 A    6 -4 -4 -4 -3 -4 -4  0 -4 -4 -4 -4 -4 -5 -4  1 -2 -6 -5 -3   82   0   0   0   0   0   0   6   0   0   1   0   0   0   0  10   0   0   0   0  1.41 0.48
   26 M   -4 -5 -6 -6 -4 -4 -5 -4 -5  3  5 -5  6  1 -5 -5 -3 -4 -3  0    0   0   0   0   0   0   0   1   0  18  52   0  20   5   0   0   0   0   0   4  1.05 0.35
   27 I    0 -4 -5 -5 -3 -4 -5 -2 -4  5  2 -4  1  1 -4 -3 -1 -2 -1  2    8   0   0   0   0   0   0   3   0  39  22   0   2   5   0   0   3   1   2  15  0.61 0.24
   28 M   -1 -4 -5 -5  0 -4 -5 -5 -5  3  2 -4  3  1 -5 -4 -1  6 -2  3    4   0   0   0   2   0   0   0   0  18  23   0   8   7   0   0   2  13   0  23  0.70 0.26
   29 A    6 -4 -1 -3 -3  0 -3 -3 -4 -4 -4 -2 -2 -5 -4  1 -2 -5 -5 -2   76   0   3   1   0   4   1   0   0   0   1   2   1   0   0   8   1   0   0   2  1.16 0.43
   30 N   -5 -4  9 -2 -6 -4 -4 -4 -3 -7 -7 -4 -6 -7 -6 -2 -4 -8 -6 -7    0   0  98   0   0   0   0   0   0   0   0   0   0   0   0   2   0   0   0   0  2.72 0.71
   31 S   -2 -4  0 -3 -4 -3 -3 -2 -4 -3 -3 -3 -1 -4 -4  6  2 -3 -5 -3    0   0   3   0   0   0   0   2   0   1   2   0   2   0   0  77  10   0   0   1  1.31 0.49
   32 G   -1 -3 -1 -2 -5 -2 -2  0 -4 -2 -5 -3 -4 -5  7  1 -2 -6 -5 -3    4   1   3   2   0   1   1   6   0   3   0   1   0   0  63  11   1   0   0   2  1.48 0.41
   33 A    0 -3 -3 -4 -2 -3 -3 -3 -1  0  2 -3  0  4 -2 -2 -2  6  2 -1   11   1   1   1   1   1   1   2   2   4  28   1   2  19   2   2   1  14   6   4  0.49 0.18
   34 T    3  0 -2 -3 -2 -1 -2  0 -2 -1  2 -1 -1 -2 -3  1  0 -1 -1 -1   32   6   1   0   1   3   1   8   1   1  21   3   1   1   0  10   6   1   2   1  0.22 0.16
   35 S    1 -2  0  2 -3  1  2 -1  2 -3 -3 -1 -2 -3  0  3  0 -4 -1 -2   14   1   3  14   0   6  12   4   6   1   1   2   0   1   3  24   4   0   1   2  0.29 0.16
   36 G    1 -2  0  1 -3  1  0  3  1 -2 -3 -1 -2 -2  1  2  0 -1 -2 -2   13   1   2   7   0   6   7  22   3   1   2   3   0   1   5  15   5   1   1   3  0.22 0.11
   37 W   -1 -2 -2 -2 -1 -1 -2 -1  1  1  1 -2  0  2 -2 -1 -1  2  4  0    5   2   1   2   1   2   2   4   4   7  14   2   3   9   2   5   3   3  23   6  0.21 0.09
   38 Y   -4 -5 -5 -5 -6 -4 -4 -6 -1 -4 -3 -5 -4  4 -6 -5 -4 -1  9 -4    1   0   0   0   0   1   1   0   1   0   1   0   0  13   0   0   0   0  81   0  2.44 0.63
   39 H   -1  0  2  1 -4  3  3 -2  4 -3 -2 -1 -2  3 -3  0 -1 -3 -1 -3    4   3   9   6   0  14  18   2  13   1   4   0   0  14   0   6   4   0   1   0  0.34 0.19
   40 D    2 -1  0  1 -3  0  0  1  2 -2 -1 -1 -1 -3 -2  1  0 -3 -1 -2   25   2   5  11   0   4   5   9   7   1   6   2   2   0   0  11   6   0   2   1  0.18 0.12
   41 F   -2 -4 -5 -5 -4 -4 -5 -4 -4  1  3 -4 -1  6 -5 -3 -2  3  0  1    2   0   0   0   0   0   0   1   0   8  31   0   0  39   0   1   2   5   0   8  0.86 0.28
   42 L   -2 -1 -3 -4 -3 -2 -3 -4  2  1  4 -2  0  0 -4 -3 -2  6 -1  0    1   3   1   1   0   1   2   1   5   8  51   2   0   4   1   2   2  12   1   4  0.61 0.23
   43 E   -1  0  3  2 -4  1  2 -1  6 -4 -4  0 -2 -3 -3  0  0 -1  0 -3    4   3  13  11   0   6  11   3  25   0   1   4   1   0   0   7   5   1   3   1  0.48 0.19
   44 T    1 -2 -2 -2 -2 -1 -2 -3 -1  1  1 -1  1 -1 -2  1  3 -3  0  0   11   2   1   1   0   3   2   1   1  10  12   3   4   3   1   9  30   0   3   6  0.21 0.14
   45 P   -2 -1  1 -1 -4  0  1 -2  1 -3 -2  0 -3 -2  5 -1 -1 -2  2 -2    2   2   7   3   0   5   8   2   3   1   4   7   0   1  35   3   3   1   9   3  0.57 0.19
   46 V   -1 -3 -3 -4 -2 -2 -3 -2 -1  3  2 -3  2  2 -3 -2 -1 -2 -1  4    4   1   0   0   0   1   1   3   2  15  16   0   6   9   1   2   3   0   1  35  0.39 0.17
   47 Q    1 -1 -1 -2 -3  1  0  3  3 -2 -3  0 -1 -2 -1  1  1 -1 -2 -1   10   3   1   1   0   8   6  24   9   1   1   4   1   1   2  11  10   1   0   7  0.22 0.12
   48 L   -1 -3 -3 -3  0 -3 -3 -3 -2  3  2 -3  1  2  0 -2 -1 -2  0  3    4   1   1   1   2   1   1   1   1  19  22   1   2  11   5   1   2   0   2  22  0.29 0.13
   49 R   -1  2  0 -1 -3  2  0  2  1 -2 -2  1 -2 -3  0  0  0 -3  0 -1    4  13   3   2   0  12   5  16   4   2   2  10   0   1   5   9   4   0   3   4  0.18 0.09
   50 V   -1 -3 -3 -3 -2 -3 -3 -3 -3  3  1 -3  0  3 -1 -2 -1  0  0  2    5   1   1   1   0   1   1   2   0  24  14   1   0  18   4   2   2   1   3  20  0.34 0.14
   51 G    1 -2 -1 -1 -3 -2 -1  6 -2 -3 -2 -2 -3 -3 -2  0 -1  0 -3 -3   10   1   3   2   0   1   3  58   1   1   4   2   0   1   1   6   2   1   0   1  0.77 0.22
   52 S    2 -2  1  1 -2 -1  1  1  1 -3 -3 -1 -2 -3  3  1  0 -3 -2 -2   20   1   7   8   0   2   9   9   3   1   2   2   0   1  16  12   5   0   0   1  0.29 0.11
   53 L   -1 -3 -3 -3 -2 -2 -3 -3 -1  0  3 -2  1  4 -3 -2 -2  3  1  0    6   1   1   1   0   1   1   2   2   4  40   3   2  21   1   2   1   5   3   5  0.40 0.16
   54 E    0  1  0  1 -2  0  1  0  2 -1 -1  0 -1 -2 -1  1  0 -2 -1  0    5   8   2   8   0   3  12   7   7   4   4   4   1   1   1  17   4   0   2   8  0.10 0.06
   55 I   -2 -3 -3 -3 -2 -3 -3 -1 -3  4  3 -2  0  1 -3 -2 -1 -3 -1  1    2   1   1   1   0   1   2   5   0  29  37   2   1   5   1   2   2   0   1   7  0.41 0.16
   56 N    0 -1  2  2 -3  1  1  1  1 -2 -3  0 -2 -3  1  1  0 -3 -2 -2    9   2  11  15   0   6   9   9   3   2   1   5   0   1   7  14   4   0   0   1  0.23 0.10
   57 K   -2  0 -1 -1 -3  0  0 -3  1 -2  1  4  3 -1 -2 -2 -1  0  0 -2    1   2   1   3   0   3   6   1   4   1  14  40  10   3   1   1   3   2   3   1  0.36 0.18
   58 N   -1 -3  1  1 -3 -2 -2 -2 -2 -4 -4 -2 -3 -4  5  4  2 -4 -3 -3    2   0   7   6   0   0   1   2   1   0   1   1   0   0  32  33  14   0   1   1  0.81 0.27
   59 M   -2 -3 -4 -4 -3 -3 -4 -4 -4  2  4 -3  2  1 -3 -3 -2 -2 -2  2    2   1   0   0   0   0   1   1   0  11  49   0   5   6   1   1   2   0   0  18  0.58 0.20
   60 L    0 -1 -2 -2 -3 -1  0 -2  3  1  3 -2  0 -1 -3  0 -1 -3 -1 -1    6   3   1   2   0   2   7   2  11  11  40   0   2   0   0   7   3   0   1   1  0.25 0.15
   61 L   -1 -2 -2 -1 -4 -1  0 -3  7 -1  3 -2  1  1 -4 -2 -2 -2  0 -2    4   0   1   3   0   1   6   2  30   3  33   2   3   7   0   2   1   0   1   1  0.54 0.24
   62 W   -6 -7 -8 -8 -6 -6 -7 -6 -6 -4 -3 -7 -5 -1 -8 -7 -6 13 -1 -5    0   0   0   0   0   0   0   0   0   1   3   0   0   2   0   0   0  93   0   1  4.28 0.80
   63 I   -1 -5 -6 -6 -3 -5 -5 -6 -6  6 -1 -5 -1 -3 -5 -4 -2 -5 -4  4    4   0   0   0   0   0   0   0   0  62   0   0   0   0   0   0   1   0   0  33  1.32 0.39
   64 N   -2 -3  8 -2 -6 -3 -3 -3 -2 -6 -6  0 -5 -6 -5 -1 -3 -7 -5 -6    3   0  87   0   0   0   0   0   0   0   0   6   0   0   0   3   0   0   0   0  2.05 0.54
   65 D   -5 -5 -2  8 -7 -2  1 -4 -2 -5 -7 -4 -6 -7 -5 -3 -4 -7 -6 -6    0   0   0  92   0   1   6   0   1   1   0   0   0   0   0   0   0   0   0   0  2.25 0.54
   66 A    2 -5 -3 -4 -4 -4 -4  7 -5 -3 -3 -4 -4 -3 -4 -2 -4 -5 -5 -2   17   0   0   0   0   0   0  76   0   1   2   0   0   1   0   0   0   0   0   2  1.46 0.39
   67 L   -4 -5 -6 -6 -4 -5 -6 -6 -5 -1  6 -5  0  1 -4 -5 -4 -1 -3 -2    0   0   0   0   0   0   0   0   0   0  93   0   1   4   1   0   0   1   0   0  1.52 0.43
   68 M   -4 -5 -6 -7 -5 -4 -6 -6 -5  0  0 -5 11 -3 -6 -5 -4 -5 -4 -3    0   0   0   0   0   0   0   0   0   3   4   0  93   0   0   0   0   0   0   0  2.81 0.68
   69 A    6 -4 -4 -4 -3 -3 -3 -3 -4 -3 -4 -3 -3 -5 -3  0  2 -5 -4  0   73   0   0   0   0   0   0   0   0   0   0   0   0   0   0   6  15   0   0   5  1.11 0.39
   70 V   -3 -5 -5 -5 -3 -5 -5 -5 -5  5  2 -5  0  1 -4 -4 -2 -4 -3  4    0   0   0   0   0   0   0   0   0  39  18   0   0   4   0   0   0   0   0  37  0.93 0.30
   71 F   -6 -6 -6 -7 -6 -7 -7 -7 -4 -3 -3 -6 -3  9 -7 -6 -5 -2  1 -4    0   0   0   0   0   0   0   0   0   0   0   0   0  97   0   0   0   0   2   0  2.72 0.60
   72 F   -6 -6 -6 -7 -6 -7 -7 -7 -5 -3 -3 -7 -3  9 -7 -6 -6 -2  0 -4    0   0   0   0   0   0   0   0   0   0   0   0   0 100   0   0   0   0   0   0  2.83 0.62
   73 L   -4 -5 -6 -6 -4 -5 -5 -6 -5 -1  5 -5  1  5 -6 -5 -3 -3 -2 -1    0   0   0   0   0   0   0   0   0   1  67   0   2  27   0   0   0   0   0   2  1.24 0.37
   74 L   -2 -4 -5 -5 -1 -3 -4 -5 -3  0  4 -4  2  1 -4 -3 -1 -3  0  3    3   0   0   0   1   1   1   0   1   2  51   0   5   4   0   1   2   0   2  26  0.65 0.24
   75 V    0 -5 -5 -6 -3 -5 -5 -5 -6  5 -1 -5 -1 -3 -5 -4 -3 -5 -4  6    6   0   0   0   0   0   0   0   0  30   2   0   0   0   0   0   0   0   0  62  1.21 0.37
   76 G   -2 -5 -3 -4 -5 -5 -5  7 -5 -2 -6 -4 -5 -6 -5 -2 -3 -5 -6 -5    1   0   0   0   0   0   0  92   0   3   0   0   0   0   0   2   1   0   0   0  1.98 0.48
   77 L   -3 -5 -6 -6 -4 -5 -5 -6 -5  1  6 -5  4 -2 -5 -5 -4 -4 -4 -1    2   0   0   0   0   0   0   0   0   4  83   0  11   0   0   0   0   0   0   1  1.40 0.41
   78 E   -4 -3 -3 -1 -7 -1  8 -5 -3 -7 -6 -2 -5 -7 -4 -3 -4 -6 -5 -6    0   0   0   1   0   0  99   0   0   0   0   0   0   0   0   0   0   0   0   0  2.28 0.61
   79 V   -3 -5 -6 -6 -3 -5 -5 -6 -5  6  3 -5  1 -2 -5 -4 -3 -5 -3  4    1   0   0   0   0   0   0   0   0  51  23   0   2   0   0   0   0   0   0  24  1.07 0.33
   80 K   -4  1 -3 -4 -6 -2  0 -5 -4 -5 -6  8 -4 -6 -4 -3 -4 -6 -5 -5    0   5   0   0   0   0   4   0   0   0   0  91   0   0   0   0   0   0   0   0  1.92 0.54
   81 R   -4  8 -3 -4 -6 -1 -2 -5  0 -6 -5  1 -4 -1 -5 -3 -2 -5  1 -5    0  80   0   0   0   1   1   0   2   0   0   6   0   3   0   0   2   0   6   0  1.74 0.48
   82 E   -4 -3 -3 -2 -7  0  8 -5  1 -7 -6 -2 -5 -7 -4 -3 -4 -6 -5 -6    0   0   0   0   0   1  96   1   3   0   0   0   0   0   0   0   0   0   0   0  2.15 0.59
   83 L   -2 -4 -5 -5 -1 -4 -5 -5 -4  3  4 -4  4  3 -5 -4 -2 -1 -2  2    1   0   0   0   1   0   0   0   0  21  38   0  13  11   0   0   1   1   0  11  0.71 0.25
   84 M   -2 -3 -3 -5 -2 -3 -4 -5  1  2  4 -3  2  0 -4 -3 -2 -3  1  3    1   1   1   0   1   1   0   0   4  11  42   0   4   3   0   0   1   0   5  24  0.54 0.22
   85 Q    0  0 -1  2 -3  2  4 -2  0  0 -3  0 -1 -1 -3  0 -1 -4 -1  0    7   6   1  13   0   7  32   1   2   6   1   3   1   3   0   6   2   0   2   6  0.31 0.16
   86 G   -3 -5 -3 -4 -6 -5 -4  7 -5 -7 -7 -3 -6 -6 -5 -3 -5 -6 -6 -6    0   0   0   0   0   0   1  98   0   0   0   1   0   0   0   0   0   0   0   0  2.30 0.55
   87 S    1 -1 -2  0 -4  3  5 -1  3 -4 -4 -1 -3 -5 -3  1 -2 -5 -3 -3   14   2   1   3   0  14  43   3   8   1   0   1   0   0   0  10   1   0   0   0  0.68 0.28
   88 L   -4 -5 -6 -7 -4 -5 -6 -7 -1 -1  6 -5  0  0 -6 -5 -4 -4 -4 -2    0   0   0   0   0   0   0   0   2   1  95   0   1   2   0   0   0   0   0   0  1.62 0.47
   89 A    2  2  1 -2 -3 -1 -2 -2 -3 -4 -4  2 -4 -5 -3  5 -1 -5 -4 -3   21  10   6   1   0   1   0   1   0   0   0  12   0   0   0  48   1   0   0   0  0.73 0.32
   90 S   -1 -1  3  2 -4  0 -1 -1 -1 -4 -5  0 -4 -5 -3  4  2 -5 -4 -4    1   2  17  11   0   2   1   3   1   0   0   4   0   0   0  41  15   0   0   0  0.64 0.28
   91 L   -2  2 -1 -4 -4 -3 -3 -4 -2  0  0  1 -1  1  4 -3 -3  7  0 -1    2  13   3   0   0   0   0   0   0   7  10   8   1   8  24   0   0  15   3   5  0.61 0.23
   92 R    0  4 -1  0 -4  1  0 -1 -1 -4 -4  3 -3 -5  0  2 -1 -5 -3 -3    8  25   1   5   0   5   6   3   1   0   0  22   0   0   3  19   1   0   0   1  0.48 0.21
   93 Q    0  3  2  0 -4  5 -1 -3 -1 -5 -4  4 -2 -5 -3 -1 -2 -5 -3 -4    8  17  10   4   0  29   0   0   1   0   1  24   1   0   0   2   2   0   1   0  0.67 0.28
   94 A    4  3 -4 -4 -2 -3 -3 -3 -4  2  0 -2 -1 -2 -3 -1 -1 -4 -3  1   48  18   0   0   1   0   0   0   0  13   7   0   1   1   0   1   3   0   0   8  0.54 0.27
   95 A    3 -1 -3 -4 -2 -3 -3 -2 -4  3  1 -2  2 -1 -3  0  0 -4 -3  2   27   3   0   0   0   0   0   1   0  22  13   0   6   2   0   7   5   0   0  14  0.32 0.18
   96 F   -4 -5 -6 -6 -4 -5 -5 -6 -5 -1  6 -5  1  3 -5 -5 -2 -4 -2 -1    0   0   0   0   0   0   0   0   0   1  80   0   2  14   0   0   2   0   0   1  1.28 0.39
   97 P   -2 -6 -5 -5 -6 -5 -5 -6 -6 -6 -6 -4 -6 -7  9 -3 -4 -7 -6 -6    2   0   0   0   0   0   0   0   0   0   0   0   0   0  96   1   0   0   0   0  3.00 0.65
   98 V    2 -4 -3 -4 -2 -3 -4  2 -4  3  0 -3  0 -1 -3 -1 -1 -4 -3  3   23   0   0   0   0   0   0  18   0  22   9   0   1   3   0   2   2   0   0  20  0.38 0.19
   99 I    0 -4 -4 -5 -1 -4 -4 -3 -4  4  2 -4  2  3 -4 -1 -2 -3 -2  2    9   0   0   0   1   0   0   1   0  35  15   0   5  12   0   4   1   0   0  17  0.51 0.21
  100 A    6 -4 -4 -4  0 -4 -4  2 -4 -4 -4 -3 -4 -5 -3 -1 -2 -5 -5 -3   82   0   0   0   1   0   0  12   0   0   0   0   0   0   1   2   1   0   0   0  1.35 0.44
  101 A    7 -4 -5 -5 -3 -4 -4 -2 -5 -4 -5 -4 -4 -5 -4 -2 -3 -6 -5 -3   98   0   0   0   0   0   0   2   0   0   0   0   0   0   0   0   0   0   0   0  1.82 0.54
  102 I    0 -4 -5 -5 -1 -4 -4 -4 -5  4  4 -4  0  0 -4 -3 -2 -4 -3  2   10   0   0   0   1   0   0   1   0  26  41   0   1   4   0   0   0   0   0  16  0.65 0.24
  103 G    0 -5 -3 -4  1 -4 -5  7 -5 -6 -6 -4 -3 -3 -5 -2 -4 -5 -5 -5    8   0   0   0   3   0   0  86   0   0   0   0   1   1   0   2   0   0   0   0  1.79 0.46
  104 G   -2 -5 -3 -4 -6 -5 -5  8 -5 -7 -7 -5 -6 -6 -5 -3 -5 -6 -6 -6    1   0   0   0   0   0   0  99   0   0   0   0   0   0   0   0   0   0   0   0  2.34 0.55
  105 M   -3 -5 -5 -6 -4 -4 -5 -6 -5  1  0 -5 10 -3 -6 -5 -2 -5 -4  2    2   0   0   0   0   0   0   0   0   7   4   0  72   0   0   0   1   0   0  13  1.96 0.55
  106 I    2 -4 -5 -5  0 -4 -4 -3 -5  3  3 -4  0 -2 -4 -3 -1 -4 -3  4   20   0   0   0   1   0   0   1   0  20  25   0   1   1   0   0   2   0   0  28  0.57 0.23
  107 V    2 -4 -5 -5 -1 -4 -4 -3 -5  2  0 -4  2  1 -4 -3 -1 -4 -3  5   15   0   0   0   1   0   0   1   0   9   6   0   5   7   0   0   2   0   0  53  0.73 0.29
  108 P   -4 -6 -6 -5 -7 -5 -5 -6 -6 -7 -7 -5 -6 -7  9 -4 -5 -8 -7 -6    0   0   0   0   0   0   0   0   0   0   0   0   0   0 100   0   0   0   0   0  3.25 0.71
  109 A    7 -4 -4 -5 -3 -4 -4 -1 -5 -2 -4 -4 -4 -5 -4  0 -3 -6 -5 -2   90   0   0   0   0   0   0   2   0   2   0   0   0   0   0   3   0   0   0   2  1.55 0.50
  110 L    0 -4 -5 -5  0 -4 -5 -1 -5  2  5 -4  0 -1 -5 -3 -2 -4 -3  1    9   0   0   0   1   0   0   4   0  13  62   0   1   2   0   1   1   0   0   6  0.75 0.28
  111 L   -3 -5 -6 -6 -4 -5 -5 -6 -6  6  1 -5 -1  0 -5 -4 -1 -2 -3  3    0   0   0   0   0   0   0   0   0  59  13   0   0   3   0   0   3   0   0  21  1.14 0.35
  112 Y   -3 -5 -6 -7 -6 -5 -6 -6  1 -4 -4 -5 -4  5 -6 -5 -5 -1  9 -4    1   0   0   0   0   0   0   0   2   0   0   0   0  19   0   0   0   0  77   0  2.44 0.60
  113 L    1 -3 -3 -4 -1 -3 -4 -2 -3  1  3 -3  1  1 -4 -1  0  2  1  2   13   0   1   0   1   0   0   2   0   6  36   0   3   6   0   3   6   4   6  13  0.32 0.16
  114 A    3 -4 -4 -4 -1 -3 -3  0 -4  0  2 -3  1  3 -3  0 -1  1 -1  0   33   0   0   0   1   0   0   5   0   3  27   0   3  13   0   6   2   2   1   5  0.37 0.20
  115 F   -3 -5 -5 -6 -2 -5 -5 -5 -4  3  2 -5  0  6 -5 -4 -2 -3  0  2    1   0   0   0   1   0   0   0   0  19  16   0   2  43   0   0   1   0   0  17  0.95 0.31
  116 N   -1 -4  8 -2 -5 -2 -3 -3 -3 -4 -6 -3 -5 -6 -5 -1  1 -7 -5 -2    6   0  79   0   0   1   0   1   0   1   0   0   0   0   0   2   8   0   0   3  1.75 0.51
  117 Y    1  0 -1 -3 -2  0 -2  1  3 -2 -1 -1  0  2 -3  0 -1  6  3 -2   14   5   2   0   0   3   0  11   8   2   6   4   2   8   1   6   2  12  14   2  0.31 0.15
  118 A    1 -3  2  1 -4  0 -1  5  2 -4 -4 -1 -3 -3 -2  1 -1 -3 -2 -4    9   0   9   9   0   5   2  41   5   1   1   2   0   1   1   9   4   0   1   0  0.54 0.21
  119 D   -1 -2  3  4 -4  0  1  1  3 -4 -2 -1 -2 -3 -2  0  1 -4 -2 -3    3   0  14  30   0   3   6   9   7   0   3   3   1   0   1   6  12   0   1   1  0.43 0.19
  120 P    1 -3 -2 -1 -4 -2  0  0 -3 -4 -4 -2 -4 -5  7  0 -2 -5 -4 -4   11   1   1   3   0   1   8   8   0   1   2   2   0   0  54   7   2   0   0   1  1.18 0.33
  121 I    1 -1 -1  0 -3  0  2  1  0  0 -1 -1 -1  0 -1 -1 -1 -3  0  1   11   2   1   6   0   3  21  14   2   7   4   1   1   6   2   2   2   0   2  11  0.10 0.09
  122 T    3 -2 -1 -2 -3 -2 -2 -1 -1 -1  0 -2 -1 -1 -1  0  3 -2  1 -1   35   1   3   1   0   0   0   3   1   2   9   1   1   2   3   4  27   0   5   3  0.35 0.21
  123 R    0  1 -2 -3 -3  1 -1 -3  0  2  2 -1  2 -1 -1 -1  0 -2 -2  1    7  11   0   1   0   9   2   1   3  15  25   1   6   1   2   5   4   0   1   6  0.16 0.12
  124 E    0  3  2 -1 -4  2 -1  0  3 -4 -4  2 -2 -4 -2  1 -1 -4 -2 -3    8  22  11   2   0   9   2   7   7   0   0  13   0   0   1  11   2   0   1   1  0.36 0.17
  125 G   -2 -6 -4 -5 -6 -5 -5  7 -5 -7 -7 -5 -6 -6 -5 -3 -5  1 -6 -6    1   0   0   0   0   0   0  96   0   0   0   0   0   0   0   0   0   2   0   0  2.30 0.56
  126 W   -3 -6 -7 -8 -6 -6 -7 -6 -6 -4 -5 -7 -4 -1 -7 -5 -6 13 -2 -5    3   0   0   0   0   0   0   0   0   1   0   0   0   1   0   1   0  92   0   1  4.27 0.84
  127 A    6 -4 -4 -5 -4 -4 -4  3 -5 -5 -5 -4 -4 -5 -1 -1 -3 -6 -5 -3   78   0   0   0   0   0   0  19   0   0   0   0   0   0   2   1   0   0   0   0  1.39 0.46
  128 I   -4 -6 -6 -6 -4 -6 -6 -7 -6  8 -1 -6 -2 -3 -5 -5 -2 -6 -4  2    0   0   0   0   0   0   0   0   0  85   0   0   0   0   0   0   2   0   0  12  1.85 0.51
  129 P   -4 -6 -6 -5 -6 -5 -5 -6 -6 -6 -6 -5 -6 -7  9 -4 -3 -7 -7 -4    0   0   0   0   0   0   0   0   0   0   0   0   0   0  97   0   2   0   0   1  3.07 0.69
  130 A    3 -4 -3 -4 -3 -3 -4 -3 -4  0 -1 -3  6 -4 -4  0  4 -5 -4  0   31   0   0   0   0   0   0   0   0   3   2   0  24   0   0   7  26   0   0   6  0.74 0.33
  131 A    7 -5 -5 -5 -4 -4 -4 -3 -5 -4 -5 -4 -4 -6 -4 -2 -2 -6 -5 -2   97   0   0   0   0   0   0   0   0   0   0   0   0   0   0   0   1   0   0   1  1.84 0.56
  132 T   -3 -5 -3 -5 -4 -4 -4 -5 -5 -4 -5 -4 -4 -6 -5 -1  8 -6 -5 -4    0   0   0   0   0   0   0   0   0   0   0   0   0   0   0   1  99   0   0   0  2.30 0.66
  133 D   -5 -5 -2  9 -7 -4 -2 -5 -5 -7 -7 -4 -7 -7 -5 -4 -5 -8 -7 -7    0   0   0 100   0   0   0   0   0   0   0   0   0   0   0   0   0   0   0   0  2.69 0.66
  134 I   -2 -6 -6 -6 -4 -6 -6 -7 -6  8 -2 -6 -2 -3 -6 -5  1 -6 -4  0    3   0   0   0   0   0   0   0   0  88   0   0   0   0   0   0   8   0   0   2  1.82 0.52
  135 A    7 -5 -5 -5 -4 -4 -4 -3 -5 -4 -5 -4 -4 -5 -4 -2 -3 -6 -5 -1   96   0   0   0   0   0   0   0   0   0   0   0   0   0   0   0   0   0   0   4  1.84 0.56
  136 F   -6 -6 -7 -7 -6 -7 -7 -7 -5 -4 -2 -7 -3  9 -7 -6 -6 -2  0 -4    0   0   0   0   0   0   0   0   0   0   3   0   0  97   0   0   0   0   0   0  2.82 0.66
  137 A    6 -4 -4 -5 -3 -4 -4 -3 -5 -4 -4 -4 -4 -5 -4  1  0 -6 -5 -1   84   0   0   0   0   0   0   0   0   0   0   0   0   0   0   7   5   0   0   4  1.44 0.48
  138 L   -4 -5 -6 -6 -4 -5 -5 -6 -6  2  6 -5  1 -2 -5 -5 -3 -4 -4  2    0   0   0   0   0   0   0   0   0  10  76   0   2   0   0   0   0   0   0  13  1.26 0.39
  139 G    1 -5 -3 -4 -3 -4 -5  7 -5 -6 -6 -4 -5 -6 -1 -2 -4 -6 -6 -5   13   0   0   0   1   0   0  81   0   0   0   0   0   0   3   2   0   0   0   0  1.73 0.46
  140 V   -3 -5 -6 -6  0 -5 -5 -6 -6  5 -1 -5 -1 -3 -5 -5 -2 -5 -4  6    1   0   0   0   2   0   0   0   0  36   2   0   1   0   0   0   0   0   0  58  1.35 0.41
  141 L   -4 -5 -6 -6 -4 -5 -5 -6 -5  2  5 -5  4  1 -5 -5 -3 -4 -3  0    0   0   0   0   0   0   0   0   0  12  70   0   9   5   0   0   0   0   0   5  1.15 0.36
  142 A    5 -3 -3 -4 -3 -3 -3 -1 -4 -3 -2 -2  2 -3 -3  4  0 -5 -3 -2   48   0   0   0   0   0   0   2   0   0   3   1   6   1   0  32   5   0   0   1  0.78 0.34
  143 L   -2 -5 -6 -6 -4 -5 -5 -6 -5  1  6 -5  2  0 -5 -5 -3 -4 -3  1    3   0   0   0   0   0   0   0   0   7  75   0   5   3   0   0   0   0   0   6  1.14 0.36
  144 L   -1 -5 -6 -6 -1 -5 -5 -6 -5  0  6 -5  0  2 -5 -4 -3 -4 -3  1    4   0   0   0   1   0   0   0   0   3  75   0   0   7   0   0   1   0   0   8  1.10 0.36
  145 G   -1 -5 -3 -3 -5 -5 -5  7 -5 -7 -7 -3 -6 -6 -5 -1 -4 -6 -6 -6    4   0   0   1   0   0   0  90   0   0   0   1   0   0   0   4   0   0   0   0  1.99 0.51
  146 S   -2  2  3 -1 -4 -1 -1 -3 -1 -5 -5  4 -4 -5  1  3  0 -5 -4 -4    1  13  15   3   0   1   1   0   1   0   0  28   0   0   6  26   6   0   0   0  0.60 0.27
  147 R   -3  7 -1 -4 -6  0 -3 -1  2 -5 -5  2 -3 -3 -5  0 -3 -4 -4 -5    1  68   3   0   0   2   0   5   5   0   0   8   0   1   0   8   0   0   0   0  1.33 0.42
  148 V    0 -5 -5 -6 -2 -5 -5 -6 -6  3  1 -5 -1 -3 -5 -4 -2 -5 -4  6    7   0   0   0   0   0   0   0   0  16  10   0   0   0   0   0   0   0   0  66  1.15 0.38
  149 P   -4 -6 -4 -5 -6 -5 -5 -6 -6 -6 -7 -4 -6 -7  9  1 -4 -7 -6 -6    0   0   1   0   0   0   0   0   0   0   0   0   0   0  91   9   0   0   0   0  2.82 0.66
  150 L    2 -1 -1 -2 -2 -1 -2 -2 -1  0  1  0 -1 -2  1  2  1 -4 -2  1   18   2   3   1   0   1   1   1   1   4  15   4   0   1   7  16  11   0   0  14  0.15 0.12
  151 A    2 -3  0 -3 -3 -2  0  2 -3 -4 -5 -2 -4 -5 -1  5 -1 -5 -4 -3   18   0   4   0   0   0   4  13   0   0   0   1   0   0   2  56   1   0   0   0  0.84 0.35
  152 L   -1 -5 -6 -6 -4 -5 -5 -6 -6  1  6 -5  1 -2 -5 -5 -4 -4 -4  0    6   0   0   0   0   0   0   0   0   4  84   0   2   0   0   0   0   0   0   3  1.35 0.42
  153 K   -3  4 -3 -4 -6 -2 -2 -5 -1 -4 -4  7 -4 -6 -4 -3 -3 -6 -5 -2    1  23   0   0   0   0   0   0   1   1   1  70   0   0   0   0   0   0   0   3  1.51 0.47
  154 I    1 -5 -5 -5 -3 -4 -5 -5 -5  4  1 -4  0 -3 -5 -4 -2 -5 -3  5   10   0   0   0   0   0   0   0   0  29  13   0   2   0   0   0   1   0   0  45  0.89 0.31
  155 F   -5 -6 -7 -7 -6 -7 -7 -7 -5 -2 -1 -7 -2  9 -7 -6 -5  3  0 -4    0   0   0   0   0   0   0   0   0   1   4   0   1  91   0   0   0   3   0   0  2.52 0.61
  156 L   -4 -5 -6 -7 -4 -5 -6 -7 -6  0  6 -5  0 -2 -6 -5 -4 -5 -4 -1    0   0   0   0   0   0   0   0   0   2  94   0   1   0   0   0   0   0   0   3  1.68 0.48
  157 M    0 -4 -4 -5 -3 -3 -4 -4 -4  0  4 -4  4 -3 -4 -1  4 -4 -3  0    8   0   0   0   0   0   0   0   0   2  41   0  11   0   0   2  29   0   0   6  0.68 0.30
  158 A    6 -4 -3 -4 -3 -3 -3 -2 -4 -4 -4 -3 -4 -5 -4  2  3 -5 -4 -3   66   0   0   0   0   0   0   2   0   0   1   0   0   0   0  13  19   0   0   0  1.11 0.41
  159 L   -4 -5 -6 -6 -4 -5 -6 -6 -6  1  6 -5 -1  0 -6 -5 -4 -4 -3  1    0   0   0   0   0   0   0   0   0   6  83   0   0   3   0   0   0   0   0   8  1.37 0.41
  160 A    7 -5 -5 -5 -4 -4 -4 -3 -5 -5 -5 -4 -4 -6 -4  0 -3 -6 -5 -3   97   0   0   0   0   0   0   0   0   0   0   0   0   0   0   3   0   0   0   0  1.86 0.56
  161 I   -4 -6 -6 -6 -4 -6 -6 -7 -6  8 -1 -6 -2 -3 -6 -5 -2 -6 -4  3    0   0   0   0   0   0   0   0   0  81   2   0   0   0   0   0   1   0   0  15  1.77 0.49
  162 I   -3 -5 -6 -6 -4 -5 -5 -6 -5  6  1 -5  1  4 -5 -4 -3 -4 -2  4    1   0   0   0   0   0   0   0   0  47   7   0   3  17   0   0   0   0   0  25  1.04 0.34
  163 D   -5 -5 -2  9 -7 -4 -2 -5 -5 -7 -7 -4 -7 -7 -5 -4 -5 -8 -7 -7    0   0   0 100   0   0   0   0   0   0   0   0   0   0   0   0   0   0   0   0  2.69 0.66
  164 D   -5 -5 -2  9 -7 -4 -2 -5 -5 -7 -7 -4 -7 -7 -5 -4 -5 -8 -7 -7    0   0   0 100   0   0   0   0   0   0   0   0   0   0   0   0   0   0   0   0  2.69 0.66
  165 L   -2 -5 -6 -6 -2 -5 -5 -6 -5  3  5 -5  2 -1 -5 -5 -3 -4 -3  1    2   0   0   0   1   0   0   0   0  19  67   0   4   2   0   0   0   0   0   6  1.09 0.35
  166 G    0 -5 -3 -4  0 -4 -5  6 -5  1 -2 -4 -2  0 -5 -3 -4 -5 -5 -2    5   0   0   0   2   0   0  73   0   8   4   0   1   4   0   0   0   0   0   2  1.32 0.39
  167 A    7 -5 -5 -5 -3 -4 -4 -1 -5 -2 -4 -4 -4 -5 -4 -2 -2 -6 -5  0   87   0   0   0   0   0   0   4   0   1   0   0   0   0   0   0   1   0   0   7  1.48 0.49
  168 I   -4 -6 -6 -6 -4 -6 -6 -7 -6  7  0 -6 -2 -3 -6 -5 -3 -6 -4  4    0   0   0   0   0   0   0   0   0  70   3   0   0   0   0   0   0   0   0  27  1.61 0.46
  169 I    0 -4 -5 -5 -2 -4 -5 -3 -5  4  3 -4  0 -1 -4 -4 -2 -4 -3  4    7   0   0   0   0   0   0   2   0  24  31   0   1   2   0   0   1   0   0  31  0.68 0.26
  170 I   -4 -6 -6 -6 -4 -5 -6 -6 -6  7  0 -5 -2 -3 -5 -5 -3 -6 -4  5    0   0   0   0   0   0   0   0   0  60   3   0   0   0   0   0   1   0   0  36  1.49 0.43
  171 I   -4 -6 -7 -6 -4 -6 -7 -7 -7  8 -1 -6  0 -3 -6 -6 -4 -6 -5  1    0   0   0   0   0   0   0   0   0  93   2   0   1   0   0   0   0   0   0   4  2.07 0.55
  172 A    7 -5 -5 -5 -4 -4 -4 -1 -5 -4 -5 -4 -4 -5 -4 -1 -3 -6 -5 -3   95   0   0   0   0   0   0   3   0   0   0   0   0   0   0   1   0   0   0   0  1.79 0.55
  173 L   -2 -5 -5 -6 -3 -5 -5 -6 -5  4  4 -5  0  2 -5 -4 -3 -4 -2  2    2   0   0   0   0   0   0   0   0  21  52   0   1  10   0   0   0   0   0  14  0.88 0.30
  174 F   -3 -6 -6 -7 -6 -7 -7 -5 -5 -3 -1 -7 -3  9 -7 -6 -5 -2  0 -2    2   0   0   0   0   0   0   1   0   0   4   0   0  92   0   0   0   0   0   2  2.50 0.61
  175 Y   -6 -5 -6 -7 -6 -5 -6 -7 -2 -5 -4 -6 -4  3 -7 -5 -5 -1 10 -5    0   0   0   0   0   0   0   0   0   0   0   0   0  10   0   0   0   0  90   0  2.87 0.69
  176 T   -1 -4 -1 -3 -4 -3 -3  0 -4 -4 -4 -3 -4 -5 -4  4  6 -5 -5 -3    2   0   3   0   0   0   0   6   0   0   0   0   0   0   0  28  60   0   0   0  1.22 0.44
  177 N    1 -2  1  1 -3  1  1  1  2 -4 -4  0 -3 -4 -2  3  1 -4 -3 -3   11   1   6   6   0   7   7  11   6   0   0   6   0   0   0  29   8   0   0   1  0.36 0.18
  178 D   -1 -2  1  3 -4  2  2  3  2 -4 -4  0 -3 -3 -3  1  0 -4 -3 -4    5   1   5  17   0   9  16  21   5   0   0   5   0   1   0   8   7   0   0   0  0.41 0.18
  179 L   -3 -5 -6 -6 -4 -5 -5 -6 -5  4  5 -5  1  0 -4 -5 -3 -4 -3  1    1   0   0   0   0   0   0   0   0  27  60   0   2   3   1   0   0   0   0   6  1.06 0.34
  180 S    0 -3  3  2 -2  1 -1 -2  2 -4 -4 -1 -3 -2 -3  5 -1 -5 -1 -3    5   0  13  10   1   5   1   1   5   0   1   3   0   1   0  48   2   0   2   2  0.60 0.29
  181 M   -1 -4 -3 -4 -3 -2 -4 -2 -3  1  2 -4  2  2  0 -2  1  7  0  1    4   0   1   0   0   1   0   2   0   7  25   0   6  10   4   1  11  15   3  10  0.47 0.20
  182 A    0 -3 -2 -2 -2 -1 -2 -1 -2  1  1 -2  2  0  3  0  1  1 -1  1    9   0   1   1   0   3   2   5   0   6  16   1   7   3  15   9   9   2   1   8  0.17 0.10
  183 S    4 -3 -1 -2 -3 -2 -3 -1  0 -3 -2 -3  2 -1  2  2 -2  2  3 -3   38   0   3   2   0   0   0   4   2   0   1   0   7   1   9  16   0   3  13   0  0.48 0.26
  184 L   -4 -5 -6 -6 -4 -5 -6 -5 -5  0  6 -5  0  2 -6 -5 -3 -4 -3 -1    1   0   0   0   0   0   0   1   0   4  86   0   1   7   0   0   0   0   0   1  1.42 0.43
  185 G    2 -3 -3 -4 -2 -3 -3  2 -3  2  2 -3  1  1 -3 -1 -1  1 -1  0   22   0   0   0   1   0   0  20   0  12  23   0   3   5   0   4   3   2   1   6  0.27 0.16
  186 V    1 -4 -4 -4 -2 -3 -4  2 -4  3  2 -3  2  0 -4 -2 -2  1  0  2   14   0   0   0   1   0   0  16   0  17  18   0   5   4   0   1   0   2   3  20  0.31 0.17
  187 A    6 -4 -4 -4 -1 -3 -4  0 -4 -3 -4 -3 -1 -5 -4  1 -2 -5 -4  0   75   0   0   0   1   0   0   7   0   1   0   0   1   0   0  10   1   0   0   5  1.15 0.41
  188 A    3 -3 -3 -4 -1 -3 -3  2 -4  0  2 -3 -1  1 -3  0  0 -3 -2  1   32   0   0   0   1   0   0  17   0   3  21   0   1   8   0   5   4   0   0   8  0.33 0.19
  189 V    2 -4 -4 -4  0 -3 -4  2 -4  2  2 -3  0  0 -4 -2 -1 -4 -3  2   23   0   0   0   2   0   0  15   0  12  22   0   1   4   0   1   1   0   0  19  0.35 0.18
  190 A    2 -3 -3 -4  4 -3 -3  1 -4  2  0 -3  1 -1 -1 -1  0 -4 -3  2   21   0   0   0   9   0   0  14   0  12   8   0   3   3   3   4   5   0   0  18  0.27 0.16
  191 I   -1 -4 -4 -5 -2 -4 -4 -5 -4  4  3 -4  1  2 -4 -3  1  2 -1  2    3   0   0   0   1   0   0   0   0  30  28   0   2  11   0   1  10   3   1  11  0.56 0.22
  192 A    3 -4 -4 -4 -2 -3 -3  1 -4  1  2 -3  0  0 -2 -1 -1 -4 -3  1   37   0   0   0   0   0   0  10   0   6  22   0   2   5   1   3   1   0   0  12  0.38 0.21
  193 V    2 -4 -4 -4 -1 -3 -4  0 -4  3  2 -3  1  0 -4 -2 -1 -4 -3  3   18   0   0   0   1   0   0  10   0  15  21   0   3   3   0   0   3   0   0  26  0.38 0.19
  194 L   -2 -5 -5 -6 -4 -4 -5 -3 -5  0  5 -5  4  1 -5 -4 -3 -4 -1  0    4   0   0   0   0   0   0   3   0   3  71   0   9   5   0   0   0   0   1   4  1.03 0.35
  195 A    1 -3 -4 -5 -1 -3 -4 -2 -4  2  2 -4  0  4 -4 -2 -1  4  1  1   14   1   0   0   1   0   0   3   0  16  22   0   1  20   0   1   2   6   3  11  0.41 0.19
  196 V    1 -3 -3 -4  0 -3 -3  1 -3  2  2 -3  1  1 -4 -2 -1  1  1  2   15   0   0   0   2   0   0  11   0  12  24   0   3   7   0   1   2   2   5  16  0.25 0.14
  197 L   -1 -4 -5 -6  1 -4 -5 -4 -5  0  5 -3  6  2 -5 -4 -3 -4 -3  0    6   0   0   0   3   0   0   1   0   1  53   1  22   8   0   0   1   0   0   3  0.90 0.33
  198 N   -3 -2  8 -2  0  1 -3 -1 -1 -6 -3 -3 -5 -6 -5 -2 -3 -7 -5 -5    2   1  79   0   2   6   0   4   1   0   3   0   0   0   0   1   0   0   0   1  1.75 0.52
  199 L   -2  6 -3 -4 -1  0 -3 -4  1 -2 -1  2 -2 -3 -4 -2 -3  4  1 -3    4  50   0   0   2   2   0   0   3   2   6  14   0   1   0   1   0   6   6   2  0.86 0.32
  200 C    0  2 -2 -4  2 -1 -3 -3 -3  0  2  1  2  3 -4 -1 -2 -1  0 -1    8  15   1   0   6   3   0   1   0   4  24  10   8  15   0   2   1   1   2   0  0.27 0.17
  201 G   -2  3  3 -2 -3  0 -2  5  0 -4 -5  3 -4 -5 -4 -1 -2 -5 -4 -4    0  14  13   1   0   3   1  43   2   1   0  18   0   0   0   2   1   0   0   0  0.77 0.28
  202 A   -2 -3 -3 -4  0 -4 -4 -4 -5  3 -1 -4 -1  0 -5 -4 -2 -2 -1  6    2   1   1   1   2   0   1   1   0  16   2   0   0   3   0   0   0   0   2  67  1.03 0.36
  203 R    0  4  0 -1 -3  0 -1 -1  1 -2 -2  2  1 -2 -2  0  2 -3 -2 -1    5  26   5   2   0   4   2   5   3   1   3  12   5   1   1   5  14   0   1   6  0.23 0.14
  204 R    0  4  2 -2 -2  0 -1 -1  1 -3 -3  2 -3 -2 -2  2  0 -1 -1 -3   10  26  10   1   1   4   0   4   3   1   1  14   0   1   1  16   4   1   1   0  0.36 0.19
  205 T    0 -2 -3 -4 -3 -2 -3 -3 -3  2  3  0  0  0  0 -1  1  2 -2  0    7   0   0   0   0   1   1   1   1  12  40   6   1   4   6   3   9   3   0   5  0.30 0.17
  206 G    1 -2 -3 -3  0 -3 -3  0 -3  0  0 -2 -1  0  0  2  0  7  2 -1   15   2   0   1   2   0   0   7   0   6   9   1   1   3   4  16   7  18   6   3  0.41 0.19
  207 V    1 -4 -3 -4 -1 -4 -4 -3 -3  0  1 -3 -2  1  6 -2 -2 -1 -1  1   16   0   1   0   1   0   0   1   0   6  14   0   0   8  36   1   1   1   2  13  0.70 0.26
  208 Y   -5 -5 -6 -7 -6 -5 -6 -7 -2 -4 -4 -6 -5  2 -7 -5 -4  2 10 -5    0   0   0   0   0   0   0   0   0   0   1   0   0   4   0   0   0   2  92   0  2.88 0.69
  209 I    0 -4 -5 -5 -2 -4 -4 -2 -4  3  4 -4  3  1 -4 -3 -2 -4 -2  2    7   0   0   0   0   0   0   3   0  20  41   0   7   4   0   0   0   0   0  16  0.61 0.23
  210 L   -1 -4 -5 -5 -3 -4 -4 -3 -5  4  4 -4  1 -1  0 -2 -2 -4 -3  2    6   0   0   0   0   0   0   1   0  26  38   0   3   1   6   2   1   0   0  16  0.59 0.23
  211 V   -1 -4 -4 -4  0 -4 -4  1 -4  2  3 -4  1  1  1 -3 -2 -4 -2  3    5   0   0   0   2   0   0  13   0   9  28   0   2   6   8   0   1   0   0  27  0.38 0.19
  212 G    0 -5 -3 -4 -1 -5 -5  7 -5 -6 -6 -4 -5  1 -5 -2 -3 -5 -5 -5    8   0   0   0   1   0   0  82   0   0   0   0   0   6   0   1   1   0   0   0  1.71 0.46
  213 V    2 -4 -4 -4 -2 -3 -4 -2 -4  3  2 -3  1  0 -4 -1 -1 -2 -2  2   22   0   0   0   0   0   0   3   0  19  25   0   2   4   0   2   2   0   0  19  0.41 0.19
  214 V    1 -4 -5 -5 -2 -4 -4 -3 -5  4  2 -4 -1  2 -3 -3 -2 -4 -2  4   12   0   0   0   0   0   0   2   0  26  19   0   0   8   1   0   0   0   0  32  0.60 0.24
  215 L   -1 -5 -5 -6 -4 -4 -5 -6 -5  2  5 -5  4 -2 -5 -4 -1 -4 -3  1    4   0   0   0   0   0   0   0   0   8  68   0  11   0   0   0   3   0   0   6  1.05 0.35
  216 W   -7 -7 -8 -9 -7 -6 -7 -7 -7 -7 -6 -7 -6 -3 -8 -7 -7 13 -2 -7    0   0   0   0   0   0   0   0   0   0   0   0   0   0   0   0   0 100   0   0  4.92 0.95
  217 T    0 -4 -4 -4 -3 -4 -3 -2 -3  2  0 -4 -1  3 -4 -3  0  4  4  3    9   0   0   0   0   0   1   4   0  10   8   0   0  14   0   0   5   5  17  26  0.47 0.21
  218 A    3 -4 -4 -4  5 -3 -4  0 -4 -2  1 -4 -1  4 -4  1 -1 -3 -2 -2   26   0   0   0  15   0   0   5   0   1  15   0   1  21   0  13   2   0   0   1  0.54 0.25
  219 V   -3 -4 -5 -5 -3 -4 -5 -5 -5  2  1 -4  5  1 -5 -2  1 -4 -3  5    0   0   0   0   0   0   0   0   0  10  13   0  16   5   0   3   7   0   0  46  0.79 0.30
  220 L   -4 -4 -5 -4 -4 -4 -4 -6  3 -1  5 -5  1  1 -5 -5 -4 -1  1  0    0   0   0   1   0   0   0   0   7   1  73   0   2   5   0   0   0   1   5   5  1.08 0.37
  221 K   -1  1  1 -2 -5  2  1 -3  2 -3 -1  5 -1 -3 -3 -1 -2 -3 -3 -2    3   4   7   0   0   8   7   0   5   0   5  49   2   1   0   3   0   0   0   3  0.61 0.27
  222 S    1 -4 -3 -3 -3 -3 -3 -2 -4 -5 -5 -3 -4 -4 -4  7  0 -6 -5 -5    9   0   0   0   0   0   0   2   0   0   0   0   0   0   0  84   5   0   0   0  1.54 0.52
  223 G   -3 -6 -4 -5 -6 -5 -5  8 -5 -7 -7 -5 -6 -7 -6 -3 -5 -6 -7 -7    0   0   0   0   0   0   0 100   0   0   0   0   0   0   0   0   0   0   0   0  2.43 0.59
  224 V   -2 -5 -6 -6 -3 -5 -5 -6 -6  5  1 -5 -1 -3 -5 -4 -3 -5 -4  6    2   0   0   0   0   0   0   0   0  31  10   0   0   0   0   0   0   0   0  58  1.24 0.39
  225 H   -4 -4 -3 -5 -7 -2 -2 -6 11 -7 -7 -4 -5 -5 -6 -2 -5 -6 -2 -7    1   0   0   0   0   1   1   0  93   0   0   0   0   0   0   3   0   0   0   0  3.22 0.74
  226 A    6 -4 -4 -4 -3 -4 -3 -1 -5 -4 -5 -4 -4 -5  2  0  0 -6 -5 -3   79   0   0   0   0   0   0   2   0   0   0   0   0   0  11   3   4   0   0   0  1.34 0.46
  227 T   -2 -4 -3 -4 -4 -4 -4 -5 -5 -4 -5 -4 -4 -6 -4  1  8 -6 -5 -3    1   0   0   0   0   0   0   0   0   0   0   0   0   0   0   8  91   0   0   0  2.01 0.60
  228 L   -4 -5 -6 -6 -4 -5 -5 -6 -6  5  5 -5  0 -2 -5 -5 -3 -4 -4  1    0   0   0   0   0   0   0   0   0  30  60   0   1   0   0   0   0   0   0   9  1.17 0.36
  229 A    7 -4 -4 -5  0 -4 -4 -3 -5 -4 -5 -4 -4 -5 -4  0  0 -6 -5 -3   87   0   0   0   2   0   0   0   0   0   0   0   0   0   0   4   6   0   0   0  1.54 0.50
  230 G    0 -6 -4 -5 -6 -5 -5  7 -5 -7 -7 -5 -6 -6 -5 -3 -5 -6 -6 -6    5   0   0   0   0   0   0  95   0   0   0   0   0   0   0   0   0   0   0   0  2.24 0.55
  231 V   -2 -6 -6 -6 -4 -5 -6 -6 -6  1 -1 -5 -2 -1 -5 -5 -3 -6 -4  7    2   0   0   0   0   0   0   0   0   5   2   0   0   2   0   0   0   0   0  89  1.72 0.51
  232 I    2 -4 -5 -5 -2 -4 -4 -4 -5  4  3 -4  1 -1 -4 -3 -1 -4 -3  3   17   0   0   0   0   0   0   0   0  33  27   0   2   1   0   0   2   0   0  18  0.64 0.25
  233 V    0 -4 -4 -5 -3 -4 -4 -4 -5  3  4 -4  1  0 -4 -3  1 -4 -3  1    9   0   0   0   0   0   0   0   0  14  50   0   3   3   0   0  11   0   0   9  0.63 0.25
  234 G    5 -4 -4 -4 -4 -4 -4  5 -5 -5 -5 -4 -4 -5 -4 -1 -3 -5 -5 -4   58   0   0   0   0   0   0  40   0   0   0   0   0   0   0   2   0   0   0   0  1.33 0.43
  235 F   -2 -5 -5 -6 -4 -5 -5 -5 -4  0  4 -5  5  6 -6 -3 -3  2 -1 -2    2   0   0   0   0   0   0   1   0   2  37   0  15  39   0   1   1   2   0   0  1.11 0.36
  236 F    2 -4 -4 -4  4 -3 -4 -3 -4  0  0 -4  4  4 -4 -1  3 -3 -2 -1   16   0   0   0  11   0   0   0   0   3   8   0  13  22   0   2  20   0   0   3  0.55 0.26
  237 I   -4 -5 -6 -6 -4 -5 -6 -6 -6  7  1 -5  1 -3 -5 -4  0 -5 -4  2    0   0   0   0   0   0   0   0   0  68  10   0   3   0   0   0   7   0   0  12  1.30 0.40
  238 P   -4 -1 -6 -5 -7 -5 -5 -6 -6 -7 -7 -4 -6 -7  9 -4 -3 -7 -7 -6    0   4   0   0   0   0   0   0   0   0   0   0   0   0  95   0   1   0   0   0  3.01 0.69
  239 L    0 -4 -4 -4  1 -3 -4 -4  0  2  4 -4  3  1 -4 -3 -1 -3  0  2   10   0   0   0   3   0   0   0   3   8  42   0  10   5   0   1   3   0   3  12  0.46 0.20
  240 K   -2  5  1 -1 -4  0  0  0  1 -4 -3  3 -2 -3 -3 -1  0 -4 -1 -3    1  34   6   3   0   3   4   8   3   0   1  20   1   1   1   3   8   0   2   1  0.49 0.21
  241 E    1  1  0  2 -2  0  1  1 -1 -2 -2  1 -2 -3  2  0  1 -4 -3 -1   11   9   5  12   1   2   8  13   0   3   2   9   0   0   9   3   9   0   0   3  0.17 0.09
  242 K   -1  2  0  1 -4  0  1  0  0 -3 -3  4 -3 -3  0  0  0 -4 -2 -3    4  13   4   8   0   3   7   8   3   1   1  29   0   0   4   7   6   0   1   1  0.30 0.15
  243 H   -1  0  2  3 -3  0  2 -1  1 -3 -3  1 -2 -2  1  0 -1 -2 -1 -3    5   5  11  20   0   2  17   4   4   0   1   9   1   1   8   5   3   1   3   1  0.32 0.14
  244 G    0 -1 -1  0 -4  0  1  4  0 -3 -3  1 -3 -2 -1  0 -1 -4 -3 -2    9   2   2   5   0   3   9  40   2   2   1   9   0   2   2   6   4   0   1   2  0.41 0.17
  245 R    0  2  1  1 -4  1  3 -2  4 -3 -3  2 -2 -3 -2  0 -1 -4 -1 -2    7  11   5   7   0   7  20   1  13   1   2  11   1   0   1   7   3   0   1   2  0.33 0.15
  246 S    0 -2 -1 -2  1 -2 -1 -2 -2 -5 -5 -1 -4 -4  1  6  1 -5 -4 -4    5   1   1   1   3   0   2   1   1   0   0   4   0   0   7  66   7   0   0   0  0.96 0.38
  247 P   -4 -5 -5 -4 -5 -4 -4 -5 -5 -2 -1 -3  3 -1  8 -2 -2 -6 -3 -3    0   0   0   1   0   0   0   0   0   2   7   1   8   2  71   2   2   0   1   2  1.84 0.49
  248 A    1 -4 -4 -5 -3 -4 -4 -2 -3 -1  5 -4  1 -1 -4  0 -2 -4 -2  1   11   0   0   0   0   0   0   2   0   1  63   0   2   2   0  10   0   0   1   7  0.70 0.29
  249 K   -2  0 -1  0 -4  1  3 -3  6 -2 -1  2 -1 -3 -2 -1 -1 -4  1 -2    1   3   2   3   0   4  22   1  22   2   7  18   1   0   1   2   4   0   5   2  0.46 0.22
  250 R   -1  4 -1  0 -3  1  1 -3  3 -3 -3  3 -3 -2 -3  0  0 -2 -1 -2    3  30   1   6   0   5   9   0   9   1   1  17   0   2   1   5   6   0   1   2  0.46 0.20
  251 L   -1 -4 -5 -6 -2 -4 -5 -5 -5  2  5 -5  3  0 -5 -4 -3  3 -3  1    4   0   0   0   0   0   0   0   0  10  62   0   6   4   0   0   1   4   0   9  0.87 0.30
  252 E   -2 -2 -3 -1 -6  2  7 -5 -1 -4 -5 -1  1 -6 -3 -2 -3 -6 -3 -5    3   1   0   0   0   7  77   0   1   1   0   2   4   0   0   1   1   0   1   0  1.47 0.47
  253 H   -3 -1  0 -1 -3 -1  0 -4 10 -6 -6  0 -4 -3 -5 -1 -4 -6 -1 -6    2   2   4   2   0   1   4   0  72   0   0   5   0   1   0   4   0   0   0   0  2.07 0.55
  254 V    2  0 -1  1 -2 -1 -1  1 -2  0  0  0 -1  0 -2  1  0  0 -1  0   25   5   1  10   0   1   2  11   0   6   8   5   1   5   0   9   3   2   1   5  0.09 0.09
  255 L   -4 -5 -6 -6 -3 -5 -6 -6 -6  1  6 -5  0 -1 -6 -5 -2 -1 -4  0    0   0   0   0   0   0   0   0   0   5  85   0   1   1   0   0   2   1   0   5  1.36 0.42
  256 H    0  1  0 -3 -5  1 -1 -3  9 -4 -5 -1 -3 -4 -4  0  0 -5 -1 -3    8   6   3   0   0   7   3   1  54   1   0   3   0   0   0   8   5   0   0   1  1.23 0.39
  257 P   -3 -1 -1 -3 -5 -2 -3 -2 -1 -3 -4  1 -2 -1  7 -2 -2 -3 -1 -3    1   3   4   1   0   1   0   3   1   1   1   8   1   3  65   2   2   0   2   1  1.49 0.40
  258 W   -4 -5 -6 -6 -4 -5 -5 -5 -5 -3 -1 -5 -4  1  3 -5 -3 11  3 -1    1   0   0   0   0   0   0   1   0   1   6   0   0   5  17   0   1  55   8   4  2.21 0.53
  259 V   -2 -5 -2 -5  1 -4 -5 -5 -5  1 -2 -4 -2 -4 -5  2 -2 -6 -4  6    1   0   2   0   2   0   0   0   0   4   1   0   0   0   0  16   1   0   0  73  1.16 0.41
  260 A    5 -3  1 -3 -3 -3 -3  0 -3 -2 -3 -2 -3 -4 -2  2  2 -1 -4 -1   55   1   8   0   0   0   0   4   0   2   1   1   0   0   1  14  11   1   0   3  0.67 0.29
  261 Y   -4 -5 -5 -6 -5 -5 -6 -2 -2 -3 -1 -5 -3  7 -6 -5 -5  4  6 -4    1   0   0   0   0   0   0   4   0   1   3   0   0  55   0   0   0   4  32   0  1.76 0.46
  262 L    0 -4 -4 -5 -3 -4 -4  1 -4  2  3 -4  1  3 -4 -3 -3 -3 -2  2    9   0   0   0   0   0   0  12   0   9  37   0   3  16   0   0   0   0   0  15  0.46 0.20
  263 I   -1 -6 -6 -6 -4 -5 -6 -6 -6  7 -1 -5 -2 -3 -5 -5 -3 -5 -4  4    4   0   0   0   0   0   0   0   0  73   0   0   0   0   0   0   0   0   0  23  1.53 0.44
  264 L   -3 -4 -5 -6 -3 -4 -5 -6 -5  1  5 -5  5 -2 -5 -4 -3 -4 -3  3    0   0   0   0   0   0   0   0   0   6  53   0  16   0   0   0   1   0   0  24  1.02 0.33
  265 P   -4 -6 -6 -5 -7 -5 -5 -6 -6 -6 -6 -5 -6 -7  9 -4 -5 -7 -7 -6    0   0   0   0   0   0   0   0   0   0   1   0   0   0  99   0   0   0   0   0  3.20 0.70
  266 L   -3 -5 -6 -6 -3 -5 -5 -6 -5  4  4 -5  0 -1 -5 -4 -3 -4 -3  3    1   0   0   0   0   0   0   0   0  28  51   0   1   1   0   0   0   0   0  17  0.98 0.31
  267 F   -6 -6 -7 -7 -6 -7 -7 -7 -5 -4 -3 -7 -3  9 -7 -6 -6 -2  0 -4    0   0   0   0   0   0   0   0   0   0   0   0   0 100   0   0   0   0   0   0  2.91 0.66
  268 A    6 -4 -4 -4 -3 -4 -4  3 -4 -4 -4 -4 -4 -5 -4 -1 -3 -5 -5 -2   77   0   0   0   0   0   0  20   0   0   0   0   0   0   0   1   0   0   0   2  1.35 0.44
  269 F   -5 -6 -6 -7 -5 -6 -6 -6 -5 -2  3 -6 -2  8 -7 -5 -5 -2  0 -3    0   0   0   0   0   0   0   0   0   0  24   0   0  75   0   0   0   0   0   0  1.99 0.51
  270 A    6 -4 -4 -4 -1 -3 -4 -3 -4 -2 -2 -3  1  2 -4  0 -2 -4 -3  1   69   0   0   0   1   0   0   0   0   1   3   0   4  10   0   4   1   0   0   8  0.94 0.37
  271 N   -2 -4  9 -2 -6 -3 -3 -4 -3 -6 -7 -1 -5 -6 -5 -1 -2 -7 -5 -6    3   0  90   0   0   0   0   0   0   0   0   2   0   0   0   3   1   0   0   0  2.22 0.59
  272 A    6 -4 -4 -4 -3 -3 -3 -2 -4 -4 -4 -3 -2 -5 -3  2  1 -5 -4 -2   75   0   0   0   0   0   0   1   0   0   1   0   1   0   0  11  10   0   0   2  1.19 0.42
  273 G   -1 -5  0 -4 -2 -5 -4  7 -5 -7 -7 -4 -6 -6 -5 -3 -4 -6 -6 -6    3   0   3   0   1   0   1  92   0   0   0   0   0   0   0   0   0   0   0   0  2.04 0.50
  274 V   -3 -5 -6 -6 -3 -5 -5 -6 -6  5  0 -5  0 -1 -5 -4 -3 -5 -4  6    0   0   0   0   0   0   0   0   0  32   5   0   1   2   0   0   0   0   0  59  1.25 0.38
  275 S    0 -2  1  1 -3 -2 -2 -2 -2 -2 -3 -2 -3 -4  0  5  1 -5 -3  0    6   2   6   8   0   1   1   0   1   1   2   1   0   0   5  52   7   0   0   7  0.57 0.28
  276 L   -3 -5 -5 -6 -4 -5 -5 -6 -4  2  5 -5  0  5 -5 -5 -3 -2 -1  0    1   0   0   0   0   0   0   0   0   8  54   0   1  30   0   0   0   0   0   5  1.04 0.33
  277 Q    2  0  1  0 -3  2  1  1 -1 -2 -2  0 -2 -3 -2  2  1 -4 -3 -2   19   4   5   5   0   9  11   9   1   1   2   4   0   1   1  18   7   0   0   1  0.23 0.13
  278 G    0 -3  1  0 -4 -2 -1  6 -2 -4 -4 -1 -3 -4 -2  0 -2 -5 -2 -4    6   0   8   4   0   1   3  60   1   1   1   3   1   1   2   5   2   0   2   1  0.89 0.29
  279 V   -1 -3 -1  0 -3 -2 -1 -1 -3  2  2 -3  3  1 -3 -2 -1 -3 -2  2    5   0   4   6   0   0   4   6   0  17  17   0  12   7   0   2   2   0   0  18  0.20 0.13
  280 T    1 -3  0  1 -3 -1 -1  1  0 -1 -2 -2  1 -3 -2  3  2  2 -2 -1    9   0   2   7   0   2   3  13   3   3   1   0   4   0   1  27  16   3   1   3  0.27 0.17
  281 L    0 -3 -3 -3 -3 -3 -3 -2 -2  1  3 -3  2  3  1 -2 -2  3 -1  1    7   0   1   1   0   0   1   3   1   9  34   0   5  15   8   2   1   4   0   8  0.35 0.17
  282 D    1 -1  1  3 -4  0  2  1  0 -4 -4 -1 -3 -4 -3  2 -1 -5 -3 -3   14   1   6  17   0   3  16  11   3   0   0   3   0   1   0  22   2   0   0   1  0.39 0.19
  283 G    1 -1  0  1 -3  1  0  2  0 -1 -2 -1  1 -3 -2  1  0 -4 -2 -1   13   2   4  11   0   9   5  16   2   4   2   2   5   1   0  13   6   0   0   5  0.16 0.10
  284 L   -2 -4 -4 -4 -3 -4 -4 -3 -2  2  5 -4  2  3 -4 -3 -2 -3 -1  1    3   0   0   0   0   0   0   2   1   9  56   0   4  12   0   2   2   0   1   7  0.67 0.25
  285 T    0 -3 -1 -2  0 -2 -2 -1 -3  0  2 -2  1  3 -3  0  3 -2 -1  0    9   0   2   1   2   0   1   4   0   2  24   1   3  19   0   6  20   0   0   4  0.25 0.16
  286 S    1 -1  0  2 -3  1  1 -1  4 -4 -3 -2 -3 -3 -2  3  0 -4 -1 -3   11   2   3  10   0   5   9   4  12   0   2   0   0   0   1  33   4   0   1   1  0.41 0.21
  287 I    0 -3 -1 -3 -4 -3 -3 -1  0 -3 -2 -3  0 -2  7  0  0 -3 -3 -3    6   1   3   1   0   0   0   5   2   1   4   0   2   2  56   7   6   0   0   1  1.17 0.34
  288 L   -2 -3 -1 -5 -3 -4 -2 -5 -3  2  3 -4 -1 -2 -3 -2 -2 -4 -1  4    2   1   3   0   0   0   3   0   0   9  32   0   0   1   1   2   1   0   2  42  0.61 0.26
  289 P    0 -4 -3 -4 -2 -3 -3 -1 -4 -2 -2 -3 -1 -2  6  2  3 -5 -4  1    5   0   0   0   0   0   0   5   0   2   2   0   2   2  38  15  19   0   0   9  0.82 0.30
  290 L   -3 -5 -6 -6 -4 -4 -5 -6 -5  1  5 -5  3  0 -4 -4 -3  1 -1  1    1   0   0   0   0   0   0   0   0   6  71   0   6   3   1   0   1   2   1   7  1.04 0.34
  291 G    0 -5 -4 -5 -6 -5 -5  7 -5 -7 -7 -5 -6 -6 -5 -3 -5 -6 -6 -6    8   0   0   0   0   0   0  92   0   0   0   0   0   0   0   0   0   0   0   0  2.14 0.54
  292 I   -3 -6 -6 -6 -4 -5 -6 -6 -6  7 -1 -5 -2 -3 -5 -5 -3 -6 -4  4    2   0   0   0   0   0   0   0   0  65   1   0   0   0   0   0   0   0   0  32  1.52 0.44
  293 I    4 -4 -4 -4 -3 -3 -4 -2 -4  3  0 -3  2  1 -4 -1 -1 -4 -3  1   43   0   0   0   0   0   0   2   0  23   7   0   7   6   0   3   2   0   0   9  0.55 0.26
  294 A    2 -4 -5 -5 -1 -4 -4 -2 -4  0  4 -4  0  1 -4 -2 -2 -2 -3  0   21   0   0   0   1   0   0   3   0   4  55   0   1   7   0   2   2   0   0   4  0.63 0.27
  295 G    0 -5 -4 -5 -6 -5 -5  7 -5 -7 -7 -5 -6 -6 -5 -2 -5 -6 -6 -6    6   0   0   0   0   0   0  93   0   0   0   0   0   0   0   1   0   0   0   0  2.17 0.54
  296 L   -5 -5 -7 -7 -4 -5 -6 -7 -6 -1  7 -3 -1 -1 -6 -6 -4 -5 -4 -2    0   0   0   0   0   0   0   0   0   0  97   1   0   1   0   0   0   0   0   0  1.78 0.51
  297 L   -4 -5 -5 -6  0 -5 -5 -6 -4  2  2 -5  0  7 -3 -4 -4 -3 -1  2    0   0   0   0   2   0   0   0   0   9  20   0   1  47   1   0   0   0   0  18  1.04 0.34
  298 I   -1 -4 -5 -5 -3 -4 -5 -5 -5  4  3 -4 -1  1 -5 -4 -3 -4 -3  4    4   0   0   0   0   0   0   0   0  27  34   0   0   6   0   0   0   0   0  29  0.80 0.28
  299 G   -3 -6 -4 -4 -6 -5 -5  8 -5 -7 -7 -5 -6 -6 -5 -3 -5 -6 -6 -6    0   0   0   0   0   0   0  99   0   0   0   0   0   0   0   0   0   0   0   0  2.39 0.57
  300 K   -4 -1 -3 -4 -6 -2 -2 -5 -4 -6 -6  8 -5 -6 -4 -3 -4 -6 -5 -6    0   0   1   0   0   0   0   0   0   0   0  98   0   0   0   0   0   0   0   0  2.26 0.62
  301 P   -2 -3 -4 -4 -5  6 -2 -5 -4 -4 -2 -3 -3 -4  6 -3 -1 -5 -5 -3    3   0   0   0   0  42   0   0   0   1   4   0   0   1  44   0   4   0   0   1  1.51 0.47
  302 L   -1 -5 -5 -5 -3 -4 -5 -5 -5  4  4 -5  0  0 -5 -4 -2 -4 -3  3    4   0   0   0   0   0   0   0   0  25  46   0   1   2   0   0   2   0   0  20  0.84 0.29
  303 G   -3 -6 -4 -5 -6 -5 -6  8 -5 -7 -7 -5 -6 -7 -6 -4 -5 -6 -7 -7    0   0   0   0   0   0   0 100   0   0   0   0   0   0   0   0   0   0   0   0  2.45 0.59
  304 I   -4 -6 -6 -6 -4 -5 -6 -6 -6  6 -1 -5 -2 -3 -6 -5 -3 -6 -4  5    0   0   0   0   0   0   0   0   0  54   1   0   0   0   0   0   0   0   0  45  1.52 0.45
  305 S   -3 -5 -4 -6 -1 -5 -5 -3 -4  0  1 -5  2  7 -6 -2 -1 -1  0  0    1   0   1   0   1   0   0   2   0   3  12   0   6  60   0   3   5   1   1   5  1.18 0.37
  306 L    0 -4 -3 -4 -3 -4 -4  5 -4 -1  3 -4 -2 -2 -4  1 -1 -4 -4 -1    5   0   0   0   0   0   0  41   0   1  32   0   0   1   0  11   4   0   0   3  0.64 0.27
  307 F    2 -4 -4 -4 -3 -4 -4  0 -4  0  0 -4  1  6 -4  0  0 -3 -1  0   20   0   0   0   0   0   0   8   0   4   8   0   3  40   0   7   5   0   0   6  0.61 0.27
  308 C    2 -4 -3 -3  5 -3 -3 -3 -4  0 -2 -3 -2 -4 -3  4  2 -5 -4  1   14   0   0   0  12   0   0   0   0   4   2   0   1   0   0  40  14   0   0  12  0.65 0.30
  309 W    0 -3 -6 -6 -5 -5 -5 -3 -3 -2  0 -4 -1  4 -6 -4 -4 10  5 -2    7   1   0   0   0   0   0   2   0   2   7   0   2  15   0   1   0  42  18   2  1.70 0.45
  310 L   -1 -4 -5 -5 -3 -4 -5 -4 -5  3  5 -4  0 -1 -3 -3 -2 -4 -2  2    6   0   0   0   0   0   0   1   0  17  60   0   1   1   1   1   1   0   1  10  0.81 0.29
  311 A    5 -4 -4 -4 -1 -3 -3 -1 -4 -2  0 -3  2  0 -3  1  0 -4 -3 -1   56   0   0   0   1   0   0   3   0   1  11   0   6   4   0  11   5   0   0   2  0.66 0.31
  312 L   -2 -4 -4 -3 -3 -3 -2 -5 -4  4  0 -3 -1 -1 -5 -3 -1 -5 -3  5    2   0   0   1   0   1   2   0   0  23   5   1   0   2   0   1   4   0   0  55  0.85 0.32
  313 R   -2  5 -3 -4 -6  0 -2 -3 -2 -5 -3  6 -3 -5 -4 -2 -2 -2 -4 -3    3  31   0   0   0   2   0   1   1   0   2  54   0   0   0   2   1   1   0   1  1.18 0.40
  314 L    0 -4 -4 -5 -1 -4 -4 -4 -4  0  4 -4  2  3 -4  0  1 -2 -2  0    7   0   0   0   1   0   0   0   0   2  52   0   4  13   0   8   8   0   0   3  0.58 0.26
  315 K   -3  2  0 -3 -5 -2 -3  5 -1 -6 -5  4 -4 -4 -4 -2 -1 -5 -5 -5    0  11   3   0   0   0   0  52   2   0   0  27   0   1   0   0   3   0   0   0  1.06 0.36
  316 L   -2 -2 -5 -5 -3 -3 -4 -5 -4  4  4 -2  1  2 -5 -4 -3  5 -1  1    1   2   0   0   0   1   0   0   0  26  38   3   3   7   0   0   0   8   1   8  0.66 0.25
  317 A    5 -4 -4 -4  5 -4 -4  1 -4 -2 -3 -4 -3 -3 -4  0 -2 -5 -4 -1   64   0   0   0  12   0   0   9   0   2   1   0   0   1   0   5   1   0   0   4  0.99 0.37
  318 H    0  2  0  0 -4  2  1 -2  0 -3 -3  3 -2 -4  0  1  0 -4 -3 -2    8  12   3   6   0   8   6   1   2   0   1  27   1   0   4  11   7   0   0   3  0.32 0.17
  319 L   -2  1 -5 -6 -3 -4 -5 -6 -5 -1  5  0  3 -1 -5 -4 -4 -2 -3 -1    2   9   0   0   0   0   0   0   0   1  72   6   7   1   0   0   0   0   0   1  1.01 0.37
  320 P   -3 -6 -2 -4 -6 -5 -5 -4 -6 -6 -6 -5 -6 -7  9 -2 -4 -7 -7 -6    1   0   2   0   0   0   0   1   0   0   0   0   0   0  93   2   0   0   0   0  2.89 0.68
  321 E    1  0  0  1 -3  1  3 -1  1 -3 -3  1 -2 -4  1  1  0 -4 -3 -2   17   5   3   9   0   5  23   3   3   0   2   9   0   0   6   9   4   0   0   2  0.28 0.15
  322 G   -1 -1  2  2 -4  0 -1  5  2 -5 -5  0 -3 -5 -3 -1 -2 -5 -2 -5    3   2  12  12   0   5   4  47   5   0   0   5   0   0   0   3   1   0   1   0  0.73 0.27
  323 T    3 -3 -3 -4  0 -3 -3 -3 -4  2  1 -3  2 -2 -3  1  2 -4 -3  3   26   0   0   0   1   0   0   0   0  10  12   0   7   1   0   9  13   0   0  20  0.38 0.21
  324 T   -1 -1  4 -1 -2 -2 -2  1  0 -4 -5 -1 -4 -5 -3  3  3 -5 -4 -4    4   3  25   2   1   0   0  12   2   0   0   3   0   0   0  25  22   0   0   0  0.63 0.29
  325 Y   -6 -3 -5 -7 -4 -4 -5 -6 -3 -2  0 -2 -1  4 -4 -5 -3 12  0 -4    0   1   1   0   0   1   0   0   0   2   7   2   1  14   1   0   2  64   2   0  2.60 0.62
  326 Q    0  3 -1 -3 -3  0 -2  1 -2 -1  0  2  1 -2  0  0  0 -1 -2 -1    9  18   2   0   0   2   0  10   1   3  12  19   4   1   5   6   6   1   0   3  0.17 0.13
  327 Q   -2 -2 -2  1 -5  6  0 -1  6 -4 -4  0  1 -4 -4 -2 -3 -3 -3 -5    3   0   1   7   0  47   5   5  20   1   1   3   4   0   0   2   1   0   0   0  1.05 0.40
  328 I   -3 -4 -5 -6 -3 -4 -5 -6 -5  5  3 -5  3  1 -5 -4 -3 -4 -2  3    1   0   0   0   0   0   0   0   0  35  31   0   7   6   0   0   0   0   1  19  0.85 0.29
  329 M    0 -4 -5 -5 -2 -4 -5 -4 -1  0  1 -4  1  4 -5 -3 -1  2  7 -1    7   0   0   0   1   0   0   1   1   5  13   0   4  19   0   0   3   3  40   3  0.96 0.34
  330 V    3 -5 -3 -4 -5 -4 -5  6 -5 -5 -2 -4 -5 -5 -3 -1 -4 -5 -5 -4   21   0   0   0   0   0   0  69   0   0   4   0   0   0   1   4   0   0   0   1  1.41 0.43
  331 V    1 -4 -5 -5 -2 -4 -4 -3 -5  3  1 -4  1 -3 -4 -2  1 -5 -3  5   12   0   0   0   1   0   0   1   0  17   8   0   2   0   0   1   7   0   0  51  0.77 0.30
  332 G    4 -4 -3 -4  2 -3 -3  3 -4 -5 -5 -3 -4 -5 -4  4 -1 -5 -5 -4   35   0   0   0   4   0   0  26   0   0   0   0   0   0   0  34   1   0   0   0  0.91 0.36
  333 I   -1 -4 -5 -5  0 -4 -5 -5 -5  3  3 -4  2  2 -5 -3 -2 -2 -2  3    4   0   0   0   2   0   0   0   0  20  36   0   5   7   0   2   1   0   0  23  0.63 0.24
  334 L   -4 -5 -6 -7 -2 -5 -6 -7 -6  1  6 -5  1 -2 -6 -5 -4 -5 -4  0    0   0   0   0   1   0   0   0   0   5  89   0   2   0   0   0   0   0   0   3  1.55 0.46
  335 C    3 -6 -5 -5 10 -5 -5  2 -5 -4 -5 -5 -3 -5 -5 -2  1 -5 -5 -4   21   0   0   0  54   0   0  15   0   0   0   0   0   0   0   1   8   0   0   0  1.78 0.49
  336 G   -2 -6 -4 -5 -6 -5 -6  8 -5 -7 -7 -5 -6 -7 -6 -4 -5 -6 -7 -7    1   0   0   0   0   0   0  99   0   0   0   0   0   0   0   0   0   0   0   0  2.44 0.60
  337 I   -4 -6 -7 -6 -4 -6 -6 -7 -7  8 -1 -6 -2 -2 -6 -6 -4 -6 -4  2    0   0   0   0   0   0   0   0   0  89   0   0   0   1   0   0   0   0   0  11  2.01 0.55
  338 G   -3 -6 -4 -5 -6 -5 -6  8 -5 -7 -7 -5 -6 -7 -6 -3 -5 -6 -7 -7    0   0   0   0   0   0   0  99   0   0   0   0   0   0   0   1   0   0   0   0  2.42 0.60
  339 F   -5 -7 -7 -7 -6 -7 -7 -7 -5 -4 -3 -7 -2  9 -7 -6 -6 -3  0 -4    1   0   0   0   0   0   0   0   0   0   0   0   1  98   0   0   0   0   0   0  2.89 0.68
  340 T   -3 -5 -3 -5 -4 -4 -4 -5 -5 -4 -5 -4 -4 -6 -5 -1  8 -6 -5 -4    0   0   0   0   0   0   0   0   0   0   0   0   0   0   0   2  98   0   0   0  2.30 0.66
  341 M   -5 -5 -6 -7 -5 -4 -6 -7 -5  0 -1 -5 11 -2 -6 -5 -4 -5 -5  0    0   0   0   0   0   0   0   0   0   3   1   0  89   1   0   0   0   0   0   6  2.80 0.72
  342 S   -1 -4 -3 -4 -4 -3 -3 -4 -4 -6 -6 -4 -5 -6 -4  7 -2 -6 -5 -5    3   0   0   0   0   0   0   0   0   0   0   0   0   0   0  97   0   0   0   0  1.98 0.61
  343 I   -4 -5 -6 -6 -4 -5 -6 -6 -5  5  5 -5  2 -2 -5 -5 -3 -4 -4  0    0   0   0   0   0   0   0   0   0  31  62   0   5   1   0   0   0   0   0   1  1.24 0.38
  344 F   -6 -6 -7 -7 -6 -7 -7 -7 -5 -3 -1 -7 -3  9 -7 -6 -6 -2  0 -4    0   0   0   0   0   0   0   0   0   0   5   0   0  95   0   0   0   0   0   0  2.72 0.64
  345 I   -4 -6 -6 -6 -4 -6 -6 -7 -6  7  0 -6 -1 -3 -6 -5 -3 -6 -4  3    0   0   0   0   0   0   0   0   0  79   4   0   0   0   0   0   0   0   0  16  1.69 0.47
  346 A    3 -4 -1  0 -3 -3 -3  4 -4 -4 -4 -3 -4 -5 -3  2  1 -5 -4 -4   31   0   2   6   0   0   0  37   0   0   0   0   0   0   0  15   8   0   0   0  0.76 0.29
  347 S    0 -3  1  0 -3 -1  0  2 -2 -1  1 -2  1 -3 -3  3  1 -4 -3 -1    6   0   9   3   0   1   5  17   0   3  14   0   3   0   0  27   8   0   0   3  0.24 0.16
  348 L   -4 -5 -7 -7 -4 -5 -6 -7 -6  1  6 -6  0 -2 -6 -5 -4 -5 -4 -2    0   0   0   0   0   0   0   0   0   4  95   0   1   0   0   0   0   0   0   0  1.71 0.49
  349 A    7 -4 -4 -4 -3 -4 -4 -2 -4 -4 -4 -4 -4 -5 -4  1 -1 -6 -5 -3   86   0   0   0   0   0   0   1   0   0   0   0   0   0   0  10   3   0   0   0  1.51 0.49
  350 F   -6 -6 -6 -7 -6 -6 -6 -7 -4 -3 -2 -6 -3  9 -7 -6 -5 -2  3 -4    0   0   0   0   0   0   0   0   0   0   2   0   0  89   0   0   0   0   9   0  2.53 0.60
  351 G    1 -2  0  3 -3  0  2  1 -1 -3 -3  0 -2 -3  3  0 -1 -2 -3 -2   10   1   3  16   0   4  16  10   1   1   1   6   1   1  16   6   3   0   0   4  0.32 0.13
  352 S    0 -1  1  2 -2  1  1  3  0 -2 -2 -1 -2 -2  0  0  0 -2 -2 -2    6   2   7  12   1   6   9  24   3   1   3   2   1   2   5   8   4   0   1   3  0.20 0.07
  353 V    1 -1  0  0 -1  0  0  1 -1 -1 -1 -1 -1 -2 -1  2  1 -2 -1  0   16   2   4   4   1   3   5  10   2   4   5   2   1   1   3  19  11   0   2   7  0.11 0.06
  354 D   -1 -2  2  5  0 -1  1  0  2 -3 -3 -2 -3 -2 -1  0 -1 -3 -3 -3    4   1  10  44   2   2   7   6   5   1   2   1   1   2   2   5   3   0   1   2  0.58 0.19
  355 P    2 -2 -1 -1 -3  0  1 -2 -1  0 -2 -1 -1 -3  5  1  0 -2 -2  0   19   1   2   2   0   4  11   2   2   6   4   2   1   1  26   9   4   0   1   5  0.38 0.15
  356 E    1 -1  0  1 -2  1  2 -1  1 -1  0 -1  0 -1  0  1  0 -3 -1  0   16   1   4   6   0   7  16   3   4   3   8   2   2   2   4   9   4   0   1   9  0.09 0.07
  357 L   -1 -3 -3 -3 -3 -2 -2 -4  0  1  3 -3  2  3 -4 -2 -1 -2  3  0    4   0   1   1   0   2   2   0   3   8  39   1   4  13   0   2   3   0  13   4  0.42 0.19
  358 I    0 -2 -1 -1 -3  2 -1 -2 -2  3  2 -2  1 -1 -3 -1  0 -3 -1  1    6   1   3   4   0  14   3   3   1  19  20   1   3   1   0   3   6   0   2  10  0.16 0.12
  359 N    0 -2  3  4 -3 -2  0  0 -1 -2 -3 -2 -3 -1 -1  0  2 -4  1 -1    9   1  15  23   0   0   6   5   1   2   1   0   0   2   2   7  13   0   5   5  0.29 0.16
  360 W    1 -1  0  0 -1  1  2 -2  0 -2 -1 -1  1 -1 -1  0 -1  2  1 -1   17   2   3   4   1   8  20   2   1   1   7   1   5   2   3   8   2   3   7   2  0.15 0.12
  361 A    4 -3 -3  1 -3 -3 -1 -3 -4  0 -2 -3  0 -4 -3  2  0 -5 -4  3   42   0   0   8   0   0   3   0   0   3   1   0   2   0   0  13   4   0   0  22  0.52 0.26
  362 K   -4  5 -1 -4 -6 -1 -2 -5 -4 -6 -6  7 -4 -6 -4 -3 -4 -6 -5 -5    0  25   2   0   0   0   0   0   0   0   0  72   0   0   0   0   0   0   0   0  1.75 0.52
  363 L   -1 -4 -5 -5 -3 -4 -5 -4 -5  4  4 -4  3  2 -5 -4 -2 -4 -2  1    5   0   0   0   0   0   0   1   0  23  48   0   6   7   0   0   1   0   1   8  0.75 0.27
  364 G    2 -5 -3 -4 -2 -4 -4  6 -5 -4 -6 -4 -3 -6 -5  0 -3 -5 -5 -4   19   0   0   0   1   0   0  71   0   1   0   0   0   0   0   7   0   0   0   1  1.45 0.43
  365 I   -4 -6 -6 -6 -4 -6 -6 -7 -6  7 -1 -5 -2 -3 -6 -5 -3 -6 -4  5    0   0   0   0   0   0   0   0   0  57   0   0   0   0   0   0   1   0   0  42  1.56 0.46
  366 L   -4 -5 -6 -6 -4 -5 -6 -6 -5  2  6 -5  1  2 -6 -5 -4 -4 -3  0    0   0   0   0   0   0   0   0   0  11  75   0   2   9   0   0   0   0   0   3  1.26 0.39
  367 V    1 -4 -3 -4  2 -3 -4 -1 -4  3  2 -3  2 -1 -4  0  1 -4 -3  1   13   0   0   0   4   0   0   5   0  22  23   0   6   2   0   6  10   0   0   8  0.31 0.17
  368 G    3 -5 -3 -4 -5 -4 -5  6 -5 -6 -6 -4 -5 -6 -5 -1 -2 -5 -6 -5   23   0   0   0   0   0   0  72   0   0   0   0   0   0   0   4   2   0   0   0  1.57 0.45
  369 S   -2 -4 -3 -4 -4 -4 -4 -4 -4 -6 -6 -4 -5 -6 -4  7 -1 -6 -5 -5    0   0   0   0   0   0   0   0   0   0   0   0   0   0   0  98   1   0   0   0  2.06 0.64
  370 I   -1 -4 -4 -5 -1 -4 -4 -1 -4  2  4 -4  0  2 -4 -2  1  0 -2  2    5   0   0   0   1   0   0   4   0  15  41   0   1   8   0   2   9   1   0  13  0.45 0.20
  371 S   -1 -4 -5 -5  0 -4 -4 -5 -5  3  4 -4  1  1 -4 -2  0 -4 -3  2    6   0   0   0   2   0   0   0   0  21  44   0   2   4   0   1   6   0   0  14  0.61 0.24
  372 S    4 -4 -3 -4  0 -3 -3 -3 -4 -5 -5 -3 -4 -5 -4  6 -2 -6 -5 -4   37   0   0   0   1   0   0   0   0   0   0   0   0   0   0  61   0   0   0   0  1.30 0.47
  373 A    5 -4 -4 -4 -4 -4 -4  4 -4 -4 -5 -4 -3 -4 -4 -1 -2 -5 -5 -3   62   0   0   0   0   0   0  33   0   0   0   0   1   0   0   2   1   0   0   1  1.20 0.41
  374 V   -1 -4 -5 -5 -1 -4 -5 -4 -5  4  3 -4  0  0 -4 -3 -1 -4 -3  4    5   0   0   0   1   0   0   0   0  27  26   0   1   4   0   1   4   0   0  32  0.67 0.25
  375 I    1 -4 -4 -4  2 -3 -4 -3 -4  3  3 -3  1  1 -4 -2  0 -1 -1  2   16   0   0   0   4   0   0   1   0  20  28   0   2   5   0   1   6   1   2  14  0.38 0.18
  376 G    0 -5 -4 -5 -6 -5 -5  7 -5 -7 -7 -5 -6 -6 -5 -3 -5 -6 -6 -6    6   0   0   0   0   0   0  94   0   0   0   0   0   0   0   0   0   0   0   0  2.18 0.54
  377 Y    1 -4 -4 -5 -2 -4 -4 -4 -2 -2  0 -4 -1  3 -5 -1 -1  4  7  0   14   0   0   0   1   0   0   1   0   1   8   0   1  13   0   4   4   4  44   5  0.94 0.33
  378 S    1 -3 -3 -4 -1 -3 -3 -1 -4  2  2 -3  1  2 -3 -1  0  0 -1  2   15   1   0   0   1   0   0   5   0  16  22   0   2   9   0   4   5   1   1  17  0.26 0.14
  379 W   -2 -4 -5 -5 -3 -4 -5 -5 -4  2  3 -4  2  0 -5 -3 -2  6  2  4    2   0   0   0   0   0   0   0   0  13  27   0   4   4   0   1   1  11   6  32  0.73 0.26
  380 L   -4 -5 -6 -6 -4 -5 -6 -3 -6 -1  6 -5  0  0 -6 -5 -2 -4 -3 -2    0   0   0   0   0   0   0   3   0   1  90   0   1   3   0   0   1   0   0   0  1.47 0.45
  381 R   -1  5  0 -3 -4 -1 -2 -2 -1 -2 -1  4 -1 -2 -4  0 -1  1 -1 -2    5  38   3   0   0   1   0   3   1   2   5  24   1   1   0   7   2   2   2   2  0.56 0.25
  382 V    0  1 -2 -3 -1 -1 -3 -2 -2  1  2  0  2  3 -3 -1 -1  1  1  1    8   9   1   0   1   1   0   1   0  10  19   7   6  15   0   4   3   2   5   8  0.16 0.11
  383 R    2  1 -2 -2 -1 -1 -2 -1 -2  0 -1 -1 -1  0 -2  2  2 -3 -1  1   23  10   0   0   1   1   0   3   0   3   3   3   0   4   0  19  12   0   2  14  0.20 0.15
  384 L    0 -1 -1 -2 -2 -2 -2  1 -1  0  2 -1  0  0  0  1  2 -3 -1 -1    7   3   3   1   0   1   0  11   1   3  29   4   0   3   3  11  14   0   2   2  0.11 0.10
  385 R   -1  5  1 -3 -5  0 -2 -3 -1 -5 -4  4 -3 -3  2  0 -1 -5 -4 -4    5  36   5   0   0   2   0   0   1   0   0  29   0   1  12   5   4   0   0   0  0.75 0.27
  386 P   -2  4 -1 -2 -5  0  0 -2 -3 -4 -4  5 -3 -5  4 -2 -1 -5 -4 -3    2  22   1   1   0   1   3   2   0   0   1  46   0   0  18   0   3   0   0   1  0.85 0.27
  387 S    1 -1  3  0 -3  1  1 -2 -2 -3 -4  3 -3 -4 -1  3  1 -4 -3 -2   13   0  15   3   0   5   8   0   0   0   0  20   0   0   2  24   9   0   0   1  0.37 0.16
  388 V   -1 -3 -3 -3 -2 -3 -3 -4 -4  3  1 -3  0 -2 -3 -1  3 -4 -2  4    0   0   0   0   0   0   0   0   0  14   9   0   0   0   0   0  30   0   0  47  0.50 0.14

                      K         Lambda
Standard Ungapped    0.1431     0.3285
Standard Gapped      0.0603     0.2670
PSI Ungapped         0.1972     0.3162
PSI Gapped           0.0603     0.2670
