
Last position-specific scoring matrix computed, weighted observed percentages rounded down, information per position, and relative weight of gapless real matches to pseudocounts
           A  R  N  D  C  Q  E  G  H  I  L  K  M  F  P  S  T  W  Y  V   A   R   N   D   C   Q   E   G   H   I   L   K   M   F   P   S   T   W   Y   V
    1 M   -1 -2 -2 -4 -2 -1 -2 -3 -2  1  2 -2  6  0 -3 -2 -1 -2 -1  1    0   0   0   0   0   0   0   0   0   0   0   0 100   0   0   0   0   0   0   0  0.36 0.01
    2 T    1 -1  0 -1 -1  0 -1 -1 -2 -1 -2 -1 -1 -3 -1  3  4 -3 -2 -1    0   0   0   0   0   0   0   0   0   0   0   0   0   0   0  42  58   0   0   0  0.39 0.00
    3 L   -2 -2 -3 -4 -2 -2 -3 -4 -2  1  3 -3  4  4 -3 -2 -1 -1  1  0    0   0   0   0   0   0   0   0   0   0  40   0  31  29   0   0   0   0   0   0  0.34 0.01
    4 L   -2 -3 -4 -4 -2 -3 -3 -4 -3  1  4 -3  2  4 -4 -3 -2 -1  1  0    0   0   0   0   0   0   0   0   0   0  69   0   0  31   0   0   0   0   0   0  0.41 0.01
    5 S    0 -1  3  0 -2  0  0 -1 -1 -2 -3  0 -2 -3 -1  3  3 -3 -2 -2    0   0  29   0   0   0   0   0   0   0   0   0   0   0   0  40  31   0   0   0  0.37 0.01
    6 F   -3 -3 -4 -4 -3 -4 -4 -4 -1  0  0 -4  0  7 -4 -3 -2  1  3 -1    0   0   0   0   0   0   0   0   0   0   0   0   0 100   0   0   0   0   0   0  0.79 0.02
    7 G    3 -2 -1 -2 -1 -1 -2  4 -2 -2 -3 -1 -2 -3 -1  1 -1 -3 -3 -1   60   0   0   0   0   0   0  40   0   0   0   0   0   0   0   0   0   0   0   0  0.47 0.01
    8 F   -3 -3 -4 -4 -3 -4 -4 -4 -1  0  0 -4  0  7 -4 -3 -2  1  3 -1    0   0   0   0   0   0   0   0   0   0   0   0   0 100   0   0   0   0   0   0  0.79 0.02
    9 S    1 -1  1  0 -1  0  0  0 -1 -3 -3  0 -2 -3 -1  5  2 -3 -2 -2    0   0   0   0   0   0   0   0   0   0   0   0   0   0   0 100   0   0   0   0  0.48 0.01
   10 P   -1 -2 -2 -2 -3 -2 -1 -3 -3 -3 -3 -1 -3 -4  8 -1 -1 -4 -3 -3    0   0   0   0   0   0   0   0   0   0   0   0   0   0 100   0   0   0   0   0  2.07 0.02
   11 V   -1 -3 -3 -4 -1 -3 -3 -4 -3  3  2 -3  1  0 -3 -2  0 -3 -1  4    0   0   0   0   0   0   0   0   0   0  31   0   0   0   0   0   0   0   0  69  0.32 0.01
   12 F   -3 -3 -4 -4 -3 -4 -4 -4 -1  0  0 -4  0  7 -4 -3 -2  1  3 -1    0   0   0   0   0   0   0   0   0   0   0   0   0 100   0   0   0   0   0   0  0.79 0.02
   13 F   -3 -3 -4 -4 -3 -4 -4 -4 -1  0  0 -4  0  7 -4 -3 -2  1  3 -1    0   0   0   0   0   0   0   0   0   0   0   0   0 100   0   0   0   0   0   0  0.79 0.02
   14 S    3 -1  0 -1 -1  0  0  0 -1 -2 -2  0 -2 -3 -1  4  1 -3 -2 -1   31   0   0   0   0   0   0   0   0   0   0   0   0   0   0  69   0   0   0   0  0.38 0.01
   15 V   -1 -3 -4 -4 -1 -3 -3 -4 -4  4  1 -3  1 -1 -3 -2 -1 -3 -2  4    0   0   0   0   0   0   0   0   0  60   0   0   0   0   0   0   0   0   0  40  0.37 0.01
   16 M   -1 -2 -3 -4 -2 -1 -2 -3 -2  1  2 -2  7  0 -3 -2 -1 -2 -1  1    0   0   0   0   0   0   0   0   0   0   0   0 100   0   0   0   0   0   0   0  0.41 0.02
   17 A    5 -2 -2 -2 -1 -1 -1  0 -2 -2 -2 -1 -1 -3 -1  1  0 -3 -2  0  100   0   0   0   0   0   0   0   0   0   0   0   0   0   0   0   0   0   0   0  0.43 0.01
   18 F   -1 -2 -2 -2 -2 -1 -2 -2  0 -1  0 -2  0  5 -2 -1 -1  1  5 -1    2   2   1   2   1   1   2   2   1   2   3   2   1  42   2   2   2   0  30   2  0.34 0.00
   19 C   -1 -4 -3 -4  9 -3 -4 -3 -3 -1 -1 -4 -1  3 -4 -1 -1 -1  0 -1    0   0   0   0  71   0   0   0   0   0   0   0   0  29   0   0   0   0   0   0  0.85 0.02
   20 I   -2 -3 -4 -4 -1 -3 -4 -4 -4  5  2 -3  1  0 -3 -3 -1 -3 -2  3    0   0   0   0   0   0   0   0   0 100   0   0   0   0   0   0   0   0   0   0  0.42 0.01
   21 I   -1 -3 -4 -4 -1 -3 -3 -4 -4  4  1 -3  1  0 -3 -2 -1 -3 -2  3    0   0   0   0   0   0   0   0   0  71   0   0   0   0   0   0   0   0   0  29  0.38 0.01
   22 S    0 -1  0 -1 -1  0 -1 -1 -1 -2 -2 -1 -1 -1 -1  2  0  8  0 -2    2   2   1   2   1   1   2   2   1   2   3   2   1   1   2  43   2  29   1   2  0.47 0.01
   23 R   -1  5  0 -1 -2  1  0 -2  0 -2 -2  2 -1 -2 -1 -1 -1 -2 -1 -2    2  71   1   2   1   1   2   2   1   2   3   2   1   1   2   2   2   0   1   2  0.42 0.01
   24 S    0  0  3  0 -1  0  0  0  0 -2 -2  0 -1 -2 -1  3  1 -2 -1 -2    2   2  30   2   1   1   2   2   1   2   3   2   1   1   2  43   2   0   1   2  0.24 0.00
   25 K   -1  2  0 -1 -2  1  1 -1 -1 -2 -2  4 -1 -2 -1  0  0 -2 -1 -2    2   2   1   2   1   1   2   2   1   2   3  71   1   1   2   2   2   0   1   2  0.29 0.01
   26 F   -1 -2 -2 -2 -2 -2 -2 -2  0 -1  0 -2  0  5 -2 -1 -1  1  5 -1    2   1   1   2   1   1   2   2   1   1   3   2   1  41   1   2   2   0  32   2  0.37 0.00
   27 Y   -2  3 -2 -3 -3 -1 -2 -3  0  0  2  0  0  1 -3 -2 -2  0  5 -1    0  29   0   0   0   0   0   0   0   0  31   0   0   0   0   0   0   0  40   0  0.31 0.01
   28 P   -2 -2  3 -1 -3 -1 -1 -2  0 -3 -3 -1 -2  0  6 -1 -1 -1  4 -2    0   0  29   0   0   0   0   0   0   0   0   0   0   0  40   0   0   0  31   0  0.71 0.01
   29 Q   -1  1  0  0 -4  4  3 -2  0 -3 -3  3 -1 -4 -1  0 -1 -3 -2 -3    0   0   0   0   0  40  29   0   0   0   0  31   0   0   0   0   0   0   0   0  0.50 0.01
   30 R   -2  4  3 -1 -3  0 -1 -2  0 -2 -2  1 -1  3 -3 -1 -1 -2  0 -2    0  40  31   0   0   0   0   0   0   0   0   0   0  29   0   0   0   0   0   0  0.31 0.01
   31 T    0 -2 -1 -2 -1 -2 -2  3 -2  0 -1 -2 -1 -2 -2  0  3 -3 -2  2    0   0   0   0   0   0   0  31   0   0   0   0   0   0   0   0  40   0   0  29  0.25 0.01
   32 R   -1  4 -1 -2  6  0  0 -2 -1 -3 -2  3 -2 -3 -2 -1 -1 -3 -2 -2    0  40   0   0  29   0   0   0   0   0   0  31   0   0   0   0   0   0   0   0  0.47 0.01
   33 N   -2 -1  7  1 -3  0  0 -1  1 -4 -4  0 -3 -4 -2  1  0 -4 -2 -3    0   0 100   0   0   0   0   0   0   0   0   0   0   0   0   0   0   0   0   0  0.77 0.02
   34 K   -1  4  3  0 -3  1  0 -2  0 -3 -3  3 -2 -3 -2  0 -1 -4 -2 -3    0  29  31   0   0   0   0   0   0   0   0  40   0   0   0   0   0   0   0   0  0.44 0.01
   35 V    0 -2 -2 -2 -1 -2 -2 -2 -2  2  2 -2  1 -1 -2  1  0 -3 -2  2    0   0   0   0   0   0   0   0   0   0  29   0   0   0   0  31   0   0   0  40  0.16 0.01
   36 I   -2 -3 -4 -4 -1 -3 -4 -4 -4  4  3 -3  2  0 -3 -3 -1 -3 -1  2    0   0   0   0   0   0   0   0   0  71  29   0   0   0   0   0   0   0   0   0  0.38 0.01
   37 V    0 -1  0 -2 -2 -1 -1 -2  5  1 -1 -1 -1 -2 -2  2  0 -3  0  2    0   0   0   0   0   0   0   0  31   0   0   0   0   0   0  29   0   0   0  40  0.19 0.01
   38 L   -2 -3 -4 -4 -1 -3 -3 -4 -3  3  4 -3  2  0 -3 -3 -1 -2 -1  2    0   0   0   0   0   0   0   0   0  29  71   0   0   0   0   0   0   0   0   0  0.40 0.01
   39 I    2 -3 -3 -3 -1 -2 -3 -2 -3  4  1 -2  1 -1 -2 -1 -1 -3 -2  2   31   0   0   0   0   0   0   0   0  69   0   0   0   0   0   0   0   0   0   0  0.22 0.01
   40 L    2 -2 -3 -3 -1 -2 -2 -2 -3  2  3 -2  1  0 -2 -1 -1 -2 -2  1   31   0   0   0   0   0   0   0   0  29  40   0   0   0   0   0   0   0   0   0  0.20 0.00
   41 L   -2 -3 -4 -4 -1 -3 -4 -4 -4  4  3 -3  2  0 -3 -3 -1 -3 -1  2    0   0   0   0   0   0   0   0   0  60  40   0   0   0   0   0   0   0   0   0  0.37 0.01
   42 T    1 -1  0 -1 -1  0 -1 -1 -1 -2 -2  0 -1 -3 -1  4  4 -3 -2 -1    0   0   0   0   0   0   0   0   0   0   0   0   0   0   0  60  40   0   0   0  0.40 0.01
   43 F   -3 -3 -4 -4 -3 -4 -4 -4 -1  0  0 -4  0  7 -4 -3 -2  1  3 -1    0   0   0   0   0   0   0   0   0   0   0   0   0 100   0   0   0   0   0   0  0.79 0.02
   44 F   -2 -3 -4 -4 -2 -3 -3 -4 -2  1  3 -3  1  5 -4 -3 -2  0  2  0    0   0   0   0   0   0   0   0   0   0  49   0   0  51   0   0   0   0   0   0  0.45 0.01
   45 I   -1 -3 -2 -3 -2 -2 -3 -3 -3  3  1 -2  0  3 -3 -1  2 -2  0  2    0   0   0   0   0   0   0   0   0  49   0   0   0  21   0   0  31   0   0   0  0.21 0.01
   46 C    0 -3 -2 -3  8 -3 -3  3 -3  0 -1 -3 -1 -3 -3 -1 -1 -3 -3  1    0   0   0   0  49   0   0  31   0   0   0   0   0   0   0   0   0   0   0  21  0.55 0.01
   47 F   -3 -3 -4 -4 -3 -4 -4 -4 -1  0  0 -4  0  7 -4 -3 -2  1  3 -1    0   0   0   0   0   0   0   0   0   0   0   0   0 100   0   0   0   0   0   0  0.79 0.02
   48 L   -2 -3 -4 -4 -1 -3 -3 -4 -3  3  4 -3  2  0 -3 -3 -1 -2 -1  2    0   0   0   0   0   0   0   0   0  33  67   0   0   0   0   0   0   0   0   0  0.40 0.01
   49 Y   -2 -2 -2 -4 -3 -2 -2 -4  2 -2 -1 -2 -1  3 -3 -2 -2  2  8 -1    0   0   0   0   0   0   0   0   0   0   0   0   0   0   0   0   0   0 100   0  0.92 0.02
   50 P   -1 -2 -2 -2 -3 -2 -1 -3 -3 -3 -3 -1 -3 -4  8 -1 -1 -4 -3 -3    0   0   0   0   0   0   0   0   0   0   0   0   0   0 100   0   0   0   0   0  2.07 0.02
   51 L   -2 -3 -4 -4 -2 -3 -3 -4 -3  3  2 -3  1  0 -4 -3 -2  8  0  1    0   0   0   0   0   0   0   0   0  35  32   0   0   0   0   0   0  33   0   0  0.66 0.01
   52 T    0 -1 -1 -2 -1 -1 -1 -2 -2  0  2 -1  0 -1 -2  2  3 -3 -2  0    0   0   0   0   0   0   0   0   0   0  33   0   0   0   0  35  32   0   0   0  0.20 0.01
   53 K   -1  4  4  0 -3  1  0 -2  0 -3 -3  3 -2 -3 -2  0 -1 -4 -2 -3    0  35  33   0   0   0   0   0   0   0   0  32   0   0   0   0   0   0   0   0  0.45 0.01
   54 V    0 -2 -1 -2 -1 -1 -2 -2  0  0 -1 -1 -1  1 -2  2  0  0  4  2    0   0   0   0   0   0   0   0   0   0   0   0   0   0   0  35   0   0  33  32  0.20 0.01
   55 Y   -2  0 -2 -3 -2  0 -1 -3  0  0  2  2  0  1 -2 -2 -1  0  4 -1    0   0   0   0   0   0   0   0   0   0  35  33   0   0   0   0   0   0  32   0  0.21 0.01
   56 L   -1 -3 -4 -4 -1 -3 -3 -4 -3  3  3 -3  1  0 -3 -2 -1 -3 -1  3    0   0   0   0   0   0   0   0   0  33  32   0   0   0   0   0   0   0   0  35  0.33 0.00
   57 V   -1 -1  4  1 -2  0  3 -2 -1  0 -1  0 -1 -3 -2  0  0 -4 -2  1    0   0  35   0   0   0  33   0   0   0   0   0   0   0   0   0   0   0   0  32  0.23 0.01
   58 G   -1 -2  4 -1 -2 -1 -2  3 -1  0 -2 -1 -1 -2 -2  0 -1 -3 -2  1    0   0  35   0   0   0   0  32   0   0   0   0   0   0   0   0   0   0   0  33  0.26 0.01
   59 S    1  1  0 -1 -2  0  0 -1 -1 -3 -3  3 -2 -3 -1  4  1 -3 -2 -2    0   0   0   0   0   0   0   0   0   0   0  33   0   0   0  67   0   0   0   0  0.36 0.01
   60 Y   -2 -1  4 -1 -3 -1 -2 -2  1 -2 -2 -1 -2  2 -3 -1 -1  1  6 -2    0   0  35   0   0   0   0   0   0   0   0   0   0   0   0   0   0   0  65   0  0.55 0.01
   61 G   -1 -2  0  4 -3 -1  0  3  0 -3 -3 -2 -2  0 -2 -1 -2  0  4 -3    0   0   0  35   0   0   0  32   0   0   0   0   0   0   0   0   0   0  33   0  0.41 0.01
   62 I   -1 -3 -3 -4 -2 -2 -3 -4 -3  4  2 -2  4  0 -3 -2 -1 -2 -1  2    0   0   0   0   0   0   0   0   0  65   0   0  35   0   0   0   0   0   0   0  0.33 0.01
   63 F   -2 -3 -1  3 -3 -2 -1 -3 -1 -1 -1 -2 -1  6 -3 -2 -2  0  2 -2    0   0   0  35   0   0   0   0   0   0   0   0   0  65   0   0   0   0   0   0  0.45 0.01
   64 D   -1 -1  0  4 -4  1  5 -2 -1 -4 -4  0 -3 -4 -1  0 -1 -4 -3 -3    0   0   0  32   0   0  68   0   0   0   0   0   0   0   0   0   0   0   0   0  0.69 0.01
   65 K   -1  1 -1 -1 -3  3  0 -3 -1  2  0  3  0 -2 -2 -1 -1 -3 -2  0    0   0   0   0   0  33   0   0   0  35   0  32   0   0   0   0   0   0   0   0  0.20 0.01
   66 F   -3 -3 -4 -4 -3 -4 -4 -4 -1  0  0 -4  0  7 -4 -3 -2  1  3 -1    0   0   0   0   0   0   0   0   0   0   0   0   0 100   0   0   0   0   0   0  0.79 0.02
   67 Y   -2 -2 -3 -4 -3 -2 -3 -4  1 -1 -1 -3 -1  5 -4 -2 -2  2  7 -1    0   0   0   0   0   0   0   0   0   0   0   0   0  35   0   0   0   0  65   0  0.75 0.01
   68 L   -2 -3 -4 -4 -1 -3 -3 -4 -3  3  4 -3  2  0 -3 -3 -1 -2 -1  2    0   0   0   0   0   0   0   0   0  35  65   0   0   0   0   0   0   0   0   0  0.39 0.01
   69 F   -2  0 -2 -3 -3 -1 -1 -3 -1 -1  0  2 -1  6 -3 -2 -2  0  2 -2    0   0   0   0   0   0   0   0   0   0   0  35   0  65   0   0   0   0   0   0  0.37 0.01
   70 C    0 -3 -1 -2  9 -2 -2 -2 -2 -2 -2 -2 -2 -3 -2  2  0 -3 -3 -1    0   0   0   0  65   0   0   0   0   0   0   0   0   0   0  35   0   0   0   0  0.74 0.01
   71 F   -2 -3 -4 -4 -2 -3 -4 -4 -2  1  2 -3  1  6 -4 -3 -2  0  2  0    0   0   0   0   0   0   0   0   0   0  35   0   0  65   0   0   0   0   0   0  0.51 0.01
   72 I   -2 -3 -4 -4 -1 -3 -3 -4 -3  3  4 -3  2  0 -3 -3 -1 -2 -1  2    0   0   0   0   0   0   0   0   0  32  68   0   0   0   0   0   0   0   0   0  0.40 0.01
   73 S    1 -1  0 -1 -1 -1 -1 -1 -2  0 -1 -1 -1 -2 -1  3  1 -3 -2  2    0   0   0   0   0   0   0   0   0   0   0   0   0   0   0  65   0   0   0  35  0.22 0.01
   74 T    1 -1  0 -1 -1  0  0 -1 -1 -2 -2  0 -1 -3 -1  4  3 -3 -2 -1    0   0   0   0   0   0   0   0   0   0   0   0   0   0   0  68  32   0   0   0  0.41 0.01
   75 L   -2 -3 -4 -4 -2 -2 -3 -4 -3  2  4 -3  2  0 -3 -3 -1 -2 -1  1    0   0   0   0   0   0   0   0   0   0 100   0   0   0   0   0   0   0   0   0  0.48 0.01
   76 I   -1 -2 -2 -3 -1 -2 -2 -3 -3  3  1 -2  0 -1 -2  0  3 -3 -2  3    0   0   0   0   0   0   0   0   0  32   0   0   0   0   0   0  35   0   0  33  0.24 0.01
   77 A    5 -2 -2 -2 -1 -1 -1  0 -2 -2 -2 -1 -1 -3 -1  1  0 -3 -2  0  100   0   0   0   0   0   0   0   0   0   0   0   0   0   0   0   0   0   0   0  0.43 0.01
   78 I   -1 -3 -4 -4 -1 -3 -3 -4 -3  3  3 -3  2  0 -3 -2 -1 -3 -1  3    0   0   0   0   0   0   0   0   0  32  35   0   0   0   0   0   0   0   0  33  0.33 0.00
   79 A    2 -2 -3 -3 -1 -2 -2 -2 -3  2  0 -2  0 -1 -2 -1  0 -3 -2  4   32   0   0   0   0   0   0   0   0   0   0   0   0   0   0   0   0   0   0  68  0.23 0.01
   80 I   -2 -3 -4 -4 -1 -3 -4 -4 -4  5  2 -3  1  0 -3 -3 -1 -3 -2  3    0   0   0   0   0   0   0   0   0 100   0   0   0   0   0   0   0   0   0   0  0.42 0.01
   81 N   -2 -1  7  1 -3  0  0 -1  1 -4 -4  0 -3 -4 -2  1  0 -4 -2 -3    0   0 100   0   0   0   0   0   0   0   0   0   0   0   0   0   0   0   0   0  0.77 0.02
   82 V   -1 -2 -2 -3 -1 -2 -2 -3 -3  2  2 -2  1 -1 -2  0  3 -3 -2  2    0   0   0   0   0   0   0   0   0   0  33   0   0   0   0   0  35   0   0  32  0.22 0.01
   83 V   -1 -3 -3 -4 -1 -3 -3 -4 -4  4  1 -3  1 -1 -3 -2  0 -3 -1  4    0   0   0   0   0   0   0   0   0  33   0   0   0   0   0   0   0   0   0  67  0.36 0.01
   84 I   -1 -3 -4 -4 -1 -3 -3 -4 -4  4  1 -3  1  0 -3 -2 -1 -3 -2  3    0   0   0   0   0   0   0   0   0  67   0   0   0   0   0   0   0   0   0  33  0.37 0.01
   85 L   -2 -3 -4 -4 -2 -3 -3 -4 -2  1  3 -3  1  5 -4 -3 -2  0  2  0    0   0   0   0   0   0   0   0   0   0  50   0   0  50   0   0   0   0   0   0  0.43 0.00
   86 T    0 -1  0 -1 -1 -1 -1 -2 -2 -1 -1 -1 -1 -2 -1  2  5 -3 -2  0    0   0   0   0   0   0   0   0   0   0   0   0   0   0   0   0 100   0   0   0  0.48 0.00
   87 I   -2 -3 -4 -4 -1 -3 -4 -4 -4  5  2 -3  1  0 -3 -3 -1 -3 -2  3    0   0   0   0   0   0   0   0   0 100   0   0   0   0   0   0   0   0   0   0  0.39 0.00
   88 N   -2  0  6  1 -3  0  0  0  1 -3 -4  0 -2 -3 -2  1  0 -4 -2 -3    0   0   0   0   0   0   0   0   0   0   0   0   0   0   0   0   0   0   0   0  0.00     0.00
   89 G    0 -2  0 -1 -3 -2 -2  6 -2 -4 -4 -2 -3 -3 -2  0 -2 -3 -3 -3    0   0   0   0   0   0   0   0   0   0   0   0   0   0   0   0   0   0   0   0  0.00     0.00
   90 A    4 -1 -2 -2  0 -1 -1  0 -2 -1 -2 -1 -1 -2 -1  1  0 -3 -2  0    0   0   0   0   0   0   0   0   0   0   0   0   0   0   0   0   0   0   0   0  0.00     0.00
   91 K   -1  2  0 -1 -3  1  1 -2 -1 -3 -3  5 -1 -3 -1  0 -1 -3 -2 -2    0   0   0   0   0   0   0   0   0   0   0   0   0   0   0   0   0   0   0   0  0.00     0.00
   92 N   -2  0  6  1 -3  0  0  0  1 -3 -4  0 -2 -3 -2  1  0 -4 -2 -3    0   0   0   0   0   0   0   0   0   0   0   0   0   0   0   0   0   0   0   0  0.00     0.00
   93 E   -1  0  0  2 -4  2  5 -2  0 -3 -3  1 -2 -3 -1  0 -1 -3 -2 -3    0   0   0   0   0   0   0   0   0   0   0   0   0   0   0   0   0   0   0   0  0.00     0.00
   94 R   -1  6  0 -2 -4  1  0 -2  0 -3 -2  2 -1 -3 -2 -1 -1 -3 -2 -3    0   0   0   0   0   0   0   0   0   0   0   0   0   0   0   0   0   0   0   0  0.00     0.00
   95 N   -2  0  6  1 -3  0  0  0  1 -3 -4  0 -2 -3 -2  1  0 -4 -2 -3    0   0   0   0   0   0   0   0   0   0   0   0   0   0   0   0   0   0   0   0  0.00     0.00

                      K         Lambda
Standard Ungapped    0.1506     0.3388
Standard Gapped      0.0410     0.2670
PSI Ungapped         0.1506     0.3388
PSI Gapped           0.0410     0.2670
