
Last position-specific scoring matrix computed, weighted observed percentages rounded down, information per position, and relative weight of gapless real matches to pseudocounts
           A  R  N  D  C  Q  E  G  H  I  L  K  M  F  P  S  T  W  Y  V   A   R   N   D   C   Q   E   G   H   I   L   K   M   F   P   S   T   W   Y   V
    1 M   -3 -4 -5 -6 -4 -3 -4 -5 -4 -1  1 -4 10 -2 -5 -4 -3 -4 -3  0    0   0   0   0   0   0   0   0   0   0   4   0  92   0   0   0   0   0   0   4  2.09 0.51
    2 K   -2  4  1  0 -4  0 -1 -3 -2 -1 -2  5 -1 -4 -3 -1  0 -2 -3 -2    1  24   5   4   0   2   0   0   0   5   1  46   1   0   0   3   6   1   0   1  0.57 0.22
    3 F   -1 -1 -2 -2 -1 -1 -1 -3  0  1  1  1  1  2 -2  0  0  2  2  0    5   3   0   1   1   1   2   0   2   9  21  13   4  13   1   7   5   4   7   2  0.11 0.08
    4 Q    1  3 -1 -2 -2  1 -1 -2 -2  0 -1  1  1  0 -1  1  1  0 -2 -1   15  24   1   0   0   5   1   1   0   9   5   7   6   4   2   9   8   2   0   2  0.15 0.11
    5 V    0 -1 -3 -3  0 -2 -2 -3 -3  2  2 -1  2  2 -3 -1  0 -2  0  1    8   4   0   0   2   0   2   0   0  19  22   4   5  11   0   1   7   0   2  12  0.18 0.10
    6 K    1 -1 -2 -3 -1 -1 -2 -1 -2  1  1  0  1  0 -1  0  0 -3 -1  1   20   4   0   0   1   1   0   4   1   7  17   6   4   6   3   6   5   0   1  15  0.08 0.07
    7 A    3 -2 -2 -3 -2 -2 -2 -1 -2  0  0 -1  0  0 -1  1  1  0 -2  0   42   1   0   0   0   1   1   1   1   6  11   2   2   4   1  12   9   1   0   5  0.25 0.15
    8 L    0 -3 -3 -3  0 -2 -2 -1 -3  2  3 -3  2  0 -2 -1  1 -3 -2  1   11   0   0   0   1   0   1   5   0  16  34   0   6   4   1   4   8   0   0   8  0.23 0.12
    9 A    3 -3 -2 -3  0 -1 -2 -1 -3  2  1 -2  1 -1 -1  0  1 -3 -2  1   34   0   0   0   2   2   0   4   0  13  12   0   3   2   2   7  10   0   0   8  0.21 0.13
   10 A    3 -3 -2 -3  0 -1 -2  1 -3 -1  1 -2  1  0 -2  1  0 -3 -2  1   41   0   0   0   2   2   0   9   0   1  14   0   3   4   1  10   2   0   0  11  0.27 0.16
   11 I    1 -2 -3 -3 -1 -2 -3  0 -3  2  2 -2  2  0 -2 -1  1 -3 -2  1   20   1   0   0   1   0   0   7   0  15  22   0   9   4   1   3   9   0   0  10  0.19 0.12
   12 A    4 -3 -3 -3 -1 -2 -2  0 -3  0  1 -2  1 -1 -1  0  1 -3 -2  1   44   0   0   0   1   0   0   4   0   5  16   0   4   3   2   6   8   0   0   7  0.30 0.17
   13 A    2 -3 -2 -3  1 -2 -3  0 -3  1  2 -2  1  0 -3  1  1 -3 -2  1   24   0   0   0   3   0   0   6   0   5  24   0   4   4   0  10   8   0   0  12  0.19 0.12
   14 F    0 -3 -3 -4 -2 -3 -3 -1 -3  1  3 -2  2  3 -1 -1  0 -2 -1  1    6   0   0   0   0   0   0   4   0   5  36   1   6  19   2   4   6   0   0   9  0.31 0.15
   15 A    2 -3 -2 -3 -1 -2 -2  1 -3  1  1 -2  1 -1 -1  1  0 -1 -2  1   30   0   0   0   1   1   0  10   0   6  19   0   5   1   2  11   4   1   0   9  0.19 0.13
   16 A    3 -2 -2 -2 -1 -1  0  1 -3 -1  0 -2 -1 -2  1  2  0 -3 -3  0   35   0   1   1   1   1   5   9   0   1  13   1   0   2   6  16   5   0   0   5  0.23 0.15
   17 L    2 -2 -2 -2 -1 -2 -2  0 -2  0  1 -2  2 -1 -1  1  1 -3 -2  1   22   0   0   1   1   1   1   8   0   6  14   0   7   2   2  16  11   0   0   8  0.16 0.12
   18 P    2 -3 -2 -1 -3 -2 -2  0 -2 -2 -2 -2 -1 -2  6  0 -1 -4 -3 -2   23   0   1   2   0   1   1   6   1   2   3   0   1   2  45   4   3   0   0   3  0.85 0.26
   19 A    5 -2 -2 -2 -2 -1 -2  1 -2 -2 -2 -2 -2 -2  1  0  0 -2 -3 -1   61   1   1   2   0   2   0   8   1   0   2   0   0   1   6   5   4   0   0   4  0.56 0.26
   20 L    1 -2 -2 -2 -2  0 -1 -1  1 -1  1 -2  0  2  3 -1 -1  0  0  0   16   1   1   1   0   5   3   5   4   2  19   1   2  11  16   2   3   1   2   4  0.16 0.10
   21 A    4 -2 -2 -3 -1 -1 -2 -1  2 -1  0 -2  0  1 -3  0 -2 -3  2 -1   56   1   1   0   1   2   1   2   6   2   8   0   3   6   0   2   0   0   8   2  0.46 0.24
   22 Q    2 -1  0  0 -2  3  1 -2 -1 -2 -2  0  0 -2  3  1 -1 -3 -2 -2   27   1   4   4   0  16   7   1   0   1   3   5   2   2  13   9   2   0   1   1  0.29 0.15
   23 E    2 -2 -1  2 -3  0  3  0 -2 -3 -3  0 -2 -3  1  0  1 -4 -3 -2   25   0   0  14   0   1  22   5   0   0   1   5   0   1   8   6   9   0   0   1  0.35 0.18
   24 G    0 -4 -3 -3 -5  0 -4  7 -3 -6 -6 -4 -5 -5 -3 -2 -4 -5 -5 -5    6   0   0   1   0   5   0  85   1   0   0   0   0   0   1   1   0   0   0   0  1.70 0.50
   25 D   -4 -4  2  8 -6 -3 -1 -4 -4 -6 -7 -3 -6 -6 -4 -1 -4 -7 -6 -6    0   0   7  89   0   0   0   0   0   0   0   0   0   0   0   3   0   0   0   0  2.13 0.63
   26 P    4 -4 -3 -3 -3 -3 -2 -3 -3  0 -2 -3 -2 -3  3 -1 -1 -5 -2  2   50   0   0   0   0   0   2   0   0   5   2   0   0   0  14   2   2   0   1  20  0.65 0.33
   27 E    4 -2 -2  1 -3 -1  4 -2 -3 -3 -4  1 -3 -4 -3 -1 -1 -5 -4 -1   39   0   0   5   0   1  31   1   0   0   0  11   0   0   0   2   3   0   0   5  0.58 0.31
   28 A    3  0  1 -2 -4 -1 -1 -2 -1 -4 -3  5 -3 -5 -3 -1 -2 -5 -4 -3   32   4   7   1   0   0   3   1   1   0   1  48   0   0   0   2   0   0   0   1  0.78 0.38
   29 G   -3 -5 -3 -4 -5 -5 -5  7 -5 -7 -7 -4 -6 -6 -5 -3 -4 -5 -6 -6    0   0   0   0   0   0   0  99   0   0   0   0   0   0   0   1   0   0   0   0  2.29 0.64
   30 A    2 -1 -3 -1 -5  0  5 -3 -3 -5 -5  4 -4 -5 -3 -2 -3 -5 -4 -4   20   1   0   0   0   2  47   1   0   0   0  28   0   0   0   1   0   0   0   0  0.96 0.42
   31 K    0  0  0 -1 -5  0  0 -2 -2 -3 -4  6 -3 -5 -3 -1  1 -5 -4 -3    9   1   5   2   0   3   3   1   1   1   0  62   0   0   0   3   8   0   0   1  0.87 0.40
   32 A    0 -3 -4 -3 -3 -1 -1 -3 -4  4  2 -3  0 -2 -4 -2 -1 -4 -3  4   10   0   0   1   0   3   4   1   0  26  19   0   1   1   0   1   2   0   0  31  0.44 0.24
   33 F   -3 -6 -6 -7 -5 -6 -6 -6 -4 -3 -3 -6 -3  9 -7 -4 -5 -1  1 -3    2   0   0   0   0   0   0   0   0   0   0   0   0  94   0   1   0   0   2   0  2.53 0.71
   34 N   -1  2  2 -3 -4  0 -2 -3 -2 -2 -3  5 -3 -4 -3 -1 -1 -5 -4  1    5  12  13   0   0   3   0   1   0   2   0  47   0   0   0   2   3   0   0  13  0.63 0.33
   35 Q   -2  4 -3 -2 -5  3 -1 -4 -3 -5 -4  6 -3 -5 -3 -2 -2 -5 -4 -3    1  19   0   1   0  15   0   0   0   0   0  58   0   0   1   1   1   0   0   1  1.17 0.46
   36 C   -3 -7 -6 -7 12 -7 -7 -6 -7 -5 -5 -7 -5 -6 -6 -4 -4 -6 -5 -4    1   0   0   0  99   0   0   0   0   0   0   0   0   0   0   0   0   0   0   0  3.80 0.91
   37 Q    3  1 -2 -3 -3  1 -1 -1 -2 -1 -1  3  2 -3 -3  0 -1 -4 -3 -1   36   6   0   0   0   7   1   2   0   2   4  20   7   0   0   7   3   0   0   3  0.34 0.24
   38 T    4 -2 -3 -3 -3  5 -2 -2 -3 -3 -4 -2 -2 -4 -3  1  2 -5 -4 -2   39   0   0   0   0  35   0   1   0   1   0   0   0   1   0   9  11   0   0   2  0.78 0.41
   39 C   -4 -7 -6 -7 12 -7 -7 -6 -7 -5 -5 -7 -5 -6 -7 -4 -4 -6 -6 -4    0   0   0   0 100   0   0   0   0   0   0   0   0   0   0   0   0   0   0   0  3.90 0.93
   40 H   -5 -4 -3 -5 -7 -3 -4 -6 11 -7 -6 -4 -5 -5 -6 -4 -5 -6 -1 -7    0   0   0   0   0   0   0   0  98   0   0   0   0   0   0   0   0   0   1   0  3.43 0.89
   41 V    1 -1 -1 -2 -3  1 -1 -3 -3 -1 -2 -1  2 -3 -3  1  5 -4 -3  1   11   3   2   2   0   6   2   0   0   2   0   1   7   0   0  11  42   0   0   9  0.46 0.29
   42 I    0 -4 -4 -4 -2 -4 -4 -4 -4  4  0 -4 -1  0 -4 -3 -2 -4 -2  5    9   0   0   0   0   0   0   0   0  26   5   0   1   3   0   0   1   0   1  50  0.78 0.33
   43 V    0 -2  0  2 -4  0  4  2 -2 -1 -3 -1 -2 -4 -3 -1 -1 -4 -3  0    6   0   3  10   0   4  33  21   0   3   1   2   1   0   0   1   4   0   0  10  0.40 0.22
   44 D    1 -1  0  2 -3  1  2 -2 -2 -3 -3  3 -2 -3  1  1  0 -3 -3 -2   11   1   3  12   0   4  17   1   0   1   1  23   0   1   8   9   5   0   1   1  0.32 0.16
   45 D    0 -1  0  3 -1  0  1  0  0 -1 -1  0 -1 -1  2  0  0 -1 -1 -1   11   3   4  21   1   2   7   5   2   3   6   4   1   2  10   5   5   1   2   4  0.14 0.04
   46 S    1  0  0  2 -1  0  1  0  0 -1 -1  0 -1 -1  0  0  0 -1 -1 -1   12   4   3  17   2   4   7   5   2   4   7   4   2   3   4   7   7   1   2   5  0.07 0.01
   47 G    0  0  0  0 -1  0  0  2 -1 -1 -1  0 -1 -1  0  0  0 -1 -1 -1    6   5   4   4   1   3   8  24   2   4   7   5   2   3   4   5   5   1   2   5  0.08 0.01
   48 T    0  0  1  0 -1  0  1  0  0 -1 -1  0  0 -1  0  0  1 -1  0  0    6   4   6   5   1   3  13   6   2   4   7   5   2   3   4   5  14   1   2   6  0.05 0.01
   49 T    0  0  0  0 -1  0  0  0 -1  0  0  0  0  0  0  0  1 -1  0  0    8   4   4   6   1   3   6   7   2   6   7   4   2   3   5   5  11   1   2  12  0.02 0.00
   50 I    0  0  0  0 -1  0  0 -1 -1  1  1  0  0  0  0  0  0 -1  0  1    7   4   4   4   1   3   7   5   2  14  13   4   2   4   4   5   5   1   2   9  0.00 0.00
   51 A    1  0  0 -1 -1  0  0  0 -1  0  0  1  0 -1  0  0  0 -1 -1  1   19   4   3   4   1   4   4   5   1   4   7  10   1   3   3   5   5   1   2  12  0.04 0.02
   52 G   -1 -2 -1 -1 -2 -2 -2  6 -2 -2 -2 -1 -2 -2 -2 -1 -1 -2 -2 -2    3   2   2   2   1   2   2  62   1   2   4   3   1   2   2   3   3   1   1   3  0.78 0.19
   53 R    2  1 -2 -2 -3 -2 -1  5 -3 -3 -3  1 -3 -3 -2 -1 -2 -3 -3 -3   22  10   1   1   0   1   4  46   0   1   1   9   0   1   1   1   1   0   0   1  0.64 0.25
   54 N    0  1  0 -2 -3  0 -1  2 -2 -3 -3  4 -3 -4  1 -1 -2 -4 -3 -2    9   4   5   1   0   2   3  18   0   1   1  41   0   0   8   2   1   0   0   3  0.48 0.24
   55 A    0 -2  5  0 -4 -2 -2  1  7 -3 -4 -2 -3 -4 -4 -1 -2 -5 -2 -3    8   1  38   3   0   0   0  12  28   1   1   1   0   0   0   2   2   0   0   1  0.92 0.37
   56 K   -2  3 -3 -3 -5 -1 -2  0 -3 -5 -3  7 -1 -4 -4 -2 -3 -5 -4 -4    2  13   0   0   0   1   0   6   0   0   2  72   2   1   0   1   0   0   0   0  1.25 0.48
   57 T   -2 -3 -2 -4 -3  1 -3 -5 -4  1 -2 -3 -1 -3 -4 -2  4 -5 -4  5    1   0   1   0   0   7   0   0   0   8   1   0   1   0   0   0  35   0   0  46  0.83 0.41
   58 G   -2 -5 -3 -4 -6 -5 -4  7 -5 -7 -7 -4 -6 -6 -5 -3 -5 -6 -6 -6    1   0   0   0   0   0   1  98   0   0   0   0   0   0   0   0   0   0   0   0  2.28 0.65
   59 P   -4 -5 -4 -5 -6 -4 -4 -6 -3 -6 -6 -4 -6 -7  9 -4 -4 -7 -6 -6    0   0   0   0   0   0   0   0   1   0   0   0   0   0  98   0   0   0   0   0  3.10 0.80
   60 N   -1 -3  7 -1 -5 -1  0 -3  3 -4 -4 -2 -4 -5 -2  1 -1 -6 -3 -2    3   0  59   1   0   2   6   0   8   0   1   0   0   0   2  10   3   0   1   3  1.05 0.44
   61 L   -4 -5 -6 -6 -4 -3 -6 -6 -6 -1  6 -5  0 -2 -6 -5 -4 -4 -4 -2    0   0   0   0   0   1   0   0   0   1  98   0   1   0   0   0   0   0   0   0  1.68 0.57
   62 Y   -2 -3  4 -2 -4 -2 -3 -2  6 -4 -3 -2  0  2 -4 -2 -1  4  5 -3    3   0  21   1   0   1   0   2  25   0   1   2   3   8   0   1   4   6  22   1  0.84 0.37
   63 G   -2 -5 -1 -2 -5 -3 -3  7 -3 -6 -6 -3 -5 -6 -5 -3 -4 -5 -6 -6    1   0   2   2   0   1   1  90   0   0   0   1   0   0   0   1   0   0   0   0  1.92 0.57
   64 V   -2 -4 -5 -5 -3 -4 -5 -5 -5  3  3 -4  1 -1 -5 -4 -2 -4 -3  4    1   0   0   0   0   0   0   0   0  20  37   0   3   2   0   0   1   0   0  37  0.83 0.33
   65 V   -2 -5 -4 -4 -4 -4 -4 -5 -3  3 -1 -4  0  6 -2 -3 -3  0  1  3    3   0   1   1   0   0   0   0   0  18   1   0   1  41   2   1   1   1   3  25  0.83 0.35
   66 G   -2 -3 -1 -1 -5 -4 -2  7 -5 -6 -6 -4 -5 -6 -5 -3 -3 -5 -4 -5    1   1   2   3   0   0   2  89   0   0   0   0   0   0   0   0   1   0   1   0  1.86 0.56
   67 R   -2  8 -3 -4 -6  0 -3 -5 -2 -6 -5  0 -4 -6 -4 -3 -4  0 -4 -5    2  88   0   0   0   3   0   0   0   0   0   1   0   0   0   1   0   2   0   0  1.98 0.64
   68 T   -1  0 -2 -3 -4  2 -1 -2  2 -4 -4  5 -3 -5  3 -1  2 -5 -3 -1    5   1   0   0   0  12   2   2   5   0   0  39   0   0  13   1  15   0   0   4  0.58 0.31
   69 A    4 -3 -3 -3  0 -3 -3 -2 -4  0 -2 -3 -1 -4 -1  2  3  0 -3  0   41   0   0   0   2   0   0   0   0   5   2   0   1   0   2  16  24   2   0   6  0.56 0.32
   70 G    2 -5 -3 -4 -5 -4 -5  7 -5 -6 -6 -4 -5 -6 -5 -3 -4 -5 -6 -5   15   0   0   0   0   0   0  85   0   0   0   0   0   0   0   0   0   0   0   0  1.85 0.56
   71 T    0 -2 -2 -2 -3  4 -1 -2 -1 -3 -4 -1 -3 -4 -3  3  4 -4 -4 -2    7   1   0   0   0  26   1   2   2   0   0   2   0   0   0  27  29   0   0   2  0.66 0.37
   72 Q    3 -2 -2 -3 -2 -2 -2 -2  2  1 -1 -1 -1 -1 -3 -1  0 -3  1  3   31   1   1   0   0   1   2   1   6   7   4   2   1   2   0   3   6   0   7  26  0.27 0.21
   73 A    2 -3 -3  1 -4 -1  5 -3 -3 -2 -4 -1 -4 -5  4 -1 -2 -5 -4 -2   17   0   0   7   0   0  42   0   0   2   1   1   0   0  24   3   1   0   0   2  0.83 0.36
   74 D   -2 -4 -1  3 -5 -4 -2  6 -4 -6 -6 -3 -5 -6 -4 -2 -3 -5 -5 -5    0   0   2  20   0   0   1  72   0   0   0   0   0   0   0   2   1   0   0   0  1.49 0.48
   75 F   -5 -5 -5 -6 -5 -5 -5 -5 -3 -3 -3 -5 -2  8 -6 -4 -5 -1  6 -3    0   0   0   0   0   0   1   1   0   0   0   0   0  65   0   0   0   0  32   1  2.02 0.60
   76 K   -1  2  2  0 -1  0  0 -1 -1 -1 -1  3 -1 -1 -1  0  0 -1  0 -1    4  14  11   4   1   3   3   4   1   2   6  23   1   2   3   5   4   1   3   3  0.15 0.06
   77 G    2  0  0 -1 -1  0 -1  0  0 -1 -1  0 -1 -2  0  3  1 -2 -1 -1   18   4   2   2   1   2   3   6   3   2   4   3   1   2   3  32   6   1   2   3  0.20 0.09
   78 Y   -5 -5 -5 -6 -6 -5 -5 -6 -1 -5 -4 -5 -4  1 -6 -5 -4 -1 10 -4    0   0   0   0   0   0   0   0   1   0   0   0   0   3   0   0   1   0  95   0  2.89 0.81
   79 G   -1 -3 -2 -2 -3 -3 -3  2 -4 -4 -5 -2 -4 -5 -3  5  4 -5 -4 -4    0   0   0   1   0   0   0  13   0   0   0   1   0   0   0  60  25   0   0   0  1.06 0.48
   80 E    1 -2  0  5 -4  0  2 -3 -3 -4 -4  2 -4 -5  2 -1 -1 -5 -4 -3   13   1   2  41   0   3  10   0   0   0   0  14   0   0   9   3   4   0   0   1  0.67 0.30
   81 G    5 -3 -2  0 -3 -2 -3  1 -4 -3 -2 -3 -3 -4 -2  2 -1 -5 -4 -2   61   0   1   5   0   0   0  11   0   1   4   0   0   0   2  13   2   0   0   1  0.73 0.37
   82 M   -3 -3  5 -2 -4 -3 -3 -4 -3  1  2 -3  6 -1 -5 -2 -3 -4  0 -2    0   0  38   0   0   0   0   0   0   9  17   1  27   2   0   1   0   0   3   1  0.87 0.41
   83 K   -2  0 -2 -3 -4  1 -1 -3  0  1 -1  6 -1 -4 -3 -2  0 -5 -3  1    2   2   0   0   0   6   1   1   2   7   4  55   1   0   0   1   5   0   0  14  0.66 0.35
   84 E    3  0  4  1 -3  1  2 -2 -1 -3 -3  1 -2 -4 -2  0 -1 -4 -3 -3   28   3  26   6   0   5  13   1   1   0   1   8   0   0   0   2   2   0   0   1  0.43 0.23
   85 A    3 -1 -1 -2 -1 -1 -1 -1 -1 -1  0  0  1  0 -1  1  0 -1 -1  0   40   1   1   2   1   1   2   3   2   1   8   5   6   5   2  12   3   1   2   4  0.22 0.13
   86 G    1 -1  0 -1  0 -1 -1  4 -2 -2 -2 -1 -1 -2 -1  0 -1 -2 -2 -2   15   2   4   2   2   2   3  43   1   2   4   4   1   2   2   4   2   1   1   3  0.40 0.12
   87 A    2 -1  0  0 -2  0  3  0 -1 -1 -2  0 -1 -2 -1  1  0 -2 -2 -1   21   2   3   3   1   3  30   5   1   3   3   5   1   1   2   7   3   0   1   3  0.23 0.11
   88 K    2  0  0  1 -3  0  1  0 -2 -3 -3  4 -2 -3 -2  0 -1 -3 -3 -2   20   1   3   8   0   2   6   6   0   1   1  38   0   1   1   6   3   0   1   1  0.38 0.20
   89 G   -1 -3  0 -3 -4 -4 -3  7 -4 -5 -5 -3 -4 -5 -4 -2 -3 -4 -5 -4    2   2   4   1   0   0   1  83   0   0   1   1   0   0   0   2   0   0   0   1  1.60 0.48
   90 L   -2 -2 -4 -4 -3 -3 -2 -4 -2  4  3 -1  1  0 -3 -2 -2 -2 -2  2    1   1   0   0   0   0   2   1   1  27  36   5   1   4   0   1   1   1   0  16  0.44 0.22
   91 A    0 -2 -3 -3 -3 -3 -1 -4 -1  1 -1 -2 -1 -3 -3 -1  4 -4 -3  4    6   2   0   0   0   0   4   0   1   7   2   1   1   0   0   2  30   0   0  43  0.60 0.33
   92 W   -5 -7 -8 -8 -6 -6 -7 -6 -6 -5 -5 -7 -5 -2 -8 -7 -6 13 -1 -7    1   0   0   0   0   0   0   0   0   1   0   0   0   1   0   0   0  97   1   0  4.57 1.03
   93 D   -2 -3  2  5 -4 -2  0  2 -1 -5 -5 -2 -4 -5 -3  0  3 -5 -4 -4    0   0  11  43   0   0   2  15   1   0   0   0   0   0   0   6  19   0   0   0  0.83 0.36
   94 E    0 -1 -2  2 -5  0  6 -4 -1 -5 -4 -1 -3 -2  0 -2 -2 -5 -2 -3    8   2   1   8   0   2  65   0   1   0   1   1   0   2   4   1   1   0   1   2  0.99 0.43
   95 E    3 -2  0  4 -2  1  4 -2 -2 -4 -4  0 -3 -4 -1 -1 -1 -5 -4 -3   27   0   4  24   1   4  28   1   0   0   0   4   0   0   2   1   3   0   0   0  0.60 0.30
   96 H   -1 -2  3  0 -3  0  0 -2  1 -3 -2 -1 -2 -2 -3  1  5 -4 -2 -2    5   1  16   4   0   3   6   1   5   0   3   3   0   1   0   9  42   0   1   2  0.50 0.29
   97 F   -4 -4 -5 -6 -4 -4 -5 -6 -5  1  5 -5  2  4 -5 -5 -3 -3 -2 -1    0   1   0   0   0   0   0   0   0   7  68   0   5  17   0   0   0   0   0   1  1.10 0.41
   98 V    0  0 -1  2 -3 -1 -1 -3  0  0 -1 -1  3  2 -3  0  0 -1  1  1   10   5   2  13   0   2   2   0   2   3   1   3  15  13   0   5   7   1   4  12  0.14 0.16
   99 Q    2 -2 -1  2 -4  0  4 -1 -1 -2 -3  0 -3 -4 -2 -1 -1 -4 -3 -1   22   0   1  13   0   3  37   4   1   2   0   5   0   0   1   2   3   0   1   5  0.46 0.26
  100 Y   -5 -5 -5 -6 -6 -5 -5 -6 -1 -4 -4 -5 -4  3 -6 -4 -5  3  9 -4    0   0   0   0   0   0   0   0   1   0   0   0   0  11   0   1   0   4  83   0  2.50 0.72
  101 V   -3 -4 -5 -6 -3 -4 -5 -6 -5  2  5 -5  1 -2 -5 -4 -2 -3 -3  2    1   0   0   0   0   0   0   0   0   9  71   0   2   0   0   0   2   0   0  15  1.04 0.40
  102 Q    1  0 -2 -1 -4  2  4 -3  1 -2 -1  1 -2 -4  0 -1  1 -4 -3 -2   14   3   0   0   0  10  36   0   3   1   7   8   0   0   4   1  11   0   0   2  0.41 0.25
  103 D   -1 -3  6  5 -5 -2 -2 -2 -2 -5 -6  0 -5 -6 -4 -1 -3 -6 -5 -5    6   0  47  34   0   1   0   2   0   0   0   6   0   0   0   3   0   0   0   0  1.19 0.45
  104 P   -3 -5 -5 -5 -6 -5 -4 -5 -4 -6 -6 -4 -6 -7  9 -4 -4 -7 -6 -6    1   0   0   0   0   0   0   0   0   0   0   0   0   0  98   0   1   0   0   0  3.07 0.80
  105 T   -2  2  0 -3 -5  0 -2 -3 -2 -5 -4  6 -3 -5 -3 -1  2 -5 -4 -3    2  11   3   0   0   2   0   0   1   0   0  62   0   0   1   3  12   0   0   1  1.01 0.43
  106 K    3 -1 -2  0 -4 -1  0  1 -3 -4 -4  5 -3 -3 -2 -1 -2 -4 -4 -3   28   0   0   6   0   1   3  11   0   0   1  45   0   1   1   2   1   0   0   1  0.63 0.33
  107 F   -3 -3 -4 -5 -3 -3 -3 -5  0 -2 -1  0  0  5 -5 -4 -3  4  7 -1    2   1   0   0   0   0   1   0   2   1   5   8   2  24   0   0   1   6  42   3  1.08 0.39
  108 L   -2 -4 -4 -5 -3 -4 -4 -5 -4  5  3 -4  2 -2 -4 -4 -2 -4 -3  3    2   0   0   0   0   0   0   0   0  42  28   0   5   0   0   0   0   0   0  20  0.81 0.31
  109 K    0  2  0  0 -1  1  0 -1  0 -1 -1  3 -1 -1  0  0  0 -1 -1 -1    6  15   3   3   1   5   3   5   2   3   7  24   1   2   4   6   3   1   2   4  0.13 0.05
  110 E    0  0  0  1 -1  0  2  0  0 -1 -1  1 -1 -1  0  0  0 -1 -1 -1    8   4   5   7   1   3  16   6   2   4   6   9   2   3   4   6   8   1   2   4  0.07 0.01
  111 Y    0  0  0  0 -1  0  0 -1  0  0  0  0  0  1  0  0  0  0  2  0    9   4   3   4   1   3   5   5   3   5   6   8   2   7   4   5   7   1  12   6  0.03 0.01
  112 T    0  0  0  0 -1  0  0  0 -1  0  1  0  0  0  0  0  1 -1  0  0    7   4   4   4   1   3   4   6   2   4  22   5   2   3   4   8  11   1   2   6  0.02 0.01
  113 G    0  0  0  2 -1  0  0  2 -1 -1 -1  0 -1 -1  0  0  0 -1 -1 -1    6   4   4  16   1   3   7  17   2   4   7   4   2   3   4   5   6   1   2   5  0.08 0.02
  114 D    0  0  1  3 -1  0  1  0  0 -1 -1  0 -1 -1  0  0  0 -1 -1 -1    6   4   5  26   1   4   6   5   2   4   7   4   2   3   4   5   5   1   2   5  0.13 0.03
  115 A    1  0  0  0 -1  0  0  0  0 -1 -1  1 -1 -1  1  1  0 -1 -1 -1   12   5   5   6   1   3   4   7   1   3   7   9   1   3   8  10   5   1   3   4  0.06 0.01
  116 K    0  1  0  0 -1  0  0  1  0 -1 -1  1  0 -1  0  0  0 -1 -1  0    9   7   4   4   1   3   5  10   1   4   6  15   2   3   3   7   5   1   2   7  0.04 0.01
  117 A    3 -3 -3 -3 -3 -2 -2  0 -3 -3 -3 -2 -3 -4  7 -1 -2 -4 -3 -2   24   1   1   1   0   1   2   6   0   1   2   1   0   1  52   4   1   0   0   2  1.17 0.35
  118 K   -2  3 -2 -3 -5 -3 -3  6 -2 -5 -5  2 -4 -5 -3 -1 -3 -5 -5 -4    1  16   1   0   0   0   0  63   1   0   0  14   0   0   1   3   0   0   0   0  1.15 0.41
  119 G   -2 -2  1 -3 -4 -3 -3  1 -4 -3 -4 -3 -3 -5 -4  2  6 -5 -4 -3    1   1   6   1   0   0   0  10   0   0   0   0   0   0   0  14  66   0   0   0  1.14 0.49
  120 K   -2  2 -2 -3 -6 -1 -2 -3 -3 -5 -4  7 -4 -6 -4 -2 -3 -3 -5 -5    3   7   1   0   0   0   1   1   0   0   1  84   0   0   0   1   1   0   0   0  1.60 0.58
  121 M   -5 -5 -6 -7 -5 -4 -6 -6 -5 -2 -1 -5 11 -4 -6 -5 -3 -5 -5 -3    0   0   0   0   0   0   0   0   0   0   0   0  99   0   0   0   1   0   0   0  3.14 0.91
  122 T    3 -3 -2 -3 -2 -3 -3 -2 -4  2 -2 -3 -1 -2 -2  1  2 -4 -3  2   31   0   1   0   0   0   0   2   0  17   0   0   0   1   1  12  17   0   0  17  0.43 0.27
  123 F   -4 -6 -4 -6 -5 -4 -6 -6 -3 -3 -2 -6 -3  9 -7 -5 -5 -2  3 -3    1   0   1   0   0   1   0   0   0   0   1   0   0  90   0   0   0   0   6   1  2.40 0.68
  124 K    4  0 -2 -3 -3  0 -2  2 -3 -4 -4  3 -3 -5  2 -1 -2 -5 -4 -3   38   5   1   0   0   3   0  19   0   0   0  22   0   0  11   2   1   0   0   0  0.60 0.31
  125 L   -3 -3 -5 -5 -3 -4 -5 -2 -5  3  5 -4  2 -1 -5 -4 -3 -4 -2  1    1   1   0   0   0   0   0   3   0  18  62   0   4   1   0   0   0   0   1  10  0.86 0.35
  126 K   -1  3 -2 -3 -5 -1 -1 -2 -3 -2 -4  6 -3 -5  1 -1 -1 -2 -4 -3    5  13   1   0   0   1   1   2   0   3   1  61   0   0   6   3   2   1   0   1  0.93 0.41
  127 K   -2 -1  2  2 -5  0 -1 -3 -3 -5 -5  6 -4 -5 -3 -1 -2 -5 -4 -5    1   0  10  14   0   1   2   1   0   0   0  65   0   0   0   4   1   0   0   0  1.11 0.45
  128 E    1 -2 -1  3 -4  0  4  0 -2 -3 -4  2 -3 -5  3 -1 -2 -5 -4 -3   11   1   2  16   0   1  30   8   0   1   0  13   0   0  15   0   1   0   0   2  0.53 0.26
  129 A    1 -1  0  1 -4  4  2  1 -2 -4 -4  2 -3 -4 -3  0 -1 -4 -3 -3   11   1   3   8   0  23  15  13   0   0   0  16   0   0   0   5   4   0   0   1  0.43 0.23
  130 D   -3 -3 -2  6 -6  1  5 -3 -3 -5 -5  0 -3 -5 -3 -2 -3 -5 -5 -5    1   0   0  43   0   5  43   1   0   0   0   4   1   0   0   1   0   0   0   0  1.24 0.45
  131 A    0  6 -3 -3 -4 -1 -2 -3 -3  1 -1  0 -2 -3 -3 -2 -2 -4 -3 -1   11  58   0   0   0   2   1   1   0  11   5   1   1   0   0   1   1   0   0   5  0.85 0.35
  132 H    4  0  2  0 -2  0  1 -1  0 -2 -2  1 -2 -3 -2  0  0 -4 -2 -1   44   4  10   6   0   3   7   1   2   1   2   8   0   1   1   2   5   0   1   4  0.32 0.21
  133 N   -3 -4  4  7 -6 -3 -1 -4 -2 -6 -6 -3 -6 -6 -4 -2 -3 -7 -4 -6    1   0  21  76   0   0   1   0   1   0   0   0   0   0   0   0   0   0   0   0  1.85 0.59
  134 I   -3 -4 -5 -6 -3 -4 -5 -6 -5  2  4 -5  1 -2 -5 -4 -2 -4 -3  4    0   0   0   0   0   0   0   0   0   9  52   0   2   1   0   0   0   0   0  36  0.97 0.38
  135 W    0 -4 -5 -5 -3 -4 -4 -5 -4  6  0 -4  0  0 -5 -4 -2  4  2  2    7   0   0   0   0   0   0   0   0  63   4   0   1   2   0   0   2   6   7   8  0.98 0.40
  136 A    6 -3 -4 -4 -3 -2 -2 -2 -4 -4 -4 -2 -3 -5 -3 -1  1 -5 -4 -2   85   1   0   0   0   1   2   1   0   0   0   1   0   0   0   1   7   0   0   0  1.31 0.53
  137 Y   -5 -5 -5 -6 -6 -5 -5 -6 -1 -4 -4 -5 -4  4 -6 -4 -5  2  9 -4    0   0   0   0   0   0   0   0   1   0   0   0   0  12   0   0   0   2  86   0  2.60 0.74
  138 L   -4 -5 -6 -6 -4 -5 -5 -6 -5  1  6 -5  2 -2 -5 -5 -4 -4 -4 -1    0   0   0   0   0   0   0   0   0   6  90   0   3   0   0   0   0   0   0   2  1.48 0.51
  139 Q    2  1 -2 -2 -4  0  0 -3 -1 -3 -4  5 -2 -5 -3  0 -2 -5 -4 -1   23   6   1   1   0   3   5   1   2   0   0  50   0   0   0   4   0   0   0   4  0.69 0.34
  140 Q   -2 -1  0 -1 -4  3  2 -3 -2 -4 -3  2 -3 -4 -3  2  4 -4 -3 -3    1   1   2   2   0  18  12   0   0   0   1  16   0   0   0  20  27   0   0   1  0.55 0.30
  141 V    3 -3 -2 -4 -3 -2 -2 -3 -1 -1  1 -3 -1  4 -1 -1 -2 -2  2  1   31   0   2   0   0   1   2   0   1   0  15   0   0  26   2   1   1   0   5  11  0.38 0.24
  142 A    1 -3 -1 -2  1 -2 -2  1 -3 -3 -4 -2 -3 -4 -3  4  4 -4 -4 -2   12   0   0   0   3   0   0   8   0   0   0   1   0   0   0  43  31   0   0   1  0.71 0.33
  143 V    2 -1 -1  2 -3 -1  0 -2 -2 -3 -3 -1 -3 -4  4  2  0 -4 -3 -1   22   3   1  15   0   0   4   1   0   0   0   3   0   0  22  20   6   0   0   4  0.46 0.17
  144 R    0  0  2  3 -3  1  0 -2  0 -3 -3  3 -2 -4  0  1  0 -4 -3 -3    7   2  11  19   0   7   0   0   2   0   0  29   0   0   3  15   6   0   0   0  0.37 0.13
  145 P   -2 -3 -3 -3 -4 -2 -2 -3 -3 -4 -4 -2 -4 -5  8 -2 -2 -5 -4 -3    0   0   0   0   0   0   0   0   0   0   0   0   0   0 100   0   0   0   0   0  2.44 0.20

                      K         Lambda
Standard Ungapped    0.1313     0.3161
Standard Gapped      0.0506     0.2670
PSI Ungapped         0.1659     0.3131
PSI Gapped           0.0506     0.2670
