
Last position-specific scoring matrix computed, weighted observed percentages rounded down, information per position, and relative weight of gapless real matches to pseudocounts
           A  R  N  D  C  Q  E  G  H  I  L  K  M  F  P  S  T  W  Y  V   A   R   N   D   C   Q   E   G   H   I   L   K   M   F   P   S   T   W   Y   V
    1 M   -2 -3 -4 -5 -3 -2 -3 -4 -3  0  2 -3  9 -1 -4 -3 -2 -3 -2  0    0   0   0   0   0   0   0   0   0   0  11   0  89   0   0   0   0   0   0   0  1.22 0.25
    2 S    0 -1 -1 -2 -2 -1 -1 -1  2 -2 -2  1 -2  0  1  2  3 -3  0 -1    6   0   0   0   0   0   0   3   6   0   0  13   0   5   6  25  27   0   4   5  0.22 0.09
    3 N    0  1  2 -1 -2  0  0 -2  3 -3 -3 -1 -2 -3 -2  3  3 -4 -2 -2    3  10  13   0   0   2   5   0   9   0   0   0   0   0   0  28  31   0   0   0  0.42 0.15
    4 A    3  0 -2 -2  1 -1 -1 -2  3 -2 -1 -1  0  0  1  1  0 -3 -1 -1   41   5   0   0   3   1   2   0  11   0   5   0   3   4   5  12   6   0   1   1  0.24 0.12
    5 Q    0  1  0 -2  1  0 -1 -1  3 -1  0  0 -1 -2 -2  1  0  2  1  0    4   9   2   0   4   4   2   5  14   0  11   7   0   0   0  18   5   4   5   7  0.11 0.08
    6 E    0  3  2  1 -4  2  3 -2 -1 -3 -2  2 -1 -4 -2  0 -1 -4 -3 -3    6  23  11   6   0   9  20   0   0   0   3  16   2   0   1   4   0   0   0   0  0.40 0.13
    7 A    2 -1  1 -2 -2  1  0  0 -2 -3 -3  1 -2 -4  3  3  2 -4 -3 -1   16   1   5   0   0   5   3   4   0   0   0   7   0   0  13  28  13   0   0   4  0.35 0.16
    8 V   -1  1 -3 -4 -2 -1 -3 -4 -1  3  2 -2  3 -2 -1 -2  1 -4 -2  2    5   8   0   0   0   2   0   0   2  20  18   0   9   0   3   0  12   0   0  20  0.29 0.16
    9 K   -2  3 -1 -2 -4  0  0 -2 -1 -1 -1  4 -2  0 -3  1 -1 -4 -1 -1    1  14   1   0   0   1   5   2   1   5   7  42   0   4   0  12   1   0   1   3  0.40 0.21
   10 T   -1 -2  1 -2 -3 -1 -2 -1  3  0 -2 -2 -1 -2  2  2  4 -4 -2 -2    3   0   5   1   0   1   0   3   9   5   2   1   2   2  10  15  38   0   1   0  0.43 0.24
   11 R    0  4 -2 -1 -3  0 -2 -2  0 -1  1  1 -1  1  0 -1 -1 -3 -2 -1    6  27   1   2   0   4   0   3   2   2  17  10   0   9   5   5   4   0   0   2  0.21 0.15
   12 H   -1  2 -2 -3 -3 -1 -1 -3  4  0  1  1  2 -1  1 -1  0  0 -1  0    3  14   0   0   0   1   2   1  14   5  13  12   8   2   6   4   6   2   1   8  0.20 0.16
   13 K    0  0 -2  1 -3  2  0 -3 -1 -1  0  1 -2 -3  4  1  1 -4 -3 -1    6   4   0   8   0   9   3   1   1   2   9  11   0   0  20   9  11   0   0   5  0.29 0.16
   14 E   -1  2 -1 -1 -4  0  4 -4  1  0  0 -1 -2 -1 -2 -1 -1  3  1 -2    4  13   3   2   0   3  32   0   3   6  11   1   1   1   1   3   2   5   6   2  0.31 0.21
   15 T   -2  0 -4 -5 -2 -4 -4 -2 -4 -1 -2 -1 -2  0 -5  0  1 10  4 -2    3   6   0   0   1   0   0   4   0   4   4   5   1   3   0   7   8  39  13   3  1.27 0.43
   16 S    0  0 -2 -1 -1 -2 -2 -2 -1 -2  1 -1  0  0  0  3  3 -2 -2 -2    7   5   0   4   1   0   0   1   1   0  14   4   2   5   4  25  24   0   1   1  0.28 0.22
   17 L   -2 -3 -3 -3 -3 -4 -4 -5 -4  3  4 -3  0  1 -2 -2 -1  5  0  2    2   1   1   1   0   0   0   0   0  16  41   1   1   4   2   3   3   8   2  14  0.55 0.26
   18 I    1 -4 -5 -5 -2 -4 -4 -3 -4  4  2 -4 -1  3 -3 -2 -2  3 -1  2   11   0   0   0   1   0   0   2   0  26  22   0   0  12   1   2   1   4   1  17  0.52 0.26
   19 F    0 -4 -4 -5 -3 -4 -4 -3 -3  2  2 -3  1  5 -2 -1 -2  1 -1  2    6   0   0   0   0   0   0   1   0  13  21   1   2  26   2   5   1   1   1  18  0.51 0.25
   20 P    2 -5 -2 -4 -5 -4 -4  1 -5  0 -3 -4 -4 -3  6 -1 -3 -6 -5  0   17   0   2   0   0   0   0  13   0   6   2   0   0   1  48   4   0   0   0   7  1.11 0.42
   21 V    1 -4 -5 -5 -3 -4 -4 -2 -5  3  2 -4  0  0  1 -2 -2  4 -3  3   11   0   0   0   0   0   0   2   0  22  22   0   1   3   7   1   1   6   0  25  0.52 0.27
   22 L    1 -4 -2 -4 -3 -4 -4 -2 -4  2  4 -4  0  0 -3 -1 -1 -1 -3  1   16   0   2   1   0   0   0   4   0  12  42   0   1   4   1   5   2   1   0  11  0.43 0.25
   23 A    4 -4 -4 -4 -2 -3 -3  0 -4  1  2 -3  0 -2 -3  0  1 -4 -1  1   40   0   0   0   0   0   0   6   0   8  19   0   2   1   0   7   7   0   2   7  0.43 0.27
   24 L    1 -4 -4 -5 -1 -4 -4 -2 -4  2  3 -4  1  1 -4 -2 -1  5 -2  3   13   0   0   0   1   0   0   3   0  13  27   0   2   6   0   2   2   7   0  22  0.47 0.24
   25 V    2 -3 -4 -4 -1 -4 -4  1 -4  2  1 -4  0  3 -4 -1 -2 -3 -2  3   20   1   0   0   1   0   0  10   0  13  15   0   2  14   0   2   1   0   0  20  0.36 0.22
   26 V    1 -4 -4 -4 -2 -3 -3  0 -2  2  2 -3  0  0 -1 -2 -1 -4 -2  4   11   0   0   1   1   0   2   8   1  10  21   0   1   4   3   2   2   0   1  33  0.33 0.21
   27 L    0 -4 -4 -3 -4 -4 -2 -2 -1  0  3 -4  0  4  3 -3 -3 -3  1  0   10   0   0   1   0   0   2   3   1   3  30   0   1  18  17   0   0   0   5   7  0.48 0.26
   28 F    1 -3 -3 -4 -3 -2 -3 -3 -1  1  2 -2  0  3 -4 -1 -1  0  2  2   15   1   1   0   0   1   1   1   1   4  25   2   2  16   0   4   3   1   6  15  0.29 0.18
   29 L    0 -3 -2 -2 -2 -1 -1  0  1  0  2 -2  0  2  0  1  0  0 -1  0    9   0   1   1   0   2   3   8   5   5  26   0   2   9   4  13   4   1   1   6  0.11 0.12
   30 W    0 -3 -3 -4 -3 -3 -2 -2 -1  1  1 -2  0  3 -4 -1  0  8  1  0    9   0   1   0   0   1   2   3   1   8  14   2   1  14   0   5   5  21   3   8  0.55 0.23
   31 G    1 -3 -2 -3 -3 -2 -1  4  0  0 -1 -2 -1 -2 -1 -1 -1  4 -2 -1   12   1   2   0   0   0   5  39   2   7   7   1   1   2   3   3   2   7   1   3  0.45 0.22
   32 S    2  0  0  0 -3 -1  0  1  2 -1 -1 -1 -1 -2 -1  1 -1 -2 -1 -1   24   7   5   6   0   1   6  13   6   3   8   2   1   2   3  10   2   0   1   2  0.13 0.11
   33 S    1  0 -1  1 -3 -1  0  2  3 -2 -2 -1 -1 -2 -2  2  1 -3 -2 -2   10   5   2   7   0   2   4  18  10   1   4   2   2   2   1  17   9   0   1   2  0.19 0.14
   34 Q    0 -1 -1 -1 -3  1  0 -1  2 -1  1 -1  0  1 -2  0  0  4  1 -1    6   2   2   3   0   8   4   5   6   3  19   3   2   6   1   7   6   8   5   3  0.11 0.10
   35 T    0 -2 -1 -2 -2 -1 -1  1  1  0  2 -2  1 -1  1  1  1  0 -1  0    5   1   2   2   0   2   3  10   4   3  27   2   3   2   8  12   8   2   1   5  0.11 0.11
   36 L    0 -1  0 -1 -2  0  0  2  2 -1  0 -1  0  0  1  0  0  1  0 -1    6   1   3   2   0   3   6  16   8   4  14   2   1   4   8   7   5   2   2   4  0.08 0.07
   37 P    0 -3 -2 -1 -3 -3 -2  0 -2 -2 -1 -2 -1  0  4 -1  0  8 -2 -1    8   1   2   3   0   1   2   8   1   2   8   1   1   5  22   3   6  22   0   4  0.68 0.27
   38 V    1 -2  0  0 -2 -1 -1  1 -2  0  1 -2  0 -1  1  1  0  1 -1  1   10   1   4   5   0   2   2  11   0   7  15   0   1   3   6  11   6   3   1  11  0.06 0.07
   39 V    1 -2 -1 -2 -2 -1 -1  0 -1  0  0 -2  0  0  1  1  0 -1 -1  1   17   1   3   1   0   3   3   9   2   7   9   1   1   4   8  14   4   1   2  12  0.08 0.08
   40 I    1 -3 -1 -3 -2 -2 -3  0 -3  2  2 -3  0 -1 -2  0  2  1 -2  1   14   0   3   0   0   0   0   9   0  13  21   0   1   2   1   6  14   2   1  11  0.18 0.14
   41 A    2 -3 -3 -3 -2 -3 -3  0 -2  1  1 -3  0  1  0 -1  0  0 -1  2   25   0   1   0   0   0   0   8   1   9  18   0   1   5   4   3   6   1   1  14  0.21 0.16
   42 I    0 -2 -4 -4  0 -2 -3 -1 -4  3  2 -3  1  0 -2 -2 -1 -4 -1  3   10   1   0   0   2   1   0   5   0  21  17   0   4   4   1   3   3   0   1  27  0.34 0.20
   43 N    1 -4  1 -3 -4 -2 -4 -1 -3 -1  1 -3 -1  6 -4 -1  0  1  0  0   11   0   7   1   0   2   0   4   0   3  12   0   0  41   0   6   6   1   0   5  0.55 0.29
   44 L    2 -4 -3 -4 -1 -3 -4 -1 -4  3  2 -3  0  0 -3 -1  0 -1 -3  2   22   0   1   0   1   0   0   4   0  22  21   0   1   3   0   2   7   1   0  15  0.35 0.21
   45 L    0 -3 -4 -4  0 -3 -4 -2 -4  2  3 -4  0  2 -3 -2  1  2 -1  2    7   1   0   0   2   0   0   3   0  13  31   0   2   9   1   1  10   3   0  16  0.37 0.21
   46 A    2 -3  2 -3  1 -3 -2 -2 -3  0  2 -3  0 -2 -2  1 -1 -2  0  0   24   0  14   0   3   0   1   2   0   5  26   0   1   1   1  13   1   0   4   4  0.27 0.22
   47 L    2 -4 -4 -4  3 -3 -4  1 -4  1  2 -3  0  4 -4 -1 -2 -3 -1  0   21   0   0   0   6   0   0  10   0   6  18   0   2  23   0   5   2   0   0   7  0.38 0.23
   48 I    2 -4 -4 -4 -1 -3 -4  0 -4  3  2 -3  0  2 -2 -2 -1 -3 -2  2   18   0   0   0   1   0   0   7   0  21  22   0   1  10   1   2   2   0   0  14  0.34 0.20
   49 G    4 -3 -3 -4 -2 -3 -3  1 -4  0  0 -3 -1  0 -3  0  1 -1 -3  2   39   0   0   0   0   0   0  12   0   5   7   0   1   5   0   4  10   1   0  14  0.39 0.24
   50 I   -3 -5 -5 -5 -4 -5 -5 -6 -5  7  2 -5  1 -3 -4 -4 -3 -5 -4  2    1   0   0   0   0   0   0   0   0  63  19   0   2   0   1   0   1   0   0  11  1.26 0.44
   51 L   -1 -4 -4 -5 -1 -4 -4 -2 -4  4  3 -4  2  0 -4 -3 -2 -4 -3  3    6   0   0   0   1   0   0   4   0  31  23   0   5   4   0   0   2   0   0  21  0.58 0.26
   52 S    2 -4 -3 -4 -1 -3 -3  3 -4 -3 -1 -3 -2 -1  5  0 -1  2 -2 -1   16   0   0   0   1   0   0  21   0   1   6   0   1   3  32   6   2   4   1   5  0.70 0.31
   53 S    2 -4 -3 -4  2 -3 -4 -3 -4 -1  4 -4 -1 -1 -4  2  0 -4 -3  0   22   0   1   0   5   0   0   1   0   2  42   0   0   2   0  16   6   0   0   4  0.51 0.30
   54 A    5 -4 -4 -5 -3 -4 -4 -3 -5  0 -3 -4 -3 -5 -4  2 -2 -5 -4  3   59   0   0   0   0   0   0   0   0   4   0   0   0   0   0  15   0   0   0  21  1.03 0.47
   55 F    2 -3 -4 -4 -3 -3 -4  0 -2  0  2 -2  2  5 -4  0 -2 -3 -1 -1   18   1   0   0   0   1   0   7   1   5  19   2   5  28   0   9   1   0   0   3  0.41 0.25
   56 S    2  0 -2 -3 -3 -1 -3  0 -2  0  0 -2 -2  1 -3  2  0  5  0  0   17   7   0   0   0   2   0   8   1   5  11   0   0   6   0  19   4   9   3   7  0.24 0.18
   57 V    2 -4 -5 -5 -3 -4 -4 -4 -5  0  3 -4  5 -2 -4 -1 -2 -4 -3  4   20   0   0   0   0   0   0   1   0   3  25   0  15   0   0   3   0   0   0  32  0.70 0.34
   58 V    2 -4 -4 -4 -3 -4 -4  3 -4 -1 -2 -4 -2 -4 -4  2 -2 -5 -4  5   16   0   0   0   0   0   0  20   0   0   3   0   0   0   0  18   0   0   0  41  0.70 0.37
   59 R   -3  4 -1 -2 -5 -1  0 -4  7 -4 -4  0 -4  3 -4 -2  1 -4  1 -4    1  24   3   2   0   2   7   0  30   0   0   6   0  11   0   1   8   0   4   1  0.84 0.37
   60 H    4 -4 -3 -4 -5  0 -1 -4  8 -2 -5 -3 -2 -3 -4 -1 -4 -5 -2 -2   39   0   0   0   0   5   4   0  42   2   0   0   1   1   0   2   0   0   1   3  1.35 0.52
   61 A    5 -4 -4 -5 -4 -4 -4 -4 -5 -4 -5 -4 -4 -5 -4 -1  5 -6 -5 -3   55   0   0   0   0   0   0   0   0   0   0   0   0   0   0   3  42   0   0   0  1.41 0.58
   62 D   -5 -4 -4  4 -8 -2  7 -6 -4 -7 -7 -3 -6 -7 -5 -4 -5 -7 -6 -6    0   0   0  18   0   0  82   0   0   0   0   0   0   0   0   0   0   0   0   0  2.11 0.71
   63 V    0 -1 -3 -2  0  0  4 -4  2  1 -1 -1 -1 -4 -4  0 -2 -5 -3  3    7   3   0   0   2   4  28   0   6   8   4   2   2   0   0   8   1   0   0  25  0.38 0.26
   64 L   -4 -5 -6 -6 -4 -5 -6 -6 -6  4  5 -5 -1 -2 -6 -5 -3 -5 -4  3    0   0   0   0   0   0   0   0   0  26  52   0   0   1   0   0   0   0   0  21  1.16 0.43
   65 A    7 -5 -5 -5 -4 -4 -4 -3 -5 -5 -5 -4 -4 -6 -4  2 -3 -6 -5 -4   85   0   0   0   0   0   0   1   0   0   0   0   0   0   0  14   0   0   0   0  1.71 0.64
   66 H    0  0 -2 -1 -4 -1  3 -4  7  1 -1 -2  0 -3 -4 -2 -2 -5 -2  1    8   4   0   3   0   2  20   0  29  10   5   0   3   0   0   2   1   0   0  12  0.60 0.32
   67 R   -2  5 -2 -4 -5  0 -1 -5  2 -1 -2  4 -2 -4 -4 -3 -1 -5  0  1    2  40   1   0   0   3   2   0   5   3   3  23   0   0   0   0   3   0   3  12  0.76 0.36
   68 L    0 -4 -5 -5 -3 -4 -4 -5 -5  1  4 -4  1  0 -4 -1  1 -4 -2  4    8   0   0   0   0   0   0   0   0   6  37   0   2   3   0   4   8   0   1  30  0.61 0.30
   69 G   -3 -5 -4 -4 -6 -3 -4  7 -3 -8 -7 -4 -6 -7 -6 -3 -5 -6 -7 -7    0   0   0   1   0   1   1  95   0   0   0   1   0   0   0   1   0   0   0   0  2.33 0.71
   70 E   -3 -3 -2  3 -6  2  6 -5 -3 -6 -6 -3 -5 -7  3 -1 -4 -6 -5 -6    1   0   1  13   0  10  56   0   0   0   0   0   0   0  16   4   0   0   0   0  1.32 0.53
   71 P   -1  1 -1 -4 -5 -4 -4 -2 -5 -4 -5 -4 -5 -6  7  0  3 -6 -6 -5    5   7   3   0   0   0   0   3   0   1   0   0   0   0  58   5  18   0   0   0  1.53 0.55
   72 Y   -3 -5 -5 -6 -4 -5 -5 -6 -3  2  2 -5 -1  5 -6 -4 -3 -1  6  1    1   0   0   0   0   0   0   0   0  12  22   0   1  20   0   0   0   0  34   8  1.08 0.42
   73 G   -3 -6 -4 -5 -6 -6 -6  8 -6 -8 -8 -5 -7 -7 -6 -4 -5 -6 -7 -7    1   0   0   0   0   0   0  98   0   0   0   0   0   0   0   0   0   0   0   0  2.55 0.75
   74 S    0 -4 -3 -4 -4 -4 -4  5 -5 -5 -5 -4 -4 -6 -4  3  5 -6 -5 -4    5   0   0   0   0   0   0  37   0   0   0   0   0   0   0  22  35   0   0   0  1.09 0.48
   75 L   -5 -5 -7 -7 -5 -5 -6 -7 -6  1  6 -6  3  1 -6 -6 -4 -5 -4 -2    0   0   0   0   0   0   0   0   0   6  81   0   7   5   0   0   0   0   0   1  1.54 0.56
   76 I   -4 -5 -6 -6 -1 -5 -6 -6 -6  5  4 -5  2 -3 -6 -5 -3 -5 -4  4    0   0   0   0   1   0   0   0   0  30  39   0   4   0   0   0   0   0   0  26  1.09 0.42
   77 L   -5 -5  6 -4 -5 -4 -5 -5 -4 -3  5 -5 -2 -4 -6 -4 -2 -6 -5 -3    0   0  39   0   0   0   0   0   0   0  59   0   0   0   0   0   2   0   0   0  1.46 0.59
   78 S    6 -5 -4 -5 -4 -4 -4 -4 -5 -4 -5 -4 -4 -6 -4  0  5 -6 -5 -3   59   0   0   0   0   0   0   0   0   0   0   0   0   0   0   6  34   0   0   1  1.38 0.59
   79 L   -2 -4 -4 -5 -4 -4 -4 -3 -5  1  3 -4  0  1 -5 -2  5 -4 -3  1    2   0   0   0   0   0   0   2   0   7  35   0   2   5   0   1  36   0   0  11  0.72 0.37
   80 S    3 -5 -4 -5  0 -4 -4 -4 -4 -4 -2 -4 -3  6 -5  4 -2 -4 -2 -4   26   0   0   0   2   0   0   0   0   0   4   0   0  37   0  30   1   0   0   0  1.10 0.50
   81 V    1 -5 -4 -5 -4 -5 -5  5 -5  2 -3 -5 -3 -4 -5 -3 -3 -6 -5  4   13   0   0   0   0   0   0  41   0  12   0   0   0   0   0   0   0   0   0  34  1.00 0.44
   82 V   -4 -4  6 -3 -5 -4 -4 -5 -4  0 -4 -4 -2 -5 -5 -3  4 -6 -5  3    0   0  41   0   0   0   0   0   0   5   0   0   1   0   0   0  28   0   0  25  1.19 0.53
   83 I    4 -4 -4 -5 -1 -4 -4 -2 -5  2  1 -4 -1 -3 -4  0 -1 -5 -4  3   44   0   0   0   1   0   0   2   0  14  11   0   1   1   0   6   2   0   0  19  0.64 0.35
   84 L   -1 -5 -5 -6 -4 -5 -5 -6 -6  5  0 -5 -2 -3 -5 -3  2 -5 -4  4    6   0   0   0   0   0   0   0   0  40   8   0   0   0   0   0  13   0   0  33  1.00 0.42
   85 E   -5 -4 -4 -2 -8 -1  8 -6 -4 -7 -7 -3 -6 -7 -5 -4 -5 -7 -6 -7    0   0   0   0   0   1  99   0   0   0   0   0   0   0   0   0   0   0   0   0  2.59 0.86
   86 V   -1 -2 -2 -2 -2 -2 -2 -2 -2  2  1 -2 -1  0 -2 -2 -1 -2 -2  5    3   2   2   2   1   1   2   3   1   7  10   2   1   3   2   2   3   0   1  52  0.52 0.19
   87 S    2 -1 -1 -1 -1 -1 -1  0 -1  2 -1 -1  1 -1 -1  1 -1 -2 -1  1   22   2   2   2   1   2   3   7   1  16   5   2   4   2   2  16   2   1   1   7  0.12 0.08
   88 L   -3 -5 -6 -6 -4 -5 -6 -6 -6  2  6 -5  3 -3 -6 -4 -4 -5 -4  0    2   0   0   0   0   0   0   0   0  11  75   0   6   0   0   1   0   0   0   5  1.34 0.50
   89 I   -2 -7 -7 -7 -3 -6 -7 -5 -7  8  0 -6  0 -4 -6 -6 -4 -6 -5  0    4   0   0   0   0   0   0   1   0  86   5   0   1   0   0   0   0   0   0   3  1.97 0.66
   90 S    0 -4 -4 -5 -2 -4 -4 -3 -4  4  1 -4  0 -1 -4  1 -1 -2 -1  4    9   0   0   0   0   0   0   2   0  24  13   0   1   2   0  12   2   1   2  31  0.53 0.29
   91 A    4 -4 -3 -3 -3 -3 -3 -2 -4 -1 -4 -3  1 -4 -4  5  1 -5 -4 -2   38   0   0   1   0   0   0   2   0   4   0   0   3   1   0  41   9   0   0   2  0.89 0.45
   92 L   -1 -4 -5 -5 -3 -4 -5 -4 -5  5  3 -5  3  0 -5 -4 -1 -4 -2  3    5   1   0   0   0   0   0   1   0  34  26   0   7   3   0   0   3   0   1  19  0.76 0.33
   93 M   -3 -5 -6 -7 -5 -3 -6 -7 -6  2  1 -5  9  2 -6 -5 -3 -5 -4  2    1   0   0   0   0   1   0   0   0  12  11   0  51   8   0   0   1   0   0  15  1.55 0.61
   94 A    4 -1 -3 -5 -4 -3 -3 -3 -3 -1  3 -4  2 -2 -4  0 -2 -5 -3 -1   43   3   1   0   0   0   1   1   0   2  32   0   6   1   0   6   1   0   0   2  0.68 0.39
   95 T   -1 -3 -2 -4 -4  0 -2  2  1 -2  3 -3 -2 -3 -4  2  2 -4 -3 -2    5   0   2   0   0   4   3  18   4   1  34   0   0   0   0  15  12   0   0   1  0.39 0.29
   96 G   -1  1  1 -1 -5  0 -2  5 -2 -4 -5  3 -4 -5  1 -2 -3 -5 -2 -3    3   9   6   4   0   5   1  42   1   1   0  17   0   0   7   2   0   0   1   1  0.69 0.34
   97 D    2 -1 -1  3 -4  0  4  1 -2 -4 -3  1 -4 -5  0  0 -2 -5 -4 -3   19   2   2  16   0   3  27  10   0   0   2   8   0   0   4   4   1   0   0   2  0.44 0.27
   98 A    1 -2  2  0 -4 -1  1  4  1 -3 -5  0 -4 -4  0  0 -1 -5 -1 -3   12   1  10   5   0   2  10  34   4   1   0   5   0   0   5   6   3   0   2   1  0.45 0.25
   99 A    1 -2  3  0 -3  2  0 -3  2 -3  1 -1 -1 -1 -3  2  0 -4 -3 -1   13   0  14   4   0  11   5   1   5   0  19   3   1   2   0  16   3   0   0   3  0.23 0.21
  100 P    1 -3 -4 -3 -4 -1 -2 -3 -1  3 -2 -2 -3 -2  5 -1 -1 -3 -1  2   12   1   0   1   0   2   2   1   2  17   3   2   0   1  34   4   3   0   2  13  0.67 0.32
  101 T    0  2 -1  1 -3 -1  2  0 -3 -4 -3 -2 -3 -3 -3  1  5 -5 -4 -2    7  10   1   9   0   2  13   6   0   0   1   0   0   1   1   8  37   0   0   3  0.51 0.33
  102 L   -3 -5 -6 -6 -4 -5 -5 -6 -6  4  4 -5  2 -2 -5 -4 -3 -5 -2  4    0   0   0   0   0   0   0   0   0  22  44   0   4   0   0   1   1   0   1  26  1.00 0.42
  103 M    4 -5 -5 -3 -4 -5 -5 -1 -6 -2 -3 -5  3 -4 -2 -3 -3 -6 -5  5   35   0   0   1   0   0   0   5   0   0   0   0   7   0   2   0   1   0   0  49  1.08 0.52
  104 R   -5  7 -4 -5 -7  3 -3 -6 -4 -6 -1  4 -4 -6 -3 -4 -4 -6 -5 -6    0  55   0   0   0  15   0   0   0   0   6  23   0   0   1   0   0   0   0   0  1.51 0.60
  105 D    4 -5 -1  7 -5 -4 -1 -1 -5 -6 -6 -4 -5 -6 -5  0 -3 -7 -6 -5   34   0   1  54   0   0   3   4   0   0   0   0   0   0   0   5   0   0   0   0  1.39 0.57
  106 T   -1 -5 -3 -4 -5 -4 -4 -1 -5 -5 -5 -4 -3 -6 -5  5  6 -6 -5 -4    2   0   0   0   0   0   0   4   0   0   0   0   0   0   0  48  46   0   0   0  1.50 0.66
  107 L   -3 -5 -6 -6 -4 -5 -6 -6 -6  5  2 -5  6 -3 -6 -5 -4 -5 -4  4    1   0   0   0   0   0   0   0   0  32  18   0  22   0   0   0   0   0   0  28  1.24 0.49
  108 Y   -2 -5 -5 -5 -5 -5 -3 -6 -4  0  2 -5  1  6 -5 -3  3 -3  4 -2    2   0   0   0   0   0   1   0   0   5  18   0   4  34   0   1  19   0  15   1  0.95 0.43
  109 S    4 -5 -4 -4 -4 -4 -4  5 -5 -6 -6 -4 -5 -6 -5  3 -2 -6 -6 -5   36   0   0   0   0   0   0  39   0   0   0   0   0   0   0  25   1   0   0   0  1.22 0.54
  110 I    4 -4 -2 -4 -4 -4 -4 -3 -5  0 -3 -4 -1 -5 -4  4  1 -6 -4  3   31   0   1   0   0   0   0   0   0   6   0   0   1   0   0  33   7   0   0  20  0.77 0.44
  111 I   -3 -6 -6 -6 -4 -5 -6 -6 -6  6  1 -5  1 -3 -6 -2 -3 -6 -4  5    1   0   0   0   0   0   0   0   0  42  11   0   4   0   0   4   1   0   0  38  1.23 0.50
  112 M   -5 -6 -5 -7 -5 -5 -6 -7 -6  3  3 -6  9 -3 -7 -6 -3 -6 -5  0    0   0   0   0   0   0   0   0   0  16  23   0  55   0   0   0   1   0   0   4  1.90 0.71
  113 I   -2 -5 -4 -5 -4 -4 -5  2 -5  5  1 -4 -2 -2 -5  3 -1 -5 -4  0    2   0   0   0   0   0   0  15   0  41  12   0   0   1   0  21   2   0   0   5  0.74 0.40
  114 V   -2 -4  6  2 -3 -4 -4 -4 -4  3 -4 -4 -4 -5 -5 -3  1 -6 -5  3    3   0  38  13   0   0   0   0   0  15   0   0   0   0   0   0  10   0   0  20  0.91 0.46
  115 T   -3 -5 -4 -3  5 -3 -5 -6 -5  3  5 -5  3 -3 -5 -2  1 -5 -4 -1    1   0   0   1  11   1   0   0   0  14  51   0   7   0   0   3   9   0   0   1  0.91 0.42
  116 G   -2 -3  6 -3 -2 -4 -4 -1 -4 -3  4 -4 -3 -4 -5 -3  1 -6 -5 -4    2   1  43   0   1   0   0   5   0   0  39   0   0   0   0   1   8   0   0   0  1.08 0.52
  117 G   -2 -5 -5 -5 -5 -5 -5  5 -5 -3  4 -5 -3 -1 -5 -3 -4 -5 -5 -2    3   0   0   0   0   0   0  48   0   0  43   0   0   2   0   1   0   0   0   2  1.18 0.51
  118 L   -2 -5 -6 -6 -4 -5 -6 -6 -6  4  2 -5  3 -2 -5 -5 -2 -5 -4  5    2   0   0   0   0   0   0   0   0  26  16   0   6   1   0   0   1   0   0  47  1.15 0.47
  119 V   -1 -5 -5 -6 -4 -4 -5 -3 -5  2  3 -3  5 -2 -5 -4  0 -5 -4  4    5   0   0   0   0   0   0   3   0   8  34   1  14   1   0   0   5   0   0  30  0.77 0.37
  120 G   -3 -7 -5 -6 -7 -6 -6  8 -6 -8 -8 -6 -7 -8 -6 -3 -6 -7 -7 -8    1   0   0   0   0   0   0  98   0   0   0   0   0   0   0   1   0   0   0   0  2.65 0.85
  121 F   -1 -5 -6 -6  4 -5 -5 -4 -5  2  4 -5  3  3 -5 -4 -3 -3 -3  0    6   0   0   0   9   0   0   1   0  11  48   0   6  11   0   0   1   0   0   6  0.83 0.38
  122 S    3 -5 -5 -5  9 -5 -5 -3 -6 -5 -5 -5 -5 -3 -5  4 -1 -6 -6 -4   25   0   0   0  39   0   0   1   0   0   0   0   0   1   0  31   3   0   0   0  1.65 0.65
  123 L    0 -4 -4 -6 -5 -5 -6 -6 -5  1  4 -5  5  5 -6 -5 -4 -4 -2  1    8   1   1   0   0   0   0   0   0   6  38   0  15  24   0   0   0   0   0   7  0.99 0.46
  124 L   -3 -6 -7 -7 -3 -6 -6 -7 -6  1  5 -6 -1  5 -6 -6 -3 -2 -3  0    2   0   0   0   1   0   0   0   0   8  56   0   1  25   0   0   1   1   0   6  1.24 0.53
  125 L    1 -4 -5 -6 -1 -5 -4 -5 -5  3  3 -5  1  2 -5 -3 -3 -2 -3  3   15   0   0   0   1   0   1   0   0  13  34   0   3   8   0   1   0   0   0  24  0.67 0.35
  126 G    0 -7 -5 -6 -7 -6 -6  7 -6 -8 -8 -6 -7 -7 -6 -4 -3 -2 -7 -7    6   0   0   0   0   0   0  92   0   0   0   0   0   0   0   1   1   1   0   0  2.41 0.84
  127 G    1 -6 -4 -5 -6 -6 -6  7 -6 -7 -7 -5 -7 -7 -6  0 -4 -7 -7 -7   11   0   0   0   0   0   0  82   0   0   0   0   0   0   0   6   1   0   0   0  2.05 0.76
  128 R   -2  1 -5 -6 -4 -4 -5 -5 -3  3  5 -4  1  0 -6 -4 -3  4  0  0    3   8   0   0   0   0   0   1   1  16  51   0   2   3   0   1   1   6   3   5  0.82 0.41
  129 K   -3  6  0 -5 -7 -1 -3 -4  0 -4 -5  5 -4 -5 -5 -2 -2 -6 -3 -4    1  47   4   0   0   1   1   1   2   1   0  35   0   0   0   2   3   0   1   1  1.37 0.60
  130 F   -6  2  0 -4 -7 -3 -4 -5  8 -6 -5 -4 -5  4 -6 -4 -5 -4  6 -6    0  12   4   1   0   1   1   1  37   0   0   0   0  17   0   1   0   0  27   0  1.74 0.69
  131 A   -1  3 -2 -3 -5 -1 -1  3  4 -4 -4  4 -2 -3 -1 -1 -1 -5 -2 -2    5  17   0   0   0   2   3  23   9   1   1  24   1   1   3   2   3   0   1   4  0.53 0.32
  132 T   -3  0 -3  0 -6  2  6 -4 -3 -2 -4 -1 -4 -4 -5 -2  1 -6 -5  0    2   5   1   3   0   9  53   1   0   2   2   2   0   1   0   2  10   0   0   8  0.93 0.50
  133 Q    0 -3 -5 -5 -7  9 -2 -6 -4 -5 -2 -3  0 -7 -5 -3 -3 -7 -6 -5    7   0   0   0   0  81   0   0   0   1   4   1   2   0   0   1   2   0   0   1  2.21 0.92
  134 Y    0  1  0  0 -3  1  2 -2  1 -2 -2  1 -2 -2  1  1  2 -4  0  0    5   7   3   3   0   5  15   2   3   1   3   9   0   2   6  13  12   0   4   7  0.16 0.16
  135 M   -5 -6 -6 -5 -6 -6 -5 -7  4 -2 -4 -6  1  8 -3 -5 -6 -3  5  0    0   0   0   1   0   0   1   0   8   2   0   0   3  62   2   0   0   0  15   6  1.90 0.71
  136 N   -4 -1  8 -2 -6  4 -3 -3 -1 -5 -5 -2 -4 -3 -5 -1 -3 -6 -5 -4    1   3  66   1   0  16   1   1   1   0   1   1   0   1   0   3   1   0   0   1  1.69 0.70
  137 L    1  1 -1  0 -3  0 -1 -2 -3  0  1  0  0 -3  2  1 -1 -3 -3  1   12   7   1   7   0   3   4   2   0   5  17   4   2   0  12  10   2   0   0  10  0.14 0.13
  138 F    0 -1 -1  2 -4  3  2 -2  1 -1 -2 -1 -2 -1 -2  0  2 -4  0  0    7   3   2  11   0  17  11   2   3   4   3   3   1   3   1   6  14   0   3   7  0.21 0.19
  139 G    0 -4 -2  0 -4 -3 -3  5 -4 -3 -3 -3 -2 -4 -4  1  2 -4 -4 -2    8   0   1   6   0   0   1  47   0   1   3   0   1   1   0  13  14   0   0   2  0.79 0.37
  140 I    5 -5 -4 -5 -4 -4 -4 -1 -5  0 -3 -4 -2 -5 -4  1  2 -6 -5  3   45   0   0   0   0   0   0   4   0   5   1   0   0   0   0  11  11   0   0  23  0.82 0.47
  141 K    3  3  2 -3 -4 -1 -3  1 -3 -3 -3  2 -1 -5 -2  2 -1 -5 -4 -3   23  20  10   0   0   2   0  11   0   1   2  11   2   0   1  14   3   0   0   1  0.45 0.31
  142 Q    3  0 -3 -3 -4  3 -3 -1  2 -2 -2 -2 -1 -4 -3  2  3 -5 -3  0   22   6   0   0   0  14   0   5   6   2   4   1   1   0   1  15  18   0   0   5  0.39 0.31
  143 Y    2 -4  2 -4 -2 -1 -4 -3 -1 -3 -2 -4  0  1 -4 -2  2 -2  7 -1   16   0   9   0   1   2   0   1   1   1   4   0   2   5   0   1  14   0  36   5  0.80 0.43
  144 L   -2 -4  2 -4 -4 -2 -4  0 -4  0  4 -4  4 -1 -4  1  0 -2 -2 -1    2   0  10   0   0   1   0   6   0   3  40   0  13   2   0  11   6   1   1   2  0.52 0.34
  145 I    4 -4 -1 -3  2 -4 -4  1 -3  0 -4 -4 -1 -5 -4  3  1 -5 -4  1   31   0   2   1   5   0   0  12   0   4   0   0   1   0   0  24   6   0   0  13  0.57 0.37
  146 A    1 -4 -4 -5 -1 -4 -4 -4 -5  0  1 -4  5 -4 -4  3  2 -5 -4  2   10   0   0   0   1   0   0   0   0   3  12   0  16   0   0  28  13   0   0  16  0.65 0.41
  147 L   -2 -5 -6 -6 -4 -5 -5 -5 -6  4  5 -5  1 -3 -5 -1 -2 -5 -4  1    2   0   0   0   0   0   0   1   0  25  54   0   2   0   0   5   2   0   0   8  1.05 0.46
  148 F    0 -5 -5 -6 -1 -4 -5 -3 -5  2  2 -5  7  2 -5 -2  0 -4 -3  1   10   0   0   0   1   0   0   2   0  13  19   0  28   8   0   2   7   0   0  10  0.75 0.40
  149 P    2 -4  1 -4 -4 -4 -4 -4 -4 -2 -1 -4 -1  1  2  0  4 -5 -4  1   18   0   7   0   0   0   0   0   0   1   5   0   1   7  12   4  33   0   0  11  0.56 0.38
  150 L    2 -5 -6 -6 -4 -5 -6 -4 -6  2  5 -5  2 -2 -6 -4 -3 -5 -4  1   16   0   0   0   0   0   0   1   0   9  61   0   5   1   0   1   1   0   0   7  1.05 0.49
  151 A    5 -5 -4 -5 -1 -4 -4 -2 -5  0 -3 -4  2 -5 -4  3  0 -6 -5  0   53   0   0   0   1   0   0   2   0   6   2   0   5   0   0  20   4   0   0   6  0.91 0.50
  152 I    0 -4 -4 -4  1 -4 -4  1 -5  2 -1 -4 -1 -3 -4  1  3 -5 -4  4    8   0   0   0   3   0   0  12   0  11   4   0   1   1   0  11  21   0   0  29  0.52 0.34
  153 I    2 -5 -5 -6 -1 -5 -5 -5 -5  4  3 -5  3 -1 -5 -2 -1 -5 -4  2   15   0   0   0   1   0   0   0   0  28  29   0   6   2   0   2   3   0   0  12  0.71 0.37
  154 V    4 -4 -4 -4  1 -4 -4 -1 -5 -3 -1 -4 -4 -5 -4  4  2 -6 -5  0   34   0   0   0   3   0   0   4   0   1   5   0   0   0   0  32  13   0   0   8  0.76 0.46
  155 L   -5 -6 -7 -7 -5 -6 -7 -7 -6  2  5 -6  5  3 -7 -6 -5 -5 -4 -2    0   0   0   0   0   0   0   0   0  11  64   0  12  12   0   0   0   0   0   1  1.45 0.59
  156 V   -1 -6 -6 -6 -4 -5 -6 -5 -6  4  2 -6 -1  0 -6 -4 -4 -6 -4  5    5   0   0   0   0   0   0   1   0  23  20   0   1   3   0   0   0   0   0  46  1.11 0.49
  157 F   -4 -5 -6 -6 -4 -5 -6 -6 -6  4  4 -5  2  0 -2 -5 -2 -5 -4  3    0   0   0   0   0   0   0   0   0  26  44   0   5   4   3   0   1   0   0  16  1.02 0.45
  158 P   -3 -7 -7 -6 -8 -6 -6 -7 -7 -8 -8 -6 -7 -9  9 -3 -4 -9 -8 -7    2   0   0   0   0   0   0   0   0   0   0   0   0   0  96   2   1   0   0   0  3.28 1.09
  159 M    3 -3  4 -2 -4 -2  2 -3 -1 -3 -4 -3  0 -5 -4  0  4 -6 -5 -2   25   1  20   1   0   0  12   1   1   1   1   0   3   0   0   5  27   0   0   2  0.69 0.43
  160 A    3 -5 -4 -5 -4 -4 -4 -3 -3 -1 -1 -4 -1  6 -5  0  1 -3  2  1   26   0   0   0   0   0   0   1   0   2   5   0   1  31   0   8  10   0   7   8  0.71 0.40
  161 L   -2 -4 -4 -5 -4 -4 -3 -4 -3  2  2 -3  1  3 -5 -1  4 -4 -2  2    3   1   0   0   0   0   1   1   0  12  21   1   2  13   0   3  28   0   1  13  0.55 0.34
  162 P    0 -2  0  1 -4  0 -1 -2  3 -3 -3 -1 -4 -4  5  1  1 -5  0 -2    7   1   5   7   0   5   4   2   6   1   2   3   0   0  30  13   7   0   4   3  0.55 0.31
  163 A    2 -2 -1  1 -4  0  1  4 -1 -3 -3 -2 -1 -1 -3  1 -1 -4  1 -3   15   1   2   6   0   4   8  33   1   1   2   1   2   2   1   9   4   0   6   1  0.38 0.25
  164 A    1 -3 -2  0 -4 -3 -1  3 -1 -4 -4 -3 -4 -5  5  0  2 -6 -5 -2   13   1   1   4   0   0   3  22   2   1   2   0   0   0  27   6  15   0   0   2  0.68 0.37
  165 N    0 -1  2  1 -3  1  2 -2  0 -2 -1  0  1 -1 -1  2  1 -4 -2 -1    6   1  11   6   0   6  15   2   2   1   5   4   4   3   2  18   8   0   1   6  0.17 0.17
  166 F   -1 -3 -1 -1 -4 -2 -2 -1 -1 -1  0 -2  0  4 -1 -1 -1  5  4 -1    5   1   3   4   0   1   2   4   1   3   9   3   2  23   4   5   3   8  17   3  0.41 0.26
  167 S    0 -1  0  0 -4  0  0  1  2  0 -3  0 -3 -4 -3  4  2 -5 -4 -2    5   2   5   5   0   4   5   9   6   6   2   5   0   0   0  32  13   0   0   1  0.36 0.28
  168 T    0 -1  0 -1 -3 -1  0 -1  1  1  0  0 -1 -2  2  0  2 -4  0  0   10   2   3   2   0   2   6   5   3  10   7   6   1   1  10   6  18   0   3   5  0.12 0.13
  169 G    1 -1  0  0 -3  0  0  2  0 -2 -2 -1 -2 -1  2  2  0 -2  2 -1   12   2   3   5   0   3   5  14   2   1   3   3   0   3   9  16   5   0   8   4  0.15 0.14
  170 Q   -3 -2 -2 -3 -5  6  1 -3 -2 -1  1 -1  0 -2 -4  1 -2 -5 -3 -2    1   1   1   1   0  45   9   2   1   3  14   2   2   2   1  11   2   0   1   2  0.80 0.47
  171 A    2 -3  0 -2 -2 -2 -2 -2 -3 -2  3 -3  0 -4 -4  4 -1 -5 -4 -2   19   0   5   1   0   1   2   2   1   1  26   1   2   0   0  35   2   0   0   1  0.54 0.38
  172 L    1 -1 -4 -3 -3 -3 -4 -1  0  3  2 -3  1  1 -4 -1  0  2 -2  2   11   3   0   1   0   0   0   5   3  21  18   0   3   7   0   3   7   3   1  15  0.28 0.21
  173 L    0 -5 -4 -5 -4 -4 -4  1 -4  1  1 -4  1  5 -1 -2  1  0 -1  0    7   0   0   0   0   0   1  12   0   8  15   1   3  31   3   2  10   1   1   6  0.50 0.30
  174 V    1 -5 -4 -4 -3 -3 -3 -4 -5  4  1 -4  0 -1 -5 -3  0 -5 -3  4   15   0   1   1   0   1   1   0   0  29  11   0   1   2   0   1   6   0   0  30  0.68 0.36
  175 A    5 -4 -3 -3 -4 -4 -4  1 -5  1 -4 -3 -3 -5 -3  4 -2 -6 -5 -2   46   0   1   1   0   0   0  11   0   8   1   1   1   0   1  27   1   0   0   2  0.87 0.48
  176 L    0 -5 -4 -4 -1 -5 -5 -1 -5  4  1 -5  0 -1 -5 -3 -1 -1 -4  4    8   0   0   1   1   0   0   6   0  29  12   0   1   3   0   1   2   1   0  34  0.72 0.37
  177 I    2 -4 -5 -5 -2 -4 -5 -4 -5  4  1 -4  3 -1 -5 -1 -1 -5 -4  4   16   1   0   0   0   0   0   0   0  29  11   0   7   2   0   5   3   0   0  27  0.71 0.37
  178 S   -1 -4 -4 -4  1 -4 -4 -4 -4 -1  4 -4  3 -2 -4  4  2 -5 -4 -2    5   0   0   1   3   0   0   0   0   2  39   0   7   1   0  29  11   0   0   1  0.70 0.42
  179 A    0 -5 -6 -5 -4 -5 -6 -4 -6  5  4 -5  1 -1 -4 -4 -3 -5 -4  2    8   0   0   1   0   0   0   1   0  34  40   0   2   2   1   0   0   0   0  12  0.98 0.45
  180 A    2 -5 -5 -5 -2 -4 -4  0 -5  3  2 -4  0  0 -4 -2 -2 -5 -3  3   19   0   0   0   1   0   1   8   0  15  24   0   1   3   0   2   2   0   0  25  0.52 0.31
  181 M   -1 -6 -7 -7 -5 -6 -6 -7 -6  2  5 -6  2  0 -6 -4 -3 -6 -2  3    4   0   0   0   0   0   0   0   0   8  54   0   5   3   0   1   1   0   1  23  1.14 0.54
  182 Y   -8 -7 -8 -9 -8 -7 -8 -9 -2 -5 -5 -8 -7 -2 -9 -7 -7  1 10 -5    0   0   0   0   0   0   0   0   1   1   1   0   0   1   0   0   0   1  95   1  3.69 1.30
  183 G    2 -5 -5 -5  2 -5 -5  4 -5  1  1 -5 -2 -2 -5 -2 -2 -5 -3  2   19   0   0   0   4   0   0  35   0   8  12   0   1   2   0   2   2   0   1  14  0.67 0.39
  184 V    1 -5 -5 -6 -3 -5 -5 -3 -5  1  4 -5  3  2 -5 -1  0 -5 -3  3   13   0   0   0   0   0   0   1   0   5  39   0   7   7   0   4   5   0   1  17  0.67 0.39
  185 F   -1 -7 -4 -7 -7 -7 -7 -4 -3 -1 -4 -7 -3  8 -7 -3  2  2  4 -5    6   0   1   0   0   0   0   2   0   4   1   0   0  59   0   2  11   3  12   0  1.78 0.75
  186 L   -5 -7 -8 -8 -6 -7 -7 -8 -7  1  6 -7  0 -1 -7 -7 -3 -6 -3  2    1   0   0   0   0   0   0   0   0   7  75   0   1   2   0   0   1   0   1  13  1.61 0.69
  187 L   -1  1 -5 -6 -3 -3 -5 -4 -4  1  2 -3  1  4 -5 -3 -2  3  3  1    7   8   0   0   0   1   0   1   0   7  23   1   3  19   0   2   2   4  11  11  0.54 0.32
  188 I   -2 -1 -4 -7 -6 -4 -6 -6 -5  1  0 -6  3  7 -7 -4  1 -4 -1  1    4   4   1   0   0   1   0   0   0   8   6   0   8  49   0   1   9   0   1   9  1.23 0.57
  189 Q   -4 -3 -5 -6 -8  8 -4 -7 -5 -8 -5  0 -6 -8 -6  3 -4 -7 -7 -6    1   1   0   0   0  70   0   0   0   0   1   5   0   0   0  22   1   0   0   0  2.22 1.00
  190 T   -3 -6 -4 -7 -5 -5 -6 -7 -6 -3  4 -6  6 -5 -6 -3  5 -6 -6  0    2   0   1   0   0   0   0   0   0   0  31   0  20   0   0   1  40   0   0   6  1.38 0.69
  191 K   -2  3 -3 -3 -4 -3 -3  3 -3  0 -3  3 -2 -2 -5 -3 -2 -2 -2  3    2  14   1   1   0   0   0  23   0   5   1  22   1   1   0   1   2   1   2  23  0.61 0.40
  192 T   -2  5 -3 -5 -6 -1 -4 -5 -5 -6 -4 -2 -5 -7  0  2  6 -4 -6 -4    3  26   1   0   0   2   1   1   0   0   1   1   0   0   5  13  46   0   0   1  1.23 0.66
  193 H   -8 -4 -5 -7 -3  0 -4 -8 11 -9 -9 -6 -7 -7 -8 -7 -8 -8  1 -9    0   1   0   0   1   4   1   0  89   0   0   0   0   0   0   0   0   0   4   0  3.82 1.30
  194 Q    0  6 -3 -5 -6  0 -4 -5  1 -6 -5  3 -5 -6 -2  3 -1 -7 -5 -3    9  40   0   0   0   4   0   0   4   0   1  14   0   0   2  20   4   0   0   2  0.99 0.55
  195 S   -2 -1  2  4 -3 -2  1  1  4 -5 -6 -3 -5 -4 -4  0 -3 -4  5 -4    3   3  10  23   1   1   8  10  11   1   0   1   0   0   0   8   1   0  19   1  0.70 0.42
  196 L   -5 -6 -5  0 -6 -6 -4 -7 -1 -2  4 -6  0  5 -7 -4 -5 -4  5  0    0   0   1   7   0   0   1   0   1   1  38   0   2  22   0   1   0   0  21   6  1.14 0.54
  197 F   -7 -7 -8 -8 -2 -7 -8 -8 -5 -5 -3 -8 -5  9 -8 -7 -7 -4  5 -6    0   0   0   0   1   0   0   0   0   0   3   0   0  76   0   0   0   0  18   0  2.83 1.00
  198 V   -1 -2 -2  2 -2  2  2 -3 -2  1  1 -1  1 -3 -2  0  0 -4 -3  1    5   2   1  13   1   9  13   1   1   7  18   3   4   1   1   9   4   0   0  10  0.19 0.18
  199 Y    1 -2 -2  1 -4  1  2 -1  1 -2 -2 -2 -2 -1  3  0 -1 -3  3  1   11   1   1   7   0   8  12   4   3   2   2   2   1   2  16   5   3   0  12   9  0.28 0.22
  200 E    0 -1 -1  0 -3  1  3  1 -2 -1 -2  0 -1 -3  1  1  0 -4 -3  1    6   3   2   5   0   6  18  10   1   2   3   6   1   1   8  11   6   0   0  11  0.18 0.16
  201 H    0  0  1  0 -3  1  1 -1  3 -1 -2  0 -1 -2  0  1  0 -3  2  0    9   5   6   5   0   5   9   5   7   4   3   4   1   1   4  11   6   0   7   7  0.10 0.10
  202 E    2 -1 -1  1 -3  2  3 -1 -1 -2 -3 -1 -3 -3  3  0 -1 -4 -3 -2   16   3   3   7   0  10  21   5   2   2   3   3   0   1  12   5   4   0   0   3  0.32 0.23
  203 D    1  0 -1  3 -2  0  3  2  1 -3 -3  0 -3 -4  0  0 -1 -4 -4 -2   10   5   1  17   1   4  20  14   4   1   2   4   0   0   4   7   3   0   0   3  0.31 0.22
  204 D    1  0  0  2 -3  0  2  1  1 -1 -2  1 -2 -2 -2  0  0 -4 -3 -1   12   4   4  14   0   2  14  13   3   5   4   7   1   1   2   5   4   0   0   3  0.17 0.14
  205 S    0 -1  1  1 -2  1  2  1  0 -2 -2  0 -1 -3 -1  1  0 -4 -3  0    9   2   5   8   1   5  18  11   2   2   3   5   1   1   2   9   5   0   0  10  0.15 0.14
  206 D    0  0  0  3 -4  0  3  0  0  0 -2 -1 -2 -3 -1 -1 -1 -1 -4 -1   10   6   3  19   0   3  21   8   2   6   3   3   1   1   3   4   4   1   0   3  0.27 0.21
  207 D    0 -1  0  4 -2  0  3 -1  2 -2 -2  0 -2 -4  0 -1  0 -5 -3 -1    7   4   5  22   1   3  18   5   5   2   4   4   1   0   5   4   6   0   0   4  0.31 0.22
  208 D    0 -1 -1  3 -3  0  4  0  1 -3 -2  0 -2 -3  0  0 -1 -4 -2 -1    7   2   2  14   1   4  28   6   3   1   4   5   1   1   5   5   4   0   1   4  0.32 0.23
  209 D    1 -2  0  3 -4  0  4 -1  0 -2 -2 -1 -2 -4  0  0  0 -4 -3 -1   10   1   4  17   0   3  26   5   2   3   4   2   1   0   4   8   4   0   1   5  0.34 0.24
  210 P    1 -2 -1  1 -4  0  2 -1  2 -2 -1 -1 -1 -2  4  0  0 -4 -2 -1   10   1   2   7   0   4  17   4   5   2   6   2   2   1  20   6   6   0   1   4  0.31 0.21
  211 H    0  0  0  0 -2  0  2  0  6 -3 -3 -1 -3 -4  2 -1 -1 -4 -1 -2    7   4   3   4   1   4  17   8  22   2   3   3   1   0   9   3   4   0   2   2  0.44 0.27
  212 H    2 -2 -2  0 -4  0  3 -1  5 -3 -3 -1 -1 -4  0  0 -1  2 -2 -2   19   2   1   5   0   3  21   5  15   1   2   3   2   0   4   7   4   2   1   2  0.42 0.28
  213 G    1 -2  0  2 -2  0  3  1  3 -3 -3 -1 -2 -3  1  1 -1 -2 -2 -1   11   1   3  10   1   3  21  12   7   1   2   2   1   1   7   8   4   1   1   4  0.26 0.20
  214 K    0  1 -1  0 -4  0  2 -1  4 -1 -3  2 -2 -3  3 -1 -1 -3  0 -2    6   6   2   5   0   3  13   5  10   4   2  12   1   1  17   4   3   0   3   3  0.31 0.20
  215 P    0 -2 -2  0 -4  0  2  1  1 -1 -1 -1 -2 -2  5 -1  0 -1 -3 -1    7   1   2   5   0   3  13  10   4   4   5   3   1   2  26   4   5   1   1   4  0.37 0.24
  216 S    0  0  0  0 -4 -1  0 -1  0 -4 -4  1 -3 -1  4  3  1 -5 -4 -3    7   4   5   4   0   2   7   5   3   1   1  10   0   3  17  21  10   0   0   1  0.37 0.26
  217 A    1  1  0 -1 -3  0  1 -1  1  0 -1  0 -2 -3  2  0  0 -2 -2  0   13   8   4   3   0   2   9   4   5   6   6   5   0   1  11   7   7   1   0   7  0.11 0.11
  218 H   -1  3  2 -2 -4 -1 -1  0  3 -2  0  1  0 -3 -1 -1 -2  6 -2 -2    5  16  11   2   0   2   3   8   8   2   9   9   2   0   3   4   2  11   1   2  0.33 0.23
  219 S    0 -1  0 -2 -3 -1  0  0 -2 -1  0 -1  0 -3  0  3  1 -4 -3 -1    8   3   5   2   0   3   5   6   1   3  12   4   3   1   4  29   7   0   0   5  0.20 0.20
  220 S    2 -2  1 -2 -3 -2 -2 -1 -3  0  1 -1  1 -2  2  0  1  3 -3  1   19   2   6   1   0   1   1   3   0   5  13   5   3   1  11   7   8   4   0   9  0.20 0.18
  221 L    0 -2 -1 -4 -3 -3 -3  0 -4  1  2 -1  0  0  0 -2  0  6 -1  1   10   2   3   0   0   1   1   7   0   7  25   5   2   3   4   2   5  11   1   9  0.29 0.21
  222 W    1  0 -3 -4 -4 -2 -3 -3 -3  1  1 -1  0  1 -1 -1  0  8  1  1   13   6   1   0   0   1   1   2   0   7  12   4   2   5   3   5   6  19   4   8  0.46 0.27
  223 H    2  1 -1 -4 -3 -3 -3 -1  5 -2 -3 -3 -4 -4 -3  4 -1  2 -4 -1   18   7   2   0   1   1   1   3  13   3   3   1   0   0   1  37   2   3   0   5  0.64 0.41
  224 A    1 -4 -1 -4 -2 -4 -4  1 -4  3  2 -4  0  0 -4  0  1 -4 -3  1   15   0   2   0   1   0   0  11   0  19  20   0   1   4   0   8   8   0   0  11  0.34 0.25
  225 I    1 -5 -5 -5 -1 -5 -5  2 -5  2  2 -5 -1  0 -4 -3 -1 -5 -4  3   14   0   0   0   1   0   0  18   0  13  18   0   1   4   1   1   3   0   0  25  0.53 0.33
  226 W   -1 -5 -4 -6 -3 -3 -5 -3 -5  2  4 -5  2  2 -5 -3 -1  3 -1  3    4   0   1   0   0   1   0   2   0  10  36   0   5   8   0   1   4   4   2  21  0.65 0.35
  227 L   -5 -7 -8 -8 -6 -7 -7 -8 -7  0  7 -7  0 -3 -7 -7 -4 -6 -6 -2    1   0   0   0   0   0   0   0   0   4  90   0   2   0   0   0   1   0   0   2  2.03 0.82
  228 I    1 -5 -6 -6 -1 -5 -5 -2 -5  3  3 -5  1  1 -4 -3 -3 -5 -4  4   11   0   0   0   1   0   0   4   0  15  32   0   2   7   0   1   1   0   0  26  0.71 0.38
  229 I    2 -5 -5 -6  2 -5 -5 -1 -5  3  2 -5 -1  1 -5 -3 -2 -5 -4  4   21   0   0   0   4   0   0   6   0  15  16   0   1   7   0   1   2   0   0  28  0.62 0.36
  230 H    3 -4 -3 -4  3 -4 -4  1  1 -2 -2 -4 -1 -3 -4  2  3 -5  1  1   26   0   1   0   5   0   0  11   3   1   3   0   2   1   0  16  16   0   5   9  0.47 0.35
  231 L   -3 -5 -5 -6 -5 -5 -6 -6 -6  1  4 -5  1 -2 -6 -4  5 -6 -5  1    2   0   0   0   0   0   0   0   0   7  42   0   3   1   0   0  34   0   0  10  1.08 0.56
  232 I    0 -5 -6 -6 -2 -5 -6 -1 -6  4  3 -5  0 -2 -5 -4 -2 -5 -4  5    7   0   0   0   1   0   0   6   0  21  25   0   1   1   0   1   2   0   0  35  0.84 0.43
  233 A    3 -4 -4 -5 -2 -4 -4  0 -5  1  2 -4  2 -2  3 -2 -2 -5 -4  1   31   0   0   0   1   0   0   8   0   7  17   0   4   2  13   3   2   0   0  12  0.49 0.33
  234 V   -2 -7 -7 -7 -5 -6 -4 -7 -7  5 -1 -6 -3 -5 -6 -6 -3 -7 -5  7    3   0   0   0   0   0   1   0   0  25   3   0   0   0   0   0   1   0   0  66  1.74 0.70
  235 I    3 -5 -5 -5 -2 -5 -5  1 -6  2 -3 -5 -3 -5 -5  1 -2 -6 -5  5   27   0   0   0   1   0   0  11   0  10   0   0   0   0   0   9   1   0   0  40  0.90 0.49
  236 A    0 -4 -5 -5 -4 -4 -2  1 -4  2  3 -4  1  3 -5 -3 -3  2  2  1    9   0   0   0   0   0   3  13   0  12  29   0   3  10   0   1   0   3   8   9  0.44 0.28
  237 V   -3 -5 -3 -4  5 -2  1 -6 -3  0  4 -5  1 -2 -5 -3 -4 -5 -4  2    1   0   1   1  14   2  10   0   1   4  47   0   2   2   0   2   0   0   0  12  0.83 0.42
  238 T    6 -5 -5 -5 -5 -5 -5 -4 -5 -6 -6 -5 -5 -6 -5  5  0 -7 -6 -2   56   0   0   0   0   0   0   1   0   0   0   0   0   0   0  36   4   0   0   2  1.49 0.71
  239 K   -5 -3 -4  2 -7 -3  6 -5  3 -7 -7  4 -4 -7 -5 -4 -5 -7 -6 -7    0   0   0  10   0   0  52   0   7   0   0  28   0   0   0   0   0   0   0   0  1.57 0.70
  240 M   -1 -2 -1 -1 -3  0 -2 -1  1  1  1 -1  2  2 -3  0 -1  2  3  0    3   1   3   4   0   5   1   4   3  11  15   4   5   9   0   7   3   2  13   7  0.15 0.15
  241 N   -5 -6 -1 -4 -5 -5 -3 -5 -6 -1  5 -6  5  3 -6 -5 -5 -5 -4  0    0   0   3   1   0   0   2   1   0   2  57   0  16  11   0   0   0   0   0   6  1.20 0.55
  242 A    3 -5 -4 -5 -4 -5 -5 -2 -6 -2 -4 -5 -4 -5 -5  4 -3 -6 -5  5   27   0   0   0   0   0   0   3   0   1   0   0   0   0   0  26   1   0   0  41  1.11 0.58
  243 S    0 -1  0  1 -4 -1 -1  3  3 -1 -2  0 -2 -4  3 -1 -1 -5 -2 -1    7   2   5   8   0   2   3  22   9   5   3   5   1   0  17   5   3   0   1   5  0.34 0.23
  244 S    1 -4 -2 -1 -4 -3 -3 -3 -4 -2  0 -3 -3  0  2  3  3 -5 -3  1   10   0   1   3   0   0   1   1   0   1  10   0   0   4   9  28  19   0   0  11  0.46 0.35
  245 L   -4 -6 -6 -6 -4 -5 -6 -2 -6  5  3 -5  2  1 -6 -4 -2 -5 -4  3    0   0   0   0   0   0   0   4   0  38  30   0   5   5   0   1   1   0   0  16  0.99 0.43
  246 E   -4 -4  0  5 -7 -1  6 -3 -1 -4 -6 -3 -3 -7 -4 -2 -3 -7 -6 -3    0   0   4  33   0   2  50   2   1   1   0   0   1   0   0   2   1   0   0   2  1.40 0.60
  247 T    1  0  0  1 -3 -1  1 -1  1 -2 -2 -1 -2 -1  0  1  0 -3  2  0   16   5   3  10   0   2  12   3   3   1   2   2   0   2   5  12   6   0   8   8  0.15 0.15
  248 L    3 -4 -4 -4 -4 -4 -4  3 -5  2  0 -3  0 -1 -4 -1  0 -5 -4  1   23   0   0   0   0   0   0  27   0  14   9   0   2   2   0   4   5   0   0  12  0.48 0.29
  249 L    1 -4 -5 -5 -4 -4 -5 -4 -5  3  2 -4 -1 -1 -5 -2  2 -5 -4  4   11   0   0   0   0   0   0   1   0  14  22   0   1   2   0   2  13   0   0  34  0.67 0.36
  250 D    2  0 -1  1 -4  0  4 -2  1 -3 -3  1 -3 -5 -3  1  0 -5 -4 -1   18   5   2   7   0   4  28   2   3   1   2   9   0   0   0   9   7   0   0   4  0.38 0.26
  251 S    2  1 -1  0 -4  1  1  1 -1 -4 -3  0 -3 -3 -3  2  1 -2 -3 -2   16   7   2   6   0   8   8  13   2   0   1   4   0   1   0  21  10   1   1   2  0.28 0.22
  252 M    2 -4 -4 -5 -3 -3 -4 -3 -3  0  3 -4  1  3 -4  1  1 -1  1  0   17   0   0   0   0   1   0   1   1   3  34   0   4  12   0   9   9   1   5   4  0.44 0.29
  253 N   -2 -4  1 -2 -6 -1 -3  7  3 -7 -7 -2 -6 -7 -5 -2 -4 -6 -6 -7    3   1   7   2   0   3   1  72   7   0   0   2   0   0   0   1   0   0   0   0  1.62 0.62
  254 A    3 -5 -5 -6 -4 -3 -5 -5 -5  2  4 -5  2  0 -5 -3 -3  4 -4  0   31   0   0   0   0   1   0   0   0  11  38   0   4   3   0   1   0   5   0   6  0.79 0.41
  255 P   -3 -4 -3 -4 -6 -5 -4 -5 -2 -6 -7 -5 -6 -7  7  4  2 -7 -6 -6    0   1   1   0   0   0   0   1   1   0   0   0   0   0  54  27  14   0   0   0  1.76 0.71
  256 V    2  0 -2  0 -4  1  2 -3  1 -2 -3  2 -2 -4  3  0  0 -5 -3  0   17   3   1   4   0   6  13   0   4   2   2  16   1   0  15   4   5   0   0   7  0.32 0.23
  257 A    4 -4 -3 -4 -3 -1 -3  0 -4 -1  2 -3 -2 -3 -3  1  2 -5 -4 -1   38   0   1   0   0   2   1   6   0   3  21   1   1   1   1  10  11   0   0   3  0.49 0.33
  258 F   -4 -6 -7 -7 -5 -6 -7 -7 -6  1  2 -6  0  7 -7 -5 -4 -4 -2  2    1   0   0   0   0   0   0   0   0   7  21   0   2  52   0   0   1   0   0  16  1.49 0.57
  259 T    1 -5 -4 -5 -4 -4 -4  1 -5  4 -2 -4  0 -4 -2  0  3 -5 -4  4    9   0   0   0   0   0   0  12   0  21   1   0   2   0   2   5  21   0   0  27  0.62 0.36
  260 G    1 -7 -5 -6 -7 -6 -6  7 -6 -8 -8 -6 -7 -7 -5 -3 -6 -7 -7 -7   10   0   0   0   0   0   0  88   0   0   0   0   0   0   0   1   0   0   0   0  2.32 0.79
  261 F   -2 -6 -6 -7 -4 -6 -6 -7 -6  5  1 -6 -2  2 -6 -5 -3 -5 -4  5    3   0   0   0   0   0   0   0   0  33  12   0   0   9   0   0   1   0   0  42  1.19 0.49
  262 L   -2 -6 -6 -7 -4 -6 -6 -5 -6  5  4 -6  0 -3 -6 -5 -3 -6 -4  4    3   0   0   0   0   0   0   1   0  32  36   0   1   0   0   0   0   0   0  27  1.14 0.47
  263 V   -5 -7 -7 -7 -5 -6 -7 -7 -7  7  1 -6  1 -4 -6 -6 -4 -6 -5  5    0   0   0   0   0   0   0   0   0  55   9   0   2   0   0   0   0   0   0  33  1.64 0.61
  264 A    6 -6 -6 -6 -5 -5 -5 -3 -6 -3 -5 -5 -5 -7  5 -3 -4 -7 -6 -2   68   0   0   0   0   0   0   1   0   2   0   0   0   0  26   1   0   0   0   2  1.68 0.70
  265 L    1 -5 -5 -6  0 -5 -5 -1 -5  5  3 -5  2 -1 -2 -3 -1 -5 -4  0   15   0   0   0   2   0   0   4   0  39  24   0   5   2   2   1   3   0   0   4  0.73 0.37
  266 L   -4 -6 -7 -7 -4 -6 -6 -7 -6  5  4 -6  1 -2 -6 -6 -4 -6 -4  4    0   0   0   0   0   0   0   0   0  36  32   0   2   1   0   0   0   0   0  29  1.27 0.51
  267 I   -2 -5 -4 -5 -5 -5 -5  4 -6  2 -3 -5 -3 -5 -5  1 -2 -6 -5  5    2   0   0   0   0   0   0  34   0  13   1   0   0   0   0  12   1   0   0  37  0.97 0.47
  268 L    1 -5  5 -4 -5 -4 -5 -1 -4 -3  4 -4 -2  1 -5 -3 -3 -5 -4 -1   14   0  33   0   0   0   0   4   0   0  36   0   1   7   0   0   0   0   0   5  0.83 0.45
  269 S    5 -5 -4 -3 -4 -4 -4 -2 -5 -3  2 -4  1 -3 -4  1  1 -5 -5 -2   50   0   0   1   0   0   0   2   0   1  22   0   3   1   0  11   8   0   0   1  0.82 0.45
  270 P    4 -6 -6 -6 -6 -5 -5 -5 -6 -6 -6 -5 -6 -7  7 -2 -5 -7 -7 -3   35   0   0   0   0   0   0   0   0   0   0   0   0   0  61   2   0   0   0   2  2.10 0.77
  271 E   -5 -5 -3 -3 -8 -3  8 -7 -5 -8 -8 -4 -7 -8 -6 -3 -5 -8 -7 -7    0   0   1   0   0   0  98   0   0   0   0   0   0   0   0   1   0   0   0   0  2.70 0.95
  272 G    1 -4 -3 -4 -2 -3 -4  2  7  2 -2 -4 -1 -3 -5  1  2 -5  1 -3   10   0   0   0   1   0   0  16  32  11   3   0   2   0   0   9  12   0   4   0  0.83 0.43
  273 L    1 -5 -5 -5 -3 -4 -5 -5 -5  3  3 -4  1  0 -5 -2 -1 -1 -2  3   14   0   0   0   0   0   0   0   0  18  30   0   4   4   0   3   3   1   0  23  0.61 0.31
  274 G    3 -5  0 -4 -4 -4 -4  0 -5 -5 -5 -4 -4 -6 -2  2  6 -6 -5 -4   23   0   3   0   0   0   0   8   0   0   0   0   0   0   2  14  51   0   0   0  1.11 0.54
  275 A    7 -5 -5 -5 -2 -4 -4 -3 -5 -5 -5 -4 -4 -6 -4  0 -2 -6 -5 -3   90   0   0   0   1   0   0   0   0   0   0   0   0   0   0   6   2   0   0   1  1.79 0.66
  276 L   -2 -5 -6 -6 -2 -4 -5 -5 -6  4  2 -5 -1  0 -5 -4 -3 -5 -2  5    2   0   0   0   1   0   0   0   0  25  20   0   1   4   0   0   0   0   1  46  0.99 0.39
  277 K   -3  5 -1 -4 -5  0 -3 -3 -3  0 -2  3  0 -4 -4 -1  1 -3 -3  0    1  40   2   0   0   3   0   2   0   7   3  15   3   0   0   4  11   0   0   8  0.63 0.32
  278 A    5 -5 -4 -5 -3 -4 -4 -2 -5 -2 -2 -4  3 -2 -4 -1 -3 -5 -4  3   61   0   0   0   0   0   0   2   0   0   3   0   7   2   0   3   0   0   0  22  1.03 0.47
  279 V    7 -5 -5 -5 -4 -4 -4 -3 -5 -4 -5 -4 -4 -6 -4  0 -2 -6 -5  0   89   0   0   0   0   0   0   0   0   0   0   0   0   0   0   4   1   0   0   5  1.76 0.65
  280 L   -2  3 -3 -4 -3 -1 -3 -4 -3  0  3  0  5 -1 -4 -2 -2  3  1  0    2  21   1   0   0   3   0   1   0   5  26   4  16   2   0   3   1   4   6   6  0.45 0.26
  281 N    2  4  2 -2 -4  0 -2 -2 -2 -4 -4  5 -2 -5 -4 -1 -2 -5 -4 -4   19  20  12   1   0   4   0   2   1   0   1  36   1   0   0   2   1   0   0   0  0.70 0.35
  282 N   -4 -4  8  4 -6 -3 -3  1 -3 -7 -7 -4 -6 -7 -5 -3 -4 -7 -6 -7    0   0  67  22   0   0   0  10   0   0   0   0   0   0   0   0   0   0   0   0  1.88 0.64
  283 Q   -3  5  0  0 -6  3  2 -4  0 -6 -4  4 -4 -6 -4 -3 -3 -5 -4 -5    1  29   5   4   0  14  14   0   2   0   1  31   0   0   0   0   0   0   0   0  0.96 0.40
  284 V   -3 -5 -6 -7 -4 -4 -6 -6 -5  2  3 -5  9 -2 -6 -5 -3 -5 -4  2    1   0   0   0   0   0   0   0   0   9  26   0  49   1   0   0   1   0   0  13  1.52 0.55
  285 Q   -5 -3 -1  5 -7  8 -1 -3 -4 -7 -6 -3 -5 -7 -5 -3 -4 -6 -6 -6    0   0   2  31   0  61   2   2   0   0   0   0   0   0   0   1   0   0   0   0  1.84 0.67
  286 R   -1  4 -1 -4 -4 -2 -3 -4 -3  0  3  0 -1 -3 -3 -1  2 -5 -4 -1    6  29   2   0   0   0   0   0   0   5  30   3   0   0   1   4  15   0   0   4  0.49 0.29
  287 A    4 -4 -3 -4 -3 -3 -3 -2 -4 -3 -4 -3 -3 -5 -2  5  0 -6 -4  2   34   0   0   0   0   0   0   1   0   0   0   0   0   0   1  43   5   0   0  14  0.89 0.44
  288 M   -3 -5 -5 -6 -4 -4 -5 -6 -5  4  3 -5  5 -2 -5 -2 -2 -5 -4  4    0   0   0   0   0   0   0   0   0  21  26   0  16   1   0   3   1   0   0  33  0.94 0.38
  289 N   -3 -4  7 -2 -6 -2  1  1 -3 -6 -7 -3 -5 -6 -5  2 -3 -7 -5 -6    1   0  63   0   0   1   7  12   0   0   0   0   0   0   0  16   0   0   0   0  1.52 0.57
  290 L   -3 -5 -6 -6 -4 -5 -5 -5 -6  5  4 -5 -1 -3 -5 -5 -1 -5 -4  4    0   0   0   0   0   0   0   1   0  31  39   0   0   0   0   0   3   0   0  26  1.02 0.40
  291 F    6 -5 -5 -5  4 -4 -4 -3 -5 -4 -2 -4 -4  2 -4 -1 -3 -5 -1 -2   74   0   0   0   7   0   0   1   0   0   4   0   0   8   0   2   0   0   2   1  1.29 0.53
  292 F   -3 -4 -5 -6 -4 -4 -5 -6  2  3  4 -4  5  2 -5 -4 -3 -3  1  2    0   0   0   0   0   0   0   0   5  15  37   0  14   8   0   0   0   0   5  15  0.75 0.32
  293 G   -4 -6 -4 -5 -6 -6 -6  8 -6 -8 -8 -5 -7 -7 -6 -4 -5 -6 -7 -7    0   0   0   0   0   0   0 100   0   0   0   0   0   0   0   0   0   0   0   0  2.62 0.75
  294 S    3 -4 -3 -2 -4 -4 -4 -4 -5 -6 -6 -4 -5 -6 -4  7 -2 -6 -5 -5   21   0   0   1   0   0   0   0   0   0   0   0   0   0   0  77   0   0   0   0  1.66 0.66
  295 V    3 -4 -3 -4 -3 -3 -3 -2 -4 -3 -2 -3 -3 -1 -4  5  1 -5 -4  2   24   0   0   0   0   1   0   1   0   0   4   0   0   3   0  47   7   0   0  13  0.75 0.41
  296 L   -2 -5 -6 -6  0 -5 -5 -6 -5  1  5 -5  4 -2 -5 -4 -1 -5 -4  2    2   0   0   0   2   0   0   0   0   7  61   0  12   0   0   1   5   0   0  11  1.04 0.41
  297 A    4 -3 -3 -4 -4  5 -2 -4 -4 -4 -1 -3 -3 -5 -4  3 -3 -5 -5 -1   38   0   0   0   0  33   0   0   0   0   5   0   0   0   0  20   0   0   0   4  0.97 0.48
  298 T   -3 -5 -4 -4 -1 -4 -4 -5 -5  5 -3 -4 -3 -4 -4  3  5 -6 -4  1    0   0   0   0   1   0   0   0   0  30   0   0   0   0   0  22  39   0   0   8  1.01 0.47
  299 I    4 -5 -5 -5 -3 -4 -5 -4 -5  5 -1 -4 -2 -4 -5 -1 -2 -5 -4  3   34   0   0   0   0   0   0   0   0  40   3   0   0   0   0   4   1   0   0  18  0.94 0.42
  300 S   -1 -4 -4 -4 -1 -4 -5  4 -5  1  3 -4  2 -3 -5  0 -3 -4 -4 -2    4   0   0   0   1   0   0  36   0  10  34   0   6   0   0   8   0   0   0   1  0.68 0.33
  301 L   -5 -6 -7 -7 -5 -6 -6 -5 -5 -2  5 -6  0  6 -6 -6 -5 -4 -2 -2    0   0   0   0   0   0   0   1   0   0  67   0   1  30   0   0   0   0   0   1  1.53 0.54
  302 T   -3 -5 -3 -5 -4 -4 -5 -5 -6 -1 -3 -5 -2 -5 -5 -2  6 -6 -5  5    0   0   0   0   0   0   0   0   0   2   0   0   1   0   0   1  60   0   0  35  1.50 0.59
  303 V    3 -5 -5 -5 -3 -4 -4 -4 -5  4 -1 -4 -1 -2 -4 -3  2 -5 -4  4   24   0   0   0   0   0   0   0   0  28   2   0   1   1   0   0  12   0   0  31  0.79 0.37
  304 P   -5 -6 -6 -6 -7 -6 -5 -7 -7 -7 -7 -5 -7 -8  9 -5 -5 -8 -7 -7    0   0   0   0   0   0   0   0   0   0   0   0   0   0 100   0   0   0   0   0  3.40 0.93
  305 V    4 -4 -4 -5 -1 -4 -4 -3 -4  1 -1 -4 -2  2 -4  0  1 -4 -3  4   35   0   0   0   1   0   0   1   0   6   5   0   0  10   0   5   7   0   0  29  0.57 0.32
  306 V   -3 -5 -6 -6 -4 -5 -5 -6 -6  2  4 -5  5 -3 -5 -5 -3 -5 -4  5    0   0   0   0   0   0   0   0   0  10  38   0  14   0   0   0   1   0   0  37  1.08 0.42
  307 T    2 -4 -4 -4 -3 -3  0 -3 -4  1  2 -3  1 -3 -4 -2  0 -5 -3  4   21   0   0   0   0   0   9   1   0   5  19   0   2   0   0   2   4   0   0  37  0.51 0.29
  308 L    1 -4 -5 -5 -2 -4 -4 -1 -5  4  3 -4  1  1 -4 -3 -2 -4 -3  2   15   0   0   0   1   0   0   4   0  25  32   0   3   5   0   1   1   0   0  12  0.53 0.27
  309 I    2 -5 -5 -5 -1 -4 -4 -4 -5  5  2 -4  1 -1 -4 -3 -2 -3 -2  3   21   0   0   0   1   0   0   0   0  32  15   0   3   1   0   1   2   0   1  23  0.67 0.31
  310 A    3 -4 -2 -4  0 -4 -4  5 -4 -5 -5 -4 -3 -2 -4  4 -1 -5 -5 -4   20   0   1   0   2   0   0  40   0   0   0   0   1   2   0  31   2   0   0   0  0.96 0.42
  311 F   -2 -2 -3 -5 -4 -1 -3 -4 -1  2  3 -3  0  0 -3 -2 -2  8  3  1    2   2   1   0   0   3   2   1   1  11  29   1   2   3   1   3   2  20   9   8  0.66 0.29
  312 M    0 -4 -5 -5 -3 -4 -5 -4 -4  3  2 -4  2  4 -5 -4 -3  6  3  1    8   0   0   0   0   0   0   0   0  17  23   0   5  16   0   0   1  11   9  11  0.67 0.29
  313 T   -3 -4 -2 -4 -3 -3 -4 -5 -4  3  2 -2  4  2 -4  0  3 -2  0  0    0   0   2   0   0   1   0   0   0  16  21   2  11   9   0   6  26   0   3   4  0.49 0.28
  314 G   -2 -4  1  3 -5 -3 -2  6  0 -6 -6 -3 -5 -6  0 -1 -3 -6 -5 -6    1   1   6  18   0   1   2  60   2   0   0   1   0   0   4   3   1   0   0   0  1.19 0.44
  315 N   -2  1  0 -2 -4  5  0  0  1 -1 -2  2 -1 -4 -3 -1  0 -2 -3  0    1   6   4   1   0  36   4   8   4   5   3  12   2   0   0   2   5   0   0   7  0.47 0.29
  316 E   -3 -1  0  1 -5  0  0 -3 -3 -5 -6 -1 -5 -6  7 -1  1 -6 -5 -5    1   4   3   9   0   4   7   2   0   0   0   4   0   0  53   4  10   0   0   0  1.26 0.46
  317 L   -4 -5 -6 -6 -4 -4 -5 -6 -5  2  3 -5  7  2 -6 -5 -4 -4 -3  2    0   0   0   0   0   0   0   0   0  10  31   0  36   7   0   0   0   0   0  15  1.20 0.46
  318 Q   -1 -2  0  3 -3  0 -1 -4  0  2 -1 -2 -1 -3  0  0  3 -4 -2  2    2   1   5  17   0   4   2   0   2  12   4   0   1   1   4   6  21   0   1  17  0.26 0.20
  319 F   -5 -5 -7 -7 -5 -5 -6 -7 -6 -1  6 -6  4  2 -6 -6 -4 -4 -4 -2    0   0   0   0   0   0   0   0   0   1  81   0  10   8   0   0   0   0   0   0  1.58 0.55
  320 A    2 -3  1  1 -4 -2 -3  5  2 -3 -4 -3 -3 -3 -4 -1 -3 -5  0  0   15   1   8   9   0   1   1  44   6   0   1   0   0   1   0   2   0   0   3   8  0.65 0.31
  321 L   -4 -5 -6 -6 -4 -5 -2 -6 -5  1  4 -5  3  6 -5 -5 -4 -3 -1 -1    0   0   0   0   0   0   4   0   0   7  38   0   8  40   0   0   0   0   0   2  1.15 0.44
  322 G   -1 -2  3  2 -4  0  2  1 -1 -4 -4 -1 -4 -5 -1  2  3  0 -4 -4    2   1  15  11   0   3  14  13   1   1   0   1   0   0   2  14  20   1   0   0  0.43 0.25
  323 A    1 -2 -2 -3 -4 -2 -3 -1 -1 -2 -2 -2  0 -5  6  0  2 -1 -4 -2   13   1   2   1   0   1   0   4   2   3   5   2   2   0  43   5  13   1   0   1  0.87 0.36
  324 P    0 -1 -3 -3 -3 -1 -1 -1 -3 -1  0  0  0  4  2 -2  1 -3  0  1   10   3   0   0   0   2   3   4   0   2   9   8   2  25  10   1  10   0   2  10  0.25 0.19
  325 E   -2 -3  1  2 -6  4  5 -2  3 -6 -4 -2 -4 -6 -4 -1 -3 -6 -4 -5    2   0   7  11   0  20  46   3   6   0   1   0   0   0   0   4   0   0   0   0  1.01 0.44
  326 M   -2 -3 -4 -5 -3 -3 -4 -3 -4  2  3 -4  5 -3 -4 -1  4 -4 -4  1    3   1   0   0   0   0   0   1   0  11  26   0  18   0   0   3  28   0   0  10  0.66 0.34
  327 V    0 -5 -5 -6 -4 -5 -5 -1 -6  2  0 -5  0 -4 -5 -4  0 -5 -4  6    7   0   0   0   0   0   0   5   0  11   6   0   2   0   0   0   6   0   0  63  1.03 0.43
  328 V    3 -4 -4 -5 -3 -3 -4 -4 -4  0  3 -4  5 -1 -4 -1 -1 -4 -3  1   27   0   0   0   0   1   0   0   0   3  36   0  16   2   0   4   2   0   0   8  0.63 0.33
  329 M   -4 -5 -6 -6 -4 -5 -5 -6 -5  1  5 -5  5  2 -5 -5 -3 -4 -3  2    0   0   0   0   0   0   0   0   0   6  53   0  14  10   0   0   1   0   0  16  1.02 0.40
  330 V    3 -4 -4 -4 -2 -4 -4  0 -4  2  1 -4  1  3 -4 -2 -2 -3 -1  2   30   0   0   0   0   0   0   8   0  10  15   0   3  13   0   2   1   0   1  17  0.40 0.24
  331 A    0 -4 -4 -5 -3 -4 -4 -4 -5  3  4 -4  2 -1 -4 -2  1 -4 -3  3    7   0   0   0   0   0   0   0   0  14  39   0   4   2   0   3   8   0   0  23  0.60 0.28
  332 S    2 -4 -3 -4 -4 -3 -4 -3 -4 -3 -4 -3 -4 -5 -4  4  6 -6 -5 -2   20   0   0   0   0   0   0   1   0   0   0   0   0   0   0  28  48   0   0   3  1.12 0.50
  333 L   -1 -5 -5 -6 -3 -4 -5 -3 -5  1  4 -5  0  1 -5 -4 -1 -4 -3  5    3   0   0   0   0   1   0   2   0   6  38   0   1   7   0   0   3   0   0  40  0.80 0.35
  334 V    0 -4 -5 -5 -3 -4 -5 -3 -4  2  4 -4  2  4 -5 -3 -2 -2 -2  2    7   0   0   0   0   0   0   1   0  13  40   0   5  17   0   0   1   0   0  14  0.65 0.29
  335 L    0 -5 -5 -5 -3 -4 -5 -5 -5  4  3 -5  0 -2 -5 -4  0 -5 -3  4    6   0   0   0   0   0   0   0   0  21  32   0   1   0   0   0   4   0   0  35  0.82 0.34
  336 C    3 -4 -2 -4  4 -3 -3  0 -4 -1 -3 -3  0 -4 -3  3  2 -5 -4  2   24   0   1   0   8   0   0   6   0   2   1   0   2   0   0  30  11   0   0  16  0.53 0.31
  337 H    1 -1  3 -2 -3  0 -2 -1  0  1 -1 -1  3 -3 -3  0  2  2 -3  0   12   3  21   0   0   3   0   3   2  11   2   3  11   0   0   5  13   3   0   7  0.26 0.21
  338 I   -1 -3 -2 -4 -2 -1 -3 -4 -3  3  3 -1  1  0 -2  0 -1 -3  2  1    5   0   2   0   0   2   0   0   0  19  30   3   4   4   1  10   2   0   7  10  0.29 0.19
  339 S   -2 -4  2 -3 -3 -3 -3 -4 -4  3  0 -3 -2 -3 -4  2  5 -5 -4  1    1   0   9   0   0   0   0   0   0  18  10   0   0   0   0  15  38   0   0   8  0.63 0.34
  340 F   -2 -4 -2 -4 -3 -3 -4 -4 -4  1  2 -4 -1  5 -4  2  0 -3  0  2    2   0   1   0   0   0   0   1   0   9  20   0   0  28   0  17   6   0   1  13  0.51 0.27
  341 S    0 -2  3 -1 -3  2 -1  1  0 -2 -1 -2  0 -2 -1  2 -1 -4 -3  0    7   1  17   2   0  10   1  12   2   1   7   0   2   1   2  23   2   0   0   8  0.23 0.19
  342 T   -1 -3 -1  6 -5 -2 -1  0  0 -4 -5 -3 -4 -5  1  1  2 -6 -4 -3    4   1   2  45   0   1   2   7   2   0   0   0   0   0   7  12  16   0   0   1  0.79 0.36
  343 G   -1 -3 -4 -4 -6 -2 -3  7 -3 -7 -6 -2 -6 -6 -2 -3 -4 -6 -6 -6    3   2   0   0   0   2   1  85   0   0   0   2   0   0   2   1   0   0   0   0  1.83 0.58
  344 R   -3  6 -2 -1 -4  0  3 -5 -2 -6 -5  3 -4 -4 -4 -3 -3 -6 -5 -5    1  53   1   3   0   3  18   0   0   0   0  18   0   0   0   1   1   0   0   0  1.23 0.47
  345 T    1 -4 -3 -4 -2 -3 -4 -3 -4 -3 -3 -3 -4 -4 -4  4  6 -5 -4  0   10   0   0   0   0   0   0   0   0   0   1   0   0   1   0  30  51   0   0   6  1.08 0.49
  346 N   -3 -4  7 -1 -5 -3 -4 -4  1 -6 -4 -4 -5 -6 -5 -1  4 -7 -4 -5    2   0  63   3   0   0   0   0   3   0   1   0   0   0   0   3  25   0   0   0  1.60 0.59
  347 V    1 -1 -5 -5 -4 -3 -4 -3 -3  1  0 -4 -1  0  0 -3 -3  9  3  2   14   4   0   0   0   1   0   2   0   7   7   0   1   2   5   1   0  29  12  15  0.94 0.38
  348 L   -4 -5 -6 -6 -4 -4 -5 -6 -4  3  5 -5  3  2 -5 -4 -4 -4  0  0    0   0   0   0   0   0   0   0   0  14  63   0   6   9   0   1   0   0   2   4  1.05 0.40
  349 N   -3 -3  1 -1 -6  4  5 -4  3 -5 -4 -1 -3 -1 -4 -2 -2 -5 -1 -5    1   0   7   2   0  22  48   0   8   0   1   1   0   3   0   1   2   0   2   0  1.02 0.45
  350 G   -3 -6 -4 -5 -6 -5 -6  8 -6 -8 -7 -5 -6 -7 -6 -4 -5 -6 -7 -7    0   0   0   0   0   0   0  99   0   0   0   0   0   0   0   0   0   0   0   0  2.54 0.73
  351 A    3 -3 -3 -4 -1 -3 -2  1 -4  1  1 -3  3 -1 -3 -1  1 -2 -2  2   31   0   0   0   1   0   2   9   0   6  12   0  10   3   0   4   8   0   1  15  0.31 0.22
  352 A    0 -4 -4 -5 -3 -1 -4 -4 -4  0  2 -4  5 -3 -4 -1  2 -4 -3  4    9   0   0   0   0   2   0   1   0   2  20   0  18   0   0   4  15   0   0  29  0.58 0.32
  353 H   -3 -4 -3 -5  1 -3 -4 -6  9 -3  4 -3 -2 -4 -5 -3 -4 -5 -2 -4    1   0   0   0   3   0   0   0  54   0  37   1   0   0   0   2   0   0   0   0  1.75 0.60
  354 L   -4 -5 -6 -6 -3 -5 -6 -5 -5  0  6 -5  2  2 -6 -5 -4 -4 -3 -1    0   0   0   0   0   0   0   1   0   4  80   0   4   9   0   0   0   0   0   2  1.38 0.49
  355 A    3 -4 -4 -4 -3 -3 -4  1 -4  1 -1 -3  2 -2 -4  0 -1 -4 -3  4   28   0   0   0   0   0   0  11   0   6   2   0   7   1   0   6   2   0   0  35  0.52 0.29
  356 L    0 -4 -2 -4 -3 -4 -4 -4 -4  2  4 -4  2  0 -4 -2  1 -4 -3  2    7   0   2   0   0   0   0   0   0  12  42   0   6   3   0   1  10   0   0  18  0.55 0.26
  357 F   -5 -5 -6 -6 -2 -5 -6 -6 -3 -3  0 -5  0  8 -6 -5 -5 -2  7 -4    0   0   0   0   1   0   0   0   0   0   7   0   2  55   0   0   0   0  33   0  1.90 0.58
  358 A    4 -4 -4 -4  1 -3 -4 -1 -4  1  1 -3 -1  1 -4 -1 -1 -4 -3  2   45   0   0   0   3   0   0   5   0   8  13   0   1   6   0   1   4   0   0  14  0.49 0.29
  359 A    3 -4 -4 -4  0 -3 -3 -2 -4  4  0 -3 -1  0 -4 -1  2 -4 -3  2   27   0   0   0   2   0   1   2   0  27   5   0   0   3   0   4  12   0   0  18  0.47 0.27
  360 Y   -4 -5 -5 -6 -5 -5 -5 -6 -3  2  1 -5  2  5 -6 -5 -4  3  7 -2    0   0   0   0   0   0   0   0   0  12  11   0   5  26   0   0   0   3  40   1  1.34 0.47
  361 L    2 -4 -4 -4 -3 -3 -4  2 -4  2  3 -3  0 -1 -4 -2 -1 -4 -3  2   21   0   0   0   0   0   0  19   0  12  28   0   2   2   0   1   2   0   0  13  0.41 0.23
  362 M   -2 -5 -5 -6 -4 -4 -5 -5 -4  2  3 -5  5  5 -5 -4 -3 -3 -1  2    3   0   0   0   0   0   0   0   0  12  28   0  18  24   0   0   1   0   0  13  0.84 0.34
  363 T    3 -4 -3 -4 -3 -3 -4 -1 -4  0  4 -3  1 -2 -4 -1  1 -4 -3 -1   25   0   0   0   0   0   0   5   0   5  43   0   3   1   0   4  12   0   0   1  0.50 0.29
  364 I   -1 -4 -4 -5 -3 -4 -4 -2 -4  3  2 -4  2  6 -5 -1 -2 -2  0  1    4   0   0   0   0   0   0   3   0  18  16   0   5  38   0   6   1   0   1  11  0.67 0.28
  365 F   -5 -5 -6 -6 -5 -6 -6 -6 -3 -1 -2 -6 -3  8 -6 -5 -5  1  5 -3    0   0   0   0   0   0   0   0   0   4   2   0   0  72   0   0   0   1  21   0  2.04 0.55
  366 A    5 -3 -2 -3 -2 -2 -2 -1 -3 -3 -3 -2 -3 -4 -2  3 -1 -4 -3 -2   68   0   0   0   0   0   0   2   0   0   0   0   0   0   0  30   0   0   0   0  0.85 0.26

                      K         Lambda
Standard Ungapped    0.1378     0.3263
Standard Gapped      0.0475     0.2670
PSI Ungapped         0.1561     0.3188
PSI Gapped           0.0475     0.2670
