
Last position-specific scoring matrix computed, weighted observed percentages rounded down, information per position, and relative weight of gapless real matches to pseudocounts
           A  R  N  D  C  Q  E  G  H  I  L  K  M  F  P  S  T  W  Y  V   A   R   N   D   C   Q   E   G   H   I   L   K   M   F   P   S   T   W   Y   V
    1 M   -3 -4 -5 -6 -4 -3 -4 -5 -4 -1  2 -4 10 -2 -5 -4 -3 -4 -3 -1    0   0   0   0   0   0   0   0   0   0  14   0  86   0   0   0   0   0   0   0  1.95 0.43
    2 M   -3  0 -3 -4 -4 -1 -2 -4 -3 -1  0  5  7 -1 -4 -3 -2 -4 -3 -2    0   3   0   0   0   1   0   0   0   3   9  46  34   2   0   0   2   0   0   0  0.94 0.35
    3 R   -2  8 -2 -4 -6 -2 -3  0 -3 -6 -5  0 -4 -3 -5 -2 -4 -5 -4 -5    3  85   0   0   0   0   0   7   0   0   0   1   0   1   0   2   0   0   0   0  1.68 0.46
    4 I   -3 -5 -5 -5 -3 -4 -5 -5 -5  6  1 -4  1  1 -5 -3 -1 -4 -3  3    0   0   0   0   0   0   0   0   0  64   7   0   2   7   0   1   4   0   0  15  0.99 0.31
    5 A    1 -1 -2 -3 -3 -3 -2  1 -3  1  2 -2  1  3 -3 -2 -1  0 -1  1   13   5   1   0   0   0   2  13   0  10  20   0   3  20   0   1   4   1   0   8  0.20 0.12
    6 L   -4 -4 -5 -6 -3 -4 -5 -6 -5  1  5 -4  5  0 -5 -4 -3 -4 -1 -1    0   0   0   0   0   0   0   0   0   4  76   0  15   3   0   0   1   0   2   0  1.17 0.36
    7 F   -5 -5 -6 -6 -5 -5 -6 -6 -4 -2  1 -5 -2  8 -6 -5 -3  4  1 -3    0   0   0   0   0   0   0   0   0   0  11   0   0  81   0   0   1   6   1   0  1.94 0.47
    8 L   -2 -4 -5 -5 -3 -4 -4 -4 -4  2  5 -2  1 -1 -4 -4 -2 -4 -3  2    3   0   0   0   0   0   0   1   0  11  68   3   1   0   0   0   1   0   0  11  0.83 0.28
    9 L    2  0 -3 -4 -2 -2 -3 -1 -3  2  3 -2  1 -1 -3 -2 -2 -3 -2  1   26   5   0   0   0   0   0   5   0  11  36   0   3   2   0   0   1   0   0   8  0.31 0.16
   10 T   -1 -3 -2 -3 -3 -3 -3 -2 -4 -2 -3 -3 -1  0 -3  0  7 -4 -3 -2    3   0   0   0   0   0   0   2   0   1   1   0   1   5   0   2  80   0   0   2  1.28 0.41
   11 N   -2 -3  8 -1 -4 -2 -3  0 -2 -4 -3 -2  0 -4 -4  0 -1 -2 -4 -4    2   0  75   0   0   0   0   6   0   0   3   0   2   0   0   4   3   1   0   0  1.40 0.40
   12 L   -2 -4 -4 -5 -3 -4 -4 -5 -4  3  4 -4  2  2 -4 -3 -1  1 -2  1    2   0   0   0   0   0   0   0   0  21  49   0   5   9   0   2   2   2   0   7  0.63 0.23
   13 A    5 -3 -3 -4 -3 -3 -3 -2 -4 -2  1 -3 -1 -3 -3  0  2 -4 -2 -1   60   0   0   0   0   0   0   2   0   0  17   0   1   0   0   5  11   0   2   2  0.69 0.31
   14 V   -2 -4 -5 -5 -3 -4 -5 -5 -5  4  1 -4  5 -3 -5 -4 -1 -5 -3  5    2   0   0   0   0   0   0   0   0  20   6   0  16   0   0   0   3   0   0  54  0.97 0.33
   15 M   -1 -4 -5 -5 -3 -3 -4 -4 -4  2  3 -4  6  3 -5 -4 -2 -3  0  2    4   0   0   0   0   0   0   1   0  12  26   0  27  16   0   0   1   0   2  13  0.70 0.26
   16 V    0 -4 -4 -5 -2 -4 -4 -3 -4  2  3 -4  1  2 -4 -3 -1 -3 -2  2   11   0   0   0   1   0   0   2   0  12  40   0   2  10   0   0   4   0   0  19  0.48 0.20
   17 V   -2 -4 -4 -5 -3 -4 -4 -4 -5  2  3 -4  1 -1 -4 -2  1 -4 -2  5    1   0   0   0   0   0   0   1   0   6  26   0   3   1   0   2  10   0   0  50  0.68 0.27
   18 F    0 -4 -4 -5 -3 -4 -4 -3 -4  2  3 -4  0  5 -4 -3 -1  1  0  0   10   0   0   0   0   0   0   1   0  16  29   0   1  31   0   0   4   1   2   5  0.57 0.23
   19 G    2 -2 -1 -3 -3 -2 -3  4 -1 -4 -2 -2 -2 -3 -3  4  0  2 -3 -3   16   1   2   0   0   0   0  29   1   0   3   0   1   1   0  38   3   3   0   0  0.61 0.27
   20 L   -2 -4 -5 -5 -3 -4 -5 -5 -5  5  3 -4  0  1 -4 -3 -1 -4 -3  3    2   0   0   0   0   0   0   0   0  46  26   0   0   5   0   2   4   0   0  16  0.77 0.27
   21 V   -2 -2 -3 -4 -3 -3 -4 -4 -3  3  1 -3 -1  1 -4 -2  2 -3  3  4    1   1   0   0   0   0   0   0   0  20   8   0   0   7   0   2  15   0  12  32  0.49 0.22
   22 L   -1 -4 -4 -5 -1 -3 -4 -4 -4  2  4 -4  4  3 -4 -2 -1  0  0  0    5   0   0   0   1   0   0   0   0  15  43   0  12  12   0   1   3   1   3   3  0.56 0.22
   23 S    0  2  1 -2 -3 -1 -2  0  0 -1 -2  0 -1 -2 -2  3  0 -3  0  1    6  12   8   0   0   1   0   5   2   3   2   4   2   2   1  35   4   0   3  11  0.23 0.16
   24 L   -3 -4 -4 -5 -2 -4 -4 -5 -4  4  4 -4  0  4 -4 -4 -2 -3  0  2    0   0   0   0   1   0   0   0   0  23  40   0   1  17   0   0   1   0   2  13  0.68 0.23
   25 T    0 -3 -3 -4 -3 -3 -3 -1 -3  0  3 -3  0  3 -3 -2  2 -3  0  1    8   0   0   0   0   0   0   4   0   3  42   0   1  13   0   2  16   0   2   8  0.37 0.18
   26 G   -1 -4 -2 -2 -4 -4 -4  7 -3 -3 -4 -3 -4 -4 -2 -2 -3  0  0 -5    2   0   1   1   0   0   0  81   0   1   1   1   0   0   2   2   1   1   4   0  1.46 0.38
   27 I    0 -3 -2 -3 -1 -3 -3 -3 -4  3  1 -3  1  1 -3 -2 -2 -2 -2  4    5   0   2   2   1   0   1   1   0  23  14   1   2   7   0   3   1   0   0  37  0.44 0.18
   28 Q   -1  0  3  2 -3  2  1  0  1 -1  0  0 -1 -2 -2  0 -1 -1 -2 -2    3   3  17  12   0  13   7   8   3   3  14   3   1   2   1   4   2   1   0   2  0.15 0.10
   29 S    0  1  0 -2 -3 -1 -2  3  0 -1 -2 -1 -1 -1  1  2  1 -3 -1 -2    5   8   3   0   0   2   0  29   2   5   3   0   2   3   8  18   8   0   1   1  0.26 0.13
   30 S    0  0  0 -2 -3  1 -1  1 -1 -1  1 -2 -1  0 -3  1 -1  0  4 -1    8   4   4   1   0   7   3  12   0   3  18   0   0   3   0  14   2   1  18   1  0.15 0.12
   31 S   -2 -2  4  2 -3 -1  0  1 -1 -3 -3 -2 -3 -1 -1  2  1  2  2 -2    1   0  27  15   0   2   4   8   0   1   1   0   0   1   3  15   7   3  10   2  0.37 0.17
   32 V   -1 -2 -2 -3 -2 -2 -3 -2 -2  2  2 -2  3  2 -2 -1  0 -2  2  1    2   2   2   1   0   1   0   4   0  13  25   1  12   9   1   3   5   0  11   7  0.24 0.12
   33 Q    0 -1  1 -1 -3  1 -1  3 -2 -1 -2 -1 -1 -1  0  1  1  0  0  0    7   2   8   1   0   8   1  26   0   3   3   2   1   3   3   9  11   1   3   7  0.18 0.10
   34 G    1 -2  1 -2 -3 -1 -1  4 -2 -3 -3 -1  0 -2  0  2 -1 -4 -3 -2   15   2   7   1   0   2   3  37   0   0   1   3   3   2   4  17   2   0   1   2  0.41 0.16
   35 L   -3 -4 -4 -3 -3 -3 -4 -1 -4  2  5 -4  1  0 -3 -3 -2 -3 -1  0    0   0   0   2   0   1   1   5   0   9  71   0   1   3   1   0   2   0   2   2  0.73 0.24
   36 M   -1 -4 -4 -5 -3 -3 -4 -3 -4  1  5 -4  4  1 -4 -3 -2  0 -1  0    7   0   0   0   0   0   0   1   0   3  60   0  15   6   0   0   1   1   1   4  0.70 0.24
   37 I    0 -4 -4 -4 -2 -3 -4 -2 -4  4  1 -3  2  0 -1 -3 -1 -2 -2  3    6   0   0   0   0   0   0   3   0  35  10   1   5   4   2   0   2   1   0  30  0.48 0.19
   38 M   -3 -4 -4 -5 -4 -4 -4 -4 -3  2  0 -4  5  7 -4 -2 -2  2  2 -1    1   0   0   0   0   0   0   1   0  10   6   0  19  49   0   2   1   3   4   2  0.98 0.29
   39 A    4 -3 -3 -3  6 -2 -3 -2 -3 -2 -2 -3  0 -2 -2  3 -1 -4 -3 -1   44   0   0   0  17   0   0   1   0   1   3   0   2   1   1  24   1   0   0   3  0.64 0.24
   40 L    3 -3 -3 -3 -2 -3 -3  1 -3  0  2 -3  1  2 -3 -1 -1 -3 -2  0   39   0   0   0   0   0   0  12   0   3  22   0   3   9   0   2   2   0   0   6  0.32 0.16
   41 L   -2 -4 -5 -5 -2 -4 -4 -4 -5  4  3 -4  1  0 -4 -4 -2 -4 -2  4    2   0   0   0   0   0   0   1   0  26  30   0   2   3   0   0   0   0   0  36  0.71 0.22
   42 F   -3 -4 -5 -5 -4 -4 -5 -5 -3  2  0 -4  4  6 -5 -4 -3  4  2  2    1   0   0   0   0   0   0   0   0  15   3   0  11  48   0   0   0   5   4  13  0.96 0.28
   43 G    1 -4 -3 -4 -4 -4 -4  7 -4 -5 -4 -4 -3 -2 -4 -2 -3  0 -4 -4   11   0   0   0   0   0   0  82   0   0   1   0   1   3   0   1   0   1   0   1  1.50 0.36
   44 F   -3 -4 -4 -5 -1 -4 -4 -2 -3 -1  0 -4  4  8 -5 -3 -3 -2  0 -2    2   0   0   0   1   0   0   3   0   1   7   0  13  66   0   1   1   0   0   1  1.29 0.33
   45 G    1 -3 -2 -3 -2 -3 -3  5 -3 -1 -2 -3 -1 -3 -3  1  1 -4 -4  0   12   0   0   0   0   0   0  49   0   4   2   0   1   1   0  13   9   0   0   7  0.63 0.21
   46 G   -2 -4 -3 -4 -4 -4 -4  6 -4 -4 -4 -4  2  2 -3 -1 -2  2 -2 -4    1   0   0   0   0   0   0  71   0   0   0   0   8   9   1   3   2   3   1   1  1.19 0.31
   47 S    3 -3  2 -2 -3 -2 -2 -2 -3 -3 -3 -2 -3 -4 -1  5 -1 -5 -4 -2   29   0   8   0   0   0   0   0   0   0   2   0   0   0   3  54   0   0   0   3  0.78 0.29
   48 F   -3 -5 -5 -5 -2 -5 -5 -5 -4  3  3 -5  0  7 -5 -4 -3 -2  0 -1    0   0   0   0   1   0   0   0   0  19  24   0   1  52   0   0   0   0   0   2  1.09 0.29
   49 V   -1 -4 -5 -5 -3 -4 -5 -4 -5  6  1 -4  0  2 -4 -3 -1 -4 -2  3    3   0   0   0   0   0   0   1   0  62   6   0   2   7   0   0   2   0   0  14  0.88 0.27
   50 S   -1 -3 -2 -3 -3  3 -2 -3 -3 -5 -5 -2 -4 -5 -3  6  0 -5 -4 -4    2   0   0   0   0  13   0   0   0   0   0   0   0   0   0  82   4   0   0   0  1.32 0.42
   51 L   -4 -4 -5 -6 -4 -4 -5 -6 -4 -1  6 -5  0  1 -5 -5 -3 -3  4 -2    0   0   0   0   0   0   0   0   0   0  81   0   0   3   0   0   0   0  16   0  1.24 0.35
   52 L    1 -2 -4 -5 -3 -3 -4 -3 -3 -1  3 -4  1  5 -4 -3 -3  5  2 -1   17   2   0   0   0   1   0   1   0   1  30   0   4  29   0   0   0   8   6   0  0.61 0.22
   53 M   -3 -4 -3 -5 -3 -3 -5 -5 -4  3  2 -4  7  4 -5 -4 -2 -3  1 -1    0   0   1   0   0   0   0   0   0  19  18   0  39  16   0   0   1   0   4   0  0.93 0.29
   54 S   -1 -4 -2 -3 -4 -3 -3 -3 -4 -5 -5 -3 -4 -5 -4  7 -1 -6 -5 -4    0   0   0   0   0   0   0   0   0   0   0   0   0   0   0 100   0   0   0   0  1.81 0.51
   55 K   -3  2 -2  3 -6 -1 -1 -4 -1 -5 -5  6 -4 -6 -3 -2 -3 -6 -4 -5    0   9   0  20   0   0   0   0   1   0   0  70   0   0   0   0   0   0   0   0  1.29 0.37
   56 W   -2  0 -3 -4 -3 -1 -2 -3 -2 -3 -4  2 -2  1  1 -1  1 10  0 -3    2   4   0   0   0   1   2   1   1   1   0  16   1   6   7   5  12  39   1   1  1.14 0.30
   57 M   -3 -4 -4 -5 -3 -3 -4 -5 -4  3  2 -4  8 -2 -5 -1  0 -4 -3  0    0   0   0   0   0   0   0   0   0  20  17   0  50   0   0   5   4   0   0   3  1.09 0.34
   58 A    6 -4 -4 -4 -1 -3 -3 -2 -4 -2 -3 -3 -3 -4 -3 -1  0 -5 -4  2   78   0   0   0   1   0   0   0   0   0   0   0   0   0   0   0   5   0   0  17  1.10 0.36
   59 L   -3  0 -3 -4 -4 -2 -2 -4 -3 -1  3  6 -1 -3 -4 -3 -3 -5 -4 -2    0   3   0   0   0   0   0   0   0   2  37  58   0   0   0   0   0   0   0   0  0.95 0.33
   60 R   -1  5 -2 -3 -4  0 -2 -4  0 -4 -3  2  3 -3 -4 -1 -1  6  1 -3    5  39   1   0   0   3   0   0   3   0   0  15  10   0   0   4   2  13   4   0  0.74 0.25
   61 S    2 -3 -2 -3 -3 -2 -3  0 -3 -2 -2 -2  4 -2 -3  5  1  2 -3 -3   15   0   0   0   0   0   0   4   0   1   2   0  14   1   0  52   7   3   0   0  0.66 0.28
   62 V   -2 -3 -3 -4 -3 -3 -4 -4 -1 -1 -1 -3  6  0 -4 -1  3 -3  4  2    2   0   0   0   0   0   0   0   1   1   1   0  30   3   0   2  25   0  15  19  0.71 0.28
   63 G   -2  0  2 -2 -5  0 -3  6  0 -6 -5 -1 -4 -5 -3 -1 -3 -5 -4 -5    0   6  11   1   0   4   0  66   3   0   0   4   0   0   1   4   0   0   0   0  1.09 0.29
   64 G    4 -3 -3 -4  0 -3 -3  2 -4  1 -1 -3  1 -3 -3 -1  1 -4 -3  2   44   0   0   0   1   0   0  14   0   7   1   0   4   0   0   0   8   0   0  21  0.47 0.21
   65 E   -2  4 -2 -2 -4  4  2 -4  2 -3 -3  2 -1 -4 -3 -2 -1 -4 -1  0    0  24   0   0   0  26  15   0   5   0   1  14   1   0   0   1   2   0   2   9  0.56 0.22
   66 V   -2 -2 -4 -4 -3 -1  0 -5 -4  4  0 -2  1 -2 -1 -3  0 -4 -3  5    0   2   0   0   0   2   7   0   0  25   6   1   4   0   2   0   5   0   0  45  0.57 0.22
   67 I   -3 -5 -6 -6 -3 -5 -5 -6 -6  7  1 -5 -1 -2 -5 -5 -3 -5 -4  3    0   0   0   0   0   0   0   0   0  76   6   0   0   0   0   0   0   0   0  18  1.42 0.37
   68 E   -2 -2  1  4 -4  1  4 -1  0 -4 -4  0 -3 -4 -3  1  2 -4 -2 -2    1   0   6  24   0   4  29   3   2   0   1   3   0   0   0  11  13   0   1   2  0.51 0.18
   69 Q    0  0  0 -1 -4  4  3 -2  1 -2 -3  0 -2 -4  2  0  1 -4 -3 -2    5   4   5   1   0  29  22   1   3   2   0   2   0   0  10   4   9   0   0   1  0.48 0.19
   70 P    0 -3 -1  1 -4 -3 -2 -2 -3 -4 -5 -2 -2 -4  7  0 -1 -5 -3 -4    6   1   2   8   0   0   2   3   0   0   0   1   1   0  63   7   4   0   1   1  1.43 0.32
   71 R   -1  4  0  0 -4  2  2 -2 -1 -4 -3  1 -2 -4 -2  1 -1 -4 -3 -3    5  33   2   4   0  11  17   2   0   0   2   7   1   0   1  13   2   0   0   0  0.48 0.18
   72 N    0 -3  6  1 -4 -2 -2 -1  0 -3 -4 -2 -3 -3 -1  1  2 -4  2 -3    7   0  46   8   0   0   0   2   1   1   1   0   0   0   3  10  14   0   7   0  0.68 0.25
   73 E    1  0 -1  0 -4  1  3 -1  0 -3 -4  0 -3 -4  5  0 -2 -4 -3 -3   11   4   2   4   0   7  22   4   3   1   0   4   0   0  27   8   1   0   1   0  0.55 0.18
   74 R    0  0 -1  1 -3  2  2 -2  0 -2 -2  1  0 -3 -1  0  3 -3 -2  0    9   3   1   6   0  11  13   1   3   1   2   9   3   1   1   1  27   0   1   6  0.22 0.12
   75 E   -2 -2 -1  0 -4  0  6 -3 -1 -3 -3 -1 -3 -3 -2 -1 -2 -3  0 -2    2   1   3   1   0   2  73   1   1   2   2   1   0   1   1   2   1   0   4   3  1.00 0.26
   76 R    1  4 -1 -2 -2  3  0 -1  3 -1 -1  1 -1 -1 -1 -1 -1 -3 -1 -2   11  26   2   1   1  20   2   4   8   3   4   5   1   2   2   3   1   0   1   2  0.27 0.11
   77 W   -3 -3 -3 -2 -3  0 -2 -3  0 -3 -1 -2 -2  1 -4 -3 -3 11  1 -3    2   1   1   3   0   5   2   1   2   1   7   2   0   4   1   1   1  58   4   1  1.86 0.31
   78 L   -3 -4 -5 -6 -3 -4 -5 -6 -5  1  6 -4  0  0 -5 -4 -3 -4 -3  1    0   0   0   0   0   0   0   0   0   5  84   0   0   2   0   0   0   0   0   8  1.14 0.29
   79 V   -2 -3 -4 -4 -3 -2 -4 -5  3  1  2 -3  1  2 -4 -3 -2  1  2  3    0   0   0   0   0   1   0   0  11   6  24   0   4   8   0   0   1   2   9  34  0.49 0.18
   80 N    0  1  2  3 -4  2  3 -1 -1 -4 -4  0 -3 -1 -3  0 -1 -4 -3 -3    8   6  13  20   0  12  22   4   1   0   0   3   0   3   0   6   2   0   0   0  0.41 0.14
   81 T   -1  0 -2 -3 -3 -2 -2 -3 -3  1 -1  0  2 -3 -3  1  6 -4 -3 -1    3   4   0   0   0   0   1   0   0   8   3   5   6   0   0   6  60   0   0   2  0.64 0.22
   82 V   -1 -4 -5 -5 -3 -4 -4 -5 -5  3 -1 -4 -1 -2 -4 -3  0 -5 -3  6    2   0   0   0   0   0   0   0   0  17   1   0   0   0   0   0   4   0   0  76  1.05 0.27
   83 A    1  3  0 -1 -3  2  2 -1  2 -3 -3  1 -2 -3 -2  0 -1 -3 -1 -2   18  25   3   0   0   8  17   4   7   0   0   6   0   0   0   5   3   0   2   1  0.34 0.12
   84 T   -1  5  0 -1 -4  2  2 -2  0 -4 -2  2 -2 -4 -3  0 -1 -4 -3 -3    4  41   3   2   0  10  14   2   1   0   3  11   0   0   0   5   1   0   0   1  0.54 0.16
   85 Q   -3 -2 -3 -3 -3  5 -1 -4 -1 -1  4 -2  1  1 -4 -3 -2 -3  0 -1    0   0   0   0   0  34   1   0   1   1  50   0   2   6   0   0   2   0   2   1  0.63 0.22
   86 A    5 -1 -2 -3 -2 -2 -2 -1 -3 -3 -4 -2 -3 -4 -3  4 -1 -4 -4 -2   62   2   0   0   0   0   0   1   0   0   0   0   0   0   0  34   1   0   0   0  0.89 0.27
   87 R   -1  3  1  1 -4  5  2 -3 -1 -3 -3  2 -1 -4 -3 -1 -1 -4 -3 -3    3  17   6   7   0  32  10   1   1   1   1  16   1   0   0   1   3   0   0   1  0.51 0.16
   88 Q    0  3  0 -1 -4  5  1 -3 -1 -3 -3  3 -2 -4 -3 -1 -1 -4 -3 -3    7  19   3   2   0  31   8   0   0   1   0  24   1   0   0   1   2   0   0   1  0.59 0.18
   89 A    5 -2 -3 -4 -2 -2 -2 -2 -3 -2  0 -1  0 -3 -3  0 -2  1 -3  0   74   1   0   0   0   0   0   0   0   0   8   4   2   0   0   2   0   2   0   6  0.73 0.24
   90 G   -2 -3  2  2 -2  0 -2  6  1 -5 -5 -2 -4 -4 -4 -1 -3  2 -4 -5    0   0  11  11   1   4   1  65   3   0   0   0   0   0   0   1   0   3   0   0  1.01 0.23
   91 I   -3 -4 -5 -5 -3 -4 -5 -6 -5  6  3 -4  0 -1 -5 -4 -3 -4 -3  1    0   0   0   0   0   0   0   0   0  61  36   0   1   1   0   0   0   0   0   2  1.02 0.25
   92 A    0 -1  0 -1 -4 -1 -1  3 -1 -3 -4  2 -3 -4  5 -1 -1 -3 -4 -3    7   2   5   1   0   2   1  23   1   2   0  18   0   0  32   0   3   0   0   1  0.65 0.16
   93 M   -2 -1 -3 -4 -2 -2 -3 -4 -3 -1  0  2  9 -2 -4 -3  0 -4 -3 -1    1   2   1   0   0   0   0   0   0   1   2  13  71   0   0   0   7   0   0   1  1.17 0.29
   94 P   -3 -4 -4 -4 -5 -3 -3 -4 -4 -5 -5 -3 -5 -6  9 -3 -3 -6 -5 -5    0   0   0   0   0   0   0   0   0   0   0   0   0   0 100   0   0   0   0   0  2.81 0.37
   95 Q   -2  1 -1  1 -5  2  6 -3 -2 -4 -4  2 -3 -5 -3 -1  0 -4 -3 -4    0   5   0   6   0   8  64   0   0   0   0  10   0   0   0   1   7   0   0   0  0.87 0.20
   96 V   -2 -4 -5 -5 -2 -4 -4 -5 -5  3  0 -4 -1  0 -4 -3 -2 -4 -2  6    0   0   0   0   0   0   0   0   0  13   2   0   0   4   0   0   0   0   0  81  0.99 0.23
   97 A    4 -3 -2 -3 -2 -3 -3  4 -3 -3 -2 -2 -3 -3 -3 -1 -2  2  0 -2   53   0   0   0   0   0   0  36   0   0   3   0   0   0   0   0   0   4   4   0  0.73 0.19
   98 I   -2 -4 -5 -5 -3 -4 -5 -5 -5  6  0 -4  0 -1 -4 -4 -2 -4 -2  4    0   0   0   0   0   0   0   0   0  72   1   0   1   0   0   0   0   0   1  25  1.03 0.23
   99 Y   -1 -4 -4 -5 -4 -3 -4 -4 -1  0 -2 -4  0  5 -5 -3 -3  0  7  0    5   0   0   0   0   0   0   0   0   5   0   0   3  25   0   0   1   0  57   5  1.16 0.23
  100 H   -2 -1  1  4 -4  1  2 -3  3 -4 -4  0 -3 -4  4 -1 -2 -1 -2 -3    2   2   5  31   0   6  14   0  12   0   0   3   0   0  21   1   0   1   1   0  0.63 0.14
  101 A    2 -2  0 -1 -2 -1 -1  1 -2 -3 -3 -2 -2 -4 -2  4  1 -4 -3 -2   22   0   3   2   0   1   0  11   1   0   0   0   0   0   0  53   5   0   0   0  0.56 0.17
  102 P    0  0  1  0 -3  1  0 -2  0 -2 -2 -1 -2 -2  5  0 -1 -3  0 -2   10   5   8   6   0   8   6   1   2   1   3   2   0   1  35   5   1   0   5   1  0.51 0.10
  103 D   -1 -1  0  4 -3  2  3 -2 -1 -2 -3 -1 -2 -3 -2  0  0 -4 -3  0    2   2   3  29   0   9  29   1   1   0   0   0   0   0   0   5   6   0   0  12  0.45 0.12
  104 I    0 -3 -3 -3 -3 -2 -3 -3 -3  2 -1 -2  3 -2  6  0 -1 -4 -3  2    9   0   0   0   0   0   0   0   0  13   3   0  12   0  40   7   0   0   0  17  0.71 0.13
  105 N   -3 -2  8  0 -5 -2 -2 -2 -1 -5 -5 -2 -4 -5 -4 -1 -2 -6 -4 -5    0   0 100   0   0   0   0   0   0   0   0   0   0   0   0   0   0   0   0   0  1.81 0.29
  106 A    6 -3 -3 -3 -2 -2 -2 -1 -3 -3 -3 -2 -2 -4 -2  0 -1 -4 -3 -2  100   0   0   0   0   0   0   0   0   0   0   0   0   0   0   0   0   0   0   0  1.16 0.24
  107 F   -4 -5 -5 -5 -4 -5 -5 -5 -3 -2 -1 -5 -2  9 -6 -4 -4 -1  2 -3    0   0   0   0   0   0   0   0   0   0   0   0   0 100   0   0   0   0   0   0  1.94 0.28
  108 A    6 -3 -3 -3 -2 -2 -2 -1 -3 -3 -3 -2 -3 -4 -2  0 -2 -4 -3 -2  100   0   0   0   0   0   0   0   0   0   0   0   0   0   0   0   0   0   0   0  1.21 0.26
  109 T   -1 -3 -2 -3 -3 -2 -3 -3 -3 -2 -3 -2 -2 -4 -3  0  7 -4 -3 -2    3   0   0   0   0   0   0   0   0   0   0   0   0   0   0   0  97   0   0   0  1.40 0.29
  110 G   -1 -4 -2 -3 -4 -3 -4  7 -4 -5 -5 -3 -4 -4 -4 -2 -3  3 -4 -5    0   0   0   0   0   0   0  96   0   0   0   0   0   0   0   0   0   4   0   0  1.69 0.25
  111 A    3  3 -3 -3  0 -2 -2 -2 -2 -3 -2 -1  2 -2  4 -1 -2  7 -1 -2   32  19   0   0   3   0   0   0   1   0   0   0   8   1  21   0   0  16   0   0  0.65 0.16
  112 R   -1  1  4  0 -2  0 -1 -1 -1 -3 -3  0 -2 -1 -2  3  1 -4 -2 -3    0   9  31   2   0   3   0   1   0   0   0   4   0   4   0  35   9   0   1   0  0.46 0.14
  113 R   -2  4 -2 -2 -4  2  0 -3 -2 -4 -4  5 -3 -4  2 -2 -2 -4 -3 -4    1  32   0   0   0   8   1   0   0   0   0  49   0   0  10   0   1   0   0   0  0.83 0.18
  114 D   -2  0  6  2 -4 -1  0 -2  0 -4 -4  2 -3 -4 -3  1 -1 -5 -3 -4    0   3  60   9   0   1   2   0   2   0   1  13   0   0   0   8   0   0   0   0  0.83 0.18
  115 A    0  0  4  2 -3  0  0 -1  3 -4 -4  1 -3 -4 -2  2 -1 -4 -2 -3    9   5  33  14   0   0   1   0   9   0   0   7   0   0   0  22   0   0   0   0  0.46 0.12
  116 S    5 -2 -2 -2 -2 -2 -2 -1 -3 -3 -3 -2 -2 -4 -2  4  0 -4 -3 -2   59   0   0   0   0   0   0   1   0   0   0   0   0   0   0  39   1   0   0   0  0.73 0.19
  117 L    0 -3 -4 -4 -2 -3 -4 -4 -4  1  5 -3  3 -1 -4 -2 -1 -3 -2  1    9   0   0   0   0   0   0   0   0   0  74   0   6   0   0   1   2   0   0   8  0.64 0.16
  118 V   -2 -4 -4 -5 -2 -4 -4 -5 -5  3  0 -4  0 -2 -4 -3 -1 -4 -3  6    0   0   0   0   0   0   0   0   0  12   1   0   0   0   0   0   0   0   0  86  0.99 0.22
  119 A    6 -3 -3 -3  3 -2 -2 -1 -3 -3 -3 -2 -2 -4 -2  0 -1 -4 -3 -2   92   0   0   0   6   0   0   1   0   0   0   0   0   0   0   1   0   0   0   0  1.00 0.23
  120 V   -1 -4 -4 -5 -2 -4 -4 -5 -5  1  0 -4  0  1 -4 -3 -2 -4 -2  6    2   0   0   0   0   0   0   0   0   2   3   0   1   6   0   0   0   0   0  86  0.96 0.23
  121 S    0 -2 -1 -2 -2 -2 -2 -2 -3 -4 -4 -2 -3 -4 -2  6  3 -4 -3 -3    0   0   0   0   0   0   0   0   0   0   0   0   0   0   0  84  16   0   0   0  1.08 0.26
  122 T    0 -2 -1 -1 -2  1  0 -2 -2 -2 -2 -1 -2 -4 -2  3  5 -4 -3 -1    6   1   0   3   0   9   3   0   0   0   1   0   0   0   0  21  56   0   0   1  0.62 0.18
  123 G   -1 -4 -2 -3 -4 -3 -2  6 -3 -5 -5 -3 -4 -4 -4  0 -3  2 -4 -4    2   0   0   0   0   0   1  85   0   0   0   0   0   0   0   8   0   3   0   0  1.38 0.23
  124 L   -2 -4 -5 -5 -3 -3 -4 -5 -4  2  5 -4  2 -1 -4 -4 -2 -3 -2  0    3   0   0   0   0   0   0   0   0  10  83   0   5   0   0   0   0   0   0   0  0.89 0.20
  125 L   -2 -3 -5 -5 -3 -3 -4 -5 -4  2  5 -4  4  0 -4 -3 -2 -3 -2  0    1   0   0   0   0   0   0   0   0   7  76   0  12   2   0   0   1   0   0   2  0.83 0.18
  126 Q   -1  2  3  2 -4  4  2 -2  3 -4 -3  1 -2 -3 -2  0 -1  0 -1 -3    2  14  15  10   0  25  13   1   8   0   0   6   0   0   0   3   1   1   2   0  0.44 0.11
  127 N    0  2  3 -1 -3  1 -1  0  0 -1 -1  0  0 -3 -2  1  1 -3 -2 -1    4  17  24   0   0   5   2   5   2   4   7   2   2   0   0  13  11   0   0   3  0.20 0.08
  128 M   -3 -3 -4 -5 -3 -2 -4 -5 -3  0  3 -3  8  2 -4 -3 -2 -3 -2 -1    0   0   0   0   0   0   0   0   0   0  20   0  70  10   0   0   0   0   0   0  1.17 0.23
  129 S   -1  0  4  3 -3  0  0 -1 -1 -3 -3 -1 -3 -4 -1  2  2 -4 -3 -3    1   4  24  22   0   1   3   2   0   0   0   1   0   0   2  22  19   0   0   0  0.45 0.11
  130 P    0  3 -1  1 -3  3  1 -2  0 -3 -3  2 -2 -3  3 -1  0 -2 -2 -3    6  26   1   6   0  15  10   1   2   0   1   9   0   0  15   1   5   1   1   0  0.41 0.08
  131 D   -1 -1  1  5 -4  0  3  0 -1 -4 -4  1 -3 -4 -2  0 -1 -4 -3 -4    3   1   6  45   0   2  24   5   1   0   0   7   0   0   1   4   3   0   0   0  0.64 0.12
  132 E   -1 -1 -2  0 -5  2  7 -3 -2 -5 -4 -1 -3 -5 -3 -1 -1 -4 -3 -4    4   0   0   0   0   4  87   0   0   0   0   0   0   0   0   2   3   0   0   0  1.19 0.22
  133 A    2 -3 -3 -4 -2 -2 -3 -3 -3  3  2 -3  0 -1 -3 -2 -1 -1 -2  3   21   0   0   0   0   1   0   0   0  22  20   0   0   0   0   0   2   1   0  33  0.35 0.10
  134 E    0  2 -1  1 -4  1  5 -2 -1 -2 -3  1 -2 -4 -2  0 -1 -3 -3 -3    5  11   0   5   0   1  67   2   0   3   0   4   1   0   0   1   0   0   0   0  0.58 0.07
  135 A    4 -2 -2 -2 -1 -2 -2  3 -2 -2 -3 -1 -2 -3 -2  1 -1  1 -2 -1   66   0   0   0   0   0   0  29   0   0   0   0   0   0   0   3   0   3   0   0  0.53 0.07
  136 V   -1 -3 -4 -4 -1 -3 -3 -4 -4  3  0 -3  0 -1 -3 -2 -1 -4 -2  5    0   0   0   0   0   0   0   0   0   5   0   0   0   0   0   0   0   0   0  95  0.66 0.09
  137 I   -1 -3 -4 -4 -2 -3 -3 -4 -3  3  4 -3  2  0 -3 -3 -1 -2 -2  1    2   0   0   0   0   0   0   0   0  23  65   0   4   0   0   0   0   0   0   5  0.48 0.05
  138 A    4 -2 -2 -2 -1 -2 -2  4 -2 -3 -3 -1 -2 -3 -2  1 -1 -3 -3 -1   64   0   0   0   0   0   0  33   0   0   0   0   0   0   0   3   0   0   0   0  0.56 0.07
  139 H   -3 -1  0 -2 -4  0 -1 -3 10 -4 -4 -2 -3 -2 -3 -2 -3 -3  1 -4    0   0   0   0   0   0   0   0 100   0   0   0   0   0   0   0   0   0   0   0  1.65 0.14
  140 E   -2 -1 -1  1 -5  1  6 -3 -1 -4 -4  0 -3 -4 -2 -1 -2 -4 -3 -3    0   0   0   0   0   0 100   0   0   0   0   0   0   0   0   0   0   0   0   0  1.10 0.11
  141 I   -1 -3 -4 -4 -2 -3 -3 -4 -3  4  2 -3  3 -1 -3 -3 -1 -3 -2  3    0   0   0   0   0   0   0   0   0  43  14   0  17   0   0   0   0   0   0  26  0.43 0.05
  142 S    2 -2  0 -1  0 -1 -1  2 -2 -2 -3 -1 -2 -3 -1  3  1 -3 -2 -2   30   0   2   0   2   0   0  19   0   0   0   2   0   0   0  35  11   0   0   0  0.35 0.04
  143 H   -3 -1  0 -2 -4  0 -1 -3 10 -4 -4 -2 -3 -2 -3 -2 -3 -3  1 -4    0   0   0   0   0   0   0   0 100   0   0   0   0   0   0   0   0   0   0   0  1.65 0.14
  144 I   -1 -4 -4 -4 -2 -3 -4 -4 -4  5  1 -3  0 -1 -3 -3 -1 -4 -2  4    0   0   0   0   0   0   0   0   0  46   0   0   0   0   0   0   0   0   0  54  0.64 0.12
  145 A    3  0 -1 -2 -2  0  0 -1 -2 -1 -2  2 -1 -2 -2  1  0 -3 -1  0   46   2   1   0   0   3   1   2   0   1   1  25   0   2   0   4   4   0   2   8  0.23 0.07
  146 N   -2 -1  7  0 -1 -1 -1 -1  1 -4 -5 -1 -3 -4 -3  0 -1 -5 -3 -4    0   0  93   0   1   0   0   0   3   0   0   0   0   0   0   3   0   0   0   0  1.22 0.18
  147 G   -1  3 -1 -2 -4 -1 -2  6 -2 -4 -4  0 -3 -4 -3 -1 -2  1 -3 -4    0  26   0   0   0   0   0  71   0   0   0   1   0   0   0   0   0   2   0   0  0.92 0.12
  148 D   -3 -3  0  7 -5 -1  1 -2 -2 -4 -5 -2 -4 -5 -3 -1 -2 -6 -4 -4    0   0   0 100   0   0   0   0   0   0   0   0   0   0   0   0   0   0   0   0  1.50 0.18
  149 M   -2 -3 -3 -4 -2 -2 -3 -4 -3  2  1 -3  8 -1 -4 -3 -1 -3 -2  1    0   0   0   0   0   0   0   0   0   8   0   0  81   0   0   0   3   0   0   7  0.96 0.19
  150 V   -1 -3 -4 -4 -2 -3 -3 -4 -4  2  2 -3  3  0 -3 -2 -1 -3 -2  4    1   0   0   0   0   0   0   0   0   7  20   0  10   1   0   0   0   0   0  60  0.46 0.09
  151 T   -1 -2 -1 -2 -2 -2 -2 -3 -3  1 -1 -2 -1 -3 -2  1  5 -3 -2  1    1   0   0   0   0   0   0   0   0  10   0   0   0   0   0   5  72   0   0  13  0.58 0.13
  152 M   -1 -2 -3 -3 -2 -1 -3 -1 -3  0  3 -2  6 -1 -3 -1  0 -2 -2  0    0   0   0   0   0   2   0   6   0   1  30   0  49   0   0   6   5   0   0   0  0.45 0.12
  153 T    1 -2 -1 -2 -2 -1 -2 -2 -2 -1 -2 -1 -1 -3 -2  2  6 -3 -3 -1   12   0   0   0   0   0   0   1   0   1   0   0   1   0   0   9  77   0   0   0  0.67 0.14
  154 L   -2 -3 -4 -4 -2 -3 -4 -4 -4  3  4 -3  2  0 -4 -3 -2 -2 -2  1    0   0   0   0   0   0   0   0   0  23  69   0   1   2   0   0   0   0   0   4  0.57 0.09
  155 I    0 -2 -3 -3 -1 -2 -2 -3 -3  3  2 -2  2 -1 -2 -1  0 -2 -1  2   11   1   1   1   0   1   1   1   0  37  24   1   4   1   1   1   4   0   0  12  0.23 0.05
  156 Q    2  0 -1 -1 -3  6  1 -2 -1 -3 -2  0  0 -3 -2  0 -1 -3 -2 -2   23   0   0   0   0  63   4   0   0   0   1   0   3   0   0   2   0   0   0   0  0.62 0.12
  157 G    0 -2 -1 -2 -2 -2 -2  5 -2 -3 -3 -2 -3 -3 -2  1  0  2 -3 -2    4   0   0   0   0   0   0  69   0   0   1   0   0   0   0   9   8   4   0   2  0.76 0.09
  158 V   -1 -3 -3 -3 -2 -3 -3 -3 -3  2  1 -3  1  2 -3 -2  0 -2 -1  4    1   0   0   0   0   0   0   0   0  12  13   0   3  13   0   0   3   0   0  51  0.34 0.08
  159 V    1 -2 -3 -3 -1 -2 -2 -3 -3  2  2 -2  2 -1 -2 -1 -1 -3 -2  3   16   0   0   0   1   0   0   0   0   9  16   0   9   0   0   0   1   0   0  44  0.28 0.07
  160 N    0 -2  6  0 -3 -1 -1  2 -1 -4 -4 -1 -3 -4 -3  1 -1 -4 -3 -3   10   0  64   0   0   0   0  14   0   0   0   0   0   0   0  12   0   0   0   0  0.73 0.14
  161 T    2 -2 -1 -2 -2 -1 -2 -1 -2 -1 -2 -1 -1 -2 -2  2  5 -3 -2 -1   22   0   0   0   0   0   0   2   0   1   0   0   1   1   0  11  60   0   0   1  0.51 0.13
  162 F   -2 -4 -4 -4  0 -4 -4 -4 -2  2  0 -4  0  7 -4 -3 -2  0  2  0    2   0   0   0   2   0   0   0   0  20   3   0   0  69   0   0   0   0   2   1  0.83 0.15
  163 V    1 -3 -3 -3 -1 -2 -3 -2 -3  2  1 -2  1 -1 -3 -1  0 -3 -2  4   14   0   0   0   0   0   0   3   0   5   8   0   4   0   0   5   1   0   0  61  0.34 0.10
  164 I   -1 -3 -3 -4 -3 -3 -3 -3 -1  4  0 -3  4  3 -4 -1 -2 -1  0  2    4   0   0   0   0   0   0   1   1  37   5   0  16  12   0   7   0   1   2  10  0.50 0.22
  165 F   -3 -4 -4 -4 -4 -4 -4 -4 -3  0  0 -4  3  7 -4 -2 -1  1  2 -1    1   0   0   0   0   0   0   1   0   4   8   0   7  59   0   3   5   2   5   3  1.07 0.33
  166 I    0 -4 -4 -4 -3 -3 -4 -3 -4  4  3 -4  1  4 -4 -3 -2  2 -1  1    7   0   0   0   0   0   0   2   0  30  30   0   2  18   0   0   1   3   0   4  0.54 0.21
  167 S    4 -3 -1 -3 -3 -2 -2 -2 -3 -3 -3 -2  0 -4 -3  4 -1 -4 -3  0   42   0   3   0   0   0   0   0   0   0   1   0   2   0   0  41   1   0   0   7  0.73 0.32
  168 R   -3  7 -1 -3 -5 -1 -2 -4 -2 -3 -3  0  0  1 -4 -2 -2 -1  0 -4    1  69   2   0   0   1   1   1   0   1   2   2   3   6   0   1   2   1   4   1  1.17 0.37
  169 I   -2 -4 -5 -5 -3 -4 -4 -5 -4  4  2 -4  3  1 -4 -3 -2  7 -2  3    2   0   0   0   0   0   0   0   0  30  17   0   8   5   0   1   0  15   0  21  0.75 0.26
  170 L    0 -4 -4 -4 -3 -3 -4 -1 -4  5  2 -3  1  0 -4 -3 -2 -4 -3  2   10   0   0   0   0   0   0   5   0  46  14   0   3   2   0   0   0   0   0  16  0.57 0.23
  171 A    4 -3 -1 -3 -3 -2 -3  4 -3 -2 -2 -2 -1 -3 -3  0 -1 -4 -2  0   43   0   2   0   0   1   0  29   0   1   3   2   1   0   0   5   3   0   1   6  0.54 0.23
  172 Q   -2  1  2 -1 -3  2 -1 -1  3 -1 -2  0  0  2 -3 -1 -1  3  3 -2    1   9  15   1   0  13   0   6   8   5   1   4   2   8   0   3   4   4  14   1  0.25 0.15
  173 L    1 -3 -3 -4 -3 -2 -3 -3 -3  2  1 -3  2  4 -3 -2 -1  5  0  1   13   0   1   0   0   2   0   1   0  15  13   0   6  25   0   1   3  10   0   9  0.45 0.19
  174 A    1 -3 -3 -3 -2 -3 -3  2 -3  3  0 -3  0 -1 -1 -1 -1 -3 -2  4   10   0   0   0   0   0   1  15   0  18   8   1   1   2   2   4   2   0   0  35  0.33 0.17
  175 A    2 -3  1  4 -3 -2 -1  0 -3 -3 -3 -2 -1  0 -2  2 -1  5 -2 -3   19   0   5  31   0   1   0   7   0   0   1   0   2   4   1  15   2   9   0   1  0.48 0.22
  176 G    0  2  2 -2 -2  0 -1  1 -2  0  0  0  0  0 -2  1  0  2 -1 -2    4  14  11   0   0   4   1  14   0   6   8   3   4   6   1  14   4   4   1   1  0.11 0.09
  177 F    0 -2 -1 -2 -1 -1 -2 -1  0  0  0 -2  0  5 -2 -1 -1  2  1  0   11   2   4   1   1   2   1   5   3   3   7   1   2  35   2   5   2   3   2   9  0.29 0.14
  178 M   -1 -1 -2 -3 -2 -1 -2  1 -2  1  2 -2  2  1 -2  0 -1 -2 -1  1    3   3   1   1   0   2   1  14   0   9  26   1   8   7   1   7   2   0   1  13  0.14 0.09
  179 G   -1  1  0 -1 -2 -1 -1  2 -1 -2 -1 -1  0  2 -2  2 -1 -2  0 -2    3  11   5   2   0   1   1  21   1   2   7   3   2  12   2  21   2   0   3   1  0.17 0.10
  180 G   -1  1  1  1 -2 -1 -1  3 -1 -3 -2  1 -2  0 -2  1 -1 -2  0 -2    3   7   6   7   0   2   3  32   1   1   3  11   1   4   1  11   2   0   4   2  0.25 0.10
  181 N   -2  1  5  3 -3 -1  0  1  0 -2 -2  0 -2 -3 -2  0 -1 -3 -2 -2    2  10  31  16   0   1   3  12   2   2   3   3   1   1   1   5   3   0   1   2  0.38 0.14
  182 R   -1  5  2  1 -3  1  1  0 -1 -2 -3  0 -2 -2 -2  0 -1 -3 -2 -2    2  36  12   8   0   4  10   6   0   3   2   2   0   2   1   6   2   0   1   2  0.37 0.15
  183 D   -1  2  2  4 -3  0  2  0  1 -2 -3  0 -2 -3 -2  0 -1 -3 -2 -1    2  13   9  27   0   3  12   7   4   1   2   4   1   1   1   5   2   0   1   4  0.31 0.11
  184 E   -1  2  2  2 -3  1  2  1 -1 -2 -2  0 -2 -2 -2  0 -1 -2 -2 -1    2  15  11  13   1   5  19  12   1   2   2   3   1   1   1   4   2   0   1   5  0.24 0.09
  185 G   -1  0  3  2 -2  0  2  2 -1 -2 -2 -1 -2  0 -2  0 -1 -1 -1 -2    4   4  16  13   1   2  13  21   1   1   3   2   1   6   1   5   2   1   1   3  0.23 0.09
  186 E   -1  1  1  1 -2  1  3  1 -1 -2 -2  1 -2 -2  0  0 -1 -2 -1 -2    3   9   8   8   1   5  22  14   1   1   2   7   1   1   4   5   3   0   2   2  0.21 0.08
  187 E    0  1  1  1 -2  0  2  1  0 -2 -2  0 -1 -2  0  0  0 -2 -2 -1    4   7   9   7   1   3  19  14   1   3   3   4   1   1   5   6   7   0   1   3  0.15 0.06
  188 S    0  0  1  0 -2  0  2  2 -1 -2 -2  0 -2 -2  0  1 -1  1 -2 -2    9   5   7   2   1   4  17  21   1   1   3   3   1   1   5  14   2   2   1   2  0.20 0.08
  189 N    0  1  2  0 -2  1  1  2  0 -2 -2  0 -2 -1 -2  1 -1 -2 -1 -2    5   9  11   3   0   5  12  21   2   3   4   2   1   2   1  15   2   0   1   2  0.18 0.08
  190 G    0 -2 -1  0 -2  0 -1  5 -1 -2 -1 -1 -1 -2 -1  1 -1 -2 -2 -1    4   1   2   5   0   4   2  46   1   2   7   2   2   2   2  10   3   0   1   3  0.42 0.14
  191 N    0  0  2 -1 -2  0 -1  1  2 -1 -2  0 -2 -2  2  1  0 -2  0 -1    7   6  15   2   0   4   2  13   7   3   3   3   0   1  12  14   3   0   3   3  0.19 0.08
  192 P    0 -2 -1 -2 -2 -1 -2  3  0 -2 -1 -1  0  0  3  0 -1  1  0 -2    4   1   3   1   0   3   1  32   2   2   4   2   4   6  13   9   3   2   4   2  0.29 0.11
  193 L   -1 -3 -3 -3 -2 -2 -3  0 -3  3  1 -2  4  2  1 -2 -1  3 -1  0    4   1   1   1   0   1   1   8   0  25  11   1  15  10   8   2   2   4   1   4  0.25 0.13
  194 I    2 -2 -2 -2 -2 -2 -2  3 -2  1 -1 -2  0 -1 -1 -1  1 -2 -1  1   19   1   1   1   0   1   2  25   0   8   5   1   2   2   2   2  10   0   2  16  0.20 0.11
  195 Y   -1 -1 -1 -3 -3 -1 -2  0  1 -2 -2 -2 -2  3 -1 -1 -2  0  7 -2    5   3   3   1   0   3   2   7   3   2   2   1   0  10   2   4   1   0  47   1  0.74 0.23
  196 F   -3 -3 -3 -4 -3 -3 -4 -4  0  1  0 -4  3  5 -4 -3 -2  4  4  1    1   0   1   0   0   1   0   0   2  10   7   0  10  34   0   1   2   5  14  10  0.67 0.24
  197 A    1 -3 -4 -4 -1 -3 -4 -1 -4  4  2 -3  2  0 -3 -2 -2 -2 -2  3   15   0   0   0   1   0   0   4   0  31  17   0   6   3   0   1   1   1   0  19  0.41 0.19
  198 V    0 -3 -3 -3  0 -3 -3 -1 -4  2  0 -3  0 -1 -3  0  2 -4 -2  4    9   0   0   0   1   0   0   5   0  13   5   0   2   2   0   6  17   0   0  39  0.37 0.19
  199 A    2 -1 -1 -1 -2 -1 -2 -2 -2 -1 -2 -1 -1 -1 -2  3  2 -3 -1  1   22   4   2   3   0   2   1   1   0   2   0   2   1   3   0  28  13   0   2  15  0.26 0.17
  200 T   -2 -4 -1 -4 -3 -3 -4 -4 -4  5  1 -3  4  2 -4 -2  0 -1  1  0    1   0   4   0   0   1   0   1   0  48   7   1  16   8   0   2   5   1   4   1  0.62 0.27
  201 V    0 -4 -4 -5 -3 -4 -4 -4 -4  3  2 -4  1  0 -4 -3 -2 -1 -1  4    8   0   0   0   0   0   0   1   0  21  21   0   2   4   0   0   0   1   1  41  0.60 0.23
  202 L    2 -4 -4 -4  1 -3 -4 -3 -4  0  3 -3  2  2 -4 -2 -2 -3 -2  2   22   0   0   0   3   0   0   1   0   3  40   0   4  12   0   1   0   0   0  14  0.45 0.21
  203 E    0 -1  0  2 -4  4  4 -3 -2 -2 -3  0  0 -4 -2  1 -2 -4 -3 -2    6   2   3   9   0  19  36   0   0   2   0   3   3   0   1  14   0   0   0   2  0.54 0.24
  204 L   -3 -4 -1 -4 -3 -3 -4 -4 -4  5  3 -4  3 -1 -4 -3 -2 -4 -3  2    0   0   3   0   0   0   0   1   0  47  24   0   8   2   0   2   1   0   0  10  0.68 0.25
  205 V    0 -4 -4 -4 -2 -3 -4 -2 -4  3  2 -3  0  0 -4 -2 -1 -3 -2  4    6   0   0   0   1   0   0   3   0  14  24   0   1   5   0   1   2   0   0  43  0.51 0.21
  206 F    0 -4 -4 -4 -3 -4 -4 -4 -3  0  3 -4 -1  6 -4 -3 -3 -2  0  2   11   0   0   0   0   0   0   0   0   3  26   0   0  40   0   0   0   0   0  15  0.70 0.26
  207 G   -1 -3  0 -3 -4 -3 -3  5 -3 -4 -4 -2 -2 -3  2  1 -1  7 -2 -4    2   0   3   0   0   0   0  48   0   0   0   2   1   0  12  12   4  14   1   0  0.92 0.29
  208 I   -3 -5 -5 -5 -3 -5 -5 -5 -4  6  1 -5  1  4 -5 -4 -3 -2 -1  2    1   0   0   0   0   0   0   0   0  53   8   0   2  22   0   0   0   0   0  13  0.95 0.32
  209 L    1 -4 -5 -5 -3 -4 -4 -3 -4  2  4 -4  0  2 -4 -3 -3 -3 -2  1   12   0   0   0   0   0   0   1   0   9  57   0   1  11   0   0   0   0   0   9  0.65 0.25
  210 A    5 -4 -3 -4 -3 -3 -3  2 -4 -4 -4 -3 -3 -5 -3  2 -2 -5 -4 -3   68   0   0   0   0   0   0  14   0   0   0   0   0   0   0  18   0   0   0   0  1.03 0.38
  211 S   -1 -1 -1 -3 -3 -1 -2 -2 -2 -3 -1 -1  4  0 -3  4  2 -3  2 -3    3   3   1   0   0   1   0   1   0   0   3   3  12   4   0  48  12   0   8   0  0.54 0.29
  212 I   -2 -4 -5 -5 -3 -4 -4 -5 -4  5  3 -4  4  0 -3 -3 -1 -4 -3  1    2   0   0   0   0   0   0   0   0  41  32   0  13   4   1   0   3   0   0   4  0.75 0.27
  213 I   -3 -5 -5 -5 -3 -4 -5 -6 -5  6  2 -5 -1 -2 -1 -4 -3 -4 -3  3    1   0   0   0   0   0   0   0   0  57  20   0   0   0   3   0   0   0   0  20  1.00 0.33
  214 T    0 -3 -3 -4 -3  2 -3 -4 -4  3 -1 -3 -1 -3 -4 -1  2 -4 -3  4    8   0   0   0   0  13   0   0   0  19   1   0   0   0   0   3  12   0   0  44  0.57 0.27
  215 M    2  2 -1 -4 -2 -2 -3 -3 -3 -2  0 -2  7  1 -4  0 -1 -4 -2 -2   19  14   3   0   1   0   0   0   0   0   4   0  43   5   0   7   3   0   0   0  0.74 0.34
  216 W    4 -4 -5 -5 -3 -4 -4 -4 -3 -5 -4 -3 -4 -2 -5 -2 -3 10  3 -4   41   0   0   0   0   0   0   0   0   0   0   2   0   1   0   1   1  46   8   0  1.93 0.51
  217 F   -4 -5 -5 -6 -4 -5 -5 -5 -1  1  2 -5 -2  7 -5 -4 -4 -1  4  0    0   0   0   0   0   0   0   0   1   9  15   0   0  54   0   0   0   0  16   4  1.21 0.36
  218 S   -2 -4 -2 -3 -4 -3 -3 -3 -4 -5 -5 -3 -4 -5 -4  7 -1 -6 -5 -5    0   0   0   0   0   0   0   0   0   0   0   0   0   0   0 100   0   0   0   0  1.86 0.59
  219 R   -4  8 -3 -5 -7 -2 -3 -5 -3 -6 -5 -1 -4 -6 -5 -4 -4 -6 -5 -6    0 100   0   0   0   0   0   0   0   0   0   0   0   0   0   0   0   0   0   0  2.39 0.61
  220 H   -2  2 -1 -3 -4  3 -2 -4  4 -3 -3  1 -2  0 -4  0 -1  3  5 -3    2  14   1   0   0  15   0   0  13   1   1   7   1   2   0   8   3   4  28   0  0.62 0.26
  221 R   -4  8 -3 -5 -7 -2 -3 -5 -3 -6 -5 -1 -4 -6 -5 -4 -4 -6 -5 -6    0 100   0   0   0   0   0   0   0   0   0   0   0   0   0   0   0   0   0   0  2.40 0.59
  222 E   -4 -3 -3 -1 -7 -1  8 -5 -3 -6 -6 -2 -5 -6 -4 -3 -4 -6 -5 -5    0   0   0   0   0   0 100   0   0   0   0   0   0   0   0   0   0   0   0   0  2.17 0.58
  223 F   -5 -5 -5 -6 -5 -5 -5 -6 -2 -3 -3 -5 -3  8 -6 -5 -5 -1  7 -4    0   0   0   0   0   0   0   0   0   0   0   0   0  58   0   0   0   0  42   0  2.09 0.51
  224 H    1  5 -2 -3 -4 -1 -2  0  3 -3 -1  1 -1 -3 -3  0 -2 -3  2 -3   17  38   0   0   0   0   0   6   9   0   7   5   2   0   0   6   1   0   9   0  0.47 0.23
  225 A    7 -4 -4 -5 -3 -4 -4 -2 -4 -4 -4 -3 -4 -5 -4 -1 -3 -5 -5 -3  100   0   0   0   0   0   0   0   0   0   0   0   0   0   0   0   0   0   0   0  1.75 0.52
  226 D   -5 -5 -1  8 -7 -3 -1 -4 -4 -6 -7 -4 -6 -7 -4 -3 -4 -7 -6 -6    0   0   0 100   0   0   0   0   0   0   0   0   0   0   0   0   0   0   0   0  2.46 0.58
  227 A    4  4 -2 -2 -3 -1  2 -2 -2 -2 -3  1 -3 -4 -3 -1 -2 -4 -3 -2   45  25   1   1   0   0  15   0   0   2   0   5   0   0   0   2   0   0   1   1  0.57 0.26
  228 G    1 -2 -3 -2 -4 -4 -4  6 -4 -4 -1 -3 -3 -1 -4 -1 -1 -4 -4 -4    9   2   0   2   0   0   0  71   0   0   6   0   1   3   0   3   3   0   0   0  1.12 0.33
  229 S    4 -4 -2 -3 -3 -3 -3  5 -4 -4 -4 -3 -4 -5 -3  3 -2 -5 -4 -3   37   0   0   0   0   0   0  40   0   0   0   0   0   0   0  24   0   0   0   0  0.94 0.32
  230 A    7 -4 -4 -4 -3 -3 -3 -2 -4 -4 -4 -3 -3 -5 -3 -1 -2 -5 -4 -1   95   0   0   0   0   0   0   1   0   0   0   0   0   0   0   1   0   0   0   2  1.58 0.49
  231 K    0  2  0  0 -4  3  2 -3  0 -2 -2  3 -1 -3 -3  0 -1 -2  0 -2    8  14   2   5   0  14  11   0   2   1   2  27   1   1   0   5   2   0   3   2  0.34 0.16
  232 L   -3 -4 -5 -5 -3 -2 -5 -6 -5  4  5 -4  0  0 -5 -4 -3 -4  0  0    0   0   0   0   0   2   0   0   0  31  60   0   1   2   0   1   0   0   2   1  0.96 0.31
  233 V    2 -3 -2 -2  2 -3 -2 -3 -3 -1 -1 -3  2 -3 -3  1  3 -1 -2  3   25   0   0   1   5   0   1   0   0   0   3   0   5   0   0   8  23   1   1  26  0.39 0.22
  234 G   -2 -3 -1  0 -5 -4 -2  7 -2 -6 -6 -4 -5 -6 -2  0 -3 -5 -5 -5    0   1   2   5   0   0   2  83   1   0   0   0   0   0   1   5   1   0   0   0  1.56 0.41
  235 R    0  4  2 -2 -1  0 -2 -3 -1 -4 -4  4 -3 -5  2  0 -1 -5 -4 -3    7  27  12   0   1   1   0   0   1   0   0  31   0   0  10   5   4   0   0   1  0.63 0.25
  236 E   -1 -1  0  1 -4  2  2  0  1 -3 -4  0 -3 -4  5  0 -2 -4 -3 -3    5   3   4   9   0  13  16   6   4   1   1   3   0   0  28   4   1   0   0   1  0.56 0.20
  237 K    1 -1  1 -2 -3 -1 -2 -1 -1 -4 -3  4 -3 -3  2  2 -2  4  2 -3   11   1   6   1   0   1   0   3   1   0   1  36   0   0  10  15   0   6   8   0  0.46 0.23
  238 M    2 -3 -5 -6 -4 -3 -5 -4 -4 -1  1 -4  9 -3 -5 -4 -3 -4 -4 -2   19   1   0   0   0   0   0   1   0   1   7   0  71   0   0   0   0   0   0   1  1.74 0.53
  239 I    0 -2 -5 -5 -3 -3 -4 -5 -4  6  2 -1  0 -2 -4 -3 -2 -4 -2  1    6   2   0   0   0   1   0   0   0  57  19   5   1   0   0   1   1   0   1   6  0.74 0.28
  240 A    4 -1  2 -1 -2 -2 -1  0  1 -4 -4 -1 -2 -4 -3  3 -1 -4 -1 -3   48   2   9   2   0   1   1   4   4   0   0   3   0   0   0  22   0   0   2   0  0.56 0.26
  241 A    7 -4 -4 -4 -3 -3 -3 -2 -4 -4 -4 -3 -4 -5 -3  0 -3 -5 -4 -2   94   0   0   0   0   0   0   0   0   0   0   0   0   0   0   4   0   0   0   2  1.57 0.49
  242 L   -4 -5 -6 -6 -4 -5 -5 -6 -5 -1  6 -5  2 -2 -4 -5 -4 -4 -4 -2    0   0   0   0   0   0   0   0   0   0  95   0   4   0   1   0   0   0   0   0  1.54 0.45
  243 Q    0  2 -1  1 -4  4  2 -2 -1 -2 -1  1  1 -3 -3 -1 -2 -4 -2 -2   10  13   2   6   0  23  17   1   0   2   7   9   6   0   0   1   1   0   1   2  0.34 0.18
  244 R   -1  6 -2 -3 -4 -1 -1 -4 -1 -5 -4  5 -2 -5 -4 -1 -2 -5 -4 -3    6  52   0   0   0   0   1   0   1   0   0  33   1   0   0   3   1   0   0   1  1.15 0.37
  245 L   -3 -4 -6 -6 -3 -4 -5 -6 -5  3  5 -5  0 -2 -5 -5 -3 -4 -3  0    0   0   0   0   0   0   0   0   0  19  76   0   0   0   0   0   0   0   0   4  1.18 0.36
  246 K   -1  2 -1 -2 -4  4  1  1  0 -4 -4  4 -3 -5  1  1 -2 -4 -3 -4    4  10   0   0   0  23   5  10   2   0   0  27   0   0   5  12   0   0   0   0  0.51 0.22
  247 T    1  1  0 -1 -3  2  0  2  0 -2 -2  0 -1 -3  0  0  0 -3  0 -2   10   9   4   3   0  11   6  21   2   1   3   5   2   0   3   7   8   0   4   2  0.18 0.10
  248 S    0  0  1  0 -2  0  2  0 -1  0  0 -1  2 -2 -3  1  0 -3 -1  0    7   6   6   2   0   3  16   8   1   9   8   1  10   0   0  16   3   0   2   4  0.10 0.10
  249 Y   -1  0 -1  1 -2  2  0 -3  5 -2 -2 -1  1 -1  0  1 -1 -3  2 -1    4   4   1  11   1   9   5   0  18   2   1   2   6   2   4  12   3   0  10   6  0.24 0.15
  250 E   -1 -2 -1  2 -4  1  4 -3 -2 -2 -2  0  1 -2  3 -1 -1 -4 -3 -2    5   0   1  11   0   6  39   0   1   2   3   4   5   2  14   1   3   0   0   3  0.51 0.23
  251 P    0  2  0  1 -4 -1  0  2 -2 -3 -3 -1 -1 -4  4  1 -1 -4 -2 -2    8  15   3   8   0   2   5  18   0   0   1   1   2   0  21  11   1   0   1   2  0.39 0.17
  252 Q   -2  1  2  1 -4  4  3 -2  1 -3 -4  1  0 -4 -1  0  0 -4 -3 -2    2   6  12   7   0  22  21   2   4   1   0   7   2   0   3   4   4   0   0   2  0.42 0.20
  253 E   -2 -1 -1  0 -3  0  3 -4 -2 -1  2 -2  3 -3  2 -1  0 -4 -3  0    0   2   2   5   0   4  24   0   1   0  27   0  10   0  12   3   4   0   0   5  0.34 0.20
  254 A    3 -2 -2  1 -4  0  1 -1 -3 -4 -3 -2 -1 -5  5  1 -2 -5 -4 -3   26   1   0  10   0   4   9   3   0   0   1   0   1   0  34   8   1   0   0   0  0.76 0.28
  255 T   -1  0  0  3 -4  1  3  2 -2 -4 -4  1 -3 -4 -1  1  2 -4 -4 -3    4   5   4  16   0   5  19  15   0   0   0   7   0   0   3   8  14   0   0   0  0.37 0.17
  256 S    2 -1  1 -1 -3  2  1 -1 -1 -2 -2 -1  3 -4 -1  3  0 -4 -3 -2   21   2   7   1   0  11  12   2   1   1   1   1  11   0   2  22   5   0   0   0  0.32 0.21
  257 M   -3 -3  2 -4 -4 -3 -4 -4  4  2  2 -3  6  2 -5 -3 -2 -3 -1  0    0   0  14   0   0   0   0   0  11  10  20   0  29   9   0   0   1   0   1   5  0.66 0.29
  258 M    4 -1 -1 -3 -3  1 -2 -3 -2 -1 -1  0  5 -3 -3  0  0 -4 -3 -1   47   2   2   0   0   7   1   0   1   3   4   4  18   0   0   3   5   0   0   1  0.54 0.29
  259 A    5 -4 -2 -4 -3 -3 -4 -3 -4 -2 -3 -3 -2  5 -4 -1  2 -3 -2 -2   54   0   2   0   0   0   0   0   0   1   1   0   0  25   0   3  14   0   0   0  0.87 0.37
  260 L   -2 -5 -5 -6 -4 -5 -5 -5 -4  2  1 -5  4  7 -5 -2 -4 -2  0 -2    4   0   0   0   0   0   0   0   0  11  11   0  10  59   0   4   0   0   0   1  1.24 0.40
  261 C   -1 -3 -3 -4  4 -3 -3  4 -3  2 -2  2  1 -3 -4 -2 -3 -4  0  0    5   0   0   0   9   0   0  35   0  18   0  17   4   0   0   0   0   0   5   8  0.51 0.25
  262 I   -4 -6  2 -5 -4 -5 -6 -4 -5  8 -1 -5 -2 -3 -6 -3 -3 -6 -4  0    0   0  11   0   0   0   0   1   0  85   0   0   0   0   0   1   0   0   0   1  1.67 0.52
  263 N    0 -1  5 -2 -4 -2 -2 -2  1 -4 -4 -2 -4 -3  4  3  0 -5 -3 -3    9   3  29   0   0   0   0   2   4   0   0   0   0   1  25  22   4   0   0   1  0.75 0.30
  264 G   -1 -3  0 -2 -4 -3 -3  5 -1  1 -1 -3 -3  2 -2 -1 -2  0 -3 -3    5   0   5   2   0   0   1  51   1   9   8   0   0   9   1   5   1   1   0   0  0.61 0.24
  265 K   -1  2  1 -1 -3  0  0  0 -1 -2 -2  4 -2 -3 -1  1 -1 -3 -2 -2    2  13   5   1   0   3   2   8   1   3   4  34   0   1   3  13   3   0   1   1  0.32 0.17
  266 S    0  1  0 -1 -2  0 -1  2 -1 -3 -2  1  0 -3  0  2  0  1 -2 -2    8   8   3   2   0   3   3  20   1   1   4  12   4   1   3  21   4   2   0   1  0.21 0.11
  267 K   -1  1  0  0 -3  1  0  4  1 -4 -3  3 -1 -3 -2  1 -1 -4 -3 -3    3   7   4   3   0   5   4  33   3   0   1  20   2   0   1   9   1   0   0   2  0.39 0.17
  268 S    0 -2 -1 -3 -2 -2 -3  4 -3  0 -3 -1 -2  1 -2  2  0  2 -1 -1    4   2   1   0   1   1   0  37   0   6   1   3   0   6   1  24   5   3   1   4  0.42 0.20
  269 L   -2 -3 -4 -4 -3 -3 -4 -4 -3  3  3 -3  3  4 -3 -3 -2  1 -1  1    1   0   0   1   0   0   1   1   0  18  33   1  10  19   1   1   1   2   0  11  0.56 0.21
  270 S    2 -1 -1 -1 -2 -1 -2  2 -2 -2 -1  0  3 -1 -2  2 -1 -3 -3 -2   23   3   1   4   0   1   1  17   1   1   6   6  13   2   1  17   2   0   0   1  0.23 0.16
  271 E    1  2  2  0 -3  0  3  0  0 -4 -3  2 -2 -3 -2  1 -1 -4 -3 -3   13  15  10   4   0   3  20   5   2   0   1  11   1   1   1  13   0   0   0   0  0.33 0.16
  272 L   -4 -5 -6 -6 -4 -5 -6 -6 -5  1  6 -5  1 -1 -6 -5 -4  2 -3 -1    1   0   0   0   0   0   0   0   0   4  89   0   2   2   0   0   0   3   0   0  1.45 0.45
  273 F   -3 -5 -6 -7 -5 -6 -6 -6 -4 -3  0 -6  0  9 -7 -5 -5 -1  0 -4    3   0   0   0   0   0   0   0   0   0   9   0   2  85   0   0   0   1   0   0  2.17 0.57
  274 M    2 -1 -3 -4 -3 -2 -3 -3 -3 -3 -2 -3  6 -4 -4  5 -2 -5 -4 -3   20   4   0   0   0   1   0   0   0   0   3   0  24   0   0  48   0   0   0   0  0.93 0.41
  275 T   -2 -4 -2 -3 -4 -3 -3 -4 -4 -4 -5 -3 -4 -5 -4  5  6 -6 -5 -3    0   0   0   0   0   0   0   0   0   0   0   0   0   0   0  46  54   0   0   0  1.44 0.51
  276 H   -5 -4 -3 -5 -7 -3 -4 -6 11 -7 -7 -4 -5 -5 -4 -5 -5 -6 -2 -7    0   0   0   0   0   0   0   0  99   0   0   0   0   0   1   0   0   0   0   0  3.55 0.81
  277 P   -4 -6 -6 -5 -6 -5 -5 -6 -4 -6 -7 -5 -6 -7  9 -4 -5 -7 -7 -6    0   0   0   0   0   0   0   0   0   0   0   0   0   0 100   0   0   0   0   0  3.20 0.73
  278 P   -3 -4 -2  0 -5 -4 -3 -4 -5 -6 -6 -3 -5 -6  8  3 -1 -6 -5 -5    0   0   1   6   0   0   0   0   0   0   0   0   0   0  66  24   3   0   0   0  1.84 0.51
  279 L   -3 -4 -5 -5 -3 -4 -5 -6 -5  3  5 -4  2 -2 -5 -4  2 -4 -3 -1    0   0   0   0   0   0   0   0   0  17  62   0   3   0   0   0  17   0   0   0  0.97 0.36
  280 D   -2 -3 -1  4 -6  0  6 -4 -2 -6 -6 -2 -5 -6 -3 -2 -2 -6 -5 -5    2   0   2  22   0   2  68   0   0   0   0   0   0   0   1   1   1   0   0   0  1.42 0.46
  281 K    0  1  2  2 -5  1  3 -3 -2 -4 -3  4 -2 -5 -3 -1 -1 -5 -4 -2    6   5   9  11   0   5  23   0   0   0   1  33   1   0   0   2   2   0   0   2  0.55 0.24
  282 R   -5  8 -4 -5 -7 -2 -3 -6 -4 -7 -6 -1 -5 -6 -6 -4 -4 -6 -5 -6    0 100   0   0   0   0   0   0   0   0   0   0   0   0   0   0   0   0   0   0  2.57 0.67
  283 I   -4 -6 -6 -6 -4 -6 -6 -7 -6  8 -1 -6 -2 -3 -6 -5 -4 -6 -4  2    0   0   0   0   0   0   0   0   0  88   1   0   0   0   0   0   0   0   0  10  1.89 0.53
  284 E    4  0 -1  0 -4  1  4 -3 -1 -4 -3  0 -3 -5 -3 -1 -2 -5 -4 -3   40   4   3   4   0   5  34   0   1   0   2   4   0   0   0   1   0   0   0   0  0.67 0.31
  285 A    5  4 -2 -4 -3  0 -2 -3 -1 -4 -4  0 -3 -5 -3 -1 -2 -5 -4 -3   63  22   1   0   0   5   1   0   2   0   0   3   0   0   0   1   1   0   0   0  0.95 0.39
  286 L   -4 -5 -6 -6 -4 -5 -6 -7 -6  1  6 -5  0 -2 -6 -5 -4 -4 -4 -1    0   0   0   0   0   0   0   0   0   6  93   0   0   0   0   0   0   0   0   1  1.58 0.47
  287 R   -3  5 -2 -3 -6  5  3 -4 -1 -4 -5  2 -3 -5 -4 -3 -3 -5 -3 -4    0  41   0   0   0  26  20   0   1   1   0   9   0   0   0   0   0   0   1   1  1.07 0.38
  288 T    1  2  3  2 -3  2  1 -2  0 -4 -4  1 -1 -4 -3  2  0 -4 -2 -3   14  12  16  10   0  10  10   1   2   0   0   7   1   0   0  14   3   0   1   0  0.34 0.17
  289 G    1  1 -3 -4 -3 -1 -2  1 -2 -1  3 -1  5 -2 -2  0 -2 -4 -3 -1   12  11   0   0   0   1   1  14   1   1  29   2  19   0   1   7   0   0   0   1  0.33 0.20
  290 E    0  4 -1  0 -4  3  4 -3  0 -4 -4  1 -3 -4 -3 -1  1 -4 -3 -3    7  23   2   3   0  13  33   1   2   0   0   6   0   0   0   3   8   0   0   0  0.57 0.21
  291 Y   -3 -3 -2 -3 -4 -1 -2 -4  4 -3 -3 -3 -3  2 -3 -1 -3  3  8 -3    0   0   1   1   0   3   2   0  13   0   0   0   0   6   1   4   0   3  67   0  1.28 0.27
  292 L   -1 -1 -3 -4 -2 -2 -3 -4 -3  2  4 -1  3  0 -3 -1 -1 -2 -2  0    3   2   0   0   0   0   0   0   0  13  56   3  13   3   0   7   0   0   0   0  0.37 0.10
  293 K   -2  4  3 -1 -4  1  0 -2 -1 -4 -3  4 -2 -4 -2 -1 -1 -4 -3 -3    0  27  22   0   0   3   0   0   0   0   0  49   0   0   0   0   0   0   0   0  0.63 0.10

                      K         Lambda
Standard Ungapped    0.1346     0.3228
Standard Gapped      0.0520     0.2670
PSI Ungapped         0.1699     0.3156
PSI Gapped           0.0520     0.2670
