
Last position-specific scoring matrix computed, weighted observed percentages rounded down, information per position, and relative weight of gapless real matches to pseudocounts
           A  R  N  D  C  Q  E  G  H  I  L  K  M  F  P  S  T  W  Y  V   A   R   N   D   C   Q   E   G   H   I   L   K   M   F   P   S   T   W   Y   V
    1 M   -2 -3 -4 -4 -2 -3 -4 -4 -4  4  2 -3  6  1 -4 -3 -2 -3 -2  3    0   0   0   0   0   0   0   0   0  28  13   0  32   5   0   0   0   0   0  22  0.62 0.20
    2 S   -2 -5 -2 -4 -5 -4 -4 -4 -5 -6 -5 -4 -5 -6 -5  7  2 -7 -5 -5    1   0   1   0   0   0   0   0   0   0   0   0   0   0   0  87  11   0   0   0  1.91 0.85
    3 S   -3 -5  2 -3 -6 -4 -5  7 -5 -6 -7 -5 -6 -6 -5  1 -2 -6 -6 -6    0   0  10   1   0   0   0  77   0   0   0   0   0   0   0   9   2   0   0   0  1.76 0.69
    4 I   -4 -5 -6 -6 -4 -5 -6 -6 -6  3  5 -5  4  0 -6 -4 -3 -5 -2  0    0   0   0   0   0   0   0   0   0  19  59   0  10   3   0   1   1   0   1   5  1.17 0.53
    5 D   -3 -5  1  7 -7 -2  0 -3 -4 -6 -4 -3 -6 -7  1 -3 -4 -7 -6 -6    2   0   6  74   0   2   3   2   0   0   2   1   0   0   7   1   0   0   0   0  1.80 0.74
    6 P   -2 -4 -4 -5 -3 -4 -4 -4 -5  3  3 -4 -1 -1  2 -2  2 -2 -2  3    2   0   0   0   0   0   0   1   0  17  25   0   0   1  10   1  16   1   1  23  0.57 0.36
    7 A    1 -2  3  1 -4  2  2  0 -2 -2 -4  0 -3 -5 -2  2  0 -5 -4 -2   14   1  18   7   0   8  15   7   0   2   0   4   0   0   1  14   6   0   0   1  0.38 0.28
    8 T    1 -3  0  2 -4  1 -1  2 -3 -4 -4 -1 -2 -5 -3  3  3 -5 -4 -3   10   0   4  10   0   6   3  14   0   0   0   3   1   0   0  29  17   0   0   1  0.49 0.35
    9 F   -4 -5 -6 -6 -4 -3 -5 -6 -5  5  4 -5  4  0 -6 -4 -1 -1 -3  0    0   0   0   0   0   1   0   0   0  35  39   0  13   2   0   0   4   1   0   3  1.07 0.51
   10 A    1 -5 -5 -6 -4 -5 -4 -5 -5  3  1 -5  0 -3 -5 -2 -2 -5 -1  5   13   0   0   0   0   0   0   0   0  16  14   0   1   0   0   2   1   0   3  50  0.90 0.47
   11 A   -1 -2  1  3 -4  1  1 -2 -3 -5 -5  2 -2 -5 -3  3  3 -5 -4 -4    5   1   6  17   0   6   9   1   0   0   0  12   1   0   0  23  20   0   0   0  0.55 0.38
   12 Q    2 -2  0 -1 -5  6 -1 -1 -3 -4 -4  2 -2 -6 -4  1 -1 -5 -4 -2   20   0   4   2   0  37   2   4   0   1   0  14   0   0   0   9   3   0   0   3  0.74 0.48
   13 F   -3 -5 -6 -7 -5 -5 -5 -7 -6  1  6 -6  2  0 -6 -2 -2 -5 -3 -2    1   0   0   0   0   0   0   0   0   5  80   0   4   3   0   4   2   0   1   1  1.42 0.64
   14 A    1 -3 -3 -4 -4  0 -1 -5 -5  1 -1 -2  5 -4 -5 -2  0 -5 -4  5   12   1   1   0   0   5   5   0   0   5   4   1  16   0   0   2   5   0   0  43  0.68 0.43
   15 Q    3 -2  3  1 -4  2  1 -1 -3 -4 -4  0 -2 -4 -3  1  2 -5 -2 -3   25   1  13   8   0  10   8   4   0   0   0   5   1   0   0  11  12   0   1   1  0.37 0.30
   16 I    5 -4 -2 -4 -4 -3 -4 -3 -4  0  0 -2 -1 -3 -4  0 -3 -3  0  0   61   0   2   0   0   0   0   1   0   6  10   2   1   1   0   5   0   0   3   7  0.84 0.51
   17 E   -4 -2 -3  2 -7  1  7 -5 -4 -6 -5  1 -4 -6 -5 -2 -2 -6  0 -4    1   1   0  11   0   4  66   0   0   0   1   7   0   0   0   2   2   0   3   1  1.42 0.68
   18 I   -2  5  0 -3 -5  2 -1 -3 -3 -2 -3  3 -1 -3 -4  0  0 -5 -4  0    2  33   4   1   0   9   2   2   0   2   1  22   1   1   0   7   6   0   0   7  0.62 0.39
   19 Q    3  0 -2 -1 -4  4 -1 -2 -2 -2 -2  2 -1 -4 -3  0  1 -5 -3 -1   32   5   1   3   0  20   2   1   0   2   3  12   1   0   0   5   7   0   1   3  0.43 0.34
   20 P    0  1 -2 -4 -5  0 -3  0 -4 -5 -5 -1 -5 -6  7  0 -1 -6 -5 -4    8   7   1   0   0   4   1   9   0   0   1   4   0   0  54   6   3   0   0   1  1.28 0.56
   21 F   -1  0 -3 -4 -4  2 -2 -3 -3  0  3  4  0  0 -2 -2 -1 -4 -1 -1    5   3   0   0   0   9   1   2   0   6  28  31   2   4   1   2   2   0   2   3  0.40 0.31
   22 K   -1 -1 -1  2 -3  4  2 -3 -2 -2  0  0  0 -3 -3 -1  1 -3 -2  0    5   2   2  11   0  22  17   1   0   2  11   6   2   1   1   3   9   0   1   6  0.30 0.23
   23 Q    2 -1  2  0 -3  2 -1 -1 -1 -3 -2 -1 -2 -4 -2  1  3 -3 -3 -2   21   2  13   4   0  12   2   3   1   1   4   4   0   0   1   7  22   0   0   2  0.34 0.27
   24 R    0  4 -2 -3 -4  3 -1 -3 -2 -1  0  0 -1 -4  3 -1 -1 -4 -3 -2   10  25   1   0   0  17   1   1   0   4  10   5   2   0  15   2   2   0   1   2  0.45 0.30
   25 Y   -3 -4 -5 -6 -4 -3 -4 -6 -2  4  4 -5  1  1 -6 -4 -3 -1  2 -1    2   0   0   0   0   1   1   0   1  29  48   0   2   5   0   1   0   1   9   1  0.96 0.48
   26 Q    0 -1  3  2 -4  3  1 -4 -2 -4 -5  1 -4 -5 -4  0  3 -5 -4 -3    8   1  17  14   0  14   8   0   0   0   0   8   0   0   0   6  22   0   0   1  0.57 0.39
   27 L    1  2  2 -1 -4  2 -1 -2 -2 -3 -2  2 -2 -4 -3  1  3 -5 -4 -3   11  13   9   2   0  11   3   1   0   0   4  14   0   0   0   8  21   0   0   1  0.37 0.30
   28 Q   -2  3 -1 -1 -6  7 -1 -4 -3 -6 -3  3 -3 -6 -4 -2 -1 -6 -5 -5    3  13   3   3   0  47   2   1   0   0   3  20   0   0   0   2   3   0   0   0  1.13 0.60
   29 T    1 -1 -2 -2 -4  5  3 -3 -2 -1 -1  2 -1 -5 -4 -1  1 -5 -4 -2   12   1   1   1   0  28  18   1   0   3   5  12   1   0   0   3  11   0   0   2  0.53 0.39
   30 N    2 -2  1  0 -4  0  1 -2 -3 -3 -3  1 -3 -5 -3  3  4 -5 -4 -3   15   1   5   5   0   4   7   2   0   1   2  11   0   0   0  20  26   0   0   0  0.46 0.35
   31 T    1  0  1  0 -3  1  0 -1 -3 -3 -2  1 -2 -3 -3  3  2 -1 -2 -2   11   3   7   4   0   6   5   3   0   1   3  11   1   1   0  24  17   1   1   2  0.30 0.26
   32 Y    0 -3  1 -1 -3 -1 -2 -4 -1  1  1 -3 -1  1 -4 -2  0 -2  5  1    9   0   9   4   0   3   1   0   1  10  14   0   1   5   0   2   8   0  24   9  0.36 0.28
   33 Q   -2 -1  4  1 -5  4  1 -4 -3 -5 -5  2 -4 -5 -4  1  3 -5 -4 -4    2   1  20   7   0  21   9   0   0   0   0  12   0   0   0   8  19   0   0   0  0.70 0.44
   34 S    4 -3  0 -2 -3 -2 -3 -1 -4 -2 -3 -3 -1 -5 -4  2  4 -5 -4  0   38   0   4   1   0   1   1   3   0   2   2   1   1   0   0  14  27   0   0   5  0.68 0.45
   35 Q   -3  2 -1 -1 -5  5  2 -4 -2 -4 -2  3 -2 -3 -4 -1  0 -5 -4 -4    0  11   2   2   0  33  12   0   0   0   3  22   1   1   0   5   6   0   0   1  0.77 0.46
   36 L   -3 -2 -5 -4 -4  0 -4 -6 -5  5  4 -1 -1 -2 -5 -2 -2 -5 -4  1    1   1   0   1   0   5   0   0   0  33  42   5   0   1   0   3   2   0   0   6  0.81 0.44
   37 S   -1 -3 -1  0 -5 -2 -2 -4 -4 -6 -6 -1 -5 -6 -4  6  2 -6 -5 -4    3   1   2   5   0   1   1   0   0   0   0   3   0   0   0  70  13   0   0   0  1.36 0.71
   38 A    6 -4 -4 -4 -4 -4 -4  2 -5 -4 -4 -4 -3 -4 -4  0 -2 -6 -4 -3   71   0   0   1   0   0   0  16   0   1   1   0   0   0   0   7   2   0   1   1  1.32 0.66
   39 L   -4 -5 -6 -6 -5 -5 -6 -6 -3  2  3 -5  0  4 -6 -5 -4  5  6  2    0   0   0   0   0   0   0   0   0  13  24   0   1  15   0   0   0   6  28  12  1.05 0.50
   40 G   -1 -3 -1 -1 -5 -1 -3  6 -5 -6 -6 -1 -5 -6 -5  1 -1 -6 -6 -5    4   1   2   3   0   3   1  66   0   0   0   3   0   0   0  12   4   0   0   0  1.32 0.59
   41 K    0 -1 -1 -1 -4  4  0 -3 -3 -3 -4  3 -3 -5 -4  2  3 -5 -4 -2    8   2   2   3   0  19   4   1   0   1   1  18   0   0   0  14  24   0   0   1  0.55 0.39
   42 V   -3 -5 -6 -7 -4 -4 -6 -7 -6  4  5 -5  1 -1 -6 -5 -4 -5 -3  2    2   0   0   0   0   1   0   0   0  20  62   0   2   2   0   0   0   0   0  11  1.21 0.55
   43 E   -3  1  1 -2 -6  4  1 -2 -3 -4 -5  6 -4 -6 -4  1 -1 -6 -5 -4    0   6   6   2   0  17   7   2   0   1   0  46   0   0   0   9   4   0   0   1  0.93 0.51
   44 S    0 -4 -1 -3 -4 -3 -4  1 -4 -6 -5 -3 -5 -6 -3  6  2 -6 -5 -5    6   0   3   1   0   0   0   9   0   0   1   0   0   0   1  65  13   0   0   0  1.25 0.67
   45 A    5 -1 -2 -2 -4  0 -2 -1 -4 -4 -1  1 -2 -5 -4  2 -2 -5 -3 -1   50   3   1   2   0   4   2   4   0   0   6   8   1   0   0  15   0   0   1   3  0.63 0.43
   46 M   -4 -5 -6 -7 -4 -5 -6 -7 -6  2  6 -6  4 -1 -6 -5 -3 -5 -4  1    1   0   0   0   0   0   0   0   0   9  69   0   9   2   0   0   1   0   0   9  1.33 0.59
   47 R    1 -1  0  2 -4  0  1 -2 -3 -5 -4  0 -4 -4 -4  4  2 -5 -4 -4   11   2   4  10   0   3  10   3   0   0   1   4   0   1   0  39  13   0   0   0  0.59 0.41
   48 E    2 -2  1  1 -4 -1  0 -1 -3 -4 -4  2 -4 -5 -3  2  3 -5 -4 -3   20   0   8   9   0   2   6   3   0   0   1  11   0   0   0  15  23   0   0   0  0.47 0.35
   49 F   -5 -6 -7 -7 -5 -6 -6 -7 -5 -2  4 -6  1  7 -7 -6 -5 -3  1 -1    0   0   0   0   0   0   0   0   0   1  41   0   2  49   0   0   0   0   3   4  1.61 0.67
   50 R   -2  3  0 -1 -6  6  0 -3 -2 -5 -3  2 -4 -4 -4  0 -2 -5 -4 -4    4  13   3   2   0  47   5   2   0   0   2  12   0   1   0   5   2   0   0   1  0.98 0.55
   51 T    0 -3  0  4 -4 -3 -1 -1 -4 -4 -3  0 -3 -5 -4  3  4 -6 -5 -4    6   0   3  23   0   0   4   5   0   0   2   6   0   0   0  19  32   0   0   0  0.69 0.44
   52 A    5 -3 -2 -3 -4 -1 -3 -2 -4 -2 -3  0 -1 -5 -2  2  1 -5 -3 -1   57   1   1   0   0   2   0   2   0   2   2   7   1   0   1  12   8   0   0   4  0.79 0.48
   53 L    2 -3 -1 -4 -3 -3 -4 -3 -4  2  3 -4  3 -2 -4 -1 -1 -4 -3  2   18   1   4   0   0   1   0   1   0   9  33   0   8   1   0   4   4   0   0  16  0.46 0.32
   54 N    2  0  1  2 -4  0  2  0 -3 -4 -4  2 -3 -4 -3  1  2 -5 -2 -3   16   3   5  14   0   4  11   6   0   0   1  15   0   0   0  11  14   0   1   0  0.35 0.27
   55 E    2 -1  1  2 -4  0  1  0 -3 -4 -4  3 -3 -4 -2  1  1 -5 -4 -3   24   1   5  11   0   2   8   8   0   0   0  21   0   0   1   9   9   0   0   1  0.38 0.29
   56 M   -5 -6 -6 -7 -5 -5 -6 -7 -6  0  6 -5  3  0 -6 -5 -5 -5 -4 -1    0   0   0   0   0   0   0   0   0   4  82   0   7   3   0   0   0   0   0   3  1.61 0.68
   57 N    1  0  4 -1 -3  1 -1  1 -2 -3 -2  1 -2 -4 -3  1  1 -4 -3 -2   14   4  21   1   0   6   2  13   1   1   3   9   1   0   0  10  10   0   0   3  0.30 0.23
   58 S    0 -1  1  3 -4 -1 -1 -1 -3 -4 -3  3 -3 -4 -3  3  1 -5 -3 -4    5   1   7  18   0   2   1   3   0   0   2  22   0   0   1  29   7   0   0   0  0.56 0.37
   59 S    2 -2  0  0 -3 -1 -1  1 -2 -2 -2 -1 -2 -2  3  2  1 -3 -1 -1   18   1   4   6   0   1   3  12   1   2   3   3   1   2  14  15   8   0   2   4  0.22 0.17
   60 T    1 -2  0  3 -3 -1  0  1 -3 -2 -2 -1 -2 -4 -3  1  3 -4 -3 -2   13   1   3  18   0   2   5   9   0   1   5   4   0   0   0  13  20   0   0   3  0.31 0.23
   61 N    0 -1  2  2 -2  0  1  0 -1 -2 -2  0 -2 -1 -1  2  1 -3 -2 -2    8   2  13  14   0   2   7   7   1   2   5   6   0   3   2  15  11   0   1   1  0.20 0.15
   62 S    0 -2 -1 -1 -2 -1 -1  1 -2 -1  0 -1 -1  3  0  2  1  2  0 -1    8   1   1   3   0   2   2  10   0   3  11   2   1  14   4  16  11   3   3   3  0.12 0.13
   63 I   -1 -2  0 -2 -3  0 -2 -2 -2  0  1 -1  1  4 -2 -1 -1  4  1  0    6   2   6   2   0   4   1   3   0   3  16   3   4  24   2   5   3   7   3   7  0.28 0.20
   64 I    0  0  2 -1 -3  1 -1  0 -2  0  0  0 -1  1 -2  0  1 -1  0  0    8   4  11   2   0   8   2   8   0   7  11   4   1   9   1   8   8   1   4   4  0.06 0.10
   65 K    2  1 -1 -2 -3  2 -1  1 -2 -2 -2  2 -2 -1 -2  1  1 -3 -1 -1   18   8   2   1   0  10   2  10   0   1   4  14   1   3   1   9  11   0   2   4  0.19 0.18
   66 N    0  1  2 -2 -3  0 -1 -1 -1 -1 -1  1  0  0 -2  1  2 -3 -1  0    7  10  14   1   0   4   2   5   1   3   5   8   2   4   1  11  13   0   2   6  0.12 0.14
   67 S    2 -2 -1 -2 -3 -1 -2 -2 -3 -1 -3  2 -3 -1 -1  2  4 -4 -3 -1   17   1   2   1   0   2   0   2   0   3   2  14   0   3   2  19  26   0   1   5  0.39 0.32
   68 T    4 -4 -2 -4 -2 -3 -3 -2 -4 -1 -2 -1 -3 -4 -3  1  4 -5 -4  2   34   0   2   0   0   1   1   3   0   4   3   3   0   0   1   9  27   0   0  13  0.60 0.41
   69 S    1 -3  0 -3 -4 -1 -2 -3 -4 -1 -4  0 -3 -4 -3  3  4 -3 -4  1   13   1   3   0   0   3   2   1   0   3   1   5   0   0   0  28  32   0   0   9  0.63 0.43
   70 I   -1 -3  0 -1 -3 -1 -3 -2 -3 -1 -1 -2 -1 -1 -1  4  3 -4 -3  1    3   1   3   2   0   2   0   2   0   4   7   2   1   2   2  38  18   0   0  12  0.43 0.35
   71 S    0 -4  0  0 -4 -2 -2  1 -3 -4 -4 -3 -4 -5 -2  6  0 -6 -3 -2    7   0   4   4   0   1   2  11   0   1   1   0   0   0   1  60   5   0   1   2  0.93 0.54
   72 Q   -2 -3  4  5 -5  1  0 -1 -3 -3 -5 -1 -4 -5 -4  2  1 -6 -5 -4    3   0  23  29   0   5   3   4   0   1   1   3   0   0   0  16  10   0   0   1  0.74 0.42
   73 E    0 -3  2  2 -4 -1  2  1  0 -3 -4 -1 -4 -5  0  2  2 -5 -3 -3    6   0  10  14   0   0  18  11   2   1   1   3   0   0   4  15  14   0   1   1  0.39 0.28
   74 G    1 -2  0  3 -4 -1  1  1 -3 -3 -4  2 -3 -4 -2  2  2 -5 -4 -2   10   0   2  20   0   2   7  10   0   1   1  13   0   0   1  15  16   0   0   2  0.40 0.29
   75 Y    2 -2 -2 -2 -3 -1 -3 -1  0  2  0 -2  0  1 -2  0  0 -3  2  2   19   1   1   1   0   3   0   5   2  11   7   1   1   6   1   5   5   0   9  22  0.19 0.19
   76 F    2 -4 -5 -5 -3 -4 -5 -3 -4  1  3 -4  0  4 -4 -3 -2 -3 -2  3   19   0   0   0   0   0   0   2   0   6  25   0   2  22   0   1   1   0   0  21  0.63 0.37
   77 T    0 -3 -1 -2 -4 -3 -2 -1 -4 -4 -5  1 -4 -5 -4  4  5 -6 -5 -2    7   1   2   2   0   1   1   3   0   0   0   9   0   0   0  30  42   0   0   2  0.92 0.54
   78 A    5 -5 -5 -5 -2 -4 -4 -2 -5  1 -2 -4 -2 -3 -4 -2 -2 -6 -5  4   53   0   0   0   0   0   0   2   0   7   3   0   1   1   0   1   2   0   0  29  1.00 0.55
   79 N    0 -4 -1 -2 -4 -3  0 -4 -4 -3 -4 -1 -4 -5 -4  3  6 -6 -5 -2    6   0   2   2   0   1   5   0   0   1   1   4   0   0   0  24  53   0   0   2  1.06 0.59
   80 A    5 -4 -4 -4 -3 -3 -4 -1 -4 -3 -2 -3 -2 -5 -1  1  3 -5 -4  1   47   0   0   0   0   1   0   5   0   1   4   0   1   0   3  11  20   0   0   8  0.74 0.46
   81 D    0 -3  1  2 -4 -2 -1  2 -3 -3 -4  0 -3 -5 -3  3  3 -5 -4 -3    5   0   8  14   0   1   3  18   0   1   1   6   0   0   0  22  20   0   0   1  0.49 0.34
   82 A    2 -3  2  0 -4 -2  0  2 -1 -4 -5  0 -4 -4 -1  3  1 -5 -4 -3   17   0  12   4   0   1   5  14   1   0   0   5   0   0   3  28   8   0   0   1  0.45 0.32
   83 K    0 -2  1  2 -4 -1 -1  3 -3 -4 -4  2 -4 -4 -4  2  2 -5 -3 -3    5   0   6  10   0   2   3  26   0   0   0  13   0   1   0  16  15   0   0   1  0.48 0.33
   84 A    7 -5 -5 -5 -4 -5 -5 -1 -5 -3 -4 -4 -5 -6 -2 -2 -1 -6 -6 -2   86   0   0   0   0   0   0   3   0   1   1   0   0   0   2   1   4   0   0   2  1.71 0.78
   85 L    2 -2 -1 -2 -3  1 -2 -2 -3  0  0 -1  0 -3  0  1  1 -4 -3  3   18   1   2   1   0   9   1   2   0   4   7   3   2   0   5  12   7   0   0  26  0.26 0.25
   86 S    3 -2  1 -2 -4 -1 -1 -2 -4 -2 -3  0 -3 -5  4  1  1 -5 -4 -1   33   2   8   1   0   2   3   2   0   2   2   5   0   0  19   8   9   0   0   5  0.49 0.34
   87 G   -1 -6 -1 -3 -6 -5 -6  7 -6 -6 -5 -5 -5 -7 -6 -2 -1 -6 -7 -4    4   0   2   1   0   0   0  85   0   0   1   0   0   0   0   2   4   0   0   1  1.97 0.77
   88 S   -2 -1  3  0 -4  1 -2 -3 -3 -3 -4  0 -3 -5 -3  4  3 -6 -5 -3    2   2  17   4   0   6   1   1   0   1   0   4   0   0   1  37  22   0   0   2  0.72 0.46
   89 Y   -4 -6 -6 -7 -7 -6 -6 -6  2 -3 -2 -6 -3  3 -7 -5 -4 -1  9 -5    1   0   0   0   0   0   0   0   5   1   3   0   0  11   0   0   1   0  77   0  2.57 0.96
   90 Q    1 -1  2  2 -4  3  0 -2 -2 -4 -4 -1 -4 -5 -3  3  2 -5 -4 -2    9   2  10  13   0  13   4   1   1   0   0   3   0   0   0  27  14   0   0   3  0.49 0.36
   91 I   -4 -6 -6 -5 -4 -5 -6 -7 -6  5  2 -6  0  2 -6 -5 -4 -5 -3  5    0   0   0   0   0   0   0   0   0  34  17   0   1   9   0   0   0   0   0  38  1.18 0.53
   92 F    0 -2  2  0 -4  1  3 -2  0 -2 -3  1 -3  1 -3  0  1 -4  0 -1    6   1  12   4   0   5  24   2   2   1   1   9   0   9   0   8   8   0   3   5  0.28 0.25
   93 V   -4 -7 -5 -7 -5 -6 -6 -6 -7  1 -3 -6 -3 -5 -6 -5 -3 -7 -5  8    0   0   0   0   0   0   0   1   0   5   0   0   0   0   0   0   1   0   0  92  2.22 0.88
   94 E   -2 -1  1  1 -4  2  3 -3 -2 -2 -2  2 -2 -5 -3  1  3 -5 -4 -1    1   1   7   6   0  10  17   1   0   2   3  12   1   0   0  12  24   0   0   4  0.43 0.33
   95 Q   -2  0  1 -3 -6  7 -1 -4 -1 -6 -6  1 -4 -6 -5  1 -2 -6 -4 -4    4   3   8   1   0  59   1   1   1   0   0   9   0   0   0  10   2   0   0   1  1.37 0.69
   96 V   -5 -5 -7 -5 -5 -5 -6 -7 -6  1  6 -5  2 -2 -6 -6 -3 -5 -4  0    0   0   0   1   0   0   0   0   0   6  82   0   4   0   0   0   1   0   0   6  1.58 0.67
   97 A    7 -5 -5 -6 -4 -5 -5 -4 -5 -5 -5 -5 -5 -4 -5 -3 -4 -6 -6 -4   97   0   0   0   0   0   0   0   0   0   0   0   0   1   0   0   0   0   0   0  2.20 0.91
   98 T   -1  1 -2 -3 -5  5 -1 -4 -3 -5 -5  2 -4 -5 -4  2  4 -5 -4 -3    5   5   1   0   0  30   2   1   0   0   0  14   0   0   0  13  26   0   0   1  0.82 0.50
   99 S    5 -3 -1 -4 -4 -1 -3  1 -3 -4 -4 -2 -3 -4 -1  3 -1 -5 -4 -2   49   1   2   0   0   2   1  11   0   0   0   2   0   0   3  22   4   0   0   2  0.76 0.46
  100 H   -2 -1 -1 -1 -5  6 -2 -2  6 -6 -5 -2 -4 -4 -4  3 -2 -5 -3 -5    3   3   2   3   0  39   1   3  21   0   1   1   0   1   0  20   1   0   1   0  1.16 0.61
  101 Q   -1  2 -1 -3 -4  4 -2 -4 -3 -4 -4  4 -3 -5 -4  3  1 -5 -4  0    4   8   1   0   0  18   0   0   0   0   0  29   0   0   0  21  10   0   0   7  0.67 0.44
  102 V   -1 -3 -3 -3 -3 -2 -4 -4 -4  3  4 -4  0 -1 -4 -2 -1 -1 -2  3    5   1   1   1   0   1   0   1   0  15  42   1   1   2   1   2   4   1   1  21  0.59 0.33
  103 S    3 -2 -2 -2 -3  0 -1  0 -2 -1 -2 -1  0 -3 -3  2  2 -4 -2  1   29   2   1   1   0   4   3   6   1   3   3   2   2   0   0  16  16   0   1  11  0.31 0.26
  104 T    0 -4 -2 -3 -4 -2 -3 -1 -4 -2 -2 -2 -2  0 -3  5  4 -3 -1 -2    6   0   0   0   0   1   0   4   0   2   4   2   1   4   1  45  24   0   2   3  0.70 0.46
  105 G    2 -2  1  2 -3  2 -1  2 -2 -3 -3  1 -2 -4 -2  1  1 -4 -3 -2   22   1   5  11   0  10   3  16   0   1   1   7   1   0   1  10   8   0   1   1  0.31 0.24
  106 M    2 -1  0  0 -3 -1 -1  2 -2 -1 -1 -1  0 -1 -1  1  1 -3 -1  0   22   2   4   4   0   3   2  19   0   1   4   2   3   2   2   9   8   0   2  10  0.17 0.16
  107 P   -1 -3 -1 -1 -3  1 -2 -1 -1  1  0 -1  0  4  1  0  0 -2  1  1    5   0   3   3   0   7   2   4   1   7   8   2   2  20   6   8   4   0   5  14  0.15 0.15
  108 A    4 -2 -1  0 -3 -1 -1 -1 -3 -2 -2 -2 -3 -1 -1  2  2 -4 -1 -1   34   1   3   5   0   3   2   3   0   2   2   1   0   3   3  19  13   0   2   4  0.37 0.28
  109 D    1 -2  1  3 -3 -1  0  1 -2 -3 -3 -1 -2  0 -1  2  0 -3 -2 -2    9   2   7  22   0   2   5  11   0   1   2   2   1   4   2  20   4   0   1   3  0.30 0.21
  110 L    1  0  0  0 -2  0 -1  1 -1 -1  0  0 -1  0  0  1  2 -2 -1 -1   12   4   5   4   0   3   3  12   1   2   9   5   1   4   4  10  15   0   2   4  0.07 0.07
  111 D    0 -1  0  3 -2  0  0  0 -2 -2 -2  0 -2 -1  0  1  2 -3 -2 -2    9   2   4  19   0   3   5   6   1   1   4   5   0   3   3  13  17   0   1   3  0.22 0.16
  112 A    2 -1  0  1 -2 -1  0  1 -2 -2 -2  0 -2 -3  1  2  1 -3 -3 -2   22   1   3   8   0   2   5   9   0   1   3   6   0   1   6  18  11   0   0   1  0.24 0.18
  113 T    2 -2  0  0 -2  0 -1  0 -2 -1 -1  0 -1 -3  0  2  2 -3 -2 -1   19   1   5   6   0   3   3   5   0   2   7   6   1   1   4  14  17   0   1   5  0.17 0.16
  114 T    1 -2  0  1 -2 -1 -1  1 -2  0  0 -1 -1 -3 -1  1  3 -2 -2  0   11   1   3  11   0   1   2   9   1   5   9   3   1   1   3  12  21   1   1   7  0.15 0.15
  115 E    1 -1  0  1 -2  0  0  1 -2 -1 -1  0 -1 -1  0  1  1 -3 -2  0   13   1   5   7   0   5   6  11   0   3   6   4   1   3   3  11  11   0   0  10  0.09 0.10
  116 I    1 -2  0  0 -2 -1 -1  0 -2  0  0  0  0 -1  0  1  2 -2 -2  1   16   1   3   4   0   2   2   6   0   3  12   4   1   2   4  10  14   0   1  12  0.09 0.11
  117 P    0 -2  0 -1 -2 -1 -2  2 -3  1  0 -1 -1  0  1  1  0 -3 -2  1    8   0   4   3   0   1   2  16   0  10  10   2   1   4   7  11   6   0   1  14  0.10 0.12
  118 K    1 -3 -1 -1 -4 -1 -1  4 -3 -3 -3 -1 -3 -4  0  0  2 -3 -4 -3   14   1   2   4   0   2   3  39   0   2   3   3   0   0   4   7  14   0   0   1  0.53 0.32
  119 T    2 -3 -1  1 -3  0  1  0 -3 -3 -2 -2 -3 -2 -1  3  3 -4 -2 -2   14   0   2   6   0   3   8   8   0   0   3   1   0   1   2  24  25   0   1   2  0.40 0.31
  120 G   -1  0 -3 -2 -5 -3 -4  6 -3 -3 -3 -3 -4 -2 -4 -1  0 -5 -5 -4    3   6   0   2   0   1   0  67   1   1   3   1   0   2   1   3   7   0   0   1  1.21 0.54
  121 N   -1 -2 -1 -1 -3 -1 -1 -3 -4 -2 -2  0 -2 -4 -1  2  5 -5 -4 -1    3   1   3   2   0   2   4   1   0   2   3   6   0   0   2  18  47   0   0   5  0.70 0.45
  122 L   -3 -2 -5 -4 -4 -3 -4 -3 -5  3  5 -4  2  2 -5 -3  0 -2 -3  0    2   2   0   1   0   1   0   2   0  14  53   0   5   8   0   1   6   0   0   5  0.75 0.40
  123 E   -2 -1 -1  1 -4 -2  0 -3 -3 -2 -4  1 -4 -3 -3  2  5 -5 -3 -1    2   3   3   6   0   1   7   2   0   2   0   7   0   1   1  16  46   0   0   3  0.69 0.44
  124 F   -3 -3 -4 -6 -4 -4 -5 -3 -5  5  3 -5  0  5 -6 -3 -2 -4 -2  1    1   1   1   0   0   0   0   2   0  38  23   0   1  24   0   1   2   0   0   6  0.95 0.46
  125 T   -1 -1 -1 -1 -4  2  0  0 -2 -4 -4  1 -3 -4 -4  2  5 -5 -4 -4    5   2   3   3   0   8   5   7   1   0   1   9   0   0   0  18  38   0   0   0  0.61 0.41
  126 I    1 -3 -2 -2 -3  3 -2 -3 -2  2  1 -2  0  1 -3 -1 -2 -2  0  3   11   0   1   2   0  15   1   1   0  13  13   2   2   6   1   3   1   0   3  24  0.29 0.26
  127 N   -1 -4  3  2 -5 -2 -3  5 -4 -5 -5 -2 -5 -6  0  0  0 -6 -5 -4    4   0  17  11   0   1   1  48   0   0   0   2   0   0   4   7   5   0   0   1  0.93 0.47
  128 G    0 -4 -1  2 -5 -1 -2  5 -4 -3 -4 -2 -4 -5 -2  2 -1 -5 -4 -2    6   0   2  13   0   3   2  48   0   1   1   2   0   0   2  13   4   0   0   2  0.78 0.41
  129 K    0 -1  1  0 -4  1  1  1 -2 -3 -3  3 -3 -3 -1  1  2  0 -2 -1    6   2   5   5   0   5   8  12   0   1   1  21   0   1   2   8  16   2   1   4  0.25 0.22
  130 T    0 -3  0  2 -4 -1 -1 -1 -3 -4 -4  1 -4 -4  1  3  3 -5 -4 -3    8   0   4  10   0   2   4   3   0   0   0   8   0   1   6  29  24   0   0   1  0.52 0.36
  131 M   -1 -2 -1 -2 -3 -1 -1 -1 -1  0  0  0  2  4 -2 -1  1 -2  2 -1    3   1   2   2   0   1   4   4   2   6   8   8   6  25   2   4  12   0   6   4  0.22 0.19
  132 T   -1 -2  2  2 -3 -1  0 -1 -2 -4 -4  0 -3 -4  2  2  4 -4 -3 -2    4   1   9  12   0   1   5   3   0   0   1   4   0   0   9  15  31   0   0   2  0.50 0.33
  133 I   -1 -3 -2 -3 -2 -1 -3 -2 -3  3  1 -2  0  1 -2 -1 -1 -3 -1  4    5   1   2   1   0   2   1   3   0  21  13   3   2   5   2   3   4   0   1  31  0.33 0.21
  134 D    0 -2  3  4 -4 -1  1 -2 -2 -4 -4  0 -3 -4 -1  1  2 -4 -4 -3    7   1  12  30   0   2   9   2   0   0   1   4   0   1   3  10  13   0   0   1  0.52 0.30
  135 L   -1 -2 -2 -2 -3 -3 -3 -1 -2  4  2 -2  1 -1 -1 -2 -1 -3 -3  3    5   2   1   2   0   1   1   5   1  25  22   2   2   1   3   3   3   0   0  20  0.33 0.21
  136 S    1 -2  1  2 -3 -1  0  0 -2 -2 -2  1 -2 -2  1  2  2 -3 -3 -2   14   1   6  14   0   2   5   5   0   2   2   8   1   1   6  15  14   0   1   2  0.22 0.17
  137 T    2 -2 -1 -1 -2 -1 -1  0 -2  0  0 -1 -1 -2  1  2  1 -3 -2  1   24   2   2   3   0   1   3   5   0   3   8   3   1   2   5  15  10   0   1   9  0.14 0.14
  138 V    1 -1  0  0 -2 -1 -1  0 -2  0  0 -1 -1  0 -1  1  2 -2 -1  0   15   2   3   5   1   2   3   6   1   5   7   3   1   4   3  11  17   0   2   8  0.08 0.08
  139 D   -1 -1  3  4 -2 -1  0 -1 -1  0 -1  0 -2 -2  1  0  0 -2 -2  0    5   2  14  25   1   2   5   4   2   6   4   5   1   2   6   4   5   0   1   6  0.23 0.13
  140 T    0  0  0  0 -1  0  0  0 -1  1  0  0  0 -1  0  1  1 -1 -1  0    7   3   3   4   1   3   5   6   2  10   7   7   1   3   4  11  13   1   2   9  0.04 0.03
  141 D    0 -1  1  2 -1  0  0  0 -1  1  0 -1 -1 -1  0  0  0 -1 -1  0    6   3   8  18   1   3   6   5   1  10   9   3   1   2   3   7   7   1   2   4  0.08 0.04
  142 G    0 -1  0  1 -1  0  0  1 -1  0  0  0  0 -1  0  0  0 -1 -1  0    7   3   6   7   1   3   4  15   1   9   7   6   1   3   3   5   6   1   2  10  0.03 0.02
  143 D    0 -1  1  3 -2  0  1  0 -1 -2 -1  0 -1 -2  1  1  0 -2 -1 -1    8   2   5  20   1   2   8   6   1   2   5   7   1   2   6  13   5   1   2   3  0.17 0.08
  144 G    1 -1  0  2 -2 -1  0  2 -1 -2 -2  0 -2 -2 -1  1  0 -2 -1 -1   17   2   3  12   1   2   7  20   1   2   4   4   1   1   3   9   6   0   2   3  0.16 0.08
  145 V    0 -1  2  1 -2  1  0  2 -1 -2 -2  0 -2 -2 -2  0  1 -2 -1 -1    5   1  14   8   0   8   5  21   1   1   4   6   1   2   1   5  10   0   2   4  0.20 0.12
  146 T    2 -2  3  2 -2 -1 -1 -2 -2 -1 -1 -1  0 -3 -2  1  3 -3 -3 -1   18   1  16  11   0   1   3   2   0   3   4   2   3   1   1  10  19   0   1   4  0.27 0.20
  147 T   -2 -4 -2 -2 -4 -4 -3 -4 -4 -4 -5 -1 -2 -5 -4  5  6 -6 -5 -4    1   0   1   2   0   0   1   0   0   1   0   3   1   0   0  43  48   0   0   0  1.35 0.67
  148 V   -2 -5 -6 -6 -4 -5 -6 -6 -6  0  6 -5  1 -2 -2 -5 -4 -5 -2  0    4   0   0   0   0   0   0   0   0   3  80   0   2   1   2   0   0   0   1   5  1.38 0.60
  149 S    2 -2  1  0 -4  3  2 -2 -3 -2 -3  0 -2 -4 -3  2  1 -5 -3 -2   20   1   6   5   0  18  14   1   0   2   2   3   0   0   0  15   9   0   0   3  0.39 0.30
  150 D   -1 -3 -1  4 -5  1  2  3 -3 -5 -5 -2 -5 -6 -4  1 -1 -5 -5 -5    5   0   2  29   0   7  16  27   0   0   0   2   0   0   0   9   3   0   0   0  0.75 0.40
  151 L   -3 -5 -6 -6 -4 -5 -5 -6 -6  6  3 -4  2 -1 -5 -5 -2 -5 -4  3    2   0   0   0   0   0   0   0   0  43  26   1   4   1   0   0   2   0   0  21  1.08 0.47
  152 T    4  6 -3 -5 -5 -1 -3 -4 -4 -3 -4 -1  0 -5 -5 -2 -2 -6 -5  0   34  46   0   0   0   2   0   0   0   1   0   2   3   0   0   2   1   0   0   9  1.06 0.55
  153 K    0  0  2  5 -5 -1  0 -2 -2 -5 -4  2 -4 -5 -4  1 -1 -6 -3 -5    9   4   8  42   0   2   4   2   1   0   1  12   0   0   0  12   2   0   1   0  0.76 0.40
  154 A    5 -1 -3 -3 -4  0 -2 -3 -2 -3 -3  2 -2 -5 -4  1 -2 -5 -3 -2   61   2   1   1   0   5   1   0   1   1   2  14   1   0   0   7   2   0   1   1  0.90 0.51
  155 I   -4 -7 -7 -7 -5 -7 -7 -7 -7  8 -1 -6 -3 -2 -7 -6 -4 -6 -5  0    1   0   0   0   0   0   0   0   0  92   2   0   0   1   0   0   0   0   0   4  2.33 0.84
  156 N   -5 -4  9 -2 -7 -4 -4 -5 -4 -7 -8 -4 -6 -7 -6 -4 -4 -8 -6 -7    1   1  97   1   0   0   0   0   0   0   0   0   0   0   0   0   0   0   0   0  2.92 1.03
  157 N    2 -1  3  2 -3  1  0  1 -2 -3 -4  2 -3 -4 -3  2  0 -5 -4 -3   19   2  14  10   0   5   3   8   1   1   0  15   0   0   0  16   6   0   0   0  0.37 0.26
  158 N    5 -3  0 -1 -3  2 -1 -2  1 -4 -3 -1 -3 -4 -3  2 -1 -5 -4 -2   47   0   4   4   0  11   2   1   3   0   1   2   0   0   0  17   3   0   0   2  0.65 0.41
  159 S    1 -1  0  1 -2  0  1  1 -1 -2 -1  0 -1 -1  0  2  0 -2 -1 -1   10   2   4   9   1   5   7  10   1   2   6   6   1   3   5  17   6   0   3   3  0.10 0.07
  160 D    0 -1  1  4 -2  0  0  2 -2 -3 -2  0 -2 -3 -2  0 -1 -3 -2 -2    9   2   6  27   1   4   5  19   1   1   3   6   1   1   1   7   2   0   1   2  0.34 0.16
  161 N   -1 -3  6  3 -5 -2 -1  1 -3 -5 -5  1 -3 -5 -4  0 -1 -5 -4 -3    6   0  46  14   0   1   2  12   0   0   1   8   1   0   0   5   3   0   0   1  0.90 0.44
  162 P    2 -2 -1 -1 -2 -1 -1 -1 -2 -1 -1  0 -1  1  3  1  0 -3 -1 -1   18   1   3   3   0   2   3   3   0   4   6   8   1   8  15  12   7   0   1   4  0.18 0.14
  163 G   -2 -3 -3 -2 -5 -4 -4  7 -4 -5 -5 -3 -5 -4 -4 -2 -3 -5 -5 -4    2   1   0   2   0   0   1  83   0   1   1   1   0   1   1   3   1   0   0   1  1.79 0.62
  164 V   -3 -6 -6 -7 -4 -6 -6 -7 -6  3  0 -6 -1 -2 -6 -5 -4 -6 -4  7    1   0   0   0   0   0   0   0   0  15   7   0   1   1   0   0   0   0   0  74  1.62 0.66
  165 N   -1  0  2 -3 -4  1 -2 -3 -2 -4 -4  0 -2 -5 -4  4  5 -5 -4 -2    3   4   8   0   0   7   1   1   1   0   0   6   1   0   0  30  36   0   0   2  0.77 0.47
  166 A    7 -5 -5 -6 -4 -5 -5 -4 -6 -5 -5 -5 -4 -4 -5 -2 -4 -7 -6 -3   97   0   0   0   0   0   0   0   0   0   0   0   0   0   0   1   0   0   0   1  2.14 0.88
  167 T    0 -4  4 -2 -4 -3 -3 -3 -3 -5 -5 -3 -3 -5 -4  5  4 -6 -3 -3    5   0  18   1   0   0   1   1   0   0   0   0   1   0   0  42  29   0   0   1  1.04 0.57
  168 L   -3 -6 -6 -6 -4 -5 -6 -7 -6  6  2 -6 -1 -3 -6 -5 -2 -6 -4  4    1   0   0   0   0   0   0   0   0  51  15   0   1   0   0   0   2   0   0  30  1.34 0.56
  169 V   -3 -5 -6 -6 -4 -4 -5 -6 -6  5  1 -5  1 -3 -6 -4 -3 -6 -4  5    1   0   0   0   0   1   0   0   0  38  10   0   4   0   0   0   0   0   0  46  1.29 0.55
  170 R   -3  2  5  0 -5  1 -2 -4 -2 -4 -5  2 -3 -4 -4  0  3 -5 -3 -4    0  12  33   5   0   5   0   0   0   0   0  13   0   1   0   5  23   0   1   0  0.80 0.45
  171 S    0 -3  1  5 -4 -2 -2  1 -4 -3 -5 -3 -4 -5 -4  2  2 -6 -4 -1    8   0   5  41   0   1   1   9   0   1   0   0   0   0   0  15  14   0   0   5  0.76 0.43
  172 N    0 -3  2  4 -4 -2 -1  4 -2 -5 -5 -1 -4 -5 -2  1  0 -5 -4 -4    7   0  10  22   0   1   2  34   1   0   0   3   0   0   2   9   7   0   0   1  0.66 0.35
  173 G   -1 -3  2  2 -4 -1 -1  3 -2 -4 -3 -2 -4 -2 -2  2  2 -4 -3 -4    4   0  11  14   0   3   4  28   0   0   2   1   0   2   1  18  11   0   0   1  0.48 0.30
  174 Q   -2 -3  2  0 -5  2  1  5 -3 -5 -5  0 -4 -5 -3  0 -1 -5 -5 -4    2   0  10   5   0   9   8  51   0   1   0   4   0   0   1   5   3   0   0   1  0.88 0.43
  175 T    1 -3 -1 -1 -3  1  0 -2 -1 -2 -3 -1 -2  0 -2  2  1 -2  5  0   15   0   3   3   0   6   5   2   1   1   0   2   1   3   2  20   8   0  22   7  0.36 0.30
  176 H   -3  6 -2 -4 -6  2 -2 -5  5 -3 -5  2 -4 -2 -5 -2 -1 -2  1 -3    1  46   2   0   0   8   2   0  14   1   0  12   0   1   0   2   3   0   6   1  1.06 0.52
  177 F   -5 -5 -7 -7 -5 -3 -6 -7 -6  0  6 -6  2  0 -6 -6 -5 -5 -4 -2    0   0   0   0   0   1   0   0   0   3  88   0   4   3   0   0   0   0   0   1  1.72 0.71
  178 M   -1 -5 -5 -6 -4 -2 -5 -6 -5  1  0 -5  4 -3 -5 -1  0 -5 -4  6    5   0   0   0   0   2   0   0   0   4   8   0  12   0   0   5   5   0   0  57  1.03 0.53
  179 L   -4 -5 -6 -6 -4 -5 -6 -6 -5  2  5 -5  2  3 -6 -5 -4 -4 -2  1    0   0   0   0   0   0   0   0   0  12  62   0   5  12   0   0   0   0   1   7  1.16 0.52
  180 S   -1  0  0 -2 -4 -1 -2 -1 -4 -3 -3 -1 -3 -5 -4  3  6 -5 -5 -3    4   5   3   2   0   2   1   4   0   1   2   2   0   0   0  23  48   0   0   1  0.86 0.51
  181 S    2 -4 -2 -3 -4 -3 -4  0 -4 -6 -6 -3 -5 -6 -3  6 -1 -6 -5 -5   15   1   1   0   0   1   0   8   0   0   0   0   0   0   1  71   2   0   0   0  1.38 0.69
  182 T    0  0  2  2 -4  0  1 -1 -3 -3 -3  3 -3 -4 -3  1  3 -5 -4 -2    8   3  12  10   0   2   8   4   0   1   1  20   0   0   0  11  19   0   0   2  0.38 0.28
  183 E   -1 -1  1  2 -4  1  3 -2 -1 -3 -3  3 -3 -5 -1  0  2 -5 -4 -1    5   1   6  12   0   4  18   2   1   0   1  21   0   0   2   5  16   0   0   5  0.39 0.29
  184 T   -1 -4 -3 -4 -4 -3 -2 -3 -5 -4 -4 -4  1 -5 -2  3  7 -6 -5 -3    3   0   0   0   0   1   2   2   0   0   0   0   3   0   1  19  67   0   0   1  1.43 0.69
  185 G   -4 -6 -4 -5 -6 -6 -6  8 -6 -7 -7 -5 -6 -7 -6 -3 -5 -6 -7 -7    0   0   0   0   0   0   0  97   0   0   0   0   0   0   0   1   0   0   0   0  2.55 0.88
  186 V    3 -2 -2  0 -3 -1  2 -3 -3 -2 -1 -1 -3 -3 -2  0  2 -5 -4  1   33   1   1   4   0   2  16   1   0   2   4   4   0   0   1   7  17   0   0   9  0.39 0.31
  187 A    3 -3  1  3 -4  0  1  3 -3 -4 -4  0 -4 -5 -3  0 -1 -5 -4 -3   28   0   7  16   0   5   9  21   0   0   0   5   0   0   0   6   3   0   0   1  0.49 0.32
  188 N    0 -2  6 -2 -5 -1 -2 -1 -1 -5 -5 -1 -2 -3 -4  3 -1 -5 -1 -4    7   1  48   1   0   2   1   5   1   0   0   4   1   1   0  21   4   0   2   1  0.97 0.51
  189 Q    3 -2 -1  3 -4  1  0  1 -3 -4 -4  0 -3 -3 -3  1  1 -5 -4 -2   26   2   2  22   0   7   5   8   0   0   0   5   0   1   0  10  10   0   0   2  0.42 0.30
  190 I   -3 -5 -5 -5 -4 -5 -5 -6 -5  5  2 -5  4  3 -5 -4 -3 -4 -1  2    2   0   0   1   0   0   0   0   0  37  21   0  13  15   0   0   0   0   1  10  0.97 0.45
  191 N   -2  0  1 -1 -4  0  0 -2 -2 -3 -3  1 -2 -3 -3  3  4 -5 -3 -1    1   6   6   3   0   3   5   1   1   1   1  10   0   1   0  28  29   0   0   4  0.51 0.36
  192 V   -2 -5 -5 -5 -4 -4 -5 -6 -4  5  2 -5  0  0 -4 -4 -1 -5 -3  4    2   0   0   0   0   0   0   0   0  35  17   0   1   4   1   0   2   0   0  36  0.98 0.45
  193 S    0 -3  0  1 -4 -2  0 -1 -3 -3 -4 -1 -3 -3 -3  4  4 -5 -4 -1    5   1   3   7   0   1   5   4   0   1   0   4   0   1   0  39  25   0   0   4  0.63 0.41
  194 A    2 -3  1 -2 -3 -3 -3  2 -3  0 -1 -3 -1 -1 -3  0  1 -4 -1  4   17   0   6   2   0   0   1  18   0   2   4   0   1   2   0   5   7   0   2  31  0.35 0.27
  195 T    0 -2  2  3 -3 -1  0  0 -3 -1 -3 -2 -2 -3 -3  3  3 -4 -4 -2    7   1   8  15   0   1   4   6   0   4   2   1   0   1   1  25  22   0   0   1  0.42 0.30
  196 G    0 -3  2  3 -4 -2 -1  5 -3 -3 -3 -3 -4 -3 -1  1 -1 -4 -3 -3    7   1   8  15   0   1   3  43   0   1   2   1   0   1   2   9   3   0   1   2  0.66 0.34
  197 T    1 -3  0  4 -3 -1 -1  1 -2 -2 -1 -2 -1 -3 -1  1  2 -4 -3 -1   12   1   4  28   0   1   2  12   1   1   5   2   1   1   3   8  15   0   0   4  0.35 0.25
  198 G    1 -3  0  3 -3  0  0  2 -2 -3 -1 -1 -3 -3 -1  2  0 -4 -3 -2   10   0   4  22   0   3   4  16   0   1   6   2   0   1   2  20   6   0   0   3  0.32 0.23
  199 Q    1 -2  0  2 -3  0  0  2 -2 -1  0  0 -1 -2 -2  1  1  0 -3 -1   12   1   3  11   0   5   5  14   0   3  14   6   1   1   1   8  10   1   0   3  0.11 0.12
  200 A    1 -2  1  1 -2 -1  0  0 -2 -1  1 -2 -1 -1  0  1  1 -2 -2 -1   17   1   7   8   0   2   4   8   0   3  17   0   1   3   4  13   9   0   1   1  0.11 0.14
  201 W    1 -2  1  1 -3  0 -2  2 -1 -2  0 -1 -1 -2  0  0  0  1  0 -2   17   1  10   7   0   4   1  18   1   2   9   2   1   1   4   7   7   2   4   2  0.15 0.14
  202 F    0 -2  1  1 -2 -2 -1  0 -2  0  1 -2 -1  1 -1  1  1 -3  0  0   10   0   7  11   0   1   2   9   0   5  17   1   0   9   2  11   8   0   3   4  0.08 0.11
  203 E    1 -1  1  2 -3  0  0  0 -2 -1 -2 -1 -2 -3  1  1  1 -4 -2 -1   13   2   7  14   0   5   4   8   0   5   3   3   0   1   5  13  11   0   1   2  0.18 0.15
  204 D    1 -2  1  2 -3 -1 -1  2 -2 -1 -1 -1 -2 -2  0  1  1 -3 -2 -1   13   1   6  16   0   2   2  14   0   3   6   2   0   2   4  11  12   0   1   5  0.18 0.16
  205 A    3 -3  0  0 -3 -2 -2  3 -3 -2 -1 -2  0 -2 -1  2  1 -3 -3 -1   26   0   3   4   0   1   1  22   0   2   6   2   2   2   2  14   8   0   0   4  0.31 0.23
  206 F    1 -2  0 -1 -3 -2 -2  2 -2 -1  0 -2  0  1 -1  1  2 -3 -1 -1   13   1   4   4   0   0   1  15   0   3   9   1   2   8   2  12  19   0   1   4  0.17 0.17
  207 T    1 -2  2  0 -3  0 -1  2 -2 -2 -2  0 -2 -2 -1  2  2 -4 -3 -2   11   0   9   5   0   5   2  19   0   2   2   4   1   1   3  16  17   0   0   3  0.27 0.21
  208 N    2 -2  4  0 -3 -1 -2  3 -2 -3 -3 -1 -3 -3 -1  1  0 -4 -3 -2   15   1  22   4   0   2   1  23   0   1   2   4   0   1   2  13   6   0   0   2  0.42 0.27
  209 L    0 -2 -3 -2 -3 -1 -2  0 -3 -1  2 -2  6  1 -1 -1 -1  2 -1 -1    9   2   1   2   0   2   2   7   0   2  23   2  25   5   3   5   2   3   1   3  0.37 0.28
  210 S    0 -1  1 -1 -3  1 -1  0 -2 -2 -3  1 -2 -4 -2  1  4 -2 -3 -2    8   3   6   2   0   6   3   7   0   1   2   8   1   0   1  12  37   0   0   2  0.42 0.31
  211 Q   -1 -1 -1  0 -4  4  4 -3 -2 -1 -3  0 -2 -4 -1  0  1 -4 -3  0    5   3   2   3   0  23  26   1   0   4   1   3   1   0   2   5  10   0   1   9  0.45 0.32
  212 I    0 -2  0 -2 -3  0 -2 -2 -3  2  1 -1  1 -3 -2  1  3 -4 -3  1    6   2   4   1   0   4   1   3   0  11  17   4   3   0   1  11  21   0   0  12  0.21 0.20
  213 S    1  0  0 -1 -3  3 -1 -1 -2 -1 -2 -1 -1 -3 -3  2  2 -4 -3  2    9   4   4   3   0  17   2   5   0   3   2   2   1   0   0  15  14   0   0  17  0.26 0.25
  214 A    4 -2 -1 -1 -3  1  1 -1 -2 -3 -2  0 -2 -3  1  0  1 -4 -2 -1   38   1   3   3   0   6   8   4   0   0   3   7   1   1   6   5  10   0   1   4  0.33 0.27
  215 P    6 -5 -4 -4 -4 -3 -4  2 -5 -5 -4 -4 -4 -4  2 -1 -2 -6 -5 -4   67   0   0   0   0   1   0  16   0   0   1   0   0   0  10   2   1   0   0   0  1.27 0.62
  216 Q    0  1 -2 -3 -5  7  0 -2 -2 -5 -4  2 -4 -6 -4  0  0 -5 -4 -2    7   5   1   1   0  52   4   2   0   0   1  10   0   0   0   5   6   0   0   3  1.03 0.56
  217 D   -3 -4  5  7 -6  0 -2 -3 -4 -5 -7 -3 -6 -7 -3 -2 -3 -7 -6 -6    2   0  30  58   0   4   0   1   0   1   0   0   0   0   1   2   1   0   0   0  1.68 0.70
  218 A    7 -5 -4 -5 -3 -4 -4 -1 -5 -5 -5 -4 -4 -5 -4  0 -1 -6 -4 -4   86   0   0   0   0   0   0   3   0   0   0   0   0   0   0   6   2   0   0   0  1.69 0.76
  219 V    0  0 -2 -2 -3  2  1 -2 -1  2  0  3 -1 -3 -3  0 -1 -4 -2  1    7   4   1   0   0  11  11   2   1  15   7  19   0   1   0   5   3   0   0  12  0.23 0.22
  220 I    0 -4 -4 -5 -3 -3 -4 -4 -4  3  3 -3  1  3 -5 -4 -1 -3  1  3    8   0   0   0   0   1   0   1   0  21  28   1   3  12   0   0   2   0   4  19  0.55 0.31
  221 W   -1  0  1 -1 -4 -1 -1 -3 -1 -2 -2  1 -2 -3 -3  1  4  3  1 -1    3   4   6   3   0   1   3   1   1   2   2  11   0   0   0  11  35   5   5   4  0.43 0.32
  222 L    0 -5 -5 -4 -3 -4 -5 -5 -4  5  2 -4  1 -2 -5 -4 -3 -5 -4  4    7   0   0   1   0   0   0   1   0  33  19   0   2   0   0   1   0   0   0  34  0.88 0.42
  223 G    0 -1  1  1 -1  0  0  2  0 -1 -1  0 -1 -1  0  0  0  0 -1 -1    6   3   6   9   1   4   5  22   2   4   7   5   1   3   3   6   4   1   2   5  0.09 0.03
  224 A    1  0  0  1 -1  0  0  1 -1  0 -1  0 -1  0  0  0  0 -1 -1  0   13   4   5   9   1   3   5  12   1   5   7   4   2   5   4   6   4   1   2   5  0.03 0.01
  225 E    0  0  0  0 -1  1  1  0  0 -1  0  0  0 -1  1  0  1 -1  0  0    6   5   4   5   1   7   9   6   2   4   8   7   2   3   6   8  10   1   3   6  0.04 0.01
  226 K    0  0  0  0 -1  0  0  0 -1  0  0  0  0  0  0  0  0 -1  0  0    8   4   5   5   1   3   5   8   2   7   8   4   2   4   4   7   7   1   3  12  0.01 0.00
  227 T   -3 -3  6  6 -5 -2 -2 -2 -2 -5 -5 -2 -4 -5 -3 -1  0 -5 -4 -5    1   0  39  41   0   1   1   2   1   0   1   2   0   0   1   4   5   0   0   1  1.33 0.55
  228 G   -2 -5  0 -3 -5 -4 -5  7 -4 -6 -6 -4 -5 -5 -3 -3 -3 -5 -5 -5    1   0   5   1   0   0   0  85   0   0   1   0   0   0   1   1   1   0   0   1  1.96 0.69
  229 L   -3 -4 -2 -4 -3 -2 -4 -5 -4  5  3 -3  1  0 -3 -3  0 -4 -1  2    1   0   2   1   0   2   0   0   0  37  25   1   3   4   1   2   5   0   1  15  0.65 0.34
  230 K    2 -2 -1  1 -3  1  2 -3 -3 -3 -3  1 -2 -4  0  1  2 -5 -4 -1   21   1   2  10   0   5  15   0   0   0   1  10   0   0   5   9  15   0   0   4  0.33 0.27
  231 L   -1 -3 -5 -6 -4 -3 -5 -5 -5  5  2 -4  2 -2 -5 -4 -3 -5 -1  4    5   1   0   0   0   1   0   0   0  34  16   0   5   1   0   1   0   0   2  33  0.86 0.43
  232 T   -2 -1 -1 -3 -4  1  3 -4 -1 -3 -4  0 -3 -5 -4  2  5 -5 -3  0    1   2   1   0   0   5  19   0   1   1   0   5   0   0   0  13  45   0   1   5  0.81 0.50
  233 N   -2  3  2 -3 -5  0 -3 -3 -1 -5 -5 -1 -5 -5 -4  6 -2 -6 -2 -5    1  18   8   0   0   3   0   1   1   0   1   2   0   0   0  62   0   0   1   0  1.19 0.64
  234 S    2 -3  0  1 -4  2 -1 -1 -2 -5 -5  1 -4 -5  1  3  0 -5 -4 -4   21   0   3   8   0  10   3   3   1   0   0   8   0   0   7  30   5   0   0   0  0.50 0.36
  235 S   -3 -4 -1 -2 -5 -3 -3 -2 -5 -5 -5 -3 -5 -6 -4  6  5 -6 -5 -5    0   0   2   1   0   0   0   3   0   0   0   1   0   0   0  58  34   0   0   0  1.43 0.72
  236 N   -6 -3  9 -3 -7 -4 -5 -5 -4 -8 -7 -5 -7 -8 -6 -4 -3 -8 -7 -7    0   1  98   0   0   0   0   0   0   0   0   0   0   0   0   0   1   0   0   0  3.02 1.08
  237 T   -1 -2  0 -2 -4 -1  1 -4 -2 -3 -4  1 -4 -5 -4  1  6 -6 -3  0    3   1   4   1   0   3   8   0   1   1   0  10   0   0   0   7  55   0   1   5  0.91 0.53
  238 F   -3 -5 -5 -6 -4 -5 -5 -6 -5  4  1 -5 -1  5 -5 -5 -3 -4 -2  4    1   0   0   0   0   0   0   0   0  27  13   0   0  26   0   0   0   0   0  32  1.07 0.49
  239 E    0 -3  0  3 -4 -1  2 -3 -3 -4 -5  2 -4 -5 -3  3  4 -5 -4 -3    5   0   3  17   0   1  16   0   0   0   0  11   0   0   1  20  25   0   0   1  0.63 0.40
  240 G   -3 -4  4  6 -5 -2  0  2 -2 -6 -6 -1 -5 -6 -4  0  0 -6 -5 -5    0   0  20  41   0   1   4  18   0   0   0   4   0   0   0   5   6   0   0   0  1.01 0.49
  241 V    5 -5 -4 -5 -3 -4 -4 -4 -5 -1 -1 -3 -1 -4 -4 -2  0 -5 -4  4   52   0   0   0   0   0   0   0   0   3   5   1   1   0   0   2   6   0   0  29  0.95 0.52
  242 I   -3 -6 -6 -6 -4 -5 -6 -6 -6  7  1 -5  0 -1  0 -5 -3 -5 -4  3    2   0   0   0   0   0   0   0   0  59  12   0   2   2   5   0   0   0   0  18  1.29 0.56
  243 D    0 -3 -1  4 -5  3  2 -3 -3 -5 -5 -2 -4 -5  3  2  0 -5 -4 -4    7   0   2  22   0  16  15   1   0   0   0   1   0   0  15  15   5   0   0   1  0.66 0.40
  244 G   -4 -6 -1 -1 -6 -5 -5  7 -6 -7 -7 -5 -6 -5 -6 -4 -5 -6 -4 -7    0   0   3   4   0   0   0  91   0   0   0   0   0   1   0   0   0   0   1   0  2.25 0.82
  245 V   -3 -6 -6 -6 -4 -5 -6 -6 -6  2  2 -5  1 -2 -6 -4 -1 -6 -4  6    1   0   0   0   0   0   0   0   0   8  21   0   3   1   0   1   3   0   0  63  1.27 0.57
  246 D   -3 -2  0  0 -5 -4 -2 -4 -5 -4 -5 -1 -4 -6 -5  2  7 -6 -5 -3    0   1   3   5   0   0   1   0   0   1   0   3   0   0   0  16  67   0   0   1  1.40 0.69
  247 I   -4 -5 -6 -6 -4 -5 -6 -6 -5  4  5 -5  3  3 -6 -5 -4 -4 -3  0    0   0   0   0   0   0   0   0   0  26  51   0   6  14   0   0   0   0   0   3  1.18 0.52
  248 T   -3 -2  5  2 -5  0  1 -4 -2 -4 -5  0 -4 -5 -4  0  5 -6 -5 -3    1   1  28  11   0   3  11   0   0   0   0   4   0   0   0   6  34   0   0   1  0.88 0.49
  249 V    0 -5 -6 -6 -4 -5 -5 -6 -5  0  6 -5 -1  1 -4 -5 -4 -5 -4  2    9   0   0   0   0   0   0   0   0   2  70   0   0   5   1   0   0   0   0  13  1.18 0.55
  250 T   -1 -1  2 -2 -3  0 -1 -2 -1 -2  0  3 -2 -3 -3  1  3 -4 -3  0    5   2  12   1   0   4   2   1   1   1  13  19   0   0   0  10  20   0   0   8  0.27 0.24
  251 K    1  0 -1  0 -4  2  1 -1 -3 -5 -4  5 -3 -5 -3  0 -1 -5 -4 -3   15   3   2   4   0   9   8   4   0   0   0  43   0   0   0   7   2   0   0   1  0.68 0.40
  252 A    3 -3 -3 -2 -3 -1  1 -2 -3 -1 -1  0 -1 -3 -1 -1  1 -4 -3  3   32   0   1   1   0   3  11   2   0   2   5   4   1   0   3   1  10   0   0  23  0.35 0.29
  253 Q    0 -2  0  1 -3  1 -1  2  2 -3 -3  0 -2 -3 -2  3  2 -4 -3 -2    7   0   3   7   0   7   3  16   5   1   1   4   1   1   2  23  16   0   0   3  0.31 0.24
  254 T    1 -2 -1 -1 -3 -1  1 -1 -3 -1 -2  1 -2 -4  2  1  3 -4 -3  0   11   1   3   3   0   2   9   3   0   3   3   7   0   0  10  12  25   0   0   8  0.28 0.23
  255 S    1 -2  0  1 -3 -1  0  2 -3 -2 -3  0 -2 -4  0  2  2 -4 -3 -2   14   0   3   8   0   1   7  19   0   2   2   5   0   0   4  19  12   0   0   2  0.29 0.21
  256 G    1 -1  1  1 -2 -1  0  3 -1 -2 -2  0 -2 -2  0  0  1 -2 -2 -1   13   2   8  11   1   2   4  21   1   2   3   5   1   1   5   6  10   0   1   4  0.19 0.10
  257 E    0 -1  1  3 -2  0  2  0 -1 -2 -2  0 -2 -1  0  0  0 -2 -1 -1    8   2   7  20   1   4  13   8   1   2   4   4   1   2   3   6   7   0   2   4  0.16 0.09
  258 T    1 -1  0  1 -2  0  0 -1 -2 -2 -2  1 -2 -3  0  1  3 -3 -2 -1   11   2   3   8   1   4   5   4   1   2   2  12   1   1   4  12  25   0   1   3  0.24 0.16
  259 A    1 -2 -2 -2 -2 -1 -2 -1 -2 -2 -2 -2 -2 -3  5  1  2 -3 -3 -1   14   1   2   2   0   2   2   3   1   1   4   2   1   1  29  13  16   0   1   5  0.53 0.25
  260 I    0 -2 -1 -1 -2  1  0 -2 -2  1  1 -1  0  0 -2  0  2 -2 -1  2    6   1   3   2   0   6   7   2   1   7  12   1   2   4   1   7  14   0   1  22  0.12 0.12
  261 G   -2  0  2 -1 -3  0 -1 -3  0 -2 -3  0 -1 -4 -3  1  5 -4 -4 -1    2   4   9   2   0   4   4   1   2   2   2   6   1   0   1  10  46   0   0   5  0.61 0.38
  262 L   -3 -5 -6 -6 -4 -5 -5 -6 -5  4  4 -5  2  0 -5 -4 -3 -5 -4  4    1   0   0   0   0   0   0   0   0  20  43   0   4   3   0   0   1   0   0  27  0.98 0.45
  263 G   -1 -3  2  1 -4 -1 -1 -1 -3 -2 -4  1 -3 -5 -4  3  5 -5 -4 -1    3   0   9   7   0   1   2   5   0   1   0   7   0   0   0  19  38   0   0   5  0.60 0.40
  264 I   -3 -6 -6 -6 -4 -5 -6 -6 -6  5  0 -5 -1 -2 -5 -4 -2 -6 -4  6    1   0   0   0   0   0   0   0   0  32   6   0   1   1   0   1   1   0   0  56  1.37 0.59
  265 G    3 -3 -1  0 -4 -1  2  2 -3 -4 -4 -1 -4 -5 -3  2  3 -5 -4 -2   24   0   2   5   0   1  13  13   0   0   0   3   0   0   0  19  19   0   0   1  0.50 0.35
  266 A    1  2  1 -1 -3  2  1 -3 -1 -3 -2  1 -2 -1  0  1  1 -2  0 -2   11  12   9   2   0  13   7   0   1   1   3   9   0   2   4   8  12   1   3   3  0.21 0.19
  267 D   -3 -5  3  8 -7 -3 -1 -4 -5 -7 -7 -4 -6 -7 -2 -1 -4 -8 -7 -7    1   0  12  77   0   1   2   0   0   0   0   0   0   0   2   4   0   0   0   0  2.04 0.79
  268 D   -1 -1  2  1 -4  0 -1 -3 -2 -1 -3  1 -3 -4 -1  1  5 -5 -3 -1    2   3  11   6   0   4   2   1   1   4   1  11   0   1   3  10  37   0   0   3  0.50 0.36
  269 E    1 -3 -1  4 -4 -1  3 -1 -3 -5 -4  0 -4 -5 -3  3  2 -5 -4 -3   14   0   1  21   0   1  19   4   0   0   0   4   0   0   0  23  11   0   0   1  0.57 0.37
  270 A    3 -3 -1 -2 -4 -1 -2  3 -3 -3 -4  1 -3 -5  0  1  1 -5 -4 -2   32   0   2   2   0   2   1  23   0   1   1   9   0   0   4  12   8   0   0   2  0.50 0.33
  271 T    1 -4 -2 -4 -3 -1 -3 -4 -4  2  2 -3  2 -2 -3 -1  2 -4 -3  3   14   0   2   0   0   4   1   0   0  14  17   0   6   1   0   3  16   0   0  23  0.42 0.30
  272 K    0  1 -1 -2 -4  1  1 -3 -3 -2 -3  5 -2 -4 -4  0  2 -5 -3 -1    7   5   1   1   0   6   9   1   0   2   2  40   1   0   0   7  15   0   0   4  0.56 0.37
  273 E    1 -2 -1  2 -4  0  3 -1 -3 -4 -4  3 -4 -5 -3  1  2 -5 -4 -3   13   0   2  10   0   4  18   5   0   0   0  19   0   0   0  12  17   0   0   0  0.46 0.33
  274 Q    3 -1  2 -2 -3  1 -2  0 -3 -4 -1  2 -1 -4 -3  2  0 -5 -4 -2   32   2  11   1   0   6   0   5   0   0   6  14   1   0   0  15   6   0   0   1  0.39 0.31
  275 L   -2 -6 -6 -6 -4 -5 -6 -6 -6  5  2 -5  0 -3 -6 -5 -3 -5 -4  5    3   0   0   0   0   0   0   0   0  40  15   0   2   0   0   0   0   0   0  39  1.23 0.54
  276 N   -3  0  2  1 -5  5  1 -3 -1 -5 -4  4 -4 -6 -4  0  1 -5 -4 -4    1   3  11   7   0  27   9   1   1   0   1  25   0   0   0   4   9   0   0   1  0.73 0.43
  277 K    2 -2  2  3 -4 -1  1  1 -3 -4 -5  1 -4 -5 -3  2  1 -5 -4 -4   20   1   9  16   0   1   9  11   0   0   0  10   0   0   0  15   9   0   0   0  0.44 0.30
  278 F   -6 -7 -7 -8 -6 -7 -7 -7 -5 -3  0 -7 -2  9 -8 -6 -6  6  0 -4    0   0   0   0   0   0   0   0   0   0   8   0   1  79   0   0   0  10   1   0  2.55 0.89
  279 V   -1 -6 -6 -7 -4 -6 -6 -7 -7  3 -2 -6 -1 -4 -6 -5 -2 -6 -5  7    4   0   0   0   0   0   0   0   0  13   1   0   1   0   0   0   1   0   0  81  1.80 0.74
  280 D   -2 -3  1  6 -5 -2  1 -3 -4 -5 -6  2 -5 -6 -4  1  2 -6 -5 -5    3   0   7  46   0   0   7   2   0   0   0  11   0   0   0  10  14   0   0   0  0.98 0.50
  281 A    5 -4  0 -3 -4  0 -3 -1 -4 -4 -3 -1 -3 -5 -4  2 -1 -6 -5 -3   60   0   5   0   0   4   0   5   0   0   2   4   0   0   0  14   3   0   0   1  0.92 0.52
  282 Y   -4 -6 -7 -8 -7 -6 -7 -7 -3 -5 -4 -6 -5  4 -7 -6 -6 -2 10 -4    1   0   0   0   0   0   0   0   0   0   1   0   0  12   0   0   0   0  85   1  2.96 1.03
  283 N   -6 -5  9 -3 -7 -4 -5 -5 -4 -8 -8 -4 -7 -8 -6 -3 -3 -8 -7 -7    0   0  99   0   0   0   0   0   0   0   0   0   0   0   0   0   1   0   0   0  3.06 1.09
  284 T    3 -2  1  1 -4  1  1 -1 -3 -4 -4  1 -3 -5 -3  3  2 -5 -4 -3   25   1   6   6   0   5   9   4   0   0   0   7   0   0   0  20  15   0   0   0  0.45 0.33
  285 L   -1 -5 -6 -6 -4 -5 -5 -6 -5  0  5 -5  1  1 -5 -4 -2 -4  0  2    6   0   0   0   0   0   0   0   0   3  61   0   3   5   0   0   2   0   3  17  0.99 0.48
  286 I   -1  0  1 -3 -4  3 -2 -4 -2  3  0  0  4 -2 -4 -2 -2 -4 -1  2    4   4   8   1   0  16   1   0   1  17   9   6  14   1   0   1   1   0   1  15  0.36 0.29
  287 S   -1 -2  1  3 -4  0 -1  1 -3 -4 -4  2 -4 -5 -3  3  3 -5 -4 -3    3   1   7  17   0   3   3  10   0   1   0  13   0   0   0  22  20   0   0   0  0.50 0.34
  288 T    1 -3 -2 -2 -3  1  0 -3 -3 -2  0 -1 -2  0 -4  1  5  0 -2  0   12   0   1   1   0   6   6   0   0   1  12   3   0   5   0   7  38   1   1   6  0.41 0.33
  289 I   -1 -5 -4 -5 -3 -4 -4 -5 -5  5  2 -4  3  2 -5 -2  0 -4 -1  2    5   0   0   0   0   0   0   0   0  35  21   0   7   9   0   4   4   0   1  13  0.66 0.35
  290 D    1  0  4  2 -4  0 -1  1 -3 -4 -4  2 -4 -5 -3  1  1 -5 -4 -3   14   4  23  13   0   4   2   9   0   0   0  11   0   0   0  11   8   0   0   1  0.45 0.30
  291 E    0 -2  1  1 -4  1  2 -1 -3 -4 -4  1 -3 -3 -3  3  2 -5 -3 -3    8   1   7   6   0   7  12   5   0   0   1   8   0   1   0  29  14   0   0   0  0.41 0.31
  292 H   -1 -3 -1 -3 -4  2 -1 -4 -1 -1  4 -2  2 -2 -4 -1 -3 -4  0 -1    6   1   3   1   0  10   4   1   1   1  54   2   4   0   0   4   1   0   4   3  0.56 0.37
  293 T   -2 -4 -2 -2 -4 -3 -3 -1 -5 -3 -3 -4 -2 -4 -4  3  7 -5 -4 -3    2   0   1   2   0   1   1   5   0   1   3   0   1   0   0  18  64   0   0   0  1.27 0.64
  294 Q    2  1 -1  0 -4  1 -1 -1 -3 -3 -4  4 -3 -5 -3  2 -1 -5 -4 -3   21   7   2   4   0   5   1   4   0   1   0  34   0   0   0  16   3   0   0   1  0.54 0.35
  295 I   -1 -3 -3 -2 -4 -3 -3 -3 -2  0 -3 -3 -2  3 -1  0 -1  0  7  1    4   1   1   2   0   1   1   2   0   4   1   1   1  12   4   7   4   1  40  12  0.79 0.41
  296 G   -2 -3  3  4 -4 -2 -2  3 -2 -4 -5 -1 -3 -5 -3  0  3 -5 -4 -4    2   0  12  30   0   1   1  21   1   0   1   3   0   0   1   6  19   0   0   1  0.69 0.37
  297 S    3 -1 -1 -1 -3 -1  0  0 -3 -2 -2  1 -2 -4  2  2  1 -4 -3 -1   25   2   3   3   0   1   5   5   0   1   3   9   1   0  10  16  11   0   0   4  0.29 0.22
  298 E    0 -2  0  3 -3  2  3 -1 -2 -3 -3  0 -3 -4 -1  1  1 -4 -3 -1    9   1   4  18   0  10  18   4   0   0   1   5   0   0   3  12   9   0   1   4  0.34 0.23
  299 D    1 -2  1  3 -3 -1  0  0 -2 -3 -3  0 -2 -4 -2  3  3 -4 -4 -3   12   1   5  16   0   2   4   7   0   0   2   5   0   0   1  21  22   0   0   1  0.41 0.28
  300 K    0  0  1  2 -3  1  1  1 -2 -3 -3  3 -3 -4 -1  1  1 -3 -2 -3    8   2   6  11   0   6   8   9   0   1   1  23   0   0   3  10   7   0   1   1  0.29 0.21
  301 K    0 -1  1  1 -3  1  0  1 -2 -3 -3  1 -2 -3 -2  2  3 -4 -3 -1    6   3   5   8   0   6   6   9   0   1   1  10   0   1   1  14  25   0   0   3  0.29 0.23
  302 R    3  1  3  0 -3  0 -2  2 -3 -3 -3  1 -3 -4 -1  0  0 -4 -4 -2   29   6  18   4   0   3   1  14   0   1   1   8   0   0   2   7   5   0   0   1  0.39 0.27
  303 G    1 -5 -2 -3 -5 -2 -4  6 -5 -6 -5 -4 -5 -5 -3  0 -2 -5 -5 -5   12   0   1   1   0   1   1  71   0   0   1   1   0   0   1   6   2   0   0   0  1.46 0.59
  304 V    4 -4 -3 -1 -3 -2 -2 -2 -4  0 -1 -2 -2 -4  4 -1  0 -5 -2  1   37   0   0   3   0   1   2   2   0   4   7   1   0   0  19   4   6   0   1  11  0.50 0.33
  305 L   -4 -5 -6 -7 -5 -5 -6 -5 -6 -2  6 -6  1  2 -6 -6 -5 -2 -4 -2    0   0   0   0   0   0   0   1   0   1  86   0   2   8   0   0   0   0   0   0  1.66 0.68
  306 A    2 -1  1 -2 -3  2 -2 -2 -3  0  1 -1  0 -1 -3  0  2 -4 -2  0   18   2   7   1   0  12   1   1   0   5  16   4   2   2   0   6  16   0   1   7  0.20 0.22
  307 S   -2 -3 -1 -4 -6 -5 -5  7 -4 -7 -7 -5 -6 -4 -5  1 -3 -6 -6 -6    2   1   3   0   0   0   0  83   0   0   0   0   0   1   0   9   1   0   0   0  1.92 0.73
  308 D   -6 -5  1  8 -7 -4 -1 -5 -5 -7 -7 -5 -7 -7 -5 -3 -5 -8 -7 -5    0   0   4  90   0   0   2   0   0   0   0   0   0   0   0   1   0   0   0   1  2.52 0.91
  309 P    2 -3 -1 -4 -4 -2 -3  0 -3 -5 -5 -3 -4 -3  1  5 -1 -6 -3 -3   19   1   3   0   0   1   0   7   0   0   1   0   0   1   7  56   2   0   1   2  0.94 0.54
  310 T    0 -4 -1 -4 -4 -2 -3  0 -4 -2  1 -3  3 -4 -4  2  5 -5 -4 -1    7   0   2   0   0   1   0   7   0   1  13   0   8   0   0  13  44   0   0   3  0.68 0.44
  311 M    1 -4 -4 -5 -2 -4 -4 -4 -4  2  3 -3  2 -2  0 -2  1 -4 -3  3   11   0   0   0   0   0   0   0   0   9  31   1   5   1   5   1  10   0   0  25  0.50 0.31
  312 R   -3  7  1 -4 -6  0 -3 -4 -3 -3 -3  0 -2 -6 -5 -1 -2 -6 -4 -2    2  70   7   0   0   3   0   1   0   2   2   2   1   0   0   3   3   0   0   3  1.49 0.65
  313 S    1 -1  2 -1 -4 -1 -2  2 -2 -3 -3 -2  0 -5 -3  3  2 -5 -4 -3   13   3   8   3   0   2   1  19   1   1   1   1   3   0   0  28  16   0   0   1  0.48 0.34
  314 I   -2 -5 -6 -6 -4 -5 -6 -6 -6  5  4 -5  2 -2 -6 -4 -3 -5 -4  2    3   0   0   0   0   0   0   0   0  41  40   0   5   0   0   0   1   0   0  10  1.15 0.51
  315 E   -2  1 -2 -1 -5  5  2 -4 -2 -1  0  2  2 -4 -4  0 -1 -5 -4 -1    2   6   1   2   0  35  11   0   0   4   9  11   5   0   0   6   3   0   0   5  0.55 0.38
  316 S    0  0  4 -1 -4  1 -2 -1 -3 -4 -4 -2 -2 -4 -4  4  2 -5 -3 -4    8   5  21   3   0   7   1   4   0   0   1   1   1   1   0  37  12   0   0   0  0.66 0.43
  317 Q    0  2 -1  0 -5  6 -1  0 -1 -4 -3  0  0 -4 -4  2  0 -5 -4 -3    8  10   3   4   0  37   3   6   1   1   2   3   3   0   0  14   7   0   0   1  0.61 0.41
  318 L   -4 -5 -6 -7 -4 -5 -6 -7 -6  3  5 -5  4 -2 -6 -5 -4 -5 -4  0    0   0   0   0   0   0   0   0   0  17  64   0  12   1   0   0   0   0   0   6  1.34 0.58
  319 S    0  6  2 -3 -5  1 -3 -2 -3 -4 -3  1 -4 -4 -4  0  0 -5 -3 -4    7  51   8   1   0   5   0   3   0   1   2   7   0   1   0   8   5   0   1   1  0.89 0.48
  320 S    0  1  3  1 -4  0 -1  1 -1 -5 -4  0 -2 -5 -3  4  1 -5 -4 -4    8   7  17   6   0   4   2  10   1   0   1   4   1   0   0  32   7   0   0   0  0.50 0.34
  321 L    1 -3 -3 -2 -3  1  0 -4 -3  2  2 -2  3 -2 -1 -2  1  0 -3  2   15   0   0   1   0   8   7   0   0  13  18   0   9   1   3   1   8   1   0  13  0.25 0.23
  322 V   -2 -5 -5 -6 -4 -4 -5 -5 -5  3  4 -5  3  2 -5 -3 -2 -4 -3  3    3   0   0   0   0   0   0   0   0  16  43   0   8   7   0   1   2   0   0  19  0.81 0.40
  323 R    1  2  1 -2 -4  0 -2  2 -1 -3 -3 -2 -3 -2 -3  3  3 -3 -3 -2    9  11   7   1   0   4   0  14   1   1   1   1   0   2   0  27  17   0   0   2  0.40 0.31
  324 G    1 -2  1  1 -4  0  0  3 -3 -4 -4 -1 -3 -4 -3  2  2 -5 -3 -3    9   1   8   7   0   4   6  26   0   0   0   3   0   0   0  20  13   0   1   1  0.45 0.30
  325 E    1 -3  1  1 -3  0  1  0 -2 -3 -3 -2 -2 -4  2  2  2 -5 -3  0   12   0   7   6   0   3   8   7   0   0   2   0   1   0  12  21  12   0   1   8  0.29 0.24
  326 H   -1 -3 -1 -3 -3  1 -3  3 -1  1 -1 -3 -2  1  0  0  0 -3  0  2    4   0   2   1   0   8   0  27   1   7   4   0   0   6   4   8   4   0   4  20  0.27 0.23
  327 G    1 -3  2  2 -4 -2  0  3 -3 -4 -4 -2 -4 -5 -1  2  2 -5 -4 -3   13   0   9  12   0   1   6  21   0   0   0   2   0   0   3  20  11   0   0   1  0.45 0.30
  328 G   -1 -3  0  0 -4 -3 -3  5 -3 -1 -1 -3 -2  1 -3  1  0 -4  0 -2    5   1   4   5   0   0   1  42   0   3   8   0   1   7   1  11   6   0   4   2  0.49 0.30
  329 M    0  0  0  0 -3  0 -1  0 -2 -1  0  0  1 -2 -1  2  1 -3 -2  0    7   6   4   6   0   5   2   6   0   3  10   7   4   0   2  19   9   0   1   8  0.09 0.12
  330 R    0  2  1 -1 -4 -1 -1 -2 -2 -2 -4  0 -1 -4 -3  4  3 -5  0 -2    6  10   6   2   0   1   2   2   0   2   0   4   2   0   1  34  22   0   3   2  0.50 0.36
  331 L   -4 -6 -7 -7 -5 -3 -6 -7 -6  1  6 -6  2 -2 -2 -6 -4 -5 -4 -2    1   0   0   0   0   1   0   0   0   6  84   0   5   1   2   0   0   0   0   0  1.61 0.67
  332 S    3 -3  0 -3 -3 -3 -3  0 -2 -2 -3 -1 -2  2 -3  4  0 -4  1 -2   28   0   4   0   0   0   1   8   1   2   1   2   1   8   1  33   4   0   4   1  0.51 0.37
  333 E    0 -2  0  4 -5  5  2 -3 -2 -5 -5 -1 -1 -6 -4  1 -2 -6 -5 -4    9   1   4  29   0  26  12   1   0   0   1   3   1   0   0  10   2   0   0   0  0.77 0.44
  334 I   -2 -5 -6 -6 -4 -5 -5 -6 -5  5  4 -4  3  2 -5 -5 -3 -4  0  2    3   0   0   0   0   0   0   0   0  32  38   0   6   7   0   0   0   0   3  10  0.93 0.43
  335 G   -3 -6 -4 -5 -7 -6 -6  8 -3 -8 -8 -6 -7 -7 -6 -4 -6 -7 -7 -7    0   0   0   0   0   0   0  99   1   0   0   0   0   0   0   0   0   0   0   0  2.67 0.92
  336 V   -4 -6 -7 -7 -5 -6 -7 -6 -7  7  0 -6 -2 -1 -6 -6 -4 -6 -4  3    0   0   0   0   0   0   0   1   0  69   7   0   0   2   0   0   0   0   0  21  1.71 0.67
  337 T   -1 -1  0 -1 -4 -1  1 -1 -3 -3 -4  1 -1 -5 -4  3  5 -5 -4 -3    3   3   4   2   0   2  11   4   0   1   0  10   1   0   0  22  36   0   0   1  0.61 0.41
  338 L    0 -3 -3 -4 -4  2 -3 -4 -4  1  1 -3  1  2 -4  0  4 -4 -2  0    6   1   0   0   0   9   0   0   0  10  15   0   4  11   0   5  34   0   0   6  0.50 0.36
  339 D   -3 -2  2  5 -6  4  0 -1 -3 -5 -5  0 -4 -6 -4 -1  0 -6 -5 -5    2   1  11  40   0  22   5   5   0   1   0   6   0   0   0   2   6   0   0   0  0.93 0.48
  340 R   -1  4  0 -1 -5  0 -1 -3 -1 -4 -2  4 -2 -4  1  0  0 -5 -4 -2    5  26   3   3   0   4   3   1   1   0   4  27   1   1   7   7   5   0   0   2  0.50 0.32
  341 H   -2 -4  2  6 -5 -1  0 -2  0 -5 -6 -1 -5 -4 -4  0  2 -6  0 -5    2   0   9  49   0   2   5   3   2   0   0   4   0   0   0   7  15   0   4   0  0.97 0.49
  342 G   -3 -6 -3 -5 -7 -6 -6  8 -6 -8 -8 -6 -7 -7 -6 -4 -5 -7 -7 -7    1   0   1   0   0   0   0  97   0   0   0   0   0   0   0   0   0   0   0   0  2.54 0.89
  343 K   -1  0  0 -1 -4  0 -1 -3 -1 -3 -2  4 -2 -4 -4  0  4 -5 -2  0    4   3   4   3   0   3   3   1   1   0   4  26   0   0   0   6  34   0   1   6  0.53 0.37
  344 L   -4 -6 -7 -7 -5 -6 -6 -7 -6  0  6 -6  3 -2 -6 -6 -5 -5 -4 -2    1   0   0   0   0   0   0   0   0   4  86   0   8   1   0   0   0   0   0   1  1.76 0.71
  345 K    0 -2 -1 -1 -4  0  3 -3 -2 -3 -4  2 -3 -4 -3  3  2 -5 -4 -1    7   0   2   2   0   4  21   1   0   1   1  16   0   0   0  26  13   0   0   5  0.48 0.35
  346 V   -3 -4 -6 -5 -4 -4 -5 -6 -5  5  3 -3  0  3 -5 -5 -2 -4 -2  3    1   0   0   0   0   0   0   0   0  30  32   2   1  12   0   0   1   0   0  20  0.89 0.42
  347 D   -5 -5  3  8 -7 -3 -1 -3 -5 -7 -7 -3 -7 -7 -5  0 -4 -8 -7 -7    0   0  12  77   0   0   2   2   0   0   0   1   0   0   0   6   0   0   0   0  2.02 0.78
  348 Q    0 -2  1  3 -4  0  1 -2 -3 -5 -5  0 -4 -5 -3  4  2 -5 -3 -4    7   1   7  18   0   5  10   1   0   0   0   5   0   0   0  33  12   0   1   0  0.58 0.38
  349 E    1 -1 -1  3 -4 -2  1 -2 -3 -4 -4  1 -4 -5 -3  1  4 -5 -4 -2   14   2   1  15   0   1   8   3   0   0   0  10   0   0   0   9  34   0   0   1  0.56 0.38
  350 K    0  2 -3 -2 -6  0 -1 -4 -4 -4 -3  6 -2 -6 -4 -1  0 -6 -5 -3    9   9   0   2   0   3   2   0   0   1   2  62   1   0   0   3   6   0   0   1  1.12 0.56
  351 F   -5 -6 -7 -7 -5 -6 -6 -7 -6 -2  5 -6  0  6 -7 -6 -5  1 -2 -2    0   0   0   0   0   0   0   0   0   1  65   0   1  30   0   0   0   2   0   1  1.58 0.65
  352 A    0 -2  3  4 -4  1  1 -2 -3 -4 -4  1 -3 -5 -3  1  2 -5 -4 -3    6   1  13  23   0   6  10   2   0   0   1   9   0   0   0  12  16   0   0   1  0.51 0.32
  353 E    2 -1  0  1 -4  1  3 -3 -2 -4 -5  4 -4 -5 -3  1  1 -5 -4 -4   20   1   3   9   0   4  17   1   1   0   0  26   0   0   0   8  10   0   0   0  0.53 0.35
  354 A    6 -4 -3 -5 -4  0 -3 -3 -5 -3 -3 -2 -2 -4 -4 -1 -1 -6 -4  0   76   0   1   0   0   3   0   1   0   1   1   2   1   1   0   2   2   0   0   8  1.26 0.63
  355 Q   -2 -5 -6 -6 -4 -1 -5 -6 -5  2  5 -5  4  0 -5 -4 -3 -4 -2  1    3   0   0   0   0   3   0   0   0  12  57   0  12   3   0   0   1   0   1   9  1.00 0.47
  356 K    2 -1  1  2 -4  0  1 -2 -3 -4 -3  3 -3 -5 -3  1  1 -5 -4 -3   21   1   8  11   0   4  11   1   0   0   1  19   0   0   0  12  11   0   0   1  0.40 0.29
  357 N    1 -1  3  3 -4  0  2 -2 -3 -4 -4  1 -4 -5 -3  2  1 -5 -4 -4   12   2  14  18   0   2  14   2   0   0   1   8   0   0   0  14  11   0   0   0  0.47 0.30
  358 N   -3 -2  6  4 -6  0 -2 -2  0 -6 -6  1 -3 -5 -2  0 -2 -6 -2 -6    1   1  46  25   0   4   1   2   2   0   0   8   1   0   2   6   1   0   1   0  1.13 0.53
  359 S   -1 -3 -4 -4 -5 -2 -4 -2 -4 -3 -2 -1  0  4  6  0 -1 -4  1 -3    5   1   0   0   0   2   0   3   0   1   4   5   3  18  42   7   4   0   4   1  0.96 0.46
  360 A    2 -3  1  3 -4  1  2  1 -3 -4 -3 -1 -3 -5 -2  1  0 -5 -4 -3   19   0   5  22   0   5  14   8   0   0   3   4   0   0   1  13   5   0   0   1  0.41 0.28
  361 G    2 -2  0  3 -4  2  0  2 -2 -3 -2  0 -3 -4 -3  1 -1 -5 -3 -3   23   1   3  18   0   9   5  17   1   1   3   5   0   0   0   9   3   0   0   1  0.37 0.27
  362 L   -2 -5 -6 -6 -4 -5 -5 -6 -6  4  2 -5  1  1 -5 -5 -2 -5 -4  5    2   0   0   0   0   0   0   0   0  20  16   0   3   5   0   0   1   0   0  52  1.10 0.50
  363 E    2  0  0  0 -3  2  2  0 -2 -2 -3  1 -2 -4 -3  0  1 -4 -3 -1   21   4   3   4   0  13  11   8   0   1   1  10   1   0   0   7  10   0   0   5  0.26 0.22
  364 A    2  0  2  1 -4  1  1  0 -2 -4 -4  2 -3 -4 -3  1  1 -4 -4 -3   23   5   9   7   0   8   8   6   0   0   0  14   0   0   0  11   9   0   0   1  0.34 0.26
  365 M   -1 -5 -4 -6 -4 -5 -5 -5 -5  1  4 -5  4  4 -5 -5 -4 -3  0  0    4   0   1   0   0   0   0   0   0   5  50   0  12  18   0   0   0   0   3   6  0.94 0.45
  366 F   -5 -6 -7 -6 -6 -7 -7 -7 -5 -1  1 -7  0  9 -7 -6 -6 -3 -1 -3    0   0   0   0   0   0   0   0   0   3  12   0   2  81   0   0   0   0   0   1  2.35 0.82
  367 N    2 -2  2 -2 -3 -2 -3  1 -3 -1 -2 -2  0 -2 -3  1  3 -4 -4  1   20   2  13   1   0   1   0  10   0   2   2   1   2   1   0  10  25   0   0  10  0.38 0.30
  368 G    0 -3 -1  0 -5 -2 -2  6 -3 -5 -5 -1 -4 -5 -2  1 -1 -5 -5 -4    8   1   3   6   0   1   2  57   1   0   1   4   0   0   2   9   4   0   0   1  0.95 0.44
  369 D   -1 -2  1  5 -4 -1  2 -2 -3 -3 -4  0 -3 -5 -1  0  2 -5 -3 -2    4   1   6  34   0   2  14   2   0   1   1   6   0   0   3   5  17   0   1   4  0.59 0.35
  370 G   -2 -2  4  3 -5 -1 -1  4 -3 -4 -5 -1 -4 -4 -3  0  1 -5 -5 -4    2   1  22  17   0   2   3  31   0   1   0   4   0   1   1   5  11   0   0   0  0.70 0.38
  371 A   -1 -3 -1 -3 -5 -4 -4  7 -5 -5 -6 -1 -4 -6 -4  0 -2 -6 -6 -5    3   1   2   1   0   0   1  78   0   0   0   4   0   0   0   5   2   0   0   0  1.65 0.64
  372 L   -2 -4 -4 -5 -3 -4 -4 -3 -4  3  3 -3  2  3 -3 -3 -1 -2  0  2    3   0   0   0   0   0   0   2   0  16  34   1   5  15   1   2   4   0   3  15  0.53 0.29
  373 L    4 -4 -3 -4 -2 -3 -3  1 -4  0  1 -3  1 -1 -3  0  1 -4 -3  0   41   0   1   0   0   0   0  10   0   6  13   1   3   3   0   6   9   0   0   7  0.43 0.31
  374 D    2 -2  1  2 -3  0  0  1 -2 -3 -3  1 -2 -4 -3  1  2 -4 -3 -1   16   1   7  13   0   3   4  13   0   0   1  10   1   0   0   7  18   0   0   4  0.28 0.22
  375 S   -1  4  0 -2 -4  3  0 -2 -3 -2 -3  3 -2 -4 -2  1  0 -5 -4 -2    4  26   4   1   0  15   3   2   0   2   2  19   1   0   1  12   5   0   0   2  0.52 0.34
  376 M   -2 -4 -2 -5 -4 -2 -4 -4 -4  2  4 -4  6  3 -5 -3  0 -4 -2  0    4   0   2   0   0   2   0   1   0   9  40   0  20  10   0   1   5   0   0   6  0.73 0.39
  377 D   -1 -1  3  3 -4  0  1 -1  0 -2 -3  1 -2 -2 -3  1  1 -4  0 -1    4   3  15  20   0   5   8   5   2   1   1   7   0   2   0   9  10   0   4   5  0.27 0.21
  378 A    0 -1  2  2 -4 -1  1 -1 -2 -4 -4  3 -3 -5 -3  2  2 -5 -4 -3    9   1  12  13   0   1   8   4   0   0   1  19   0   0   0  17  15   0   0   1  0.43 0.31
  379 M    1 -2 -2 -3 -3 -1 -1 -3 -2  0  1 -1  1  1 -3  0  1 -1  2  1   17   1   1   1   0   2   3   0   0   5  19   4   5   7   0   6   8   0   9  12  0.16 0.17
  380 A    0 -3 -3 -3 -3 -4 -4 -2 -4  3  3 -4  1 -1 -3 -2  1 -4 -3  2    9   1   1   1   0   0   0   3   0  16  38   0   2   1   1   2   9   0   0  17  0.48 0.30
  381 E   -1 -1  2  4 -5  0  2 -1 -2 -4 -3  2 -4 -4 -3  0  2 -5 -3 -3    3   2  10  27   0   3  12   3   1   0   1  16   0   0   0   7  12   0   1   2  0.50 0.32
  382 P    0 -1  2  1 -4  1  0  1 -2 -3 -3 -1 -3 -2  3  2  1 -4 -3 -2    5   2  10   7   0   7   6  12   0   1   1   3   0   2  15  17  10   0   0   2  0.33 0.23
  383 F   -1 -4 -2 -5 -5 -3 -5 -3  0 -1  0 -4  3  3 -5 -2  0  4  7 -1    5   0   2   0   0   1   0   2   1   3  10   0   8  13   0   2   6   5  39   3  0.94 0.47
  384 L   -1 -4 -3 -3 -3 -3 -4 -4 -4  1  3 -4 -1 -3 -4 -1  4 -5 -4  1    4   0   1   1   0   0   0   1   0   7  35   0   1   0   0   4  33   0   0  11  0.65 0.40
  385 K   -1 -1  2  3 -4  1  0  2 -2 -4 -3  2 -3 -4 -3  2  0 -4 -4 -3    3   2  11  15   0   8   5  13   0   0   2  15   0   0   0  19   4   0   0   1  0.39 0.26
  386 F    1  0 -1 -1 -2 -1  0  0 -1 -1 -1  0 -1  1  0  1  1  1  0 -1   15   4   2   4   1   2   5   8   1   2   3   6   1   8   5  12  13   2   3   5  0.09 0.08
  387 S    0 -2  0  1 -3  0 -2 -1 -2 -3 -3  1 -2 -4 -2  4  4 -4 -2 -2    7   1   5   6   0   3   1   3   1   1   1   9   1   0   1  30  26   0   1   2  0.48 0.33
  388 S   -1 -2  3  4 -4 -1  1  2 -2 -4 -4  0 -4 -4 -2  1  1 -5 -4 -3    3   1  14  23   0   2   8  18   0   0   1   4   0   0   2  11  11   0   0   1  0.48 0.29
  389 G   -3 -6 -3 -5 -6 -6 -5  7 -6 -8 -7 -5 -6 -7 -6 -2 -5 -6 -7 -7    0   0   1   0   0   0   0  95   0   0   0   0   0   0   0   2   0   0   0   0  2.47 0.87
  390 A    0 -3 -3 -3 -3 -1 -3 -4 -4  3  2 -3  2  0 -1  1  2 -4 -2  2    7   0   0   0   0   2   1   0   0  17  21   1   5   3   3  12  14   0   1  13  0.29 0.24
  391 F   -4 -5 -5 -5 -4 -4 -5 -6 -5  5  4 -5  1  3 -6 -5 -4 -4  2  0    0   0   0   0   0   0   0   0   0  34  40   0   2  12   0   0   0   0   6   4  1.01 0.47
  392 K    2 -2 -1  3 -4  2  0 -2 -1 -4 -4  3 -3 -5 -3  0  1 -5 -4 -2   22   1   2  19   0  10   4   1   1   0   0  19   0   0   0   7  10   0   0   3  0.47 0.33
  393 S    1 -1  2 -1 -3  2 -1  0 -3 -2 -1 -1 -1 -3 -3  2  2 -4 -3  0    9   2  13   2   0  10   2   5   0   1   7   2   2   0   0  20  17   0   0   8  0.26 0.24
  394 R    2  6 -1 -3 -5 -1 -2 -4 -3 -5 -4  3 -4 -6 -5 -1 -1 -6 -5 -4   16  54   2   1   0   1   1   0   0   0   1  15   0   0   0   4   3   0   0   0  1.18 0.57
  395 K   -1 -2  0  0 -4  2  1 -3 -2  1 -2  2  0 -4 -3  1  3 -5 -3  0    2   1   4   4   0  12   9   0   0   8   3  12   2   0   0   9  26   0   0   6  0.33 0.28
  396 E    0 -1  2  5 -5  0  2 -2 -3 -5 -5  1 -4 -5 -4  1  2 -6 -5 -4    6   2   8  32   0   4  14   2   0   0   0  10   0   0   0   8  13   0   0   0  0.63 0.37
  397 A    1 -1  1 -2 -4  0 -2  4 -3 -3 -3 -2 -1 -5 -4  4  1 -5 -4 -3   11   3   5   1   0   4   1  28   0   1   1   1   1   0   0  31  10   0   0   1  0.57 0.37
  398 L   -1 -4 -4 -6 -4 -3 -4 -4 -3  3  5 -4  0 -2 -5 -4 -3 -4  3  1    4   0   1   0   0   1   1   1   0  18  53   0   1   1   0   0   1   0  10   7  0.84 0.43
  399 Q    0 -1  5  2 -5  3  1 -2 -2 -5 -5  0 -4 -5 -4  1  1 -5 -4 -4    8   3  28  13   0  15  10   2   0   0   0   6   0   0   0   8   7   0   0   0  0.63 0.38
  400 A    1  1  1  2 -3  1  0 -2 -2 -2 -2  2 -1 -4 -3  2  2 -4 -3 -2   12   6   8  10   0   5   6   1   1   1   3  16   2   0   0  16  12   0   0   2  0.27 0.22
  401 N   -1  2  2  1 -4  4  0 -3 -2 -3 -2  0 -1 -5 -4  2  3 -5 -4 -2    5  10   9   9   0  22   3   0   0   1   4   3   1   0   0  13  19   0   0   2  0.43 0.33
  402 L   -2 -1 -2 -4 -4  1 -2 -4 -4  3  4  1  1 -2 -4 -3 -2 -4 -3  1    3   2   1   0   0   6   3   1   0  22  41   8   3   0   0   1   2   0   0   7  0.52 0.33
  403 D   -1  1  0  3 -5  0  1 -3 -3 -4 -5  5 -2 -5 -4  1  1 -5 -4 -4    4   8   3  14   0   3   7   1   0   0   0  37   1   0   0  12  11   0   0   0  0.64 0.39
  404 R   -1  4  2  3 -4  1 -1 -1 -2 -3 -3  1 -3 -3 -4  2  0 -5 -3 -4    4  24   8  18   0   6   2   4   0   1   1   7   0   1   0  17   4   0   0   0  0.48 0.32
  405 L   -4 -5  1 -5 -4 -5 -4 -6 -5  4  5 -5  0 -1 -5 -4 -2 -4  0  2    0   0   7   0   0   0   1   0   0  22  52   0   1   1   0   1   1   0   4  11  0.90 0.45
  406 S    1 -2  2  3 -4  1  2 -1 -2 -4 -4  0 -3 -4 -3  1  2 -5 -2 -3   14   1   8  20   0   8  12   5   0   0   1   4   0   0   0   9  17   0   1   0  0.41 0.29
  407 D   -1  0  1  4 -5  1  2 -3 -3 -4 -4  3 -3 -5 -3  0  1 -5 -4 -4    6   4   7  30   0   5  10   1   0   0   1  20   0   0   0   6   9   0   0   1  0.60 0.36
  408 K   -2  3  0  3 -6  6  1 -5 -3 -5 -4  1 -4 -6 -4  0 -3 -6 -3 -5    2  15   3  14   0  43   8   0   0   0   1   6   0   0   0   5   1   0   1   0  1.03 0.54
  409 Q   -2  3 -3 -3 -4  5 -1 -4 -2  2  0  0  2 -1 -4 -2 -2 -3  3 -1    3  16   0   0   0  27   2   1   0  14   6   5   5   2   0   2   2   0  11   3  0.49 0.36
  410 T    1 -2  0  3 -4  0  4 -3 -3 -2 -2 -1 -3 -5 -3  1  2 -5 -4 -2   11   1   4  18   0   2  27   1   0   2   5   3   0   0   0   9  16   0   0   2  0.49 0.34
  411 T    3  3  1  2 -4  2 -1 -2 -3 -4 -4  1 -3 -5 -3  1  1 -5 -4 -2   24  16   6  12   0   9   3   1   0   0   1   9   0   0   0  10   7   0   0   2  0.40 0.30
  412 L   -1 -4 -5 -5 -4 -3 -4 -5  0  1  4 -3  3  2 -5 -4  0  0 -1  2    4   0   0   0   0   1   1   0   3   6  44   1   9  10   0   0   7   1   1  12  0.61 0.35
  413 E   -1 -3  3  4 -5  2  4 -3 -3 -5 -5  0 -4 -6 -4  0  1 -6 -4 -4    4   0  14  25   0  11  25   1   0   0   0   4   0   0   0   7   8   0   0   0  0.76 0.43
  414 R    1  3  0  2 -3  0  1 -3 -2 -2  0  1 -1 -2 -2  0  1 -2  0 -1   12  17   4  11   0   3  10   0   0   1   9   6   1   1   1   6  12   0   3   3  0.18 0.18
  415 K   -3  7 -2 -2 -6  3 -3 -5 -1 -4 -3  1 -3 -5 -5  1 -1 -4  1 -5    1  55   1   1   0  11   0   0   1   1   2   7   0   0   0  10   3   0   6   0  1.14 0.57
  416 Y   -1 -4 -5 -6 -4 -3 -5 -5 -3  4  2 -4  6 -1 -5 -2 -2 -4  3  0    6   1   0   0   0   1   0   0   0  29  19   0  24   1   0   2   2   0  10   5  0.84 0.45
  417 D    1 -3  0  4 -4  1  4 -3 -3 -4 -4  0 -4 -5 -3  0  1 -5 -4 -2   15   0   4  23   0   5  28   1   0   1   1   5   0   0   0   5  10   0   0   3  0.58 0.37
  418 M    2  0  1  0 -3  2 -1 -1 -2 -3 -2  1  0 -4 -3  2  1 -4 -4 -2   21   6   9   5   0  13   3   2   0   1   4   8   2   0   0  17   8   0   0   1  0.29 0.25
  419 S   -1  0 -2 -3 -3 -1 -2 -4 -2  0  2  0  1  1 -4 -1  2 -3  3  1    4   6   1   1   0   3   1   0   0   5  26   6   3   4   0   3  16   0  13   8  0.25 0.23
  420 Y   -3  0 -3 -3 -5  2  4 -4 -3  1 -2 -1  2 -2 -4 -2  2 -4  3 -1    0   4   0   0   0  10  33   0   0   8   2   3   7   1   0   2  13   0  12   4  0.55 0.40
  421 K    3 -2  0  2 -4  2  3 -3 -3 -4 -3  1 -3 -5 -3  0  1 -5 -4 -3   32   0   5  11   0   8  18   0   0   1   1  11   0   0   0   5   7   0   0   1  0.51 0.36
  422 R   -2  6  0 -4 -5  2 -2 -4 -2 -1 -3 -1 -1 -5 -5  0  1 -6 -4 -2    2  55   4   0   0  10   1   1   1   4   2   1   1   0   0   8   8   0   0   3  1.02 0.54
  423 Y   -5 -5 -4 -7 -5 -4 -6 -7 -1 -1  4 -5  0 -1 -6 -5 -3 -1  8 -3    0   0   1   0   0   1   0   0   1   2  43   0   2   0   0   0   2   0  47   1  1.57 0.69
  424 L   -3  4 -1 -4 -4  1 -2 -4 -2 -1  1  2 -2 -2 -4 -2  3 -1  0 -1    0  26   3   0   0   5   1   0   0   2  16  15   0   1   0   2  19   1   4   4  0.45 0.33
  425 K    3  1 -1 -1 -4  1 -1 -3 -3 -4 -3  4 -3 -5 -3  1  1 -5 -4 -2   30   8   3   4   0   6   3   1   0   0   2  26   0   0   0   7   8   0   0   2  0.48 0.35
  426 Q   -4  1 -4 -3 -7  8  0 -6 -4 -4 -6  3 -2 -7 -5 -4 -4 -6 -3 -4    0   5   0   0   0  69   4   0   0   1   0  17   1   0   0   0   1   0   1   1  1.83 0.82
  427 F   -6 -6 -7 -7 -6 -7 -7 -7 -4 -4 -3 -7 -4  8 -7 -6 -6 -1  7 -5    0   0   0   0   0   0   0   0   0   0   1   0   0  65   0   0   0   1  34   0  2.56 0.90
  428 T    0 -4  3 -2 -4  0 -3 -1 -4 -2 -2 -3 -2 -5 -4  2  5 -5 -4  0    7   0  17   1   0   3   1   3   0   2   4   0   0   0   0  15  42   0   0   5  0.73 0.46
  429 Q    5  1  2 -1 -4  3 -2 -1 -3 -5 -4 -1 -3 -5 -4  0 -1 -5 -3 -3   48   8  10   2   0  16   1   3   0   0   0   2   0   0   0   6   2   0   1   0  0.72 0.46
  430 M   -3 -5 -4 -7 -5 -5 -6 -7 -6 -1  5 -5  7 -3 -6 -5 -3 -5 -5 -2    2   0   1   0   0   0   0   0   0   1  60   0  33   0   0   0   1   0   0   1  1.67 0.71
  431 N   -4 -4  3  7 -7  1  2 -5 -4 -6 -5 -3 -2 -7 -5 -2 -4 -7 -6 -6    1   0  12  64   0   5  13   0   0   0   1   1   1   0   0   2   0   0   0   0  1.60 0.67
  432 T    1 -2  0 -3 -3  1 -1 -3 -3 -2  0  0 -1 -4 -3  2  4 -5 -4  1    9   1   3   0   0   7   2   1   0   1  10   7   1   0   0  19  29   0   0   9  0.38 0.32
  433 L    0 -2 -3 -5 -3  0 -3 -5 -4  1  4 -2  5 -1 -4 -2  1 -4 -3  0   10   2   1   0   0   4   1   0   0   7  42   2  15   1   0   1   9   0   0   5  0.57 0.35
  434 M   -3 -5 -6 -6 -4 -1 -5 -6 -5  3  2 -5  7 -3 -5 -4 -3 -5 -3  4    1   0   0   0   0   4   0   0   0  15  19   0  27   0   0   0   0   0   1  34  1.10 0.53
  435 T    4 -3  1 -1 -3 -1 -3  2 -4 -4 -3 -3 -1 -5 -4  3  1 -5 -3 -3   32   1   5   3   0   3   0  15   0   0   1   0   2   0   0  29   7   0   1   1  0.60 0.40
  436 Q   -2  0  1 -2 -5  6  0 -2 -3 -5 -5  3 -4 -6 -4  2  0 -5 -4 -4    3   4   7   2   0  36   3   2   0   0   0  21   0   0   0  16   5   0   0   0  0.83 0.49
  437 M   -3 -5 -6 -7 -5 -4 -6 -7 -6 -1  5 -5  8 -2 -6 -5 -4 -5 -1 -3    1   0   0   0   0   0   0   0   0   2  48   0  44   1   0   0   0   0   2   0  1.75 0.73
  438 N   -3 -1  6 -1 -6  4  0 -3 -3 -6 -5  2 -3 -6 -3  0  0 -6 -5 -5    1   2  44   2   0  21   4   1   0   0   0  12   1   0   1   4   6   0   0   0  1.08 0.55
  439 Q    2 -2  3 -2 -4  4 -2 -1 -2 -5 -5 -2 -4 -5 -4  4  0 -5 -4 -3   17   1  16   1   0  21   0   4   0   0   0   1   0   0   0  30   6   0   0   2  0.70 0.45
  440 T   -2 -3  1 -3 -4  4 -3 -4 -4 -2 -2 -3 -1 -5 -4  1  6 -6 -5 -2    2   1   5   0   0  17   1   1   0   2   4   0   2   0   0   7  57   0   0   1  1.11 0.60
  441 M    1 -3 -1 -3 -4  1 -2  2 -3 -3 -1 -2  2 -2 -4  4  0 -5 -3 -3   10   1   3   1   0   8   1  14   0   1   7   1   7   2   0  42   4   0   0   1  0.53 0.39
  442 S    0 -3  4  1 -4  0 -2  0 -3 -5 -5 -2 -4 -5 -4  4  2 -6 -4 -4    7   1  18   7   0   5   2   6   0   0   0   1   0   0   0  41  12   0   0   0  0.73 0.44
  443 M   -1 -2 -5 -5 -5 -1 -5 -4 -2 -3 -1 -4  3  3 -5  0 -2  4  7 -4    7   2   0   0   0   4   0   1   0   0   6   0   8  10   0   7   2   6  48   0  1.18 0.55
  444 F   -5 -6 -7 -7 -5 -6 -6 -7 -6 -2  6 -6 -1  4 -6 -6 -5 -1 -3 -2    0   0   0   0   0   0   0   0   0   0  84   0   0  15   0   0   0   1   0   0  1.69 0.67
  445 G   -1 -4 -2 -3 -4 -3 -4  7 -3 -5 -5 -3 -4 -5 -4 -2 -3 -4 -5 -5    0   0   0   0   0   0   0 100   0   0   0   0   0   0   0   0   0   0   0   0  1.70 0.29

                      K         Lambda
Standard Ungapped    0.1248     0.3104
Standard Gapped      0.0502     0.2670
PSI Ungapped         0.1630     0.3090
PSI Gapped           0.0502     0.2670
