
Last position-specific scoring matrix computed, weighted observed percentages rounded down, information per position, and relative weight of gapless real matches to pseudocounts
           A  R  N  D  C  Q  E  G  H  I  L  K  M  F  P  S  T  W  Y  V   A   R   N   D   C   Q   E   G   H   I   L   K   M   F   P   S   T   W   Y   V
    1 M   -1 -2 -2 -3 -1 -1 -2 -3 -2  1  2 -2  5  0 -3 -2 -1 -2 -1  1    0   0   0   0   0   0   0   0   0   0   0   0  87   0   0   0   0   0   0  13  0.30 0.00
    2 L   -2 -2 -4 -4 -1 -2 -3 -4 -3  2  4 -3  2  0 -3 -3 -1 -2 -1  1    0   0   0   0   0   0   0   0   0   0 100   0   0   0   0   0   0   0   0   0  0.45 0.00
    3 N   -2  0  6  1 -3  0  0  0  1 -3 -4  0 -2 -3 -2  1  0 -4 -2 -3    0   0 100   0   0   0   0   0   0   0   0   0   0   0   0   0   0   0   0   0  0.72 0.00
    4 I   -1 -3 -3 -3 -1 -3 -3 -4 -3  4  2 -3  1  0 -3 -2 -1 -3 -1  3    0   0   0   0   0   0   0   0   0 100   0   0   0   0   0   0   0   0   0   0  0.39 0.00
    5 I   -1 -3 -3 -3 -1 -3 -3 -4 -3  4  2 -3  1  0 -3 -2 -1 -3 -1  3    0   0   0   0   0   0   0   0   0 100   0   0   0   0   0   0   0   0   0   0  0.39 0.00
    6 H   -2 -1  0 -1 -3  0  0 -2  7 -3 -2 -1 -1  0 -2 -1 -2 -1  4 -3    0   0   0   0   0   0   0   0  79   0   0   0   0   0   0   0   0   0  21   0  0.71 0.00
    7 R   -1  6  0 -2 -4  1  0 -2  0 -3 -2  2 -1 -3 -2 -1 -1 -3 -2 -3    0 100   0   0   0   0   0   0   0   0   0   0   0   0   0   0   0   0   0   0  0.74 0.00
    8 L   -2 -2 -4 -4 -1 -2 -3 -4 -3  2  4 -3  2  0 -3 -3 -1 -2 -1  1    0   0   0   0   0   0   0   0   0   0 100   0   0   0   0   0   0   0   0   0  0.45 0.00
    9 K   -1  2  0 -1 -3  1  1 -2 -1 -3 -3  5 -1 -3 -1  0 -1 -3 -2 -2    0   0   0   0   0   0   0   0   0   0   0 100   0   0   0   0   0   0   0   0  0.51 0.00
   10 S    1 -1  1  0 -1  0  0  0 -1 -2 -3  0 -2 -2 -1  4  1 -3 -2 -2    0   0   0   0   0   0   0   0   0   0   0   0   0   0   0 100   0   0   0   0  0.47 0.01
   11 G    0 -3 -1 -2 -2 -2 -3  5 -3  1 -1 -2 -1 -2 -2 -1 -1 -3 -2  0    0   0   0   0   0   0   0  65   0  35   0   0   0   0   0   0   0   0   0   0  0.48 0.01
   12 M   -1 -2 -2 -3 -1 -1 -2 -3 -2  2  2 -2  5  0 -3 -2 -1 -2 -1  1    0   0   0   0   0   0   0   0   0  18   0   0  82   0   0   0   0   0   0   0  0.34 0.01
   13 F   -1 -3 -3 -3  3 -3 -3 -3 -1  1  0 -3  0  4 -3 -2 -1  0  4  2    0   0   0   0  13   0   0   0   0   0   0   0   0  37   0   0   0   0  20  30  0.37 0.02
   14 P   -1 -2 -3 -3 -2 -2 -2 -3 -1  2  1 -2  0  0  5 -2 -1 -1  3  0    0   0   0   0   0   0   0   0   0  30  13   0   0   0  37   0   0   0  20   0  0.55 0.01
   15 A    4 -2 -2 -2 -1 -1 -1  0 -2 -1  1 -1  0 -2 -1  1  0 -2 -2  0   80   0   0   0   0   0   0   0   0   0  20   0   0   0   0   0   0   0   0   0  0.30 0.02
   16 L   -1 -2 -2 -3 -1 -2 -2 -3 -3  1  3 -2  1  0 -2 -1  2 -2 -1  1    0   0   0   0   0   0   0   0   0   0  69   0   0   0   0   0  31   0   0   0  0.28 0.01
   17 F   -2 -2 -3 -4 -2 -2 -3 -3 -2  1  2 -2  3  4 -3 -2 -1  0  1  0    0   0   0   0   0   0   0   0   0   0  25   0  31  44   0   0   0   0   0   0  0.38 0.01
   18 F   -1 -2 -3 -3 -2 -2 -3 -3 -2  1  1 -2  3  4 -3 -2 -1  0  1  2    0   0   0   0   0   0   0   0   0   0   0   0  25  44   0   0   0   0   0  31  0.32 0.01
   19 L   -1 -2 -3 -4 -1 -2 -3 -3 -2  1  4 -2  4  0 -3 -2 -1 -2 -1  1    0   0   0   0   0   0   0   0   0   0  69   0  31   0   0   0   0   0   0   0  0.40 0.01
   20 T    1 -1  3  0 -1 -1 -1 -1 -1  0 -1 -1 -1 -2 -1  1  2 -3 -2  0   25   0  31   0   0   0   0   0   0  10   0   0   0   0   0   0  34   0   0   0  0.23 0.01
   21 S    1 -1  0 -1 -1 -1 -1 -1 -2  1 -1 -1  0 -2 -1  3  1 -3 -2  0    0   0   0   0   0   0   0   0   0  31   0   0   0   0   0  69   0   0   0   0  0.22 0.01
   22 A    4 -1 -1 -1 -1 -1 -1  0 -1 -2 -2 -1 -1 -2 -1  2  0 -3 -2 -1   69   0   0   0   0   0   0   0   0   0   0   0   0   0   0  31   0   0   0   0  0.37 0.01
   23 S    1 -1  2  0 -1  0  0  0 -1 -3 -3  0 -2 -3 -1  4  1 -3 -2 -2    0   0  10   0   0   0   0   0   0   0   0   0   0   0   0  90   0   0   0   0  0.45 0.02
   24 V    0 -3 -3 -3 -1 -2 -3 -3 -3  3  1 -2  1 -1 -3 -2  0 -3 -1  4    0   0   0   0   0   0   0   0   0   0   0   0   0   0   0   0   0   0   0 100  0.39 0.02
   25 L   -1 -2 -2 -2 -2 -1 -2 -2  0  0  2 -2  1  1 -2  1  0  0  4  0    0   0   0   0   0   0   0   0   0   0  44   0   0   0   0  25   0   0  31   0  0.22 0.01
   26 A    3 -1  0 -1 -1  0 -1  0 -1 -2 -2  0 -1 -2 -1  3  1 -3 -2 -1   44   0   0   0   0   0   0   0   0   0   0   0   0   0   0  56   0   0   0   0  0.37 0.01
   27 H    0  0  0  0 -2  5  1 -1  2 -3 -2  1 -1 -3 -1  2  0 -2 -1 -2    0   0   0   0   0  69   0   0   6   0   0   0   0   0   0  25   0   0   0   0  0.49 0.02
   28 P   -1 -1 -2 -1 -3  2  0 -2 -1 -3 -3  0 -2 -4  7 -1 -1 -3 -3 -2    0   0   0   0   0  25   0   0   0   0   0   0   0   0  75   0   0   0   0   0  1.46 0.02
   29 L   -2 -2 -2 -3 -2 -1 -2 -3  4  1  3 -2  1  0 -3 -2 -1 -2  0  0    0   0   0   0   0   0   0   0  25   0  75   0   0   0   0   0   0   0   0   0  0.33 0.01
   30 T    0 -2 -1 -2 -1 -1 -1 -2 -2  2  1 -1  0 -1 -2  2  3 -3 -2  1    0   0   0   0   0   0   0   0   0  26  11   0   0   0   0  25  38   0   0   0  0.19 0.01
   31 I    1 -3 -3 -3 -1 -2 -2 -2 -3  3  1 -2  1 -1 -2 -1  0 -3 -1  3   25   0   0   0   0   0   0   0   0  49   0   0   0   0   0   0   0   0   0  26  0.24 0.01
   32 P    0 -2 -2 -2 -2 -2 -2  2 -2 -1 -2 -1 -2 -3  6 -1 -1 -3 -3  0    7   0   0   0   0   0   0  25   0   0   0   0   0   0  49   0   0   0   0  19  0.81 0.01
   33 P   -1 -1  3  0 -3  2  0 -2 -1 -3 -3  0 -2 -4  6  0 -1 -3 -2 -3    0   0  25   0   0  26   0   0   0   0   0   0   0   0  49   0   0   0   0   0  0.91 0.02
   34 G    2 -2 -1 -2 -2 -2 -2  5 -2 -3 -3 -1 -2 -3 -2  0 -1 -3 -3 -2   26   0   0   0   0   0   0  74   0   0   0   0   0   0   0   0   0   0   0   0  0.75 0.01
   35 H   -2  0  0 -1 -3  0  0 -2  8 -3 -3 -1 -2 -1 -2 -1 -2 -3  2 -3    0   0   0   0   0   0   0   0 100   0   0   0   0   0   0   0   0   0   0   0  0.99 0.03
   36 W   -3 -3 -4 -5 -3 -2 -3 -3 -3 -3 -2 -3 -2  1 -4 -3 -3 11  2 -3    0   0   0   0   0   0   0   0   0   0   0   0   0   0   0   0   0 100   0   0  2.47 0.04
   37 L   -1  1  0 -1 -3  6  2 -2  0 -2 -1  1  0 -3 -2  0 -1 -2 -2 -2    0   0   0   0   0  94   0   0   0   0   6   0   0   0   0   0   0   0   0   0  0.63 0.03
   38 E   -1 -1  0  1 -3  1  4  2 -1 -4 -3  0 -2 -3 -1  0 -1 -3 -2 -3    0   0   0   0   0   0  75  25   0   0   0   0   0   0   0   0   0   0   0   0  0.58 0.02
   39 G    0 -1  0  0 -3  0  2  5 -1 -4 -3  1 -2 -3 -2  0 -1 -3 -3 -3    0   0   0   0   0   0  25  64   0   0   0  11   0   0   0   0   0   0   0   0  0.60 0.01
   40 M   -1 -2 -2 -3 -2 -1 -2 -3 -2  1  2 -2  6  0 -3 -2 -1 -2 -1  1    0   0   0   0   0   0   0   0   0   0   0   0 100   0   0   0   0   0   0   0  0.46 0.03
   41 A    3 -2 -2 -2 -1 -1 -2 -1 -2  0 -1 -1 -1  3 -2  0 -1 -1  0  1   64   0   0   0   0   0   0   0   0   0   0   0   0  25   0   0   0   0   0  11  0.23 0.01
   42 V    2 -2 -3 -3 -1 -2 -2 -2 -3  2  0 -2  0 -1 -2 -1  0 -3 -1  3   25   0   0   0   0   0   0   0   0   0   0   0   0   0   0   0   0   0   0  75  0.26 0.01
   43 G    2 -2 -1 -2 -2 -2 -2  5 -2 -3 -3 -1 -2 -3 -2  0 -1 -3 -3 -2   25   0   0   0   0   0   0  75   0   0   0   0   0   0   0   0   0   0   0   0  0.76 0.01
   44 V    0 -3 -3 -3 -1 -2 -3 -3 -3  3  1 -2  1 -1 -3 -2  0 -3 -1  4    0   0   0   0   0   0   0   0   0   0   0   0   0   0   0   0   0   0   0 100  0.39 0.02
   45 T    0 -1  0 -1 -1 -1 -1 -2 -2 -1 -1 -1 -1 -2 -1  1  5 -3 -2  0    0   0   0   0   0   0   0   0   0   0   0   0   0   0   0   0 100   0   0   0  0.53 0.03
   46 E   -1  0  0  1 -4  2  5 -2  0 -3 -3  1 -2 -3 -1  0 -1 -3 -2 -3    0   0   0   0   0   0 100   0   0   0   0   0   0   0   0   0   0   0   0   0  0.79 0.02
   47 L   -2 -3 -3 -4 -2 -3 -3 -3 -2  0  2 -3  1  5 -4 -3 -2  0  2  0    0   0   0   0   0   0   0   0   0   0  32   0   0  68   0   0   0   0   0   0  0.54 0.02
   48 S    1 -1  0 -1 -1 -1 -1  3 -1 -3 -3 -1 -2 -3 -1  4  1 -3 -2 -2    0   0   0   0   0   0   0  25   0   0   0   0   0   0   0  75   0   0   0   0  0.44 0.02
   49 G    0 -2 -1 -1 -3 -2 -2  6 -2 -4 -4 -2 -3 -3 -2  0 -2 -3 -3 -3    0   0   0   0   0   0   0 100   0   0   0   0   0   0   0   0   0   0   0   0  1.09 0.02
   50 T    0  0  0 -1 -1  0  0 -2 -2 -1 -2  2 -1 -2 -1  1  4 -3 -2 -1    0   0   0   0   0   0   0   0   0   0   0  25   0   0   0   0  75   0   0   0  0.38 0.02
   51 L   -1 -2 -3 -4 -1 -2 -3 -4 -3  2  4 -3  2  0 -3 -2 -1 -2 -1  2    0   0   0   0   0   0   0   0   0   0  75   0   0   0   0   0   0   0   0  25  0.39 0.01
   52 Y   -1 -2 -1 -2 -2 -1 -2 -2  1 -2 -1 -1 -1  2 -2  1 -1  1  6 -1    0   0   0   0   0   0   0   0   0   0   0   0   0   0   0  25   0   0  75   0  0.60 0.02
   53 V   -1 -3 -3 -3 -1 -3 -3 -4 -3  3  1 -3  1 -1 -3 -2  0 -3 -1  4    0   0   0   0   0   0   0   0   0  37   0   0   0   0   0   0   0   0   0  63  0.37 0.01
   54 R   -1  4 -1 -1 -3  3  0 -2  0 -3 -2  1 -1 -3  4 -1 -1 -3 -2 -3    0  52   0   0   0  25   0   0   0   0   0   0   0   0  23   0   0   0   0   0  0.63 0.01
   55 D   -2 -1  2  5 -4  0  2 -1 -1 -3 -4 -1 -3 -4 -2  0 -1 -4 -3 -3    0   0  11  77   0   0  12   0   0   0   0   0   0   0   0   0   0   0   0   0  0.79 0.02
   56 V    0 -2 -2 -2 -1 -2 -2 -2 -3  2  0 -2  0 -1 -2  0  2 -3 -1  3    5   0   0   0   0   0   0   0   0   0   0   0   0   0   0   0  30   0   0  64  0.25 0.01
   57 S    2 -1 -1 -1 -1 -1 -1 -1 -2  1 -1 -1 -1 -2 -1  3  1 -3 -2  0   26   0   0   0   0   0   0   0   0  25   0   0   0   0   0  49   0   0   0   0  0.20 0.01
   58 W   -3 -1 -4 -4 -3 -2 -3 -3 -2 -3 -2 -2 -2  1 -4 -3 -3 11  2 -3    0   6   0   0   0   0   0   0   0   0   0   0   0   0   0   0   0  94   0   0  2.24 0.04
   59 Q   -1  1  0 -1 -3  5  2 -2  0 -3 -2  2 -1 -3  1  0 -1 -2 -2 -2    0   0   0   0   0  87   0   0   0   0   0   6   0   0   6   0   0   0   0   0  0.64 0.03
   60 W   -3 -3 -4 -5 -3 -2 -3 -3 -3 -3 -2 -3 -2  1 -4 -3 -3 11  2 -3    0   0   0   0   0   0   0   0   0   0   0   0   0   0   0   0   0 100   0   0  2.47 0.04
   61 Q   -1  0 -1 -1 -3  5  1 -2  0 -2 -1  1  0  3 -2 -1 -1 -1  0 -2    0   0   0   0   0  75   0   0   0   0   0   0   0  25   0   0   0   0   0   0  0.45 0.02
   62 P   -1 -2 -2 -2 -3 -1 -1 -2 -2 -3 -3 -1 -3 -4  8 -1 -1 -4 -3 -3    0   0   0   0   0   0   0   0   0   0   0   0   0   0 100   0   0   0   0   0  2.09 0.03
   63 R   -1  5 -1 -2 -3  0 -1 -3 -1  0 -1  1 -1 -2 -2 -1 -1 -3 -2  1    0  74   0   0   0   0   0   0   0   0   0   0   0   0   0   0   0   0   0  26  0.46 0.02
   64 A    2 -1 -1 -1 -1 -1 -1 -1 -2 -2 -2 -1 -2 -3  4  2  0 -3 -2 -1   38   0   0   0   0   0   0   0   0   0   0   0   0   0  26  36   0   0   0   0  0.51 0.01
   65 V   -1 -3 -3 -3 -1 -2 -3 -4 -3  3  2 -3  1  0 -3 -2 -1 -3 -1  3    0   0   0   0   0   0   0   0   0  36  26   0   0   0   0   0   0   0   0  38  0.34 0.01
   66 R   -1  3 -1 -1 -3  2  2 -3 -1 -1  1  1  0 -2 -2 -1 -1 -2 -2 -1    0  38   0   0   0  11  26   0   0   0  25   0   0   0   0   0   0   0   0   0  0.29 0.01
   67 M   -1 -2 -3 -3 -1 -1 -3 -3 -2  3  2 -2  5  0 -3 -2 -1 -2 -1  1    0   0   0   0   0   0   0   0   0  36   0   0  64   0   0   0   0   0   0   0  0.34 0.02
   68 S    2 -1  3  0 -1  0  0  0 -1 -2 -3  0 -2 -3 -1  3  1 -3 -2 -2   17   0  25   0   0   0   0   0   0   0   0   0   0   0   0  58   0   0   0   0  0.37 0.01
   69 S    0  2  0 -1 -1  0 -1 -2 -1 -1 -2  0 -1 -2 -1  1  4 -3 -2 -1    6  26   0   0   0   0   0   0   0   0   0   0   0   0   0  11  57   0   0   0  0.33 0.01
   70 P   -1  0 -1  0 -3  3  2 -2 -1 -3 -3  0 -2 -3  5  1 -1 -3 -2 -2    0   0   0   0   0  26  25   0   0   0   0   0   0   0  38  11   0   0   0   0  0.74 0.01
   71 D   -2 -1  3  5 -3  0  3 -1  0 -3 -4  0 -3 -3 -2  0 -1 -4 -3 -3    0   0  25  49   0   0  26   0   0   0   0   0   0   0   0   0   0   0   0   0  0.64 0.01
   72 A    2 -1  0 -1 -1  0  0  0 -1 -1 -1  0 -1 -2  0  2  1 -2 -1 -1   40   1   1   1   0   1   2   2   1   1   2   1   1   1   1  27  13   0   1   2  0.20 0.00
   73 V    0 -1  2 -1 -1 -1 -1 -1 -1  1  0 -1  0 -1 -1  0  0 -2 -1  2    7   1  26   1   0   1   2   2   1   1   2   1   1   1   1   2   1   0   1  46  0.10 0.01
   74 Q    1  0  0 -1 -1  4  1 -1  2 -2 -1  0 -1 -2 -1  0  0 -2 -1 -1   27   1   1   1   0  45   2   2   6   1   2   1   1   1   1   2   1   0   1   2  0.24 0.01
   75 A    2 -1 -1 -1 -1 -1 -1  3 -1 -1 -1 -1 -1 -2 -1  1  1 -2 -2 -1   40   1   1   1   0   1   2  27   1   1   2   1   1   1   1   2  13   0   1   2  0.23 0.00
   76 G    0 -1  0  0 -2  0  2  4 -1 -2 -2  0 -2 -2 -1  0 -1 -2 -2 -2    2   1   1   1   0   1  26  51   1   1   2   1   1   1   1   2   1   0   1   2  0.40 0.01
   77 L   -1 -1 -2 -2 -1 -1 -1 -2 -2  1  3 -1  1  0 -1 -1 -1 -1 -1  0    3   2   2   2   1   2   2   3   1   2  66   2   1   1   2   3   2   0   1   2  0.17 0.00
   78 A    1  0  0 -1 -1  0  0 -1 -1 -1 -1  2 -1 -2  0  1  2 -1 -1 -1   14   2   2   2   1   2   2   3   1   2   3  27   1   1   2   3  29   0   1   2  0.13 0.00
   79 A    1 -1 -1 -1 -1 -1 -1 -1  0 -1 -1 -1 -1  1 -1  0  2  0  3  0   14   2   2   2   1   2   2   3   1   2   3   2   1   1   2   3  29   0  26   2  0.14 0.00
   80 G    0 -1  0 -1 -1 -1 -1  3 -1 -1 -1 -1 -1 -2 -1  0  2 -1 -1 -1    3   2   2   2   1   2   2  41   1   2   3   2   1   1   2   3  27   0   1   2  0.26 0.00
   81 K   -1  1  3  0 -2  1  0 -1  0 -2 -2  3 -1 -2 -1  0  0 -2 -1 -1    3   2  27   2   1   2   2   3   1   2   3  40   1   1   2   3   2   0   1   2  0.20 0.00
   82 G    0 -1  0 -1 -1  0 -1  2 -1 -1 -1  0 -1 -2 -1  2  2 -1 -1 -1    3   2   2   2   1   2   2  23   1   2   3   2   1   1   2  20  27   0   1   2  0.18 0.00
   83 G    0 -2  0 -1 -2 -2 -2  6 -2 -3 -3 -1 -2 -3 -2  0 -1 -2 -3 -3    1   1   1   1   0   0   1  89   0   1   1   1   0   0   1   1   1   0   0   1  0.88 0.02
   84 M   -1 -2 -2 -3 -1 -1 -2 -2 -2  1  2 -1  5  0 -2 -1  0 -2 -1  2    1   1   1   1   0   0   1   1   0   1   1   1  64   0   1   1   1   0   0  26  0.25 0.02
   85 V    0 -2 -2 -3 -1 -2 -2 -3 -3  2  1 -2  1 -1 -2 -1  0 -2 -1  4    1   1   1   1   0   0   1   1   0   1   1   1   0   0   1   1   1   0   0  89  0.29 0.02
   86 S    0  1  0 -1 -1  0 -1 -1  0 -2 -2  0 -1  0 -1  3  0  0  3 -2    1  12   1   1   0   0   1   1   0   1   1   1   0   0   1  53   1   0  25   1  0.24 0.01
   87 E   -1  0  0  1 -4  2  5 -2  0 -3 -3  1 -2 -3 -1  0 -1 -3 -2 -3    0   0   0   0   0   0 100   0   0   0   0   0   0   0   0   0   0   0   0   0  0.79 0.02
   88 S    1 -1  0 -1 -1 -1 -1  3 -1 -3 -3 -1 -2 -3 -1  3  1 -3 -2 -2    0   0   0   0   0   0   0  36   0   0   0   0   0   0   0  64   0   0   0   0  0.47 0.02
   89 R   -2  5  3 -1 -3  0  0 -2  0 -2 -1  1 -1 -2 -2 -1 -1 -3 -2 -2    0  64  25   0   0   0   0   0   0   0  11   0   0   0   0   0   0   0   0   0  0.44 0.02
   90 R    1  3 -1 -1 -3  0  0 -2 -1 -3 -2  2 -2 -3  4  0 -1 -3 -2 -2   17  32   0   0   0   0   0   0   0   0   0  25   0   0  26   0   0   0   0   0  0.51 0.01
   91 G    0 -1  0  0 -3  0  3  5 -1 -4 -3 -1 -3 -3 -2  0 -1 -3 -3 -3    0   0   0   0   0   0  36  64   0   0   0   0   0   0   0   0   0   0   0   0  0.65 0.01
   92 Q   -1  3  0 -1 -3  5  1 -2  0 -3 -2  1 -1 -3 -2  0 -1 -2 -2 -2    0  26   0   0   0  74   0   0   0   0   0   0   0   0   0   0   0   0   0   0  0.61 0.02
   93 D   -1  2  0  4 -3  0  1 -2 -1  0 -2  0 -1 -3 -2 -1 -1 -3 -2  1    0  26   0  38   0   0  11   0   0   0   0   0   0   0   0   0   0   0   0  25  0.28 0.01
   94 F   -2 -2 -3 -3 -3 -2 -3 -3  1 -1  0 -3 -1  5 -3 -2 -2  2  6 -1    0   0   0   0   0   0   0   0   0   0   0   0   0  49   0   0   0   0  51   0  0.74 0.02
   95 Y   -2 -2 -3 -3 -2 -2 -2 -3  1  1  0 -2  0  2 -3 -2 -2  1  6  0    0   0   0   0   0   0   0   0   0  25   0   0   0   0   0   0   0   0  75   0  0.62 0.02
   96 I   -1 -3 -3 -3 -1 -3 -3 -4 -3  4  1 -3  1  0 -3 -2 -1 -3 -1  3    0   0   0   0   0   0   0   0   0  75   0   0   0   0   0   0   0   0   0  25  0.39 0.02
   97 L   -2 -2 -4 -4 -1 -2 -3 -4 -3  1  4 -3  2  0 -3 -3 -1 -2 -1  1    0   0   0   0   0   0   0   0   0   0 100   0   0   0   0   0   0   0   0   0  0.49 0.02
   98 G    0  0  0  0 -3  0  2  4 -1 -3 -3  2 -2 -3 -2  0 -1 -3 -3 -3    0   0   0   0   0   0  25  49   0   0   0  26   0   0   0   0   0   0   0   0  0.48 0.01
   99 G    0 -2 -1 -1 -3 -2 -2  6 -2 -4 -4 -2 -3 -3 -2  0 -2 -3 -3 -3    0   0   0   0   0   0   0 100   0   0   0   0   0   0   0   0   0   0   0   0  1.09 0.02
  100 H   -2  3  0 -2 -3  0 -1 -2  6 -3 -2  0 -1  0 -2 -1 -2 -1  4 -3    0  25   0   0   0   0   0   0  49   0   0   0   0   0   0   0   0   0  26   0  0.55 0.02
  101 T    0 -1  0 -1 -1 -1 -1 -2 -2 -1 -1 -1 -1 -2 -1  1  5 -3 -2  0    0   0   0   0   0   0   0   0   0   0   0   0   0   0   0   0 100   0   0   0  0.53 0.03
  102 T    0 -1  0 -1 -1 -1 -1 -1 -1 -1 -2 -1 -1 -2 -1  3  4 -3 -2 -1    0   0   0   0   0   0   0   0   0   0   0   0   0   0   0  36  64   0   0   0  0.42 0.02
  103 S    2 -1  0 -1 -1  0 -1 -1 -1 -2 -2 -1 -1 -2 -1  3  3 -3 -2 -1   25   0   0   0   0   0   0   0   0   0   0   0   0   0   0  49  26   0   0   0  0.35 0.01
  104 L   -2 -2 -3 -4 -1 -2 -3 -4 -3  1  4 -2  3  0 -3 -2 -1 -2 -1  1    0   0   0   0   0   0   0   0   0   0  89   0  11   0   0   0   0   0   0   0  0.45 0.01
  105 T    0 -2 -1 -2 -1 -1 -1 -2 -2  2  0 -1  0 -2 -2  1  4 -3 -2  1    0   0   0   0   0   0   0   0   0  25   0   0   0   0   0   0  75   0   0   0  0.34 0.02
  106 T    0  0  0 -1 -1  0  0 -1 -1 -2 -2  2 -1 -3 -1  2  3 -3 -2 -1    0   0   0   0   0   0   0   0   0   0   0  25   0   0   0  31  44   0   0   0  0.32 0.01
  107 A    3 -2 -1 -2 -1 -1 -1  0 -2 -2 -2 -1 -1 -3  4  1  0 -3 -2 -1   66   0   0   0   0   0   0   0   0   0   0   0   0   0  25   9   0   0   0   0  0.50 0.01
  108 R   -1  5  0 -1 -3  1  0 -2  0 -2 -2  2 -1 -2 -2 -1 -1 -2 -1 -2    1  84   1   1   0   1   1   1   0   1   2   1   0   1   1   1   1   0   1   1  0.56 0.01
  109 S    0 -2 -1 -1 -2 -1 -1 -2 -2 -2 -2 -1 -2 -3  7  0 -1 -3 -2 -2    1   1   1   1   0   1   1   1   0   1   2   1   0   1  75  10   1   0   1   1  1.35 0.01
  110 G    0 -2  0 -1 -3 -2 -2  6 -2 -4 -4 -2 -3 -3 -2  0 -2 -3 -3 -3    0   0   0   0   0   0   0 100   0   0   0   0   0   0   0   0   0   0   0   0  1.06 0.01
  111 L   -1 -2 -3 -4 -1 -2 -3 -4 -3  2  4 -3  2  0 -3 -3 -1 -2 -1  1    0   0   0   0   0   0   0   0   0  25  75   0   0   0   0   0   0   0   0   0  0.40 0.01
  112 Q   -1  1  0  0 -3  5  2 -2  0 -3 -2  3 -1 -3 -1  0 -1 -2 -2 -2    0   0   0   0   0  75   0   0   0   0   0  25   0   0   0   0   0   0   0   0  0.57 0.01
  113 P   -1  2 -2 -2 -3 -1 -1 -2 -2 -3 -3  0 -3 -4  7 -1 -1 -4 -3 -3    0  18   0   0   0   0   0   0   0   0   0   0   0   0  82   0   0   0   0   0  1.63 0.04
  114 S    2 -1  0 -1 -1 -1 -1 -1 -2  0 -1 -1 -1 -2 -1  3  1 -3 -2  1   18   0   0   0   0   0   0   0   0   0   0   0   0   0   0  61   0   0   0  21  0.27 0.03
  115 V    1 -3 -3 -3 -1 -2 -2 -2 -3  3  1 -2  0 -1 -2 -1  0 -3 -1  3   18   0   0   0   0   0   0   0   0  21   0   0   0   0   0   0   0   0   0  61  0.28 0.02
  116 T    2 -1  0 -1 -1 -1 -1 -1 -1 -2 -2 -1 -1 -2 -1  3  3 -3 -2 -1   18   0   0   0   0   0   0   0   0   0   0   0   0   0   0  39  43   0   0   0  0.37 0.02
  117 L   -1 -3 -3 -4 -2 -3 -3 -4 -3  1  3 -3  1  3 -3 -2 -1 -1  0  1    0   0   0   0   0   0   0   0   0   0  61   0   0  21   0   0   0   0   0  18  0.36 0.02
  118 L   -1 -2 -2 -3 -2 -2 -2  1 -3  0  3 -2  1 -1  3 -2 -1 -2 -2  0    0   0   0   0   0   0   0  18   0   0  61   0   0   0  21   0   0   0   0   0  0.36 0.02
  119 Q   -1  1  0  0 -3  4  3 -2  4 -3 -3  2 -1 -3 -1  0 -1 -3 -1 -3    0   0   0   0   0  43  21   0  18   0   0  18   0   0   0   0   0   0   0   0  0.49 0.03
  120 V    2 -2 -2 -2 -1 -1 -1 -1 -2  1  0 -1  0 -1 -1  0  0 -2 -1  2   41   1   1   1   0   1   1   1   0   1   2   1   0   1   1   1   1   0   1  44  0.16 0.01
  121 A    1 -1 -1 -1 -1 -1 -1  2 -1  0 -1 -1 -1 -1 -1  1  0 -1 -1  0   23   2   2   2   1   2   2  21   1   7   3   2   1   1   2  11   2   1   1  12  0.10 0.00
  122 P   -1 -1 -1 -1 -2 -1 -1 -2  3 -2 -2 -1 -2 -2  6 -1 -1 -2 -1 -2    2   1   1   1   0   1   1   2  19   1   2   1   0   1  62   1   1   0   1   1  1.07 0.02
  123 S    1 -1  0  2 -2 -1  0  2 -1 -3 -3 -1 -2 -3 -1  3  0 -3 -2 -2   18   0   0  21   0   0   0  18   0   0   0   0   0   0   0  43   0   0   0   0  0.34 0.02
  124 S    2 -1  0 -1 -1 -1 -1 -1 -1 -1 -2 -1 -1 -2 -1  3  1 -3 -2  1   18   0   0   0   0   0   0   0   0   0   0   0   0   0   0  64   0   0   0  18  0.29 0.03
  125 P    0 -2 -2 -2 -2 -1 -2 -2 -2  0  1 -1  0 -2  5  1  0 -3 -2  1    0   0   0   0   0   0   0   0   0   0  21   0   0   0  43  18   0   0   0  18  0.61 0.02
  126 R   -2  6 -1 -2  2  1  0 -3  2 -3 -2  2 -2 -3 -2 -1 -1 -3 -1 -3    0  85   0   0   7   0   0   0   8   0   0   0   0   0   0   0   0   0   0   0  0.68 0.04
  127 I    1 -3 -3 -3 -1 -2 -3 -3 -2  3  2 -2  1  3 -3 -1 -1 -1  0  1   18   0   0   0   0   0   0   0   0  43  18   0   0  21   0   0   0   0   0   0  0.22 0.02
  128 A    3 -1 -2 -1 -1  0  1 -1 -2 -1 -2 -1 -1 -3  4  0 -1 -3 -2 -1   53   0   0   0   0   0  18   0   0   8   0   0   0   0  21   0   0   0   0   0  0.38 0.02
  129 A    3 -2 -2 -2 -1 -1 -1  0 -2  0 -1 -1 -1 -2 -1  1  0 -2 -2  1   70   0   0   1   0   0   1   1   0   0   1   1   0   0   0   1   1   0   0  22  0.26 0.02
  130 R   -1  4 -1 -1 -2  1  0 -2 -1 -1 -1  3 -1 -2 -2 -1 -1 -3 -2  0    1  44   0   1   0   0   1   1   0   0   1  30   0   0   0   1   1   0   0  18  0.33 0.02
  131 G    0 -2 -1 -1 -2 -2 -2  6 -2 -3 -3 -1 -3 -3 -2  0 -2 -2 -3 -3    1   0   0   1   0   0   1  91   0   0   1   1   0   0   0   1   1   0   0   1  0.94 0.03
  132 E   -1  1  0  1 -3  2  4 -2  0 -3 -3  3 -2 -3 -1  0 -1 -3 -2 -2    1   0   0   1   0   0  62   1   0   0   1  30   0   0   0   1   1   0   0   1  0.51 0.03
  133 L   -1 -2 -3 -3  2 -2 -2 -3 -2  0  2 -2  1  3  3 -2 -1 -1  0  0    1   0   0   1   8   0   1   1   0   0  45   1   0  21  18   1   1   0   0   1  0.30 0.01
  134 A    3 -2 -1  2 -1 -1  0  0 -2 -2 -2 -1 -1  0 -1  1  0 -2 -1 -1   71   0   0  21   0   0   0   0   0   0   0   0   0   8   0   0   0   0   0   0  0.29 0.03
  135 R   -1  4  3 -1 -3  1  0 -2  0 -2 -1  2 -1 -2 -2  0 -1 -3 -2 -2    0  42  25   0   0   0   0   0   0   0  12  22   0   0   0   0   0   0   0   0  0.35 0.01
  136 G    0 -3 -1 -1 -3 -2 -2  6 -2 -4 -4 -2 -3 -3 -2  0 -2 -3 -3 -3    0   0   0   0   0   0   0 100   0   0   0   0   0   0   0   0   0   0   0   0  1.10 0.02
  137 Q   -1  1  0  0 -3  5  3 -2  0 -3 -3  2 -1 -3 -1  0 -1 -2 -2 -2    0   0   0   0   0  63  24   0   0   0   0  14   0   0   0   0   0   0   0   0  0.59 0.02
  138 V   -1 -3 -3 -3 -1 -2 -3 -3 -3  3  1 -2  2 -1 -3 -2  0 -3 -1  3    0   0   0   0   0   0   0   0   0  36   0   0  12   0   0   0   0   0   0  53  0.34 0.01
  139 R   -1  5  0 -2  3  0 -1 -2  4 -3 -2  1 -2 -2 -2 -1 -1 -3 -1 -3    0  64   0   0  13   0   0   0  23   0   0   0   0   0   0   0   0   0   0   0  0.54 0.02
  140 Y   -2 -2 -2 -3 -3 -2 -2 -3  2 -2 -1 -2 -1  3 -3 -2 -2  2  7 -1    0   0   0   0   0   0   0   0   0   0   0   0   0   0   0   0   0   0 100   0  1.00 0.04
  141 G    0 -3 -1 -1 -3 -2 -2  6 -2 -4 -4 -2 -3 -3 -2  0 -2 -3 -3 -3    0   0   0   0   0   0   0 100   0   0   0   0   0   0   0   0   0   0   0   0  1.11 0.02
  142 E   -1  0  0  1 -4  2  5 -2  0 -3 -3  1 -2 -3 -1  0 -1 -3 -2 -3    0   0   0   0   0   0 100   0   0   0   0   0   0   0   0   0   0   0   0   0  0.81 0.03
  143 I   -1 -3 -3 -3 -1 -2 -3 -4 -3  4  2 -2  3  0 -3 -2 -1 -2 -1  2    0   0   0   0   0   0   0   0   0  64   0   0  23   0   0   0   0   0   0  13  0.35 0.02
  144 T    0 -1  0 -1 -1 -1 -1 -2 -2 -1 -1 -1 -1 -2 -1  1  5 -3 -2  0    0   0   0   0   0   0   0   0   0   0   0   0   0   0   0   0 100   0   0   0  0.56 0.03
  145 F   -2 -3 -3 -4 -3 -3 -3 -3 -1  0  0 -3  0  7 -4 -3 -2  1  3 -1    0   0   0   0   0   0   0   0   0   0   0   0   0 100   0   0   0   0   0   0  0.86 0.03
  146 T    0  2  0 -1 -2  0  0 -2 -1 -1 -2  2 -1 -3 -1  1  4 -3 -2 -1    0  13   0   0   0   0   0   0   0   0   0  23   0   0   0   0  64   0   0   0  0.35 0.02
  147 L    1 -2 -2 -3 -1 -1 -2 -2 -2  1  1 -2  4 -1 -2 -1  0 -2 -1  2   23   0   0   0   0   0   0   0   0   0   6   0  43   0   0   0   0   0   0  29  0.21 0.02
  148 R   -1  3  0 -2 -2  0 -1 -2  4 -1 -1  0  2 -2 -2  1  0 -2  0 -1    0  32   0   0   0   0   0   0  22   0   0   0  23   0   0  23   0   0   0   0  0.25 0.02
  149 H   -2  0  0 -1 -3  3  0 -2  7 -3 -3  0 -1 -2 -2 -1 -2 -2  1 -3    0   0   0   0   0  23   0   0  77   0   0   0   0   0   0   0   0   0   0   0  0.79 0.03
  150 L   -1 -2 -2 -3 -1 -2 -2 -3 -3  1  3 -2  1  0 -2 -1  2 -2 -1  2    0   0   0   0   0   0   0   0   0   0  54   0   0   0   0   0  23   0   0  23  0.26 0.01
  151 L   -1 -2 -3 -3 -2 -2 -3 -3 -3  1  3 -2  1  0  4 -2 -1 -2 -2  0    0   0   0   0   0   0   0   0   0   0  77   0   0   0  23   0   0   0   0   0  0.49 0.02
  152 A    4 -2 -2 -2 -1 -1 -1  0 -2  0 -1 -1 -1 -2 -1  1  0 -3 -2  1   77   0   0   0   0   0   0   0   0   0   0   0   0   0   0   0   0   0   0  23  0.31 0.02
  153 W   -3 -3 -4 -4 -3 -2 -3 -3 -1 -3 -2 -3 -2  1 -4 -3 -2 10  4 -3    0   0   0   0   0   0   0   0   0   0   0   0   0   0   0   0   0  77  23   0  1.93 0.04
  154 Q   -1  1  0 -1 -3  6  2 -2  0 -3 -2  1 -1 -3 -2  0 -1 -2 -2 -2    0   0   0   0   0 100   0   0   0   0   0   0   0   0   0   0   0   0   0   0  0.76 0.03
  155 D   -2 -2  1  6 -4 -1  1  0 -1 -3 -4 -1 -3 -4 -2  0 -1 -4 -3 -3    0   0   0  93   0   0   0   7   0   0   0   0   0   0   0   0   0   0   0   0  0.92 0.03
  156 N   -1  0  4  0 -2  0  0 -1  0  0 -2  2 -1 -2 -2  2  0 -3 -2 -1    0   0  42   0   0   0   0   0   0  13   0  23   0   0   0  23   0   0   0   0  0.27 0.01
  157 I    0 -1 -1 -1 -1 -1 -1 -2 -2  2  0 -1  0 -1 -1  1  2 -2 -1  1    2   1   1   1   0   1   1   2   1  43   2   1   1   1   1  14  24   0   1   1  0.11 0.01
  158 T    0 -1  0 -1 -1 -1 -1 -2 -2 -1 -1 -1 -1 -2 -1  1  5 -3 -2  0    0   0   0   0   0   0   0   0   0   0   0   0   0   0   0   0 100   0   0   0  0.56 0.03
  159 G    3 -2 -1 -2 -1 -1 -2  3 -2 -1 -1 -1  2 -2 -2  0 -1 -2 -2 -1   50   0   0   0   0   0   0  27   0   0   0   0  23   0   0   0   0   0   0   0  0.28 0.01
  160 G   -1 -1  3  2 -3  0  2  4 -1 -4 -4 -1 -3 -3 -2  0 -1 -3 -3 -3    0   0  23  13   0   0  23  42   0   0   0   0   0   0   0   0   0   0   0   0  0.49 0.01
  161 Q   -1  1  1 -1  5  4  1 -2  0 -3 -2  2 -1 -3 -2  0 -1 -3 -2 -2    0   0  13   0  23  42   0   0   0   0   0  23   0   0   0   0   0   0   0   0  0.40 0.02
  162 G    0 -3 -1 -1 -3 -2 -2  6 -2 -4 -4 -2 -3 -3 -2  0 -2 -3 -3 -3    0   0   0   0   0   0   0 100   0   0   0   0   0   0   0   0   0   0   0   0  1.11 0.02
  163 W   -3 -3 -4 -5 -3 -2 -3 -3 -3 -3 -2 -3 -2  1 -4 -3 -3 11  2 -3    0   0   0   0   0   0   0   0   0   0   0   0   0   0   0   0   0 100   0   0  2.50 0.04
  164 S    1 -1  0  0 -1  0  0  0 -1 -2 -2  0 -1 -2  0  4  1 -2 -1 -1    2   1   1   1   0   1   2   2   1   1   2   1   1   1   1  76   2   0   1   2  0.31 0.01
  165 V    0 -3 -3 -3 -1 -2 -3 -3 -3  3  1 -2  1 -1 -3 -2  0 -3 -1  4    0   0   0   0   0   0   0   0   0   0   0   0   0   0   0   0   0   0   0 100  0.40 0.02
  166 V    2 -2 -3 -3 -1 -2 -2 -2 -3  2  1 -2  1 -1 -2 -1  0 -3 -1  3   26   0   0   0   0   0   0   0   0   0  12   0   0   0   0   0   0   0   0  63  0.23 0.01
  167 S    0 -1  0 -1  2  0  0 -1  4 -3 -3 -1 -2 -2 -1  3  1 -3 -1 -2    0   0   0   0   6   0   0   0  26   0   0   0   0   0   0  68   0   0   0   0  0.38 0.02
  168 G    0 -2 -1 -1 -3 -2 -2  5 -2 -4 -4 -2 -3 -3  4 -1 -2 -3 -3 -3    0   0   0   0   0   0   0  74   0   0   0   0   0   0  26   0   0   0   0   0  0.95 0.02
  169 E   -1  0  3  1 -4  1  5 -2  0 -3 -3  1 -2 -3 -1  0 -1 -3 -2 -3    0   0  23   0   0   0  77   0   0   0   0   0   0   0   0   0   0   0   0   0  0.63 0.02
  170 V   -1 -2 -3 -3 -1 -2 -3 -3 -3  2  3 -2  3  0 -3 -2 -1 -2 -1  3    0   0   0   0   0   0   0   0   0   0  42   0  19   0   0   0   0   0   0  40  0.31 0.01
  171 T    0 -1  0 -1 -1 -1 -1 -1 -1 -1 -2 -1 -1 -2 -1  3  4 -3 -2 -1    0   0   0   0   0   0   0   0   0   0   0   0   0   0   0  42  58   0   0   0  0.42 0.02
  172 P   -1  3 -1 -2 -3 -1 -1 -2 -2 -3 -3  0 -2 -3  6 -1  0 -3 -3 -2    0  28   0   0   0   0   0   0   0   0   0   0   0   0  64   0   8   0   0   0  1.20 0.03
  173 E   -1 -1  0  3 -3  1  4  0  0 -3 -3  0 -2 -1 -2  0 -1 -2  2 -3    0   0   0  23   0   0  55   8   0   0   0   0   0   0   0   0   0   0  14   0  0.47 0.02
  174 A    3 -1 -1  0 -1  0  2 -1 -1 -2 -2  0 -1 -3 -1  1  1 -3 -2 -1   59   0   0   0   0   0  28   0   0   0   0   0   0   0   0   0  14   0   0   0  0.31 0.02
  175 E    1 -1 -1  0 -2  1  3 -2 -1  0 -1  0 -1 -2 -1  0 -1 -3 -2  1   23   0   0   0   0   0  49   0   0   0   0   0   0   0   0   0   0   0   0  28  0.26 0.02
  176 K   -1  2  0  0 -3  4  3 -2  0 -3 -3  3 -1 -3 -1  0 -1 -3 -2 -2    0   5   0   0   0  37  28   0   0   0   0  30   0   0   0   0   0   0   0   0  0.51 0.02
  177 Q   -1  0 -1  0 -2  4  2 -2  0  0 -1  0  0 -2 -1 -1 -1 -2 -1  1    1   0   0   0   0  42  23   1   0   0   1   0   0   0   0   1   0   0   0  28  0.27 0.02
  178 V   -1 -3 -3 -3 -1 -2 -3 -3 -3  4  1 -2  1  0 -2 -2 -1 -2 -1  3    1   0   0   0   0   0   1   1   0  65   1   0   0   0   0   1   0   0   0  28  0.33 0.02
  179 K   -1  4  0 -1 -3  1  0 -2 -1 -3 -2  4 -1 -3 -1  0 -1 -3 -2 -2    1  28   0   0   0   0   1   1   0   0   1  65   0   0   0   1   0   0   0   1  0.49 0.02
  180 R    0  4  0 -1 -2  0  0 -2  0 -2 -2  1 -1 -1 -2  2  0 -1  2 -2    1  51   0   0   0   0   1   1   0   0   1   0   0   0   0  28   0   0  14   1  0.34 0.02
  181 Q   -1  0 -1 -1 -2  3  0 -2 -1  0  1  0  0 -1 -1  0  2 -2 -1  0    1   0   0   0   0  36   1   1   0   0  29   0   0   0   0   1  28   0   0   1  0.20 0.02
  182 L   -1 -2 -3 -3 -1 -1 -2 -3 -2  1  3 -2  4  0 -2 -2 -1 -2 -1  1    1   0   0   0   0   0   1   1   0   0  65   0  28   0   0   1   0   0   0   1  0.35 0.02
  183 W    1 -2 -3 -3 -2 -2 -2 -2 -2 -1  0 -2 -1  0 -2 -1 -1  9  1 -1   28   0   0   0   0   0   1   1   0   0  15   0   0   0   0   1   0  50   0   1  0.95 0.03
  184 Q    0  0  0  0 -2  5  1 -1  0 -3 -2  1 -1 -3 -1  2  0 -2 -2 -2    0   0   0   0   0  72   0   0   0   0   0   0   0   0   0  28   0   0   0   0  0.55 0.04
  185 V   -1 -3 -3 -3 -1 -3 -3 -4 -3  4  1 -3  1 -1 -3 -2  0 -3 -1  4    0   0   0   0   0   0   0   0   0  41   0   0   0   0   0   0   0   0   0  59  0.39 0.02
  186 N   -1  3  3  0 -3  0 -1 -1 -1 -3 -3  0 -2 -3  4  1  0 -3 -2 -3    0  28  30   0   0   0   0   0   0   0   0   0   0   0  28  14   0   0   0   0  0.56 0.02
  187 G   -1 -2  0  4 -3 -1  0  5 -2 -4 -4 -1 -3 -3 -2  0 -2 -3 -3 -3    0   0   0  37   0   0   0  63   0   0   0   0   0   0   0   0   0   0   0   0  0.74 0.03
  188 Y   -2 -2 -2 -3 -3 -2 -2 -3  2 -2 -1 -2 -1  3 -3 -2 -2  2  7 -1    0   0   0   0   0   0   0   0   0   0   0   0   0   0   0   0   0   0 100   0  1.04 0.05
  189 E    0  3  0  0 -3  1  3 -2 -1 -3 -3  2 -2 -3 -1  2  0 -3 -2 -2    0  23   0   0   0   0  36   0   0   0   0  14   0   0   0  28   0   0   0   0  0.39 0.02
  190 W   -3 -3 -4 -4 -3 -2 -3 -3 -1 -2 -2 -3 -2  1 -4 -3 -2 10  5 -3    0   0   0   0   0   0   0   0   0   0   0   0   0   0   0   0   0  72  28   0  1.87 0.06
  191 T   -1 -1  3 -1 -1 -1 -1 -2 -1  1 -1 -1 -1 -2 -2  1  4 -3 -2  0    0   0  23   0   0   0   0   0   0  14   0   0   0   0   0   0  63   0   0   0  0.33 0.03
  192 P    0 -1 -1 -1 -2 -1 -1 -1 -1 -2 -2 -1 -2 -2  6  1  0 -2 -2 -2    2   1   1   1   1   1   2   2   1   1   2   2   1   1  60  16   2   0   1   2  0.99 0.02
  193 D   -1 -1  4  4 -3  0  2 -1  0 -3 -3  0 -2 -3 -2  2  0 -4 -2 -3    0   0  33  30   0   0  14   0   0   0   0   0   0   0   0  23   0   0   0   0  0.48 0.02
  194 Y   -1 -2  1 -2 -2 -1 -2 -2  1 -2 -2 -1 -1  2 -2  0  2  1  6 -1    0   0  14   0   0   0   0   0   0   0   0   0   0   0   0   0  28   0  59   0  0.47 0.03
  195 A    2  0  0 -1 -1  3  0 -1 -1 -2 -2  0 -1 -3 -1  2  0 -3 -2 -1   36   0   0   0   0  28   0   0   0   0   0   0   0   0   0  37   0   0   0   0  0.33 0.02
  196 G    0 -2  0  3 -3 -1 -1  5 -2 -4 -4 -1 -3 -3 -2  0 -2 -3 -3 -3    0   0   0  28   0   0   0  72   0   0   0   0   0   0   0   0   0   0   0   0  0.80 0.03
  197 L   -1 -2 -3 -3 -1 -2 -3 -3 -3  3  3 -2  2  0 -3 -1 -1 -2 -1  2    0   0   0   0   0   0   0   0   0  28  59   0   0   0   0   8   0   0   0   6  0.31 0.02
  198 T    1  0  0 -1 -1  0  0 -1 -1 -2 -2  2 -1 -3 -1  2  3 -3 -2 -1   14   0   0   0   0   0   0   0   0   0   0  23   0   0   0  28  36   0   0   0  0.29 0.02
  199 A    3 -1  3 -1 -1 -1 -1  0 -1 -2 -2 -1 -1 -3 -1  1  2 -3 -2 -1   56   0  28   0   0   0   0   0   0   0   0   0   0   0   0   0  17   0   0   0  0.30 0.02
  200 R   -1  5  0 -1 -3  2  0 -2  0 -3 -2  1 -1 -3 -2  2  0 -3 -2 -2    0  59   0   0   0  14   0   0   0   0   0   0   0   0   0  28   0   0   0   0  0.49 0.03
  201 P   -1 -2 -2 -2 -2 -2 -2 -2 -2  1 -1 -1 -1 -1  6  0 -1 -2  1  0    0   0   0   0   0   0   0   0   0  28   0   0   0   0  50  14   0   0   8   0  0.76 0.02
  202 D   -2 -2  3  6 -4  0  1 -1 -1 -3 -4 -1 -3 -4 -2  0 -1 -4 -3 -3    0   0  14  86   0   0   0   0   0   0   0   0   0   0   0   0   0   0   0   0  0.90 0.04
  203 A    4 -1 -1 -1 -1 -1 -1  0 -2 -1 -2 -1 -1 -2 -1  2  0 -3 -2  0   67   0   0   0   0   0   0   0   0   0   0   0   0   0   0  28   0   0   0   6  0.35 0.02
  204 F   -2  2 -2 -3 -3 -2 -2 -3 -1 -1  0 -1  0  6 -3 -2 -2  0  2 -1    0  28   0   0   0   0   0   0   0   0   0   0   0  72   0   0   0   0   0   0  0.53 0.03
  205 I   -1 -2 -2 -3 -1 -2 -2 -3 -2  3  1 -2  3 -1 -2 -1  2 -2 -1  2    0   0   0   0   0   0   0   0   0  49   0   0  28   0   0   0  23   0   0   0  0.25 0.03
  206 S    0 -2 -1 -2 -1 -1 -1 -2 -2  0 -1 -1 -1  3 -2  2  0 -1  0  1    0   0   0   0   0   0   0   0   0   0   0   0   0  28   0  49   0   0   0  23  0.19 0.02
  207 G   -1 -2  3 -1 -2 -1 -2  4 -1 -2 -1 -1  2 -2 -2  0 -1 -3 -2 -2    0   0  28   0   0   0   0  49   0   0   0   0  23   0   0   0   0   0   0   0  0.43 0.02
  208 A    2  1 -2 -2 -2 -1 -1 -1  0 -2 -2  0 -1  0  4  0 -1 -1  4 -1   36  14   0   0   0   0   0   0   0   0   0   0   0   0  23   0   0   0  28   0  0.39 0.02
  209 E   -1 -1  3  1 -3  1  3  2  0 -4 -3  0 -2 -3 -2  0 -1 -3 -2 -3    0   0  28   0   0   0  49  23   0   0   0   0   0   0   0   0   0   0   0   0  0.48 0.02
  210 S    0 -2 -1 -1 -1 -1 -1 -1 -1 -1  0 -1  0  3 -2  3  0 -1  0 -1    0   0   0   0   0   0   0   0   0   0  14   0   0  28   0  59   0   0   0   0  0.22 0.02
  211 L   -2 -2  2 -1 -2 -2 -2 -2 -1  0  3 -2  1  3 -3 -1 -1 -1  0  0    0   0  28   0   0   0   0   0   0   0  49   0   0  23   0   0   0   0   0   0  0.23 0.02
  212 L   -1 -2 -2 -1 -2 -1  2 -3 -2  1  3 -1  1  0 -2 -2 -1 -2 -1  0    0   0   0   0   0   0  28   0   0   0  72   0   0   0   0   0   0   0   0   0  0.29 0.02
  213 S    0 -1  0 -1 -2  3  0 -1 -1 -3 -3  0 -1 -3  4  3  0 -3 -2 -2    0   0   0   0   0  28   0   0   0   0   0   0   0   0  23  49   0   0   0   0  0.51 0.03
  214 Q    0  0  0  3 -2  4  1 -1  0 -3 -3  0 -1 -3 -1  2  0 -3 -2 -2    0   0   0  23   0  49   0   0   0   0   0   0   0   0   0  28   0   0   0   0  0.45 0.03
  215 E   -1  0  3  0 -3  1  3  3 -1 -3 -3  1 -2 -3 -2  0 -1 -3 -2 -3    0   0  23   0   0   0  31  32   0   0   0  14   0   0   0   0   0   0   0   0  0.41 0.02
  216 N   -1  0  5  1 -3  0 -1  2  0 -3 -4  1 -2 -3 -2  0 -1 -4 -2 -3    0   0  63   0   0   0   0  23   0   0   0  14   0   0   0   0   0   0   0   0  0.54 0.03
  217 G   -1 -2  0  3 -3  0  1  3 -1 -1 -2 -1 -2 -3 -2  0  1 -3 -3 -2    0   0   0  33   0   0  14  30   0   6   0   0   0   0   0   0  17   0   0   0  0.36 0.02
  218 S    0  1 -1 -1 -2  0  1 -2 -1  1 -1  2 -1 -2 -2  1  0 -3 -2  0    0  11   0   0   0   0  14   0   0  28   0  23   0   0   0  25   0   0   0   0  0.14 0.01
  219 Q   -1  0  3  0 -2  4  1 -2  0  0 -1  1 -1 -2 -2  0  0 -3 -2  1    0   0  23   0   0  44   0   0   0   0   0   5   0   0   0   0   0   0   0  28  0.26 0.02
  220 H   -2  1  0  3 -3  2  1 -2  5 -3 -3  0 -2  0 -2 -1 -1 -1  3 -3    0   6   0  28   0  17   0   0  30   0   0   0   0   0   0   0   0   0  19   0  0.41 0.02
  221 I   -2 -3 -3 -3 -2 -3 -3 -4 -3  4  1 -3  1  3 -3 -3 -1 -1  0  2    0   0   0   0   0   0   0   0   0  72   0   0   0  28   0   0   0   0   0   0  0.39 0.03
  222 A    4 -2 -2 -2 -1 -1 -1  0 -2  0 -1 -1 -1 -2 -1  1  0 -3 -2  1   81   0   0   0   0   0   0   0   0   0   0   0   0   0   0   0   0   0   0  19  0.34 0.03
  223 G    0 -3 -1 -2 -3 -2 -2  6 -2 -4 -4 -2 -3 -3 -2  0 -2 -3 -3 -3    0   0   0   0   0   0   0 100   0   0   0   0   0   0   0   0   0   0   0   0  1.12 0.04
  224 A    3 -2 -1 -2 -1 -1 -1  3 -2 -1 -2 -1 -1 -2 -1  1 -1 -3 -2  0   64   0   0   0   0   0   0  28   0   0   0   0   0   0   0   0   0   0   0   8  0.38 0.02
  225 W   -3 -1 -4 -4 -3 -2 -3 -3 -3 -3 -2 -3 -2  1 -4 -3 -3 11  2 -3    0   6   0   0   0   0   0   0   0   0   0   0   0   0   0   0   0  94   0   0  2.34 0.07
  226 V   -1 -3 -3 -4 -1 -2 -3 -4 -3  2  3 -3  1  0 -3 -2 -1 -2 -1  3    0   0   0   0   0   0   0   0   0   0  44   0   0   0   0   0   0   0   0  56  0.35 0.02
  227 T    0 -2 -1 -2 -1 -1 -1 -2 -2  0 -1 -1  0 -2 -2  1  4 -3 -2  2    0   0   0   0   0   0   0   0   0   0   0   0   0   0   0   0  72   0   0  28  0.37 0.03
  228 S    1 -1  0 -1 -1  0  0 -1 -1 -2 -2  0 -1 -3 -1  4  3 -3 -2 -1    0   0   0   0   0   0   0   0   0   0   0   0   0   0   0  72  28   0   0   0  0.44 0.03
  229 L   -2 -3 -4 -4 -1 -2 -3 -4 -3  3  4 -3  2  0 -3 -3 -1 -2 -1  1    0   0   0   0   0   0   0   0   0  28  72   0   0   0   0   0   0   0   0   0  0.43 0.02
  230 S    0  0  0  0 -2  1  2  0 -1 -3 -3  2 -2 -3 -1  3  0 -3 -2 -2    0   0   0   0   0   0  23   6   0   0   0  28   0   0   0  44   0   0   0   0  0.33 0.02
  231 D   -1 -2  2  5 -3 -1  1  2 -1 -3 -4 -1 -3 -4 -2  0 -1 -4 -3 -3    0   0  14  63   0   0   0  23   0   0   0   0   0   0   0   0   0   0   0   0  0.67 0.03
  232 V   -1 -3 -3 -3 -1 -3 -3 -4 -3  4  1 -3  1 -1 -3 -2  0 -3 -1  3    0   0   0   0   0   0   0   0   0  51   0   0   0   0   0   0   0   0   0  49  0.40 0.02
  233 R   -2  6 -1 -2 -4  1  0 -3  0 -3 -2  2 -2 -3 -2 -1 -1 -3 -2 -3    0 100   0   0   0   0   0   0   0   0   0   0   0   0   0   0   0   0   0   0  0.86 0.04
  234 V   -1 -3 -3 -3 -1 -3 -3 -3 -3  2  1 -3  0  3 -3 -2 -1 -1  1  3    0   0   0   0   0   0   0   0   0   0   0   0   0  28   0   0   0   0   0  72  0.34 0.03
  235 N   -2  3  3  0 -3  0 -1 -2  1 -3 -2  1 -2  0 -2  0 -1 -1  4 -2    0  23  36   0   0   0   0   0   0   0   0  14   0   0   0   0   0   0  28   0  0.35 0.02
  236 F   -2 -3 -3 -4 -2 -3 -3 -4 -2  2  1 -3  0  6 -4 -3 -2  0  2  0    0   0   0   0   0   0   0   0   0  28   0   0   0  72   0   0   0   0   0   0  0.58 0.03
  237 P   -1 -2 -2 -1 -3 -1 -1 -2 -2 -3 -3 -1 -3 -4  7  1 -1 -4 -3 -2    0   0   0   0   0   0   0   0   0   0   0   0   0   0  86  14   0   0   0   0  1.74 0.04
  238 G    0 -2  0  2 -2 -1 -1  4 -2 -3 -3 -1 -3 -3 -2  2  0 -3 -3 -3    0   0   0  14   0   0   0  59   0   0   0   0   0   0   0  28   0   0   0   0  0.59 0.02
  239 A    4 -1 -1 -1 -1  0  2  0 -1 -2 -2  0 -1 -3 -1  1  0 -3 -2 -1   72   0   0   0   0   0  28   0   0   0   0   0   0   0   0   0   0   0   0   0  0.36 0.03
  240 E    0 -1  0  1 -2  1  4  0 -1 -3 -3  0 -2 -3 -1  2  1 -3 -2 -2    0   0   0   0   0   0  53   6   0   0   0   0   0   0   0  28  14   0   0   0  0.40 0.02
  241 E   -1 -1  0  4 -4  1  5 -2 -1 -3 -3  0 -2 -4 -1  0 -1 -3 -2 -3    0   0   0  28   0   0  72   0   0   0   0   0   0   0   0   0   0   0   0   0  0.72 0.03
  242 P   -1  0 -1 -1 -3  1  0 -2 -2 -3 -3  3 -2 -4  6 -1 -1 -4 -3 -3    0   0   0   0   0   4   0   0   0   0   0  41   0   0  54   0   0   0   0   0  1.02 0.03
  243 V   -1 -3 -3 -3 -1 -2 -3 -3 -3  2  2 -2  1 -1 -3 -2  0 -3 -1  4    0   0   0   0   0   0   0   0   0   0  26   0   0   0   0   0   0   0   0  74  0.35 0.02
  244 K   -1  1  3  0 -3  1  0 -1  0 -3 -3  3 -2 -3 -1  1  1 -3 -2 -2    0   0  26   0   0   0   0   0   0   0   0  52   0   0   0  14   8   0   0   0  0.37 0.02
  245 R   -2  6 -1 -2 -4  1  0 -3  0 -3 -2  2 -2 -3 -2 -1 -1 -3 -2 -3    0 100   0   0   0   0   0   0   0   0   0   0   0   0   0   0   0   0   0   0  0.86 0.04
  246 W   -3 -3 -4 -5 -3 -2 -3 -3 -3 -3 -2 -3 -2  1 -4 -3 -3 11  2 -3    0   0   0   0   0   0   0   0   0   0   0   0   0   0   0   0   0 100   0   0  2.57 0.06
  247 Q   -1  1  0 -1 -3  5  2 -2  0 -3 -2  3 -1 -3 -1  0 -1 -2 -2 -2    0   0   0   0   0  74   0   0   0   0   0  26   0   0   0   0   0   0   0   0  0.62 0.03
  248 G    0 -3 -1 -2 -3 -2 -2  6 -2 -4 -4 -2 -3 -3 -2  0 -2 -3 -3 -3    0   0   0   0   0   0   0 100   0   0   0   0   0   0   0   0   0   0   0   0  1.12 0.03
  249 N    0 -1  3  0 -1 -1 -1 -1 -1  0 -1 -1 -1 -2 -2  3  1 -3 -2  1    0   0  27   0   0   0   0   0   0   0   0   0   0   0   0  47   0   0   0  26  0.23 0.02
  250 L   -2 -2 -4 -4 -1 -2 -3 -4 -3  1  4 -3  2  0 -3 -3 -1 -2 -1  1    0   0   0   0   0   0   0   0   0   0 100   0   0   0   0   0   0   0   0   0  0.52 0.03
  251 T    0 -1  0 -1 -1 -1 -1 -2 -2  0 -1 -1 -1 -2 -1  2  4 -3 -2  0    0   0   0   0   0   0   0   0   0  13   0   0   0   0   0  26  60   0   0   0  0.34 0.02
  252 P   -1 -2 -2 -2 -3 -2 -1 -2 -2 -3 -3 -1 -3 -4  8 -1 -1 -4 -3 -3    0   0   0   0   0   0   0   0   0   0   0   0   0   0 100   0   0   0   0   0  2.13 0.04
  253 V    0 -3 -3 -3 -1 -2 -3 -3 -3  2  1 -2  1 -1 -3 -2  0 -3 -1  4    0   0   0   0   0   0   0   0   0   0   0   0   0   0   0   0   0   0   0 100  0.43 0.03
  254 V    0 -3 -3 -3 -1 -2 -3 -3 -3  2  1 -2  1 -1 -3 -2  0 -3 -1  4    0   0   0   0   0   0   0   0   0   0   0   0   0   0   0   0   0   0   0 100  0.43 0.03
  255 V    1 -2  2 -1 -2 -1 -2 -2 -1  0  0 -2  2  3 -2 -1 -1 -1  0  1   16   0  21   0   0   0   0   0   0   0   0   0  18  26   0   0   0   0   0  17  0.12 0.01
  256 Y   -2 -2 -2 -3 -3 -2 -2 -3  2 -2 -1 -2 -1  3 -3 -2 -2  2  7 -1    0   0   0   0   0   0   0   0   0   0   0   0   0   0   0   0   0   0 100   0  1.03 0.05
  257 F   -2 -3 -3 -4 -3 -3 -3 -3 -1  0  0 -3  0  7 -4 -3 -2  1  3 -1    0   0   0   0   0   0   0   0   0   0   0   0   0 100   0   0   0   0   0   0  0.88 0.04

                      K         Lambda
Standard Ungapped    0.1329     0.3175
Standard Gapped      0.0410     0.2670
PSI Ungapped         0.1329     0.3175
PSI Gapped           0.0410     0.2670
