
Last position-specific scoring matrix computed, weighted observed percentages rounded down, information per position, and relative weight of gapless real matches to pseudocounts
           A  R  N  D  C  Q  E  G  H  I  L  K  M  F  P  S  T  W  Y  V   A   R   N   D   C   Q   E   G   H   I   L   K   M   F   P   S   T   W   Y   V
    1 M   -3 -4 -5 -5 -4 -3 -4 -5 -4  1  2 -4  9 -2 -5 -4 -3 -4 -3  1    0   0   0   0   0   0   0   0   0   4  11   0  75   0   0   0   0   0   0   9  1.66 0.47
    2 K   -2  5 -1 -3 -5 -1 -2 -4 -2 -4 -3  5 -3 -2  2 -2  0 -5 -3 -4    1  38   2   0   0   0   0   0   0   0   2  39   0   2  11   0   5   0   0   0  0.92 0.34
    3 K   -1  5 -1 -3 -5  0 -1 -3 -3 -2 -3  4 -3 -5  0  0 -2 -5 -4 -4    5  38   1   0   0   3   1   1   0   3   1  35   0   0   4   6   1   0   0   0  0.80 0.34
    4 F    0 -2 -3 -3 -1 -2 -3 -2 -1  0  3 -2  4  4 -4 -1 -2  0 -1 -1    8   1   1   2   1   1   0   2   1   3  31   1  14  24   0   5   2   1   0   2  0.42 0.23
    5 N    1  1  2 -2  0  0 -2  0 -1 -1 -1  0 -2 -1 -1  1  0  5  0 -1   12  11  12   0   2   3   0   7   1   3   8   3   0   1   2  10   7  10   4   3  0.18 0.13
    6 I   -1 -2 -2 -4  3 -1 -3 -3 -2  1  2 -1  4  0 -3 -2 -1  4  1  1    4   2   2   0   6   2   0   1   1   9  23   4  17   3   1   2   3   6   5  10  0.32 0.20
    7 K    0  3 -1 -3  3  0 -2 -3 -2  0 -1  3 -1 -1 -2  1 -1 -4 -1 -1    9  22   1   0   8   4   0   1   0   5   5  22   2   3   1   9   3   0   2   4  0.30 0.22
    8 S    2  2 -1 -3  1 -2 -2 -1 -2 -1  1  1 -2 -1  0  0 -1  3 -1 -1   22  16   3   0   3   0   0   5   1   3  14  10   0   2   4   6   2   5   2   3  0.16 0.17
    9 L   -1  0 -3 -5  1 -3 -4 -5 -4  2  4 -1  1  1 -4 -2 -1  3 -2  1    4   6   1   0   3   0   0   0   0  11  46   4   2   5   0   2   3   5   1   7  0.48 0.27
   10 T    1 -1 -3 -3  3 -2 -3 -1 -3  2  1 -2  2  1 -2  2  1 -3 -2  0   10   3   0   0   7   0   0   4   0  12  16   1   8   6   2  19   8   0   0   5  0.19 0.18
   11 L   -2 -3 -5 -5  5 -4 -5 -5 -3  2  3 -3  1  1 -5 -2 -2  5 -1  1    2   1   0   0  13   0   0   0   0  11  37   1   3   5   0   4   2   9   1   8  0.64 0.32
   12 L    1 -3 -4 -5 -1 -4 -4 -2 -4  0  4 -4  2  3 -4 -1 -1  2 -2  1   11   1   0   0   1   0   0   2   0   3  42   0   5  13   0   5   4   3   0  10  0.47 0.28
   13 I    1 -3 -4 -4  2 -2 -3 -1 -3  2  2 -3  0  3  0 -1  0 -3  0  1   18   1   0   0   4   1   0   4   0  11  21   0   1  15   5   3   5   0   2   9  0.25 0.19
   14 V    2 -3 -4 -4  4 -3 -4 -1 -4  0  2 -3  1  2 -1  0 -1  0 -2  1   21   0   0   0   9   0   0   4   0   5  27   0   3  10   3   7   3   1   0   8  0.32 0.23
   15 L    0 -4 -4 -4  2 -3 -4 -1 -2  1  4 -4  2  0 -3  0  1 -1 -3  1   10   0   0   0   4   0   0   6   1   5  41   0   4   4   1   8   8   1   0   8  0.36 0.25
   16 L    1 -4 -4 -5 -1 -4 -4 -2 -3  1  4 -3  3  1 -3 -1 -1  1 -2  1   13   0   0   0   1   0   0   2   0   6  42   1   7   7   1   5   2   2   1  10  0.45 0.27
   17 P    1 -3 -2 -4  3 -3 -3 -1 -4  1  2 -2  2  0  2  1  0  1 -2  0   11   0   1   0   8   0   0   3   0   7  25   1   6   4  11  12   5   2   1   4  0.26 0.21
   18 L    0 -3 -3 -3  2 -1 -3  0 -3  0  2 -3  2  2  0  0  1 -1 -1  0    6   0   1   0   6   2   1   8   0   4  27   0   7   9   5   7   8   1   1   7  0.20 0.17
   19 I    1 -3 -1 -3  4 -1 -2  0 -2  1  2 -3  0  1  0  0  0  1 -1  1   12   0   2   1  11   2   1   6   0   9  20   0   2   7   6   6   4   2   1   8  0.16 0.14
   20 V    2 -3 -2 -3  2 -2 -2 -1 -1  1  1 -3  0  1 -1  1  0 -1  0  2   17   0   1   0   5   0   1   3   1   6  18   0   2   6   3  11   6   1   2  15  0.15 0.15
   21 N    2 -2  2 -2  1  0 -1  0  2 -2 -1 -1  1 -2  2  2  0 -4 -3 -2   16   0   9   0   3   5   2   6   5   1   8   1   5   1   9  20   6   0   0   1  0.21 0.19
   22 A    4 -3 -3 -2 -3  1 -2  0 -1 -2 -1 -2  0  0  1  1  1 -4 -2 -1   40   0   0   1   0   7   1   6   1   2   6   0   3   5   6  11   7   0   1   3  0.35 0.27
   23 N    2 -2  0 -1 -1  1  0  0  1 -2 -1 -1 -1 -2  1  1  1 -4 -2 -1   26   1   4   2   1   7   7   7   3   0   8   2   1   1   8   9   9   0   1   4  0.18 0.17
   24 N    2 -2  0 -1  0  0  0  0 -1 -1 -1  0  0 -1  0  1  0  2 -1  0   25   1   3   2   2   4   5   5   2   4   6   4   2   2   5  10   6   4   1  10  0.11 0.12
   25 I    2  0 -1 -1 -1  0 -2 -1  0  0  0 -1  0  1 -1  0  0  0  0  0   25   5   2   3   1   3   1   5   3   7  11   1   2   6   2   7   4   1   3   9  0.07 0.10
   26 D    3 -1 -2  0 -1  1 -1 -1 -2 -1 -1 -1 -2 -1  1  1 -1  0 -2 -1   38   3   1   6   1   6   3   2   1   2   6   3   1   3   7   8   3   1   1   3  0.25 0.21
   27 S    3 -2 -2 -1 -2  1  1 -1 -3 -1 -2 -1 -2 -3  1  1  1  1 -3  0   29   1   1   2   0   6  11   4   0   2   2   2   0   1   5  11  12   2   0   7  0.25 0.20
   28 H    0 -1 -1  0 -3  0  1 -2  0 -1 -1 -1 -1 -3  5  1 -1 -4 -1 -1   10   3   2   5   0   4  12   2   2   3   5   2   2   1  27   9   3   0   3   5  0.38 0.20
   29 L    0 -2 -1 -1 -2  0  0 -1 -1  1  1 -1  0  0  2  0 -1  0 -2  1   10   1   2   2   0   3   8   4   1   8  17   1   3   4  13   8   2   1   1  11  0.12 0.10
   30 L    0  1  0  1 -3  0  0 -2 -2 -1 -1  0 -1  0  3 -1  0  4 -1  0   11   8   5   7   0   3   7   2   1   3   5   6   1   5  13   3   6   6   1   7  0.15 0.11
   31 E    0 -1 -3 -2 -4  1 -1 -2 -1 -4 -3  1 -4 -1  0 -2 -1 10 -1 -4    9   3   1   3   0   6   5   3   1   0   1  11   0   2   5   3   4  42   1   1  1.36 0.50
   32 Q   -1  2  0  0 -3  3  1  0  2 -3 -2  2 -2 -1  0  1 -1  0 -2 -3    4  11   3   4   0  18   6   5   6   1   4  16   0   3   5   9   2   1   0   1  0.27 0.19
   33 N    0 -1  3  2 -3  1  1  1  1 -2 -2  0 -2 -3  1  1  0 -3 -2 -2    6   3  15  11   0   6   7  12   3   1   5   5   1   1   7  11   5   0   0   2  0.19 0.13
   34 D    1  0  0  2 -3  1  1  1  0 -2 -2  0  0 -2 -1  1  1 -3 -1 -2   13   4   3  12   0   8   8  11   2   2   2   4   2   2   2   9  13   0   1   2  0.15 0.12
   35 I    1  0 -1 -1 -3 -1  1 -1 -1 -1 -2 -1  1  0  4  0  0 -1 -1 -1   17   5   2   2   0   2  10   4   1   3   2   4   6   4  21   6   5   1   1   4  0.25 0.16
   36 A    0 -2  0  0 -3 -2 -2 -3 -1 -1 -2 -1 -2  5 -1 -1  0  2  5  0    9   2   6   5   0   1   2   1   1   3   2   3   0  25   3   4   5   2  21   5  0.44 0.25
   37 K    1 -1  0 -1 -2  1  0  0  1 -1 -1  0 -1  0 -2  2  1 -2 -2  0   13   3   3   3   0   7   7   5   5   2   5   3   2   5   1  18  12   1   0   6  0.11 0.12
   38 Y   -2 -4 -3 -4 -4 -1 -4 -4  2  2 -1 -3 -1  4 -4 -4 -3  0  7 -1    3   1   1   1   0   2   1   1   4  10   6   1   1  16   1   1   1   1  47   4  1.15 0.45
   39 V   -1  0  1  0 -2  0  1 -2 -2  0 -1 -2 -1 -1 -2  1  0 -2  3  2    4   5   7   5   0   3  10   1   0   6   4   1   1   2   1  12   6   0  12  20  0.14 0.15
   40 A    6 -3 -3 -3 -3 -3 -3 -2 -3 -3 -1 -3 -1 -1 -3  1  0 -4 -3 -1   66   1   1   1   0   1   1   2   0   1   5   1   1   3   1   8   4   0   0   4  0.90 0.43
   41 Q   -3  3  4  2 -5  2  1 -4 -1 -5 -4  4 -3 -5 -4 -1 -3 -5 -4 -3    0  16  21  10   0   9   9   0   1   0   1  26   0   0   0   4   0   0   0   2  0.71 0.38
   42 S   -2 -2  4  4 -5  2  0  3  1 -6 -6 -1 -5 -6 -4 -1 -3 -6 -5 -5    1   1  23  25   0   9   6  24   3   0   0   4   0   0   0   4   0   0   0   0  0.81 0.41
   43 D    2 -2 -1  0 -4  0  2 -3 -3 -1 -3  2  2 -4 -3 -1  4 -5 -4 -1   20   1   2   4   0   3  14   0   0   4   0  12   7   0   0   3  27   0   0   3  0.44 0.33
   44 T   -1 -1  0  5 -5 -1  2 -2 -2 -4 -5 -1 -2 -4  3  2  0 -6 -5 -5    3   2   3  32   0   2  13   2   0   1   0   3   1   0  16  16   4   0   0   0  0.70 0.38
   45 V   -3 -5 -6 -6 -4 -5 -6 -7 -6  5  5 -5 -1 -3 -6 -5 -4 -5 -4  3    2   0   0   0   0   0   0   0   0  29  52   0   0   0   0   0   0   0   0  18  1.23 0.53
   46 G    0  4  1 -1 -3  2  0  0  1 -4 -4  3 -3 -5 -1  1  0 -5 -4 -4    8  24   5   2   0  10   4   7   3   0   0  18   0   0   2   9   6   0   0   0  0.45 0.29
   47 S    0 -3 -1  4 -5  1  4 -2 -2 -3 -4  1 -4 -3 -4  0  1 -5 -4 -2    6   0   2  26   0   6  27   3   1   1   1   7   0   1   0   8  10   0   0   2  0.60 0.36
   48 F   -1 -5 -6 -6 -4 -5 -6 -6 -5  1  1 -4 -1  6 -6 -5 -3 -4 -2  5    5   0   0   0   0   0   0   0   0   5  13   1   1  33   0   0   1   0   0  41  1.11 0.51
   49 F   -3 -5 -6 -6 -4 -4 -6 -6 -5  4  5 -5 -1  3 -6 -5 -4 -4 -3  1    1   0   0   0   0   1   0   0   0  27  50   0   0  14   0   0   0   0   0   6  1.13 0.49
   50 E   -1  3  4  3 -5  1  2 -3 -1 -4 -4  1 -1 -4 -4  0 -1 -5 -2 -3    5  15  20  17   0   6  12   1   1   1   1   8   2   0   0   5   3   0   1   2  0.46 0.29
   51 R    2 -2  1  4 -4  0  2 -1 -3 -2 -3 -2 -3 -3 -3 -1  2 -5 -4 -2   17   1   6  31   0   4  11   3   0   3   2   1   0   1   0   3  15   0   0   3  0.50 0.32
   52 F   -3 -5 -6 -6 -4 -5 -5 -6 -5  2  2 -4  2  5 -5 -5 -4 -3 -2  4    0   0   0   0   0   0   0   0   0  13  22   1   4  31   0   0   0   0   0  29  1.01 0.45
   53 S    4 -4 -3 -3 -3 -3 -4  3 -4 -4 -4 -4 -4 -3 -4  4 -2 -6 -5 -4   37   0   0   1   0   1   0  21   0   1   1   0   0   1   0  35   1   0   0   0  0.96 0.52
   54 A    3  1  0  0 -4  1  1  0 -3 -3 -3  3 -1 -4 -3  1 -1 -5 -4 -2   26   9   3   4   0   6   8   6   0   1   2  18   1   0   0  12   1   0   0   2  0.33 0.26
   55 L    0  0  4 -1 -4 -1 -1 -1 -2  1 -2  0 -3 -4 -1  2  0 -5 -2 -2    6   5  28   3   0   2   4   3   0  13   3   4   0   0   3  16   6   0   1   2  0.34 0.27
   56 L   -2 -3 -4 -4 -4  3 -2 -5  0  1  3 -3  2  2 -2 -1  1 -3  4 -2    2   0   0   0   0  15   2   0   2   7  29   0   4   9   1   3   9   0  16   0  0.49 0.34
   57 N   -3 -1  4  1 -5  0 -2  5  2 -6 -6 -1 -5 -6 -5  0 -4 -6 -5 -6    1   3  20   6   0   3   2  51   5   0   0   4   0   0   0   5   0   0   0   0  1.08 0.49
   58 Y   -2  0 -3 -4 -4  0 -1 -4 -4  2  0  4  1 -3 -4 -3  1 -4 -1  2    1   4   0   0   0   4   2   0   0  11  10  33   3   0   0   0  10   0   2  19  0.47 0.33
   59 P    0 -2  0 -2 -4  0 -3 -2 -4 -3 -4 -1 -1 -5  5  1  4 -5 -4 -2    8   2   5   2   0   5   1   3   0   1   0   3   2   0  26  11  31   0   0   2  0.74 0.42
   60 I    1 -4 -5 -5 -3 -3 -4 -5 -5  4  2 -4  0  2 -4 -3  0 -4 -2  4   12   0   0   0   0   1   0   0   0  25  15   0   2  11   0   1   6   0   0  27  0.61 0.33
   61 V   -2 -2 -1 -1 -3  0 -2 -5 -3  5  0 -3 -2 -2 -4 -1 -1  1 -3  3    2   2   3   4   0   5   2   0   0  37   6   1   0   1   0   6   3   2   0  25  0.54 0.33
   62 V   -3 -5 -6 -6 -3 -4 -5 -6 -6  5  2 -5  1 -2 -5 -4 -2 -5 -4  5    1   0   0   0   0   0   0   0   0  37  16   0   3   1   0   0   1   0   0  38  1.11 0.49
   63 S    0 -4 -1  6 -5 -3 -1 -1 -4 -5 -6 -3 -5 -6 -3  5 -2 -6 -5 -5    5   0   1  42   0   0   2   4   0   0   0   0   0   0   1  42   1   0   0   0  1.23 0.59
   64 K   -1 -1 -1  1 -5 -1  0 -1 -2 -5 -5  1 -2 -5  6  0 -1 -5 -5 -4    3   4   2   7   0   2   6   6   1   0   1   9   1   0  48   7   3   0   0   0  1.04 0.46
   65 Q    1  2  1  1 -2  1  1 -1 -1 -3 -1  2 -1 -3 -2  1  0 -4 -3 -2   11  13   5   7   1   7   7   5   1   0   7  14   1   0   1  12   6   0   0   1  0.20 0.16
   66 A    1 -4 -4 -5 -3 -3 -4 -1 -5  2  0 -3 -1 -3 -3 -3 -2 -5 -4  6   14   0   0   0   0   1   0   5   0  11   6   1   0   0   1   1   2   0   0  55  0.85 0.43
   67 A    1  0  0 -1 -1  0  0 -1 -1  0  0  1  0 -2  0  1  1 -2 -1  0   14   6   5   3   1   4   4   3   1   6   8  11   2   1   3  12   9   0   1   4  0.07 0.05
   68 K   -2  2  1  2 -4  2  1  2 -1 -4 -4  2 -3 -4 -2 -1 -1 -4 -3 -3    2  13   7  10   0  12  10  18   1   1   1  16   0   0   2   4   2   0   0   1  0.39 0.23
   69 K   -1 -2 -2  0 -4  0 -1  5 -3 -2 -5  4 -4 -5 -3 -1  0 -5 -3 -3    4   1   1   4   0   4   2  40   0   2   0  27   0   0   1   3   7   0   1   1  0.70 0.37
   70 R   -1  2  0 -2 -3  1 -1 -3  0  0 -2  2 -1 -1  0  0  3 -3 -1  2    3  12   4   1   0   8   2   1   2   4   3  12   0   3   4   4  19   0   2  16  0.21 0.20
   71 I   -3 -5 -3 -6 -4 -5 -5 -6 -6  5  0 -5 -1  2 -5 -3  0 -5 -3  5    0   0   1   0   0   0   0   0   0  31   5   0   1   8   0   2   5   0   0  47  1.10 0.50
   72 S   -2 -3  3  0 -4 -3 -2 -3 -4 -4 -3 -2 -4 -5 -4  5  3 -5 -4 -1    2   1  15   4   0   0   1   1   0   1   2   1   0   0   0  46  21   0   0   4  0.86 0.49
   73 G    0 -1 -3 -3 -5 -1 -3  6 -5 -4 -5 -1 -4 -5 -5 -1 -3 -5 -5  1    7   4   1   1   0   2   1  62   0   0   0   3   0   0   0   3   1   0   0  14  1.13 0.51
   74 E   -1  5  2 -1 -5  1  1 -4  0 -4 -4  3 -4 -3 -3  0  2 -5 -4 -2    4  35   9   2   0   4   7   0   2   0   0  16   0   1   0   5  12   0   0   2  0.66 0.37
   75 F   -4 -5 -5 -6 -4 -4 -4 -6 -4  3  3 -4  2  6 -6 -5 -3 -3  1  0    0   0   0   0   0   1   1   0   0  19  24   1   6  40   0   0   1   0   3   4  1.08 0.47
   76 D   -3  3  3  4 -5  0  2 -3 -1 -4 -4  1 -4 -5  0  1 -1 -5 -4 -4    1  15  12  29   0   3  11   1   1   1   1   8   0   0   4   9   3   0   0   1  0.59 0.32
   77 L    2  0 -1  0 -3  0  1 -1 -1  0  1 -1  1  0  1 -1 -1 -3 -2 -1   20   4   3   4   0   4  11   4   2   4  20   2   5   3   6   4   1   0   1   2  0.10 0.13
   78 S    0  0  1  2 -3  1  3  0  0 -3 -3  1  0 -4 -2  1  0 -4 -3 -2    7   3   6  14   0   5  19   7   3   1   2   8   3   0   1  12   5   0   0   3  0.26 0.19
   79 N   -1 -2  2  2 -4  2  1  0 -1 -4 -4  0 -2 -4  2  2  2 -4 -3 -3    3   1  13  10   0   9  11   6   1   0   0   6   1   0  11  13  13   0   1   0  0.36 0.24
   80 P    1 -3 -5 -5 -5 -4 -3 -1 -4 -2 -4 -4 -5 -4  7 -3 -3 -5  4  0   14   1   0   0   0   0   2   4   0   3   1   0   0   0  52   1   1   0  13   7  1.36 0.60
   81 E   -1  1 -1  1 -4  4  2 -3 -2 -2 -2  0  0  0 -3 -2 -1 -2  5 -1    5   9   2   7   0  19  12   2   0   1   3   3   2   2   0   2   2   0  22   5  0.42 0.31
   82 E    1  2 -1  2 -4  4  3 -2 -1 -3 -3  1 -3 -5 -2  0 -1 -5 -4 -3   14  10   1  10   0  26  16   2   1   2   1   7   0   0   2   4   3   0   0   1  0.51 0.33
   83 M   -2 -5 -6 -6 -5 -4 -6 -6 -5  2  2 -5  3  7 -6 -5 -1 -3 -1  0    4   0   0   0   0   0   0   0   0  10  21   0   7  45   0   0   4   0   1   7  1.12 0.49
   84 L   -5 -5 -6 -7 -5 -5 -6 -6 -5  0  5 -6  2  6 -6 -5 -4 -2  0 -2    0   0   0   0   0   0   0   0   0   4  56   0   4  31   0   0   0   0   3   1  1.38 0.57
   85 E   -1 -1  1  4 -4  1  2 -3 -3 -3  2  0 -1 -3 -4 -1 -1 -4 -1 -3    6   2   8  27   0   5  12   1   0   0  22   7   1   0   0   4   2   0   3   0  0.39 0.28
   86 K   -1  3  1 -1 -4  1  0 -2 -1 -2 -3  1 -2 -2 -3  3  1 -4  0 -2    4  19   6   3   0   5   5   2   1   2   1   9   1   1   0  28   9   0   4   2  0.36 0.27
   87 L   -4 -5 -6 -6 -4 -5 -5 -6 -6  1  5 -5  3  1 -5 -4 -4 -5 -4  4    0   0   0   0   0   0   0   0   0   6  53   0   6   4   0   0   0   0   0  29  1.11 0.50
   88 T    3 -2 -3 -4  1 -2 -3  1 -4 -2  3 -2  1 -3 -4  2  0 -4 -4 -1   28   1   0   0   3   1   1   9   0   1  28   1   4   0   0  16   5   0   0   3  0.40 0.31
   89 L    1  2  0  2 -4  2  1 -1 -1 -3 -1  1 -2 -4 -3  1 -1 -4 -3 -2   15  10   3  15   0   9  10   4   1   0   8   6   0   0   0  13   3   0   0   2  0.25 0.21
   90 L    0  1 -3 -2 -3  3  1 -4 -3  0  0 -2 -1 -4 -4  1  2 -4 -3  3    9   7   0   1   0  14  10   0   0   3  10   1   1   0   0   9  13   0   0  22  0.30 0.27
   91 V   -5 -5 -2 -6 -6  0 -5 -5  5 -2  0 -5  2  4 -6 -5 -2 -2  7 -3    0   0   2   0   0   5   0   1  15   2   9   0   5  13   0   0   2   0  45   1  1.40 0.61
   92 G   -1  1  2  1 -5  0 -3  6  2 -6 -6 -2 -5 -6 -5 -2 -4 -6 -5 -6    5   8  12   9   0   4   0  55   5   0   0   2   0   0   0   2   0   0   0   0  1.07 0.49
   93 L   -3 -6 -6 -7 -2 -6 -6 -6 -5 -1  4 -6  0  7 -6 -5 -5 -3  2  0    2   0   0   0   1   0   0   0   0   3  36   0   2  47   0   0   0   0   5   5  1.39 0.57
   94 I    0 -2 -1 -1 -2  2 -2 -2 -3  2  0 -3  1 -3 -4  0  2 -4 -2  3    7   2   3   3   0  12   2   3   0  14   5   0   3   0   0   6  16   0   1  22  0.27 0.24
   95 W   -1 -6 -4 -7 -6 -4 -6 -2 -6 -4 -4 -6 -5 -3 -4 -4 -2 11  0  3    7   0   1   0   0   1   0   4   0   1   1   0   0   1   1   1   3  59   2  19  2.53 0.87
   96 Y   -5 -5 -5 -4 -5 -5 -4 -6 -1  2 -1 -5 -3  4 -1 -5 -4  1  8  0    0   0   0   1   0   0   1   0   1  10   5   0   0  17   3   0   1   1  52   7  1.49 0.62
   97 K   -2 -1 -1  1 -4 -2 -1 -4 -1 -1  0 -3  4  2 -3 -2  0 -2  5  1    2   3   2  11   0   1   4   1   1   2   6   1  15  10   1   2   5   0  22  11  0.41 0.30
   98 D   -4 -4  1  6 -6  0  0 -5 -1 -6 -4 -3 -5 -2  0 -2 -4 -5  4 -4    1   0   5  55   0   5   5   0   1   0   1   1   0   1   6   1   0   0  16   1  1.30 0.59
   99 G   -3 -5  5 -3 -6 -5 -4  6 -4 -7 -7 -4 -2 -7 -3 -2 -5 -6 -6 -7    1   0  26   0   0   0   1  66   0   0   0   0   1   0   2   1   0   0   0   0  1.75 0.70
  100 N    0 -2  4  3 -4  1  0  2 -1 -5 -4 -1 -3 -3 -3  1 -1 -5 -4 -4    9   1  19  19   0   7   4  18   1   0   1   3   0   1   0  12   3   0   0   0  0.49 0.31
  101 A    1 -1 -2 -4 -3 -1 -3 -3 -4  2 -1 -2  1  0 -4  0  3 -4 -3  4    9   4   2   0   0   2   0   1   0  10   5   2   3   4   0   8  22   0   0  29  0.40 0.30
  102 L   -2 -5 -6 -6 -4 -5 -6 -6 -6  4  5 -3  1 -3 -5 -5 -3 -5 -3  1    3   0   0   0   0   0   0   0   0  22  60   1   3   0   0   0   1   0   1   9  1.13 0.51
  103 Y   -4  1 -3 -2 -5 -3 -4 -5  3 -4 -2  3 -4  1 -5 -1 -1 -2  7 -3    0   8   1   2   0   0   0   0   7   0   4  19   0   4   0   6   3   0  45   1  1.16 0.56
  104 I   -3 -6 -6 -6 -4 -6 -6 -7 -6  5 -1 -6 -2  1 -6 -5 -3 -6 -4  6    1   0   0   0   0   0   0   0   0  35   3   0   0   6   0   0   1   0   0  53  1.46 0.61
  105 Y   -2 -4 -2  0 -3  0 -3 -5 -2  1 -2 -4 -2  1 -1  2  0  2  6  2    1   0   1   7   0   4   0   0   0   7   1   0   1   4   3  15   6   3  31  15  0.59 0.38
  106 D   -3  2 -1  3 -3 -3 -1 -1 -2 -5 -5  2 -4 -6  5  0  0 -6 -5 -4    1  10   2  16   1   0   3   5   1   0   1  16   0   0  31   8   6   0   0   1  0.77 0.41
  107 S    3 -2  1 -1 -3  0 -2  1 -3 -1 -2 -3 -3 -4 -2  2  0 -5 -4  0   33   1   8   2   0   5   1  12   0   3   4   0   0   0   1  17   6   0   0   6  0.40 0.30
  108 G    1 -2  2  4 -4  2 -2 -1 -3 -4 -5 -1 -3 -5 -4  4  0 -6 -5 -5   10   1  10  26   0  10   0   4   0   0   0   3   0   0   0  30   4   0   0   0  0.71 0.43
  109 E   -1 -2 -2  3 -6  1  6 -2 -4 -6 -4 -3 -3 -6 -3 -1 -3 -6 -5 -6    4   1   1  14   0   6  63   2   0   0   2   0   1   0   1   4   1   0   0   0  1.33 0.63
  110 L    1 -1 -2 -4 -3  1 -3 -4  0  2  1 -2  4 -1 -4 -2  0 -1  0  2   11   2   2   0   0   9   1   0   3  15   9   1  15   2   0   2   7   1   4  17  0.31 0.25
  111 I   -1  3 -1 -3 -4  2  0 -4 -2  2 -2  3 -2 -4 -4  0  1 -5 -4  1    4  15   2   1   0   9   5   0   0  14   2  21   0   0   0   5  10   0   0  12  0.36 0.28
  112 S   -2  1  3 -2 -4 -1 -2 -3  1 -5 -5 -2  0 -5 -4  4  4 -6 -4 -3    1   7  15   1   0   3   1   1   3   0   0   1   3   0   0  33  30   0   0   1  0.84 0.50
  113 K    2  5 -3 -2 -5  3  1 -4 -2 -2 -4  0 -2 -4 -4  0  0 -5  0 -1   16  31   0   1   0  14   9   0   0   2   1   4   1   0   0   7   5   0   4   4  0.56 0.37
  114 V   -1  2 -5 -5 -4 -4 -4 -5 -5  3  1 -4  1  0 -5 -3  1 -5 -3  5    4  11   0   0   0   0   0   0   0  13  14   0   4   4   0   1  10   0   0  40  0.66 0.39
  115 I   -4 -5 -6 -6 -4 -5 -6 -6 -5  5  2 -5  0  3 -6 -5 -4 -4  1  4    0   0   0   0   0   0   0   0   0  38  18   0   1  13   0   0   0   0   4  24  1.06 0.48
  116 L   -1  1  1 -1 -4  2  1 -1  0 -4 -4  1 -4 -5  4  2  2 -5 -3 -3    3   8   6   3   0   9   9   5   2   0   1   8   0   0  20  14  12   0   1   1  0.44 0.30
  117 L   -2 -5 -6 -6 -4 -5 -5 -6 -4  1  4 -5  1  0  2 -4 -2 -5 -4  3    2   0   0   0   0   0   0   0   0   7  50   0   3   3  12   0   2   0   0  20  0.89 0.46
  118 E   -1  3  1  1 -4  3  2 -1  0 -5 -4  1 -2 -5 -1  2  0 -5 -2 -4    4  15   8   7   0  14  12   4   2   0   1   8   1   0   2  16   6   0   1   0  0.38 0.27
  119 N    0  0  4 -2 -4  0 -1  0  4 -3 -3 -1 -3  0  0  0 -1 -4  3 -3    9   6  23   1   0   3   2   6  14   1   2   2   0   4   5   7   4   0  10   1  0.40 0.29
  120 I    2 -3 -2  1 -3 -2 -2 -2 -4  2  1 -3  1 -3 -3  0  0 -4 -3  2   24   1   1   8   0   1   2   2   0  11  14   0   3   0   0   8   5   0   0  17  0.27 0.24
  121 S    2 -2  0  0 -4 -1 -2 -2 -4 -3 -3 -1 -4 -5  2  4  2 -5 -4 -3   18   1   5   5   0   3   2   2   0   1   2   3   0   0   8  39  12   0   0   1  0.59 0.40
  122 L    4 -2 -2 -4 -3 -3 -3 -2 -4  0 -2 -3 -1 -1  1  0  1 -3 -2  3   38   2   1   0   0   0   0   2   0   6   2   0   1   3   8   4   9   0   1  21  0.49 0.36
  123 N    1  2  1  2 -4  1  1  1 -2 -3 -4  1 -2 -4  0  1  0 -5 -4 -3   14  12   6  11   0   5  11  11   0   1   0   9   1   0   5   9   4   0   0   1  0.27 0.20
  124 Y    0  1 -1  4 -5  2  4 -3 -3 -5 -3 -1 -2 -5 -4  0  0 -5 -3 -3    7   9   2  26   0   9  27   1   0   0   3   3   1   0   0   5   5   0   1   1  0.63 0.38
  125 L   -2 -5 -6 -7 -4 -5 -6 -5 -6  2  5 -6  0  1 -6 -5 -4 -2 -4  2    4   0   0   0   0   0   0   1   0   8  65   0   1   6   0   0   0   1   0  14  1.17 0.54
  126 I    2  2 -1 -3 -3  0  0 -2 -3  1  0  2  1 -3 -3 -1 -1 -4 -2  0   19  14   3   0   0   4   4   3   0  11  10  14   5   0   0   3   3   0   1   7  0.19 0.20
  127 Q    0  1  1  1 -4  2  0  0  0 -5 -4  1 -4 -5  4  0  0 -5 -4 -4    9   7   8   6   0  11   5   6   2   0   1   8   0   0  24   7   5   0   0   0  0.49 0.30
  128 Y    2 -4 -4 -3 -4  0  1 -3 -3  0  2 -3  0  2 -4 -2  0 -3  3 -1   23   0   0   0   0   4   9   0   0   5  25   0   2   9   0   2   5   0  12   3  0.37 0.30
  129 L   -3 -6 -7 -7 -5 -6 -6 -5 -6  2  6 -6  2 -3 -6 -5 -5 -5 -5  0    2   0   0   0   0   0   0   1   0   8  79   0   5   0   0   0   0   0   0   6  1.54 0.66
  130 K   -1  5  0 -2 -5  3  1 -3 -1 -2 -4  3 -4 -5 -4 -1  1 -5 -4 -3    4  32   3   1   0  14   8   1   1   2   1  16   0   0   0   3  11   0   0   2  0.66 0.40
  131 D   -1  3  0  2 -5  4 -1  0 -2 -5 -4  1 -2 -5  2  1 -1 -5 -3 -4    5  16   3  12   0  21   3   6   1   0   1   7   1   0  10  13   2   0   0   0  0.48 0.33
  132 A    1 -2 -1 -3 -2 -1 -2 -2 -3  1  2 -3  4 -2 -3  1  1 -3 -3  1   12   1   2   1   0   2   1   2   0   9  24   1  13   1   1  14   8   0   0   8  0.28 0.22
  133 N   -2  0  3  0 -4 -1 -1  5 -1 -2 -3 -2 -2  2 -3 -1 -3 -3 -3 -3    2   6  17   4   0   2   3  40   1   2   2   2   1   9   1   3   1   0   0   1  0.59 0.31
  134 L   -3 -4 -4  2 -4 -2 -3 -1 -4  2  4 -1  0 -1 -3 -3 -2 -4 -3  2    1   0   0  14   0   2   0   6   0  12  43   4   2   3   1   1   1   0   0  12  0.51 0.33
  135 Y    1 -3  1  0 -3 -2 -2 -3 -1  0  1 -2 -1 -1  1 -1  0  3  3  0   13   0   8   6   0   0   2   1   1   4  15   1   1   2   9   4   7   4  12   9  0.17 0.18
  136 D    1 -4  1  6 -5 -2  1 -1 -4 -4 -5 -2 -5 -6  0  2  0 -6 -4 -4   11   0   6  46   0   1   6   3   0   1   0   2   0   0   4  13   5   0   1   0  0.88 0.47
  137 H    0  0  0 -1 -4  1  1  1 -1 -4 -4  2 -4 -4  4  2 -1 -3 -4 -3    8   3   4   3   0   6   7  12   1   0   1  13   0   1  18  18   3   0   0   1  0.40 0.27
  138 R   -1  6  1 -2 -5  0 -1  1  0 -3 -4  0 -4 -3 -4  0 -1 -5  0 -2    5  44   7   2   0   3   3  11   2   2   1   2   0   1   0   7   4   0   3   2  0.66 0.39
  139 Y   -2 -5 -2 -5  3 -4 -5  2 -3 -1 -1 -4  1  5 -4 -2  0 -3  4 -2    3   0   2   0   7   0   0  18   0   2   4   1   4  31   1   2   7   0  15   2  0.74 0.41
  140 P   -2  1  1 -1 -2 -1 -1  2  1 -5 -4  0 -4 -4  5  0 -1 -5 -1 -3    3   7   8   2   1   2   4  16   4   0   1   5   0   0  32   7   4   0   2   2  0.62 0.35
  141 I   -2 -5 -6 -6 -3 -5 -6 -6 -6  3  3 -5  0  1 -4 -5 -3  7 -2  4    2   0   0   0   0   0   0   0   0  18  26   0   2   5   0   0   0  15   0  30  1.07 0.49
  142 R    0  4 -2 -3 -4 -1 -2  1  0  1 -2  1  0 -3 -4 -1  0 -5 -3  2   10  25   1   0   0   2   1  14   2   7   2   8   3   0   0   4   4   0   0  16  0.32 0.26
  143 G    2 -2 -1 -2 -3 -2  1  1  3 -1 -1 -2 -2  0  2  0 -1 -3  2 -1   19   1   3   0   0   1  10  11   9   3   5   1   1   3  11   6   3   0  10   4  0.22 0.20
  144 N   -2 -3  1  3 -4 -1 -1 -2 -1  1  1 -3  2 -1 -2 -1 -2 -3  3  1    2   0   6  23   0   2   3   2   1   9  15   0   6   2   1   5   0   0  12   8  0.31 0.25
  145 I    0 -1  0  2 -4 -1  3  0 -2 -3 -3 -1 -2 -4  4  0  0 -5 -4 -1    6   4   4   9   0   1  22   7   1   1   2   2   1   0  23   7   4   0   0   6  0.47 0.29
  146 S    0  3  2  2 -4  0  0  1 -1 -4 -3 -1 -4 -5  2  2 -1 -5 -4 -3    8  18  11  11   0   3   5   9   1   0   2   1   0   0  12  16   2   0   0   1  0.38 0.28
  147 D    2 -2  2  0 -3  1  1  0 -2 -3 -2 -1 -3 -2 -3  3  1 -5 -4 -3   18   1  12   5   0   6   9   7   0   1   4   3   0   2   1  23   8   0   0   1  0.33 0.26
  148 K   -2  2  6 -2 -6 -1 -3  3  1 -6 -6 -1 -5 -6 -4  0 -2 -6 -5 -6    3  11  43   1   0   2   1  23   4   0   0   2   0   0   0   8   1   0   0   0  1.06 0.53
  149 T    2 -2 -4 -4 -3 -2 -3 -3 -4  0  0 -4  1 -4 -4  2  3 -5 -4  4   18   1   0   0   0   1   1   2   0   4   9   0   3   0   0  14  20   0   0  28  0.52 0.37
  150 F   -1 -5 -6 -6 -4 -5 -5 -6 -5  3  4 -5  0  3 -5 -5 -4 -4 -3  4    6   0   0   0   0   0   0   0   0  13  38   0   1  11   0   0   0   0   0  30  0.93 0.45
  151 Y   -1 -4 -4 -3 -4 -2 -1 -5 -2  2  3 -4  1  0 -3 -4 -3 -3  4  2    5   0   0   1   0   2   5   0   1  12  36   0   3   2   1   0   0   0  17  14  0.57 0.35
  152 I   -2 -6 -6 -7 -4 -6 -6 -7 -6  4  1 -6  1  0 -6 -5 -4 -6 -3  6    2   0   0   0   0   0   0   0   0  23  11   0   4   4   0   0   0   0   0  56  1.32 0.58
  153 S    0  1 -1 -4 -4 -3 -4 -4 -3 -1 -5 -1 -4 -4 -4  5  4 -6 -3 -3    6   7   2   0   0   0   0   0   0   3   0   3   0   1   0  49  26   0   1   1  1.01 0.58
  154 G   -1 -6 -4  1 -6 -5 -4  7 -6 -7 -7 -5 -6 -7 -3  0 -1 -6 -7 -6    4   0   0   9   0   0   0  76   0   0   0   0   0   0   1   6   3   0   0   0  1.75 0.71
  155 P   -2  3 -3 -3 -6  1 -2 -4 -5 -5 -5 -1 -2 -6  6  0  0  0 -5  0    2  15   0   1   0   5   2   0   0   0   0   2   1   0  48   6   6   1   0   9  1.16 0.56
  156 P    3  1 -5 -4 -5  0 -2 -4 -4 -5 -6 -1 -4 -6  7 -1 -3 -6 -6 -3   26   8   0   1   0   3   2   1   0   0   0   4   0   0  49   4   1   0   0   2  1.33 0.61
  157 A    2  3  0 -1 -3  0  0  0 -1  0 -2  1 -1 -3 -3  1 -1 -4 -3  0   23  20   5   2   0   4   6   5   1   5   2   6   1   0   0  11   2   0   0   7  0.26 0.23
  158 L   -3 -3  2 -2  4 -4 -5 -6 -2 -4 -3 -5 -2  2 -6 -3 -2 -2  8  1    2   2   9   3   8   0   0   0   0   0   1   0   1   6   0   1   2   0  52  12  1.39 0.63
  159 V   -3 -1 -6 -6 -4 -5 -5 -5 -6  4  2 -4 -1 -3 -5 -4 -3 -5 -4  5    1   4   0   0   0   0   0   1   0  23  22   1   1   0   0   0   1   0   0  47  1.11 0.51
  160 E   -1 -1  3  3 -5  1  4 -3 -1 -5 -5  1 -4 -6 -2  0 -1 -6 -5 -5    6   3  17  19   0   7  28   1   1   0   0   7   0   0   2   7   2   0   0   0  0.71 0.40
  161 L   -2  4 -3  0 -3  2  0 -4  0 -2  3  0  1 -2 -5 -3 -1 -5 -2 -3    2  28   0   4   0  11   6   0   2   1  29   3   4   2   0   0   4   0   1   0  0.54 0.37
  162 V    0 -4 -6 -6 -4 -5 -6 -6 -6  5  2 -5 -2 -4 -6 -4 -3 -6 -4  5    9   1   0   0   0   0   0   0   0  30  16   0   0   0   0   1   0   0   0  44  1.16 0.54
  163 A    0  3 -2 -2 -3  1  0 -1 -1 -1 -1  0  1 -3 -3  1  1 -4 -2  1    9  18   0   1   0   6   7   4   1   3   6   6   5   0   0   9  10   0   1  13  0.18 0.19
  164 N    2  1  1  2 -4  3  2 -1  0 -4 -5  0 -3 -5 -4  1  0 -5 -4 -3   15   8   6  13   0  17  14   4   2   0   0   3   0   0   0  10   5   0   0   1  0.43 0.31
  165 T    2 -5 -5 -5 -4 -3 -5 -5 -4  2  2 -4  1  2 -5 -3  0  6  2  2   16   0   0   0   0   1   0   0   0  14  21   0   3   9   0   1   6  11   7  12  0.59 0.34
  166 A    4 -5 -3 -3 -3 -4 -4 -3 -5  3 -1 -4 -1 -3 -4  1 -1 -5 -4  3   34   0   1   1   0   0   0   0   0  20   6   0   1   1   0  12   4   0   0  22  0.66 0.41
  167 T    0  3  1  0 -4  1  2 -1  1 -3 -3  3 -2 -4 -3  1 -1 -5 -3 -3    8  17   6   5   0   7  14   4   4   1   3  17   1   0   0   9   4   0   0   1  0.34 0.24
  168 L    0  3 -1 -2 -4  3  0 -3 -2 -2  0  1  3 -2 -3 -1  0 -4  1 -2    9  19   2   1   0  14   5   1   0   2   9   8   9   1   1   4   6   0   6   2  0.28 0.25
  169 L   -2 -2 -5 -4 -4 -4 -4 -5 -5  3  4 -3  3  1 -5 -4 -3 -4 -3  3    2   2   0   1   0   0   0   1   0  14  44   1   9   5   0   1   1   0   0  18  0.77 0.38
  170 D   -4 -3 -2  7 -6 -1  2 -2 -4 -6 -5 -4 -6 -6 -3 -2 -4 -6 -6 -3    1   1   1  71   0   2  14   3   0   0   1   0   0   0   1   2   0   0   0   2  1.76 0.71
  171 K    0  3  0 -1 -4  3  2 -2  0 -2 -2  2 -2 -4 -2  1  0 -4 -3 -1    6  14   5   3   0  14  13   2   2   2   3  16   1   0   1  10   4   0   0   4  0.32 0.22
  172 Q    1  0  2  0 -3  3  0 -1 -2 -2 -2  1 -1 -3  2  0  0 -3 -2 -2   15   5   9   4   0  17   5   5   0   3   3   7   1   1  12   5   4   0   1   3  0.24 0.16
  173 V    1  0  0  0 -2  1  1  0  0 -1 -1  0 -1 -1  1  1  0 -2  0  0   13   6   3   4   1   9   9   7   2   3   6   3   1   2   5  10   6   0   4   7  0.07 0.05
  174 S    1  2  0  1 -2  1  1 -1 -1 -1 -1  1 -1  0 -1  1  0 -2 -2 -1   11  12   3   9   0   7   6   4   1   3   4   9   1   4   3  11   7   0   1   4  0.11 0.08
  175 S    0  1  1  0 -2  1  1  0  1 -1 -1  1  0 -2  0  1  0 -2 -2 -1    7   7   6   6   0   6   9   7   3   2   7  10   3   1   3  12   4   0   1   5  0.09 0.06
  176 I    0  1  0  0 -2  1  1  0  0  0 -1  0 -1 -2  1  0  0 -2 -1 -1    9   7   3   4   1   8  10   9   2   6   7   6   1   1   7   8   5   0   1   5  0.07 0.05
  177 G    1  0  0  0 -2  0  1  2  0 -1 -1  0 -2 -1  0  0  0 -2 -1 -1   11   7   5   4   0   4  10  18   2   3   5   7   1   2   5   8   4   0   1   3  0.11 0.07
  178 T    0  0  0  1 -3  1  0  2 -1 -1 -1  0 -1 -3 -1  0  1 -3 -2 -1    5   6   5   9   0   6   5  21   2   3   8   4   1   1   2   8  11   0   0   4  0.14 0.11
  179 D   -2 -2  3  3 -4 -1  1  4 -1 -4 -4 -2 -3 -3 -3  1  1 -4 -4 -3    2   1  17  14   0   2   8  30   1   1   1   1   0   1   1   9   8   0   0   2  0.54 0.29
  180 K    1  2  1  2 -3  1  2  0 -1 -2 -3  2 -2 -3  0  0 -1 -3 -3 -2   13  11   6  10   0   6  13   8   1   2   2  15   1   1   3   5   1   0   0   2  0.23 0.16
  181 V    0  1  0 -1 -3  3  1  0  0 -1  0  0  0 -2  0  0  0 -3 -1  0    6   7   4   2   0  19   8   6   2   3  10   3   2   1   5   4   7   0   2   7  0.12 0.12
  182 N    0  1  1  2 -3  2  2 -2 -1 -2 -3  1 -2 -2 -2  1  1 -3 -2  0    6   8   6  12   0  12  15   2   1   2   1   6   1   2   1   9   9   0   1   7  0.24 0.18
  183 F   -2 -2 -4 -4 -3 -4 -4 -5 -3  4  1 -4  3  0 -3 -4 -2 -4  0  4    2   2   0   1   0   0   0   1   0  23  13   0   9   4   1   1   2   0   3  37  0.73 0.36
  184 G    0  3 -2  0 -3  1  1  0  1 -2 -2  0  1  1 -3 -1 -1 -1  1 -1    9  17   1   4   0   8  11   8   4   2   2   6   6   6   0   4   3   1   5   3  0.16 0.16
  185 V   -2 -1 -5 -6 -4 -5 -5 -6 -5  3 -1 -5  1 -3 -5 -1  0 -5 -2  6    3   4   0   0   0   0   0   0   0  18   5   0   3   0   0   6   6   0   1  55  1.01 0.50
  186 I   -4 -6 -6 -6 -5 -6 -5 -6 -4  4 -1 -6  0  6 -6 -5 -4 -3  5  2    1   0   0   0   0   0   1   0   0  24   5   0   2  33   0   0   0   0  20  15  1.27 0.55
  187 K   -2  2  0  0 -5  2  1 -4  0 -5 -5  2 -4 -3  5 -1  0 -5  1 -5    2  13   4   5   0   8   7   0   2   0   1  12   0   1  32   3   5   0   5   0  0.74 0.40
  188 L   -5 -6 -7 -7 -5 -6 -7 -7 -6  0  6 -6  0  0 -7 -6 -5 -5 -4  1    0   0   0   0   0   0   0   0   0   3  83   0   1   3   0   0   0   0   0   9  1.70 0.70
  189 K   -3  4  1 -2 -6  2  0 -4  2 -5 -3  5 -4 -4 -4 -1 -3 -5 -2 -3    1  19   7   1   0   8   5   1   6   0   3  41   0   1   0   4   1   0   1   2  0.83 0.45
  190 N   -4 -4  5 -5 -6 -4 -3 -6  6 -6 -6 -5 -5  1 -6 -5 -4  0  8 -6    1   1  24   0   0   0   1   0  18   0   0   0   0   5   0   0   0   1  48   0  1.93 0.78
  191 T    6 -3 -3 -5 -4 -4 -4  0 -5 -1 -3 -4  1 -5 -4  0  2 -6 -5 -3   63   1   1   0   0   0   1   6   0   4   2   0   4   0   0   7  10   0   0   1  1.05 0.56
  192 F   -2 -2  1  0 -4  0 -1 -4  0 -3 -3  1 -3  3 -2  4  0  6 -2 -3    2   1   7   4   0   4   2   0   2   2   2   9   0  12   1  32   4  13   0   1  0.59 0.38
  193 V    6 -5 -5 -6 -4 -5 -5 -4 -6 -3 -4 -4 -4 -5 -5 -2 -4 -6 -5  4   69   0   0   0   0   0   0   0   0   0   0   1   0   0   0   1   0   0   0  28  1.57 0.72
  194 S    3 -2  1 -1 -3  0  0  1 -2 -2 -2 -1  1 -4 -3  1  2 -4 -3  0   25   1   6   4   0   3   6   8   1   1   4   4   4   0   0  11  16   0   0   7  0.25 0.23
  195 D   -5 -3 -1  8 -7 -1  1 -5 -5 -7 -6 -1 -6 -7 -5 -3 -5 -7 -6 -6    0   1   3  77   0   2   9   0   0   0   1   4   0   0   0   1   0   0   0   0  2.04 0.78
  196 R   -3  6 -3 -3 -4 -2 -2 -2  1  0 -1 -2  2 -1 -4 -1 -1 -5 -4  2    1  47   1   1   0   1   2   3   3   5   7   0   5   2   0   4   4   0   0  14  0.75 0.42
  197 T    1  0  1 -1 -3  2  0 -3  0  0 -1 -1 -2 -3 -2  1  3 -4 -3  1   10   4   9   2   0  10   6   1   2   7   3   2   0   0   1  10  21   0   0  11  0.22 0.21
  198 Y    1 -1 -1 -3 -3 -2  0 -4 -3  3 -1 -2 -1 -1 -4 -2 -1 -3  5  1   14   3   3   1   0   2   6   1   0  23   4   2   1   1   0   3   3   0  24  11  0.46 0.31
  199 N   -1  0  3  3 -3  2  0 -1  0 -1 -2  0 -2 -3 -2  0  1 -4  0 -1    5   6  15  17   0  10   5   4   2   3   3   5   1   0   1   6   9   0   3   6  0.22 0.17
  200 M   -1 -1 -2 -2 -2  0  0 -1 -2  0  1 -1  0 -1 -3  0  0 -2  5  1    3   3   1   2   0   4   8   5   0   5  17   3   3   1   1   7   7   0  23   9  0.25 0.22
  201 R   -2  7  0  1 -5 -1 -3  0 -3 -5 -3 -2  0 -1 -5 -1 -2 -5 -1 -5    3  57   4   9   0   2   1   8   0   0   2   0   3   3   0   5   2   0   2   0  1.07 0.52
  202 G   -2 -3  0  5 -5 -3 -1  4 -4 -4 -5 -3 -5 -4 -3  0  2 -5 -5 -5    2   1   4  31   0   1   2  34   0   1   0   1   0   1   1   8  13   0   0   0  0.91 0.45
  203 E   -1  0  4 -1 -4  5  2  0 -2 -4 -3  1 -3 -5 -1 -1  0 -5 -4 -4    6   4  21   3   0  27  10   6   0   1   3   8   0   0   2   4   4   0   0   1  0.56 0.35
  204 D    1  1  0  0 -3  1  1 -1 -1 -3 -3  1 -1 -3  0  2  2 -4 -3 -2   12   6   5   5   0   8   7   3   1   0   1  10   1   1   3  21  13   0   0   2  0.27 0.21
  205 I   -2 -3 -3 -4 -3 -2 -2 -4 -4  3  2  0  0 -2 -4  0 -1 -2 -2  4    3   1   1   0   0   2   3   1   0  15  17   5   2   1   0   7   2   0   1  39  0.52 0.31
  206 V    0 -1  0 -2 -3 -1 -2 -3 -3  1  1 -1 -1 -3 -2  0  3 -4 -3  3    6   3   4   1   0   3   2   1   0   8  12   4   1   0   1   6  23   0   0  25  0.31 0.25
  207 I    1 -4 -3 -3 -3 -2 -4 -2 -4  4  1 -4  0  0 -3 -2 -1 -4 -3  4   10   1   1   1   0   1   1   3   0  29  11   0   2   5   1   2   3   0   0  28  0.54 0.30
  208 P   -1 -2 -1 -3 -5 -1 -3 -3 -5 -3 -3 -4 -3 -6  7  2 -2 -6 -4 -4    6   2   3   1   0   3   1   2   0   2   3   1   1   0  60  13   2   0   0   1  1.52 0.63
  209 G   -2 -3 -3 -5 -6 -3 -5  7 -5 -6 -6 -5 -6 -6 -2 -3 -5 -6 -6 -4    2   2   1   0   0   1   0  87   0   0   1   0   0   0   2   2   0   0   0   1  2.12 0.78
  210 V   -1 -4 -3  0 -4 -4 -1 -4 -5  2  1 -4  4 -3  0 -1 -2 -5 -4  4    6   0   1   6   0   0   4   0   0  12  13   0  11   0   5   5   1   0   0  34  0.51 0.33
  211 A    5  0 -3 -3 -4  0  0 -1 -4 -2 -2 -2 -3 -5  1  0  0 -5 -4  1   47   5   1   1   0   4   5   3   0   2   4   2   0   0   7   5   4   0   0  10  0.53 0.37
  212 T    0 -2  0  0 -4 -1 -2 -3 -1 -3 -4  0 -4 -5 -3  4  4 -5 -3 -3    6   2   4   4   0   2   2   1   2   1   1   6   0   0   1  38  27   0   1   1  0.69 0.44
  213 V    1 -4 -3 -4 -3 -2 -3 -3 -3  3  1 -3  2 -3 -4 -1  1 -5 -4  4   12   0   1   0   0   2   1   1   1  21  11   0   6   0   0   5   7   0   0  30  0.52 0.32
  214 V   -2  3 -4 -5 -4 -3 -4 -4 -5  3  5 -3 -1 -2 -3 -3 -1 -5 -4 -1    2  16   1   0   0   1   0   1   0  15  53   0   0   1   1   2   3   0   0   2  0.84 0.44
  215 E    0  3  2 -1 -4  3  1  0 -2 -3 -2  1 -3 -3 -2  1 -1 -5 -4 -2    9  18  12   3   0  13   7   7   1   1   3   8   0   1   1  12   3   0   0   2  0.33 0.25
  216 R    0  4  2  0 -5  1  2  1 -2 -5 -5  1 -4 -5 -3  1  0 -5 -4 -4    6  23   9   5   0   6  12  12   0   0   0   8   0   0   0  11   5   0   0   0  0.46 0.29
  217 L    0 -1 -4 -4 -4 -3 -4 -3 -5  1  4 -4  5 -3 -3  0 -1 -5 -4  0    8   3   1   1   0   0   0   2   0   6  47   0  14   0   1   7   3   0   0   6  0.68 0.39
  218 L    0 -2 -2 -1 -3 -1 -2 -2 -3  2  2 -2  2  2 -1 -1 -1 -2  2  1    6   2   2   4   0   2   2   3   0  11  28   1   6  10   2   4   3   0   7   7  0.19 0.16
  219 N    0  0  2  1 -3  2  1  2  0 -3 -2  0  0 -3 -2  2  0 -4 -3 -3    8   5  11   8   0   9   9  14   2   1   3   6   2   0   1  14   4   0   0   1  0.24 0.18
  220 N   -1  0  3  0 -3  0 -1  2 -1 -2  0 -1  1 -3  1  1  0 -4 -3 -2    4   4  14   5   0   4   2  18   1   2  10   2   5   0   8   9   7   0   0   2  0.20 0.16
  221 G    1  1  1 -1 -3  0  0  3 -1  1 -2 -1  0 -3 -2  0  0 -2 -3  0   11  10   6   2   0   4   7  21   1  10   2   3   2   1   1   8   4   0   0   5  0.16 0.13
  222 K    0  2  1  0 -3  1 -1  2  0 -1 -2  1  0 -2  0  1  0 -2 -2 -2    8  12   6   5   0   7   2  16   3   4   3   7   2   1   5  11   5   1   1   2  0.14 0.11
  223 A    1  1  1  0 -3  3  0  1  0 -3 -2  0 -1 -3  1  1  0 -3 -3 -2   11   6   5   5   0  16   6  12   2   1   3   5   1   1   6  12   5   0   0   3  0.19 0.15
  224 L    1 -2 -1 -2 -2  0 -2  1 -2  0  2 -1  1  0  1  1  1 -3 -2 -1   11   2   2   1   0   3   1  10   1   4  21   2   3   4   7  15   7   0   1   3  0.12 0.13
  225 S    1 -2  0  3 -3 -1  0  1 -2 -2 -2 -1 -2 -3  1  2  1 -4 -3 -2   14   2   4  19   0   2   5  10   1   2   4   3   1   0   6  17   7   0   0   3  0.25 0.18
  226 N    0  0  2  0 -3  1  0  1  0 -2 -2  0 -2 -3  1  1  1 -3 -3  0    7   6  13   3   0   5   6  13   2   1   3   4   0   0   8  11   9   0   0   7  0.17 0.13
  227 R    1  2  0  0 -3  1  1  1 -2 -1 -1 -1 -1 -3  1  1  0 -3 -3 -1   10  11   4   3   0   8  10  11   0   5   4   2   1   1   8  10   7   0   0   3  0.14 0.12
  228 Q    1  0  1  0 -3  3  0  0 -2 -1 -1  0  0 -3  1  2  0 -3 -3 -1   10   4   6   5   0  17   4   9   0   2   7   3   2   0   5  15   5   0   0   5  0.16 0.15
  229 A    1 -1  1  1 -3  1  0  1 -2 -2 -2 -1 -2 -3  1  2  1 -4 -3 -1   13   3   5   9   0   6   4  13   0   1   4   2   1   1   6  19   7   0   0   6  0.18 0.15
  230 Q    0  0  1 -1 -3  2  0  1 -1 -1 -1  0 -1 -2  0  1  0 -3 -2  0    8   6   8   2   0  11   6  12   1   4   5   3   2   1   4  14   6   0   1   6  0.12 0.11
  231 N    1  0  2  0 -3  1  1  0 -1 -1 -2  0 -1 -3  1  2  0 -3 -2 -1   16   5  10   3   0   8   9   5   1   3   3   3   2   1   6  16   4   0   1   3  0.17 0.14
  232 D    0 -1  1  1 -3  1  0  1 -2 -1 -2  0  0 -3  2  0  0 -3 -3 -1    8   2   7  10   0   7   4  14   0   3   4   5   3   1  12   8   7   0   0   4  0.18 0.12
  233 P    2 -2  2 -2 -3 -1 -1  0 -2 -2 -1 -2  0 -2  4  1  0 -4 -3 -1   17   1  12   1   0   3   2   8   1   1   5   1   2   2  20  12   5   0   0   5  0.33 0.21
  234 M    0  1 -1 -1 -2  0  0  0 -2  0  1  0  1 -2  0  1  2 -3 -2  0    8   7   3   1   0   4   7   6   0   4  14   4   5   1   3  10  15   0   1   7  0.08 0.10
  235 P    0  2 -1 -1 -2  2 -1  0 -3 -2 -2  1 -1 -2  4  0 -1 -4 -3 -2    6  12   2   3   1  11   3   6   0   2   4   8   1   2  24   8   4   0   0   2  0.38 0.22
  236 P    1 -2  0 -1 -3 -1 -1  0 -3 -1  0 -1 -1 -3  4  0 -1 -4 -3  1   15   2   4   3   0   3   3   9   0   3  13   2   1   0  21   7   3   0   0  11  0.28 0.18
  237 F    1 -1 -1 -1 -2 -1  0  1 -2  0  0 -1  0  2 -1  1 -1 -1  1  0   14   2   2   3   0   2   6  10   0   4  10   3   3  11   3  10   3   0   6   6  0.06 0.08
  238 N    0  0  1  2 -3  1  1  1 -1 -3 -2  0  0 -2  2  1  0 -3 -1 -2    8   3   8  11   0   8   9   9   1   0   3   6   3   2   9  10   5   0   3   1  0.18 0.13
  239 I    1 -2  0 -1 -2 -1 -1  0 -3  0  1 -2  0 -1  0  1  0 -2 -2  2   12   2   4   4   0   3   3   8   0   4  13   1   3   2   4  12   5   1   0  19  0.09 0.11
  240 T    0 -1  0 -1 -3  1 -1  2 -2 -1  1  1  1 -2  1  1  1  0 -2 -1    8   1   5   2   0   7   2  15   0   2  16   9   4   1   6   9   9   1   0   2  0.12 0.12
  241 Q    0  0  0  1 -3  2  0  2 -1 -2 -1 -1 -1 -3  2  1  0 -3  0 -2    9   4   5   7   0  11   7  15   1   1   5   2   2   0   9   9   7   0   4   3  0.15 0.12
  242 K    1 -1  1  0 -3  1  1  3 -2 -2 -2  0 -1 -3  1  1  0 -3 -2 -2   15   2   6   5   0   6   8  22   0   1   3   4   2   1   7  10   5   0   1   3  0.21 0.14
  243 V    1 -1 -1 -1 -2  0  0  0 -2  1  0  0  2 -2  0  0  0 -3 -2  2   10   1   2   4   0   4   5   6   0   8  10   5   7   1   5   9   4   0   1  17  0.07 0.09
  244 S    1 -1  1  1 -3  0 -1  3 -2 -1 -3 -2 -1 -4  1  3  0 -4 -3 -2   12   2   6   8   0   3   4  21   1   4   1   1   2   0   6  24   3   0   0   2  0.32 0.20
  245 E    0  0  0  2 -3  2  2  1 -1 -2 -1  0 -1 -3  0  1 -1 -3 -2 -1    9   5   3  13   0  11  12   9   1   2   5   6   2   0   4  13   3   0   1   3  0.17 0.12
  246 D    1  0  1  2 -3  0  0  2 -1 -1 -2  0 -1 -2  0  1  0 -3 -2 -2   11   5   8  11   0   3   7  17   1   3   4   6   2   1   5  10   3   0   0   2  0.15 0.10
  247 S    1  0  1  0 -2  1  0  2 -1 -1  0  0  0 -2  0  1  1 -3 -2 -1   11   4   6   3   0   7   5  15   1   4   8   4   2   2   5  14   8   0   0   3  0.10 0.09
  248 N    0  0  2  1 -3  1  0  1 -1 -2 -1  1 -1 -3  1  1  0 -3 -2 -2   10   5  11   6   0   9   4  12   1   1   7   7   2   1   6  11   3   0   1   1  0.14 0.11
  249 D    0  0  1  2 -3  0  0  1 -2 -2 -1  0 -1 -2  2  0  0 -3 -1 -1    7   4   8  16   0   5   5  12   0   2   7   4   1   2  10   7   5   0   3   3  0.15 0.10
  250 F    1 -1  0  0 -2  0  1  1 -1 -1 -1  0  0  0  1  0  0 -3 -1 -1   15   3   3   6   0   5  10   9   1   2   7   5   3   4   7   8   6   0   1   5  0.07 0.06
  251 S    1 -1  0  0 -3  1  1  1 -2 -1 -1  1 -1 -3  2  2  0 -3 -3 -1   14   1   3   4   0   6   7  12   0   3   5   8   2   1   9  16   5   0   0   3  0.17 0.12
  252 F    1  0  0  0 -2  0  0  2 -1 -1 -1  0 -1  0  1  1  0 -3 -1 -1   13   4   3   5   0   4   6  16   1   3   5   6   1   5   5   9   6   0   1   5  0.08 0.06
  253 S    1  0  0  0 -3  1  1  1 -2 -2 -2  0  0 -2  1  2  1 -3 -3 -1   11   4   5   6   0   6   7  11   0   2   2   5   3   1   6  18   8   0   0   4  0.16 0.12
  254 S    1 -1 -1 -1 -2  0  0  2 -2 -2 -2  0 -1 -1  2  2  0 -3 -2 -1   15   3   2   3   1   4   4  14   1   1   3   7   1   2  12  18   6   0   1   4  0.20 0.13
  255 V    1  0  0 -1 -2  0  0  2 -2 -1 -1  0  0 -1  1  1  1 -3 -2  0   11   5   5   3   0   5   4  17   0   2   6   5   3   2   6   9   9   0   1   6  0.10 0.07
  256 T    1  0  1 -1 -2  1  0  1 -1 -1 -2  0 -1 -2  1  2  1 -3 -2 -1   10   6   5   3   0   7   5  10   1   2   3   4   1   1   7  19  10   0   0   4  0.14 0.10
  257 N    1  1  3  0 -2  0  0  1 -1 -2 -2  0 -2 -3  1  1  0 -3 -2 -1   12   7  17   3   0   2   5  13   1   2   2   6   0   1   7  12   6   0   1   3  0.20 0.12
  258 S    1  0  0  0 -1  0  0  2 -1 -2 -2  0 -1 -2  0  2  0 -2 -2  0   17   4   4   4   1   4   5  15   1   2   2   7   1   1   4  16   5   0   1   6  0.14 0.09
  259 S    1 -1  1  0 -2  0  0  1 -2 -1 -1  0 -1 -2  1  1  0  0 -2  0   18   2   6   4   0   4   6  11   0   3   4   4   2   2   6  16   3   1   1   6  0.11 0.08
  260 I    1  0  0 -1 -2  0  0  1 -1 -1  0  0  0 -2  1  0  0 -2 -2  0   11   6   5   3   0   5   4  14   2   3  12   4   2   1   7   8   5   0   1   7  0.07 0.04
  261 L    1  1  0  1 -2  0  0  0  0 -1 -1  0  0 -2  1  1  0 -2 -1  0   12   8   5   8   0   4   4   9   2   3   6   4   2   2   6  10   7   0   1   6  0.07 0.04
  262 E    1  0  0  2 -2  1  0  1 -1 -2 -2  1 -2 -3 -1  1  0 -1 -2 -2   11   5   3  15   0   5   6  13   1   1   3  10   1   1   3  15   5   1   1   2  0.18 0.11
  263 D   -1  0  2  2 -3  1  0  1 -1 -2 -2  1 -2 -3  0  1  0 -3 -2 -2    5   6  15  13   0   5   6  12   1   1   5  10   0   1   5   9   3   0   0   3  0.19 0.11
  264 V    0 -2 -3 -3 -2 -3 -3 -1 -3  3  0 -2 -1  0  2 -2  0 -3 -2  3    9   2   1   1   0   1   1   4   0  24   8   1   1   4  11   2   5   0   0  24  0.31 0.17
  265 S    0  3  1 -1 -3  1 -1  0 -2 -1 -1  2  0 -3 -1  2  0 -1 -2 -1    4  19   6   2   0   6   2   6   0   3   5  11   3   1   2  17   6   1   0   6  0.18 0.13
  266 L   -1 -5 -5 -5 -3 -5 -5 -5 -5  6  0 -5  0  1 -5 -4 -3 -4 -3  4    4   0   0   0   0   0   0   1   0  47   5   0   2   7   0   0   0   0   0  34  1.08 0.40
  267 I   -1  0 -2 -2 -3  3  1 -3 -1  1 -1  1  0 -3 -3  1  1 -4 -2  2    3   5   0   1   0  15  12   0   1   9   3   7   2   0   0  13  10   0   0  18  0.24 0.19
  268 A    7 -5 -5 -5 -4 -4 -4 -2 -5 -4 -5 -4 -2 -5  0 -1 -3 -6 -3 -2   87   0   0   0   0   0   0   2   0   0   0   0   1   0   5   2   0   0   1   2  1.60 0.59
  269 Y   -4 -4  0  6 -6  0  0 -4  3 -4 -2 -3 -4 -3 -4 -3 -4 -4  3 -2    0   0   3  58   0   4   4   0   8   1   5   0   0   1   0   1   0   0  13   3  1.21 0.46
  270 P    0 -3 -3  0 -4 -1  2 -2 -4 -2 -4  0 -3 -5  6 -1  0 -5 -4  1    8   1   0   4   0   2  15   2   0   2   0   6   0   0  41   4   4   0   0  10  0.84 0.34
  271 E   -1  4 -1  3 -4  1  1  1 -2 -4 -4 -1 -3 -5 -3  2 -1 -5 -3 -3    4  30   2  15   0   7   9  10   1   0   0   0   1   0   0  16   3   0   0   1  0.52 0.28
  272 T   -2 -2  3 -2 -4  2 -2 -4 -3 -2  0 -3  0 -4 -3  2  5 -5 -4 -2    0   2  14   0   0  10   0   0   0   2  11   0   2   0   1  15  41   0   0   2  0.67 0.37
  273 N   -6 -4  9 -3 -7 -4 -4 -4 -3 -7 -7 -4 -6 -7 -6 -3 -4 -8 -6 -7    0   0 100   0   0   0   0   0   0   0   0   0   0   0   0   0   0   0   0   0  2.94 0.84
  274 S    5 -4 -3 -3 -4  0 -3 -3 -4 -5 -4 -3 -4 -5 -4  4  0 -6 -5 -4   52   0   0   0   0   4   0   0   0   0   1   0   0   0   0  39   3   0   0   0  1.16 0.50
  275 I   -4 -5 -6 -6 -4 -5 -5 -6 -6  3  5 -5 -1 -2 -5 -5 -3 -5 -4  4    0   0   0   0   0   0   0   0   0  18  54   0   0   0   0   0   0   0   0  28  1.16 0.42
  276 L   -4 -5 -6 -6 -4 -5 -5 -6 -6  4  4 -5  0 -2 -5 -5 -3 -5 -4  3    0   0   0   0   0   0   0   0   0  27  47   0   1   1   0   0   0   0   0  24  1.11 0.42
  277 V   -3 -6 -6 -6 -4 -5 -6 -6 -6  5  1 -5  1 -3 -5 -5 -3 -5 -4  5    1   0   0   0   0   0   0   0   0  40   9   0   2   0   0   0   0   0   0  48  1.33 0.48
  278 K   -3  5  0 -4 -5  0 -2 -4  1 -2 -2  3  0 -3 -4 -1  2 -4  2 -2    0  37   3   0   0   3   0   0   3   2   4  15   3   0   0   4  14   0   9   2  0.65 0.33
  279 G    3 -4 -2  5 -5 -3 -2  3 -4 -5 -5 -3 -5 -6 -4 -1  0 -6 -5 -4   26   0   0  39   0   0   0  26   0   0   0   0   0   0   0   3   6   0   0   0  0.99 0.43
  280 N    0  2  0  1 -3  0  0 -3 -2 -2 -1  0 -2 -3  1  1  3 -4 -1 -1    7  16   3  10   0   3   4   0   1   1   8   5   0   0   7   8  21   0   2   3  0.22 0.17
  281 D    1 -2 -3 -1 -5  1  0 -3 -3 -2 -3 -1 -4 -5  7 -1 -3 -6 -4 -2   14   1   1   4   0   7   5   1   0   2   3   4   0   0  51   3   1   0   0   3  1.13 0.43
  282 Q    2  0  0  3 -4  1  3 -2 -2 -2 -4  0 -2 -4 -1  1 -2 -4 -1 -2   19   6   3  16   0   7  23   1   0   2   0   4   0   0   2  10   1   0   2   2  0.39 0.23
  283 Q   -1  3  1  0 -4  4  1 -3  1 -1 -2  1  1 -4 -3 -2 -1 -4 -3  0    4  22   9   5   0  21   8   1   3   3   4   6   3   0   0   1   4   0   0   7  0.37 0.23
  284 I   -4  0 -5 -6 -4 -1 -4 -5 -3  2  1 -1  7 -2 -5 -4 -3  5  2  3    0   5   0   0   0   2   0   0   0  12   9   3  34   0   0   0   0   8   7  18  0.93 0.41
  285 Q    2  2  1  1 -4  1  1 -1  0 -4 -4  1 -3 -4  3  1 -1 -4 -1 -3   18  12   5   9   0   8   6   3   2   0   1  10   0   0  13   9   2   0   2   0  0.33 0.19
  286 I    0  0 -1  0 -3  1  1 -2 -1  0  1 -1  3  2 -3  0  0 -2  1 -1    6   4   2   6   0   7  12   3   1   5  12   2  11   9   0   9   4   0   5   2  0.10 0.12
  287 I   -1 -5 -5 -3 -4 -4 -5 -6 -2  4  2 -5  1  0 -5 -4 -4 -2  7  1    5   0   0   2   0   0   0   0   0  24  19   0   3   1   0   0   0   0  39   7  1.02 0.42
  288 R    0  3 -2 -1 -5  3  4 -1 -2 -4 -3  1 -3 -5 -1 -1 -2 -5 -3 -4    7  17   1   2   0  12  37   5   1   1   3   8   0   0   2   2   2   0   0   0  0.61 0.31
  289 D    1  2  0  2 -4  3  1 -2 -1 -4 -4  2 -1 -5 -2  2  0 -5 -4 -4   10  11   4  12   0  16   8   2   1   0   0  14   1   0   1  17   3   0   0   0  0.41 0.24
  290 I    0 -5 -5 -6 -3 -4 -5 -5 -5  3  5 -5  1 -2 -5 -4 -2 -5 -4  3    8   0   0   0   0   0   0   0   0  17  53   0   2   0   0   0   1   0   0  20  0.92 0.38
  291 I   -1 -6 -6 -6 -4 -6 -6 -6 -6  7 -1 -6 -2 -3 -6 -5 -4 -6 -4  4    4   0   0   0   0   0   0   0   0  67   3   0   0   0   0   0   0   0   0  26  1.59 0.54
  292 T    2  3  1  0 -4  1  2 -2  1 -4 -4  2 -3 -4 -3  0  1 -4 -3 -3   21  16   5   5   0   7  13   2   3   0   0  12   0   0   0   7   8   0   0   0  0.37 0.22
  293 Q    0  2 -1  0 -4  5  1 -4 -2 -3 -2  2  1 -5 -3  0 -1 -5 -4 -3    9  10   1   3   0  34   9   0   0   1   5  14   3   0   0   7   2   0   0   1  0.57 0.32
  294 L   -5 -5 -7 -7 -4 -5 -6 -7 -6  2  6 -6  0 -2 -6 -6 -4 -5 -4 -1    0   0   0   0   0   0   0   0   0   9  88   0   1   1   0   0   0   0   0   2  1.66 0.57
  295 D   -6 -6 -2  8 -8 -4 -2 -5 -5 -7 -8 -5 -7 -8 -5 -4 -5 -8 -7 -7    0   0   0 100   0   0   0   0   0   0   0   0   0   0   0   0   0   0   0   0  2.87 0.84
  296 V   -2  0  0 -4 -3  2 -2 -4 -3  3 -1  0 -1 -3 -4 -1  0 -5 -3  4    1   4   5   0   0  12   1   1   0  21   2   5   1   0   0   3   6   0   0  38  0.50 0.30
  297 A    0  5 -4 -4 -5 -1  0 -4 -3 -5 -3  1  0 -5  5 -1 -3 -6 -5 -3    8  31   0   0   0   2   5   0   0   0   2   8   3   0  35   4   1   0   0   1  1.01 0.41
  298 K   -2  5 -3 -4 -5  2 -3 -3 -2 -5 -4  2 -4 -6  5 -1 -3 -6 -5 -3    2  37   0   0   0   8   0   2   1   0   1  14   0   0  27   4   1   0   0   2  1.03 0.42
  299 R    2  4  1 -2 -4  2  0 -3 -2 -2 -1  1  0 -4  0 -1 -1 -4 -3 -2   21  25   6   1   0  10   5   1   0   1   6   9   3   0   5   3   4   0   0   1  0.35 0.23
  300 H   -2  0 -4 -4 -5  7 -1 -4  2 -2  2 -2  2 -4 -3 -3 -3 -5 -4 -2    3   3   0   0   0  54   1   1   6   2  22   0   4   0   1   1   0   0   0   2  1.10 0.50
  301 I   -3 -6 -6 -6 -4 -5 -6 -6 -6  5  0 -5 -1 -3 -6 -5 -3 -6 -4  6    0   0   0   0   0   0   0   0   0  29   8   0   1   0   0   0   0   0   0  62  1.47 0.52
  302 E   -3 -3 -2 -2 -5  2  6 -5  1 -3  2 -3  2 -3 -4 -2 -4 -5 -2 -3    0   0   1   0   0   9  52   0   3   0  24   0   6   1   0   2   0   0   1   1  0.96 0.45
  303 L   -4 -5 -6 -6 -4 -5 -6 -6 -6  6  2 -5 -1  0 -5 -5 -3 -5 -3  4    0   0   0   0   0   0   0   0   0  45  17   0   0   4   0   0   0   0   0  34  1.20 0.44
  304 S   -1 -3 -1  2 -5  0  5 -3  2 -5 -5 -2 -4 -4 -4  3 -1 -6 -4 -5    3   0   2  12   0   3  44   1   4   0   0   0   0   1   0  28   2   0   0   0  0.95 0.44
  305 L    5 -4 -5 -5 -3 -4 -4 -3 -5 -2  2 -4 -1 -4 -4 -2  0 -5 -4  2   54   0   0   0   0   0   0   0   0   0  23   0   1   0   0   1   6   0   0  15  0.86 0.42
  306 W    1  0 -4 -4 -3 -1 -3 -4  0  3 -1 -1  1 -3 -4  0  1  7 -2  1   11   6   0   0   0   3   1   0   2  20   5   5   3   0   0   7  11  19   0   7  0.54 0.28
  307 I   -5 -6 -7 -7 -5 -4 -6 -7 -7  8 -1 -6 -1 -3 -6 -6 -4 -2 -5  2    0   0   0   0   0   1   0   0   0  85   3   0   1   0   0   0   0   1   0  10  1.98 0.63
  308 I    1 -5 -5 -5 -3 -5 -5 -5 -5  5  1 -5  0 -2 -5 -4 -2 -4  0  4   11   0   0   0   0   0   0   0   0  34  12   0   2   1   0   0   0   0   4  36  0.88 0.37
  309 D   -5 -4 -3  7 -7 -2  5 -5 -4 -7 -7 -2 -6 -7 -5 -3 -4 -7 -6 -6    0   0   0  55   0   0  43   0   0   0   0   1   0   0   0   1   0   0   0   0  1.86 0.63
  310 I   -3 -6 -6 -6 -4 -5 -6 -6 -6  5  0 -5  0 -3 -5 -5 -2 -6 -4  5    0   0   0   0   0   0   0   0   0  39   8   0   1   0   0   0   2   0   0  50  1.34 0.48
  311 D   -1 -1  3  4 -4  2  0 -3 -1 -5 -4 -1 -4 -4 -3  3  1 -5 -4 -4    4   3  12  28   0  12   4   0   1   0   0   3   0   0   0  22  10   0   0   0  0.62 0.32
  312 K    1  2  0  2 -3  0  1  0 -2 -3  0  1 -2 -3 -2  0 -1 -4 -3 -2   15  16   3  13   0   2   7   9   0   0  11  11   0   0   0   7   3   0   0   2  0.20 0.15
  313 S    0 -3  2  4 -4 -1  1  2 -1 -4 -5 -1 -4 -5 -3  2  2 -5 -4 -4    6   0  12  22   0   1   8  16   1   0   0   2   0   0   0  16  16   0   0   0  0.53 0.28
  314 E    1  1  1  4 -3  0  2  0 -2 -1 -3  0 -3 -2 -3 -1 -2 -4 -3 -3   13   7   7  26   0   4  13   8   1   5   2   6   0   2   0   3   1   0   0   0  0.33 0.20
  315 L    0 -3 -1 -2 -3 -2  0  1 -4  1  3 -1  1 -1 -4 -2 -1 -4 -3 -1   10   0   2   2   0   1   6  12   0   6  43   4   3   2   0   2   4   0   0   2  0.29 0.21
  316 N   -1  1  2  2 -4  0  2 -2 -2 -2  1  1 -1 -3 -3  1 -1 -4 -3 -2    5   7  12  14   0   3  13   1   0   2  19   9   1   0   0  10   1   0   0   1  0.23 0.17
  317 N    0  1  3  2 -5  4  3 -3 -1 -5 -5  1 -3 -5 -3  0 -2 -5 -4 -4   10   7  13  12   0  21  18   1   1   0   0   8   0   0   0   7   1   0   0   0  0.55 0.29
  318 L   -4 -5 -6 -6 -4 -4 -6 -6 -5  0  5 -5  1  3 -6 -5 -4 -4  2 -1    0   0   0   0   0   0   0   0   0   4  72   0   3  12   0   0   0   0   6   3  1.26 0.47
  319 G   -2 -3 -3 -3 -6 -5 -2  7 -5 -7 -7 -3 -6 -7 -5 -1 -5 -6 -6 -6    1   2   0   1   0   0   3  89   0   0   0   1   0   0   0   3   0   0   0   0  2.05 0.63
  320 V    0 -5 -5 -5 -3 -4 -5 -5 -5  4  0 -5 -1 -1 -3 -1 -1 -5 -4  5    6   0   0   0   0   0   0   0   0  26   5   0   1   2   1   5   2   0   0  52  0.95 0.40
  321 N   -2  1  3  5 -5  5  0 -4 -2 -5 -5 -1 -4 -6 -4 -1 -1 -5 -5 -4    3   7  16  31   0  29   4   0   1   0   0   1   0   0   0   4   3   0   0   1  0.92 0.40
  322 W   -6 -4 -6 -7 -6 -4 -6 -4 -6 -6 -2 -6 -2 -1 -6 -6 -6 12 -1 -6    0   1   0   0   0   1   0   1   0   0   3   0   1   2   0   0   0  86   1   0  3.97 0.95
  323 Q    1  2  0 -1 -3  3  0  1  0 -3 -2 -1 -1 -1 -2  2  0 -3  1 -2   14  13   5   1   0  15   3  13   2   0   2   2   1   2   1  16   3   0   5   2  0.23 0.17
  324 G    2 -3  1 -2 -3 -2 -3  3 -3 -1  0 -2 -2  2 -2  0  0 -1 -1  0   18   0  10   0   0   0   0  27   0   3   8   2   0  10   1   6   5   1   2   6  0.27 0.17
  325 T    1  1  1 -1 -3  1  0  2  3 -3 -3  1 -2 -3 -2  1  1 -3 -2 -2   12   8   6   3   0   5   5  15   8   1   1  12   0   0   0  14   9   0   1   1  0.24 0.15
  326 A    1  0  2  0 -2 -1 -1  1  0  0 -1 -1 -1 -2 -2  1  1 -3  0  0   18   4  13   4   1   2   2  10   3   6   6   1   1   1   1  10   7   0   4   6  0.09 0.10
  327 S    0  0  1  0 -3  0 -1  3  0 -2 -2  0 -3 -3 -2  2  0 -4 -2 -2    7   4   8   3   0   5   1  24   2   1   5   7   0   1   1  22   5   0   1   2  0.27 0.18
  328 F    0 -1  0  0 -2 -1 -1  2  2  1  0 -1 -1  1 -2  0  0  1 -1  0   11   3   5   5   0   1   1  17   7  10   9   4   1   8   0   6   4   3   1   5  0.07 0.08
  329 G    0 -2  0 -1 -3 -1 -2  3 -3  0 -1 -1  0  0  0  0  0 -3 -1  1    9   2   3   3   0   2   1  29   0   5   6   3   3   5   5   5   5   0   1  12  0.18 0.12
  330 D    0 -1  3  3 -3  0 -1  2 -2 -2 -3  0 -2 -3 -1  1  1 -4 -3 -2    6   2  19  16   0   4   1  20   0   2   1   4   1   1   3   8   8   0   0   3  0.35 0.19
  331 S    0 -1  2 -2 -3  2 -1  3 -2 -2 -2  0 -2 -2 -2  1  0 -3 -3 -1    8   2  10   1   0  13   2  23   0   3   4   5   1   2   1  14   7   0   0   5  0.24 0.16
  332 F    0 -2 -1 -2 -3 -2 -2  2 -1  0  0 -2 -1  4 -2  1  1  1  0 -1    5   2   2   1   0   1   2  19   2   5   8   1   1  25   2  11   8   2   1   3  0.27 0.19
  333 G    0 -1  1 -1 -4 -2 -3  5 -3 -2 -3 -2 -3 -4 -2  1  0 -4 -2 -2    8   4   8   2   0   1   1  46   0   2   2   1   0   0   1  11   7   0   2   4  0.60 0.28
  334 A    1 -2  1 -1 -3 -1 -2  3 -3  0 -1 -1 -2 -3 -2  1  1 -4 -2  1   11   2   9   2   0   2   1  24   0   6   4   2   0   1   1  13  11   0   1  10  0.22 0.16
  335 S    1 -1  2  0 -3 -1 -2  2 -2 -1 -1 -2 -1 -2  0  2  2 -4 -3 -2   11   2  10   6   0   3   1  17   0   3   4   1   2   2   3  17  15   0   0   2  0.22 0.17
  336 F    0 -2 -1 -2 -3 -2 -2  0 -3  0  2 -2  1  4 -2 -1  0 -2  1  0    6   1   3   2   0   1   1   8   0   4  20   1   3  23   2   4   8   0   5   7  0.22 0.16
  337 N    0 -2  4  2 -3 -2 -2  1 -2 -2  0 -1  1 -3  0  1  1 -1 -3 -2    8   1  28  11   0   0   1   9   0   1   9   2   4   1   4   9   8   1   0   2  0.32 0.22
  338 M    0 -1  1 -1 -2  1 -1  0 -1  0  1 -1  0 -1  1  1  1 -3 -2 -1    9   4   6   2   0   6   1   9   1   9  14   2   3   3   8  10   9   0   0   2  0.08 0.09
  339 S    1 -2  1 -1 -3  0 -2  3 -2 -1 -2 -2 -2 -3 -1  3  1 -4 -2 -2   13   1   6   3   0   3   1  25   1   5   4   1   1   1   2  23   8   0   1   3  0.32 0.22
  340 S    1 -1  2 -1 -3 -1 -2  3 -3 -2 -3 -2 -3 -3  0  2  2 -4 -2 -1   10   3  11   3   0   2   1  22   0   2   1   1   0   1   5  16  15   0   1   5  0.31 0.21
  341 S    1 -2  1  0 -3  0 -1  2 -3 -2 -1 -1 -2 -3  0  2  2 -2 -3 -3   13   1   6   5   0   3   3  18   0   2   6   2   1   0   5  19  15   1   1   0  0.27 0.21
  342 A    2 -1 -1 -2 -3  0 -2  3 -1 -2 -1 -2 -1 -2  1  2  0 -4 -2 -2   17   3   2   2   0   4   1  25   2   1   5   0   1   2   7  19   4   0   2   1  0.32 0.22
  343 S    2 -3  1 -2 -3  0 -2  1 -3  0 -1 -2 -1  1 -1  2  2 -3 -1  0   16   0   6   1   0   4   1   9   0   6   5   1   1   7   2  18  15   0   1   6  0.18 0.17
  344 I    0 -3 -1 -3 -3 -3 -3 -1 -3  2  2 -3  1  2 -2 -1  0 -1 -1  1    8   0   4   0   0   1   1   4   0  17  23   1   4  12   1   4   7   1   1  10  0.24 0.17
  345 S    1 -3  0 -1 -3 -2 -1  2 -3 -2 -1 -2 -2  1 -3  3  1  2  1 -1   14   0   4   2   0   0   4  16   0   1   5   2   1   7   1  24   8   3   5   4  0.24 0.20
  346 T    0 -3 -1 -3 -3 -2 -3  0 -2  2 -2 -2 -1 -1  1  2  4 -4 -3  0    5   1   2   1   0   2   0   9   1  12   3   1   1   2   6  19  31   0   1   4  0.40 0.29
  347 L   -1 -3 -3 -2 -3  0 -2 -3 -2  2  2 -2  0  3 -3  0  0 -3  0  1    4   1   1   2   0   4   2   1   1  10  26   2   2  17   1   8   6   0   3  12  0.25 0.18
  348 D    0 -3  4  4 -4 -2 -1  1 -2 -1 -1 -2 -3 -3 -1  0 -2 -5 -1  0    8   0  21  25   0   1   3  12   1   4   6   2   0   1   2   5   1   0   2   7  0.39 0.25
  349 G    0 -1 -1  1 -4 -2 -3  5 -2 -4 -3 -2 -4  0 -3  1  1 -4 -2 -4    7   4   2   7   0   1   1  47   1   0   2   2   0   4   1  13   8   0   1   1  0.68 0.33
  350 N    0  1  2  2 -4  0 -1  3 -2 -2 -3  0 -2 -1 -2  1  0 -4 -3 -2    5   9  13  13   0   3   2  21   0   2   1   6   1   4   1  12   4   0   0   2  0.29 0.19
  351 K   -1  3  5  1 -4  0 -1 -1  1 -4 -4  0 -2 -1 -4  1 -2 -3  3 -4    4  14  28   7   0   4   2   3   3   1   1   6   1   2   0   9   2   0  14   0  0.53 0.30
  352 F   -3 -6 -7 -7 -5 -6 -7 -5 -5 -1  3 -6 -3  7 -7 -6 -4  7  0 -3    2   0   0   0   0   0   0   1   0   3  25   0   0  53   0   0   1  13   1   1  1.73 0.63
  353 I    1 -2 -2 -2 -3  0 -3  1 -3  1  2 -2  4  1 -3 -1 -2 -3  0 -1   10   2   1   2   0   5   0  12   0   8  26   1  16   6   1   6   1   0   3   2  0.29 0.23
  354 A    5 -3 -3 -5 -4 -3 -3  0 -5 -1 -2 -1  2 -3 -4 -1  0 -5 -4  2   53   1   1   0   0   1   1   8   0   2   3   3   5   1   0   2   5   0   0  15  0.74 0.42
  355 S    0  4  0  0 -4  2 -1 -4 -2 -1  2  0 -1 -3 -4  0  0 -4 -3 -1    7  24   4   5   0   9   3   0   1   3  24   5   0   0   0   6   4   0   0   3  0.30 0.24
  356 V   -3 -5 -6 -6 -4 -5 -6 -6 -6  5  3 -5  0  2 -6 -5 -4 -5 -3  4    2   0   0   0   0   0   0   0   0  30  32   0   1   8   0   0   0   0   0  26  1.03 0.43
  357 M   -2  2  4 -1 -4  3 -2 -3  3 -5 -4  0  0 -4 -4  2  3 -5 -3 -4    2  10  21   3   0  12   0   0   7   0   0   6   3   0   0  15  19   0   0   0  0.60 0.36
  358 A    7 -5 -6 -6 -4 -5 -5 -4 -6 -5 -1 -5 -3 -3 -5 -3 -3 -6 -6 -3   92   0   0   0   0   0   0   0   0   0   5   0   1   1   0   0   1   0   0   1  1.97 0.79
  359 L   -5 -6 -3 -7 -5 -6 -7 -7 -6 -1  6 -6  2 -1 -7 -6 -5 -5 -5 -2    0   0   2   0   0   0   0   0   0   2  89   0   4   1   0   0   0   0   0   1  1.82 0.68
  360 N    2 -2 -1 -1 -5  3  5 -3 -2 -5 -5 -1 -4 -5 -4  3 -2 -5 -1 -3   15   1   2   3   0  12  37   1   1   0   0   2   0   0   0  21   1   0   3   2  0.75 0.42
  361 Q    0  1 -1 -2 -4  3  0  1 -3 -4 -4  1 -2 -5 -4  3  3 -5 -4 -4    5   8   2   1   0  16   5  10   0   0   1   9   1   0   0  24  18   0   0   0  0.50 0.33
  362 K   -2  1  5  2 -5  1  1 -3 -2 -3 -5  2 -4 -5 -4  1  0 -6 -4 -2    1   9  33  10   0   6   7   0   0   1   0  12   0   0   0  11   6   0   0   4  0.62 0.34
  363 K   -2  0  2 -2 -5 -3 -1  5 -3 -5 -5 -1 -4 -5 -4  2  2 -5 -5 -4    2   5  10   1   0   0   3  43   0   0   0   4   0   0   0  18  12   0   0   0  0.81 0.39
  364 K   -1  3  2  1 -4  2  0 -2  0 -2 -1  3 -2 -4 -3  0 -1 -5 -4 -3    3  16  13   8   0  11   4   2   2   3   5  21   1   0   0   8   4   0   0   1  0.37 0.24
  365 A    5 -4  3 -4 -4 -4 -4 -2 -4 -3 -3 -4 -4 -1 -3  1  0 -6 -4  0   61   0  12   0   0   0   0   1   0   0   1   0   0   3   1   8   4   0   0   7  0.98 0.49
  366 N   -3  4  5  2 -5  3 -1 -4  0 -5 -5  1 -4 -5 -3  0  0 -5 -1 -5    1  21  28   9   0  12   1   0   2   0   0   9   0   0   1   8   6   0   2   0  0.73 0.38
  367 V   -3 -5 -6 -6 -4 -5 -5 -3 -6  5  1 -5  2 -1 -5 -2 -2 -5 -4  5    0   0   0   0   0   0   0   2   0  35  13   0   4   2   0   3   2   0   0  40  1.05 0.44
  368 V   -3 -3 -5 -1 -4 -2 -5 -5 -4  2  4 -5 -1 -3 -5 -4 -1 -5 -4  4    1   1   0   4   0   2   0   0   0  10  50   0   0   0   0   0   3   0   0  29  0.91 0.42
  369 S    3 -4 -3 -4 -4 -1 -4 -1 -4 -5 -4 -4 -4 -5 -4  6 -1 -5  1 -3   25   0   0   0   0   3   0   4   0   0   1   0   0   0   0  58   3   0   4   2  1.12 0.56
  370 R    0  4  2 -3 -4  0 -1 -4 -2 -4 -2  0 -3 -3 -4  1  4 -5 -4 -3    7  26   9   0   0   5   3   0   1   0   3   3   0   1   0  12  31   0   0   1  0.65 0.38
  371 P   -5 -6 -6 -6 -7 -2 -5 -7 -7 -7 -7 -5 -7 -8  9 -5 -1 -8 -7 -7    0   0   0   0   0   2   0   0   0   0   0   0   0   0  93   0   4   0   0   0  3.11 0.97
  372 V   -2 -3  1 -3 -3  0 -2 -3 -2 -1 -4  1 -2 -5 -4  5  2 -6 -4  1    0   0   7   0   0   5   2   0   1   4   1   8   1   0   0  51  10   0   0  10  0.74 0.44
  373 I   -2 -6 -6 -6 -4 -5 -6 -6 -6  5  3 -5 -2 -2 -6 -5 -3 -5 -4  5    2   0   0   0   0   0   0   0   0  31  28   0   0   1   0   0   0   0   0  38  1.19 0.48
  374 L   -1 -5 -6 -6 -4 -5 -4 -6 -5  0  5 -5  3  0 -5 -4 -1 -5 -4  4    4   0   0   0   0   0   1   0   0   2  53   0   7   3   0   0   4   0   0  26  0.97 0.43
  375 T   -1 -5 -4 -5 -5 -5 -5 -5 -6 -2 -5 -5 -4 -6 -5 -2  7 -6 -5  2    4   0   0   0   0   0   0   0   0   2   0   0   0   0   0   0  82   0   0  12  1.92 0.75
  376 Q   -3 -1 -5 -5 -4  4 -3 -6  0 -1  5 -3  3 -3 -5 -3 -3 -5 -4 -1    1   3   0   0   0  20   1   0   2   1  58   0   8   0   0   2   1   0   0   3  0.97 0.47
  377 E   -3 -4  4  6 -7 -2  5 -4 -4 -6 -7 -3 -6 -7 -5 -2 -4 -7 -6 -6    1   0  18  45   0   0  34   1   0   0   0   0   0   0   0   1   0   0   0   0  1.51 0.59
  378 N   -6 -2  9 -2 -7 -4 -4 -3 -2 -7 -8 -3 -6 -7 -6 -3 -4 -8 -6 -7    0   2  95   0   0   0   0   1   1   0   0   1   0   0   0   0   0   0   0   0  2.78 0.90
  379 I   -1 -2 -2 -3 -2  4  0 -4  1  2 -2  0  3 -4 -4 -1  1 -5 -3  3    5   1   1   0   1  27   6   0   3  10   2   5   8   0   0   4   7   0   0  22  0.45 0.31
  380 P   -2 -3 -4 -2 -6  4  5 -3 -4 -6 -5 -1 -5 -6  5 -2 -2 -6 -5 -5    2   1   0   1   0  20  38   1   0   0   1   3   0   0  30   2   2   0   0   0  1.23 0.53
  381 A    7 -5 -5 -6 -4 -5 -5 -1 -5 -5 -5 -4 -5 -6 -5 -2 -4 -6 -6 -4   95   0   0   0   0   0   0   4   0   0   0   0   0   0   0   1   0   0   0   0  2.04 0.76
  382 I   -2 -3 -3 -3 -3  0  1 -4  0  2  0 -1  0 -2 -4  0  1 -4 -1  4    1   0   1   0   0   5  12   0   3  13   5   2   1   1   0   8  10   0   1  36  0.40 0.28
  383 F   -5 -6 -6 -6 -5 -5 -6 -6 -5  5  3 -6  3  6 -6 -5 -4 -3 -2 -1    0   0   0   0   0   0   0   0   0  33  22   0   8  36   0   0   0   0   0   1  1.30 0.50
  384 D   -3 -1  3  6 -5  1  0  0 -2 -1 -1 -3 -3 -4 -4 -1 -2 -6 -5 -2    0   2  15  45   0   7   5   6   1   3   6   0   0   1   0   3   2   0   0   3  0.79 0.38
  385 N   -3  0  4  0 -4 -2 -3 -4  0 -1 -1  1 -2  1 -4 -1 -2 -5 -3  4    0   4  24   6   0   1   0   0   3   2   4  10   0   8   0   3   1   0   0  35  0.52 0.33
  386 N   -2 -1  4 -3 -5 -1 -3  4  1 -5 -4  1 -3 -5 -4  2 -1 -5 -5 -5    1   2  25   0   0   2   0  37   3   0   2   9   1   0   0  16   3   0   0   0  0.83 0.40
  387 R   -3  3 -2  2 -4  6  1 -4  1 -2 -4 -1 -3 -5 -4  1  1 -5 -4 -1    0  15   1  11   0  36   8   0   3   3   0   2   0   0   0   9   9   0   0   4  0.72 0.40
  388 T   -2  0  2  1 -4  2  1 -4 -3 -4 -4 -2 -4 -5 -3  1  5 -5 -4 -3    2   5  11   6   0   9  11   0   0   0   1   1   0   0   0   8  45   0   0   1  0.78 0.42
  389 F    0 -3 -4 -5 -4 -1 -2 -4 -4  1 -2 -4 -2  6 -5 -4 -2 -3  1  4    9   2   0   0   0   3   3   1   0   7   1   0   0  38   0   0   1   0   4  31  0.88 0.41
  390 Y   -3 -5 -3 -4 -6 -4 -5 -5 -1 -4 -4 -5 -4  2  5 -4  0 -3  7 -4    1   0   1   1   0   1   0   1   1   0   1   0   0   9  33   1   5   0  45   1  1.58 0.60
  391 V    1 -4 -4 -5 -3 -4 -4 -5 -5  3  1 -4 -1  1 -4 -2  2 -4 -1  4   10   0   0   0   0   0   0   0   0  21  10   0   1   6   0   1  15   0   1  34  0.62 0.32
  392 S   -1  3  1 -3 -4  2 -1 -3 -3 -3  0  3 -2 -4  1  0  1 -4 -4 -2    3  20   6   0   0  10   2   1   0   1  10  21   0   0   7   7  11   0   0   3  0.37 0.25
  393 L    0 -1 -2 -3 -3 -1 -3 -3 -4  0  2 -2 -1 -3 -2  1  3 -4 -3  3    8   3   2   1   0   2   0   2   0   2  25   1   0   0   2  10  20   0   0  23  0.35 0.25
  394 V    1 -1 -1 -1 -3  2 -1  2 -3  1 -2 -1 -1 -3 -1  1  2 -4 -3  0   11   3   1   2   0  10   3  17   0   9   2   2   1   0   3  13  15   0   0   8  0.19 0.17
  395 G    0 -3 -1 -1 -5 -2 -2  6 -4 -5 -6 -4 -5 -6 -4  3  0 -5 -5 -5    5   1   2   2   0   1   2  55   0   0   0   0   0   0   0  27   4   0   0   0  1.12 0.47
  396 E   -2  0  2  1 -5  3  4 -4 -2 -2 -4 -1 -3 -1 -4  0  0 -3  3 -2    1   5  11   8   0  12  30   0   0   3   1   2   0   2   0   6   4   0  14   2  0.52 0.31
  397 R   -1  4  1  0 -4  2  0 -3 -3 -4 -3  2 -3 -5 -1  0  3 -5 -4 -2    3  29   6   6   0   9   6   1   0   0   1   9   0   0   3   4  20   0   0   3  0.51 0.30
  398 N    0 -1  1  0 -3  0  0 -2 -1 -1 -2 -2 -2 -1 -2  1  3 -2 -1  2    5   3   5   6   0   5   5   1   1   2   2   0   0   3   1  12  25   1   2  21  0.25 0.22
  399 S    4 -3  0 -1 -3 -1 -2 -1 -4 -2 -3 -3 -3 -4 -2  2  2 -5 -4  2   39   0   3   2   0   3   1   2   0   2   1   0   0   0   2  18  13   0   0  15  0.53 0.33
  400 S   -1 -3  1  3 -4  0  1 -3 -3 -4 -5  0 -4 -5 -3  3  4 -5 -4 -3    3   0   6  20   0   4   9   1   0   0   0   6   0   0   0  21  29   0   0   0  0.66 0.36
  401 L   -3 -5 -5 -3 -4 -4 -5 -6 -5  3  4 -5  0 -1 -5 -3 -1  3 -2  3    0   0   0   1   0   0   0   0   0  19  41   0   1   1   0   2   3   4   1  26  0.83 0.37
  402 E   -2 -2 -2  0 -5  3  5 -3 -2 -4 -2  0 -3  1 -2 -1 -2 -4  2 -3    1   1   1   4   0  16  45   1   0   0   4   4   0   6   1   4   1   0   9   1  0.73 0.39
  403 H   -1  4  0 -1 -4  0 -1 -2  2 -4 -4  1 -2 -2  3  2 -2 -4  3 -4    3  25   4   3   0   3   4   2   5   0   1   8   1   1  15  16   1   0  10   0  0.49 0.28
  404 V   -3  1 -4 -3 -4  1 -2 -5 -4  4 -1  3 -2 -3 -4 -3 -2 -5 -4  4    1   7   0   1   0   6   2   0   0  25   3  18   0   0   0   0   1   0   0  36  0.67 0.36
  405 T   -3 -1 -1  4 -4  0  1 -3 -4 -4 -5 -3 -4 -5 -1  1  5 -6 -5 -2    0   2   1  22   0   4   9   1   0   0   0   0   0   0   3  10  45   0   0   2  0.86 0.44
  406 Y    2 -4 -4 -4 -3 -4 -4 -4 -2  0 -3 -4 -3 -1 -4 -1  3 -3  4  3   22   0   0   0   0   0   0   0   1   5   0   0   0   2   0   4  22   0  19  25  0.66 0.37
  407 G   -3 -3 -4 -1 -6 -5 -4  7 -5 -7 -7 -5 -6 -6 -5 -4 -4 -6 -6 -6    0   1   0   4   0   0   1  92   0   0   0   0   0   0   0   0   1   0   0   0  2.21 0.69
  408 T   -2 -4  0 -4 -4 -4 -4 -5 -5  2  0 -4 -2 -3 -4  0  5 -5 -4  3    1   0   5   0   0   0   0   0   0  14   7   0   0   0   0   6  44   0   0  22  0.83 0.42
  409 L   -1 -2 -2 -3 -3  0 -2 -3 -3  1  1  2  4 -3 -4  3  1  2 -3 -1    2   0   0   0   0   4   1   0   0  10  13  15  14   0   0  26   9   3   0   2  0.40 0.30
  410 I   -3 -5 -6 -7 -4 -5 -6 -7 -6  2  6 -5  1  0 -6 -5 -4 -5 -4  1    1   0   0   0   0   0   0   0   0   9  76   0   2   2   0   0   0   0   0   9  1.35 0.51
  411 N   -3  5  0  0 -5  2 -1 -4 -3 -5 -5  4 -4 -4 -4  2 -1 -5  1 -3    1  30   3   4   0  10   1   0   0   0   0  25   0   0   0  17   3   0   5   1  0.75 0.38
  412 V   -4 -6 -6 -7 -4 -6 -6 -7 -7  2 -2 -6  1 -1 -6 -5 -4 -6 -4  7    0   0   0   0   0   0   0   0   0   9   0   0   3   2   0   0   0   0   0  86  1.89 0.67
  413 I   -2  1 -3 -4 -4 -3 -3 -5 -4  0  2  1  0 -3 -4 -2  5 -5 -4  2    3   6   0   0   0   0   0   0   0   5  22  10   1   0   0   0  40   0   0  12  0.62 0.37
  414 P   -5 -6 -6 -6 -7 -5 -5 -1 -6 -7 -7 -5 -7 -8  9 -4 -5 -8 -7 -7    0   0   0   0   0   0   0   5   0   0   0   0   0   0  95   1   0   0   0   0  3.10 0.91
  415 R   -4  7 -2 -4 -6  4 -3 -5  4 -5 -3 -1  2 -5 -5 -2 -1 -5 -2 -5    0  56   1   0   0  16   0   0  11   0   3   1   6   0   0   2   4   0   1   0  1.34 0.55
  416 F   -3 -5 -5 -6 -4 -5 -5 -6 -1  6  1 -5 -1  2 -5 -3 -2 -4 -2  3    1   0   0   0   0   0   0   0   1  50  12   0   0   9   0   1   2   0   1  23  1.04 0.42
  417 S    0 -2  5  0 -3 -1 -1 -1 -2  0  0 -2 -2 -3 -4  1  1 -5 -3  1    8   1  32   4   0   1   4   3   0   6   9   0   0   0   0  10  10   0   0  11  0.36 0.25
  418 S    0  0  0  2 -4  1  3  2 -2 -3 -4  1 -3 -5  3  0 -1 -5 -3 -3    6   4   2  13   0   6  23  15   0   1   0   8   0   0  14   5   2   0   0   1  0.42 0.23
  419 R    0  1  2  3 -4 -1  0  4 -1 -5 -5  0 -4 -5 -4  0 -1 -5 -4 -4    8   7  10  19   0   2   5  34   1   0   0   4   0   0   0   7   3   0   0   0  0.59 0.28
  420 G   -1 -1  3  2 -5  1 -1  4 -1 -5 -5 -2 -4 -5  1  0 -1 -5 -4 -5    3   2  16  14   0   6   3  35   2   0   0   1   0   0   9   8   2   0   0   0  0.64 0.31
  421 Q   -1  2  0 -1 -4  4  2 -2 -2 -3 -2  0  2 -4 -3  2  1 -4 -2 -2    3  12   3   2   0  22  11   2   0   0   4   5   6   0   0  17  10   0   1   2  0.38 0.26
  422 I   -4 -6 -6 -6 -4 -5 -6 -5 -6  6  0 -5  0 -2 -6 -5 -3 -6 -4  5    0   0   0   0   0   0   0   1   0  43   6   0   1   1   0   0   0   0   0  49  1.43 0.52
  423 E   -3  3 -1 -2 -4  3  2 -2  2 -3  0  1  2 -1 -4 -1 -1 -4  0 -2    0  16   2   0   0  15  17   3   5   0  12   9   8   3   0   2   2   0   4   1  0.34 0.24
  424 M   -1 -5 -6 -7 -4 -5 -6 -6 -6 -2  5 -5  7 -3 -6 -5 -3 -5 -4 -2    5   0   0   0   0   0   0   0   0   0  68   0  27   0   0   0   1   0   0   0  1.58 0.59
  425 S   -1  1  1  3 -4  1  2 -3 -1  0 -1  0 -1 -3 -3  1  0 -4 -2  0    2   7   8  18   0   6  17   0   0   9   4   5   2   0   0  12   3   0   1   6  0.25 0.18
  426 L   -4 -5 -6 -6 -4 -5 -6 -6 -6  5  3 -5 -1 -2 -5 -5 -3 -5 -4  4    0   0   0   0   0   0   0   0   0  41  28   0   0   1   0   0   0   0   0  31  1.21 0.46
  427 T   -2  0  3  3 -5  2  3 -3  2 -3 -4 -1 -3 -1 -3  0 -1 -4  0 -1    2   5  13  20   0  10  22   0   6   1   0   1   0   3   0   5   3   0   3   5  0.47 0.26
  428 I   -4 -4 -4 -5 -5  6 -3 -6 -4  6  0 -3 -2 -4 -5 -4 -4 -5 -1  1    0   0   0   0   0  37   0   0   0  45   8   0   0   0   0   0   0   0   2   7  1.23 0.53
  429 E   -3 -3 -3 -1 -6  4  7 -5 -1 -5 -5 -2 -5 -6 -4 -3 -2 -6 -5 -1    1   0   0   2   0  15  72   0   1   0   0   1   0   0   0   0   2   0   0   4  1.60 0.62
  430 D   -4 -4 -2  6 -5 -3  0 -5 -4  1 -4 -4 -4 -5 -4 -2 -2 -6 -5  4    0   0   1  56   0   0   4   0   0   7   0   0   0   0   0   1   1   0   0  28  1.28 0.51
  431 G   -2 -4 -1 -2 -4 -3 -2  6 -2 -5 -5 -2 -5 -5 -4  4 -3 -5 -5 -5    0   0   2   2   0   0   3  54   1   0   0   1   0   0   0  35   0   0   0   0  1.26 0.50
  432 T    0  1  2  1 -2  3  0 -1  0 -3 -2  0 -2 -2 -2  3  0 -3 -1 -2    9   7  11   8   0  14   4   3   2   1   2   2   0   1   1  25   5   0   2   2  0.27 0.18
  433 G    0 -2 -2 -1 -2  1  0 -2 -2  2  1 -2 -1  1  0 -2 -1 -2 -2  2    6   2   2   3   0  10   5   2   0  16  15   1   0   6   5   2   3   0   1  21  0.16 0.13
  434 N    2 -2  1  3 -2  0  1  0 -2 -2 -2 -1  0 -3 -2  1  1 -3 -2 -1   18   1   8  18   0   5   9   7   0   2   2   3   4   1   1   9   7   0   1   4  0.22 0.13
  435 S    0  0  0  3 -2  1  2  0 -2 -2 -2  0 -2 -3  1  1  1 -3 -2 -2    8   4   4  18   0   7  13   7   0   1   2   4   0   1   8  11   7   0   1   3  0.23 0.12
  436 Q    0  0  1  0 -2  2  0  0 -1 -2 -2  1 -2 -2  1  2  1 -3 -2 -1    8   4   8   4   0  12   2   5   1   2   3   8   0   1   5  20  10   0   1   3  0.18 0.12
  437 S    1  0  1  0 -2 -1  0 -1 -2 -1 -1 -1 -1 -2  1  2  2 -2 -2  0   14   4   7   4   0   2   4   3   0   3   6   3   1   2   6  15  18   0   1   5  0.15 0.10
  438 N    0 -1  2  2 -2  0  0  0 -1 -2 -1 -1 -2 -2  1  2  1 -3 -2 -1    8   2  12  14   0   4   4   5   1   2   6   2   1   1   6  19   8   0   1   5  0.19 0.11
  439 Y    1 -1  0  1 -2  1  0  1 -1 -1 -1  0 -1 -2 -1  1  0 -2 -1  0   15   1   4   9   1   9   4  10   1   3   5   4   1   1   3  14   6   0   2   7  0.10 0.07
  440 N    0  0  3  1  1  1  0  1 -1 -1 -2  0 -2 -2 -1  1  0 -2 -2 -1    5   4  16   9   3   7   3  12   1   3   2   7   1   1   2  14   5   0   1   4  0.17 0.10
  441 Y    0 -1  1  1 -1  0  0  1 -1  0 -1 -1 -1 -2  1  0  1 -2 -1  0   10   2   6  12   1   3   4  10   1   9   6   3   1   1   6   8  10   0   1   5  0.08 0.05
  442 N    1 -1  2  1 -2  0  0  0  0 -1 -2  0 -1 -2  0  1  1 -2 -2 -1   10   3  13  10   0   4   4   7   2   4   3   4   1   1   5  13  10   0   1   4  0.13 0.08
  443 N    1 -1  2  0 -2  0  0  1 -1 -2 -2 -1 -2 -2  0  2  1 -2 -2 -1    9   3  12   6   1   5   6  11   1   2   4   2   1   2   4  20   9   0   1   4  0.17 0.10
  444 E    0  0  1  1 -2  0  1  1 -1 -1  0  0 -1 -2 -1  1  1 -2 -2  0    6   3   6   9   1   3  11  10   1   4   9   4   1   1   3  11  10   0   1   7  0.07 0.04
  445 N    1 -1  1  1 -2  0  0  2  0 -1 -1 -1 -1 -2 -1  0  1 -2 -1 -1   12   3   9  10   1   5   5  16   2   5   5   3   1   1   2   7   9   0   1   3  0.11 0.06
  446 T    0 -1  1 -1 -1 -1 -1 -1 -2  0  0 -1 -1 -1 -1  1  1 -2 -2  2    9   3   7   3   1   2   2   5   1   5   7   3   1   2   3  11  11   0   1  25  0.10 0.09
  447 S    0 -1  1  4 -2  0  1  0 -1 -2 -2 -1 -2 -2 -1  1  1 -2 -2 -1    7   3   7  29   1   3   9   5   1   2   3   3   1   1   3   9   8   0   1   5  0.27 0.11
  448 V    0  0  1  0  0  1  0  1 -1 -1 -1  0 -1 -2  1  0  0 -2 -1  0    9   6   8   6   2   7   4  12   1   4   7   3   1   1   7   8   6   0   1   6  0.07 0.03
  449 L   -1 -1  1 -1 -2  0 -1  0 -2  2  2 -1  1 -1  0 -1 -1 -2 -1  0    5   2   8   3   1   4   2   8   1  15  27   3   3   1   6   3   3   0   1   6  0.10 0.07
  450 P   -1 -3 -3 -3 -3 -3 -3 -3 -3 -3 -3 -3 -3 -4  8 -2 -3 -3 -3 -2    4   1   1   1   0   1   2   2   1   1   3   1   1   1  72   3   1   0   1   3  1.81 0.47
  451 E   -1  1 -2  0 -3  1  0 -2 -2  1 -1  0 -1 -3 -1  1  3 -3 -3  2    2   8   1   5   0   6   7   1   0   9   3   5   1   0   2   9  22   0   0  18  0.21 0.17
  452 V   -3 -5 -5 -5 -4 -5 -5 -5 -5  4 -1 -5 -2  3 -5 -4  2 -4 -3  5    0   0   0   0   0   0   0   0   0  27   1   0   0  15   0   0  14   0   0  41  1.01 0.43
  453 G   -2  2  5 -1 -4  2 -1  0 -2 -5 -4  1 -4 -5 -4  2  0 -5 -4 -3    1  11  33   2   0   9   3   8   0   0   1   8   0   0   0  17   5   0   0   2  0.62 0.33
  454 R   -3  4  2 -2 -4  1 -2 -4 -3 -3 -4  3 -3 -5 -4  1  3 -5 -4 -3    0  29  12   1   0   7   1   0   0   1   0  19   0   0   0  11  19   0   0   1  0.71 0.36
  455 T   -2  5 -1 -3 -4  1 -3  0 -2 -3 -4 -1 -1 -5 -4  2  3 -5 -4 -3    2  39   2   0   0   6   0   8   1   1   0   1   1   0   0  17  21   0   0   1  0.78 0.40
  456 K    0  0  2 -1 -3  1  2 -1 -2 -2 -2  1 -2 -3 -3  2  2 -4 -3 -1    6   5   9   2   0   5  16   3   0   1   3   8   0   1   0  20  16   0   0   5  0.27 0.20
  457 I   -3 -6 -6 -6 -4 -6 -6 -7 -6  6  1 -6  0 -3 -6 -5 -3 -6 -4  4    1   0   0   0   0   0   0   0   0  59   9   0   2   0   0   0   0   0   0  30  1.49 0.54
  458 S   -1 -1  4  0 -4 -1 -1 -3 -3 -5 -5  3 -4 -5 -4  4  1 -5 -4 -2    4   1  23   5   0   2   3   1   0   0   0  17   0   0   0  34   8   0   0   2  0.68 0.37
  459 T   -3 -4  3 -4 -4 -4 -4 -5 -5 -5 -5 -4 -4 -6 -5  2  7 -6 -5 -4    0   0  11   0   0   0   0   0   0   0   0   0   0   0   0  16  72   0   0   0  1.71 0.68
  460 I    0 -1 -2 -2 -4  5  2 -4 -2  0 -2 -1 -2 -4 -4  0  1 -5 -4  1    8   2   1   1   0  32  16   0   0   4   2   2   0   0   0   7   9   0   0  14  0.53 0.33
  461 A    5 -5 -5 -5 -3 -4 -4 -3 -5  1 -3 -4 -2 -4 -4 -2 -1 -6 -4  4   54   0   0   0   0   0   0   1   0   7   0   0   1   0   0   1   2   0   0  35  1.12 0.51
  462 R    0  3 -3 -4 -3 -1 -3 -4 -2  1  2 -2  2  1 -4 -2  0 -3  1  1    9  19   0   0   0   2   0   0   0   5  27   0   6   6   0   1   7   0   5  12  0.34 0.23
  463 V    1 -5 -6 -6 -4 -5 -5 -6 -6  4  1 -5  1 -3 -5 -4 -3 -5 -4  6   10   0   0   0   0   0   0   0   0  21   9   0   3   0   0   0   0   0   0  58  1.14 0.46
  464 P    0  0  1  2 -4  2  2  1  0 -4 -3  2 -3 -4  3  0 -1 -4 -4 -4    9   4   6  10   0  12  11  11   2   0   1  14   0   0  13   4   2   0   0   0  0.36 0.20
  465 Q    0 -1  1  2 -4  2  2 -3  2 -4 -3  0 -3 -4  2  2 -1 -5 -3 -3    5   2   7  15   0  11  17   0   5   0   2   4   0   0   9  19   2   0   0   2  0.41 0.24
  466 G   -3 -3  1 -1 -6 -2 -2  6  1 -5 -6 -2 -5 -5 -5 -2 -2 -6 -5 -6    0   1   8   3   0   2   3  74   3   1   0   3   0   0   0   1   2   0   0   0  1.47 0.52
  467 K   -2  2 -2  0 -6  6  4  0 -1 -5 -5  2 -1 -5 -4 -1 -3 -5 -2 -5    1   9   1   5   0  37  23   6   1   0   0  11   2   0   0   2   0   0   1   0  0.86 0.41
  468 S    0 -1 -2 -4 -4 -3 -3 -4 -4  0 -3 -3 -3 -5 -4  5  4 -5 -4 -1    5   4   1   0   0   0   0   0   0   5   2   0   0   0   0  46  33   0   0   5  0.94 0.47
  469 L   -4 -5 -6 -6 -4 -5 -6 -6 -6  3  5 -5  0 -3 -6 -5 -3 -5 -3  3    0   0   0   0   0   0   0   0   0  18  59   0   1   0   0   0   0   0   0  22  1.19 0.46
  470 L   -2 -5 -6 -6 -4 -5 -5 -6 -5  1  4 -5  2 -3 -5 -5 -3  2 -3  4    2   0   0   0   0   0   0   0   0   7  46   0   5   0   0   0   0   3   0  38  1.04 0.43
  471 I   -4 -5 -6 -6 -4 -5 -6 -6 -6  5  4 -5  0 -2 -6 -5 -3 -5 -4  3    0   0   0   0   0   0   0   0   0  38  44   0   1   0   0   0   0   0   0  17  1.20 0.45
  472 G    1 -6 -4 -5 -6 -5 -5  7 -5 -7 -7 -5 -6 -7 -5 -3 -5 -6 -6 -6   12   0   0   0   0   0   0  88   0   0   0   0   0   0   0   0   0   0   0   0  2.15 0.68
  473 G   -2 -6 -3 -3 -6 -5 -6  7 -6 -7 -7 -5 -6 -7 -6 -4 -5 -6 -7 -7    3   0   1   1   0   0   0  95   0   0   0   0   0   0   0   0   0   0   0   0  2.40 0.73
  474 Y   -5 -5 -3 -6 -5 -5 -5 -6 -2 -1  4 -5 -1  5 -6 -4 -4 -2  6 -2    0   0   2   0   0   0   0   0   0   3  39   0   0  29   0   0   0   0  25   1  1.25 0.48
  475 T   -2 -1  0  0 -3 -1 -2 -4  3  3  1 -1  1 -1 -4  0  2 -3  1  0    2   4   4   5   0   2   1   0  10  26  11   3   3   2   0   5  13   0   6   3  0.23 0.19
  476 H   -2  4  1  2 -4  3  0 -2 -1 -2 -3  1 -2 -3 -3  1 -1 -4  0  0    1  24   6  14   0  13   3   2   1   1   1   6   1   0   0  10   3   0   3  10  0.37 0.24
  477 E   -4 -3  1  6 -6  1  3 -3 -3 -4 -3  0 -5 -6 -4 -1  0 -6 -4 -4    0   1   7  49   0   5  18   1   0   1   3   7   0   0   0   2   7   0   0   0  1.00 0.43
  478 T    0  0  0  3 -4  2  3 -3 -2 -3 -4  1 -3 -3 -3  2  1 -5 -3 -1    6   3   4  16   0  10  21   1   0   0   0   8   0   1   0  15   8   0   0   6  0.40 0.25
  479 N   -1  0  2  1 -3  1  0 -2  1  0 -1  0 -1 -3 -3  1  2 -4 -1  1    4   6  12   7   0   7   4   1   3   4   4   6   1   0   0  10  15   0   2  13  0.14 0.13
  480 S    0  1  1  0 -3  2  1  0 -1 -1 -2  0 -2 -4 -3  2  2 -4 -3 -1    6   6   8   3   0   9   8   8   1   5   1   6   0   0   0  21  16   0   0   3  0.23 0.18
  481 N   -1  1  2  3 -4  2  3 -2  0 -3 -2  1 -2 -4 -3  0  0 -4 -1 -2    3   6   9  17   0  12  19   2   3   0   3   6   0   0   0   7   7   0   2   3  0.34 0.20
  482 E    0  1  1  0 -3  1 -1  1  1 -2 -3  0 -1 -4 -3  2  2 -4 -3 -1    5   9   9   4   0   8   2  13   3   2   1   4   1   0   0  18  16   0   0   4  0.25 0.18
  483 I   -1  1  0  1 -3  1  2 -3 -1  1 -1  1 -2 -3 -3  0  0 -4 -3  2    3   7   4   7   0   8  18   1   1   7   5   7   0   0   0   6   6   0   0  20  0.20 0.17
  484 I   -1  1  2  1 -3  2  0 -1  1 -2 -3 -1 -3 -2 -3  3  1 -2 -2 -3    4   9  12   7   0   8   3   3   3   2   1   2   0   2   0  33   8   0   1   1  0.36 0.24
  485 S   -1  2 -2 -3 -5  0 -2  4 -3 -5 -5  5 -4 -5 -4  0 -3 -5 -3 -5    5  10   0   0   0   3   0  28   0   0   0  46   0   0   0   5   0   0   1   0  0.96 0.41
  486 I   -3 -5 -5 -6 -4 -5 -5 -6 -6  5 -1 -5 -1 -3 -5 -4 -3 -5 -4  6    0   0   0   0   0   0   0   0   0  37   1   0   1   0   0   0   0   0   0  58  1.48 0.52
  487 P   -4 -5 -5 -5 -6 -5 -4 -5 -3 -6 -6 -4 -6 -6  9 -4 -4 -6 -6 -5    0   0   0   0   0   0   0   0   1   0   0   0   0   0  95   0   0   0   0   0  3.04 0.83
  488 F   -3 -4 -4 -4 -3 -4 -4  1 -4  2  4 -4 -1  2 -4 -3 -3  2  1  2    0   0   0   0   0   0   0  13   0  11  41   0   0  10   0   0   0   2   4  15  0.55 0.27
  489 L   -4 -5 -6 -6 -4 -5 -5 -6 -5 -1  6 -5 -1 -3 -5 -5 -4 -4 -4 -2    1   0   0   0   0   0   0   0   0   2  93   0   0   0   0   0   0   0   0   1  1.71 0.58
  490 S   -1  0 -3 -3 -4 -3 -3  6 -2 -5 -5 -1 -1 -5 -4  3 -3 -5 -3 -5    2   4   0   0   0   1   1  61   1   0   0   3   2   0   0  22   0   0   1   0  1.19 0.45
  491 S   -3  1 -1  6 -5 -2 -1 -4  0 -5 -5  2 -5 -5 -4  2 -3 -5 -4 -5    1   6   1  58   0   1   1   0   2   0   0  12   0   0   0  15   0   0   0   0  1.19 0.46
  492 I   -4 -5 -5 -5 -4 -5 -5 -6 -5  7  2 -5  0 -3 -5 -5 -3 -5 -4  0    0   0   0   0   0   0   0   0   0  77  14   0   1   0   0   0   0   0   0   3  1.66 0.55
  493 P   -4 -5 -5 -5 -6 -5 -4 -5 -5 -6 -6 -4 -6 -6  9 -4 -4 -6 -4 -5    0   0   0   0   0   0   0   0   0   0   0   0   0   0  95   0   0   0   1   0  3.04 0.83
  494 V   -3 -4 -5 -5 -3 -4 -4  0 -3  1  3 -4 -1  1 -5 -4 -3  5  3  3    0   0   0   0   0   0   0   8   0   7  38   0   1   5   0   0   0   7  13  20  0.66 0.31
  495 I   -3 -5 -5 -5 -3 -4 -5 -5 -5  4  4 -5  0 -1 -5 -3 -3 -4 -3  3    1   0   0   0   0   0   0   0   0  30  48   0   0   2   0   1   0   0   0  16  0.99 0.38
  496 G   -3 -2 -4 -5 -6 -5 -5  7 -4 -7 -7 -4 -6 -6 -5 -4 -5 -6 -6 -6    0   3   0   0   0   0   0  95   0   0   0   1   0   0   0   0   0   0   0   0  2.32 0.69
  497 N    2  2  2 -2 -4  0  0  2  2 -4 -4  1 -3 -2 -2  0 -2  3  0 -3   18  11  12   0   0   3   6  15   6   0   0  11   0   1   1   4   1   5   3   1  0.30 0.20
  498 V   -2 -5 -6 -6 -4 -5 -5 -6 -5  0  6 -5  0 -1 -5 -5 -4 -4 -1 -2    4   0   0   0   0   0   0   0   0   2  87   0   1   1   0   0   0   0   2   1  1.51 0.54
  499 F   -5 -6 -6 -6 -6 -6 -6 -6 -5 -4 -3 -6 -4  9 -6 -6 -5 -3  0 -4    0   0   0   0   0   0   0   0   0   0   0   0   0  95   0   0   0   0   1   0  2.87 0.79
  500 K   -3  6 -2 -1 -5  1 -2  1 -3 -5 -4  3 -4 -5 -4  1 -1 -5 -4 -4    0  44   0   2   0   5   0  11   0   0   0  20   0   0   0  10   4   0   0   0  0.90 0.39
  501 Y   -1 -1  2 -2 -4  0 -2 -2  1 -4 -3 -2 -3 -1 -3  4  1  1  5 -3    2   3   8   1   0   5   1   2   4   0   1   1   0   2   0  38   7   2  20   1  0.62 0.34
  502 K   -2  2  1  0 -4  0  0 -3  0 -4 -4  2 -3 -4 -3  1  5 -5 -4 -3    0  12   5   6   0   2   5   0   3   0   0  14   0   0   0  12  39   0   0   0  0.63 0.33
  503 T   -1  1  1  1 -3  1  0 -1 -1 -2 -4  1 -3 -3 -3  3  2 -4 -1 -2    3   7   5   7   0   6   6   3   1   2   0   7   0   0   0  33  16   0   3   1  0.37 0.24
  504 S   -2  2  1  2 -4  1  2 -2  3 -4 -3  3 -3 -4 -3  0  1 -4 -2 -2    1  14   6  13   0   5  12   1   7   0   1  20   0   0   0   5  11   0   1   2  0.41 0.23
  505 N   -1  0  2  0 -3  3  1 -2 -1 -2 -3  1 -2 -4 -1  2  2 -4 -3 -2    2   4  11   3   0  13  10   2   1   2   2   9   1   0   2  20  15   0   0   2  0.33 0.22
  506 I   -1  1  1 -1 -3  1 -1 -1  2  0 -2  2  1 -3 -3  1  2 -4 -2  0    2   8   9   2   0   8   1   5   6   5   3  15   4   1   0   8  15   0   0   8  0.18 0.16
  507 S    0  2  2  1 -3  1  1 -1  2 -3 -3  1 -3 -4 -3  2  1 -4 -2 -1    7  11  11   6   0   7   8   2   6   1   2   7   0   0   0  22   7   0   1   4  0.27 0.18
  508 N   -3  4  2 -3 -5  2 -2 -4  3 -5 -5  5 -4 -5 -4  0 -2 -5 -4 -5    1  27  10   0   0   7   0   0   6   0   0  39   0   0   0   7   1   0   0   0  0.96 0.41
  509 I   -2  4 -3 -4 -4  0 -2 -4 -3 -1 -2 -1  4 -2 -4  1  3 -4  1  1    0  29   0   0   0   4   1   0   0   2   2   2  14   1   0   9  19   0   5  12  0.55 0.33
  510 V   -3 -3  4 -2 -5  0  4 -4 -3 -1 -4  0 -2 -5 -4 -3 -2 -6 -4  3    1   0  25   0   0   3  33   0   0   2   0   5   1   0   0   0   1   0   0  28  0.84 0.43
  511 R   -5  7 -4 -5 -6 -3 -4 -6 -4 -4  3 -2 -3 -4 -6 -4 -4 -6 -5 -2    0  62   0   0   0   0   0   0   0   0  34   1   0   0   0   0   0   0   0   3  1.55 0.59
  512 V   -4 -5 -6 -6 -4 -4 -5 -6 -5  3  4 -5  6  0 -5 -5 -3 -4  0  2    0   0   0   0   0   0   0   0   0  14  45   0  23   4   0   0   0   0   3  11  1.05 0.41
  513 F   -4 -6 -6 -6 -5 -6 -6 -6 -5  1  0 -6 -1  7 -6 -5 -4 -3  1  4    0   0   0   0   0   0   0   0   0   8   7   0   1  53   0   0   0   0   3  29  1.45 0.51
  514 L   -4 -4 -5 -6 -4 -5 -5 -6 -5  2  4 -5  2  5 -5 -2 -3 -3 -2  0    0   0   0   0   0   0   0   0   0  13  45   0   4  28   0   3   0   0   0   5  0.98 0.39
  515 I   -4 -6 -6 -6 -4 -6 -6 -7 -6  7  3 -6 -1 -3 -6 -5 -4 -5 -4  0    0   0   0   0   0   0   0   0   0  66  31   0   1   0   0   0   0   0   0   2  1.61 0.55
  516 Q   -3  4 -3 -3 -5  3  0 -4  1 -4 -4  2 -3 -5 -4  0  5 -5 -4 -4    0  22   0   0   0  16   6   0   4   0   0  11   0   0   0   6  36   0   0   0  0.85 0.42
  517 P    1 -6 -6 -5 -6 -5 -5 -5 -6 -6 -6 -5 -6 -1  8 -4 -3 -7 -6 -4   12   0   0   0   0   0   0   0   0   0   0   0   0   3  82   0   1   0   0   1  2.49 0.74
  518 R   -2  6 -3 -4 -5  1 -1 -4  3 -4 -4  2 -4 -5 -4 -1  3 -5 -3 -2    2  45   0   0   0   4   2   0   7   0   0   9   0   0   0   4  22   0   0   3  0.94 0.42
  519 E   -1 -5 -5 -5 -3 -4 -1 -5 -5  5  2 -4 -1 -3  1 -4 -3 -5 -4  4    4   0   0   0   0   0   6   0   0  34  19   0   0   0   6   0   0   0   0  30  0.78 0.35
  520 I   -2 -5 -6 -6 -4 -4 -5 -6 -6  5  2 -4  1 -3 -5 -4 -3 -5 -4  4    2   0   0   0   0   0   0   0   0  43  20   1   3   0   0   1   0   0   0  32  1.09 0.41
  521 K   -1  5  0  2 -4 -1  1  2 -2 -4 -3  0 -2 -4 -2 -1  0 -5 -4 -2    3  34   3  12   0   0   8  16   1   0   2   5   1   0   2   4   7   0   0   3  0.47 0.25
  522 E   -1 -3  1  5 -4  1  2 -1 -2 -5 -4 -2 -1 -5 -1  2 -1 -5 -4 -4    4   0   6  40   0   7  11   4   1   0   1   1   2   0   2  18   3   0   0   1  0.69 0.31
  523 S    1  1  1  1 -4  3  1  2 -1 -4 -4  0 -3 -4  0  0  0 -4 -3 -3   12   9   6   9   0  15   9  19   1   0   0   2   0   0   4   7   5   0   0   1  0.33 0.18
  524 S    2 -1  0  2 -2  0  2 -1 -2 -2 -1 -1  0 -2 -1  2  0 -3 -3 -2   25   3   3  12   0   3  12   2   0   1   4   2   3   1   2  18   6   0   0   1  0.24 0.15
  525 Y    0  1  0  2 -2  1  0  0  1 -1 -1  0  1 -2 -1  0  1 -3 -1  0    8  11   3  13   0   8   4   8   3   2   4   2   5   1   1   8   8   0   1   8  0.09 0.07
  526 Y    0 -2  1 -3 -3  0 -1 -3  1 -1  0 -1  1  0  0 -1 -1  5  4  1   10   1   8   0   0   4   4   0   3   3   9   2   3   2   5   4   4  10  18  10  0.26 0.16
  527 N    0  1  2  3 -3  0  0 -2  0 -1 -1 -1  0 -3 -1  1  0 -4 -3  0   10  10  11  22   0   4   3   1   3   2   6   0   2   0   2  12   5   0   0   7  0.21 0.14
  528 T    1 -1 -1  1 -3  0  0  1 -2 -2 -2 -1 -1 -4  3  0  3 -4 -3 -1   14   4   1   8   0   3   5  13   1   1   3   1   2   0  14   6  23   0   0   3  0.29 0.17
  529 A    2  0  0  2 -2 -1  0  0 -2  0  0 -1  0 -2 -1  1  0 -4 -3  0   21   5   3  16   0   1   7   5   0   4   9   1   2   1   2   8   5   0   0  10  0.12 0.11
  530 E   -1  2  0  2 -4  2  3 -2 -1 -4 -3  1 -2 -4 -2  2  1 -4 -3 -3    4  13   2  10   0   9  21   1   1   0   1   8   1   0   1  20   9   0   0   1  0.41 0.21
  531 Y    0 -1  0 -2 -4  1 -2  0  1 -2 -2  0 -2  3 -4  0 -2 -1  6 -2   10   3   4   2   0   6   2   7   2   2   2   6   1  11   0   6   2   0  36   1  0.52 0.26
  532 K   -1  4  0  0 -3  1  0  0 -1  0 -1  2 -2 -3 -2  0 -2 -3  0  0    4  26   4   6   0   6   5   7   0   6   6  12   0   0   1   6   1   0   3   7  0.20 0.14
  533 S    0  2  1  1 -4  4  0 -1 -2 -4 -3  3 -1 -4  0  1 -1 -4 -2 -3    7   9   7   9   0  21   3   4   0   0   1  20   2   0   4  10   1   0   1   0  0.40 0.22
  534 L    0  0 -1 -3 -4  3 -2 -2 -1 -2  0  1 -2  0 -1 -1 -2 -2  5 -1    8   5   3   1   0  19   1   2   0   1  10  10   0   3   3   3   1   0  27   3  0.41 0.24
  535 I   -1 -1  2  2 -3  1  0 -1 -1  0  0 -1  2  1 -2  0  0 -3 -1  0    3   3  14  12   0   7   5   5   1   8   9   1   7   7   1   5   7   0   1   5  0.08 0.09
  536 S    0  2  2  2 -4  2  1 -2 -1 -3 -2  1  0 -3 -1  1 -1 -2  0 -3    8  12  12  11   0  12   7   2   1   0   3   9   3   0   2  13   1   1   3   0  0.26 0.16
  537 E    1  1 -2 -1 -3  1  1 -1 -1  1  0 -1  0  2  0 -1 -1 -2  0 -1   12  11   0   2   0   9  11   4   1  10  11   1   2  12   4   1   4   0   3   3  0.09 0.11
  538 R   -1  5  0 -2 -4  2  1 -3  0 -2 -1  0  2 -2 -1 -1 -2 -4  0 -2    6  36   3   1   0   8   8   1   3   1   7   4   8   1   3   4   1   0   4   2  0.40 0.22
  539 E    0  1  0  2 -4  3  3 -2 -1  0 -2  0 -1 -4 -1  0 -1 -4 -3 -1    6   6   3  11   0  19  25   2   1   7   2   4   1   0   3   5   3   0   0   3  0.35 0.20
  540 I   -1 -2 -2 -2 -3  1  1 -3 -2  1  3 -1  2 -2  1 -2  0 -1 -3  0    6   1   1   1   0   7   9   1   1   7  36   2   7   0   8   0   7   1   0   6  0.26 0.18
  541 Q   -2 -1  0  2 -4  6  1 -2 -1 -3  0  0 -1 -3 -1 -1 -2 -4 -3 -1    2   2   4  12   0  42   8   2   1   1   9   3   1   1   2   3   1   0   0   6  0.56 0.30
  542 K    0  3  0  0 -4  1 -1 -2  1 -2 -1  3 -1 -4  0 -1  1 -4 -3 -2    8  20   3   5   0   7   1   2   3   2   6  24   1   0   3   3  10   0   0   2  0.29 0.17
  543 T    1 -1  1  1 -3  2  1 -2 -2 -2 -1  0  0 -3  3  0  1 -4 -3 -1   13   3   8   7   0  11  10   1   0   2   5   3   3   0  15   5  11   0   0   2  0.25 0.14
  544 T    1  2 -1 -1 -3  0  1 -1 -1 -1 -1  1  1 -3 -1  2  1 -3 -3 -2   12  15   1   2   0   3   9   3   1   3   7   7   6   0   2  20   7   0   0   1  0.17 0.13
  545 Q    0  1  0  1 -4  4  2  0 -2 -3 -2  1 -2 -4  0 -1 -2 -4 -2 -2    9   8   3  10   0  30  10   7   0   0   4   8   0   0   3   3   0   0   1   2  0.38 0.19
  546 I   -1  0  0  0 -3 -1  1 -1 -2  1  1  2  0 -2  3 -1  0 -3 -3 -1    2   4   4   4   0   1   8   4   0   9  18  18   2   1  14   3   5   0   0   3  0.16 0.11
  547 I   -1  1  0  0 -3  0  0 -2  0  1  1  2  0  0 -2  0 -1 -3 -2  0    2   8   5   4   0   2   6   1   2  11  20  18   2   3   1   8   1   0   0   7  0.09 0.09
  548 P    0  1  2 -1 -4 -1  0  2 -2 -3 -4  2 -2 -4  4  0 -2 -4 -4 -4    5   7  11   2   0   1   6  21   0   1   0  19   1   0  23   4   0   0   0   0  0.54 0.20
  549 S    0 -1  1 -1 -3 -1 -1  2  0  0 -2  0  0 -3  0  3  1 -4 -3 -1    7   2   9   1   0   0   1  14   3   7   3   7   4   0   5  28   9   0   0   1  0.22 0.14
  550 E   -1  0  0  1 -3  1  3  1 -1 -3 -3  0 -2 -1  2  1  0 -3 -2 -1    2   5   5   8   0   4  24  10   1   0   0   5   1   4   9  11   6   0   0   6  0.23 0.11
  551 T    1  0  0  1 -2  1  0  0  0 -1  0 -1 -1 -2 -1  1  1 -3  0  0   18   5   2  10   0   8   5   5   1   2  10   2   0   0   1  10  10   0   3   5  0.09 0.07
  552 T    0  1 -1  0 -2  0  1  0 -1 -1  1  1  0  0  0  0  1 -3 -2 -1    9   9   0   4   0   3   8   6   2   2  17  11   2   5   3   8  11   0   0   0  0.07 0.06
  553 L   -2  1 -4 -4 -3 -2 -3 -3 -2  3  4 -3  1 -1  0 -2 -1 -3 -1  0    2   9   0   0   0   1   0   2   1  19  49   0   3   1   6   2   2   0   2   0  0.43 0.20
  554 L   -1  0 -1 -2 -3  2  0 -2 -2  0  2  0  1 -2  3 -1 -1 -3 -2  0    4   5   2   1   0  13   5   2   0   4  31   7   3   0  14   4   2   0   0   5  0.20 0.12
  555 E   -1  3  2  1 -4  3  3 -3 -1 -3 -2  1 -2  0 -1  0 -1 -3 -2 -2    2  17  10   6   0  18  21   0   0   0   5   6   0   6   2   5   1   0   0   1  0.35 0.15
  556 D   -2 -1  3  5 -4 -1  2 -2 -2 -4 -3  2 -3 -4 -1 -1 -2 -4 -3 -3    1   0  18  41   0   0  16   1   0   0   3  14   0   0   3   1   0   0   0   1  0.70 0.20
  557 E   -1  0 -1  1 -3  1  2 -2 -2 -1  0  0  1 -2  3  0  0 -3 -2 -1    4   4   0  11   0   5  22   1   0   3  11   4   7   0  15   5   4   0   0   4  0.23 0.08
  558 K    0  3  2  0 -3  1  0 -2  0 -2 -3  4 -2 -4 -1  0 -1 -4 -3 -3   11  14  14   4   0   6   3   0   1   2   1  36   0   0   3   2   2   0   0   0  0.40 0.14
  559 S    0  3  1  0 -3  1  0 -2 -2 -2  0  0 -2 -2  1  1  0  5 -2 -1    5  20   6   4   0   9   7   0   0   0  10   0   0   0   6  13   6  11   0   3  0.26 0.11
  560 L   -2 -1 -1 -1 -2 -3 -3 -4 -3  3  3 -2  0  1 -3 -3 -2 -3 -2  3    1   5   4   4   0   0   0   0   0  23  34   1   0   5   0   0   0   0   0  23  0.34 0.13
  561 V    0 -1  3 -1 -2 -1 -1 -1 -2 -1  1  1  0  2 -1  0 -1 -3 -1  0    7   0  20   2   0   0   0   2   0   0  24  14   0  12   3   7   0   0   0   7  0.11 0.08
  562 S    0 -1  1  2 -2 -1  0 -2 -2 -3 -3  1 -2 -4  2  3  2 -4 -3 -2    4   0   8  15   0   0   4   0   0   0   0   8   0   0  11  37  13   0   0   0  0.42 0.12
  563 Y    2 -2 -2 -3 -2 -1  0 -2  3  0 -1 -2 -1  2 -3 -1 -1 -1  4  0   28   0   0   0   0   0   6   0  12   5   0   0   0  11   0   0   3   0  25  10  0.31 0.11
  564 L   -3 -3 -3 -1 -3 -3 -1 -4 -3  0  3 -3  0  5 -4 -3 -2 -1  1 -1    0   0   0   5   0   0   6   0   0   0  47   0   0  42   0   0   0   0   0   0  0.56 0.14
  565 N    0 -2  5  5 -3 -1  0 -1 -1 -4 -4 -1 -3 -4 -2  1 -1 -5 -3 -3    6   0  43  41   0   0   0   0   0   0   0   0   0   0   0  10   0   0   0   0  0.79 0.15
  566 Y   -2 -3 -3 -4 -3 -3 -3 -4  0 -1  0 -3 -1  6 -4 -3 -2  1  5 -1    0   0   0   0   0   0   0   0   0   0   0   0   0  63   0   0   0   0  37   0  0.88 0.07

                      K         Lambda
Standard Ungapped    0.1326     0.3147
Standard Gapped      0.0407     0.2670
PSI Ungapped         0.1324     0.3093
PSI Gapped           0.0407     0.2670
