
Last position-specific scoring matrix computed, weighted observed percentages rounded down, information per position, and relative weight of gapless real matches to pseudocounts
           A  R  N  D  C  Q  E  G  H  I  L  K  M  F  P  S  T  W  Y  V   A   R   N   D   C   Q   E   G   H   I   L   K   M   F   P   S   T   W   Y   V
    1 M   -6 -6 -7 -8 -6 -5 -7 -8 -7 -4 -3 -6 11 -5 -8 -6 -6 -6 -6 -4    0   0   0   0   0   0   0   0   0   0   0   0 100   0   0   0   0   0   0   0  3.86 1.06
    2 V   -4 -5 -4 -6 -4 -3 -6 -6 -5  2  5 -5 -1 -2 -6 -3 -2 -5 -3  4    0   0   1   0   0   1   0   0   0   9  52   0   0   1   0   2   1   0   0  33  1.06 0.42
    3 F   -7 -8 -8 -8 -7 -8 -8 -8 -6 -5 -4 -8 -4 10 -8 -7 -7 -3 -1 -5    0   0   0   0   0   0   0   0   0   0   0   0   0 100   0   0   0   0   0   0  3.36 0.90
    4 S    0 -4  6 -3 -2 -3 -4 -4 -4 -5 -6 -4 -5 -6 -1  5  0 -6 -2 -4    7   0  40   0   1   1   0   0   0   0   0   0   0   0   2  42   4   0   2   1  1.25 0.52
    5 S   -2 -4 -2 -2 -5 -2 -3 -4 -5 -6 -6 -4 -5 -7 -5  7  1 -7 -6 -6    1   0   1   2   0   2   1   0   0   0   0   0   0   0   0  86   7   0   0   0  1.87 0.70
    6 N   -1 -4  0 -3 -3 -2 -3 -2 -1  2  2 -3  0  2  2 -2 -1  1  3  0    3   0   5   1   0   2   0   2   1  15  24   0   2   9   9   2   3   1  14   5  0.32 0.20
    7 V   -1 -3 -2  0 -3  0  3 -2 -1  2  1 -2 -1  0  0 -1  1 -4 -2  2    3   0   1   4   0   3  21   3   2  15  11   0   0   4   4   5  10   0   0  14  0.19 0.16
    8 F   -7 -7 -8 -8 -7 -8 -8 -8 -6 -5 -4 -8 -4 10 -8 -7 -7 -3  1 -5    0   0   0   0   0   0   0   0   0   0   0   0   0  96   0   0   0   0   3   0  3.19 0.86
    9 L    0 -5 -6 -6 -3 -5 -5 -4 -6  4  5 -5  1 -1 -5 -4 -3 -3 -4  0    7   0   0   0   0   0   0   1   0  25  57   0   2   2   0   0   1   0   0   4  1.03 0.40
   10 F   -3 -4 -4 -5  1 -4 -4 -4 -3 -1  1 -4  0  7 -4 -3 -1  5  2 -1    1   1   1   1   3   1   1   1   0   2  13   1   2  52   1   1   4   6   5   4  1.16 0.37
   11 L    0 -2 -5 -5  0 -3 -4 -2 -3  2  3 -4  0  3 -5 -3 -2 -1  3  2    8   2   0   0   2   1   0   4   0  14  30   0   1  13   0   0   1   1  10  12  0.46 0.23
   12 F   -7 -7 -8 -8 -7 -8 -8 -8 -5 -5 -3 -8 -4  9 -8 -7 -7 -3  2 -5    0   0   0   0   0   0   0   0   0   0   1   0   0  93   0   0   0   0   5   0  3.07 0.84
   13 L   -3 -5 -6 -6 -4 -5 -6 -6 -6  0  6 -5  1  2 -4 -5 -4 -4 -4 -2    2   0   0   0   0   0   0   0   0   4  80   0   3   8   1   0   0   0   0   1  1.46 0.50
   14 P   -2 -6 -6 -6 -3 -5 -5 -5 -6 -3 -4 -5 -6 -3  9 -4 -3 -7 -6 -3    3   0   0   0   1   0   0   1   0   1   1   0   0   2  87   0   1   0   0   2  2.68 0.78
   15 V    1 -5 -5 -6  0 -5 -5 -4 -5  5  2 -5 -1  0 -4 -3 -2 -5 -3  3   12   0   0   0   2   0   0   1   0  33  21   0   0   4   0   1   2   0   0  24  0.74 0.32
   16 F    0 -5 -2 -5  0 -5 -5 -5 -4 -1 -1 -5 -1  4 -5 -2  3 -4 -1  5    7   0   2   0   2   0   0   0   0   2   5   0   1  21   0   2  19   0   1  40  0.79 0.37
   17 L   -2 -5 -5 -6 -2 -5 -6 -5 -5  0  5 -5  1  4 -6 -4 -2  0  0  1    2   0   0   0   1   0   0   0   0   4  55   0   3  20   0   1   2   1   2   8  1.01 0.39
   18 G    2 -4 -5 -5  0 -4 -4  0 -5  3  3 -4  0  2 -3 -3 -1 -3 -3  1   17   0   0   0   2   0   0   8   0  20  29   0   1   8   1   1   3   0   0  10  0.44 0.24
   19 L    0 -4 -4 -5  2 -4 -4  1 -3  2  3 -3 -1  0 -4 -2 -2 -4 -1  2    9   0   0   0   4   0   0  14   0  14  32   1   0   3   0   1   2   0   2  17  0.44 0.23
   20 Y   -5 -6 -2 -6 -3 -5 -6 -6  0 -4 -5 -6 -5  3 -7 -4 -5  3  9 -3    1   0   2   0   1   0   0   0   2   1   0   0   0  11   0   1   0   3  76   1  2.51 0.76
   21 Y   -1 -4 -5 -6 -3 -5 -6 -5  1 -3  0 -4 -1  6 -6 -3 -3  7  6 -3    6   1   0   0   1   0   0   0   4   1   7   1   2  32   0   1   1  13  29   1  1.38 0.48
   22 L    0 -3 -4 -5  0 -3 -5 -3 -4  2  4 -4 -1  2 -4 -2 -2  1 -1  1    8   1   0   0   2   1   0   2   0  13  43   0   0  10   0   3   2   2   1   9  0.53 0.26
   23 S    1 -2 -3 -4  1 -3 -3 -3 -4  2  3 -2  0  0 -3  1  1 -4 -3  2   14   1   0   0   3   0   0   1   0   9  31   1   1   3   1  10   8   0   0  15  0.32 0.20
   24 G   -1  1  1 -3 -2  0 -3  2 -2 -5 -4  0 -4  0  6  0 -2 -3 -3 -4    4   9   8   1   1   4   0  14   1   0   1   6   0   5  37   5   1   0   1   1  0.75 0.33
   25 E    0  4  2 -2 -4  1 -1  0  3 -4 -2  3 -3 -1  0 -1 -1 -2 -1 -3    7  22   9   2   0   4   2   7   7   0   3  21   0   3   4   3   2   1   2   2  0.34 0.20
   26 R   -1  5 -1 -3 -3  0 -1 -2  1 -3 -3  4 -4 -2 -2  0 -1 -1 -2 -3    4  34   2   0   0   3   4   2   4   1   2  29   0   2   2   5   3   1   1   2  0.69 0.32
   27 Y    2 -2 -2 -5 -3 -3 -4  0 -2  0  2 -2 -1  2 -2 -2 -2  6  3  0   17   2   2   0   0   1   0   6   1   6  22   2   0   8   1   3   1  13  10   5  0.41 0.22
   28 R    1  6 -3 -4 -5  3 -2 -2 -3 -6 -5  4 -4 -5 -3 -1 -3 -3 -5 -5   10  43   0   0   0  14   1   3   0   0   0  22   0   0   1   3   1   0   0   0  1.06 0.44
   29 N   -2 -1  7 -3 -6 -2 -4 -4 -1 -1 -1  2 -3 -5 -5 -1 -2  1 -3 -4    3   3  60   0   0   2   0   0   1   4   6  11   1   0   0   4   2   2   1   1  1.22 0.49
   30 L    1 -3 -3 -4 -2 -3 -4  0 -3  3  2 -3  0  1 -2 -1  0  4  0  1   13   1   1   0   1   1   0   8   0  17  23   1   1   6   1   3   5   7   2   9  0.29 0.18
   31 L   -2 -5 -5 -6  0 -4 -5 -6 -3  2  2 -5 -1  4 -4 -3 -1  7  0  3    2   0   0   0   2   0   0   0   0  10  16   0   1  19   0   1   4  18   3  23  0.89 0.34
   32 L   -3 -6 -6 -7 -3 -6 -6 -7 -6  2  6 -6  1 -3 -6 -5 -4 -5 -4  1    2   0   0   0   0   0   0   0   0  10  78   0   2   0   0   0   0   0   0   7  1.49 0.51
   33 L    0 -5 -6 -6 -4 -5 -5 -5 -5  1  5 -5  0  2 -5 -4  0 -4 -3  2    7   0   0   0   0   0   0   0   0   6  53   0   1  10   0   0   6   0   0  17  0.85 0.35
   34 I    2 -5 -5 -5 -2 -4 -5 -2 -5  3  3 -4 -1  0 -5 -2 -2 -2 -3  3   20   0   0   0   0   0   0   3   0  21  29   0   1   4   0   2   2   0   0  18  0.57 0.28
   35 A    5 -5 -4 -5  1 -4 -4  1 -4 -3 -2 -4  0  3 -4  1 -2 -5 -3  0   51   0   0   0   3   0   0  11   0   1   3   0   3  14   0   8   1   0   0   5  0.76 0.37
   36 S   -3 -5 -3 -5 -4 -4 -5 -4 -5 -7 -7 -5 -6 -7 -5  8 -3 -7 -6 -6    0   0   0   0   0   0   0   1   0   0   0   0   0   0   0  98   0   0   0   0  2.39 0.82
   37 Y   -4 -5 -6 -7 -1 -5 -6 -5 -4  1  5 -6 -1  1 -6 -5 -4  4  6 -1    1   0   0   0   1   0   0   1   0   6  54   0   1   4   0   0   0   5  25   3  1.23 0.46
   38 V   -1 -5 -5 -6 -2 -5 -5 -4 -4  3  2 -5 -1  5 -5 -4 -2 -1  3  3    4   0   0   0   1   0   0   1   0  18  16   0   0  26   0   0   2   1  12  19  0.78 0.32
   39 F   -7 -8 -8 -8 -7 -8 -8 -8 -6 -5 -4 -8 -5 10 -8 -7 -7 -4 -1 -5    0   0   0   0   0   0   0   0   0   0   0   0   0 100   0   0   0   0   0   0  3.37 0.90
   40 Y   -7 -7 -6 -8 -7 -6 -7 -8 -3 -6 -6 -7 -6 -1 -8 -7 -7 -2 10 -6    0   0   0   0   0   0   0   0   0   0   0   0   0   1   0   0   0   0  99   0  3.61 0.99
   41 A    5 -5 -4 -4 -1 -4 -4  4 -4 -3 -4 -4  2 -3 -4  2 -2 -3  1 -3   45   0   0   0   1   0   0  26   0   1   1   0   5   1   0  13   2   0   5   1  0.86 0.40
   42 W   -3 -5 -5 -8  2 -5 -6 -6 -4 -3 -3 -1 -5  1 -7 -1 -3 12  4 -4    2   0   0   0   4   0   0   0   0   1   3   4   0   4   0   5   2  60  13   1  2.62 0.74
   43 W   -4 -7 -5 -6 -5 -6 -6  5 -6 -7 -4 -6 -6 -1 -7 -1 -4 11 -2 -6    1   0   0   0   0   0   0  39   0   0   2   0   0   3   0   5   1  48   1   0  2.42 0.71
   44 R   -2  1  4  3 -6 -1  4 -1 -1 -5 -6 -1 -4 -6 -4  1 -2 -6 -3 -5    2   8  18  18   0   0  33   4   1   0   0   3   0   0   0   9   1   0   1   0  0.77 0.35
   45 V   -2 -4 -5 -5 -5 -3 -5  0 -3  0 -3 -2 -3 -1  6 -4 -3  7  1  1    2   1   0   0   0   1   0   8   0   6   2   2   0   2  44   0   1  14   4  10  1.22 0.45
   46 D    0  3 -2  1 -4  0  0 -2 -1  1 -1  2 -1 -1 -1 -1 -1  0 -1  1    6  23   1   7   0   2   4   2   2   9   5  12   1   2   3   4   2   2   2  11  0.17 0.14
   47 F   -4 -6 -3 -7 -5 -6 -6 -7  0 -5 -2 -6 -4  7 -7 -5 -5  2  8 -4    1   0   1   0   0   0   0   0   2   0   2   0   0  40   0   0   0   2  49   1  2.16 0.66
   48 L   -1 -5 -6 -6 -1 -5 -5 -4 -5  3  4 -5 -1  1 -5 -4 -1 -5 -3  4    4   0   0   0   1   0   0   1   0  15  39   0   0   6   0   0   4   0   0  29  0.80 0.33
   49 L    0 -4 -4 -5 -3 -4 -4 -1 -4  1  2 -4 -1  3  3 -1 -3  3  0  0   10   0   0   0   0   0   0   6   0   9  26   0   0  16  16   4   0   3   2   7  0.44 0.24
   50 L   -3 -6 -6 -7 -5 -6 -6 -7 -6  3  6 -6 -1 -2 -5 -5 -4 -3 -3  1    1   0   0   0   0   0   0   0   0  14  74   0   0   1   0   0   0   0   1   9  1.42 0.50
   51 F   -5 -5 -6 -7 -5 -5 -6 -7 -1  4  4 -5  7  1 -6 -5 -4 -5 -4  0    0   0   0   0   0   0   0   0   2  21  44   0  25   6   0   0   0   0   0   3  1.28 0.46
   52 A    0 -5 -5 -6  0 -4 -5 -1 -5  3  4 -5  2  1 -5 -4 -3 -1 -3  2   10   0   0   0   2   0   0   4   0  17  42   0   4   6   0   0   0   1   0  12  0.66 0.29
   53 G    2 -4 -4 -5  0 -4 -4  2 -4  1  1 -4 -1  4 -4 -1 -1 -2 -1  1   16   0   0   0   2   0   0  15   0   8  16   0   1  22   0   4   3   0   1  11  0.41 0.23
   54 V   -2 -5 -3 -4  0 -4 -3 -3 -5 -1 -2 -4 -2 -5 -5  6  1 -6 -5  0    2   0   0   0   2   0   1   1   0   3   5   0   1   0   0  70   7   0   0   8  1.25 0.55
   55 T    0 -5 -4 -5 -1 -4 -5 -5 -5  5 -1 -4  1 -3 -5  0  4 -6 -4  1    9   0   0   0   1   0   0   0   0  37   4   0   4   0   0   6  32   0   0   6  0.89 0.40
   56 V    1 -4 -5 -5  0 -4 -5 -1 -5  3  3 -4  0  2 -5 -2 -1 -2 -1  3   11   0   0   0   2   0   0   4   0  14  31   0   2   9   0   2   3   0   1  22  0.49 0.24
   57 F   -1 -5 -5 -5  1 -4 -5 -2 -5  3  1 -5  2  4 -5 -2 -2  4 -1  3    5   0   0   0   3   0   0   3   0  20  10   0   4  18   0   3   2   5   1  26  0.60 0.27
   58 N   -2 -5  7  5 -4 -4 -3 -3 -3 -7 -7 -4 -6 -7 -5 -1 -1 -8 -6 -6    3   0  57  29   0   0   0   2   0   0   0   0   0   0   0   4   4   0   0   0  1.71 0.59
   59 Y   -5 -6 -7 -8 -7 -6 -7 -7  1 -5 -4 -6 -5  5 -8 -6 -6  6  9 -6    1   0   0   0   0   0   0   0   2   0   0   0   0  22   0   0   0  11  64   0  2.56 0.75
   60 W    1 -2 -3 -4  1 -3 -4  0 -2  2  1 -3 -1  3 -4 -1  0  4  2  1   11   1   0   0   3   1   0   8   0  11  17   0   1  14   0   4   6   6   7   9  0.27 0.17
   61 I    1 -4 -1 -4  2 -3 -4 -1 -1  3  1 -4  1  3 -4  0 -1 -1 -1  2   11   0   3   0   5   0   0   4   2  20  14   0   3  14   0   6   3   1   1  12  0.28 0.17
   62 G    3 -5 -4 -5 -2 -5 -5  6 -4 -5 -6 -5 -6 -6 -5  0 -4 -6 -6 -4   24   0   0   0   1   0   0  66   0   0   0   0   0   0   0   7   0   0   0   1  1.56 0.53
   63 L   -2  3 -2 -4 -2  0 -3 -3  0  2  3  0  0 -2 -3 -2 -2 -1 -2 -1    2  18   1   1   1   3   1   2   2  14  37   7   2   1   1   1   2   1   1   2  0.38 0.23
   64 R    0  1 -2 -2  0  0 -2 -1 -1  0  3  1  0  1 -4 -2 -2  4 -1  0   10   8   1   1   2   4   2   4   2   3  32   8   2   5   0   2   1   7   2   4  0.22 0.16
   65 I   -3 -5 -6 -6 -4 -5 -5 -6 -6  6  3 -5  4 -3 -6 -5 -3 -1 -4  2    1   0   0   0   0   0   1   0   0  49  25   0  10   0   0   0   1   1   0  11  1.20 0.43
   66 G    1 -1 -1  3 -2  0  3  1  2 -2 -2 -1 -2 -3 -3  1 -2 -3  0 -2   13   2   2  15   1   4  20  13   6   3   4   2   0   1   0   9   1   0   4   2  0.26 0.17
   67 A    1  4  0 -1 -1  1 -1 -1  2 -4 -3  3 -2 -4 -1  0 -1 -3 -3 -3   13  24   4   2   2   5   3   3   5   1   2  23   1   1   3   5   2   0   0   1  0.41 0.22
   68 A    1  0  0 -1  0  0 -1 -1  0 -1 -1 -1 -1  1 -2  2  1  2  2 -1   17   5   4   3   2   4   3   2   3   2   5   3   1   6   1  15  10   3   9   3  0.11 0.10
   69 G   -1  3  0  1 -3  1  2  1  0 -3 -2  1 -2 -2  1  0 -1 -3 -1 -3    5  19   4   6   0   6  12  10   2   1   2   9   1   1   6   8   3   0   2   1  0.22 0.13
   70 V    0  0  1  1 -3  1  1  1  0 -1 -2  0 -2 -2  0  0  1 -1 -1  0    5   4   6  10   0   5  12  11   3   2   4   6   1   1   4   8   8   1   2   7  0.10 0.06
   71 R   -1  3  2  1 -3  2  0  0  1 -3 -3  2 -2 -2 -1  0 -1 -3 -2 -3    5  20  10   6   0  10   5   8   3   2   2  13   0   1   2   7   3   0   1   2  0.28 0.15
   72 T    0  1  0 -1 -2  0  0  1 -1 -2 -2  2 -2 -3  2  1  1  2 -2 -1    8   8   4   3   0   4   3  11   1   2   3  13   1   1  11  10   9   3   1   4  0.15 0.10
   73 R   -1  4  0 -2 -4  1 -1  0  0 -2 -2  3 -2 -1 -2 -1 -1 -2 -2 -3    5  29   3   2   0   5   3   7   2   2   4  24   1   2   2   4   2   1   1   2  0.44 0.21
   74 A    0  1  0 -1 -2  1  0  0  0  0  0  2  0 -1  0  0  0  0 -1 -1    8   9   3   1   1   7   3   7   3   7   8  16   2   2   4   5   7   2   2   3  0.06 0.06
   75 A    2  5 -2 -3 -1  0 -2 -1 -3 -3 -4  3 -3 -4 -2  0 -2 -2 -3 -3   18  39   1   1   2   3   1   4   0   1   1  18   0   0   2   5   2   1   0   2  0.70 0.31
   76 Q   -3  4 -1 -4 -5  0 -3 -4 -2 -3 -2  6 -3 -3 -3 -3 -2 -3 -4 -2    1  19   2   0   0   4   0   1   1   1   4  57   0   1   1   1   3   0   0   3  1.13 0.44
   77 R    1  2 -3 -4 -1 -2 -3 -2 -2  1  2 -1  0  2 -1 -1  0  3  0  0   12  15   0   0   1   1   0   3   0   9  20   3   2  10   2   3   6   5   3   5  0.18 0.14
   78 W    0 -5 -4 -5 -1 -4 -5 -3 -4  2  3 -5 -1  2 -4 -2 -2  8  1  1    8   0   0   0   1   0   0   2   0  10  29   0   1   8   1   2   2  20   5   9  0.76 0.31
   79 L   -4 -5 -6 -7 -1 -5 -6 -7 -6  0  6 -6  2  2 -5 -4 -3 -5 -4  2    1   0   0   0   1   0   0   0   0   2  71   0   4   7   0   1   1   0   0  11  1.28 0.46
   80 I    2 -4 -3 -4 -1 -3 -4 -1 -4  3  0 -4  0  0 -4 -1  1  5 -1  2   17   0   0   0   1   0   0   6   0  22   9   0   2   4   0   3  10   7   2  17  0.39 0.22
   81 L    1 -4 -4 -4  1 -4 -4 -1 -4  2  3 -4  0  2 -4 -1  0 -1 -2  2   13   0   0   0   3   0   0   5   0  14  28   0   1  11   0   5   5   1   0  13  0.35 0.20
   82 G    2 -4 -1 -2 -1 -4 -4  4 -4 -4 -2 -4 -1 -4 -4  4 -1 -6 -5 -3   15   0   2   1   1   0   0  34   0   1   3   0   2   0   0  35   3   0   0   1  0.82 0.38
   83 V   -3 -6 -6 -6  1 -5 -6 -6 -6  5  3 -5  1 -1 -6 -4 -3 -5 -4  4    1   0   0   0   2   0   0   0   0  34  27   0   2   2   0   1   0   0   0  31  1.08 0.40
   84 V    2 -4 -3 -5  2 -4 -4 -1 -5  3  1 -4  0  1 -4 -1  0 -4 -3  3   18   0   1   0   4   0   0   4   0  21  10   0   2   5   0   3   7   0   0  26  0.46 0.25
   85 V    1 -4 -3 -5  0 -3 -4  0 -4  2  1 -4 -1  4 -4 -2 -1  0  1  2   12   0   1   0   2   1   0   9   0  14  14   0   1  18   0   2   2   1   3  19  0.37 0.21
   86 D   -5 -5  9  2 -3 -3 -4 -4 -2 -7 -7 -4 -4 -7 -4 -1 -4 -7 -6 -7    0   0  82   9   1   0   0   1   0   0   0   0   0   0   1   4   0   0   0   0  2.32 0.72
   87 L   -4 -6 -6 -7 -5 -5 -6 -7 -6  2  6 -6 -1  0 -6 -5 -2 -5 -4  0    1   0   0   0   0   0   0   0   0  12  76   0   1   3   0   0   2   0   0   6  1.42 0.49
   88 C    2 -5 -4 -4  2 -4 -4  5 -5 -2  1 -4 -3 -2 -4  1 -2 -4 -5 -3   18   0   0   0   4   0   0  45   0   2  14   0   0   2   0  11   2   0   0   1  0.77 0.34
   89 V   -2 -5 -5 -5 -1 -4 -5 -4 -5  4  3 -5  3  2 -3 -3 -1  0 -3  2    3   0   0   0   1   0   0   1   0  23  34   0   7   8   1   2   3   1   0  15  0.66 0.28
   90 L   -5 -6 -7 -8 -5 -6 -7 -8 -7  0  7 -6 -2 -3 -7 -6 -5 -6 -5 -3    0   0   0   0   0   0   0   0   0   3  96   0   0   0   0   0   0   0   0   0  2.08 0.66
   91 G    2 -5 -4 -5  3 -5 -5  5 -5  0 -2 -5 -3  3 -5 -2 -4 -5 -3  0   15   0   0   0   7   0   0  48   0   5   3   0   0  13   0   2   0   0   0   7  0.89 0.37
   92 Y   -3 -6 -6 -7 -4 -6 -6 -5 -3  2 -2 -6 -3  6 -6 -5 -3  4  7  2    1   0   0   0   0   0   0   1   0  10   3   0   0  27   0   0   1   5  40  12  1.47 0.50
   93 F   -7 -7 -7 -8 -3 -7 -7 -8 -5 -5 -4 -7 -4  9 -8 -6 -6  1  5 -5    0   0   0   0   1   0   0   0   0   0   0   0   0  82   0   0   0   2  15   0  2.79 0.78
   94 K   -5 -2 -5 -5 -8 -3 -4 -6 -5 -7 -7  8 -6 -8 -6 -5 -5 -8 -6 -7    0   0   0   0   0   0   0   0   0   0   0 100   0   0   0   0   0   0   0   0  2.77 0.85
   95 Y   -7 -7 -7 -6 -7 -6 -7 -8 -3 -6 -6 -7 -6 -2 -8 -7 -7 -3 10 -6    0   0   0   0   0   0   0   0   0   0   0   0   0   0   0   0   0   0 100   0  3.67 1.00
   96 A    3 -3 -3 -5 -1 -3 -3 -3 -3 -2  0 -3 -1  3 -4  0  3  1  4 -2   28   0   0   0   1   0   1   1   0   1   9   0   2  13   0   6  17   2  16   2  0.54 0.30
   97 N   -2 -4  7  4 -6 -3 -3  3 -2 -6 -6 -4 -4 -6 -5 -2 -2 -7 -4 -5    3   0  49  20   0   1   1  20   1   0   0   0   0   0   0   2   2   0   0   0  1.33 0.49
   98 F   -7 -7 -7 -8 -7 -8 -8 -8 -6 -2 -3 -8 -1  9 -6 -7 -6 -1 -1 -5    0   0   0   0   0   0   0   0   0   2   2   0   1  94   0   0   0   1   0   0  3.01 0.82
   99 G   -1 -6 -6 -6 -5 -6 -6  0 -5  1  2 -6 -1  7 -6 -4 -2 -3 -1  0    5   0   0   0   0   0   0   7   0   8  21   0   1  49   0   1   2   0   0   6  1.12 0.42
  100 V    2 -4 -3 -5 -2 -4 -4 -2 -5  4  2 -4  1 -1 -4 -2 -1 -4 -2  3   16   0   1   0   0   0   0   3   0  26  22   0   3   1   0   2   4   0   1  21  0.53 0.26
  101 D    0 -2  0  4 -5  1  4  1 -2 -4 -4 -2 -2 -5 -4  0 -1 -5 -4 -4    7   2   4  25   0   6  28  13   1   0   1   1   1   0   0   6   4   0   0   1  0.62 0.30
  102 S   -2 -4  6 -2 -5  0 -2 -3 -3 -1 -3 -3 -1 -3 -4  3  2 -6 -5 -2    1   0  40   0   0   3   1   1   0   5   2   0   2   1   0  26  14   0   0   3  0.91 0.41
  103 L   -1 -5 -5 -5 -3 -4 -5 -4 -5  4  3 -4  0  3 -3 -3 -2  2 -1  2    5   0   0   0   0   0   0   1   0  26  30   0   1  13   1   1   2   2   1  15  0.66 0.28
  104 N    1 -2  7  0 -3 -1 -2 -2 -1 -2 -5 -2 -4 -4 -4  0 -1 -6 -3 -2   12   1  56   4   0   3   2   3   1   3   1   2   0   1   0   5   3   0   1   4  1.04 0.42
  105 E    2  0  0  2 -3  0  0 -1  0 -1 -1 -1 -1 -1  0  1  0 -1 -1 -1   22   5   3  12   0   5   6   4   2   2   7   2   1   2   5  11   5   1   1   3  0.11 0.10
  106 I    0 -4 -4 -5 -3 -4 -4 -4 -5  3  4 -4  1  0 -4 -3 -2 -3 -3  3   10   0   1   0   0   0   0   1   0  19  41   0   2   4   0   1   2   0   0  18  0.65 0.28
  107 I    1 -4 -4 -4 -2 -4 -4 -3 -4  1  3 -4  1  5 -2 -1  1  0 -1  0   11   0   0   0   1   0   0   1   0   7  28   0   3  25   2   5   8   1   0   4  0.48 0.24
  108 T    0  0  1 -1 -3  0  0  3  2 -3 -3 -1 -3 -2  0  1  0 -4 -2 -2    8   5   8   3   0   4   5  29   5   1   2   3   0   2   5  10   7   0   1   2  0.29 0.15
  109 S    1 -2 -1 -2 -2 -1 -2  0  0  0  1 -1  0  0  0  1  2  2  0  0   14   2   2   1   0   2   2   6   2   4  14   2   3   4   4  11  15   3   2   5  0.10 0.09
  110 F    0 -1 -1 -1 -1 -1 -1  0  1  1  1 -1  1  2 -1 -1 -1 -1  0  0   11   2   2   3   1   2   3   7   5   7  18   2   4  14   2   3   4   1   3   6  0.06 0.05
  111 G    0 -1  0 -1 -2 -1 -1  5  0 -1 -1 -1 -2 -1 -1  0 -1 -1 -2 -2    5   3   4   3   1   3   3  44   3   3   6   3   1   3   2   5   3   1   2   3  0.43 0.13
  112 M    0 -1 -1 -1 -1 -1 -1  0 -1  1  1 -1  1  1  0 -1  0  2  0  0    8   4   3   2   1   2   3  10   2  10  15   4   4   8   4   4   4   3   3   7  0.02 0.02
  113 Q    0  0  1  0 -1  1  1  0  1 -1 -1  1  0 -1  1  0  0  0 -1 -1    6   3   6   5   1   8  10   6   5   3   8   8   2   2   6   8   5   2   2   4  0.07 0.03
  114 P   -1 -2  2  2 -3  1  0 -2  0 -2 -1 -1 -2 -2  3  1  0 -3 -2 -2    5   2  14  12   0   6   5   2   2   2   9   2   1   2  15  12   5   0   1   3  0.24 0.14
  115 F   -2 -4 -2 -4 -4 -3 -3 -3  2  3  2 -2  1  4 -3 -2 -2  3  0  1    2   0   1   1   0   1   1   2   5  20  23   2   3  18   1   2   2   4   2   8  0.41 0.21
  116 V    0 -2  0 -1 -4  1  0 -1  0 -1 -2 -2 -3 -2  5  1  1 -2 -3 -1    7   1   6   3   0   7   5   3   2   4   4   2   0   2  29  10  10   1   0   5  0.43 0.21
  117 L    0 -2 -2 -4 -3 -2 -3 -3 -1  2  2 -2  0  0  1 -1  1  4  1  2    7   1   1   0   0   1   0   1   2  10  26   1   1   4   7   4   8   6   6  14  0.24 0.16
  118 T   -1  0 -3 -2 -3  0  0 -2 -2  0  2 -1  1  0  3 -2  0  3 -1  0    4   5   1   1   0   4   5   3   1   3  28   4   3   3  16   2   6   4   2   5  0.23 0.15
  119 H   -1  1  3  3 -3  1  1 -1  4 -4 -4  1 -4 -4  0  0  0 -5 -2 -4    4   6  14  17   0   7   9   4  12   0   1   8   0   0   5   6   4   0   1   0  0.42 0.21
  120 I   -4 -6 -6 -6 -4 -5 -6 -6 -5  6  2 -5  0  0 -2 -5 -4 -5 -3  3    0   0   0   0   0   0   0   1   0  52  21   0   1   3   3   0   0   0   0  17  1.20 0.42
  121 L    2 -3 -3 -3 -3 -3 -3 -3  0  3  1 -3  0  1  1 -1  0 -4 -3  2   20   1   0   1   0   1   1   1   2  22  12   1   1   5   8   3   5   0   0  16  0.31 0.19
  122 L   -5 -6 -7 -7 -5 -6 -6 -7 -6 -1  7 -6  0 -3 -6 -6 -5 -5 -5 -2    0   0   0   0   0   0   0   0   0   1  94   0   2   0   0   0   0   0   0   1  1.97 0.62
  123 P   -5 -6 -6 -6 -7 -5 -5 -6 -6 -7 -6 -5 -6 -7  9 -5 -5 -7 -7 -6    0   0   0   0   0   0   0   0   0   0   1   0   0   0  96   0   0   0   0   0  3.25 0.88
  124 I   -2 -5 -6 -6 -4 -5 -5 -6 -6  5  3 -5 -1 -2 -5 -5 -3 -5 -4  4    2   0   0   0   0   0   0   0   0  37  29   0   0   1   0   0   0   0   0  28  1.09 0.39
  125 G    0 -6 -4 -5 -6 -6 -6  7 -6 -7 -7 -5 -6 -7 -6 -4 -5 -6 -7 -7    7   0   0   0   0   0   0  92   0   0   0   0   0   0   0   0   0   0   0   0  2.35 0.68
  126 I   -5 -7 -7 -7 -5 -7 -7 -8 -7  8  0 -7 -3 -4 -7 -6 -5 -6 -5  1    0   0   0   0   0   0   0   0   0  88   6   0   0   0   0   0   0   0   0   5  2.28 0.67
  127 S   -3 -5 -4 -5 -5 -4 -5 -5 -5 -7 -6 -5 -6 -7 -5  8 -3 -7 -6 -6    0   0   0   0   0   0   0   0   0   0   0   0   0   0   0  99   0   0   0   0  2.45 0.83
  128 F   -7 -7 -8 -8 -7 -8 -8 -8 -6 -5 -4 -8 -4 10 -8 -7 -7 -3 -1 -5    0   0   0   0   0   0   0   0   0   0   0   0   0  98   0   0   0   0   1   0  3.31 0.88
  129 Y   -6 -6 -6 -7 -6 -6 -6 -7 -1 -1 -4 -6 -4  7 -7 -6 -5 -2  8 -3    0   0   0   0   0   0   0   0   1   4   0   0   0  38   0   0   0   0  54   2  2.32 0.69
  130 T   -4 -5 -4 -5 -5 -5 -5 -6 -6 -1 -5 -5 -5 -6 -5 -1  8 -7 -6  1    1   0   0   0   0   0   0   0   0   4   0   0   0   0   0   2  85   0   0   8  2.09 0.72
  131 F   -7 -7 -7 -8 -7 -8 -8 -8 -6 -4 -2 -8 -4  9 -8 -6 -7 -3 -1 -5    0   0   0   0   0   0   0   0   0   0   3   0   0  95   0   0   0   0   0   0  3.11 0.84
  132 E   -5 -3 -4 -4 -7  8  0 -5  5 -7 -6 -1 -4 -7 -5 -4  2 -6 -5 -5    0   0   0   0   0  70   4   1  11   0   0   2   0   0   0   0  11   0   0   0  2.00 0.71
  133 S    3 -2 -2 -3 -2  4 -2  0 -1 -1 -2  0 -1 -5 -4  2  3 -5 -4 -2   24   0   1   0   0  20   0   6   2   5   2   5   1   0   0  14  18   0   0   1  0.47 0.29
  134 I   -4 -6 -6 -7 -5 -5 -6 -7 -6  6  3 -6  6 -3 -6 -5 -3 -4 -4  0    1   0   0   0   0   0   0   0   0  44  29   0  20   0   0   0   1   0   0   4  1.38 0.48
  135 S    3 -5 -3 -4 -3 -4 -4 -1 -5 -5 -6 -4 -4 -6 -5  7 -1 -6 -5 -4   19   0   0   0   0   0   0   4   0   0   0   0   0   0   0  72   3   0   0   1  1.52 0.60
  136 Y   -7 -7 -7 -8 -4 -6 -7 -8 -3 -6 -6 -7 -6  3 -8 -7 -6 -2 10 -5    0   0   0   0   0   0   0   0   0   0   0   0   0   9   0   0   0   0  90   0  3.28 0.91
  137 I   -2 -5 -5 -5 -3 -4 -4 -5 -4  2  4 -4 -1 -3 -5 -1  4 -5 -4  3    2   0   0   0   0   0   0   0   0  11  37   0   0   0   0   4  24   0   0  20  0.76 0.35
  138 I   -2 -6 -6 -7 -3 -5 -6 -7 -6  6 -1 -6  0 -1 -6 -5 -3 -6 -4  5    3   0   0   0   0   0   0   0   0  46   4   0   1   3   0   0   1   0   0  41  1.39 0.48
  139 D   -6 -6 -3  9 -8 -5 -1 -5 -6 -8 -8 -5 -8 -8 -6 -5 -6 -9 -8 -8    0   0   0  98   0   0   2   0   0   0   0   0   0   0   0   0   0   0   0   0  2.95 0.84
  140 V    0 -6 -5 -6  3 -5 -5 -6 -6  3 -1 -5 -2 -4 -5 -1  0 -6 -4  6    6   0   0   0   5   0   0   0   0  17   4   0   0   0   0   5   4   0   0  58  1.12 0.44
  141 Y   -3 -4 -6 -7 -6 -5 -5 -7  2 -6 -5 -5 -4  1 -7 -4 -6  3 10 -5    3   1   0   0   0   0   0   0   4   0   0   0   0   3   0   1   0   3  83   0  2.76 0.81
  142 R   -3  7 -3 -5 -5  0 -2 -6  0 -6 -3  2 -4 -3 -5 -3 -2  1 -1 -6    2  67   1   0   0   4   1   0   2   0   2  13   0   1   0   1   2   2   2   0  1.57 0.55
  143 G   -3  3  1 -1 -5 -1 -1  5  0 -6 -5  3 -5 -6 -5 -3 -4 -6 -4 -5    1  16   5   3   0   2   4  50   2   0   0  16   0   0   0   1   0   0   0   0  1.02 0.40
  144 D   -3  2  0  3 -5  2  3 -3  0 -4 -4  4 -4 -5 -3 -2  0 -5 -4 -1    0  10   5  17   0   8  16   1   2   0   1  27   0   0   1   2   5   0   0   5  0.57 0.28
  145 T    1 -2 -3 -4 -1 -2 -3 -2 -2  3  1 -2  0 -2 -4 -1  2 -4 -2  3   13   2   1   0   1   1   1   3   1  18  10   1   2   1   0   2  13   0   1  28  0.36 0.21
  146 P   -1  2 -1 -1 -4  1  2 -4 -1 -4 -3  4 -3 -5  3 -1 -1 -5 -4 -3    6   9   2   3   0   5  14   0   1   0   2  32   0   0  17   3   4   0   0   1  0.58 0.28
  147 A    4 -1 -2 -3 -1 -3 -3 -2 -2 -2 -3 -2 -2 -3  5 -1 -2 -4 -3  1   33   3   1   1   1   1   1   2   1   1   2   2   1   1  30   4   2   0   1  13  0.74 0.31
  148 T    0 -1 -1 -1 -1  5  4 -3 -1 -3 -1  0 -3 -5 -2 -1  2 -5 -4 -3    6   2   2   2   1  27  27   1   1   1   7   3   0   0   1   3  12   0   0   1  0.58 0.31
  149 H   -3  5 -1 -2 -2 -1 -2 -4  3 -5 -5  4 -2 -2 -2 -2 -1 -4  3 -4    1  29   2   2   1   1   2   1   8   0   0  30   1   1   2   2   4   0  11   1  0.78 0.35
  150 N   -3  1  6  2 -5 -2 -2 -2  1 -5 -6 -1 -5 -6 -5  3 -2 -6 -5 -5    1   7  41  12   0   1   1   3   4   0   0   3   0   0   0  26   1   0   0   0  1.04 0.43
  151 L   -4 -5 -6 -6 -5 -6 -6 -6 -5  2  3 -6 -1  7  2 -5 -5  1  0 -1    1   0   0   0   0   0   0   0   0  13  25   0   1  42  11   0   0   2   2   3  1.15 0.42
  152 I   -2 -4 -5 -5 -4 -4 -4 -2 -3  4  3 -4 -1  1 -2 -2 -2  2 -2  3    3   1   0   0   0   0   1   3   1  30  28   0   1   7   2   3   1   3   0  18  0.60 0.27
  153 D    0  0  4  5 -4 -1 -1 -3  3 -3 -4  0 -3 -4 -4  1 -1 -5 -1 -4    7   5  18  34   0   1   2   1   6   2   1   7   0   0   0   8   4   0   2   1  0.61 0.29
  154 F   -5 -6 -6 -7 -2 -6 -6 -7 -2 -2  1 -6 -2  7 -7 -6 -4 -2  7 -1    0   0   0   0   1   0   0   0   1   2  11   0   1  42   0   0   1   0  37   5  1.75 0.56
  155 A    5 -4 -4 -5  2 -4 -4  2 -5 -3  0 -4  0  0 -4  0 -1 -5 -4 -1   47   0   0   0   5   0   0  16   0   0  11   0   2   4   0   7   4   0   0   3  0.68 0.34
  156 A    2 -5 -4 -5  0 -4 -3 -5 -5 -1  5 -5  1  1 -5 -2  2 -5 -4  0   17   0   0   0   2   0   1   0   0   1  54   0   2   4   0   2  11   0   0   4  0.77 0.36
  157 F   -6 -7 -7 -8 -7 -6 -7 -7 -3 -5 -3 -7 -5  7 -8 -6 -6 -2  8 -5    0   0   0   0   0   0   0   0   0   0   1   0   0  46   0   0   0   0  52   0  2.58 0.75
  158 V   -3 -6 -6 -7 -4 -4 -6 -7 -7  5 -1 -3  0 -2 -6 -4 -3 -6 -5  6    1   0   0   0   0   0   0   0   0  27   4   1   2   1   0   1   0   0   0  62  1.47 0.51
  159 A    2 -4 -3 -4  1 -4 -4 -3 -5 -4 -2 -4  0 -1 -4  5  4 -6 -5 -2   19   0   0   0   3   0   0   1   0   0   3   0   2   3   0  45  23   0   0   2  0.93 0.45
  160 I   -5 -6 -6 -7 -4 -6 -6 -7 -5  0  2 -6  6  7 -7 -5 -5 -3  3 -3    0   0   0   0   0   0   0   0   0   4  17   0  19  50   0   0   0   0   9   1  1.62 0.54
  161 F   -7 -8 -8 -8 -7 -8 -8 -8 -6 -5 -4 -8 -5 10 -8 -7 -7 -4  0 -5    0   0   0   0   0   0   0   0   0   0   0   0   0  98   0   0   0   0   2   0  3.31 0.88
  162 P   -5 -7 -7 -6 -8 -6 -6 -3 -1 -8 -8 -6 -7 -8  9 -4 -6 -8 -8 -7    1   0   0   0   0   0   0   2   2   0   0   0   0   0  95   1   0   0   0   0  3.19 0.89
  163 H   -5 -3 -4 -5 -7  8 -2 -6  7 -7 -4 -1 -5 -7 -5 -5 -5 -6 -3 -7    0   0   0   0   0  71   0   0  22   0   2   3   0   0   0   0   0   0   1   0  2.34 0.78
  164 L   -5 -6 -7 -7 -2 -4 -7 -7 -7  0  7 -6 -1 -3 -7 -4 -4 -6 -5 -2    0   0   0   0   1   1   0   0   0   3  92   0   1   0   0   2   0   0   0   1  1.86 0.61
  165 I   -3 -6 -7 -7 -5 -6 -6 -6 -7  6  0 -6 -2 -4 -6 -5 -4 -6 -5  5    1   0   0   0   0   0   0   1   0  50   5   0   0   0   0   0   0   0   0  43  1.61 0.54
  166 A    7 -6 -6 -6 -5 -3 -5 -4 -6 -6 -6 -5 -5 -7 -5 -1 -4 -7 -6 -4   96   0   0   0   0   1   0   0   0   0   0   0   0   0   0   2   0   0   0   0  2.20 0.74
  167 G   -4 -7 -5 -6 -7 -6 -7  8 -6 -8 -8 -6 -7 -8 -7 -5 -6 -7 -8 -8    0   0   0   0   0   0   0 100   0   0   0   0   0   0   0   0   0   0   0   0  2.76 0.78
  168 P   -6 -7 -7 -6 -8 -6 -6 -7 -7 -8 -8 -6 -7 -9  9 -6 -6 -9 -8 -7    0   0   0   0   0   0   0   0   0   0   0   0   0   0 100   0   0   0   0   0  3.51 0.96
  169 V   -5 -7 -8 -8 -5 -7 -8 -8 -8  8 -2 -7 -3 -4 -7 -7 -5 -7 -6  1    0   0   0   0   0   0   0   0   0  92   1   0   0   0   0   0   0   0   0   7  2.48 0.73
  170 L   -4 -5 -5 -5 -4 -3  2 -6 -6  2  2 -5 -1 -3 -5 -4 -3 -6 -4  6    0   0   0   0   0   1  14   0   0  10  16   0   1   0   0   1   1   0   0  57  1.11 0.45
  171 R   -5  7 -2 -4 -6 -1 -3 -6  6 -7 -4  2 -3 -6 -5 -4 -2 -6 -3 -6    0  65   1   0   0   2   0   0  17   0   1   9   0   0   0   0   2   0   1   0  1.79 0.60
  172 F    2 -5 -5 -6 -6 -3 -5 -4  6 -5 -5 -5 -5  1 -2 -2 -4  0  8 -5   20   0   0   0   0   1   0   1  21   0   0   0   0   5   3   3   0   1  46   0  1.59 0.57
  173 K    1  2  1  0 -4  1  0 -1  3 -3 -4  3 -3 -4 -3  2  1 -4 -3 -3    9  11   5   4   0   5   4   4   7   2   0  19   0   0   0  18   8   0   0   1  0.34 0.21
  174 D   -3 -3  2  5 -6  1  4 -3  2 -4 -5 -1 -4 -5 -4 -1  2  1 -3 -4    1   1   9  33   0   4  24   1   6   1   1   2   0   0   0   3  12   2   1   1  0.81 0.36
  175 L   -3 -5 -6 -6 -4 -5 -6 -6 -6  5  3 -5  5  2 -6 -5 -3 -5 -3  3    1   0   0   0   0   0   0   0   0  33  24   0  15   9   0   0   0   0   0  18  1.05 0.39
  176 V    3 -1 -2 -2 -3 -2  1 -2 -2  1  2 -2  4 -1 -4 -1 -2 -4 -2  0   26   2   2   2   0   1   9   1   1   9  21   2  13   2   0   3   1   0   1   4  0.31 0.22
  177 D   -1  1 -1  2 -6 -1  1 -2  0 -4 -5  1 -4 -6  6 -1 -2 -2 -3 -5    4   7   2  11   0   2   9   3   2   1   1   9   0   0  43   3   2   1   1   0  0.95 0.37
  178 Q   -4 -2 -4 -1 -4  9  3 -6 -4 -7 -7 -3 -4 -7 -6 -3 -5 -7 -6 -7    1   1   0   3   0  79  14   0   0   0   0   0   0   0   0   1   0   0   0   0  2.31 0.78
  179 F   -5 -6 -7 -7 -5 -6 -7 -7 -6  5  3 -6 -1  6 -7 -6 -4 -4 -2 -1    0   0   0   0   0   0   0   0   0  28  32   0   1  38   0   0   0   0   0   2  1.41 0.48
  180 N    0  2  2  1 -4  1  2 -2  3 -2 -3  2 -2 -4 -3  0  0 -4 -1 -2    9  14   9   7   0   4  12   2   7   2   2  17   0   0   0   4   5   0   2   3  0.28 0.17
  181 H   -1  2  3  1 -4  2  1 -2  2 -4 -3  2 -3 -3 -2  1  0 -4 -2 -3    3   9  17   9   0  10  10   1   6   0   1  14   0   1   2   9   5   0   1   1  0.37 0.21
  182 R   -3  7 -3 -3 -4 -1 -3 -5  0 -5 -4  2 -4 -3  2 -3 -3 -3 -4 -6    1  65   1   1   1   1   1   0   2   0   1  12   0   1   9   1   1   0   0   0  1.50 0.54
  183 T   -1  3  0 -2 -4  0  0 -3  0 -1 -2  2 -2 -3  0  0  2  0 -1  0    2  20   3   1   0   3   6   1   3   4   2  15   0   1   5   8  16   1   2   7  0.28 0.19
  184 H   -2 -2 -2 -3 -3 -2  0 -5  5  1  0 -2  0  5  0 -2 -1  1  0  1    2   2   2   1   0   1   8   0  14   9   6   1   3  24   4   3   4   2   2  13  0.39 0.22
  185 T   -3  1  4  2 -3  0 -2 -2  0 -4 -4 -1 -4 -5 -3  3  4 -2 -4 -4    0   7  20  13   0   3   1   2   2   1   1   4   0   0   0  20  24   1   0   1  0.60 0.32
  186 V    0  0 -2 -4 -3 -2 -2 -3  0  1  2 -1  1  1 -1 -1 -2  6  4  0    7   6   1   0   0   1   2   1   2   8  19   3   4   5   3   5   1  12  14   5  0.34 0.19
  187 D    0  0  1  3 -3  1  4 -1  0 -3 -4  0 -3 -5 -2  0 -1 -4 -2 -3    9   6   6  19   0   5  29   4   2   2   1   5   0   0   1   6   3   0   1   1  0.45 0.24
  188 K   -2  1  4  2 -5  2  0 -2 -1 -3 -1  2  2 -4 -4 -1 -2 -5 -1 -4    1   8  24  14   0   9   4   3   1   1   8  15   6   0   0   2   2   0   2   0  0.46 0.26
  189 F    0 -5 -6 -6 -1 -5 -6 -5 -3  4  1 -4  1  6 -6 -4 -3 -3 -1  1   10   0   0   0   1   0   0   0   0  21   9   1   3  41   0   0   1   0   0  11  0.99 0.38
  190 A    3 -1 -1 -2 -1 -1 -1  1 -1 -2 -2 -1 -2 -3 -3  2  0 -2  0  0   29   3   2   1   1   3   3  11   1   2   4   2   0   1   0  21   5   0   4   7  0.27 0.20
  191 E    0  1  0  2 -1  1  2 -2 -1  0  0  0  0 -2 -3  0  0 -1  0  0    7   8   3  11   1   5  17   1   1   6  10   5   3   0   0   6   4   1   4   6  0.10 0.10
  192 G   -1 -7 -5 -6 -7 -6 -6  8 -6 -8 -8 -6 -7 -8 -6 -4 -6 -7 -7 -7    3   0   0   0   0   0   0  97   0   0   0   0   0   0   0   0   0   0   0   0  2.59 0.75
  193 C    1 -5 -5 -5  2 -4 -5 -4 -5  3  3 -4  2  2 -5 -3 -1 -4 -3  2   12   0   0   0   5   0   0   1   0  19  32   0   5   8   0   1   3   0   0  14  0.59 0.27
  194 T   -1  3 -1 -3  1  1  0 -3 -2 -1 -1  0  1  2 -2  0  1 -2  1 -1    4  18   3   0   4   5   8   1   0   3   5   6   4  11   2   7  13   0   5   3  0.17 0.15
  195 R   -4  5 -4 -5 -4  2 -3 -6 -4  3  3 -2  0  0 -5 -4 -3 -1  0 -2    0  37   0   0   0   8   1   0   0  15  26   1   1   4   0   0   1   1   3   1  0.79 0.37
  196 F   -5 -7 -7 -8 -6 -7 -7 -7 -6  3 -1 -7  2  9 -7 -6 -6 -4 -1 -2    0   0   0   0   0   0   0   0   0  17   3   0   5  72   0   0   0   0   0   1  2.21 0.66
  197 M    1 -4 -4 -5  1 -4 -4 -3 -5  4  2 -4  4 -1 -4  0  1 -4 -3  2   10   0   0   0   4   0   0   2   0  23  21   0  11   2   0   9   7   0   0  13  0.48 0.25
  198 Q   -2 -1 -5 -5  0  0 -3 -4 -4  4  2 -3  0  1 -5 -2 -2  7  0  1    3   3   0   0   2   4   1   1   0  31  15   1   2   5   0   2   2  14   3  10  0.65 0.28
  199 G   -4 -7 -5 -6 -7 -6 -7  8 -6 -8 -8 -6 -7 -8 -7 -5 -6 -7 -8 -8    0   0   0   0   0   0   0 100   0   0   0   0   0   0   0   0   0   0   0   0  2.76 0.78
  200 F   -4 -6 -7 -7 -5 -6 -6 -7 -6 -1  6 -6  2  3 -7 -6 -5 -5  0 -2    1   0   0   0   0   0   0   0   0   2  76   0   5  13   0   0   0   0   2   1  1.53 0.53
  201 V    3 -5 -4 -5  1 -5 -5  2 -4  0 -3 -5 -3  6 -5  0 -2 -2 -2 -1   24   0   0   0   3   0   0  14   0   7   0   0   0  36   0   8   2   0   0   4  0.80 0.37
  202 K   -5 -1 -4 -5 -7  0 -3 -6 -5 -6 -4  8  2 -6 -5 -4 -4 -2 -3 -6    0   1   0   0   0   3   0   0   0   0   2  87   5   0   0   0   0   1   1   0  2.13 0.71
  203 K   -5 -2 -5 -5 -8 -3 -4 -6 -5 -7 -7  8 -6 -8 -6 -5 -5 -8 -6 -7    0   0   0   0   0   0   0   0   0   0   0 100   0   0   0   0   0   0   0   0  2.77 0.85
  204 V    0 -6 -6 -6 -3 -5 -6 -6 -6  2  0 -5  3 -4 -6 -4 -1 -6 -5  6    7   0   0   0   0   0   0   0   0  11   7   0   7   0   0   1   4   0   0  63  1.23 0.47
  205 F   -2 -5 -6 -6 -1 -5 -5 -4 -6  3  4 -5  1  1 -6 -5 -3 -5 -3  4    2   0   0   0   1   0   0   2   0  12  41   0   2   6   0   0   0   0   0  33  0.92 0.36
  206 I   -5 -6 -7 -7 -5 -6 -6 -7 -6  7  3 -6 -1  0 -6 -6 -4 -4 -4  2    0   0   0   0   0   0   0   0   0  58  28   0   1   3   0   0   0   0   0   9  1.47 0.49
  207 A    7 -6 -5 -6 -5 -5 -5 -4 -6 -6 -6 -5 -5 -6 -5  1 -4 -7 -6 -4   92   0   0   0   0   0   0   0   0   0   0   0   0   0   0   8   0   0   0   0  2.06 0.71
  208 D   -6 -5  6  7 -7 -4 -2 -5 -4 -7 -8 -5 -7 -8 -6 -3 -5 -8 -7 -7    0   0  33  65   0   0   1   0   0   0   0   0   0   0   0   1   0   0   0   0  2.19 0.69
  209 T   -1  1  4 -2 -4  2 -1 -1  0 -3 -4 -2 -1 -3  0  2  3 -2  1 -2    3   6  20   0   0   8   2   5   1   1   0   1   2   1   5  17  19   1   5   3  0.39 0.26
  210 L   -1 -5 -6 -6  4 -5 -6 -6 -5  3  4 -5  3  3 -5 -4 -3 -4 -3  1    4   0   0   0   9   0   0   0   0  20  39   0   7  11   0   0   1   0   0   9  0.84 0.33
  211 A    5 -5 -4 -5 -4 -3 -4  4 -5 -5 -5 -4 -3 -6 -5  2 -3 -6 -6 -4   56   0   0   0   0   1   1  27   0   0   0   0   0   0   0  15   0   0   0   0  1.26 0.50
  212 A    0 -1 -2 -2 -3  0  0 -1 -2  1  1  0  1 -2  3  0  0 -4 -2  1    7   2   1   2   0   4   7   4   1  10  12   4   3   1  18   5   4   0   1  13  0.21 0.13
  213 L   -1 -4 -4 -5 -2 -3 -5 -4 -1  2  3 -4  1  2 -2 -3 -2  5  3  2    4   0   0   0   1   1   0   1   1  13  25   0   4  10   2   1   2   7  11  17  0.53 0.24
  214 A    5 -5 -3 -6  1 -5 -5 -4 -4 -2 -3 -5 -3 -1 -4 -2 -3  6 -2  4   44   0   1   0   3   0   0   0   0   0   0   0   0   2   0   2   0   9   1  35  1.08 0.46
  215 D   -2 -3  4  6 -6 -2  0 -3 -3 -4 -6 -3 -5 -6 -5  0  1 -7 -6 -4    4   1  20  48   0   1   5   2   0   1   0   0   0   0   0   7  10   0   0   1  1.13 0.44
  216 H    1  1  0  0 -3  2  1 -1  1 -2 -1  0 -1 -2  2  1  1 -1  0 -1   12   7   3   4   0   9   7   3   3   1   5   6   1   1  12   8  10   1   3   4  0.15 0.11
  217 C    0 -5 -5 -5  2 -5 -5  1 -5  4  0 -5 -1  0 -5 -3 -2 -5 -1  4    9   0   0   0   5   0   0  10   0  29   6   0   1   5   0   1   1   0   2  32  0.67 0.31
  218 F   -4 -4 -6 -7 -4 -2 -6 -7 -5 -1 -1 -1  0  8 -7 -3 -4  0  3 -4    1   1   0   0   0   2   0   0   0   3   5   4   2  71   0   2   1   1   7   0  1.87 0.59
  219 A    3 -2  3  3 -4 -1 -1  1  0 -4 -4 -2 -3 -3 -3  1 -1 -5 -4 -3   27   1  18  17   0   2   2  12   2   0   1   1   1   1   0  12   2   0   0   0  0.50 0.27
  220 L    1 -2  1 -1 -3  0 -2 -1  1  0  2 -2  2 -1 -2  0  0 -3  1  0   17   1  10   3   0   3   2   3   4   5  21   1   6   1   1   5   7   0   6   4  0.13 0.14
  221 Q    2 -3 -1  1 -4  1  0 -1 -1 -4 -4 -2 -3 -4  5  0 -1 -4  1 -2   16   1   3   9   0   8   7   5   1   0   0   1   0   0  30   8   3   0   5   3  0.57 0.28
  222 N    0 -2  3  2 -4  1  2 -1  2 -4 -4 -1 -2 -3 -2  2  2 -5 -2 -3    9   1  13  12   0   7  14   4   4   0   1   1   1   1   1  16  13   0   1   0  0.37 0.22
  223 P   -1 -2 -3 -2 -4 -2 -2 -4 -3  2  3 -2  2 -1  3 -1 -1 -4 -1  0    5   1   1   2   0   2   2   1   1  10  37   2   6   2  15   3   2   0   2   6  0.39 0.21
  224 T   -2 -3  2 -1 -4  0 -3  1  0 -5 -4 -3 -3 -4 -2  4  3 -4  3 -4    2   0   8   3   0   3   0   9   3   0   1   0   0   0   2  38  21   0  10   0  0.68 0.37
  225 T    0 -3 -1 -3 -3 -2 -3 -1 -2  0  0 -3  1  3  0  1  2 -2 -2  2    9   1   2   0   0   1   0   5   1   3  10   0   3  15   4  14  16   0   0  15  0.23 0.18
  226 G    1 -3 -3 -3 -2 -3 -3  2 -4  1  2 -3  0  1  1  0  0 -1 -1  1   11   0   0   1   0   0   1  19   0   9  19   0   1   6   8   7   4   1   2  10  0.21 0.15
  227 D    0 -3 -1  3 -4  0  3 -1 -2 -1  0 -2  1 -1 -3  0  2 -4 -1 -1    6   0   1  17   0   3  20   5   1   4  12   0   3   3   0   6  15   0   2   3  0.25 0.19
  228 A    6 -4  0 -5 -2 -4 -4 -2 -5 -2  0 -4 -2 -4 -3  0 -1 -5 -2 -1   64   0   4   0   1   0   0   1   0   2  11   0   1   1   1   7   3   0   1   3  0.94 0.43
  229 W   -6 -8 -9 -9 -7 -7 -8 -7 -7 -1  1 -8 -2 -1 -8 -8 -7 12 -2 -3    1   0   0   0   0   0   0   0   0   3  15   0   1   2   0   0   0  76   0   2  3.62 0.94
  230 L   -1 -5 -5 -5 -1 -3 -4 -2 -5  3  4 -4  3  2 -5 -4  0 -3 -1  1    6   0   0   0   1   1   0   3   0  18  43   0   6   7   0   0   5   0   2   7  0.62 0.28
  231 G    2 -6 -4 -5 -2 -5 -5  7 -5 -5 -6 -5 -5 -5 -5 -2  0 -6 -2 -4   17   0   0   0   1   0   0  71   0   0   0   0   0   0   0   2   5   0   1   1  1.59 0.54
  232 A    4 -4 -4 -5  2 -4 -4 -2 -5  3 -1 -4  1 -4 -4  1  0 -5 -4  2   40   0   0   0   4   0   0   2   0  18   5   0   3   0   0  10   5   0   0  12  0.61 0.32
  233 L   -1 -5 -6 -6 -4 -5 -5 -5 -4  4  4 -5  0  1 -5 -4 -2 -2  2  2    4   0   0   0   0   0   0   1   0  26  40   0   1   5   0   1   3   0   7  13  0.79 0.32
  234 A    5 -5 -4 -5  4 -4 -4  1 -5 -3  0 -4 -2  2 -4  1 -2 -5 -2 -3   51   0   0   0   8   0   0   9   0   1   8   0   1   8   0  12   1   0   1   1  0.79 0.38
  235 Y   -6 -6 -7 -8 -4 -6 -7 -6 -3 -5 -5 -7 -5  6 -8 -3 -6 -2  9 -4    0   0   0   0   0   0   0   0   0   0   0   0   0  30   0   2   0   0  67   1  2.66 0.78
  236 T    3 -5 -4 -5 -3 -4 -4 -1 -5 -4 -4 -4  1 -4 -4  3  6 -6 -5 -3   22   0   0   0   0   0   0   4   0   0   1   0   3   0   0  17  52   0   0   0  1.16 0.50
  237 A   -2 -5 -6 -7 -4 -5 -6 -3 -5  0  4 -6  2  6 -6 -5 -4  0 -2 -1    4   0   0   0   0   0   0   2   0   5  41   0   5  37   0   0   0   1   0   4  1.13 0.42
  238 Q   -6 -4 -5 -5 -8  9 -2 -7 -2 -8 -7 -3 -5 -8 -6 -5 -6 -2 -5 -7    0   0   0   0   0  97   1   0   1   0   0   0   0   0   0   0   0   1   0   0  3.08 0.96
  239 L   -5 -7 -7 -7 -5 -6 -7 -8 -7  7  4 -6 -1 -4 -7 -6 -5 -6 -3 -1    0   0   0   0   0   0   0   0   0  66  32   0   0   0   0   0   0   0   1   1  1.79 0.58
  240 Y   -7 -7 -7 -8 -7 -6 -7 -8 -3 -6 -4 -7 -6  3 -8 -7 -6 -2 10 -6    0   0   0   0   0   0   0   0   0   0   1   0   0   9   0   0   0   0  90   0  3.27 0.91
  241 F   -5 -7 -6 -7  6 -7 -7  0 -5 -4 -2 -7 -3  8 -7 -5 -6 -3  3 -5    1   0   0   0  14   0   0   8   0   0   3   0   0  66   0   0   0   0   8   0  2.05 0.63
  242 D   -6 -6 -3  9 -8 -5 -3 -6 -6 -8 -8 -5 -8 -8 -6 -5 -6 -9 -8 -8    0   0   0 100   0   0   0   0   0   0   0   0   0   0   0   0   0   0   0   0  3.06 0.87
  243 F   -7 -8 -8 -8 -7 -8 -8 -8 -6 -5 -4 -8 -5 10 -9 -7 -7 -4 -1 -6    0   0   0   0   0   0   0   0   0   0   0   0   0 100   0   0   0   0   0   0  3.41 0.90
  244 S    1 -4 -4 -5 -2 -4 -4 -2 -5 -6 -6 -4 -3 -6 -5  7 -3 -4 -3 -6    9   0   0   0   1   0   0   2   0   0   0   0   1   0   0  86   0   0   1   0  1.88 0.70
  245 G    1 -6 -4 -5 -6 -6 -6  7 -6 -8 -8 -6 -7 -7 -6 -2 -5 -7 -7 -7    9   0   0   0   0   0   0  89   0   0   0   0   0   0   0   2   0   0   0   0  2.29 0.68
  246 Y   -7 -7 -7 -8 -7 -6 -7 -8 -3 -6 -6 -7 -6 -2 -8 -7 -7 -3 10 -6    0   0   0   0   0   0   0   0   0   0   0   0   0   0   0   0   0   0 100   0  3.70 1.01
  247 S   -3 -5 -4 -5  2 -4 -4 -4 -5 -6 -7 -4 -6 -7 -5  7  2 -7 -6 -6    0   0   0   0   4   0   0   0   0   0   0   0   0   0   0  86  10   0   0   0  2.00 0.73
  248 D   -2 -6  0  8 -7 -4 -1 -5 -3 -5 -3 -5 -3 -7 -6 -3 -3 -8 -6 -6    3   0   3  84   0   0   2   0   1   1   3   0   1   0   0   2   1   0   0   0  2.17 0.69
  249 M   -5 -6 -7 -8 -2 -5 -7 -8 -7  3 -3 -6 11 -5 -7 -6 -5 -6 -6 -3    0   0   0   0   1   0   0   0   0  17   0   0  82   0   0   0   0   0   0   0  3.07 0.90
  250 A    7 -6 -6 -6 -5 -5 -5 -3 -6 -6 -6 -5 -5 -7 -5 -2 -4 -7 -6 -4   98   0   0   0   0   0   0   1   0   0   0   0   0   0   0   1   0   0   0   1  2.28 0.76
  251 I   -5 -2 -5 -7 -5 -4 -7 -7 -7  8  0 -3  0 -4 -6 -6 -4 -6 -3  1    0   3   0   0   0   1   0   0   0  78   7   2   2   0   0   0   0   0   1   6  1.79 0.58
  252 G   -3 -7 -5 -6 -7 -6 -7  8 -6 -8 -8 -6 -7 -8 -7 -5 -6 -7 -8 -8    1   0   0   0   0   0   0  99   0   0   0   0   0   0   0   0   0   0   0   0  2.72 0.77
  253 L    0 -5 -5 -6 -1 -5 -5 -6 -6  3  5 -5  1 -3 -5 -2  0 -5 -4  0    7   0   0   0   1   0   0   0   0  13  60   0   3   0   0   4   7   0   0   5  0.95 0.39
  254 G    4 -5 -4 -5 -3 -5 -5  5 -5 -6 -6 -4 -5 -6 -5  1 -4 -6 -6 -5   40   0   0   0   0   0   0  48   0   0   0   0   0   0   0  12   0   0   0   0  1.40 0.52
  255 L   -1  5 -3 -5 -5 -1 -2 -5 -1 -3  3  4  0 -3 -5 -3 -4  0 -1 -3    4  30   1   0   0   1   1   0   1   0  30  24   2   0   0   0   0   1   2   1  0.78 0.37
  256 M   -4 -6 -7 -7  1 -5 -6 -7 -6  1  4 -6  9 -2 -7 -6 -4 -2 -5  0    0   0   0   0   3   0   0   0   0   6  31   0  53   1   0   0   0   1   0   4  1.82 0.61
  257 M   -5 -6 -6 -7 -4 -6 -7 -7 -5 -1  3 -6  5  8 -7 -6 -5 -4 -1 -2    0   0   0   0   0   0   0   0   0   2  25   0  16  55   0   0   0   0   0   2  1.75 0.57
  258 G   -4 -6  2 -4 -7 -6 -6  7 -6 -8 -8 -5 -7 -7 -6 -4 -5 -7 -7 -7    0   0  11   1   0   0   0  88   0   0   0   0   0   0   0   0   0   0   0   0  2.34 0.70
  259 F   -6 -7 -7 -7 -6 -7 -7 -7 -5  4 -1 -7 -3  8 -7 -6 -5 -3  2 -1    0   0   0   0   0   0   0   0   0  23   4   0   0  64   0   0   0   0   5   4  1.95 0.60
  260 R   -3  4  0  2 -4  0  2 -4  5 -3 -5  2 -4 -3 -4 -1 -1 -2 -2 -2    0  25   4  13   0   2  11   0  16   1   0  14   0   1   0   3   4   1   1   3  0.63 0.30
  261 F   -5 -6 -7 -7 -3 -6 -7 -7 -5  0  4 -6 -2  7 -7 -6 -5 -1  1 -3    0   0   0   0   0   0   0   0   0   5  45   0   0  46   0   0   0   1   3   0  1.62 0.53
  262 M   -2 -2 -1 -1 -4 -2 -2 -5 -3 -2  0 -1  5 -5  7 -4 -3 -6 -4 -3    3   2   4   3   0   1   2   0   1   2  10   5  16   0  49   0   1   0   0   1  1.25 0.47
  263 E   -3  1 -3  0 -5  1  5 -5 -3  1 -1  1 -1 -2 -2 -2 -2 -4 -3  0    1   6   0   4   0   5  43   0   0  10   6   8   2   2   2   1   2   0   1   7  0.57 0.31
  264 N   -6 -5  9 -3 -8 -5 -5 -5 -4 -8 -8 -5 -7 -8 -7 -4 -5 -9 -7 -8    0   0 100   0   0   0   0   0   0   0   0   0   0   0   0   0   0   0   0   0  3.20 0.92
  265 F   -7 -8 -8 -8 -7 -8 -8 -8 -6 -5 -4 -8 -5 10 -9 -7 -7 -4 -1 -6    0   0   0   0   0   0   0   0   0   0   0   0   0 100   0   0   0   0   0   0  3.41 0.90
  266 N   -1  2  7  3 -6 -3 -3 -4 -1 -6 -6  1 -4 -3 -5 -2 -4 -7 -3 -5    5   9  56  15   0   0   0   0   1   0   0   8   0   1   0   2   0   0   1   0  1.34 0.50
  267 Q   -1  0 -1 -3 -4  1 -3 -4  2 -4 -2 -3  0  2 -5  3 -1 -3  6 -3    3   6   2   1   0   7   1   1   5   0   3   0   2   8   0  26   2   0  31   1  0.73 0.37
  268 P   -6 -7 -7 -6 -8 -6 -6 -7 -7 -8 -8 -6 -7 -9  9 -6 -6 -9 -8 -7    0   0   0   0   0   0   0   0   0   0   0   0   0   0 100   0   0   0   0   0  3.51 0.96
  269 Y   -7 -7 -5 -8 -7 -6 -7 -8 -3 -6 -4 -7 -2  1 -8 -7 -6 -1 10 -6    0   0   0   0   0   0   0   0   0   0   1   0   1   4   0   0   0   0  94   0  3.33 0.93
  270 I   -2  0 -3 -4 -2  0 -3 -4 -4  4  1  3  0  3 -4 -2 -1 -4 -2  1    3   5   1   0   1   4   0   1   0  25  10  21   2  14   0   3   4   0   0   7  0.38 0.23
  271 S    5 -5 -4 -5  0 -4 -4 -4 -5 -6 -6 -4 -5 -6 -5  6 -2 -7 -6 -5   40   0   0   0   2   0   0   0   0   0   0   0   0   0   0  57   1   0   0   0  1.56 0.62
  272 Q    0  4 -1 -1 -3  2 -2 -2 -1 -1 -1  3 -2 -4 -3 -1  2 -4 -2  0    8  24   1   2   0   9   0   2   1   3   6  18   0   0   0   4  12   0   1   6  0.34 0.22
  273 S   -3 -5  3  1 -5 -4 -4 -2 -4 -6 -7 -4 -6 -6 -5  6  0 -7 -6 -6    0   0  14   8   0   0   0   2   0   0   0   0   0   0   0  71   5   0   0   0  1.54 0.61
  274 I   -3 -6 -7 -7 -5 -6 -7 -7 -7  7 -1 -6  2 -1 -3 -6 -4 -6 -5  3    2   0   0   0   0   0   0   0   0  69   3   0   4   3   2   0   0   0   0  17  1.63 0.54
  275 T    1 -1 -2 -4 -4  3 -3 -2 -3  1 -4 -1 -3 -5 -4  2  5 -5 -4 -1    9   3   1   0   0  16   0   3   0   8   0   3   0   0   0  16  38   0   0   4  0.68 0.37
  276 E   -4 -5 -2  5 -8 -3  7 -5 -4 -7 -7 -4 -6 -7 -5 -4 -4 -7 -6 -6    0   0   1  34   0   0  63   0   0   0   0   0   0   0   0   0   1   0   0   0  1.95 0.66
  277 F   -7 -7 -8 -8 -7 -8 -8 -8 -1 -5 -4 -8 -5 10 -8 -7 -7 -4 -1 -5    0   0   0   0   0   0   0   0   2   0   0   0   0  98   0   0   0   0   0   0  3.27 0.88
  278 W   -8 -8 -9-10 -8 -8 -8 -8 -8 -8 -7 -9 -4 -4 -9 -8 -8 13 -3 -8    0   0   0   0   0   0   0   0   0   0   0   0   1   0   0   0   0  99   0   0  5.23 1.23
  279 R   -4  8 -4 -6 -8  1 -4 -5  0 -7 -6  0 -5 -7 -6 -2 -4 -7 -6 -7    1  84   0   0   0   5   0   1   2   0   0   3   0   0   0   2   1   0   0   0  2.27 0.71
  280 R   -6  9 -4 -6 -4 -3 -5 -7 -5 -8 -7 -1 -6 -7 -7 -5 -5 -7 -6 -7    0  97   0   0   0   0   0   0   0   0   0   2   0   0   0   0   0   0   0   0  2.89 0.85
  281 W   -8 -8 -9-10 -8 -8 -8 -8 -8 -8 -7 -9 -7 -4 -9 -8 -8 13 -3 -8    0   0   0   0   0   0   0   0   0   0   0   0   0   0   0   0   0 100   0   0  5.28 1.24
  282 H   -7 -5 -2 -6 -8 -4 -5 -7 11 -8 -8 -6 -7 -6 -7 -6 -7 -8 -3 -8    0   0   1   0   0   0   0   0  99   0   0   0   0   0   0   0   0   0   0   0  4.08 1.04
  283 I   -5 -6 -7 -7 -5 -5 -7 -8 -7  8 -1 -6  7 -4 -7 -6 -5 -6 -5 -1    0   0   0   0   0   0   0   0   0  74   2   0  23   0   0   0   0   0   0   1  2.21 0.69
  284 S   -3 -5 -4 -5 -5 -4 -4 -5 -5 -6 -6 -4 -5 -6 -5  6  5 -7 -6 -5    0   0   0   0   0   0   0   0   0   0   0   0   0   0   0  67  33   0   0   0  1.82 0.69
  285 L   -6 -6 -8 -8 -5 -6 -7 -8 -7 -2  7 -7 -2 -2 -7 -7 -5 -6 -5 -3    0   0   0   0   0   0   0   0   0   0  98   0   0   1   0   0   0   0   0   1  2.16 0.68
  286 S   -2 -5 -3 -4 -5 -4 -4  3 -5 -6 -6 -4 -5 -6 -5  6  1 -7 -6 -6    2   0   1   0   0   0   0  20   0   0   0   0   0   0   0  71   6   0   0   0  1.58 0.62
  287 T   -2  3  0 -3 -4  0 -3 -2  0 -5 -4 -2 -3 -3 -4  4  5 -6 -4 -4    2  19   4   0   0   4   0   3   2   0   1   1   0   1   0  27  35   0   0   0  0.84 0.41
  288 W   -7 -8 -9 -9 -4 -7 -8 -8 -7 -7 -5 -8 -6  6 -9 -8 -7 12 -2 -7    0   0   0   0   0   0   0   0   0   0   0   0   0  28   0   0   0  71   0   0  3.88 0.98
  289 L   -5 -6 -7 -7 -5 -6 -7 -7 -6  0  4 -6  0  7 -7 -6 -5 -4 -2 -2    0   0   0   0   0   0   0   0   0   4  42   0   2  51   0   0   0   0   0   1  1.74 0.56
  290 R   -5  8 -5 -6 -8 -3 -4 -6 -3 -7 -6  3 -6 -7 -6 -4 -2 -7 -6 -6    0  82   0   0   0   0   0   0   0   0   0  14   0   0   0   1   3   0   0   0  2.33 0.72
  291 D   -6 -5  0  8 -8 -1  2 -5 -2 -7 -6 -3 -7 -7 -5 -3 -4 -8 -6 -6    0   0   3  79   0   2  12   0   1   0   0   1   0   0   0   1   1   0   0   0  2.12 0.67
  292 Y   -7 -7 -7 -8 -7 -6 -7 -8 -2 -6 -6 -7 -6 -2 -8 -7 -7 -3 10 -6    0   0   0   0   0   0   0   0   1   0   0   0   0   0   0   0   0   0  99   0  3.67 1.00
  293 L   -4 -6 -7 -7 -4 -6 -6 -7 -6  3  5 -6 -1 -3 -6 -6 -4 -5 -4  4    0   0   0   0   0   0   0   0   0  12  57   0   0   0   0   0   0   0   0  31  1.34 0.48
  294 Y   -7 -7 -7 -8 -7 -6 -7 -8 -3 -6 -6 -7 -6  0 -8 -7 -7 -2 10 -6    0   0   0   0   0   0   0   0   0   0   0   0   0   2   0   0   0   0  98   0  3.59 0.98
  295 I   -5 -5 -7 -7 -5 -7 -7 -8 -7  8 -2 -5 -1  2 -7 -6 -4 -6 -5  0    0   0   0   0   0   0   0   0   0  87   0   1   1   7   0   0   1   0   0   4  2.20 0.67
  296 S   -3 -6 -6 -6 -7 -6 -5 -5 -7 -7 -7 -5 -7 -8  9  0 -2 -8 -6 -7    2   0   0   0   0   0   0   1   0   0   0   0   0   0  86   8   2   0   0   0  2.77 0.81
  297 L   -5 -6 -7 -8 -5 -6 -7 -8 -7 -1  7 -6  2 -3 -7 -6 -5 -6 -5 -3    0   0   0   0   0   0   0   0   0   1  94   0   4   0   0   0   0   0   0   0  2.04 0.65
  298 G   -4 -7 -3 -5 -7 -6 -6  8 -6 -8 -8 -6 -7 -4 -6 -4 -6 -7 -7 -4    0   0   1   0   0   0   0  97   0   0   0   0   0   1   0   0   0   0   0   1  2.55 0.74
  299 G   -4 -4 -5 -5 -7 -6 -6  8 -6 -8 -8 -6 -7 -7 -6 -4 -5 -7 -7 -7    0   1   0   0   0   0   0  98   0   0   0   0   0   0   0   0   1   0   0   0  2.61 0.75
  300 N   -4 -4  8 -2 -6 -4 -4 -2 -4 -7 -7 -2 -6 -7 -6  4 -4 -7 -6 -7    0   0  69   0   0   0   0   2   0   0   0   2   0   0   0  26   0   0   0   0  2.01 0.68
  301 R   -6  8 -5 -6 -8 -2 -4 -7 -1 -7 -6  1 -6 -7 -6 -4 -5 -3 -5 -6    0  88   0   0   0   1   0   0   2   0   0   7   0   0   0   1   0   0   0   0  2.49 0.76
  302 G   -2  2 -1 -3  4 -1 -2  1  3 -2 -2  4 -2 -3 -4 -2 -1 -5 -2  2    3   9   3   1   9   2   1  11   9   1   3  29   0   1   0   2   2   0   1  15  0.42 0.25
  303 S   -1 -2 -1 -4 -5 -4 -4  6 -4 -6 -5 -3 -5 -6 -3  2 -1 -6 -6 -4    3   2   3   0   0   0   1  67   0   0   1   1   0   0   1  17   3   0   0   1  1.40 0.49
  304 T    0  1  0 -2 -3  0  1 -2  0 -1 -1  3 -1 -2  2  0  1 -4 -2 -1    9   7   5   1   0   3   8   2   2   3   8  23   1   1   9   4   9   0   1   4  0.20 0.14
  305 F    1 -1 -2 -3 -3 -2 -3  0 -2  1  1 -1  0  2  0 -1 -1  6  1  1   13   3   1   1   0   1   1   6   1   7  15   3   1  11   5   5   4  11   3   9  0.23 0.14
  306 Q   -3  7  0 -3 -4 -1 -3 -4 -1 -3 -3  3  2 -3 -5 -3 -3 -4 -4 -4    1  55   3   1   0   1   0   1   2   2   2  19   5   1   0   1   1   0   0   1  1.20 0.46
  307 T   -2  2 -1 -4 -3  3 -2 -3  2 -3 -2  0  2 -3 -4 -1  5  1 -2 -1    3  14   2   0   0  13   0   1   5   1   4   6   5   1   0   2  36   2   1   4  0.56 0.32
  308 Y   -3 -3 -3 -6  1 -3 -5 -4  0  3  0 -4  0  1 -5 -3 -3 -2  8  0    2   2   2   0   3   1   0   1   2  17   8   0   2   3   0   2   1   0  48   6  1.12 0.43
  309 R   -1  5 -3 -5 -1 -3 -3 -3 -3  1  1 -2 -1  3 -3 -3 -2 -2 -2  1    6  37   1   0   1   0   1   1   0  10  14   0   1  12   1   0   1   1   0  11  0.55 0.29
  310 N   -2 -5  9 -3 -7 -4 -5 -3 -3 -8 -8 -5 -7 -6 -6 -3 -4 -8 -6 -7    3   0  95   0   0   0   0   1   0   0   0   0   0   0   0   0   0   0   0   0  2.81 0.82
  311 L   -4 -5 -4 -6 -4 -5 -6 -6 -6  3  6 -3  2 -2 -6 -4  0 -5 -4  0    0   0   1   0   0   0   0   0   0  14  69   1   3   1   0   1   7   0   0   3  1.18 0.43
  312 F   -2 -5 -6 -6 -1 -5 -6 -4 -5  1  2 -5  5  6 -6 -3 -3  3 -1 -1    4   0   0   0   1   0   0   1   0   6  22   0  17  38   0   2   0   5   0   4  1.05 0.39
  313 L    0 -5 -6 -6 -4 -5 -5 -6 -6  6  2 -5  0 -1 -5 -4  0 -3 -2  3    7   0   0   0   0   0   0   0   0  49  18   0   1   2   0   0   5   0   1  16  0.98 0.37
  314 T   -3 -5 -5 -6  0 -5 -5 -6 -6  2 -3 -5 -3 -5 -5 -2  5 -6 -5  5    0   0   0   0   2   0   0   0   0   9   0   0   0   0   0   2  39   0   0  48  1.35 0.52
  315 M   -5 -6 -7 -8 -6 -6 -6 -7 -6 -4 -3 -6  8  7 -7 -6 -6  9 -2 -5    0   0   0   0   0   0   0   0   0   0   1   0  36  37   0   0   0  26   0   0  2.44 0.71
  316 L   -1 -5 -5 -6 -3 -5 -5 -3 -5  1  4 -5  2  4 -5 -2 -1 -4 -2  1    6   0   0   0   0   0   0   2   0   5  51   0   4  18   0   2   4   0   0   8  0.77 0.32
  317 L   -2 -5 -6 -6  0 -5 -6 -6 -6  3  5 -5 -1  0 -6 -4 -3 -5 -4  2    4   0   0   0   2   0   0   0   0  13  64   0   0   2   0   0   1   0   0  14  1.11 0.40
  318 G    0 -5 -3 -4  3 -4 -4  4 -5 -4 -5 -4 -4 -6 -4  3  5 -6 -5 -3    5   0   0   0   6   0   0  33   0   1   1   0   0   0   0  21  33   0   0   1  1.00 0.43
  319 G   -4 -7 -5 -5 -7 -6 -6  8 -6 -8 -8 -6 -7 -7 -6 -4 -6 -7 -7 -7    0   0   0   0   0   0   0 100   0   0   0   0   0   0   0   0   0   0   0   0  2.71 0.74
  320 L   -4 -6 -6 -7 -5 -6 -6 -7 -6  2  5 -6  1  4 -6 -6 -4 -4 -3 -1    1   0   0   0   0   0   0   0   0  11  64   0   2  18   0   0   0   0   0   3  1.31 0.45
  321 W   -8 -8 -9-10 -8 -7 -8 -8 -8 -8 -7 -8 -7 -4 -9 -8 -8 13 -3 -8    0   0   0   0   0   0   0   0   0   0   0   0   0   0   0   0   0 100   0   0  5.22 1.18
  322 H   -7 -5 -4 -6 -8 -4 -5 -7 11 -8 -8 -6 -6 -6 -7 -6 -7 -7 -3 -8    0   0   0   0   0   0   0   0 100   0   0   0   0   0   0   0   0   0   0   0  4.08 1.01
  323 G   -4 -7 -5 -5 -7 -6 -6  8 -6 -8 -8 -6 -7 -7 -6 -4 -6 -7 -7 -7    0   0   0   0   0   0   0 100   0   0   0   0   0   0   0   0   0   0   0   0  2.71 0.74
  324 A    7 -5 -6 -6 -4 -5 -5 -2 -6 -5 -6 -5 -5 -6 -4 -2 -4 -7 -6 -4   96   0   0   0   0   0   0   2   0   0   0   0   0   0   1   1   0   0   0   0  2.13 0.71
  325 N    2 -4  5 -1 -4 -2 -2  2 -3 -5 -6 -2 -5 -6 -4  4 -2 -6 -4 -5   18   0  24   2   0   1   2  16   0   0   0   2   0   0   0  35   0   0   0   0  0.86 0.39
  326 F   -6 -7 -8 -9 -7 -7 -6 -7 -7 -4 -2 -8  0  1 -8 -7 -6 13  0 -4    0   0   0   0   0   0   0   0   0   1   4   0   2   5   0   0   0  83   3   1  4.00 0.97
  327 T   -3 -3  6 -3 -5 -3 -4 -4 -1 -5 -5 -3 -2 -6 -4 -1  6 -7 -5 -4    2   1  35   0   0   0   0   1   2   0   0   1   1   0   0   2  55   0   0   0  1.54 0.58
  328 Y   -6 -7 -7 -8 -7 -7 -7 -8 -5 -4 -4 -7 -4  9 -8 -6 -6 -3  4 -5    0   0   0   0   0   0   0   0   0   0   0   0   0  88   0   0   0   0  12   0  2.92 0.78
  329 I   -3 -6 -6 -6 -4 -6 -6 -7 -6  6  1 -6  1 -3 -6 -5 -4 -6 -4  5    1   0   0   0   0   0   0   0   0  39  12   0   2   0   0   0   0   0   0  46  1.37 0.46
  330 I    0 -5 -5 -5  1 -5 -5 -4 -5  4  3 -5  0  2 -5 -3 -2 -2 -3  3    9   0   0   0   3   0   0   1   0  29  25   0   1  11   0   1   1   1   0  18  0.68 0.29
  331 W   -8 -8 -9-10 -8 -7 -8 -8 -8 -8 -7 -8 -7 -2 -9 -8 -8 13 -3 -8    0   0   0   0   0   0   0   0   0   0   0   0   0   1   0   0   0  99   0   0  5.15 1.17
  332 G   -4 -6 -4 -5 -7 -6 -6  8 -6 -8 -8 -6 -7 -7 -6 -4 -6 -7 -7 -7    0   0   0   0   0   0   0 100   0   0   0   0   0   0   0   0   0   0   0   0  2.69 0.73
  333 A    3 -4 -4 -5  0 -4 -4  2 -4  1  3 -4  1  1 -4 -1 -1 -3 -3  0   27   0   0   0   2   0   0  14   0   7  32   0   3   6   0   2   2   0   0   6  0.44 0.24
  334 W   -2 -5 -6 -6 -1 -5 -5 -6 -2  1  3 -5  2  3 -6 -4 -4  6  6 -2    3   0   0   0   1   0   0   0   1   6  35   0   5   9   0   0   0  10  29   1  1.10 0.40
  335 H   -6 -4  2 -5 -7 -1 -4 -6 10 -5 -4 -5 -4  3 -6 -5 -5 -5  4 -6    0   0   8   0   0   2   0   0  62   0   2   0   0  13   0   0   0   0  12   0  2.25 0.66
  336 G    1 -6 -4 -5 -4 -5 -6  7 -6 -6 -5 -5 -6  2 -6 -4 -5 -6 -4 -6   11   0   0   0   0   0   0  80   0   0   1   0   0   8   0   0   0   0   0   0  1.87 0.57
  337 M    1 -4 -4 -5  1 -4 -4 -1 -4  3  3 -4  1  2 -4 -2 -1 -4 -2  3   11   0   0   0   3   0   0   5   0  18  26   0   3   9   0   2   4   0   0  20  0.44 0.22
  338 W    2 -5 -5 -6 -2 -4 -5 -2 -3  1  2 -5  1  5 -5 -4 -4  3  4 -1   17   0   0   0   1   0   0   3   0   7  23   0   3  25   0   0   0   4  16   2  0.71 0.31
  339 L   -4 -5 -4 -6 -4  0 -5 -6 -4  3  5 -5  2  1 -6 -3 -4 -4 -1  0    0   0   1   0   0   4   0   0   0  16  61   0   5   6   0   2   0   0   1   3  1.01 0.38
  340 A    1 -4 -4 -5  3 -4 -4 -3 -4  3  1 -4  3 -1 -4 -1  0 -4 -2  3   14   0   0   0   6   0   0   1   0  19  14   0   7   2   0   5   5   0   1  24  0.45 0.23
  341 I    0 -5 -5 -5 -1 -4 -5 -4 -5  4  3 -4  1  0  1 -3 -2 -3 -3  3    7   0   0   0   1   0   0   1   0  28  27   0   3   3   6   1   1   0   0  20  0.65 0.29
  342 E   -2 -3  3  0 -4 -1  6 -4  5 -6 -2 -3 -5 -5 -5 -2 -3 -6 -2 -4    3   0  14   5   0   2  54   1  12   0   4   0   0   0   0   1   1   0   1   1  1.15 0.48
  343 R   -4  6 -2 -3 -6 -1 -2 -5  5 -3 -2  4 -1 -4 -5 -3 -3 -6 -4 -4    1  40   2   1   0   2   1   0  15   2   3  30   2   1   0   1   1   0   0   1  1.19 0.46
  344 A    1 -2 -3 -4 -2 -2 -2 -1 -2  1  2 -1  2  2 -3 -2 -1  1  1  1   17   2   0   0   0   1   1   4   0   8  26   3   4   9   0   2   4   2   6   8  0.21 0.15
  345 L   -2 -2 -4 -6 -3 -4 -5 -1 -4  0  1 -4  0  5 -4 -3 -2  9  2 -1    2   3   1   0   0   0   0   5   0   5  15   1   2  25   1   2   3  27   5   5  1.11 0.40
  346 G   -1  1  1 -2 -3 -1 -2  2 -2 -1  2  1  0  0 -3  0 -1  3 -2 -2    3   8   6   2   0   2   1  18   1   2  25   8   2   5   1   7   3   4   0   1  0.17 0.14
  347 V    0  1 -1 -1 -3  0  0  1 -1 -1  0  2 -1  0 -1  0  0  1 -1 -1    8   8   2   2   0   4   4  12   2   4  13  17   1   4   2   6   4   2   1   3  0.07 0.08
  348 N   -1  2  2  0 -4  0  0 -2 -1 -2 -1  3 -1 -2 -1  0  0  1 -2 -2    6  13  13   5   0   2   4   3   1   2   5  24   1   2   3   7   5   2   1   3  0.24 0.16
  349 A    0  2 -2 -2 -2 -1 -2 -1 -1  1  1  1  0  1 -1  0  0  4  0  0    7  14   1   1   1   1   1   4   1   8  13   8   1   7   2   5   7   6   3   6  0.10 0.09
  350 A   -1 -1 -1 -2 -3 -1 -1  1 -1  0  3  0  1  0 -1 -1 -1  1 -1 -1    4   3   3   1   0   1   4  11   1   5  33   8   4   5   3   4   3   2   1   3  0.12 0.12
  351 P   -1  0  1  0 -4  0  1  0  0 -2 -2  2 -2 -2  3  0  0 -1 -1 -3    4   5   7   5   0   4  11   7   2   3   4  14   0   2  18   5   4   1   2   1  0.25 0.14
  352 R   -1  4  0 -3 -3  0 -2  0  0 -3 -3  4 -3 -2 -1  0  0  0 -2 -3    5  24   4   0   1   3   1   7   2   1   1  29   0   2   2   8   4   1   1   2  0.47 0.25
  353 V   -1 -2 -3 -4 -1 -3 -3 -2 -3  2  3 -1  3  1 -2 -1  0  4 -1  1    5   2   1   0   1   0   0   3   1  15  27   3   8   6   2   3   5   7   1   8  0.30 0.17
  354 L   -2  0  0 -4 -3 -3 -3  0  2 -2 -1  0 -2  0  6 -1 -2  3 -1 -3    2   4   6   0   0   1   1   6   5   2   6   6   1   5  42   3   1   4   2   2  0.78 0.32
  355 N    0  3  2  0 -3  0  0  0 -1 -3 -3  3 -3 -3  0  0 -1 -1 -1 -2    9  21   9   4   0   3   7   6   1   1   1  19   0   0   4   6   4   1   2   3  0.29 0.18
  356 P    0 -4 -4 -4 -3 -3 -4 -2 -2  2  1 -3 -1  3  3 -2 -2  4  0  2   10   0   0   0   0   0   0   4   1  14  13   1   1  14  13   2   1   7   2  17  0.40 0.22
  357 L    0 -4 -5 -5  0 -4 -5 -2 -3  3  4 -4  0  3 -3 -3 -3  2 -2  2   10   0   0   0   2   0   0   3   1  17  37   0   1  11   1   1   0   3   0  13  0.56 0.26
  358 K    2  3  0 -3 -1  3 -2  2 -2 -4 -4  1 -4 -4 -2  1 -2 -1 -2 -4   19  17   4   0   1  14   0  18   0   0   1   7   0   0   2  12   1   1   1   0  0.45 0.26
  359 W   -3  2 -1 -5 -3 -1 -4 -4  7  1 -3 -3  2 -3 -6 -4 -2  8 -1  0    1  11   3   0   1   2   0   1  29  10   2   1   5   1   0   1   3  21   2   7  1.15 0.44
  360 V    1 -4 -4 -5 -1 -4 -5 -2 -5  4  3 -4  1  2 -2 -3 -1 -3 -3  2   14   0   0   0   1   0   0   4   0  23  24   0   2  10   2   1   2   0   0  16  0.48 0.24
  361 I   -2 -3 -5 -6 -1 -4 -5 -4 -3  3  3 -5 -1  2 -6 -3 -2 -2  7  0    3   2   0   0   1   0   0   1   0  15  25   0   1   8   0   1   2   0  35   6  0.91 0.38
  362 T    0 -5 -3 -5  0 -5 -5 -5 -6 -3 -2 -5  0 -3 -5 -1  7 -6 -5  1    7   0   0   0   2   0   0   0   0   1   3   0   3   1   0   2  74   0   0   8  1.59 0.61
  363 F   -4 -6 -6 -7 -2 -2 -6 -6 -5  1  3 -4  5  7 -6 -5 -4 -2  0 -2    1   0   0   0   1   2   0   0   0   6  26   1  13  47   0   0   1   0   1   1  1.35 0.48
  364 L   -1 -4 -1 -5 -1 -3 -4 -2  2  2  3 -4  0  3 -4 -2 -2 -2 -1  2    5   0   4   0   1   0   0   3   6   9  37   0   2  14   0   3   2   0   1  13  0.44 0.23
  365 L    1 -5 -5 -6  2 -5 -5 -4 -5  2  3 -5  0  4 -4 -3 -3 -3 -2  2   12   0   0   0   4   0   0   1   0  11  30   0   1  20   0   1   1   0   0  18  0.65 0.29
  366 V   -2 -6 -6 -7 -4 -6 -6 -7 -7  3 -1 -6 -2 -2 -6 -3  0 -3 -4  7    2   0   0   0   0   0   0   0   0  15   4   0   1   1   0   1   6   0   0  70  1.49 0.53
  367 V   -2 -4  1 -3  5 -4 -4 -4 -2  2  1 -4  4 -1 -3 -2  1 -1 -3  3    3   0   9   1  11   0   0   1   1  10  11   0  14   2   1   2   7   1   0  26  0.52 0.27
  368 I   -2 -5 -5 -6 -3 -5 -6 -6 -5  4  3 -5  1  5 -6 -4 -3 -4 -2  3    3   0   0   0   0   0   0   0   0  27  22   0   2  22   0   1   1   0   0  21  0.90 0.35
  369 G    3 -5 -4 -5  1 -4 -5  5 -5 -4 -4 -4 -5 -5 -5  1  1 -6 -5 -4   28   0   0   0   3   0   0  49   0   1   2   0   0   0   0   9   8   0   0   1  1.09 0.43
  370 W   -6 -6 -9-10 -5 -7 -8 -7 -8 -7 -6 -8 -1  2 -9 -8 -8 13 -3 -7    0   0   0   0   0   0   0   0   0   0   0   0   2   7   0   0   0  89   0   0  4.52 1.11
  371 V   -1 -6 -6 -6 -2 -5 -6 -3 -6  4 -1 -5 -1 -4 -2 -4  0 -6 -5  6    3   0   0   0   1   0   0   2   0  20   4   0   1   0   2   0   6   0   0  61  1.21 0.46
  372 I   -5 -6 -6 -7 -5 -6 -6 -7 -5  3  3 -6  2  7 -5 -5 -4  1  0 -1    0   0   0   0   0   0   0   0   0  18  23   0   4  47   1   0   0   2   1   4  1.35 0.46
  373 F   -7 -8 -8 -8 -7 -8 -8 -8 -6 -5 -4 -8 -5 10 -9 -7 -7 -4 -1 -6    0   0   0   0   0   0   0   0   0   0   0   0   0 100   0   0   0   0   0   0  3.41 0.91
  374 R   -2  8 -3 -2 -5 -3 -2 -6 -3 -6 -5 -1 -5  0 -6 -3 -4 -4  0 -4    4  78   1   2   0   0   2   0   0   0   1   1   0   4   0   2   0   0   3   1  1.87 0.64
  375 A    6 -5 -2 -4  0 -3 -4 -3 -3 -2 -3 -4 -3  2 -4  2 -1 -5 -3 -1   61   0   2   0   2   1   0   1   1   2   1   0   0   8   0  15   3   0   1   3  0.97 0.44
  376 E    0 -1  1  3 -5  0  4 -3 -1 -4 -4  0 -3 -5  3  0  1 -5 -4 -3    7   2   7  17   0   3  28   1   1   0   0   4   0   0  13   5   9   0   0   1  0.55 0.28
  377 N   -3 -3  4  4 -5 -3 -1 -2 -2 -6 -6 -3 -5 -6 -4  4  3 -6 -5 -5    0   1  20  26   0   0   2   3   1   0   0   1   0   0   0  30  17   0   0   0  0.98 0.43
  378 L   -3 -5 -5 -6 -4 -5 -6 -5 -5  3  4 -5  4  5 -3 -4 -2  3 -2  1    1   0   0   0   0   0   0   0   0  14  37   0  10  21   1   0   2   3   0   9  0.89 0.35
  379 Q    1 -1  0  1 -4  0  1  2  3 -3 -4  0 -2 -3  1  2  2 -3 -2 -3   10   2   3   7   0   3   9  15   8   1   0   4   1   1   6  16  12   0   1   1  0.27 0.18
  380 V    0 -1  0  3 -4  3  1  0  3 -3 -3  0 -1 -3 -3  0  1 -1  0 -1    9   1   3  16   0  16   7   6   7   1   2   3   2   0   0   8   8   1   3   6  0.25 0.18
  381 A    6 -5 -5 -5 -1 -4 -4  0 -5 -1 -1 -4 -1 -3 -4  0 -2 -6 -5 -2   70   0   0   0   1   0   0   6   0   3   7   0   2   1   0   6   1   0   0   2  1.14 0.48
  382 W   -1 -2 -2 -4 -1 -2 -3  1 -3  1  2 -1  2  3 -4 -1 -2  4  0  1    6   2   1   0   1   1   1  12   0  10  21   4   6  15   0   3   2   7   2   7  0.25 0.16
  383 R    0  1  1  1 -3  1  0  0  1 -1 -1  1  0 -2 -1  1  1 -3  0 -1    7  11   7   7   0   6   5   5   4   4   7   7   2   1   1  10   9   0   3   4  0.08 0.07
  384 M   -4 -5 -5 -5 -3 -5 -5 -6 -2  3  0 -5  6  4 -6 -5 -4  0  6  1    0   0   0   0   0   0   0   0   0  15   7   0  19  14   0   0   0   1  29  11  1.12 0.43
  385 Y   -3 -5 -6 -6 -3 -5 -6 -6 -4  4  4 -5  1  2 -6 -5 -3  1  3  0    1   0   0   0   0   0   0   0   0  23  45   0   3   9   0   0   1   2  11   3  0.96 0.37
  386 E    1  2  0 -2 -4  2 -1  2  0 -3 -2  3 -1 -3 -3  1 -1 -3 -1 -3   12  10   3   1   0  10   3  15   2   1   3  23   2   1   0   8   3   0   2   1  0.31 0.20
  387 A    2  2  1 -2 -2  1 -2  3  0 -1 -3  0 -1 -4 -3  1  0 -4 -3 -1   22  11   6   2   1   7   1  20   3   3   2   6   1   0   0   8   4   0   0   4  0.27 0.18
  388 M   -4 -5 -5 -7 -3 -2 -6 -6 -6  2  2 -5 10 -2 -6 -6 -4 -5 -5 -2    1   0   0   0   0   2   0   1   0  12  18   0  63   1   0   0   0   0   0   1  2.06 0.67
  389 F    0 -5 -6 -6 -1 -5 -5 -5 -5  1  1 -5 -1  8 -6 -3 -3 -1  0  0    9   0   0   0   1   0   0   1   0   6  13   0   1  58   0   2   1   1   1   6  1.33 0.46
  390 S   -2 -3  0  0 -2 -3 -3  5 -1 -2 -3 -3 -3 -1 -3  1  1 -4 -3 -2    1   1   4   4   1   1   1  50   2   2   2   1   1   4   1  12  10   0   1   3  0.74 0.32
  391 F   -1 -2 -1 -2 -3 -2 -3 -1 -1  1  2 -2  2  4  1 -2 -2  0  0  0    6   2   3   2   0   2   1   4   1   9  22   2   7  20   8   3   1   1   2   4  0.25 0.16
  392 G   -1 -1  4  0 -4  0 -2  3  2 -2 -3 -1 -3 -1 -2  1 -1 -1 -2 -2    4   2  23   5   0   3   1  25   6   2   2   2   0   3   2  12   3   1   1   2  0.42 0.22
  393 T    0 -1  1  0 -3 -1 -1  4  0 -2 -1 -1 -2  0 -1  1  0 -2 -2 -2    6   3   6   6   0   3   4  31   3   2   6   2   0   5   3  11   6   1   1   2  0.25 0.15
  394 W   -1 -2  1 -1 -2 -1 -1  0  0  1  0 -2  0  2  0 -1  0  5  1  0    5   2   8   3   1   2   3   8   2   9  10   2   2  13   5   4   4   9   3   7  0.12 0.09
  395 Q    1 -1  0  0 -2  0  0  3  0 -1 -2 -1 -1 -2  1  1  0 -3 -2 -1    9   3   3   4   0   4   7  23   3   4   3   2   1   1   7  14   5   0   1   5  0.17 0.11
  396 L   -1 -3 -2 -2 -3 -1 -1 -2 -2  1  3 -2  0  3  0 -1 -1  1  0  0    5   1   1   2   0   2   3   3   1   9  34   1   2  13   5   4   3   2   3   5  0.22 0.14
  397 S    0 -1 -1 -1 -2  0 -1  0  0  0 -1 -1 -1  0  3  1  0  1  0 -1   10   3   2   3   1   4   3   7   2   6   5   3   1   4  18  13   6   3   3   5  0.17 0.10
  398 E    0 -1  1  3 -2  0  1  0 -1 -1 -1 -1 -1  0  0  0  0  1  0 -1    6   2   6  18   0   4  10   7   1   4   7   2   1   4   5   8   6   2   3   4  0.10 0.07
  399 L    0 -1 -1 -1 -2  0 -1 -1 -1  1  1 -1  1  1  0  0  0  2  1  1   10   2   2   4   0   3   3   5   1   6  17   3   3   8   3   6   5   3   4  12  0.03 0.04
  400 N    0 -1  1  0 -2  0  0 -1  1  0  0 -1  0  0  0  1  1  1  1  0    6   1  10   5   1   3   5   5   4   5   9   3   4   5   4  10   8   2   7   6  0.04 0.05
  401 R    0  0  0  0 -2  0  0  0  0  0  0  0  0  0  0  0  0  0  0  0    9   5   4   3   0   6   5   8   2   6  10   5   2   5   4   8   7   1   3   6  0.02 0.01
  402 A    1  0  0 -1 -2  0  0  0  0 -1  0  0  0  0  0  0  0  3  0  0   15   4   5   2   0   3   8   7   2   3  12   5   3   4   4   7   4   4   4   6  0.04 0.04
  403 N    1  0  1 -1 -2  0 -1  0  0 -1 -1  0  0  0  0  1  1 -1  1  0   11   5   7   3   0   4   3   8   2   3   7   6   2   6   4   9  10   1   5   5  0.04 0.04
  404 L   -1 -2 -1 -2 -2 -2 -2 -2 -3  2  3 -2  1  1 -2 -2 -1  1  1  1    4   2   4   2   0   1   2   4   0  10  33   3   3   7   2   3   4   2   6   9  0.21 0.13
  405 T    0 -1 -1 -1 -2 -1 -1  0  0  0  1 -1  1  2 -1  0  1  0  3  0    6   4   3   3   0   2   3   6   2   6  12   3   5  10   2   6  11   1  12   6  0.07 0.07
  406 G    0 -1  0 -1 -2 -1 -1  1  0 -1 -1 -1  0  2  1  0  0  1  2 -1    9   3   6   3   1   2   3  10   2   4   7   3   2  10   8   5   5   2  10   4  0.08 0.06
  407 L   -2 -2 -2 -2 -2 -1 -2 -2 -1  1  3 -1  2  1 -2 -1  0  0  1  1    2   2   2   1   0   3   2   2   1   8  33   4   7   6   1   6   5   1   4  10  0.21 0.13
  408 Q    0  0  0  0 -1  1  0  0  0  0  0  0  0  0 -1  0  0  1  1  0    7   6   5   3   2   7   7   7   3   5   7   7   3   5   3   7   5   2   5   5  0.02 0.01
  409 V    0 -2 -1 -1 -1 -1 -1  0 -2  2  1 -1  1  1 -1 -1  0  2  0  1    8   1   3   4   1   1   3   6   0  12  16   2   4   6   2   5   5   3   3  14  0.06 0.06
  410 G    1 -2  0 -1  0 -1 -2  1  0  0  1 -2 -1  1 -1 -1 -1  2  2  0   14   2   6   2   2   2   1  10   2   5  14   2   1   7   3   4   3   2  11   6  0.07 0.08
  411 T    1 -2 -2 -2 -1 -1 -2  1 -2  1  1 -2  1  2  0 -1  0  1 -1  1   11   2   2   1   1   2   2  11   0  10  16   2   3  10   4   3   8   3   2   9  0.09 0.08
  412 L   -1 -3 -3 -4 -2 -2 -3 -2 -3  2  3 -2  1  2 -3 -2 -1 -2  1  2    4   1   1   1   1   1   2   3   0  14  32   2   4  10   1   3   2   0   4  14  0.35 0.17
  413 V    0 -3 -3 -3 -1 -2 -3 -3 -3  3  2 -2  1  1 -2 -2  0 -1 -1  3    8   1   1   1   1   2   1   2   1  22  21   2   4   6   2   2   4   1   1  19  0.31 0.16
  414 L    0 -3 -3 -4  2 -2 -3 -1 -3  2  3 -3  2  2 -2 -2 -1  1  0  1    6   1   1   1   4   1   1   4   0  15  31   1   5  10   2   1   3   2   2  10  0.32 0.16
  415 A    2 -2 -1 -2  2 -1 -1  1  1  1  1 -2  0  1 -1  0 -1 -1 -1  0   20   1   2   2   5   2   2  10   4   8  14   1   2   7   3   5   3   1   1   5  0.08 0.09
  416 Y   -1 -3 -1 -3 -1 -3 -3  0 -1  2  1 -3  1  3 -3 -1 -1  4  2  2    6   1   3   1   1   1   1   8   1  11  11   1   4  16   1   3   3   7   8  13  0.26 0.14
  417 L    1 -3 -2 -2  2 -2 -2 -1 -2  2  2 -2  1  1 -1 -1 -1  2 -1  1   13   1   1   2   4   1   1   4   1  14  23   1   3   6   3   3   2   3   2  11  0.16 0.11
  418 V    1 -3 -2 -3  2 -2 -3  0 -3  3  1 -2  0  0  0 -1 -1  0 -1  2   11   1   1   1   4   2   1   6   0  18  11   1   2   5   4   4   4   1   2  21  0.18 0.12
  419 L   -1 -2 -2 -2  1 -2 -2 -2 -2  3  2 -2  1  2 -2  0 -1 -2  1  1    3   1   1   2   3   2   1   2   1  19  23   2   2   8   2   7   3   0   5  12  0.20 0.11
  420 A    2 -1 -1 -1  0 -1  1  0  0  0  0 -1  0  1 -1  0  0 -2  0  0   20   3   2   2   3   1  10   8   2   5   8   3   2   7   2   7   5   0   3   9  0.05 0.06
  421 F    0 -2 -2 -2  0 -1 -2 -1 -3  1  1 -2  1  3  0  0 -1  6  0  0    9   1   1   2   3   2   2   5   0   8  11   2   4  17   5   7   2  11   2   5  0.27 0.14
  422 F   -1 -1 -2 -2 -1 -1 -1 -2 -1  1  1 -2  1  4  0 -1  1  1  1  0    4   4   2   2   2   2   4   4   1  10  12   2   3  21   5   5   9   2   3   7  0.14 0.09
  423 G    0 -1  1 -1 -1  0  0  3 -2 -1 -1 -1 -1 -1  3 -1 -1  2 -2 -1    6   3   7   4   1   3   5  24   1   5   8   3   1   3  13   4   2   3   1   3  0.20 0.10
  424 L    0  1 -1 -2  1 -1 -1 -1 -1  1  2  0  0  0 -1 -1  0  2 -1  0    6  10   3   1   3   2   3   4   1  12  21   6   2   5   2   5   4   3   1   6  0.06 0.05
  425 R    1  2 -1 -1 -2  0  0 -1 -1  0 -1  1  0  0  2  0  0 -1 -1  0   13  14   3   2   1   4   5   3   1   6   6   7   2   5   9   4   5   1   2   7  0.08 0.05
  426 Q    0  1  0  0 -1  1  0  0  0  0  0  1 -1 -1  0  0 -1  2 -1 -1    8   8   5   7   1   9   4   6   2   5   8  12   1   3   5   4   3   3   1   4  0.05 0.04
  427 F   -1  0  0 -1 -1  0  0 -2  0  0  1  0  0  2  0 -1  0  2  1  0    3   7   5   3   1   3   6   3   2   6  15   7   2  11   4   4   4   3   6   8  0.04 0.03
  428 Y    0  0 -1 -1  0 -1  0 -1  0  1  0  0 -1  1 -1 -1  0  3  3  0    7   5   2   2   2   2   5   4   2   8  11   5   1   7   2   4   6   5  14   5  0.10 0.06
  429 N    1  0  1 -1  1  0  0  1  0 -1 -1  0 -1 -1  0  1  0  0 -1 -1   13   5   8   3   4   4   4  10   2   4   5   6   1   4   5  10   6   2   2   3  0.05 0.03
  430 Q    0  1  0 -1 -1  0  0 -1  0  0  0  1  1  0  0  0  0 -1  0  0    7   7   6   3   1   4   5   3   2   6  13   9   4   5   5   6   7   1   2   5  0.03 0.02
  431 P    0  1  0 -1 -2  0  0 -1 -1  0  0  0 -1 -1  4  0  0  0 -1  0   10   9   3   2   1   3   5   3   2   6  10   6   1   3  19   4   5   1   2   5  0.17 0.07
  432 L    0 -1 -1 -1  0 -1 -1 -1 -1  2  1 -1  0  2 -1 -1  0  0  0  1    6   3   2   3   2   3   4   6   1  14  19   3   1  10   3   4   5   1   2   9  0.05 0.04
  433 Q    0  0 -1 -1  0  1  0  0  0  0  0  1  0  0  0  0  0  1  1  0    6   6   2   2   2   6   5   6   2   5   9  11   2   3   3   8   3   2   5   9  0.02 0.02
  434 T    0  1 -1  0 -1  0  0  0 -1  0  0  1 -1 -1  0  0  1  1 -1 -1    5   8   2   4   1   3   4   8   1   4  13  12   1   3   5   8   8   2   2   4  0.04 0.03
  435 K    0  1  0 -1 -1  0  0 -1  0 -1 -1  2 -1  0  1  0  0  3  0 -1    7   8   5   2   1   3   5   5   2   4   8  15   1   5   7   7   5   5   3   3  0.08 0.05
  436 A    0 -1 -1 -1 -1 -1 -1  0 -1  1  1  0  0  0 -1 -1  0  2  0  0   11   4   3   2   1   2   4   6   2  10  20   6   2   5   3   4   3   4   2   7  0.03 0.03
  437 P    0 -1  0 -1 -2 -1 -1  0 -1  0  0  0 -1  0  3  0 -1  1 -1  0    6   4   4   4   1   2   3   6   1   5  11   8   1   6  18   7   3   2   2   8  0.14 0.06
  438 K    0  1  0 -1 -1  0  0 -1  0  0  0  1  0  0  0  0  0  1  0  0    8   9   5   2   1   3   4   5   2   4  10  15   2   4   3   5   6   3   3   7  0.03 0.03
  439 A    0  0 -1 -1  0  0 -1 -1 -1  0  1  0  0  0  0  0  0  2  1  0   11   7   3   2   2   3   3   4   1   3  15   7   3   4   5   8   4   4   5   7  0.04 0.03
  440 A    1 -1  0 -1  0  0 -1  0 -1  1  0 -1  0  0  0  0  0 -1 -1  0   13   3   5   2   3   3   3   8   1  10  12   4   3   4   5   4   5   1   2   9  0.02 0.02
  441 A    1  0 -1 -1 -1  0  0  0 -1  0  0  0  0  1  1  0  0 -1 -1  0   16   4   2   2   1   4   4   6   1   6  12   6   1   7   7   4   5   1   2   9  0.03 0.03
  442 N    0  0  2  0 -1  0  0  0 -1  0  0  0  1  0 -1  0  0  1  0  0    8   6  14   4   1   5   4   6   1   7   9   4   4   3   3   5   6   2   2   5  0.03 0.03
  443 S    0  0  0 -1  0  0 -1 -1 -1  1  0  0  0  0  0  1  1  1  0  0    9   4   4   2   2   3   4   4   1  10   9   4   2   4   5  11   9   3   3   7  0.02 0.02
  444 D    0 -1  0  0 -1  0  0  0  0  0  0  0  0  0  0  0  0  2  0  0    7   3   4   5   1   6   7   6   2   7  12   4   3   4   4   5   3   4   3   7  0.02 0.01
  445 E    0  0  0  0 -1  1  1  0 -1  0  0  0  0  0  0  0  0  1 -1  0    8   7   5   3   1   6   8   8   1   6  11   6   2   4   4   7   4   2   2   5  0.02 0.01
  446 V    0 -1 -1 -1 -1 -1 -1 -1 -1  2  1 -1  1  0 -1 -1  0  1  1  2    6   2   3   2   1   2   3   4   2  16  13   3   3   3   3   3   6   2   5  18  0.08 0.05
  447 A    1  0  0  0 -1  0  0 -1 -1  0  0  0  1  0  0  0  0 -1  0  0   13   3   4   4   1   2   4   5   1   7  11   6   5   4   3   9   6   1   4   6  0.01 0.01
  448 A    1  0  0 -1 -1  0  0  0 -1  0  0  0  0  0  1  0  0  1  0  0   15   4   3   3   1   6   5   5   1   5  12   4   2   4   7   5   5   2   3   8  0.03 0.02
  449 D    0 -1  0  1 -1  0  0  0  0  0  0  0  0  0  0  0  0  0  0  0    7   3   3   9   1   4   5   7   2   8  12   4   3   6   4   6   6   2   4   5  0.01 0.00
  450 G    0 -1  0  0 -1  0 -1  2 -1  0  0  0  0  0  0  0  0 -1 -1  0    8   3   4   4   1   3   4  18   1   5  13   4   2   4   4   6   7   1   2   6  0.04 0.02
  451 P    0  0  0 -1 -1  0  0  0  0  0  0  0  0 -1  2  0  0 -1 -1  0    6   5   3   3   1   3   6   6   2   9   9   4   3   3  13  10   6   1   2   5  0.07 0.02
  452 A    1 -1  0  0  0  0  0  0  0  0  0  0  0 -1  1  1  1  1 -1  0   13   3   6   5   2   3   4   7   2   5   8   4   2   3   5  10   8   2   2   6  0.03 0.01
  453 S    0  0  0  0 -1  0  0  0 -1  0  0  0  0  0  0  0  1 -1  0  0    8   3   4   4   1   3   5   8   1   7  13   5   2   5   5   6  10   1   4   5  0.01 0.01
  454 A    0  0  0 -1 -1  0  0  0  0  0  0  0  0  0  0  0  0  0  0  0   12   5   5   3   1   4   5   5   2   8  13   5   1   2   3   7   6   1   4   8  0.01 0.00
  455 Q    0  1  0  0  0  1  0  0  0  0  0  0  0 -1  0  0  0 -1 -1 -1    8   7   6   4   2   9   7   6   2   5  12   5   3   3   4   6   5   1   2   4  0.03 0.01
  456 P    0 -1 -1 -1 -1 -1 -1 -1 -1  0  0 -1  0  1  4  0 -1  3  0  0    7   3   3   4   1   3   4   5   1   5   8   4   2   6  19   6   4   5   2   7  0.17 0.05
  457 R    0  1  0 -1 -1  0  0  0 -1  0  0  0  0  0  0  0  0  1  0  0    9  11   5   3   2   3   4   8   2   5  10   5   3   4   5   5   6   3   2   7  0.02 0.01
  458 A    0  0  0  0  0  0  0  0  0  0  0  0  0  0  1  0  0  0  0  0    9   4   4   4   3   4   5   8   3   7  11   4   2   4   6   6   7   1   3   6  0.01 0.17
  459 P    0  0  0  0  0  1  0  0  0  0  0  0  0  0  1  0  0  0  0  0    7   6   4   3   3   7   5   8   2   5  10   6   2   4   8   6   5   1   2   5  0.03 0.01
  460 R    0  2  0  0 -1  1  1 -1  0 -1  0  0  0  0  0  0  0  0  1  0    7  13   4   4   1   5   8   5   2   4  10   6   2   4   4   6   5   1   5   5  0.04 0.02
  461 E    0  0  0  0 -1  0  0  0 -1  0  0  0  0  0  0  0  0  0  0  0    9   7   5   5   1   4   6   5   1   7  11   5   2   5   4   6   7   1   2   6  0.01 0.00
  462 A    1  0  0  0  0  0  0  0  0  0  0  0  0  0  0  0  0  2  0  0   13   4   3   4   2   4   6   5   2   6  11   4   3   4   5   6   7   3   3   6  0.02 0.01
  463 A    1  0  0 -1 -1  0  0  0 -1  0  0  0  0  0  1  0  0 -1  0  0   16   5   3   4   1   4   5   8   1   6   9   4   3   4   8   6   5   1   3   4  0.04 0.01
  464 G    0  0  0  0 -1  0  0  1 -1  0  0  0  0  0  0  0  0 -1 -1  0    7   4   4   4   2   4   5  15   2   5  12   5   1   3   4   8   5   1   2   5  0.03 0.01
  465 D    0  0  0  1 -1  0  0  0  0  0  0  0  0  0  0  0  0  0  0  0    9   5   4   8   1   3   5   8   2   5  12   4   4   4   4   5   5   1   4   7  0.01 0.00
  466 P    0  0  0  0 -1  0  0  0  0  0  0  0  0  0  2  0  0 -1  0  0    8   5   4   4   2   4   7   5   3   6   8   7   2   4  10   6   5   1   2   7  0.05 0.01
  467 A    0  0  0  0 -1  0  0  0  0  0  0  0  0  0  1  0  0  0  0  0   11   5   4   6   1   4   5   8   2   5   8   4   2   4   7   9   4   1   2   6  0.03 0.01
  468 A    0  0  0  0  1  0  0  0 -1  0  0  0  0  0  1  0  0 -1  0  0   10   5   3   5   4   3   5   8   1   5   8   5   1   3   5   8   7   1   3   8  0.02 0.00
  469 I    0  0  0  0 -1  0  0 -1 -1  0  0  0  0  0  1  0  0  0  0  0    7   6   3   4   2   3   4   5   1   8  13   5   2   3   7   7   5   1   4   8  0.02 0.00
  470 A    0  0  0  0 -1  0  0  0  0  0  0  0  0  0  1  0  0 -1  0  0    9   5   5   4   1   3   5   6   3   6  14   3   2   4   8   5   6   1   4   7  0.02 0.01
  471 Y    0  0  0 -1 -1  0  0  0  1  0  0  0  0  0  1  0  0  1  0  0   11   4   3   3   1   4   6   5   5   5  11   4   3   6   5   5   5   3   4   6  0.01 0.01
  472 S    0  0  0 -1  0  0  0  0  0  0  0  0  0  0  1  0  0  0  0  0    8   7   3   3   2   4   5   7   3   5  10   6   2   3   6   9   5   2   3   6  0.02 0.00
  473 P    0  0  0 -1 -1  0  0  0  0  0  0  0  0 -1  2  0  0  0  0  0    7   5   4   3   1   3   4   6   3   5  12   6   1   3  13   6   5   2   3   6  0.06 0.02
  474 S    0  0  0  0 -1  0  0  0  0  0  0  0  0 -1  0  0  0  1  0  0   10   6   5   4   1   4   5   7   2   4  10   7   2   2   5   8   7   2   3   7  0.02 0.00
  475 G    0  0  0  0 -1  0  0  0  0  0  0  0  0 -1  1  0  0  1  0  0    7   4   5   5   1   4   7  10   2   5   9   5   2   3   6   6   6   2   3   7  0.03 0.00
  476 A    0  0  0  0 -1  0  0  1  0  0  0  0  0  0  0  0  0  1  0  0   12   6   4   4   1   4   6  10   2   5   9   8   2   3   5   7   5   2   3   5  0.03 0.01
  477 L    0  0  0  0 -1  0  0  0 -1  0  1  0  0  0  1  0  0  0  0  0    8   6   4   4   1   5   5   6   1   6  15   4   2   4   7   7   5   1   2   6  0.02 0.01
  478 V    0  0  0 -1 -1  0  0  0  0  0  0  0  0  0  0  0  0  0  0  0    7   7   4   3   2   4   5   7   2   6  12   4   3   4   4   5   6   1   3  11  0.00 0.00
  479 Y   -1  0  0 -1 -1  1  0  0  0  0  0  0 -1  1 -1  0  0  5  2  0    5   5   4   4   1   6   6   6   3   5   8   5   1   6   3   7   4   9   7   5  0.10 0.04
  480 Q    0  1  0  0 -1  1  0  0  0 -1  0  1  0 -1  0  0  0 -1  0 -1    7   9   4   3   1   7   7   6   2   4  10   8   3   3   5   7   6   1   3   5  0.04 0.02
  481 P    0  0  0  0 -1  0  0 -1 -1 -1  0  0  0  0  3  0  0  0 -1 -1   10   7   3   4   1   5   5   5   2   4   8   7   2   5  15   6   4   1   2   5  0.11 0.04
  482 S    0  1  0  0 -1  0  0 -1  0 -1  0  0  0  0  0  0  0  0  1  0   10  10   5   4   1   4   5   5   2   4   9   6   1   4   3  10   4   1   5   5  0.02 0.01
  483 W   -1  0 -1 -1 -1  0 -1  0  0 -1  0  0  0  1 -1  0  0  6  0  0    6   7   3   3   1   3   4   6   2   3   8   8   2   6   4   6   6  13   3   6  0.16 0.06
  484 L    0  0  0  0 -1  0  0 -1 -1  0  1  0  0  0  0  0  0  0  0  0    8   6   5   4   1   4   5   5   1   4  15   4   3   6   4   6   7   1   4   7  0.01 0.01
  485 S    1  1  0 -1  0  0  0  0  0 -1 -1  0  0 -1  0  1  0  2  0 -1   11  11   5   2   2   2   4   9   2   3   7   7   2   3   4  11   5   4   4   5  0.05 0.03
  486 Q    0  1 -1  0 -1  0 -1  0 -2 -1 -1  0  0  0  0  0  1  5 -1  0    9   7   3   6   1   3   3   7   1   3   7   6   3   5   4   6   9  10   1   7  0.12 0.07
  487 L    0  1 -1 -2 -1  0 -1 -1 -1  0  1  0  0  0 -1  0  0  4  0  0    8  10   3   2   1   5   3   5   1   6  12   6   3   4   3   6   5   8   2   9  0.08 0.05
  488 P    1  0 -1 -2  0 -1 -1  0 -2 -1  0 -1  0  0  4  0  0  1  0 -1   11   4   2   2   2   2   4   8   1   3   9   3   2   5  20   7   6   2   4   3  0.19 0.09
  489 V    0  0  1  0  0  0 -1  0 -1  0  0  0  0 -1 -1  1  1 -1  0  0    8   7   7   4   2   4   3   5   1   7  10   4   2   3   2  11  11   1   3   7  0.03 0.03
  490 L    0 -1 -2 -2 -1 -2 -2 -1 -2  1  2 -2  1  2 -1 -1  0  1  2  1    8   3   1   1   1   1   2   5   1   9  19   2   3   8   3   5   6   2   7  12  0.11 0.08
  491 A    1 -1 -2 -2 -2 -2 -2  1 -2  1  1 -1  0  1 -2 -1  0  2  0  1   16   4   1   2   1   1   2  10   0   7  14   3   3   6   1   4   4   3   3  15  0.09 0.08
  492 T    0  0 -1 -2 -1 -1  0 -1 -1  0  0 -1  1  0 -2  0  0  5  2  0    7   7   3   2   2   2   5   5   1   5   8   4   5   4   2   7   7   9   8   8  0.11 0.08
  493 R    2  0 -1 -2  0 -2 -2  1 -2  0  0 -2 -1  0  2  1  0 -2  0  0   18   6   3   2   2   1   1  11   0   4   8   1   1   4  11   9   5   1   3   7  0.12 0.09
  494 L    1 -3 -3 -4 -1 -2 -3 -2 -3  2  2 -3  1  1 -3 -1 -1  2 -2  3   14   1   1   1   1   1   1   3   0  14  24   1   3   5   1   3   4   3   1  18  0.32 0.17
  495 A    2 -3 -2 -3  0 -2 -3  1 -3  1  1 -2  1  1 -2 -1 -1  0  0  1   20   1   1   1   2   1   1  14   0   6  17   1   3   6   1   4   3   1   3  13  0.19 0.14
  496 L    0 -3 -2 -3  1 -2 -3 -3 -3  1  3 -3  1  0 -1 -1  1 -3  3  2    7   1   2   1   3   1   1   1   0   7  27   1   4   3   3   6   9   0  10  13  0.27 0.16
  497 L    1 -3 -3 -4 -1 -3 -3  1 -3  2  2 -3  2  2 -2  0  0  0 -2  2   12   0   0   1   1   0   1  10   0  10  22   1   4   9   1   7   4   1   1  13  0.24 0.15
  498 L    2 -3 -3 -4 -2 -3 -3  1 -4  2  2 -3  1 -1 -2 -1 -1 -4 -2  2   18   0   0   1   1   0   1  13   0  12  24   1   3   2   2   4   4   0   1  13  0.30 0.18
  499 L   -1 -4 -4 -5 -1 -4 -4  0 -4  2  5 -4  3  0 -4 -3 -2 -4 -1  1    5   0   0   1   1   0   1   8   0   9  50   1   7   3   0   2   1   0   2   9  0.68 0.30
  500 F   -2 -5 -5 -5 -2 -5 -5 -3 -3 -1  3 -5  3  7 -5 -4 -2 -1 -1 -2    4   0   0   0   1   0   0   2   0   2  27   0   6  47   0   1   3   1   1   2  1.24 0.45
  501 A    2 -4 -3 -4 -1 -3 -4 -2 -3  2  2 -3  1  2 -3 -1 -1  0  1  2   18   0   1   0   1   0   1   3   0  14  17   1   3  11   1   3   3   1   4  17  0.32 0.18
  502 A    1 -3 -4 -4  1 -4 -4 -3 -4  3  3 -4  0  0 -4 -2 -1  2  0  2   13   1   0   0   3   0   1   2   0  17  30   0   1   4   0   2   3   2   4  15  0.45 0.22
  503 S    2 -4 -3 -3  6 -4 -3 -2 -3 -3 -4 -4 -3 -5 -4  5  1 -5 -4 -1   18   0   1   1  15   0   1   3   1   1   1   0   1   0   0  46   7   0   1   4  1.01 0.45
  504 V   -1 -4 -4 -4 -3 -4 -4 -3 -4  4  2 -4  1 -1 -4 -1  2 -4 -2  4    4   0   0   1   0   0   1   2   0  25  16   1   4   2   0   4  12   0   1  26  0.58 0.27
  505 L    3 -3 -3 -3  1 -2 -3 -1 -3  1  2 -2  4 -1 -3  0  0 -2 -2  0   24   1   0   1   2   1   1   4   0  10  19   1  11   3   0   8   6   1   1   6  0.29 0.19
  506 K    0  0 -2 -3 -2 -1 -2 -3  0 -2  0  1  1  2 -3  1 -1  0  5 -1    6   6   2   1   1   2   2   1   1   1  10   8   4   7   1  14   3   1  24   5  0.34 0.21
  507 L   -2 -5 -5 -5 -3 -4 -5 -4 -5  2  5 -5  3 -1 -5 -4 -3 -4 -2  0    3   0   0   1   1   1   0   1   0  11  62   0   7   2   0   1   1   0   1   6  1.08 0.41
  508 S    2 -3 -1 -3 -2 -2 -3 -1 -3  1 -1 -3  0 -2 -3  2  0 -1 -2  4   18   1   3   1   1   1   1   5   1   8   4   1   2   1   1  16   5   1   1  31  0.38 0.23
  509 A    2 -1  2  1 -3 -2 -2  2 -3 -2 -2  1 -2 -2 -2  1  1 -2 -2 -2   21   3  11   6   0   1   2  15   0   3   4   8   1   2   1  12   8   0   1   1  0.24 0.16
  510 Q    1 -1  1  1 -4  3  0  3 -2 -2 -4 -2 -4 -5 -3  2  0 -5 -4 -3   10   3   7   8   0  13   7  24   1   2   1   1   0   0   1  15   4   0   0   1  0.41 0.24
  511 S   -1  0 -2 -1 -4  0 -2  0 -3 -5 -5 -3 -4 -5  0  4  5 -6 -5 -3    4   5   2   3   0   3   2   6   0   0   1   0   0   0   4  33  35   0   0   1  0.85 0.43
  512 Y   -3 -4 -4 -4 -5 -4 -3 -5  1 -1 -3 -4 -4  5 -1 -2 -2 -2  8  0    2   1   1   1   0   1   2   1   3   3   1   1   0  20   3   4   3   0  46   6  1.33 0.50
  513 S   -3 -4  7 -3 -5 -2 -4 -4 -1 -6 -6 -3 -5 -6 -4  5  0 -6 -5 -2    1   1  47   0   0   1   0   0   1   0   0   1   0   0   1  37   4   0   0   4  1.48 0.60
  514 P   -3 -6 -6 -5 -7 -2  3 -7 -6 -7 -7 -5 -7 -8  8 -3 -3 -8 -7 -4    2   0   0   0   0   2  18   0   0   0   0   0   0   0  72   1   2   0   0   1  2.34 0.80
  515 F   -8 -9 -9 -9 -8 -9 -9 -9 -7 -6 -5 -9 -6 10 -9 -8 -8 -5 -2 -6    0   0   0   0   0   0   0   0   0   0   0   0   0 100   0   0   0   0   0   0  3.69 1.06
  516 L   -6 -7 -8 -8 -6 -7 -8 -8 -8  6  6 -7 -2 -3 -7 -7 -5 -6 -6 -2    0   0   0   0   0   0   0   0   0  36  63   0   0   0   0   0   0   0   0   0  1.85 0.65
  517 Y   -8 -8 -8 -9 -8 -7 -8 -9 -4 -7 -7 -8 -7 -3 -9 -8 -8 -3 10 -7    0   0   0   0   0   0   0   0   0   0   0   0   0   0   0   0   0   0 100   0  3.97 1.18
  518 F   -5 -8 -8 -9 -8 -8 -9 -9 -6 -6 -4 -8 -3 10 -9 -8 -6 -4  2 -6    1   0   0   0   0   0   0   0   0   0   1   0   0  91   0   0   0   0   6   0  3.26 0.96
  519 Q   -6  6  4 -5 -8  6 -3 -6 -3 -8 -7  0 -6 -8 -6 -4 -5 -7 -6 -7    0  41  16   0   0  36   0   0   0   0   0   5   0   0   0   0   0   0   0   0  1.80 0.70
  520 F   -8 -9 -9 -9 -8 -9 -9 -9 -7 -6 -5 -9 -6 10 -9 -8 -8 -5 -2 -6    0   0   0   0   0   0   0   0   0   0   0   0   0 100   0   0   0   0   0   0  3.69 1.06

                      K         Lambda
Standard Ungapped    0.1419     0.3292
Standard Gapped      0.0558     0.2670
PSI Ungapped         0.1821     0.3172
PSI Gapped           0.0558     0.2670
