
Last position-specific scoring matrix computed, weighted observed percentages rounded down, information per position, and relative weight of gapless real matches to pseudocounts
           A  R  N  D  C  Q  E  G  H  I  L  K  M  F  P  S  T  W  Y  V   A   R   N   D   C   Q   E   G   H   I   L   K   M   F   P   S   T   W   Y   V
    1 M   -4 -4 -5 -6 -4 -3 -5 -6 -5 -2  1 -4 10 -3 -6 -5 -4 -4 -4 -2    0   0   0   0   0   0   0   0   0   0  11   0  89   0   0   0   0   0   0   0  2.40 0.61
    2 A    6 -4 -3 -4 -3 -3 -3 -2 -4 -3 -3 -3 -3 -5 -3  3 -2 -5 -4 -3   70   0   0   0   0   0   0   1   0   0   2   0   0   0   0  27   0   0   0   0  1.13 0.42
    3 S    3 -3 -1 -1 -3 -2 -1  3 -1 -3 -3 -2 -3 -4 -3  2  1 -4 -4 -2   35   0   1   2   0   1   4  28   1   1   1   1   0   0   0  18   7   0   0   1  0.54 0.25
    4 E   -1 -2 -1  1 -5  1  6  0  2 -2 -4 -1 -4 -5 -2  0 -1 -5 -3 -4    3   0   1   6   0   3  59   7   6   3   0   1   0   0   1   6   2   0   1   0  0.83 0.33
    5 N    2 -2  1  0 -3  0  3  0 -2 -2 -2  0 -1 -3 -2  1  0 -3 -1 -1   22   0   7   4   0   3  23   6   0   2   1   6   1   0   1  10   6   0   2   4  0.23 0.14
    6 M   -1 -2 -2 -3 -3  1 -2  2  0  1  2 -2  2 -2  2 -1 -1 -3 -2  0    2   1   1   0   0  11   1  17   2   7  26   1   7   0  12   4   2   0   1   5  0.21 0.14
    7 T   -1 -4  1 -2 -4 -3 -2  0 -4 -4 -4 -3 -3 -5 -3  2  6 -5 -4 -2    3   0   7   1   0   0   2   8   0   0   0   0   0   0   0  15  62   0   0   1  1.02 0.42
    8 P    3 -4 -3 -3 -3 -2 -3 -3 -4 -2 -3 -3 -2 -4  5  3  2 -5 -3 -2   31   0   0   0   0   1   0   0   0   1   2   0   0   0  29  22  11   0   0   2  0.80 0.33
    9 Q    2 -1 -1 -2 -3  3 -1  0  0 -2 -3  0 -2 -4 -3  3  3 -4 -3 -1   15   1   1   0   0  17   2   7   2   1   0   3   0   0   0  25  20   0   0   4  0.40 0.24
   10 D   -1 -3 -1  2 -5  0  5  2 -2  0 -4  0 -4 -5 -3  1 -2 -5 -2 -4    3   0   1  10   0   2  47  15   0   7   0   4   0   0   0  10   0   0   1   0  0.66 0.31
   11 Y   -5 -5 -5 -3 -6 -2 -5 -7  3 -3 -5 -5 -4  0 -6 -5 -5 -1 10 -5    0   0   0   1   0   2   0   0   6   2   0   0   0   0   0   0   0   0  89   0  2.67 0.72
   12 I   -4 -6 -6 -6 -4 -6 -6 -7 -6  8 -1 -6 -1 -3 -6 -5 -4 -6 -4  2    0   0   0   0   0   0   0   0   0  89   1   0   1   0   0   0   0   0   0  10  1.94 0.58
   13 G    0 -1  0 -2 -4  4  1  2  1 -3 -4  2 -3 -4 -3  1  0 -4 -3  0    6   1   4   1   0  27   6  19   3   1   0  13   0   0   0  10   4   0   0   7  0.41 0.24
   14 H   -6 -4 -3 -5 -7 -2 -2 -5 11 -7 -7 -5 -6 -5 -6 -5 -6 -6 -2 -7    0   0   0   0   0   1   2   0  97   0   0   0   0   0   0   0   0   0   0   0  3.50 0.88
   15 H   -6 -4 -3 -2 -7 -3 -4 -6 11 -7 -7 -5 -6 -5 -6 -5 -6 -6 -1 -7    0   0   0   2   0   0   0   0  97   0   0   0   0   0   0   0   0   0   1   0  3.49 0.88
   16 L   -4 -5 -6 -6 -4 -5 -5 -6 -5 -1  6 -5  1 -2 -5 -5 -1 -4 -4 -2    0   0   0   0   0   0   0   0   0   0  91   0   3   0   0   0   4   0   0   0  1.56 0.52
   17 N   -2 -2  1 -2 -3  4 -1 -2  3 -3 -3  0  0 -4 -1  0  4 -4 -2 -1    1   0   6   1   0  22   2   3   8   0   1   3   2   0   2   7  36   0   1   5  0.52 0.29
   18 N   -4 -3  6 -2 -5 -1 -1 -4  7 -2 -4 -3 -4  2 -3 -1 -3 -4  1 -2    0   0  46   1   0   2   2   0  25   2   0   0   0   9   1   3   0   0   3   3  1.14 0.42
   19 L   -1 -4 -3 -5 -4 -4 -4 -4 -3  0  5 -4  1  1 -5 -4 -3  5 -2 -1    5   0   1   0   0   0   1   1   0   2  68   0   3   6   0   1   0   8   0   2  0.97 0.37
   20 Q   -2 -2  2 -2 -2  4  0 -3  1 -3 -3  0 -3 -4 -3  1  4 -4 -1 -1    2   1   9   0   1  20   5   1   3   1   1   6   0   0   0  12  35   0   2   3  0.53 0.29
   21 L   -1 -2 -2 -3  0 -2 -2 -3 -2  1  2 -2  2  3 -2 -1  0  0  3  2    2   1   1   1   2   1   1   1   0  10  17   3   6  13   1   4   6   1  12  16  0.21 0.11
   22 D    0 -2  0  2  2 -1 -2  4  0 -3 -3 -2 -1 -1  0  0 -2 -3 -2 -3    7   1   4  15   5   2   1  40   2   1   2   2   2   3   4   6   1   0   1   1  0.43 0.17
   23 L   -1 -1 -1 -1 -2  1  0  0  2  0  2  0  1  0 -1  0  0  0  0  0    4   2   2   3   1   7   4   8   7   4  24   6   3   2   2   5   8   1   3   5  0.04 0.05
   24 R    0  1  0 -1 -1 -1 -1  0  3 -2 -1  0  0 -1 -1  1  0  6  0 -1    6   8   4   2   1   2   3   9   9   2   5   4   3   2   2  11   7  14   3   3  0.22 0.09
   25 T   -1 -1  1  1 -2  0  0  1  0 -1 -1  0 -1 -1  0  0  2 -1  0 -1    3   2   6  10   1   4   3  11   2   3   4   5   1   3   4   7  22   1   4   4  0.11 0.06
   26 F   -1 -1 -1 -1 -1 -1 -1  0 -1  1  1 -1  1  4 -1 -1 -1  4  0  0    4   2   3   3   1   2   6   8   1   8  11   3   3  22   2   3   4   6   1   7  0.13 0.06
   27 S    2 -1  1 -1 -1  0  0  1  1 -2 -1  0 -1 -2 -1  1  1 -2 -1 -1   23   2   6   2   1   5   7   9   5   2   4   6   1   1   2  11   9   0   2   3  0.12 0.06
   28 L   -1 -1 -1 -1  0  0 -1 -2  4  1  1 -1  0  0 -1 -1  0  3  0  1    4   3   2   2   2   5   4   3  15  10  15   4   2   4   2   4   5   4   2  10  0.09 0.06
   29 V    0 -2  1 -1 -1 -1 -1  3 -1 -1 -1 -1 -1 -2  0  1  1 -2 -2  1    6   2   9   3   1   1   2  26   1   4   4   2   1   1   3   9  12   0   1  12  0.17 0.08
   30 D    1 -1  1  1 -1  1  1  1  1 -1 -1  0 -1 -2  0  1  0 -1 -1 -1   14   2   6   7   1   7  11  10   5   4   5   6   1   1   3   8   3   1   1   4  0.09 0.04
   31 P    0 -1  0 -1 -2  1  1  0  4 -2 -2  1 -1 -1  3  0 -1 -2  0 -2   10   2   2   3   1   5  11   6  13   2   4  10   1   3  13   7   3   0   2   3  0.19 0.08
   32 Q   -1 -1 -1  0 -3  4  3 -1  3 -2 -1  0  0 -2 -1  0  0  0 -2 -2    5   2   1   5   1  24  18   4   8   1   6   5   3   1   2   4   4   1   1   2  0.29 0.14
   33 N    2 -1  0  0  1  0  0 -1  0  0 -1  0 -1  0 -1  0  1 -2 -1  0   21   2   5   4   4   3   6   4   3   5   3   5   1   4   2   6  12   0   1  10  0.07 0.06
   34 P    1  0  1  0 -2  0  0  0  0 -1 -1  1  0 -1  1  1  0 -1  0  0   10   2   6   4   1   3   6   8   1   2   4  11   3   4   5  15   6   1   3   8  0.06 0.04
   35 P    0 -1 -1  1 -2  0  2  0 -1  2 -1 -1 -1 -2  0  0  0 -2 -2  0    7   2   2  10   1   3  19   7   1  19   3   3   1   1   4   6   4   0   1   7  0.10 0.08
   36 A    1 -2 -2 -1 -2 -2  0  1 -2  1  0 -1  5  0 -3  0 -1  3 -1  1   10   1   1   3   0   0   8  10   1   6   3   2  22   3   1   7   3   5   2  12  0.19 0.16
   37 T   -1 -3 -1  3 -3 -1 -2  5 -2 -4 -3 -3 -3 -2 -2  1  0 -4 -2 -4    1   0   2  16   0   2   1  50   1   0   3   0   0   2   1  13   5   0   2   0  0.71 0.29
   38 F   -4 -5 -5 -5 -4 -5 -5  0 -4 -1 -2 -5 -2  8 -5 -2 -4  5  0 -3    0   0   0   0   0   0   0   9   0   2   1   0   0  71   0   4   0   8   1   0  1.63 0.49
   39 W   -3 -4 -1 -4 -4 -4 -4 -2  0 -2  0 -4  5 -2 -5  1 -3 10 -1 -3    1   0   3   1   0   0   0   3   2   1   8   0  19   1   0  13   1  44   1   1  1.65 0.51
   40 T    2 -3  0 -1 -3 -1 -2 -2 -3  0 -2 -2 -1 -2 -3  1  4 -4 -2  2   19   1   3   3   0   2   1   1   0   5   1   0   1   2   0  10  30   0   1  21  0.38 0.25
   41 I   -3 -5 -5 -5 -3 -5 -5 -5 -4  4  2 -5  0  6 -5 -4 -3  4  0  2    0   0   0   0   0   0   0   0   0  22  20   0   1  33   0   0   0   6   1  16  0.88 0.34
   42 N   -5 -3  8 -1 -6 -3 -3 -3  8 -7 -6 -3 -5 -6 -5 -3 -4 -6 -3 -6    0   1  65   2   0   0   0   1  31   0   0   1   0   0   0   0   0   0   0   0  2.07 0.66
   43 I   -1 -4 -4 -5 -3 -4 -4 -3 -4  3  3 -4  2  0 -1 -3 -1  2  1  3    3   0   0   0   0   0   1   2   0  17  36   0   6   2   3   0   3   3   4  20  0.49 0.24
   44 D   -2 -3 -2  8 -6 -2  0 -4 -4 -6 -6  0 -6 -6 -4  1 -3 -7 -6 -6    4   1   0  77   0   1   2   0   0   0   0   5   0   0   0   9   1   0   0   0  1.70 0.57
   45 S   -2 -4  1 -3 -4 -3 -3 -4 -4 -4 -5 -3 -3 -5 -4  4  6 -6 -5 -3    1   0   6   0   0   0   0   0   0   0   0   0   0   0   0  35  57   0   0   0  1.34 0.56
   46 M   -3 -5 -5 -6 -3 -4 -5 -6 -5  4  4 -5  5  0 -5 -3 -3 -3 -3  2    0   0   0   0   0   0   0   0   0  24  43   0  16   3   0   1   0   0   0  12  0.91 0.36
   47 F   -1 -4 -4 -5 -2 -4 -4  0 -4  2  2 -4  2  5 -5 -3 -2 -1  0  1    5   0   0   0   0   0   1   7   0  14  20   0   4  34   0   1   1   0   2  10  0.60 0.28
   48 F   -1 -5 -3 -6 -4 -4 -5 -4 -4  0 -1 -5  7  5 -5 -2 -1  8  0  0    5   0   1   0   0   0   0   1   0   4   2   0  29  24   0   4   3  19   1   7  1.13 0.45
   49 S    0 -3 -2 -3 -3 -2 -3 -2 -3 -1 -3 -3 -1 -5 -3  5  4 -5 -4 -1    5   0   0   0   0   1   0   2   0   3   2   0   1   0   0  56  25   0   0   4  0.92 0.45
   50 V    0 -4 -5 -5 -2 -4 -5 -2 -5  4  1 -4 -1  0 -5 -2  0  7 -2  3    9   0   0   0   0   0   0   3   0  27  11   0   1   4   0   1   6  18   0  20  0.72 0.31
   51 V   -1 -4 -4 -5 -1 -4 -4  0 -5  4  3 -4  0  1 -4 -3 -2 -4 -2  3    6   0   0   0   1   0   0   8   0  24  31   0   1   7   0   0   2   0   0  21  0.53 0.26
   52 L    1 -4 -4 -5  1 -3 -4 -4 -4  0  4 -4  3 -2 -4 -1  2 -4 -3  1   14   0   0   0   3   0   0   0   0   2  43   0   8   1   0   2  16   0   0  10  0.55 0.30
   53 G    2 -5 -3 -4  2 -4 -4  6 -5 -4 -4 -4  4 -3 -4 -1 -3 -5 -5 -4   21   0   0   0   4   0   0  57   0   0   0   0  13   1   0   4   1   0   0   0  1.16 0.45
   54 L    2 -4 -4 -4 -1 -3 -4 -1 -4  2  3 -3  0  0 -4 -1 -1 -1 -2  3   21   0   0   0   1   0   0   4   0  14  27   0   1   4   0   3   2   1   0  21  0.39 0.23
   55 L   -1 -5 -5 -5 -2 -5 -5 -4 -5  5  4 -5  0  0 -5 -3 -2 -4 -3  2    4   0   0   0   0   0   0   1   0  39  36   0   0   4   0   1   1   0   0  13  0.86 0.35
   56 F   -1 -5 -5 -5 -3 -4 -5 -1 -4  1  0 -5  1  6 -5 -3 -1 -3 -1  4    4   0   0   0   0   0   0   4   0   7   5   0   3  38   0   2   4   0   0  32  0.81 0.36
   57 L   -2 -5 -5 -5  4 -4 -5 -4 -5  4  4 -5  1  3 -4 -3 -3 -3 -2  2    1   0   0   0   9   0   0   1   0  22  38   0   2  13   0   2   0   0   0  11  0.70 0.30
   58 V    1 -4 -4 -5 -3 -4 -4  0 -4  2  2 -4 -1  4 -4 -2 -2  5  1  1   12   0   0   0   0   0   0   9   0  12  22   0   1  20   0   2   1  10   4   9  0.48 0.25
   59 L   -2 -5 -5 -5 -2 -4 -5 -4 -5  4  3 -5  1  4 -5 -3 -2  1 -2  2    3   0   0   0   1   0   0   1   0  25  32   0   2  19   0   1   2   2   0  13  0.70 0.30
   60 F    2 -4 -5 -5  1 -4 -4 -2 -4  0  1 -4  2  6 -5 -2 -2 -3 -1  0   20   0   0   0   3   0   0   2   0   3  14   0   5  42   0   2   2   0   0   5  0.76 0.35
   61 R   -1  3 -3 -4 -1 -3 -3 -1 -1  0 -1  0 -1  3 -4 -2 -2  7  3  0    5  21   0   0   1   0   0   4   1   7   6   4   1  13   0   3   1  15  11   7  0.51 0.26
   62 S    0  2 -2 -3 -1 -1 -2 -3 -2  1  2  1  2  1 -3  0 -1  2  1  0    6  13   1   0   1   1   0   1   0   9  20  10   8   8   0   7   1   3   6   5  0.17 0.15
   63 V    3 -1 -4 -4  3 -3 -4  1 -4  0  0 -2  0 -3 -4 -2 -2 -4 -4  3   34   4   0   0   8   0   0   9   0   5   7   1   2   1   0   1   1   0   0  28  0.48 0.28
   64 A    5 -1 -3 -4 -2 -3 -3  1 -4 -2 -4 -1 -3 -5 -3  0  3 -5 -4  0   54   4   0   0   0   0   0   8   0   1   0   3   0   0   0   4  17   0   0   7  0.73 0.38
   65 K   -2  5 -1 -2 -4  0 -1 -3 -3 -4 -3  4 -3 -3 -3  0  0 -1 -3 -2    2  40   2   1   0   3   2   1   0   1   2  28   0   1   1   7   7   1   0   2  0.77 0.35
   66 K   -2  4  3 -2 -4  0 -2 -1  1 -3 -3  4 -2 -4 -4  0 -1 -5 -3 -1    2  24  15   0   0   2   0   3   3   1   2  35   1   0   0   5   2   0   0   5  0.62 0.32
   67 A    4 -3 -1 -4 -3 -2 -3 -1 -4 -1  2 -2  2 -2 -3  0  0 -4 -3  1   43   0   3   0   0   0   0   3   0   3  21   2   7   1   0   4   6   0   0   8  0.45 0.28
   68 T   -2 -1  1 -1 -3  0 -2 -3 -1 -3 -1  0 -1 -4 -3  2  6 -4 -3 -2    1   3   6   2   0   4   2   1   2   1   5   4   1   0   0  13  53   0   0   2  0.72 0.35
   69 S    2 -2 -1 -2 -1  0 -2 -3 -3 -2 -2  1 -1 -4 -1  4  2 -4 -2 -1   17   1   2   1   1   5   1   0   0   2   2   8   2   0   3  37  13   0   2   4  0.41 0.27
   70 G   -2  0 -3 -1 -4 -3 -1  6 -2 -3 -1 -1  2 -4 -4 -1 -2 -4 -4 -4    1   6   0   4   0   0   3  61   1   1   6   3   7   0   0   3   3   0   0   0  0.94 0.37
   71 V   -2  2 -2 -4 -2 -2 -3 -5 -3  1 -2  2 -2 -3 -4 -2  0 -5 -3  5    2  11   1   0   0   2   1   0   1   5   0  13   0   0   0   2   5   0   0  56  0.70 0.35
   72 P   -5 -6 -6 -5 -7 -5 -5 -6 -6 -7 -7 -5 -7 -8  9 -5 -5 -8 -7 -6    0   0   0   0   0   0   0   0   0   0   0   0   0   0 100   0   0   0   0   0  3.31 0.85
   73 G   -2 -1  1 -2 -3 -2 -3  5 -4 -5 -5 -1 -4 -5 -4  3  2 -5 -5 -4    1   3   6   1   0   1   0  48   0   0   0   4   0   0   0  20  15   0   0   0  0.88 0.37
   74 K   -2  3 -2 -4 -5 -2 -3  5 -4 -6 -5  4 -4 -3 -3 -2 -2 -3 -5 -5    1  17   0   0   0   0   0  42   0   0   1  34   0   1   1   1   1   0   0   0  1.01 0.41
   75 F   -1 -3 -4 -5 -2 -3 -4 -3 -4  1  3 -1  4  4 -5 -3 -2  5 -1  2    5   1   0   0   0   0   0   2   0   5  27   4  13  20   0   0   2   7   0  13  0.54 0.26
   76 Q   -4 -2 -4 -4 -7  9 -2 -6 -3 -3 -3 -2 -2 -7 -5 -4 -4 -6 -5 -3    1   1   0   0   0  92   0   0   0   1   2   0   1   0   0   0   0   0   0   2  2.42 0.80
   77 T    2 -4  6 -2  4 -3 -3 -2 -3 -2  0 -3 -2 -4 -4 -1  0 -5 -4 -2   20   0  45   0  11   0   0   1   0   2  10   0   0   0   0   3   5   0   0   1  0.84 0.39
   78 A    2 -5 -5 -6 -3 -5 -5 -4 -4 -1  0 -5  1  7 -5 -3 -3  0  1  2   17   0   0   0   0   0   0   1   0   2   5   0   3  54   0   1   1   1   2  13  1.10 0.42
   79 I   -1 -5 -5 -6 -2 -4 -5 -5 -5  4  1 -5  3  2 -5 -4 -2  4 -2  5    3   0   0   0   0   0   0   0   0  20  10   0   7   9   0   0   0   5   0  45  0.84 0.35
   80 E   -5 -4 -4 -2 -8 -1  8 -6 -4 -7 -7 -3 -6 -7 -5 -4 -5 -7 -6 -6    0   0   0   0   0   1  99   0   0   0   0   0   0   0   0   0   0   0   0   0  2.42 0.77
   81 L    0 -4 -5 -5 -4 -4 -3 -3 -4  2  1 -4  6  0 -5 -2 -2  8 -1  0    9   0   0   0   0   0   1   2   0  12  14   0  27   4   0   2   2  20   2   6  0.93 0.38
   82 V   -1 -5 -5 -5  1 -4 -5 -5 -5  5  3 -5  3 -2 -5 -4 -1 -5 -3  4    4   0   0   0   2   0   0   0   0  33  23   0   7   0   0   0   2   0   0  28  0.83 0.34
   83 I   -2 -5 -5 -5 -3 -4 -5 -5 -5  3  1 -4  1  3 -5 -3  1  1 -1  5    1   0   0   0   0   0   0   0   0  20   8   0   3  12   0   1  10   2   2  42  0.74 0.33
   84 G   -3 -3 -2  4 -6  0  6 -1 -3 -1 -3 -2 -4 -5 -4 -2 -2 -6 -5  0    0   0   0  26   0   2  50   4   0   4   3   0   0   0   0   2   2   0   0   7  0.98 0.43
   85 F   -3 -5 -4 -6 -5  2 -5 -2 -4 -2 -2 -5  4  8 -4 -3 -3  4  0 -4    1   0   1   0   0  10   0   4   0   1   1   0  12  61   1   1   1   5   1   0  1.48 0.53
   86 V   -2 -5 -6 -6 -4 -5 -5 -6 -6  3  1 -5  3 -1 -5 -4 -3 -5 -4  6    2   0   0   0   0   0   0   0   0  17  10   0   8   2   0   0   0   0   0  60  1.16 0.44
   87 N   -2  4  2  5  0 -1  1 -1  0 -4 -4  1 -4 -5 -4 -2 -2 -6 -4 -5    2  24  10  38   2   2   6   3   2   1   1   7   0   0   0   1   1   0   0   0  0.79 0.34
   88 G   -2 -1  4  3 -4  1  1  4 -2 -4 -5  0 -4 -5 -4  1  0 -5 -4 -4    0   2  20  14   0   5   7  29   0   0   0   6   0   0   0   8   6   0   0   0  0.58 0.27
   89 S   -3 -3  2 -3 -3  6 -2 -4 -2  3  0 -2  0 -4 -4  1  0 -5 -3 -1    0   0  10   0   0  41   1   0   0  18  11   0   2   0   0   9   5   0   0   2  0.70 0.39
   90 V    1 -5 -5 -5  0 -5 -5 -5 -5  4 -1 -5 -1 -1 -5 -1 -2 -5 -4  5   12   0   0   0   2   0   0   0   0  24   1   0   1   3   0   4   1   0   0  52  0.94 0.40
   91 K   -3  2  0 -1 -5  0  3 -2 -3 -3 -5  5 -4 -2 -4  0 -3 -5 -1 -4    1  12   5   2   0   2  19   2   0   1   0  46   0   2   0   6   0   0   2   1  0.77 0.36
   92 D    0 -3  3  5 -4 -1  1  2 -3 -5 -5 -1 -4 -5 -3  3 -1 -5 -4 -4    7   0  13  31   0   1   9  13   0   0   0   2   0   0   0  21   3   0   0   0  0.66 0.31
   93 M    0 -3  3 -3 -2 -2 -3 -3 -3  3 -1 -3  5 -2 -3  1  3 -5 -4  0    8   0  16   0   1   0   0   1   0  18   1   0  19   1   1  13  18   0   0   3  0.49 0.31
   94 Y   -2 -5 -4  1 -4 -4 -4 -5 -4  3  1 -4  4  6 -5 -4 -3 -2  3  1    3   0   0   9   0   0   0   0   0  18   9   0  10  35   0   0   0   0   8   7  0.77 0.34
   95 H   -3 -3 -1 -1 -6 -2 -4  3  8 -6 -5 -2 -5 -3  0 -2 -4  6  1 -5    1   1   2   3   0   2   0  22  41   0   1   2   0   0   6   2   0  12   5   0  1.32 0.49
   96 G   -1 -1  1 -3 -3 -2 -1  4  1 -4 -3  3  3 -4 -2 -1 -2  2 -1 -3    2   3   6   0   0   1   4  37   3   0   1  19   9   0   2   4   1   3   3   2  0.53 0.28
   97 K   -3  3  1  1 -5  0 -1 -3  0 -5 -5  5 -4 -5 -2  1  1 -5 -3 -4    0  16   6   7   0   3   1   1   2   0   0  44   0   0   2  10   7   0   0   1  0.77 0.36
   98 S    1  3  4 -1 -4 -3 -3  4 -1 -5 -5 -2 -3 -4 -4  2 -3 -2 -2 -5   11  19  19   2   0   0   0  27   1   0   0   0   1   1   0  15   0   1   2   0  0.65 0.33
   99 K    1  2 -1 -1 -4 -1 -1  1 -1 -4 -3  3 -3 -5  3  0  0 -5 -4 -4   11  11   2   3   0   1   2  13   2   0   1  25   0   0  17   6   4   0   0   0  0.47 0.25
  100 L   -2  0 -3 -4 -4  0 -3 -3 -2  0  3 -2  2  4  1 -3 -2  1  0  1    2   5   1   1   0   6   0   1   1   2  27   2   5  24   7   1   1   2   2  10  0.38 0.23
  101 I   -3 -6 -6 -6 -4 -5 -6 -6 -6  5  1 -5  0  4 -6 -5 -3 -4 -3  4    1   0   0   0   0   0   0   0   0  41  11   0   2  15   0   0   0   0   0  30  1.11 0.42
  102 A    5 -3 -4 -4 -3 -3 -4  0  3 -2  2 -4  0 -4 -3 -1 -1 -5 -2 -1   48   0   0   0   0   0   0   7   9   1  21   0   3   0   0   4   3   0   1   2  0.63 0.35
  103 P   -2 -6 -4 -5 -1 -5 -5 -2 -6 -3 -5 -5 -5  0  8 -1 -3 -6 -1 -2    3   0   1   0   1   0   0   3   0   1   1   0   0   5  75   4   1   0   2   2  2.04 0.65
  104 L   -3 -5 -6 -7 -4 -5 -6 -7 -5  1  6 -6  1  0 -6 -5 -3 -4  1 -1    1   0   0   0   0   0   0   0   0   5  79   0   3   3   0   0   1   0   5   3  1.37 0.50
  105 A    6 -4 -4 -5 -4 -4 -4  1 -5 -1  0 -4 -3 -2 -4  1 -2 -5 -4 -2   65   0   0   0   0   0   0  10   0   3  10   0   0   1   0   8   1   0   0   2  0.95 0.44
  106 L   -4 -5 -6 -6 -2 -5 -6 -6 -5  2  5 -5  2  1 -6 -5 -4 -4 -2  3    0   0   0   0   1   0   0   0   0   8  58   0   4   5   0   0   0   0   1  22  1.06 0.41
  107 T   -1 -5 -4 -5 -5 -4 -5 -5 -6 -3 -5 -4 -1 -4 -5 -1  8 -6 -5 -2    4   0   0   0   0   0   0   0   0   1   0   0   2   1   0   3  87   0   0   3  1.98 0.71
  108 I   -3 -5 -6 -6 -4 -5 -6 -6 -5  5  4 -5 -1  0 -5 -4 -2 -5 -2  3    1   0   0   0   0   0   0   0   0  35  37   0   0   4   0   1   1   0   1  21  0.99 0.38
  109 F   -6 -7 -7 -7 -3 -7 -7 -7 -5  3 -1 -7 -3  9 -7 -6 -6 -3 -1 -3    0   0   0   0   1   0   0   0   0  16   5   0   0  79   0   0   0   0   0   0  2.29 0.69
  110 V   -2 -5 -5 -5  4 -4 -5 -5 -5  2  2 -4  4  1 -5 -3  0 -4 -1  4    2   0   0   0   8   0   0   0   0   8  17   0  14   6   0   1   7   0   1  36  0.72 0.33
  111 W   -6 -7 -7 -8 -3 -6 -7 -7 -5 -6 -4 -7 -3  6 -8 -5 -6 11  4 -6    0   0   0   0   1   0   0   0   0   0   1   0   0  29   0   1   0  55  13   0  2.99 0.81
  112 V   -4 -6 -6 -7 -4 -6 -6 -7 -7  7  0 -6 -2 -4 -6 -5 -4 -6 -5  5    0   0   0   0   0   0   0   0   0  56   5   0   0   0   0   0   0   0   0  39  1.61 0.54
  113 F   -2 -6 -6 -6 -3 -6 -6 -6 -5  0  3 -6 -1  7 -6 -4 -2 -1 -1  0    4   0   0   0   0   0   0   0   0   4  32   0   1  51   0   0   2   1   0   5  1.31 0.47
  114 L   -2 -5 -5 -6 -2 -5 -5 -6 -5  3  4 -5  2  2 -5 -4 -2 -2 -3  3    2   0   0   0   1   0   0   0   0  13  45   0   5  10   0   1   1   0   0  21  0.81 0.33
  115 M    2 -5 -5 -5  0 -3 -5 -2 -5 -3 -1 -4  9 -3 -5  3 -3  0 -5 -3   16   0   0   0   2   0   0   3   0   0   3   0  52   0   0  22   0   1   0   1  1.45 0.59
  116 N   -6 -5  9 -4 -8 -5 -5 -5 -4 -8 -9 -5 -7 -8 -7 -1 -5 -9 -7 -8    0   0  96   0   0   0   0   0   0   0   0   0   0   0   0   4   0   0   0   0  3.09 1.03
  117 L    2 -5 -5 -6 -1 -3 -3 -5 -5 -1  2 -5  6  1 -5  0 -1  7 -3 -1   17   0   0   0   1   1   1   0   0   3  19   0  21   6   0   9   4  15   0   3  0.82 0.42
  118 M   -4 -6 -7 -7 -5 -5 -6 -7 -6  2  4 -6  8  1 -7 -6 -3 -1 -4  0    1   0   0   0   0   0   0   0   0  11  43   0  33   4   0   0   1   1   0   6  1.46 0.61
  119 D   -1 -5 -3  6 -7 -4 -3  4 -5 -7 -7  0 -7 -7 -5  1 -5 -7 -7 -7    6   0   0  49   0   0   0  30   0   0   0   6   0   0   0   9   0   0   0   0  1.43 0.63
  120 L   -5 -6 -7 -7 -5 -6 -6 -7 -6  1  5 -6  3  2 -6 -6 -4  0 -4  3    0   0   0   0   0   0   0   0   0   4  60   0   6   7   0   0   0   1   0  22  1.27 0.55
  121 L   -3 -4 -5 -5 -3 -4 -4 -5 -5  5  4 -4  1  0 -1 -4 -3 -4 -3  3    2   1   0   1   0   0   1   1   0  29  37   1   3   4   3   1   1   0   0  16  0.83 0.36
  122 P   -3 -6 -5 -5 -6 -5 -5 -6 -6 -6 -6 -5 -6 -1  9 -5  0 -6 -6 -4    2   0   0   0   0   0   0   1   0   0   1   0   0   3  83   0   5   0   0   2  2.60 0.89
  123 I    0 -4  0 -4 -3 -3 -4 -4 -4  2  0 -3 -1  0 -4 -3  0  2 -2  5    6   0   6   0   0   1   0   1   0  12   8   1   1   4   0   1   4   3   1  48  0.69 0.36
  124 D   -4 -2 -2  7 -2  3 -2  0  1 -1 -3 -3 -4 -1 -4 -1 -4 -5 -3 -4    1   2   0  54   1  15   1   7   3   4   3   1   0   3   1   4   1   0   1   1  1.12 0.49
  125 L   -3 -4 -1 -4 -3 -3 -4 -4 -3  1  2 -4  1  3 -4 -3 -1  5  4  1    2   1   4   1   0   0   1   1   0   8  24   1   3  14   1   1   5   7  16  11  0.55 0.27
  126 L   -1 -2 -3 -3 -3 -1 -3 -1 -3  3  2 -3  2  2 -1 -2  0 -1 -1  2    4   2   1   1   0   2   1   5   0  19  23   1   4   9   3   3   5   1   1  16  0.29 0.17
  127 P   -1 -3  0  1 -4 -2  0  1  0 -4 -3 -3 -4 -3  6 -1  0 -4 -3 -3    4   1   4   8   0   2   7  10   2   1   2   1   0   1  43   4   6   0   1   2  0.86 0.36
  128 Y    0  0 -1 -1 -1  0  0  0  3 -1 -1  0  0  1  0  0 -1  4  2 -1    8   5   2   2   1   5   5   8  10   2   6   6   3   7   4   6   3   6   8   4  0.10 0.09
  129 I    0 -4 -2 -1 -4 -4 -1 -2 -1  4  2 -4  0  1  0 -2 -1 -4 -2  1    9   0   2   4   0   0   4   3   2  23  21   0   2   7   5   2   4   0   1   9  0.34 0.27
  130 A    4 -4 -2 -2 -1 -2 -2  2  2  0 -1 -2 -1  2 -2 -2 -2  5 -1 -1   30   0   2   2   1   2   3  14   4   5   5   2   1   8   2   2   3   7   2   4  0.40 0.33
  131 E    1 -1  0 -1 -4  2  1  1  3 -1  0  0  1 -1 -2  0 -1  0  1 -1   10   2   3   3   0  11  11  10   8   4   8   4   4   2   2   5   3   1   5   3  0.13 0.16
  132 H   -1 -1  1 -1 -4  0 -1  0  5 -1  0 -1  0  1 -2 -1  0  4  0 -1    6   3   6   3   0   5   4   7  15   4   9   4   3   6   1   4   5   7   3   4  0.24 0.21
  133 V    0 -4 -1 -1 -3 -3 -2 -1  0  2  2 -2  1  0 -2 -2  0  5 -1  2    7   0   3   3   0   0   2   5   3  13  17   3   4   4   2   2   7   8   2  13  0.25 0.20
  134 L    0 -2 -1 -1 -1 -1 -1  0  0  1  0 -1  1  2  1  0  0  2  0  0    7   2   2   4   1   2   3   9   2   8  11   3   5  12   6   5   7   3   3   6  0.06 0.07
  135 G    0 -2 -1 -1 -3 -2  0  5  3 -2 -3 -2 -3  0 -1 -1 -2 -1 -1 -2    6   2   2   3   0   1   6  47   8   3   3   2   0   4   3   3   2   1   2   3  0.56 0.24
  136 L   -1 -2 -1  1 -2 -1 -1 -1  3  2  1 -1  0  1 -2 -1  0  1 -1  1    3   1   2  10   0   2   4   4  10  17  13   3   2   6   1   4   6   2   1  10  0.09 0.09
  137 P    0 -2 -1  0 -3  0  1  0  5 -3 -3 -1 -1 -2  4  0 -1 -3  0 -1    9   1   2   6   0   3  12   7  16   1   1   3   1   2  19   6   3   0   3   5  0.35 0.18
  138 A   -1 -2 -1 -3 -2 -2  2 -3  6 -2 -1 -2 -2  0 -2 -2 -2 -2  6 -2    6   1   3   0   1   0  18   1  20   1   5   1   1   3   2   2   2   0  29   2  0.69 0.32
  139 L   -2 -4 -3 -4 -3 -2 -4 -4  2  0  3 -4  3  4 -4 -3 -2  6 -1 -1    3   0   1   0   0   2   0   1   7   5  33   0   8  21   0   2   2  10   0   4  0.64 0.28
  140 R   -3  5 -1 -4 -5 -2 -2 -4 -3 -2  0  4  0 -1 -4 -2 -2  4  0 -3    0  38   3   0   0   0   0   0   0   3  11  25   2   3   0   3   1   6   3   0  0.76 0.35
  141 V    2 -2 -2 -2 -3 -2 -3 -3 -1  3 -1  2  2 -2 -1 -1 -1 -4 -3  3   19   0   1   2   0   1   0   1   1  17   2  19   5   2   2   4   1   0   0  23  0.31 0.24
  142 V    0 -2 -1 -3 -2 -2 -2 -3 -3  1  0 -2  1 -2  3  0  0 -3 -2  3    4   0   4   0   0   0   0   0   0   4   6   0   4   0  14  10   4   0   0  50  0.27 0.07
  143 P    1 -3 -2 -2 -3 -2 -2 -2 -3 -3 -3 -2 -3 -4  7  1 -1 -4 -3 -3   16   0   0   0   0   0   0   0   0   0   0   0   0   0  73  11   0   0   0   0  1.54 0.15
  144 S    2 -2 -1 -2 -1 -1 -1 -2 -2 -1 -2 -1 -1 -3 -2  2  4 -3 -2  0   18   0   0   0   0   0   0   0   0   0   0   0   0   0   0  19  55   0   0   8  0.44 0.11
  145 A    3 -2  0  0 -2 -1 -1  0 -2 -2 -2 -1 -2 -3 -2  3  2 -3 -2  0   35   0   5   4   0   0   0   5   0   0   0   0   0   0   0  26  21   0   0   6  0.33 0.10
  146 D   -3 -3  2  7 -5 -1  1 -3 -2 -5 -5 -2 -4 -5 -3 -1 -2 -6 -4 -5    0   0   8  87   0   0   6   0   0   0   0   0   0   0   0   0   0   0   0   0  1.46 0.25
  147 V    1 -2 -3 -3 -2 -2 -2 -3 -3  1  1  0  1 -2  5 -2  0 -3  1  1   12   0   0   0   0   0   0   0   0  10  17   6   6   0  31   0   6   0   6   8  0.45 0.17
  148 N    1 -2  1  1 -2  1 -1  1 -2 -1  0 -1  2 -2 -2  1  1 -3 -2  0   10   0  10  10   0  10   0  10   0   0  10   0  10   0   0  10  10   0   0  10  0.12 0.11
  149 V    1 -3 -3 -3 -2 -2 -3 -1 -2  3  0 -3  0  2 -3 -1  3 -3  0  2   13   0   0   0   0   1   0   5   1  22   5   0   2  11   0   0  26   0   2  12  0.25 0.16
  150 T   -1 -3 -2 -3 -1 -3 -3 -4 -4 -2 -3 -3 -3 -4  1  0  7 -5 -4  1    3   0   0   0   1   0   0   0   0   0   0   0   0   0   6   1  80   0   0   9  1.17 0.41
  151 L   -1 -3 -4 -5 -1 -3 -4 -4 -3  0  4 -4  3  3 -4 -2 -2 -2  2  0    3   0   0   0   1   0   0   1   0   3  55   0  11  15   0   3   0   0   7   2  0.60 0.23
  152 S    3 -3 -2 -3 -3 -3 -3  5 -3 -4 -4 -2 -3 -4 -3  1  1 -4 -4 -3   33   0   0   0   0   0   0  44   0   0   0   0   0   0   0  12  10   0   0   0  0.77 0.26
  153 M   -3 -4 -5 -5 -3 -3 -4 -5 -4  1  5 -4  7 -1 -5 -4 -2 -3 -3  0    0   0   0   0   0   0   0   0   0   6  55   0  35   0   0   0   2   0   0   2  1.06 0.36
  154 A    5 -3 -3 -3 -2 -2 -2 -1 -3 -3 -4 -2 -3 -4 -3  3 -1 -5 -4 -1   65   0   0   0   0   0   0   3   0   0   0   0   0   0   0  29   0   0   0   3  0.91 0.36
  155 L   -2 -4 -4 -4  0 -3 -4 -4 -4  3  4 -4  1  1 -4 -2  0 -3 -2  2    2   0   0   0   1   0   0   1   0  24  47   0   2   6   0   1   5   0   0  11  0.52 0.20
  156 G    1 -3 -1 -2  0 -2 -2  3 -3 -1  0 -2  2  2 -3  1  1 -3 -1  0   13   0   3   1   2   0   0  23   0   3   6   0   9  13   0  15   8   0   0   5  0.20 0.13
  157 V   -2 -4 -4 -4 -3 -4 -4 -2 -5  2 -1 -4  1 -3 -4  0  1 -5 -3  6    0   0   0   0   0   0   0   3   0   9   0   0   2   0   0   7   8   0   0  70  0.82 0.35
  158 F   -2 -4 -4 -4 -3 -4 -4 -4 -3  2  1 -4  1  6 -4 -1 -1  2  1  1    2   0   0   0   0   0   0   0   0  12  14   0   4  46   0   7   3   3   1   7  0.67 0.27
  159 I    0 -3 -4 -4  1 -3 -4 -2 -4  3  3 -3  1  2 -4 -2 -1 -3 -1  2    8   0   0   0   4   0   0   4   0  18  32   0   1  10   0   1   3   0   0  20  0.34 0.17
  160 L   -2 -4 -4 -5  3 -3 -4 -3 -4  1  5 -4  2  0 -2 -1 -2  3 -1  0    2   0   0   0   8   0   0   2   0   5  64   0   3   3   1   4   2   4   1   3  0.62 0.27
  161 I   -1 -2 -3 -4  3 -3 -3 -4 -3  3  1 -3  4 -1 -4 -1  1 -2  3  2    1   2   0   0   6   0   0   0   0  25   6   0  16   0   0   4  10   0  12  19  0.39 0.22
  162 L   -3 -3 -2 -4 -3  0 -3 -4  6  3  2 -3  0  1 -4 -3 -3  3  1  1    0   0   2   0   0   4   0   0  29  24  18   0   2   6   0   0   0   5   4   7  0.56 0.26
  163 F   -1 -3 -4 -4 -3 -3 -4 -1 -2  1 -1 -3 -1  5 -4 -2 -2  2  6  1    6   1   0   0   0   0   0   5   0   7   2   0   1  29   0   3   1   2  30  12  0.66 0.27
  164 Y    1 -4 -4 -5 -4 -2 -4 -4  0  1 -1 -3  1  3 -4 -3 -2  1  7 -1   12   0   0   0   0   1   0   0   2   7   5   0   4  12   0   0   1   1  51   3  0.92 0.34
  165 S   -1 -3  2 -1 -3 -2 -2  5 -2 -4 -3 -1 -3 -2 -3  3  0 -1  0 -4    2   0  11   2   0   0   1  43   0   0   2   2   0   2   0  26   5   1   4   0  0.61 0.26
  166 I   -1 -4 -5 -5  0 -4 -4 -5 -4  5  2 -4  1  3 -4 -3 -2 -3 -2  3    5   0   0   0   2   0   0   0   0  49  13   0   2  13   0   0   0   0   0  17  0.66 0.27
  167 K   -2  2 -2 -4 -3  0 -2 -4 -1 -5 -5  7 -1 -5 -4 -2 -2  3  0 -4    2  11   0   0   1   2   0   0   1   0   0  69   1   0   0   2   2   5   4   1  1.20 0.50
  168 M   -1  1  1 -3 -3 -1 -2 -3  0  2  0 -1  3 -1 -3 -1  0 -3  1  2    4  12   8   0   0   1   2   1   3  18   5   1  12   1   0   5   5   0   6  15  0.18 0.17
  169 K   -3  4  1 -3 -6  0 -2 -3  1 -4 -5  6 -4 -5 -4 -2 -3 -5 -2 -5    0  19   5   0   0   3   0   1   3   1   0  65   0   0   0   2   1   0   1   0  1.25 0.51
  170 G   -3 -5 -3 -4 -5 -4 -5  7 -1 -6 -6 -2 -5 -6 -5 -2 -3 -5 -6 -6    0   0   0   0   0   0   0  92   2   0   0   3   0   0   0   1   1   0   0   0  2.02 0.62
  171 I    0 -3 -3 -4 -2 -3 -3 -2 -3  2  2 -3  0  3  2 -1  0 -1 -1  2    8   0   0   0   0   0   0   3   0  16  17   0   2  16  12   3   5   1   0  16  0.31 0.18
  172 G   -1  0 -1 -3 -2 -2 -2  4  2  0 -1  1 -1 -1 -3  0 -1  0 -2 -1    2   5   2   0   0   0   0  37   6   6   7  13   1   4   0   7   3   1   1   5  0.32 0.20
  173 G   -1 -1 -2 -3 -3 -2 -2  6  3 -5 -4 -1 -4 -4 -4 -2 -3 -4  2 -4    2   3   1   0   1   1   3  64   8   0   1   4   0   0   0   1   0   0  10   1  1.09 0.42
  174 F   -5 -5 -5 -6 -5 -4 -5 -5  4 -2 -1 -5 -1  7 -6 -4 -4  7  4 -3    0   0   0   0   0   0   0   0  12   1   5   0   1  50   0   1   1  14  15   1  1.50 0.51
  175 T    0 -3 -3 -3 -1 -2 -3  0  0  3  1 -1  1  0  1 -1 -1 -3 -2  2   11   0   0   0   1   0   0   7   3  20  17   6   3   5   8   2   2   0   0  15  0.17 0.14
  176 K   -1  0 -2 -3 -5  0 -2  0  6 -2 -4  6 -2 -4 -4 -2 -3 -2 -3 -2    5   3   1   0   0   2   0   8  22   2   1  51   1   0   0   2   1   1   0   2  0.92 0.43
  177 E   -1  0  0  1 -4  0  5 -1  3 -4 -3  0 -2 -1 -3 -1 -1 -4 -1 -3    4   4   3   5   0   2  47   5   9   0   2   5   1   3   0   3   3   0   2   1  0.54 0.28
  178 L   -2 -4 -4 -5 -3 -3 -4 -4 -3  0  4 -4  1  4 -4 -3 -2  0  4  1    1   0   0   0   0   0   0   1   0   3  49   0   3  16   0   1   1   1  13   7  0.69 0.30
  179 T   -1 -3 -3 -4 -1 -2 -2 -2 -3  0  1 -2  1  4 -4 -1  3 -2  0  1    5   1   0   0   1   1   3   4   0   4  17   3   3  26   0   2  20   0   2   9  0.32 0.23
  180 L   -1 -1 -2 -2  1  0 -1 -2 -2  0  2  1  1  1  0  0  2 -1  0 -1    3   2   0   0   4   4   4   2   0   3  21  11   4   8   4   7  16   1   4   2  0.11 0.13
  181 Q    2 -1 -1 -2 -4  3  0  0  6 -2 -3 -1 -3 -3  2 -1 -1 -4 -1 -1   17   2   2   1   0  17   3   8  24   1   1   3   0   1   9   2   3   0   1   4  0.47 0.29
  182 P   -3 -3 -3 -3 -4 -3 -3 -3 -1 -3 -4 -1 -2 -4  8 -3 -3 -4 -1 -2    1   1   1   1   0   1   1   2   2   2   1   4   1   1  74   1   1   0   2   3  1.85 0.53
  183 F   -3 -3 -3 -3 -3 -3 -3 -1 -1 -2 -1 -2 -1  8 -2 -3 -2 -1  1 -1    2   1   1   1   0   1   1   5   2   2   3   3   1  67   2   2   2   0   2   3  1.25 0.40
  184 N   -1 -1  3 -1 -3 -1 -1  4  5 -3 -3  0 -3 -3  0  0 -2 -3 -2 -3    4   2  19   2   0   2   2  31  15   1   2   4   0   1   4   5   2   0   1   1  0.49 0.22
  185 H    1 -1  0 -2 -2 -1 -1 -1  5  0 -2  1 -1 -2  2  0 -1  0 -1  0   12   1   5   1   0   2   1   3  21   5   3  13   1   1  10   7   2   1   1   9  0.25 0.16
  186 W    0 -2 -2 -2 -3 -2 -2 -2  0  0 -1  0 -2  1  3 -1 -1  8  1  0    9   1   2   1   0   1   1   2   3   6   6   6   0   6  17   3   2  24   3   6  0.62 0.24
  187 A    0 -2 -2 -2 -2 -2 -2  0 -2  1  2 -2  1  1  0 -1 -1  1  0  1   11   1   2   2   1   1   2   9   1  11  24   2   2   8   6   3   3   3   2   8  0.09 0.07
  188 F   -2 -3 -3 -3  2 -3 -3 -3 -3  0  4 -3  3  4 -3 -3 -2 -2 -1 -1    2   1   1   1   5   1   1   1   0   2  48   1   7  21   1   1   1   0   1   2  0.61 0.26
  189 I    2 -3 -3 -3 -2 -2 -3 -1 -2  3  0 -2  2  1 -2 -1 -1  4  1  1   22   1   1   1   0   1   1   3   0  24   8   1   6   5   1   3   3   5   6   8  0.23 0.16
  190 P   -2 -4 -4 -4 -5 -4 -4 -4 -4 -1 -3 -3 -4 -2  8 -3 -3  1 -4 -2    2   0   0   0   0   0   1   1   0   4   3   1   0   2  76   1   1   2   0   3  1.97 0.60
  191 V    0 -4 -3 -4 -1 -4 -4 -4 -4  4  1 -4  0  4 -1 -3 -2 -3 -1  3    7   0   1   0   1   0   0   0   0  33   7   0   1  20   3   0   0   0   0  23  0.61 0.30
  192 N   -4 -3  8 -2 -5 -3 -3 -3 -2 -4 -1 -2  0  2 -4 -2 -2 -5 -3 -4    0   0  73   0   0   0   0   0   0   0   6   2   2  11   0   0   1   0   0   0  1.52 0.56
  193 L   -2 -4 -5 -5 -2 -4 -4 -5 -4  3  4 -4  0  5 -5 -3 -2 -3 -1  2    2   0   0   0   0   0   0   0   0  14  38   0   0  27   0   1   1   0   0  14  0.73 0.32
  194 I    0 -4 -4 -5 -3 -4 -4 -5 -4  4  3 -4  1  1  1 -3 -2 -4 -2  2    7   0   0   0   0   0   0   0   0  32  24   0   2   6   8   0   1   0   0  17  0.55 0.27
  195 L   -3 -4 -3 -4 -4 -3  2 -5 -4  2  4 -3  3  2 -4 -4 -3 -3 -2 -1    0   0   1   0   0   0  17   0   0  14  47   1  10   9   0   0   0   0   0   0  0.65 0.34
  196 E   -3  0  4 -1 -5  1  5 -4  3 -5 -5  1 -4 -4 -2 -2 -1 -5 -3 -4    0   4  23   0   0   6  45   0   7   0   0   8   0   1   1   1   2   0   0   1  0.87 0.40
  197 G   -1 -3 -3 -3 -1 -2 -3  0 -3  3  2 -2  1  1 -2 -1  0 -2 -1  2    4   1   1   1   1   1   1   8   0  27  21   1   4   7   2   3   7   0   0  13  0.22 0.13
  198 V   -2 -3 -2 -4 -2 -3 -3 -4 -4  5  0 -3  1 -1 -3 -3 -1 -3 -2  4    1   1   2   1   0   1   1   1   0  43   3   1   3   1   1   1   4   0   0  35  0.72 0.29
  199 S   -1 -2  0  1 -3  0  5  0 -2 -3 -3 -1 -3 -4 -2  2  1 -4 -3 -3    4   1   4   6   0   1  48   6   0   1   1   1   0   1   1  16   8   0   0   1  0.60 0.27
  200 L   -2 -2 -2  0 -3 -1  3 -2 -2 -1  3 -2  0  2 -3 -2 -2  1  2 -1    1   1   1   5   0   1  24   3   0   1  34   1   2   9   1   1   2   2  10   1  0.31 0.19
  201 L   -1 -2 -4 -5 -1 -4 -4 -4 -4  4  3 -4  0  3 -4 -3 -2 -3 -2  2    4   2   0   0   1   0   0   1   0  25  38   0   1  14   0   1   0   0   0  13  0.57 0.26
  202 S    5 -3 -3 -3  0 -3 -3 -2 -4 -3 -4 -3 -2 -4 -3  3  0 -5 -4 -1   59   0   0   0   2   0   0   0   0   1   0   0   1   0   0  28   4   0   0   4  0.89 0.41
  203 K   -3  1  2 -3 -5  0 -1 -4 -3 -5 -5  7 -4 -5 -4 -2 -3 -5 -4 -5    0   6   9   0   0   2   1   0   0   0   0  79   0   0   0   2   0   0   0   0  1.45 0.53
  204 P   -3 -5 -4 -4 -5 -4 -4 -4 -5 -4 -5 -4 -3 -4  8 -2  3 -6 -5 -3    1   0   0   0   0   0   0   0   0   1   0   0   1   1  73   1  22   0   0   1  2.06 0.62
  205 V   -2 -4 -5 -5 -3 -4 -5 -5 -5  4  3 -3  1  0 -5 -4 -2 -4 -3  4    1   0   0   0   0   0   0   0   0  30  27   2   3   4   0   0   1   0   0  33  0.76 0.32
  206 S   -2 -4 -2 -3 -4 -3 -3 -3 -4 -5 -5 -3 -4 -5 -4  6  4 -6 -4 -4    0   0   0   0   0   0   0   1   0   0   0   0   0   0   0  71  28   0   0   0  1.39 0.58
  207 L   -4 -4 -5 -6 -4 -4 -5 -6  3 -1  6 -5  1 -2 -5 -5 -4 -4 -3 -2    0   0   0   0   0   0   0   0   9   0  89   0   2   0   0   0   0   0   0   0  1.42 0.50
  208 G    4 -4 -2 -3 -3 -3 -3  5 -4 -5 -5 -3 -4 -5 -3  3 -1 -5 -4 -4   33   0   0   0   0   0   0  40   0   0   0   0   0   0   0  27   1   0   0   0  0.93 0.38
  209 L   -4 -4 -5 -6 -4 -4 -5 -6 -5 -1  5 -5  5  4 -5 -5 -3 -3 -2 -2    0   0   0   0   0   0   0   0   0   0  65   0  19  16   0   0   0   0   0   0  1.20 0.44
  210 R   -4  8 -3 -5 -7 -2 -3 -5 -3 -6 -5 -1 -4 -6 -5 -4 -4 -6 -5 -6    0 100   0   0   0   0   0   0   0   0   0   0   0   0   0   0   0   0   0   0  2.39 0.63
  211 L   -4 -5 -6 -6 -4 -5 -6 -6 -5 -1  6 -5  0 -2 -6 -5 -4 -4 -4 -2    0   0   0   0   0   0   0   0   0   0 100   0   0   0   0   0   0   0   0   0  1.65 0.50
  212 F   -5 -6 -6 -6 -5 -6 -6 -6 -3 -3 -2 -6 -3  9 -6 -5 -5  0  5 -4    0   0   0   0   0   0   0   0   0   0   0   0   0  85   0   0   0   1  15   0  2.27 0.57
  213 G   -2 -5 -3 -4 -5 -5 -5  7 -5 -7 -7 -4 -6 -6 -5 -3 -4 -5 -6 -6    0   0   0   0   0   0   0 100   0   0   0   0   0   0   0   0   0   0   0   0  2.26 0.56
  214 N   -3 -3  9 -2 -6 -3 -3 -3 -2 -6 -7 -3 -5 -6 -5 -2 -3 -7 -5 -6    1   0  99   0   0   0   0   0   0   0   0   0   0   0   0   0   0   0   0   0  2.44 0.65
  215 M   -4 -4 -5 -6 -4 -4 -5 -6 -5  5  2 -4  8 -2 -5 -4 -3 -4 -3  0    0   0   0   0   0   0   0   0   0  32  14   0  51   1   0   0   0   0   0   2  1.41 0.46
  216 Y   -4 -5 -5 -6 -5 -5 -5 -6 -2 -3 -1 -5 -2  6 -6 -5 -4 -1  8 -3    0   0   0   0   0   0   0   0   0   0   5   0   0  37   0   0   0   0  55   1  1.83 0.49
  217 A    6 -4 -4 -4 -3 -3 -3  0 -4 -4 -4 -3 -3 -5 -3  0 -2 -5 -4 -3   90   0   0   0   0   0   0   4   0   0   0   0   0   0   0   5   0   0   0   0  1.42 0.48
  218 G   -1 -5 -3 -4 -5 -4 -4  7 -5 -6 -6 -2 -5 -6 -5 -1 -4 -5 -6 -6    2   0   0   0   0   0   0  93   0   0   0   2   0   0   0   3   0   0   0   0  1.95 0.49
  219 E   -3 -2 -3 -1 -6 -1  7  1 -3 -6 -6 -2 -5 -6 -4 -2 -3 -5 -5 -5    1   1   0   0   0   0  86   9   0   0   0   0   0   0   0   2   1   0   0   0  1.58 0.49
  220 L   -3 -4 -5 -5 -3 -4 -5 -5 -5  4  4 -4  4 -1 -4 -4 -2 -4 -3  3    0   0   0   0   0   0   0   0   0  28  43   0  11   1   0   0   1   0   0  17  0.80 0.27
  221 I   -3 -3 -5 -5 -3 -4 -5 -5 -5  5  3 -4  4 -2 -4 -4 -2 -4 -3  3    0   1   0   0   0   0   0   0   0  39  31   0  10   0   0   0   0   0   0  18  0.79 0.27
  222 F   -3 -5 -5 -6 -4 -5 -5 -5 -4  2  2 -5  0  7 -5 -4 -4 -2  0  1    0   0   0   0   0   0   0   0   0   9  18   0   1  60   0   0   0   0   0  11  1.21 0.36
  223 I    1 -3 -2 -3 -2 -3 -2 -1 -4  4  1 -2  2 -1 -3  0 -1 -4 -3  1   13   0   1   0   1   0   3   6   0  41  13   2   8   1   0   8   3   0   0   2  0.32 0.19
  224 L   -3 -4 -5 -6 -3 -4 -5 -5 -5  1  6 -5  1 -2 -5 -4 -3 -4 -3  2    1   0   0   0   0   0   0   0   0   5  81   0   1   0   0   0   0   0   0  12  1.12 0.36
  225 I   -3 -5 -4 -3 -1 -5 -5 -6 -5  7  3 -5 -1 -2 -5 -4 -2 -4 -3  1    1   0   1   2   1   0   0   0   0  69  23   0   0   0   0   0   1   0   0   2  1.12 0.36
  226 A    5 -2 -2 -3 -1 -3 -3 -1 -3 -3  0 -3 -2 -3 -3  0  1 -1 -1 -1   67   1   1   0   1   0   0   2   0   0  10   0   0   1   0   5   7   1   2   2  0.68 0.30
  227 G    1 -2  0 -2 -1 -1 -2  3 -2 -1  1 -1  2 -1 -2  0  0 -2 -2 -1   10   1   3   1   1   1   2  31   1   2  15   3   8   2   1   5   7   0   1   5  0.18 0.08
  228 L   -2 -4 -5 -4 -3 -4 -4 -5 -4  1  5 -4  5  1 -5 -4 -2 -3 -3  1    3   0   0   0   0   0   0   0   0   5  62   0  18   4   0   0   1   0   0   7  0.86 0.30
  229 L    0 -3 -3 -4 -2 -3 -3  0 -3  1  3 -3  2  3 -1 -2 -1  1  0  1    8   0   0   0   1   0   0   9   0   6  33   0   6  19   4   2   2   1   2   7  0.29 0.15
  230 P   -1 -4 -3 -3 -4 -3 -3  3 -4 -3 -1 -3 -1 -1  6 -1 -2 -2 -3 -3    3   0   0   0   0   0   1  28   0   1   8   0   2   4  45   4   2   0   1   1  1.01 0.30
  231 W    1 -3 -3 -4 -3 -3 -3  0 -3 -1 -2 -3  0  3  1 -1 -1  8  1 -1   17   1   0   0   0   0   0   8   0   4   2   0   2  17   8   3   4  26   3   4  0.71 0.25
  232 W    0 -4 -4 -5 -1 -3 -4 -1 -2  1  0 -4 -2  2 -3 -2 -3  9  3  0    7   0   1   0   1   0   0   6   0   9   7   0   0   9   1   2   1  36  12   6  1.07 0.31
  233 S    1 -3 -2 -3 -1 -2 -3  3 -3  2  1 -2  2  0 -1  0 -1  3 -2  0   13   0   0   0   1   0   0  25   0  16  11   0   7   4   2   6   1   4   0   6  0.22 0.13
  234 Q    0 -2 -2 -3 -4  5 -1  3  4 -2 -1 -2  1 -4 -1 -1 -2 -4 -3 -3    6   0   1   0   0  34   1  25  12   2   5   0   5   0   3   3   1   0   0   1  0.56 0.27
  235 W   -1 -4 -5 -5 -2 -4 -4 -1 -4  2  0 -4 -1  2 -2 -3 -3 10 -1  1    4   0   0   0   1   0   0   5   0  15   8   0   1  10   2   1   1  38   0  12  1.16 0.34
  236 I    1 -3 -4 -4 -2 -3 -3 -2 -4  3  2 -3  1  0  1 -2  0 -3 -2  2   14   0   0   0   0   0   0   2   0  26  20   0   3   4   8   1   4   0   0  17  0.35 0.17
  237 L    2 -4 -4 -4 -3 -3 -3 -1 -4  0  3 -3  0 -1  5 -2 -2 -4 -3  0   17   0   0   0   0   0   0   4   0   4  37   0   1   2  30   0   1   0   0   4  0.67 0.27
  238 N   -1 -2  3  0 -4  1 -2  3  3 -4 -3 -2  1 -3  0  2 -1 -4 -3 -3    2   0  15   4   0   7   0  29   7   0   2   0   5   0   5  20   2   0   0   0  0.43 0.22
  239 V    1 -3 -3 -3 -2 -3 -3 -1 -3  1  2 -3  1  1 -2  0  1  2 -2  2   15   0   0   0   0   0   0   3   0   8  20   0   3   7   1   8   8   4   0  23  0.23 0.14
  240 P    1 -4 -4 -4 -2 -3 -3  0 -4  3  0 -3 -1 -2  4 -2 -2 -4 -3  2   16   0   0   0   0   0   0   8   0  26   8   0   1   1  23   0   0   0   0  16  0.52 0.23
  241 W   -6 -7 -8 -8 -6 -6 -7 -6 -6 -6 -5 -7 -5 -3 -8 -7 -6 13 -1 -7    0   0   0   0   0   0   0   0   0   0   0   0   0   0   0   0   0 100   0   0  4.67 0.91
  242 A    4 -2 -3 -3 -3  2 -2 -1 -3 -1  1  1  0 -3 -3  0 -1 -1 -3 -2   49   0   0   0   0  11   0   2   0   2  14  11   2   0   0   4   1   1   0   1  0.44 0.26
  243 I    2 -4 -4 -4 -3 -3 -4  0 -4  5  1 -3  0 -2 -4  0 -1 -4 -3  2   18   0   0   0   0   0   0   9   0  43  12   0   1   0   0   6   2   0   0  10  0.46 0.23
  244 F   -5 -6 -6 -7 -5 -6 -6 -6 -4 -2 -2 -6 -3  9 -7 -5 -5 -2  0 -4    0   0   0   0   0   0   0   0   0   1   1   0   0  98   0   0   0   0   0   0  2.57 0.62
  245 H   -3 -3 -2  1 -2 -2 -1 -2  9 -6 -5 -2 -4 -4 -4  3 -3 -5 -2 -5    0   0   0   9   1   0   3   2  60   0   0   1   0   0   0  24   0   0   0   0  1.59 0.48
  246 I   -3 -5 -5 -5 -3 -5 -5 -6 -5  6  2 -5  1 -2 -5 -3 -2 -4 -3  2    0   0   0   0   0   0   0   0   0  67  21   0   2   0   0   1   1   0   0   8  1.11 0.35
  247 L   -3 -5 -5 -6 -4 -5 -5 -4 -4  0  5 -5  0  6 -5 -4 -4 -2 -1 -1    1   0   0   0   0   0   0   1   0   1  59   0   0  36   0   0   0   0   0   1  1.14 0.36
  248 I   -3 -5 -5 -5 -3 -5 -5 -6 -6  6 -1 -5 -1 -3 -5 -4 -2 -5 -3  5    0   0   0   0   0   0   0   0   0  49   0   0   0   0   0   0   0   0   0  51  1.29 0.39
  249 I   -2 -5 -4 -4 -3 -4 -4  4 -5  5 -1 -4 -2 -3 -4 -2 -2 -5 -4  2    1   0   0   0   0   0   0  37   0  43   1   0   0   0   0   1   0   0   0  17  0.82 0.30
  250 T    1 -3 -2 -3 -1 -3 -3 -2 -3  0  1 -3 -1  1  1  0  4 -3 -2  1   13   0   0   0   1   0   0   2   0   5  17   0   0   8   7   6  32   0   0  10  0.30 0.18
  251 L   -3 -4 -5 -6 -3 -4 -5 -6 -5  5  5 -5  0 -2 -5 -4 -3 -4 -3  1    0   0   0   0   0   0   0   0   0  36  59   0   0   0   0   0   0   0   0   5  1.05 0.33
  252 Q   -4 -2 -3 -3 -6  9 -1 -5 -1 -6 -5 -2 -3 -6 -4 -3 -4 -5 -4 -5    0   0   0   0   0  99   0   0   1   0   0   0   0   0   0   0   0   0   0   0  2.42 0.66
  253 A    7 -4 -4 -4 -3 -3 -3 -1 -4 -4 -4 -3 -3 -5 -3  1 -2 -5 -4 -3   92   0   0   0   0   0   0   1   0   0   0   0   0   0   0   7   0   0   0   0  1.44 0.46
  254 F   -5 -5 -5 -6 -5 -5 -6 -6 -3 -3 -2 -5 -2  9 -6 -5 -5 -1  5 -3    0   0   0   0   0   0   0   0   0   0   1   0   0  83   0   0   0   0  15   1  2.07 0.48
  255 I   -3 -5 -6 -6 -3 -5 -5 -6 -6  7  0 -5 -1 -2 -5 -5 -3 -5 -4  3    0   0   0   0   0   0   0   0   0  83   1   0   0   0   0   0   0   0   0  16  1.50 0.41
  256 F   -4 -6 -6 -6 -5 -6 -6 -6 -4 -3 -2 -6 -2  9 -6 -5 -5 -2  1 -4    1   0   0   0   0   0   0   0   0   0   0   0   1  98   0   0   0   0   0   0  2.45 0.54
  257 M    0 -4 -4 -5 -2 -3 -4 -4 -4  0 -1 -3  8 -3 -4  0  3 -4 -3  0    9   0   0   0   0   0   0   0   0   4   0   0  58   0   0   5  19   0   0   3  1.14 0.40
  258 V   -1 -4 -4 -5 -3 -3 -4 -5 -4  2  2 -4  8 -2 -4 -3  0 -4 -3  3    3   0   0   0   0   0   0   0   0   7  12   0  50   0   0   0   5   0   0  23  1.04 0.35
  259 L   -4 -5 -6 -6 -4 -5 -5 -6 -5 -1  6 -5  0 -2 -5 -5 -4 -4 -3 -1    0   0   0   0   0   0   0   0   0   0 100   0   0   0   0   0   0   0   0   0  1.55 0.43
  260 T    0 -3 -2 -3 -3 -3 -3 -4 -4 -3 -4 -3 -2 -4 -3  2  7 -5 -4 -1    6   0   0   0   0   0   0   0   0   0   0   0   0   0   0  15  77   0   0   3  1.28 0.41
  261 I   -2 -4 -4 -5 -3 -4 -4 -5 -4  5  2 -4  4  0 -4 -2  0 -4 -3  3    0   0   0   0   0   0   0   0   0  46  13   0  14   2   0   2   6   0   0  17  0.72 0.25
  262 V    1 -4 -5 -5 -3 -4 -4 -4 -5  2  1 -4  0 -3 -4 -2 -2 -5 -3  6   10   0   0   0   0   0   0   0   0   8  11   0   1   0   0   3   0   0   0  69  0.88 0.30
  263 Y   -5 -5 -5 -6 -5 -4 -5 -6 -1 -4 -4 -5 -4  0 -6 -3 -5 -1 10 -4    0   0   0   0   0   0   0   0   0   0   0   0   0   0   0   1   0   0  99   0  2.75 0.61
  264 L   -3 -4 -5 -5 -3 -4 -4 -5 -4  3  4 -4  4  2 -5 -4 -2 -3 -1  1    0   0   0   0   0   0   0   0   0  15  52   0  15  11   0   0   1   0   1   6  0.76 0.25
  265 S    2 -3  0 -1 -3 -2 -2  3 -3 -4 -4 -1 -4 -4 -3  5 -1 -5 -4 -4   14   0   2   3   0   0   0  20   0   0   0   2   0   0   0  59   0   0   0   0  0.82 0.31
  266 M   -2 -2 -1 -3 -4  5 -1 -3  4  0  0 -2  7 -2 -4 -2 -2 -4 -2 -2    2   1   3   0   0  30   1   2  11   4   8   1  35   1   0   2   1   0   0   0  0.74 0.31
  267 A    6 -3 -3 -3 -3 -2 -2 -2 -3 -3 -3  1 -3 -3 -3  1 -1 -5 -4 -1   73   0   0   0   0   0   1   0   0   0   0   9   0   1   0  10   2   0   0   3  0.87 0.32
  268 S   -2 -2 -2 -3 -2 -1 -1 -3  7 -1 -2 -3  3 -1 -4  1 -1 -4  1  2    1   0   0   0   1   1   3   0  39   3   1   0  10   2   0  13   2   0   4  18  0.67 0.27
  269 E    0 -2  0  2 -4  2  5 -2 -2 -4 -4  1 -2 -5 -2  1 -1 -5 -3 -4    9   0   3  11   0   8  50   1   0   0   0   6   1   0   1   9   1   0   0   0  0.69 0.25
  270 E    0 -1  0  4 -4 -1  3 -1  3 -4 -4  1 -3 -4 -2  1 -1 -5 -3 -4    7   0   3  29   0   0  23   5   9   0   0   9   0   0   0  15   1   0   0   0  0.52 0.19
  271 H   -4 -3  1 -3 -6 -2 -2 -4 11 -6 -5 -3 -4 -4 -5 -3 -4 -5  0 -6    0   0   5   0   0   0   0   0  93   0   0   0   0   0   0   0   0   0   1   0  2.58 0.49

                      K         Lambda
Standard Ungapped    0.1439     0.3288
Standard Gapped      0.0481     0.2670
PSI Ungapped         0.1587     0.3231
PSI Gapped           0.0481     0.2670
