
Last position-specific scoring matrix computed, weighted observed percentages rounded down, information per position, and relative weight of gapless real matches to pseudocounts
           A  R  N  D  C  Q  E  G  H  I  L  K  M  F  P  S  T  W  Y  V   A   R   N   D   C   Q   E   G   H   I   L   K   M   F   P   S   T   W   Y   V
    1 M   -2 -2 -3 -4 -2 -2 -3 -4 -3  0  2 -2  8 -1 -4 -3 -2 -2 -2  0    0   0   0   0   0   0   0   0   0   0  11   0  89   0   0   0   0   0   0   0  1.03 0.22
    2 N    0 -1  6  2 -3 -1 -1 -1  0 -3 -4 -1 -3 -4 -2  0  2 -4 -3 -3    7   0  71   7   0   0   0   0   0   0   0   0   0   0   0   2  14   0   0   0  0.74 0.14
    3 A    2 -2 -1 -2 -1 -2 -2 -2 -2  0  1 -2  0 -2 -2  0  2 -3 -2  1   36   0   4   0   0   0   0   0   0   0  23   0   0   0   0   0  25   0   0  13  0.21 0.08
    4 V    1 -2 -2 -2 -1 -2 -2 -2 -3  1  1 -2  0 -2 -2  2  0 -3 -2  3    6   0   0   0   0   0   0   0   0   4  13   0   0   0   0  35   0   0   0  42  0.24 0.09
    5 L   -2 -3  1 -3 -2 -2 -3 -4 -3  1  5 -3  3 -1 -4 -3 -2 -3 -2  0    0   0  11   0   0   0   0   0   0   0  78   0   7   0   0   0   0   0   0   3  0.55 0.15
    6 S    0 -2  4 -1 -2 -1 -1 -1 -1 -3 -3 -1 -2 -1 -2  4  2 -4 -2 -2    0   0  23   0   0   0   0   0   0   0   0   0   0   4   0  62  11   0   0   0  0.57 0.16
    7 V    0 -1  1 -2 -2 -1  0 -2 -2  1 -1  2 -1 -2 -2 -1  1 -4 -2  3    6   0  12   0   0   0   7   0   0   5   0  20   0   0   0   0   7   0   0  43  0.18 0.10
    8 Q   -1 -1 -1 -1 -3  4  0  3 -1 -2 -2  1  2 -3  0 -1 -1 -3 -3  0    0   0   0   3   0  39   0  27   0   0   0   7  11   0   3   0   0   0   0   9  0.37 0.13
    9 G    1 -2 -1 -2 -3 -2 -2  5 -3 -3 -3 -2  2 -3 -3  1 -1 -3 -3 -3   11   1   0   0   0   0   0  65   0   0   0   0  12   0   0  11   0   0   0   0  0.73 0.14
   10 A    3  2 -1 -2 -2 -1 -1 -1 -2 -2 -1 -1 -1 -3  1  2  1 -3 -2 -1   44  15   0   0   0   0   0   0   0   0   6   0   0   0   6  17  11   0   0   0  0.30 0.10
   11 S    2 -2 -1 -2 -2 -1 -1 -1 -2 -2 -1 -1 -2 -1  4  3  2 -3 -2 -2   19   0   0   0   0   0   0   0   0   0   6   0   0   3  21  38  12   0   0   0  0.43 0.11
   12 A    4 -2  0 -2 -1 -1 -1 -1 -2 -1  0  0 -1 -2 -2  1  0 -3 -2  1   51   0   6   0   0   0   0   0   0   0   7   5   0   0   0  12   2   0   0  17  0.26 0.10
   13 P    2 -1  0 -1 -2 -1 -1  0 -2 -2 -3  1 -2 -3  5  2  0 -4 -3 -1   22   0   6   0   0   0   0   5   0   0   0  12   0   0  28  22   0   0   0   6  0.47 0.10
   14 V   -1 -1 -2 -2 -2  1  0 -1 -2  1 -1  2 -1 -2 -3 -2 -1 -4 -2  4    0   0   0   0   0   7   7   6   0   1   1  23   0   0   0   0   0   0   0  55  0.26 0.13
   15 K   -1  3 -1 -2 -4  0  0  0 -2 -4 -3  5 -2 -4 -2  0 -1 -4 -3 -3    0  12   0   0   0   0   3   6   0   0   0  72   0   0   0   7   0   0   0   0  0.70 0.18
   16 K   -2  2  3 -1 -4  1  0  0 -1 -4 -4  4 -2 -4  0 -1 -1 -4 -3 -3    0  11  24   0   0   7   0   6   0   0   0  48   0   0   5   0   0   0   0   0  0.52 0.14
   17 K   -1  3 -1 -2 -4  0 -1  2 -2 -4 -3  3 -2 -3  3  0 -1  3 -2 -3    0  23   0   0   0   0   0  17   0   0   0  28   0   0  19   8   0   5   0   0  0.51 0.13
   18 S    3 -2 -1 -2 -2 -1 -2  1 -2 -2 -1 -1 -2  0  2  2  1 -3 -2 -1   33   0   0   0   0   0   0  11   0   0   4   0   0   5  10  25   7   0   0   5  0.28 0.10
   19 F   -2 -1 -3 -4 -3 -3 -3  0 -3 -1  2 -3  0  4 -4 -1 -2  7  1  0    0   4   0   0   0   0   0  10   0   0  23   0   0  23   0   7   0  23   0  10  0.53 0.13
   20 F    0 -2 -2 -2 -1 -2 -2 -2 -2  0  3 -2  1  3 -2 -1 -1 -1  1  0   11   1   1   1   0   1   1   2   0   1  43   1   1  18   1   6   4   0   5   1  0.19 0.07
   21 S    0  2  0 -1 -2  1 -1 -1 -1 -2  0  0 -1 -2 -1  4  0 -2 -2 -2    2  15   1   1   0   5   1   2   1   1  11   4   1   1   2  47   1   0   1   2  0.25 0.10
   22 K    0  3  1 -1 -2  0  0 -2  1 -1  0  2 -1 -2 -2  1 -1 -2 -1 -1    6  22   5   1   0   1   6   1   5   4  13  18   0   1   1  13   1   0   1   1  0.16 0.07
   23 F   -2  1 -2 -3  3 -2 -2 -3 -2 -1 -1  0 -1  6 -3 -2 -2 -1  2  0    1  13   1   1   9   1   1   1   0   1   1   7   0  47   1   1   1   0   6   7  0.47 0.15
   24 T   -1  1  0 -2  4 -1 -1 -2 -2 -1  0 -1 -1  0 -2  2  2 -2 -1 -1    1  12   3   1  13   1   1   1   0   1  11   1   0   7   1  27  17   0   1   1  0.20 0.10
   25 R    0  3  1 -2 -3  2  0 -2  3 -2  0  2 -1 -3 -2  0 -1 -3 -2 -1    5  21   6   0   0  14   0   0  10   0  12  18   0   0   0   9   0   0   0   4  0.26 0.12
   26 L    2 -2 -3 -3 -2 -1 -2 -3 -2  1  2  0  1  0 -3 -2 -1 -2  3  1   23   0   0   0   0   3   0   0   0   9  30   7   4   0   0   0   0   0  14  10  0.23 0.14
   27 N   -2  3  4 -2  5 -1 -2 -3 -2 -2 -3  2 -2 -3 -1 -1 -2  2  1  1    0  17  27   0  14   0   0   0   0   0   0  15   0   0   2   0   0   4   6  15  0.40 0.20
   28 M    0  1  1 -1 -3  3  1 -3 -1 -1  0  1  3 -3  1 -1 -1 -3 -2  1    6   6   8   0   0  21  11   0   0   0   8  10  12   0   6   0   0   0   0  12  0.22 0.14
   29 L   -1  1  3 -2 -3  1 -1 -3  2 -1  1  2  3 -2 -3 -1 -2 -3  1 -1    5   6  18   0   0   5   0   0   6   0  17  21  14   0   0   0   0   0   5   3  0.23 0.15
   30 R    1  4  0 -2 -3  1  0 -2  1 -3 -2  3 -2 -3 -2  0  0 -4 -2 -2   19  29   3   0   0   6   5   0   3   0   5  22   0   0   0   4   3   0   0   0  0.38 0.16
   31 L   -1 -2 -2 -3 -2  1 -2 -3 -3 -1  2 -1  0  1 -3  1  0  6 -1  0    4   0   0   0   0  11   0   0   0   0  32   5   0   8   0  12   8  14   0   6  0.33 0.16
   32 A    2  1  0 -2 -2 -1 -2 -2 -2  0  2 -1  2 -2 -2  1  1 -3 -2  1   21  11   6   0   0   0   0   0   0   0  22   0   9   0   0  13   7   0   0  10  0.16 0.12
   33 R    1  4 -2 -2 -3  0 -1  1 -2 -2 -3  3 -2  0  1 -1 -2 -3 -2 -1   13  27   0   0   0   0   0  12   0   0   0  28   0   5   6   0   0   0   0   7  0.34 0.16
   34 A    2 -1 -2 -3 -2 -1 -2 -1 -2 -1  0  2 -1  3 -2 -1  0  3 -1  1   22   0   0   0   0   0   0   4   0   0  12  19   0  17   0   0   5   5   0  13  0.16 0.12
   35 V    1 -3  0 -3  3 -2 -3 -3 -3  1  2 -3  1  1 -3 -1  0 -2  0  2   18   0   5   0  10   0   0   0   0   6  23   0   4   6   0   4   3   0   4  17  0.20 0.10
   36 I    1 -3 -3 -4 -2 -3 -3 -3 -3  3  3 -3  3 -1 -3 -1  1 -3 -2  2   13   0   0   0   0   0   0   0   0  18  34   0   9   0   0   4   8   0   0  14  0.34 0.14
   37 P   -1 -1 -3 -3 -3  0 -2 -3 -3  0  0  3  1  2  5 -1 -2 -3 -2  0    5   0   0   0   0   3   0   0   0   5   7  25   4  10  29   4   0   0   0   8  0.46 0.17
   38 A    1  0  0 -2 -2 -1 -1 -1 -1 -1  0  1  0  0  0  1  0 -2  2  0   21   5   6   0   0   0   0   3   0   0   8  12   3   4   4   9   6   0  10  10  0.08 0.07
   39 A    4 -3 -3 -3 -2 -2 -2  1 -2 -1  1 -2 -1 -2  1  0 -1 -3  1  1   52   0   0   0   0   0   0   8   0   0  14   0   0   0   6   0   0   0   7  13  0.30 0.13
   40 V    1  1 -2 -3 -2 -2 -2  0 -3  1  1 -1  0 -2 -3  0 -1 -3 -2  3   18  12   0   0   0   0   0   8   0   6  18   0   0   0   0   5   0   0   0  32  0.17 0.09
   41 L    2  2 -3 -3 -2 -2 -2 -3 -3 -1  3 -2  0  2 -3 -1  1 -3 -1 -1   23  15   0   0   0   0   0   0   0   0  37   0   0  10   0   0  14   0   0   0  0.28 0.15
   42 M    0 -3  1 -2  3 -2 -2 -3 -2  1  1 -2  2  1  2  0 -1 -3 -1  1   10   0  10   0  10   0   0   0   0  10  10   0  10  10  10  10   0   0   0  10  0.17 0.13
   43 M    0 -3 -3 -3  3 -2 -3 -3 -3  1  2 -3  3  1  1  0 -1  3 -1  0   11   0   0   0   8   0   0   0   0   5  24   0  14   9   6  12   0   5   0   5  0.24 0.14
   44 F    0 -3 -3 -4 -2 -3 -3  0 -3  1  2 -3  2  4  2 -2 -2 -2  0  1   10   0   0   0   0   0   0   7   0  10  20   0   9  26  10   0   0   0   0   7  0.30 0.15
   45 F    0 -3 -3 -3 -2 -2 -3 -3 -2  1  2 -2  3  4  0  0 -1 -1  0  0   10   0   0   0   0   0   0   1   0   9  19   0  13  32   5   7   0   0   0   0  0.30 0.14
   46 P    1 -3 -3 -3 -2 -2 -2  0 -3 -1  1 -2 -1  0  5 -1 -1  3 -2  0   11   0   0   0   0   0   0   8   0   0  20   0   0   5  34   4   0   5   0   9  0.49 0.14
   47 Q   -1 -2 -2  0 -3  3  1 -3  1 -1  1 -1  3 -2  0 -2  0  3  0 -1    3   0   0   7   0  23   9   0   4   0  20   0  13   0   5   0   7   5   2   4  0.24 0.17
   48 L   -1 -3 -3 -1  3  0 -3 -4 -3  1  3 -3  3 -1 -3 -1 -1 -3 -2  2    5   0   0   5   8   5   0   0   0   4  44   0   9   0   0   4   3   0   0  14  0.32 0.17
   49 A    4 -3 -3 -3  2 -2 -2  1 -3  0  1 -2 -1 -2 -2  0  0 -3 -3  1   46   0   0   0   5   0   0   8   0   5  16   0   0   0   0   3   4   0   0  13  0.30 0.18
   50 M    0  1 -2 -2 -2  1 -1 -3  2  1  0 -1  2  2 -2 -1  0 -2  2  1    9   9   0   0   0   9   1   1   9   9   9   0   9   9   0   1   9   0   9   9  0.11 0.12
   51 A    4 -2  0 -2 -2  0 -2  1 -2 -2 -2 -2  0 -1  2  0  0 -3 -2 -1   47   0   6   0   0   6   0  10   0   0   0   0   4   3  11   4   4   0   0   3  0.37 0.21
   52 A    3 -2 -1  1 -2  0 -1  0  1  0 -1 -1  1 -2 -2  1  0 -3 -2  0   36   0   0   8   0   6   0   6   5   5   4   0   5   0   0  11   5   0   0   7  0.18 0.15
   53 G    1 -2 -1 -1 -2  1 -1  3 -2  0 -1 -1  1  0  1 -1  0 -2 -2  0   11   1   1   4   0  10   1  26   0   4   5   1   7   5   8   1   7   0   0   7  0.15 0.09
   54 S    2 -1 -1 -2 -2 -1 -1  2 -2 -2 -2  1 -2 -2  1  1  1 -3 -2  0   24   1   1   1   0   1   1  19   0   1   1  11   0   1   8  10  11   0   1   8  0.22 0.10
   55 S    0  1  1 -1 -2  2  1  1  3 -3 -3  1 -2 -3 -2  1  1 -3 -2 -2   10  10   9   0   0   9  10  10   9   0   1  10   0   0   0  10  10   0   0   1  0.21 0.11
   56 G    3 -2 -1 -2 -2 -2 -2  4 -2 -3 -3 -1 -2 -3 -2  1  1 -3 -3 -2   27   1   1   1   0   1   1  37   0   1   1   1   0   1   1  13  12   0   0   1  0.46 0.13
   57 Q    0 -1 -1  0 -3  4  1  1 -1 -2 -2  0 -2 -3 -2  0  3 -3 -2 -1    5   0   0   6   0  28   9  12   0   0   1   5   0   0   0   1  27   0   0   6  0.30 0.14
   58 D   -2 -2  3  6 -4 -1  1 -2 -1 -4 -4 -1 -3 -4  2  0 -1 -5 -3 -4    0   0  21  70   0   0   0   0   0   0   0   0   0   0   9   0   0   0   0   0  0.85 0.08
   59 L   -2  0 -3 -4 -2 -2 -3 -4 -2  2  4 -2  2  0 -3 -3 -1 -1  2  0    0   9   0   0   0   0   0   0   0   8  65   0   7   0   0   0   0   0  12   0  0.34 0.05
   60 M    1 -2 -3 -3 -2 -2 -2 -3 -2  1  3 -2  4  2 -3 -1  0 -2 -1  0   16   0   0   0   0   0   0   0   0   0  39   0  28  11   0   0   6   0   0   0  0.25 0.05
   61 A    3  0 -1 -1 -1  1  0 -1 -1 -2 -2  1 -1 -3 -1  3  0 -3 -2 -1   43   0   0   0   0   9   0   0   0   0   0  15   0   0   0  32   0   0   0   0  0.32 0.05
   62 S    1 -2 -1 -2 -2 -1 -1  3 -2 -3 -3  0 -2 -3  2  3  2 -3 -3 -2   14   0   0   0   0   0   0  27   0   0   0   8   0   0   8  29  13   0   0   0  0.40 0.10
   63 G   -1 -2 -1 -2 -3  3 -1  5 -2 -2 -1 -1  1 -3 -3 -1 -2 -3 -3  0    0   0   0   0   0  27   0  50   0   0   7   0   4   0   0   0   0   0   0  11  0.54 0.14
   64 N   -1  0  3  1 -3  2  0 -1 -1 -3 -1  4 -2 -3 -2  0 -1 -4 -3 -3    3   0  18   6   0  14   0   3   0   0   9  44   0   0   0   4   0   0   0   0  0.38 0.12
   65 T    2 -1  0  1 -2  1  2  1 -2 -2 -3 -1 -2 -3  2  1  1 -3 -3 -1   29   0   3   7   0   7  17   8   0   0   0   0   0   0  11   6  10   0   0   2  0.27 0.07
   66 T   -1 -2  0  4 -3  1  1 -3 -2 -2 -3 -1 -2 -4 -2  0  4 -4 -3 -1    0   0   0  31   0   9   7   0   0   0   0   0   0   0   0   0  49   0   0   4  0.57 0.16
   67 V    2 -2 -3 -3 -1 -2 -2 -2 -3  3  1 -2  3 -1 -2 -1 -1 -3 -2  2   25   0   0   0   0   0   0   0   0  25   0   0  25   0   0   0   0   0   0  25  0.21 0.03
   68 K   -1  1  3  0 -3  2  1 -1  0 -3 -3  3 -2 -3 -2  2  1 -3 -2 -2    0   0  27   0   0   8   9   0   0   0   0  32   0   0   0  18   7   0   0   0  0.36 0.05
   69 A    2 -2  0  3 -2 -1  0  2 -2 -3 -3 -1 -2 -3 -2  2  0 -3 -3 -2   31   0   0  29   0   0   0  19   0   0   0   0   0   0   0  21   0   0   0   0  0.36 0.05
   70 T    0 -2  0 -2 -1 -1 -1 -2 -2 -1 -1 -1 -1 -2 -2  1  5 -3 -2  0    0   0   0   0   0   0   0   0   0   0   7   0   0   0   0   6  87   0   0   0  0.55 0.06
   71 F   -1 -3 -3 -4 -3 -4 -4 -3 -2 -1  0 -3  0  7 -4 -2 -2  0  3 -1    9   0   0   0   0   0   0   0   0   0   0   0   0  91   0   0   0   0   0   0  0.86 0.07
   72 G    0 -3 -1 -2 -3 -2 -3  6 -3 -4 -4 -2 -3 -4 -3 -1 -2 -3 -4 -4    0   0   0   0   0   0   0 100   0   0   0   0   0   0   0   0   0   0   0   0  1.22 0.06
   73 K    1  1 -1 -1 -3  1  0 -2  4 -3 -3  3 -2 -3  1  1 -1 -3 -1 -2   18   3   0   0   0   5   2   0  19   0   0  34   0   0   7  12   0   0   0   0  0.32 0.05
   74 D   -1 -2  2  4 -3  0  0  3 -2 -3 -4 -1 -3 -4 -2  0  0 -4 -3 -2    0   0   8  40   0   4   0  33   0   0   0   0   0   0   0   6   7   0   0   3  0.50 0.05
   75 S    1 -2  0 -1 -2 -1 -1 -1 -2 -3 -3 -1 -2 -3 -2  6  1 -4 -3 -2    0   0   0   0   0   0   0   0   0   0   0   0   0   0   0 100   0   0   0   0  0.79 0.12
   76 S    1 -2  0  0 -2 -1 -1 -1 -2 -2 -2 -1 -2  0 -2  3  4 -3 -2 -1    6   0   0   5   0   0   0   0   0   0   0   0   0   6   0  46  36   0   0   0  0.40 0.07
   77 V    0 -3 -3 -4 -1 -2 -3 -4 -3  3  2 -3  3 -1 -3 -2 -1 -3 -2  3    5   0   0   0   0   0   0   0   0  29  18   0  16   0   0   0   0   0   0  32  0.35 0.05
   78 V    0 -2 -2 -2 -2 -1  1 -3 -2  2  0 -1  2 -1  2  0 -1 -3  0  2    7   0   0   0   0   0  18   0   0  11   0   0  11   0   9   6   0   0   5  33  0.16 0.05
   79 K   -2  0 -1 -2 -3  0 -1 -1 -1 -2 -2  4  1  0 -2 -1 -1  5  4 -2    0   0   0   0   0   0   0   5   0   0   0  53   8   0   0   0   2  11  21   0  0.46 0.09
   80 W   -2 -3 -4 -5  4 -3 -4 -1 -2 -2 -2 -3 -2  1 -4 -3 -3 10  5 -1    0   0   0   0  14   0   0   4   0   2   0   0   0   4   0   0   0  49  23   4  1.38 0.13
   81 V   -2 -3 -4 -4 -2 -3 -3 -4 -3  3  2 -3  1  3 -3 -3 -1 -2  0  3    0   0   0   0   0   0   0   0   0  28  19   0   0  24   0   0   0   0   0  29  0.39 0.06
   82 V   -2 -3 -3 -4 -2 -2 -3 -4  0  3  1 -3  3  1 -3 -2 -1  0  6  2    0   0   0   0   0   0   0   0   0  25   4   0  12   0   0   0   0   0  43  17  0.49 0.09
   83 L   -1 -3 -4 -4 -2 -3 -3 -4 -3  3  3 -3  2  0 -3 -3 -1 -2  0  2    3   0   0   0   0   0   0   0   0  32  46   0   6   0   0   0   0   0   3   9  0.41 0.07
   84 A    5 -2 -2 -2 -1 -2 -2  2 -2 -2 -2 -2 -2 -3 -2  0 -1 -3 -3 -1   79   0   0   0   0   0   0  17   0   0   3   0   0   0   0   0   0   0   0   0  0.58 0.11
   85 E   -2 -1 -1  1 -5  1  7 -3 -1 -4 -4  0 -3 -4 -2 -1 -2 -4 -3 -4    0   0   0   0   0   0 100   0   0   0   0   0   0   0   0   0   0   0   0   0  1.19 0.17
   86 V   -1 -3 -3 -4 -2 -3 -3 -2 -4  3  1 -3  0 -1 -3 -2  1 -3 -2  4    0   0   0   0   0   0   0   4   0  27   3   0   0   0   0   0  10   0   0  56  0.41 0.09
   87 L   -2 -3 -4 -4 -2 -3 -4 -4 -3  3  3 -3  1  2 -3 -3 -1 -2 -1  2    0   0   0   0   0   0   0   0   0  34  39   0   0  11   0   0   0   0   0  16  0.43 0.07
   88 V    1 -3 -3 -3 -1 -2 -3 -1 -3  3  2 -2  3 -1 -3 -2 -1 -3 -2  3   14   0   0   0   0   0   0   4   0  17  13   0  12   0   0   0   0   0   0  41  0.28 0.06
   89 G    2 -3 -1 -2 -2 -2 -2  5 -3 -2 -3 -2 -2 -3 -2  1 -1 -3 -3  0   17   0   0   0   0   0   0  58   0   0   0   0   0   0   0  11   0   0   0  13  0.60 0.08
   90 A    2 -3 -3 -3 -1 -2 -2  1 -3  1  1 -2  0  2 -2 -1 -1 -2 -1  1   33   0   0   0   0   0   0  11   0  11  15   0   0  13   0   0   0   0   0  16  0.17 0.05
   91 V    0 -3 -3 -3 -2 -2 -3 -1 -2  2  1 -2  2  2 -3 -1  0 -2  1  3   10   0   0   0   0   0   0   4   0  11   4   0   9  16   0   2   2   0   4  37  0.20 0.05
   92 M    1 -2 -2 -3 -2 -2 -2  0 -2  1  2 -2  4 -1 -2  0  1 -3 -2  1   14   0   0   0   0   0   0   8   0   9  17   0  29   0   0   3  16   0   0   3  0.19 0.06
   93 Y   -3 -3 -3 -4 -4 -3 -3 -4  1 -2 -2 -3 -2  3 -4 -3 -3  5  8 -2    0   0   0   0   0   0   0   0   0   0   0   0   0   7   0   0   0   8  85   0  1.43 0.18
   94 M   -2 -3 -3 -4 -2 -2 -3 -4 -3  3  2 -3  5  1 -3 -2 -1  3 -1  2    0   0   0   0   0   0   0   0   0  36  11   0  29   5   0   4   0   4   0  11  0.38 0.08
   95 M   -2  4 -1 -2 -3  1  0 -3 -1 -2  0  4  4 -2 -2 -1 -1 -3 -2 -2    0  24   0   0   0   5   0   0   0   0   4  41  24   0   0   0   1   0   0   0  0.43 0.10
   96 T    0 -1  2 -1 -2  0 -1 -2 -2 -1 -2  0 -1 -3 -2  1  5 -3 -2  0    7   0  12   0   0   4   0   0   0   0   0   5   0   0   0   2  65   0   0   5  0.47 0.11
   97 K   -2  4 -1 -2 -4  1  0 -3  4 -4 -3  5 -2 -3 -2 -1 -2 -4 -1 -3    0  25   0   0   0   0   0   0  18   0   0  57   0   0   0   0   0   0   0   0  0.69 0.12
   98 N   -1 -1  6  0 -3 -1 -1 -1  0 -4 -4 -1 -3 -4 -2  2  0 -4 -3 -3    0   0  73   0   0   0   0   0   0   0   0   0   0   0   0  24   3   0   0   0  0.85 0.14
   99 V   -1 -3 -3 -3 -2 -2 -3 -3 -3  1  1 -2  0  0  6 -2 -1 -3 -2  2    0   0   0   0   0   0   0   0   0   4  19   0   0   4  46   0   0   0   0  28  0.78 0.09
  100 K    1  0 -2 -3 -2  0 -1 -2 -2 -1  2  2  2  0 -2 -1 -1  4 -1 -1   20   0   0   0   0   2   0   0   0   0  26  28  13   4   0   0   0   8   0   0  0.19 0.06
  101 F   -1 -3 -3 -3 -2 -3 -3 -4 -3  2  1 -3  1  4 -3 -2  1 -2  0  3    0   0   0   0   0   0   0   0   0  12   7   0   4  28   0   0  14   0   0  35  0.32 0.07
  102 L   -3 -3 -4 -4 -2 -3 -4 -4 -3  0  3 -4  1  6 -4 -3 -2 -1  1  0    0   0   0   0   0   0   0   0   0   0  51   0   0  49   0   0   0   0   0   0  0.68 0.11
  103 A    2 -3 -3 -3 -1 -2 -3 -1 -3  1  1 -2  0  2 -2 -1 -1 -2 -1  3   29   0   0   0   0   0   0   5   0   7  13   0   0  13   0   0   0   0   0  34  0.20 0.06
  104 G   -1 -2 -1 -2 -3 -3 -3  6 -3 -3 -1 -2 -2 -1 -3 -1 -2 -3 -3 -3    0   2   0   0   0   0   0  84   0   0  10   0   0   4   0   0   0   0   0   0  0.97 0.12
  105 F   -2 -3 -4 -4 -2 -3 -4 -4 -3  3  3 -3  1  4 -4 -3 -2 -1  0  2    0   0   0   0   0   0   0   0   0  27  32   0   2  30   0   0   0   0   0  10  0.43 0.07
  106 A    2 -3 -3 -3  0 -2 -2 -1 -3  1 -1 -2 -1 -1  4 -1 -1 -3 -2  1   30   0   0   0   2   0   0   4   0  16   0   0   0   4  28   0   0   0   0  16  0.42 0.07
  107 I   -1 -3 -3 -4 -2 -3 -3 -3 -3  4  2 -3  3  1 -3 -2 -1 -3 -1  3    3   0   0   0   0   0   0   2   0  38   8   0  17   4   0   0   0   0   0  28  0.36 0.07
  108 I   -1 -3 -4 -4  2 -3 -3 -4 -3  2  3 -3  2  2 -3 -2 -1 -2  0  2    2   0   0   0   5   0   0   0   0  18  36   0   4  14   0   0   0   0   0  21  0.33 0.06
  109 S   -1 -3 -2 -3 -2 -2 -2 -3 -3  4  1 -2  2  0 -3  2  0 -3 -2  2    0   0   0   0   0   0   0   0   0  48   3   0  11   4   0  28   0   0   0   6  0.27 0.09
  110 V   -1 -3 -4 -4 -2 -3 -3 -4 -4  3  1 -3  0 -1 -3 -2  0 -3 -2  4    0   0   0   0   0   0   0   0   0  25   9   0   0   0   0   0   3   0   0  64  0.52 0.10
  111 F   -2 -4 -4 -4 -3 -4 -4 -4 -2  1  0 -4  0  7 -4 -3 -2  0  2  2    0   0   0   0   0   0   0   0   0   9   0   0   0  73   0   0   0   0   0  18  0.83 0.13
  112 I   -1 -2 -1 -2 -2 -2 -2 -1 -3  2 -1 -2 -1 -2 -2  0  5 -3 -2  1    0   0   0   0   0   0   0   4   0  22   0   0   0   0   0   0  68   0   0   6  0.49 0.12
  113 A    1  3  1 -1 -2  0 -1 -2  2 -3 -2  2 -2 -3 -2  1  2 -3 -2 -2   18  27   8   0   0   0   0   0   8   0   0  14   0   0   0   4  21   0   0   0  0.29 0.06
  114 V    0 -3 -4 -4 -2 -3 -3 -3 -4  3  1 -3  0 -1 -3 -2 -1  4 -1  4    9   0   0   0   0   0   0   0   0  16   3   0   0   0   0   0   0   8   0  64  0.46 0.09
  115 G    1 -3 -2 -2 -2 -2 -3  5 -3  1 -1 -2  0  0 -3 -1 -1 -3 -2  1   12   0   0   0   0   0   0  53   0  10   5   0   4   5   0   0   0   0   0  12  0.42 0.07
  116 M   -1 -3 -4 -4 -3 -3 -3 -4 -2  0  2 -3  5  6 -4 -3 -2 -1  1 -1    4   0   0   0   0   0   0   0   0   0  16   0  29  50   0   0   0   0   0   0  0.61 0.11
  117 A    2 -1  0 -1 -1  0 -1  1 -2 -2 -3  0 -2 -3 -1  3  2 -3 -2 -2   22   0   0   0   0   3   0   8   0   0   0   4   0   0   0  42  20   0   0   0  0.36 0.07
  118 V   -1 -3 -3 -4 -2 -2 -3 -4 -2  2  2 -3  2  2 -3 -2 -1 -1  2  3    0   0   0   0   0   0   0   0   0  14  27   0  10   8   0   0   0   0  12  29  0.32 0.06
  119 V    2 -3 -3 -3 -1 -2 -3 -2 -3  3  0 -2  0 -1 -2 -1 -1 -3 -2  3   33   0   0   0   0   0   0   0   0  34   0   0   0   0   0   0   0   0   0  32  0.33 0.08
  120 G    0 -3 -1 -2 -3 -2 -3  6 -3 -4 -4 -2 -3 -4 -3 -1 -2 -3 -4 -4    0   0   0   0   0   0   0 100   0   0   0   0   0   0   0   0   0   0   0   0  1.23 0.08
  121 L   -2 -2 -4 -4 -2 -3 -3 -4 -3  1  4 -3  2  3 -3 -3 -1 -1  0  1    0   0   0   0   0   0   0   0   0   0  83   0   0  17   0   0   0   0   0   0  0.40 0.00

                      K         Lambda
Standard Ungapped    0.1333     0.3264
Standard Gapped      0.0405     0.2670
PSI Ungapped         0.1328     0.3243
PSI Gapped           0.0405     0.2670
