
Last position-specific scoring matrix computed, weighted observed percentages rounded down, information per position, and relative weight of gapless real matches to pseudocounts
           A  R  N  D  C  Q  E  G  H  I  L  K  M  F  P  S  T  W  Y  V   A   R   N   D   C   Q   E   G   H   I   L   K   M   F   P   S   T   W   Y   V
    1 M   -3 -4 -5 -5 -3 -3 -4 -5 -4  1  2 -4  9  0 -5 -4 -3 -4 -3  2    0   0   0   0   0   0   0   0   0   6  12   0  68   3   0   0   0   0   0  11  1.35 0.37
    2 E   -1  1  3  2 -4  3  2 -2  0 -4 -4  2 -3 -2 -2  1 -1 -4 -3 -3    4   5  17  14   0  14  13   0   1   0   0  18   0   2   0  12   0   0   0   1  0.41 0.16
    3 K    0  3  2 -2 -3  2 -1 -2  1 -3 -3  3 -2 -1 -3  1 -1  0  0 -1    7  17  12   0   0   8   0   1   3   0   0  28   0   3   0  12   3   2   3   4  0.33 0.16
    4 Y   -2 -3 -3 -4 -3 -2 -4 -4  1  2  3 -3  0  3 -4 -3 -1  4  3  0    1   0   1   0   0   2   0   1   3  14  37   0   0  16   0   0   3   6  11   5  0.48 0.18
    5 L   -1 -1 -2 -2 -3 -3 -2 -4 -3  3  4 -3  2  1 -4 -2 -2 -3  0  0    6   4   2   2   0   0   3   0   0  20  45   0   3   6   0   3   0   0   3   3  0.36 0.16
    6 H   -2  2  2 -1 -1  2  2 -2  3 -3 -1  1 -2  0 -3  0  1 -3 -1 -2    1  10  11   1   2  12  16   1  11   0   6   7   0   5   0   3  10   0   1   3  0.23 0.13
    7 L   -1  0 -2 -2 -1 -2 -2 -2  0  1  3  0  0  2 -3  0 -1 -2  0  0    3   4   1   2   1   1   0   2   2  10  35   6   1  12   0  10   3   0   1   5  0.16 0.11
    8 L    2 -3 -2 -3 -2 -3 -3  1 -3  1  2 -3  0  2 -2 -1 -1 -3 -1  0   22   0   1   0   0   0   1  14   0  11  25   0   1  13   1   2   3   0   1   5  0.21 0.13
    9 S    3 -1  1 -1 -2  0 -1  0  0 -1 -2 -1 -2 -3 -1  3  0 -4 -3 -1   31   3   6   3   0   5   1   5   2   5   1   2   0   0   2  25   5   0   0   4  0.25 0.15
   10 R    0  4  1 -1 -4  2  1 -1 -1 -4 -3  3 -2 -4 -1  1  0 -4 -2 -3    5  25   8   2   0   8   6   5   0   0   2  19   0   0   1  15   3   0   1   0  0.38 0.17
   11 G   -1 -2 -1 -3  2 -1 -2  0 -1  1  2 -1  0 -2 -2  1  1 -1 -2  0    2   0   1   0   5   3   1   7   2  12  25   3   2   1   1  17  11   1   1   5  0.12 0.11
   12 D   -1  0  1  3 -3  3  2 -1 -1 -3 -3  1 -1 -3 -2  1  1 -3  0 -3    4   4   4  21   0  14  12   4   0   0   1   8   1   0   0  13   9   0   4   0  0.32 0.15
   13 K    0  3  2  1 -3  2  0 -1  0 -3 -2  2 -2 -2  0  0  0 -3 -2 -2    5  19  12   7   0   8   3   4   2   1   2  18   1   2   3   4   5   0   1   2  0.25 0.12
   14 I   -1  0 -1 -3 -1  0 -3 -2 -1  2  2 -1  1  1 -3 -2 -1  3  1  1    6   5   3   0   1   4   0   2   1  20  27   2   3   6   0   1   2   4   5   7  0.17 0.11
   15 G    1 -3 -2  3 -4 -3 -2  5 -1 -4 -4 -3 -4  1 -1  0 -2 -4 -3 -4   12   0   0  22   0   0   0  47   2   0   1   0   0   7   2   5   1   0   0   0  0.69 0.25
   16 L   -1 -2 -2 -2 -3 -1 -2 -2  0  2  1 -2  2  1 -3 -2 -1 -1  4  1    3   1   2   1   0   4   1   3   2  19  14   1   7   5   1   1   3   0  20  11  0.23 0.14
   17 T    1 -2  2 -2 -1 -1 -2 -2  3  0  1 -1  0  0 -3  0  1  2  2  0   15   0  12   0   1   2   0   1  10   4  15   5   2   4   0   4   9   3   7   5  0.11 0.10
   18 L    0 -4 -4 -4 -1 -3 -4 -1 -4  3  3 -3  1  2 -4 -3 -1 -3 -1  2    8   0   0   0   1   0   0   5   0  25  32   0   1   8   0   0   2   0   1  18  0.40 0.17
   19 I    0 -3 -2 -3  0 -2 -3  1 -3  2  2 -3  2 -2 -3  0  1 -3 -2  1   10   0   1   0   2   0   0  11   0  14  31   0   5   0   0  10   9   0   0   8  0.21 0.13
   20 R   -3  7 -3 -4 -5 -1 -2 -4 -1 -2  0  0 -2  0 -4 -2 -3  0  0  0    0  67   0   0   0   0   0   0   1   1   9   2   1   4   0   3   0   1   4   8  0.95 0.34
   21 L    0 -4 -4 -4 -3 -3 -4 -4 -3  2  2 -3  0  3 -4 -2 -2  6  3  1   11   0   0   0   0   0   0   0   0  16  25   0   0  12   0   1   1  11  13   9  0.48 0.19
   22 S    3 -3 -2 -3 -3 -2 -3  4 -3 -3 -3 -2 -3 -3 -1  3  0 -4 -4 -1   27   0   0   0   0   0   0  38   0   0   1   0   0   1   2  24   3   0   0   5  0.63 0.24
   23 I   -2 -4 -4 -5 -3 -3 -4 -5 -4  4  3 -4  4 -2 -4 -2  0 -4 -3  3    1   0   0   0   0   0   0   0   0  25  30   0  12   0   0   1   5   0   0  25  0.60 0.22
   24 A    2 -4 -4 -4  1 -3 -4 -3 -4  3  0 -3 -1  2 -3 -1 -1 -3 -2  4   24   0   0   0   3   0   0   0   0  18   5   0   0   9   0   2   1   0   0  37  0.46 0.22
   25 I   -1 -4 -4 -5 -3 -4 -4 -4 -4  4  3 -4  1  0 -4 -3  0 -4 -2  3    3   0   0   0   0   0   0   1   0  36  30   0   2   4   0   0   5   0   0  19  0.58 0.22
   26 V   -2 -4 -1 -5 -3 -4 -4 -5 -5  5  0 -4  1 -2 -2 -3 -1 -5 -3  5    0   0   4   0   0   0   0   0   0  36   4   0   3   0   2   0   2   0   0  49  0.84 0.30
   27 F   -4 -4 -5 -6 -4 -4 -5 -5 -4  1  4 -5  4  6 -5 -4 -3 -2  1 -1    0   0   0   0   0   0   0   0   0   6  40   0  10  40   0   0   1   0   4   0  0.99 0.32
   28 M    1 -3 -4 -4 -2 -3 -3  0 -3  2  2 -3  2  2 -3 -2 -2 -3 -1  2   18   0   0   0   0   0   0   8   0  10  27   0   6  11   0   0   1   0   1  19  0.31 0.16
   29 W   -4 -6 -6 -7 -5 -5 -6 -4 -5 -1  0 -6 -3  0 -6 -2 -3 12 -1 -1    1   0   0   0   0   0   0   1   0   3   8   0   0   3   0   3   2  74   0   5  2.85 0.61
   30 I   -2 -5 -3 -5 -4 -3 -5 -6 -4  6  0 -5  0  6 -5 -3 -3 -3  0  0    2   0   1   0   0   1   0   0   0  56   4   0   1  32   0   1   0   0   1   0  1.09 0.38
   31 G   -1 -5 -3 -4 -5 -4 -5  7 -5 -7 -6 -4 -5 -6 -5 -1 -4 -5 -6 -6    2   0   0   0   0   0   0  95   0   0   0   0   0   0   0   3   0   0   0   0  2.05 0.52
   32 L    1 -3  0 -3  0 -2 -3  3 -3  1  1 -3  1 -1 -3  0  0 -1  1  0   13   0   5   0   2   0   0  29   0  11  12   0   5   1   0   5   4   1   6   5  0.23 0.14
   33 L   -1 -3 -3  0 -3  1 -3 -2 -3 -1  3 -3  5  3 -4 -3 -1 -2  3 -1    4   0   0   6   0   7   0   4   0   1  29   0  23  12   0   0   3   0  12   0  0.46 0.25
   34 K   -4 -1 -3 -4 -6 -1 -2 -5 -4 -6 -6  8 -4 -6 -4 -3 -4 -6 -5 -5    0   0   0   0   0   0   0   0   0   0   0 100   0   0   0   0   0   0   0   0  2.10 0.61
   35 F   -1 -5 -6 -6 -5 -5 -5 -4 -4 -2 -2 -5  0  8 -6 -4 -4  8  2  0    5   0   0   0   0   0   0   1   0   1   0   0   2  59   0   0   0  19   4   8  1.60 0.45
   36 V   -1 -4 -3 -4  1 -2 -3 -2 -3 -2 -2 -3 -1  5 -4 -1  5  3  1  0    5   0   0   0   4   2   0   3   0   1   2   0   1  27   0   1  40   4   3   8  0.61 0.29
   37 P    1 -1  0  2 -4  1  2 -2  1 -3 -2  1 -3 -4  4  0 -1 -4 -2 -3   14   2   5  12   0   8  14   1   4   0   4   7   0   0  22   3   1   0   1   0  0.40 0.18
   38 Y   -2 -4 -4 -5 -4 -1 -4 -3 -1 -2 -2 -4  1  4 -2 -3  1 -1  7 -1    4   0   0   0   0   3   0   1   0   1   2   0   3  18   2   1  12   0  49   4  1.05 0.39
   39 E   -4 -3 -3 -1 -6 -1  7 -3 -3 -6 -3 -2 -5 -6 -4 -1 -4 -6 -5 -5    0   0   0   1   0   0  90   2   0   0   4   0   0   0   0   3   0   0   0   0  1.76 0.58
   40 A    6 -4 -4 -4 -3 -3 -3 -2 -4 -1 -3 -1 -1 -3 -3  0 -2 -5 -4  1   74   0   0   0   0   0   0   1   0   3   0   4   2   1   0   4   0   0   0  11  0.95 0.40
   41 D    0  1  1  3 -4  2  3 -2  1 -3 -3  1  2 -4 -3 -1 -2 -4 -1 -2    9   6   6  17   0  11  21   2   4   1   1  10   8   0   0   0   1   0   2   3  0.32 0.18
   42 S    3 -2  0  0 -3 -2 -3  5 -3 -3 -2 -3 -3 -4 -3  0 -2 -4 -4 -2   27   2   4   5   0   1   0  46   0   1   5   0   0   0   0   6   1   0   0   3  0.64 0.27
   43 I   -3 -5 -5 -5 -3 -4 -5 -5 -5  7  2 -4 -1 -2 -5 -2 -2 -4 -3  1    0   0   0   0   0   0   0   0   0  67  21   0   0   0   0   4   2   0   0   5  1.07 0.37
   44 T    1  1 -2 -2 -3  1  2 -2 -1  0 -1  2 -1 -3 -2 -1  0 -4 -2  2   17   9   0   1   0   5  15   1   2   3   3  12   0   1   0   3   5   0   0  24  0.20 0.15
   45 P   -1 -1 -2 -2 -5 -1 -3  0  2 -5 -5 -1 -4 -2  8 -2 -3 -5 -4 -4    4   3   1   2   0   3   0   6   6   0   0   3   0   2  68   1   0   0   0   0  1.61 0.44
   46 F   -4 -5 -5 -6 -4 -5 -5 -6 -4  2  5 -5  1  6 -5 -5 -4  1  0 -1    0   0   0   0   0   0   0   0   0   9  55   0   2  32   0   0   0   1   1   0  1.05 0.37
   47 V   -1 -5 -5 -5 -3 -4 -5 -5 -5  4  0 -4  2  0 -5 -4 -2 -4 -3  5    4   0   0   0   0   0   0   0   0  25   5   0   6   4   0   0   0   0   0  56  0.91 0.34
   48 A    3 -2 -1 -1 -3  0  2 -1 -2 -2 -3 -1 -2 -4 -1  2  1 -4 -2 -1   36   1   1   1   0   3  18   2   0   1   1   1   1   0   1  21   9   0   1   2  0.40 0.23
   49 N   -2 -1  6 -1 -4  0 -1 -1  5 -5 -5  0 -4 -4 -1  1  0 -5 -1 -4    1   1  47   1   0   2   3   3  16   0   0   4   0   0   3  12   6   0   1   0  0.82 0.33
   50 S   -2 -3  0 -3 -4 -2 -2  0  5 -5 -5 -3 -4 -4 -3  5  2 -5  0 -4    0   0   3   0   0   0   0   5  17   0   0   0   0   0   0  60  12   0   4   0  0.96 0.41
   51 P   -4 -5 -5 -5 -5 -4 -4 -5 -5 -3 -5 -4 -5  1  8 -3 -4  7 -3 -3    0   0   0   0   0   0   0   0   0   1   0   0   0   6  74   1   0  16   0   2  2.25 0.58
   52 L   -2 -4 -5 -5 -3 -4 -5 -4 -4  1  4 -4  1  5 -5 -3 -2  0 -1  0    4   0   0   0   0   0   0   1   0   5  54   0   2  30   0   2   1   1   0   3  0.83 0.32
   53 M   -2 -3 -3 -4 -3 -3 -3 -2 -3  1  1 -3  8  3 -4 -1 -1 -2 -1 -1    1   0   0   1   0   0   1   3   0   8  11   1  47  16   0   4   4   0   0   2  0.78 0.34
   54 S    0 -1  1 -2 -3 -2 -1  1 -2 -2 -4 -1 -3  0 -3  5  0  1 -3 -3    6   3   6   0   0   0   1  10   0   2   0   3   0   4   0  58   2   2   0   0  0.57 0.31
   55 F   -4 -5 -5 -6 -4 -4 -5 -2 -4 -2 -3 -5 -3  6 -5 -5 -4 11  2 -4    0   0   0   0   0   0   0   3   0   3   0   0   0  37   0   0   0  48   4   0  2.18 0.56
   56 F   -2 -3 -3 -4 -3 -3 -3 -3 -1  1  3 -3  3  4 -1 -2 -1  0  0  1    2   0   0   0   0   0   0   2   2   5  35   0  11  25   3   1   5   1   0   7  0.43 0.21
   57 Y   -3 -3 -4 -4 -4 -3 -4 -4 -1 -1  0 -3  0  2 -4 -3 -3  0  8 -1    1   1   1   1   0   0   1   1   0   3   7   1   2   5   1   1   1   0  70   4  1.45 0.44
   58 E    0  0  1  2 -2  1  1  0  1 -2 -2  2  0 -2  1  0  0 -2 -2 -2    5   2   7  13   0   4   8   8   5   1   2  20   3   1   8   6   4   0   1   2  0.18 0.08
   59 H   -1  0  1  1 -2  0  0 -1  2 -1 -1  1 -1  1  0  0  0  1  1 -1    3   2   8  10   1   3   4   3   9   2   8  12   1  10   3   3   5   2   5   4  0.07 0.04
   60 P    1 -1 -1 -1  0 -1 -1  0 -1 -1  0  0  0 -1  3  0  0  1 -1  0   17   3   2   3   2   2   3   8   1   3  10   5   3   2  16   6   5   2   2   6  0.14 0.04
   61 E    0 -1  0  1 -2 -1  1  1 -1 -2 -2  0 -2 -2  5  0  0 -2 -2 -2   10   2   3   8   1   1  10  11   1   2   3   5   1   1  29   7   3   0   1   2  0.41 0.08
   62 D    0 -1  1  2 -2  1  4 -1  1 -2 -2  0 -2 -2 -1  0 -1 -2 -2 -2    6   2   7  11   1   5  40   2   3   2   3   3   1   1   2   6   2   0   1   2  0.34 0.10
   63 Y   -2 -2 -2 -2 -2 -1 -2 -2  2 -2 -2 -1 -2  1 -2 -1 -2  0  8 -2    3   2   1   2   1   1   2   4   4   2   3   4   1   1   2   4   2   0  60   2  0.82 0.19
   64 K    0  1  0 -1 -2  1  0 -1 -1 -1 -2  4 -1 -2 -1  0  1 -2 -1 -1    8   6   4   2   1   7   2   3   1   3   3  37   2   1   2   3  13   0   1   2  0.22 0.08
   65 Q    0  0  0  0 -2  2  1 -1 -1 -1  1  0  0 -1 -1  0  0 -2 -1 -1    7   3   3   6   1  16  13   3   1   2  17   5   2   1   2   8   6   0   1   3  0.09 0.04
   66 Y   -1 -1  1 -1  0 -1 -1 -2  7 -2 -2 -1 -1  1 -1 -1 -1 -1  4 -2    3   2   7   2   2   2   2   3  36   2   3   2   1   5   2   3   2   1  18   2  0.50 0.13
   67 L   -1  1 -1 -1 -2  0  0 -1 -1 -1  0  4  2 -1 -1 -1  0 -2 -1 -1    3   5   2   2   1   3   2   3   1   3  12  40   8   1   2   3   5   1   1   2  0.20 0.08
   68 T   -1 -1  4  0 -2 -1 -1 -1 -1  0  0 -1  1 -1 -1  0  1 -2 -1  0    3   2  35   2   1   2   3   3   1   4  11   2   6   2   2   3  12   1   1   5  0.20 0.08
   69 H    0  0 -1 -1 -2  0  0 -1  3 -2 -1  2 -1 -2  5  0 -1 -2 -1 -2    5   3   2   2   1   3   3   3  11   2   5  15   1   2  27   8   2   1   1   3  0.37 0.08
   70 E   -1 -1 -1  0 -2  1  5 -2 -1 -2 -2  0 -2 -2 -1 -1 -1 -2 -2 -2    3   2   2   2   1   2  61   3   1   2   4   2   1   2   2   3   2   1   1   3  0.58 0.14
   71 G    0 -1 -1 -1 -2 -1 -1  5 -1 -2 -2 -1 -2 -2 -1  0 -1 -2 -2 -2    5   2   2   2   1   2   3  55   1   2   4   2   1   2   2   8   2   1   1   3  0.52 0.10
   72 E    0  0 -1  0 -2  2  3 -1 -1 -2 -1  3 -1 -2 -1  0  0 -2 -1 -1    9   2   2   2   1  10  25   3   1   2   5  23   1   1   2   3   4   1   1   2  0.22 0.07
   73 Y   -1  0 -2  1 -2 -1 -2 -3 -2  1  1  0  2  2 -2  0  0 -1  2  0    1   5   0  10   0   0   1   1   0  10  13   6  11  13   0  10   6   0   8   6  0.10 0.10
   74 K   -1 -2  1  1 -2 -1 -1 -2 -2  1  0  0  2 -2 -2  0  1 -3 -2  2    1   0   9   8   0   0   1   1   0  10   6   9   9   0   0  10  10   0   0  24  0.13 0.13
   75 P    0  0 -1  0 -2  1  2 -2 -1 -1 -1  1 -1 -2  4  0 -1 -2 -2 -1    9   4   1   5   1   8  16   2   1   3   9   8   1   1  21   3   2   0   1   4  0.26 0.08
   76 E    1  0 -1  0 -2  1  3 -1 -1 -1 -2  2 -1 -2 -1  0  0 -2 -2  0   18   3   1   4   1   5  23   2   1   2   3  14   1   1   2   4   5   0   1   9  0.17 0.08
   77 A    0  0  5  0 -2  1  1 -1  1 -2 -2  3 -2 -2 -1  0 -1 -2 -2 -2    7   2  38   2   1   5   7   2   2   2   3  21   1   1   2   2   2   0   1   2  0.39 0.15
   78 R   -2  3  1 -2 -3  1 -1 -1  5  2 -2  1 -1 -2 -2 -1 -1 -3 -1 -1    2  24   7   1   0   7   1   3  17  17   2   7   0   1   1   4   1   0   1   4  0.27 0.14
   79 A    1  0 -1  0 -2  1  1 -1 -1  1 -1  0  0 -1 -1 -1  0  2 -1  0   16   5   2   6   1   9  12   3   1  16   3   5   3   1   2   2   5   4   1   5  0.08 0.06
   80 W    1 -3 -3 -3 -3 -3 -3 -3 -3 -2  2 -3 -2 -1 -3 -3 -3 10 -1 -2   12   1   1   1   0   1   2   2   1   1  22   1   1   1   1   2   1  46   1   2  1.47 0.33
   81 Q   -3 -2  1 -2 -3  2 -2 -3  7 -3  0  0 -2 -2  0 -2 -2 -2  4 -3    1   1   5   1   0  12   1   1  36   1  11   6   0   1   4   1   1   0  16   1  0.74 0.27
   82 T    0  0  1  1 -2  1  1  1  0  0 -1  1  0 -2  0  0  1 -3 -2  0    6   3   5   7   0   5   8  12   2   8   5  10   2   0   3   7   9   0   0   6  0.07 0.04
   83 A    1 -1 -2 -1 -2  0  2 -2 -2  1  1 -1  2 -1 -2  1 -1 -3 -2  1   17   2   0   2   0   3  17   2   0   9  11   3   7   1   0  10   2   0   0  13  0.13 0.12
   84 N   -3 -3  6 -2 -4 -3 -3 -2  0  0  2 -3  0  4 -4 -3 -3  1 -2 -2    0   0  40   0   0   0   0   2   2   5  21   0   2  21   0   0   0   2   0   2  0.72 0.34
   85 N   -1  0  2 -1 -3 -2 -2  4  0 -4 -4 -1 -3 -4 -3  4  0 -4 -3 -4    0   5  13   2   0   0   0  36   2   0   0   1   0   0   0  35   3   0   0   0  0.63 0.25
   86 T   -1 -3 -3 -3 -2 -2 -2 -4 -1  2  0 -3  0  0 -2 -2  4 -3 -1  4    1   0   0   1   0   1   1   0   2  11   6   0   1   5   1   0  31   0   1  37  0.45 0.23
   87 Y   -2  1 -1  0 -4  5 -1 -4  3 -4 -3 -1 -3 -1 -4 -2 -1 -2  6 -3    3   7   1   6   0  34   2   0   7   0   2   0   0   0   0   0   3   0  34   0  0.79 0.32
   88 G    1 -2 -1 -2 -3 -1 -2  4 -1 -1 -1 -2 -1 -2 -1 -1  1 -4 -2 -1   16   1   1   1   0   2   2  44   2   3   5   1   2   1   2   2  14   0   1   3  0.43 0.18
   89 F    2 -3 -3 -4 -3 -2 -1 -1 -3 -1 -1 -3 -1  5 -3 -2  0 -2  0  3   21   0   0   0   0   1   4   5   0   0   2   0   0  32   0   1   6   0   2  26  0.41 0.22
   90 S    2 -3 -2 -3 -3 -2 -2 -1 -3 -5 -5 -2 -4 -5 -3  6 -1 -5 -4 -4   13   0   0   0   0   0   0   4   0   0   0   0   0   0   0  83   0   0   0   0  1.25 0.45
   91 N   -1  1  4 -1 -4 -1 -1 -3  2 -3 -3 -1 -2  0 -4 -1 -1  0  6 -3    4   7  30   3   0   1   1   1   4   1   1   3   1   1   0   3   2   1  36   1  0.65 0.26
   92 G    0 -3 -3 -4 -1 -3 -4  3 -3  1  2 -3  0  3 -4 -2 -2 -2 -1  1   10   0   0   0   1   0   0  25   0  10  25   0   2  17   0   0   0   0   0  10  0.32 0.16
   93 L   -3 -4 -2 -5 -3 -4 -4 -5 -4  5  4 -4  1 -1 -4 -4 -2 -3 -3  2    0   0   2   0   0   0   0   0   0  40  52   0   0   0   0   0   0   0   0   6  0.76 0.24
   94 G   -2 -4 -2 -3 -5 -4 -4  7 -4 -6 -6 -3 -5 -5 -4 -2 -4 -5 -5 -5    0   0   0   0   0   0   0 100   0   0   0   0   0   0   0   0   0   0   0   0  1.92 0.41
   95 V    1 -3 -3 -3  1 -3 -3 -1 -3  3  0 -3  0  0 -3 -1  1 -3 -2  3   13   0   0   0   3   0   0   5   0  20   6   0   2   5   0   3  14   0   0  30  0.24 0.13
   96 V    0 -3 -3 -4 -2 -3 -3 -3 -3  3  2 -3  2  1 -3 -1  1 -2  1  3    6   0   0   0   0   0   0   1   0  19  16   0   5   5   0   4   9   0   6  29  0.27 0.14
   97 E   -3 -2 -2  1 -5  1  6 -4 -2  3 -2 -1 -2 -4 -3 -2 -2 -5 -4 -2    0   0   0   7   0   2  65   0   0  23   3   0   0   0   0   0   0   0   0   0  0.86 0.34
   98 V   -2 -3 -2 -4  0 -3 -3 -2 -3  3  2 -3  3  0 -3 -1  0  3 -2  2    0   0   2   0   2   0   0   2   0  27  23   0  10   2   0   4   5   5   0  18  0.33 0.16
   99 I    0 -3 -2 -3 -2 -2 -3 -2 -3  3  2 -2  1  0 -3  1  1 -3 -2  2    9   0   0   0   0   0   0   2   0  24  21   0   2   2   0  15   9   0   0  16  0.24 0.14
  100 I    0 -3 -2 -3 -2 -2 -3 -2 -3  3  0 -3  1  2 -3 -1  2 -2  0  1   10   0   2   0   0   0   0   2   0  29   4   0   5  13   0   0  21   0   3  10  0.25 0.15
  101 A    3 -3 -2 -3 -2 -2 -3  4 -2 -2 -2 -2 -2  0 -3  0 -1 -2  2 -1   38   0   0   0   0   0   0  36   0   0   4   0   0   4   0   2   3   0   9   3  0.48 0.21
  102 L    0 -3 -3 -3 -1 -3 -3 -2 -3  3  3 -3  1  1 -3 -1  0 -3 -1  2   10   0   0   0   1   0   0   3   0  25  31   0   1   6   0   3   4   0   0  14  0.28 0.13
  103 L    1 -3 -3 -3 -2 -3 -3  1 -3  0  4 -3  1  0 -3 -1 -1 -3 -2  0   17   0   0   0   0   0   0  13   0   2  52   0   3   4   0   4   2   0   0   2  0.33 0.18
  104 V   -2 -3  0 -4 -2 -3 -4 -4 -3  2  4 -3  2  1 -4 -2  1 -3 -2  2    0   0   5   0   0   0   0   0   0  13  47   0   6   5   0   0  14   0   0  11  0.44 0.20
  105 L    1 -3 -3 -4  1 -3 -3 -1 -3  2  2 -3  1  2 -3 -1  0 -2 -1  1   15   0   0   0   4   0   0   4   0  18  27   0   3  12   0   3   4   0   0   9  0.23 0.13
  106 A    1 -3 -3 -3  1 -2 -3  0 -3  2  2 -3  1  0 -1 -1  0 -2  0  1   13   0   0   0   3   0   0   9   0  17  25   0   3   4   3   5   3   0   3  11  0.15 0.10
  107 N   -1  1  1 -3 -4 -1 -3  5  2 -3 -3 -1 -3 -1 -4  0 -2  1  1 -4    4   9   7   0   0   2   0  50   5   1   3   3   0   3   0   6   1   2   5   0  0.64 0.30
  108 P   -1 -1 -4 -4 -1 -3 -4 -3 -4  3  1 -2  0  3  4 -2 -2  1  0  0    5   4   0   0   2   0   0   2   0  21  13   2   2  14  23   2   0   2   3   5  0.46 0.24
  109 V   -2  0 -2 -5 -4 -2 -4 -5 -4  0  0  1  0  5 -5 -3 -2  8  1  1    2   6   2   0   0   1   0   0   0   4  10   9   1  25   0   2   1  25   2  11  0.83 0.35
  110 N   -1  1  2 -2 -3  0 -2 -3  1 -2 -2  1 -1  3 -3  3  0  3  1 -1    3   7  12   0   0   3   0   0   4   2   3   9   2  14   0  28   3   4   4   3  0.26 0.19
  111 R    0  2 -1 -3 -5 -2 -3 -4  0 -3 -4  2 -3 -5  7 -2 -2 -2 -4 -1    7  12   3   1   0   0   0   0   3   1   0  13   0   0  53   1   1   1   0   4  1.16 0.36
  112 W   -2  3 -2 -2 -2  0 -1 -2 -1 -1 -1  4 -2  0 -2 -2  0  4  0  0    1  18   1   1   1   2   1   2   1   4   4  38   0   4   2   1   5   6   3   6  0.39 0.22
  113 L    2 -3 -4 -3 -2 -3 -3 -2 -4  2  3 -3  0  1 -3 -2 -2  1 -1  2   22   1   0   1   0   0   0   2   0  14  30   0   1   7   1   1   0   2   1  17  0.33 0.18
  114 G    1  1 -1 -3 -3 -2 -3  4 -3 -2 -3 -1 -2 -3 -3  2 -1 -4 -2 -2   13  10   2   0   0   0   0  41   0   3   2   2   1   1   0  20   2   0   1   1  0.51 0.23
  115 L    0  0 -3 -3 -2 -2 -3 -2 -3  2  2 -1  1  1 -3 -2 -1 -2  1  2   12   6   1   1   0   1   0   2   0  14  28   5   3   6   0   1   2   0   6  13  0.18 0.12
  116 L    0 -3 -4 -4 -1 -3 -3 -3 -3  2  3 -3  1  1  0 -2 -1  2  2  2    8   0   0   0   1   0   0   1   0  14  32   0   1   5   5   1   1   4   8  19  0.28 0.12
  117 G    1 -3 -2 -3 -1 -3 -3  6 -3 -4 -4 -3 -2 -3 -2  1 -2 -4 -4 -4   10   0   0   0   1   0   0  76   0   0   0   0   1   1   1   9   0   0   0   0  1.12 0.27
  118 G    2 -3 -1  0 -2 -2 -1  4 -3 -2 -2 -2 -2 -1 -2  2  0 -3 -3 -1   22   0   0   5   0   0   2  37   0   2   4   0   0   3   0  19   4   0   0   2  0.40 0.15
  119 L    1 -3 -3 -4 -2 -3 -3 -1 -3  2  3 -3  1  0 -3 -1 -1  3 -1  1   17   0   0   0   0   0   0   4   0  12  40   0   3   3   0   1   3   5   0  11  0.28 0.12
  120 M    0 -3 -3 -3 -2 -2 -3  2 -3  1  3 -3  4  0 -3 -1 -1 -3 -2  0   10   0   0   0   0   0   0  22   0   8  33   0  17   3   0   2   2   0   0   3  0.29 0.13
  121 A    3 -2 -1 -2  2 -2 -2  1 -3  0 -1 -2  0 -3 -2  2  1 -3 -3  1   40   0   1   0   5   0   0   7   0   3   4   0   3   0   0  18   8   0   0  10  0.28 0.14
  122 F    1 -3 -2 -3  2 -2 -3 -1 -3  2  1 -2  0  2 -3  0  2  2 -1  1   12   0   0   0   5   0   0   3   0  17  10   0   2  11   0   8  16   3   0  12  0.15 0.09
  123 T    1 -3 -2 -3  0 -2 -3  2 -3  1  1 -2  0  0 -3  0 -1 -3 -2  2   19   0   0   0   2   0   0  22   0  11  15   0   1   5   0   4   3   0   0  20  0.19 0.09
  124 T   -1 -3 -2 -3 -2 -2 -3 -3 -3  1  2 -2  4  0 -3 -1  4 -3 -2  1    0   0   0   0   0   0   0   0   0   7  21   0  17   2   0   2  41   0   0   9  0.38 0.15
  125 P   -1 -3 -3 -4 -3 -3 -3 -1 -2 -2 -1 -3  0  7  0  0  0  0  3 -2    3   0   0   0   0   0   0   5   0   0   0   0   2  65   5   8   7   0   7   0  0.75 0.20
  126 L    1 -3 -3 -4  1 -3 -3 -3 -3  2  3 -3  1  2 -3 -2 -1 -2 -1  2   13   0   0   0   4   0   0   0   0  12  39   0   2  12   0   1   2   0   0  14  0.28 0.09
  127 V    1 -3 -2 -3 -2 -2 -2  0 -3  2  0 -2  1 -1 -2  0  3 -3 -2  2   12   0   0   0   0   0   0   7   0  13   5   0   4   2   0   2  28   0   0  26  0.22 0.09
  128 T   -1 -2 -1 -2 -2 -1 -2 -2 -2 -2 -2 -1 -1 -3 -2  0  6 -3 -2 -1    1   1   1   1   0   1   1   1   0   1   2   1   0   1   1   1  84   0   1   1  0.83 0.19
  129 L   -1 -2 -2 -2 -2  0 -2 -2 -2  1  3 -2  1  1 -2  0  0  1 -1  1    3   1   1   1   0   7   1   1   0   4  47   1   0   5   1  10   3   3   1   9  0.17 0.07
  130 S    0 -1  0 -1 -2 -1 -1 -1  1 -2 -2 -1 -2 -2 -1  4  3 -3 -2 -2    1   1   1   1   0   1   1   1   5   1   2   1   0   1   1  55  25   0   1   1  0.47 0.14
  131 F   -2 -3 -3 -3 -2 -3 -3 -3 -2  1  1 -3  1  6 -3 -2 -1  0  2  0    1   1   1   1   0   1   1   1   0   6   9   1   5  57   1   1   4   0   3   4  0.57 0.12
  132 L   -1 -2 -3 -3 -2 -2 -2 -3 -2  2  3 -2  3  3 -2 -2 -1 -1  0  1    4   1   1   1   0   1   1   1   0   9  45   1   9  14   1   1   1   0   1   6  0.27 0.07
  133 I   -1 -3 -3 -3 -2 -2 -3 -3 -2  2  1 -2  1  4  2 -1  1 -1  1  1    2   0   0   0   0   0   0   0   0  13  12   0   6  27  10   0  17   0   2  10  0.26 0.09
  134 T   -1 -2 -1 -2 -2  0 -2 -1 -2 -1  1 -1 -1  2 -1  1  4 -2 -1 -1    2   0   0   0   0   4   0   3   0   2  14   1   0  13   1  10  46   0   0   0  0.33 0.16
  135 T    1 -2 -2 -2 -2 -2 -2 -2 -2 -1 -1 -2  1  0 -2  0  5  0  1  0   12   0   0   0   0   0   0   0   0   3   5   0   4   3   0   3  58   1   5   4  0.46 0.19
  136 P   -1 -3 -2  0 -4 -2 -2 -3 -3 -3 -3 -2 -3  2  7 -1 -1 -3 -2 -2    4   0   2   4   0   0   1   1   0   0   1   1   0  12  65   3   3   0   0   3  1.39 0.30
  137 E    0 -2  1  1 -2 -1  1  4 -2 -2  0 -1 -1 -2 -2 -1 -1 -3 -2 -2    9   1   8   8   0   1  14  35   0   2  13   3   0   1   1   2   1   0   0   1  0.27 0.11
  138 A    1 -2 -2 -2  0 -2 -2 -1 -2  1  1 -2  1  0 -2  0  1  1  0  2   18   1   0   1   2   0   1   5   0   6  12   1   3   4   1   3  11   2   3  26  0.11 0.08
  139 W   -1 -3 -3 -3 -2 -2 -3 -2 -2  0  0 -3 -1  2 -3 -1  1  9  1 -1    7   1   1   1   0   1   1   3   0   6   7   1   0  10   1   4  14  36   4   4  0.84 0.21
  140 V    0  0 -1  0 -2  0  2 -2 -1  0 -1  1  0 -2 -2  0  1 -3 -1  2    5   5   1   4   0   1  17   2   1   4   2  13   3   1   1   6  11   0   2  21  0.12 0.11
  141 P    1 -2 -2 -2 -2 -1 -2 -2  1 -1 -2 -2 -1 -1  5  0  0  2 -1  1   13   1   2   1   0   2   2   2   4   3   3   1   2   3  34   7   4   4   2  11  0.50 0.18
  142 A    1 -1  1  1  0 -1 -1  2  0 -1 -2 -1 -2 -2  0  2  0 -3 -2  0   10   3   7   7   3   1   3  18   3   4   2   2   0   1   4  20   5   0   1   8  0.15 0.09
  143 L    1 -2 -1  2 -2 -1  0 -1 -1  0  2 -1  0 -1 -2  0  1  0 -2 -1   16   1   1  13   0   1   5   5   1   3  27   1   1   1   1   4  13   1   1   3  0.11 0.10
  144 G    0 -2 -1 -1 -1 -1 -2  5 -2 -2  0 -2 -2 -2 -2  0 -1  0 -1 -2    4   2   1   3   1   3   2  50   1   2  11   2   1   1   2   6   3   1   2   2  0.47 0.16
  145 D    0 -1  1  2 -1  0  0  0 -1  0 -1 -1 -1  0  0  0  0 -1 -1  1    3   2   9  12   1   3   7   9   1   8   5   2   1   5   3   8   7   1   1  12  0.04 0.03
  146 A    1 -1 -1  0 -2 -1  0  0  0 -1  0 -1  0 -1  4  0  0  0 -1 -1   11   2   2   6   1   2   4   7   2   3  11   4   3   3  25   5   4   1   1   3  0.26 0.07
  147 H    0 -1  1  0 -1  1  2 -1  1  0 -1  0 -1 -1  1  0  0 -2 -1  1    9   2   7   6   1   6  15   3   5   6   5   2   1   2   6   6   4   1   1  13  0.07 0.04
  148 H    0 -1  0 -1 -2  0 -1 -1  4 -1 -1  0  0  0 -1  1  2  1  2 -1    6   2   2   2   1   4   2   3  13   4   4   4   4   3   3  15  16   2   8   2  0.13 0.08
  149 G    0 -3  1  1 -3 -2 -2  5 -1 -3 -3 -2 -3 -2 -2 -1 -1 -3 -3  0    5   1   7  10   0   1   2  50   1   1   2   1   0   2   1   2   3   0   1   8  0.57 0.21
  150 F   -2 -3 -4 -4 -3 -3 -2 -4 -3 -1  0 -3  0  7 -4 -3 -3  4  1  0    3   1   1   1   0   1   2   1   0   2   7   2   1  63   1   1   1   5   2   5  1.07 0.34
  151 P   -2 -1  0 -2 -3 -2 -2 -2 -2 -3 -3 -2 -3 -3  7 -1  0 -3 -3 -3    2   4   5   1   1   1   2   3   1   1   2   2   1   1  62   3   5   0   1   2  1.31 0.30
  152 Y    1 -2 -2 -2 -2  0 -1 -2 -1  0  1 -1  0  2 -2 -1 -1  3  3  0   18   1   1   2   1   5   2   3   1   4  20   3   2   9   1   2   2   4  14   7  0.14 0.09
  153 L   -2 -2 -2 -3 -2 -2 -2 -3 -2  2  4 -2  3 -1 -1 -2 -1 -2 -2  0    2   2   1   2   1   1   2   2   1  12  53   2   8   1   3   2   2   0   1   3  0.40 0.16
  154 S    0 -2  1 -1 -2 -1 -1  1 -2 -2 -3 -1 -2 -3 -1  4  2 -3 -2 -2    2   1   6   3   0   1   2  10   1   1   2   1   1   1   3  44  17   0   1   2  0.42 0.20
  155 G    1  0 -1 -1 -2 -1 -1  3 -2 -1  0 -1  0  0 -1  0 -1 -2 -2 -1   12   6   1   2   0   1   2  31   0   3  12   3   2   4   3   8   2   0   1   5  0.18 0.10
  156 A    2 -1  1 -1 -2 -1 -1 -1 -1  0  1 -1  0 -2  1  0  1 -3 -2  1   20   2   7   2   0   1   1   4   1   3  14   2   2   1   8   6  13   0   0  13  0.11 0.08
  157 G   -1 -3 -1  0 -3 -3 -3  6 -3 -3 -4 -2 -3 -4 -3 -1  1 -3 -3 -2    2   1   2   5   0   1   1  67   0   1   1   2   0   1   1   3   9   0   0   4  0.96 0.28
  158 R    1  3 -1 -1 -3  4  2 -1  0 -3 -2  0 -2 -3 -1  1 -1 -3 -2 -2   10  20   1   1   0  27  11   3   1   1   5   1   0   1   3   9   3   0   1   3  0.34 0.17
  159 L   -4 -5 -6 -6 -5 -5 -6 -6 -4 -2  2 -5 -2  8 -6 -4 -4 -2  0 -3    0   0   0   0   0   0   0   0   0   0  19   0   0  79   0   1   0   0   0   0  1.82 0.51
  160 V   -3 -4 -5 -5 -3 -4 -5 -5 -5  3  4 -4  0  1 -5 -4 -3 -4 -2  3    0   0   0   0   0   0   0   0   0  16  55   0   0   5   0   0   0   0   0  24  0.83 0.30
  161 L   -1 -3 -3 -4 -1 -2 -3 -3 -3  3  3 -3  2  1 -3 -2 -1 -2 -1  2    6   0   0   0   0   0   0   0   0  28  42   0   7   7   0   0   0   0   0  11  0.29 0.02
  162 K   -1  1 -1 -2 -3  0  0 -2 -1 -2 -1  4 -1  4 -2 -1 -1 -1  1 -2    0   0   0   0   0   0   0   0   0   0   0  66   0  34   0   0   0   0   0   0  0.37 0.04
  163 D   -2  0  1  5 -4  0  1 -2 -1 -3 -4  3 -3 -4 -2  0 -1 -4 -3 -3    0   0   0  66   0   0   0   0   0   0   0  34   0   0   0   0   0   0   0   0  0.68 0.04
  164 T   -1 -3 -2  3 -2 -1 -1 -3 -3  3  1 -2  0  0 -3 -1  1  1 -2  2    4   0   0  22   0   4   0   0   0  26  12   0   0   3   0   2  10   2   0  14  0.19 0.08
  165 L    0 -3 -3 -4  1 -3 -3  0 -3  2  2 -3  2  0 -1 -2 -1  2 -1  2    9   0   0   0   3   0   0   7   0  10  29   0   5   4   3   0   2   3   0  24  0.21 0.07
  166 M    0 -3 -4 -4 -2 -3 -3 -4 -3  2  3 -3  4  2 -3 -2 -2 -2  0  1    9   0   0   0   0   0   0   0   0   9  37   0  18  11   0   2   0   0   3  10  0.38 0.13
  167 L   -2 -3 -4 -5 -2 -3 -4 -4 -3  2  4 -3  3  3 -4 -2 -2 -2 -1  1    2   0   0   0   0   0   0   0   0  12  53   0   9  19   0   2   0   0   0   4  0.56 0.16
  168 A    4 -3 -2 -3  1 -2 -3  3 -3 -2  0 -2 -1 -1 -2  0 -1 -3 -3 -1   50   0   0   0   3   0   0  23   0   0  15   0   0   3   0   3   0   0   0   2  0.42 0.16
  169 G    2 -3  0 -2  1 -2 -3  4 -3  1 -1 -2 -1 -1 -3  0 -1 -3 -2  1   22   0   7   0   3   0   0  36   0  10   3   0   0   4   0   3   2   0   0  11  0.31 0.11
  170 A    3 -3 -2 -3  2 -2 -2  2 -3  1 -1 -2 -1 -3 -2  2 -1 -3 -3  0   31   0   0   0   6   0   0  21   0  13   5   0   0   0   0  17   0   0   0   7  0.28 0.12
  171 V    0 -3 -3 -3 -2 -3 -3 -3 -3  2  2 -3  1  1 -3  0 -1  3 -1  2    9   0   0   0   0   0   0   1   0  17  28   0   3   5   0  10   1   4   1  21  0.25 0.10
  172 M   -1 -3 -3 -4 -1 -2 -3 -4 -2  2  2 -3  2  1 -3 -1  0  5  0  3    2   1   1   0   1   1   0   0   1  13  19   0   6   6   1   5   4  11   3  26  0.34 0.13
  173 I    0 -3 -3 -3  1 -2 -3 -3  1  2  2 -3  1  0 -3  0  0 -3 -2  2    7   0   0   0   3   0   0   0   4  12  29   0   2   3   0  10   6   0   0  23  0.24 0.12
  174 M    1 -3 -3 -4 -1 -3 -3 -2 -3  2  3 -3  3  0 -3 -1 -1  0  1  1   17   0   0   0   1   0   0   2   0  13  33   0  12   3   0   4   1   1   5   8  0.29 0.14
  175 A    2 -1 -1 -2 -2  0  0  1 -2 -1 -1  1 -1 -2 -2  1  0 -3  0  1   24   3   1   0   0   3   6  13   0   3   5   9   0   0   0  13   2   0   4  13  0.14 0.10
  176 D   -1  0  1  4 -4  0  2 -1  4 -4 -3  0 -3  0 -2  0 -1 -4  0 -4    2   5   7  30   0   3  16   3  11   0   1   5   0   5   1   4   2   0   3   0  0.43 0.17
  177 S    1  2  1  2  3 -1 -1 -1  0 -3 -2  0 -2 -4 -3  3  0 -4 -3 -2   13  14   8  11   8   0   2   3   2   0   5   2   0   0   0  26   6   0   0   1  0.27 0.16
  178 A    2 -1  0 -3 -2 -1 -2 -2 -3  0  2  1  1 -2  0  1 -1 -1 -3  0   28   2   5   0   0   1   1   1   0   5  24  11   3   0   5  10   1   1   0   3  0.19 0.15
  179 R   -1  5  1 -1 -4  3 -1 -3 -1 -2 -2  2 -2 -1 -1  0  0 -4 -3 -2    3  36   7   1   0  13   1   1   1   2   2  12   0   3   3   8   4   0   0   2  0.45 0.21
  180 E    3  4 -1 -2 -1  0  1 -1  0 -3 -3  1 -3 -4 -3  0  0 -4 -3 -3   27  32   3   0   1   2   9   2   3   1   1   7   0   0   0   7   4   0   0   1  0.44 0.22
  181 I    1 -2 -3 -2 -2 -3 -3 -2 -1  3  2 -3  1 -1 -3 -1 -1  3  1  2   16   2   0   2   0   0   0   1   2  19  22   0   3   1   0   4   3   4   6  14  0.23 0.14
  182 L   -1  0 -3 -4 -3  0 -1 -2 -3  1  4  0  2 -1 -4 -2  0 -1 -2  1    3   6   0   0   0   5   4   2   0   8  47   5   5   1   0   1   4   1   0   7  0.32 0.18
  183 K    2  2  1 -1 -3  2  1 -2  1 -3 -3  2 -1 -3 -1  1 -1 -2 -3 -2   19  13   7   1   0  10   9   1   3   1   1  18   1   1   2   9   3   1   0   1  0.27 0.16
  184 Q    0  3  0  0 -2  3  1 -2  1 -2 -2  2 -2 -2 -2  0  0 -4 -3 -3   10  18   4   4   1  15   6   2   4   2   3  14   0   2   1   6   7   0   0   0  0.26 0.15
  185 R    0  4  1  0 -1  2 -1 -1  0 -3 -1  2 -2 -3  0  0 -1  0 -3 -2    8  26   6   6   1   9   1   3   2   0   5  14   1   1   4   8   1   1   0   2  0.28 0.16
  186 S    1  3  1  0 -3  2 -1  0 -2 -3 -4  3 -3 -3 -1  1  2 -4 -3 -3   13  15   6   4   0   8   1   7   0   1   0  20   0   1   1   8  15   0   0   0  0.32 0.19
  187 N    1  1  3 -1 -3  0  0  0  0 -3 -3  1 -3 -2  1  2  0 -4 -3 -3   15   9  17   2   0   2   5   7   2   1   1   9   0   1   7  16   6   0   0   0  0.24 0.14
  188 E   -1  2 -1  1  1  1  4 -1  0 -2 -4  0 -3 -4 -3  1 -1 -4 -2 -2    4  15   0   8   4   5  38   3   1   2   0   4   0   0   0  10   2   0   2   3  0.42 0.19
  189 S    1  1 -1 -1 -3  2 -1 -2 -2 -2 -3  2  0 -4  3  3  0 -4 -3 -2   10   9   0   2   0   9   0   0   0   2   0  12   3   0  13  33   3   0   0   2  0.37 0.18
  190 S    3 -2  0 -1 -1  1  0  0 -2 -2 -2 -1 -2 -1 -2  2  2 -3 -2 -1   35   0   3   2   1   6   4   5   0   0   3   0   0   4   0  20  16   0   0   2  0.30 0.16
  191 S    0  2 -1  0 -3 -1  0  0 -2 -2 -1  1 -2 -3  2  3 -1 -3 -1 -1    3  13   0   3   0   0   6   6   0   0   8   7   0   0  10  34   0   0   3   5  0.23 0.13
  192 T   -1 -2 -1 -1 -2 -1 -2  2 -2 -1  0  0  1 -3  2  2  3 -3 -3 -1    0   0   0   2   0   0   0  16   0   4   9   9   4   0  10  19  27   0   0   0  0.26 0.12
  193 L   -1  1 -2 -3 -2  2 -1 -1 -2  1  2  0  0  1  1 -2 -1 -3 -1  1    5  10   0   0   0  14   0   5   0  11  24   7   0   6   8   0   0   0   0  11  0.11 0.06
  194 K    1  3  1 -1 -3  0  0 -2 -1 -3 -3  4 -2 -4 -2  2 -1 -4 -3 -3   15  18   6   0   0   0   0   0   0   0   0  40   0   0   0  21   0   0   0   0  0.45 0.12
  195 T   -1  2 -1 -1 -3  2 -1 -3 -2 -2 -2 -1 -2 -3  5 -1  3 -4 -3  0    3  12   0   3   0  14   0   0   0   0   0   0   0   0  30   0  27   0   0  11  0.52 0.12
  196 E   -1  0  0  3 -4  3  4 -2 -1 -4 -4  3 -2 -4 -2  0 -1 -4 -3 -3    0   0   0  17   0  18  38   0   0   0   0  21   0   0   0   7   0   0   0   0  0.58 0.11
  197 Y   -2 -1 -1 -2 -3 -1 -1 -3  6 -2 -2 -2 -1  2 -3 -2 -2  1  6 -2    0   0   0   0   0   0   0   0  36   0   0   0   0   0   0   0   0   0  64   0  0.68 0.01

                      K         Lambda
Standard Ungapped    0.1376     0.3215
Standard Gapped      0.0394     0.2670
PSI Ungapped         0.1291     0.3184
PSI Gapped           0.0394     0.2670
