
Last position-specific scoring matrix computed, weighted observed percentages rounded down, information per position, and relative weight of gapless real matches to pseudocounts
           A  R  N  D  C  Q  E  G  H  I  L  K  M  F  P  S  T  W  Y  V   A   R   N   D   C   Q   E   G   H   I   L   K   M   F   P   S   T   W   Y   V
    1 M   -5 -5 -6 -7 -5 -4 -6 -7 -6  0  0 -5 11 -4 -6 -5 -5 -5 -5 -3    0   0   0   0   0   0   0   0   0   4   6   0  90   0   0   0   0   0   0   0  2.95 0.94
    2 K   -4  4 -1 -4 -6 -2 -3 -5 -4 -3 -2  7 -4 -1 -4 -3 -3 -6 -3 -5    0  19   3   0   0   0   0   0   0   2   4  68   0   2   0   0   1   0   1   0  1.44 0.61
    3 K   -3  3  1 -3 -6  0 -1 -4  1 -3 -4  6 -3 -4 -2 -2 -1 -6 -3 -5    1  13   7   0   0   3   1   0   4   1   1  61   0   0   2   1   3   0   0   0  1.10 0.51
    4 V   -2 -2 -3 -4 -2 -3 -4 -4 -4  3  3 -2  1  2 -3 -1 -1  3  0  0    2   2   1   0   1   1   0   1   0  21  36   2   3  11   1   5   3   4   3   5  0.44 0.25
    5 L    0 -3 -4 -5 -2 -3 -4 -3 -3  3  3 -2  2  3 -4 -3 -2  4 -1  0    7   1   0   0   1   1   1   2   0  17  33   2   4  15   0   1   1   7   1   5  0.50 0.27
    6 L    0 -2 -3 -4 -3 -2 -3 -4 -2  1  3 -1  1  2 -3  0 -1 -1 -2  0    9   1   1   0   0   1   0   0   1   8  41   4   3  11   0   9   3   1   0   5  0.35 0.23
    7 A    3 -2 -2 -3 -1 -1 -2  0 -2  1  1 -1  0  0 -1  1  1 -3 -2  0   31   1   1   0   1   2   1   5   1   7  13   3   3   4   2  11   7   0   0   6  0.19 0.17
    8 L    2 -2 -3 -4  0 -2 -3 -1 -4  1  4 -3  1  0 -3 -1  0 -3 -2  0   20   1   0   0   2   1   0   4   0   6  42   0   2   5   0   2   7   0   0   6  0.39 0.25
    9 G    3 -3 -3 -3  0 -2 -3  0 -3  1  1 -2  0  2 -2  0  0  0 -2  1   28   1   1   1   2   0   1   6   0   6  17   1   2   9   1   7   5   2   0  11  0.20 0.17
   10 L    0 -3 -3 -4  1 -3 -3 -3 -3  1  4 -3  1  3 -3 -2  0 -3 -2  0    9   1   1   1   4   1   1   2   0   7  46   1   3  12   1   2   5   0   0   5  0.45 0.24
   11 G    2 -2 -2 -2  1 -2 -2  1 -2  0  0 -2  0  1 -2  0  0 -1 -1  1   23   1   1   1   3   1   1  14   0   6  11   1   2   8   1   8   5   1   1  11  0.14 0.12
   12 V    1 -3 -3 -4 -1 -3 -3 -1 -3  2  2 -3  1  1 -2  0  0 -3 -1  2   15   0   0   0   1   0   0   4   0  11  23   0   3   7   1   6   4   0   2  20  0.25 0.18
   13 S    2 -3 -2 -3 -1 -2 -3  2 -2 -1  0 -2  1 -1 -1  2  1 -3 -2  0   23   0   1   0   1   1   0  18   0   3  11   0   5   2   2  17   8   0   1   6  0.26 0.21
   14 T    0 -3 -3 -4 -1 -3 -3 -1 -3  1  3 -3  3  1  1  1  0 -3 -2  0    9   0   1   0   1   0   0   5   0   9  33   0   9   5   6  11   5   0   0   5  0.29 0.22
   15 L    1 -3 -4 -4 -1 -3 -4 -2 -4  1  3 -3  3  2 -1  0 -1 -3 -2  1   14   0   0   0   1   0   0   2   0   4  36   0   8   8   3   6   3   0   1  12  0.37 0.25
   16 M    1 -3 -3 -4 -2 -3 -3 -2 -2  0  3 -3  4  4 -2 -2 -1 -2 -1  0   15   0   1   0   1   0   1   3   1   4  28   0  12  21   2   1   4   0   0   5  0.45 0.27
   17 S    3 -3 -1 -3  1 -1 -3  1 -2 -2 -2 -3 -3 -1  3  3  0 -4 -3 -1   24   0   2   0   3   2   0  12   1   2   3   0   0   3  12  27   4   0   0   3  0.43 0.28
   18 V    2 -3 -1 -3  1 -1 -3  0 -1  0  1 -2  2  4 -2 -1  0 -2 -1  1   18   0   3   0   3   2   0   7   1   2  12   1   7  22   1   4   5   0   1   9  0.22 0.19
   19 N    2 -2  1 -2  0  0 -2  0 -1 -3 -2 -2  0 -1  0  3  2 -4 -2 -1   17   1   9   1   2   5   1   5   1   0   4   1   2   3   5  25  13   0   1   4  0.26 0.22
   20 S    5 -4 -4 -4 -2 -2 -3 -2 -2 -2 -2 -3 -3 -4 -1  1  0 -3 -3  2   54   0   0   0   0   1   1   1   1   1   3   1   0   0   3  10   5   0   1  16  0.72 0.42
   21 F    1 -1  0 -2 -1  4 -1 -1  3 -2 -1 -2  2  2 -2  2 -1  0  1 -1   11   1   3   1   1  21   1   3   7   2   4   1   7  10   1  15   2   1   4   3  0.26 0.24
   22 A    6 -3 -4 -4 -4 -3 -3 -1 -1 -3 -4 -4 -3 -4  0  0 -2 -5 -5 -3   76   1   0   1   0   1   1   3   2   1   1   0   0   1   5   6   1   0   0   1  1.26 0.59
   23 A    5 -2 -2 -2 -1  3  0 -3 -4 -4 -3 -1 -3 -4 -1  0 -1 -5 -2 -2   57   2   1   2   1  13   4   0   0   0   1   2   0   0   2   6   3   0   1   2  0.77 0.44
   24 D    0  0  2  3 -4  4  3 -2 -2 -4 -4  0 -3 -5  0  0 -1 -5 -3 -3    9   4  10  18   0  19  16   2   0   1   1   5   0   0   5   5   3   0   0   1  0.45 0.27
   25 L   -1 -5 -5 -5 -5 -4 -3 -5 -2  0  0 -4 -2  6  3 -3 -4  3  5 -2    5   0   0   0   0   0   2   0   0   6   7   0   1  38  17   2   0   4  17   2  1.02 0.45
   26 Q   -1  0 -1 -3 -4  3  2 -3 -3 -1 -3  2 -2 -3 -2  0  2 -5 -3  3    3   3   2   0   0  14  14   0   0   2   1  14   1   1   1   5  13   0   0  24  0.36 0.29
   27 E    2 -3 -1  1 -5  0  6 -3 -3 -3 -4 -2 -4 -3 -3 -2 -3 -6 -3 -2   20   0   3   5   0   2  56   1   0   1   1   1   0   1   1   2   1   0   1   3  0.97 0.50
   28 G   -2 -5  0 -3 -3 -4 -5  7 -5 -7 -5 -3 -6 -6 -5 -3 -4 -6 -5 -6    2   0   3   2   1   1   0  86   0   0   1   2   0   0   0   1   0   0   0   0  1.97 0.69
   29 K   -2  1 -1 -1 -4  2  1 -4 -2 -2 -4  5 -3 -2 -3 -2  2 -5 -2  1    2   5   2   3   0   8   9   0   0   1   0  38   0   2   1   1  14   0   1  11  0.54 0.34
   30 Q   -3 -3  0  5 -6  3  2 -4  7 -6 -5 -3 -5 -5 -3 -3 -2 -5 -1 -5    2   0   3  29   0  16  14   1  28   0   1   0   0   0   1   1   2   0   2   0  1.18 0.52
   31 Y   -6 -6 -6 -7 -7 -6 -6 -6 -3 -5 -5 -6 -5  2 -7 -5 -5  3 10 -5    0   0   0   0   0   0   0   1   0   0   1   0   0   7   0   0   1   3  88   0  3.01 0.98
   32 V   -2  1 -1 -1 -4  1  2 -4 -3  1 -2  2 -2 -2 -3 -1  3 -4 -3  2    1   6   1   3   0   6  13   0   0   8   3  13   1   1   0   2  26   0   1  15  0.34 0.27
   33 Q   -1  0 -3 -2 -2  0  0 -4 -3  0 -1  0 -1 -2 -1 -1  2 -5 -3  4    3   6   0   2   0   4   8   0   0   3   5   6   1   1   3   4  12   0   0  41  0.37 0.28
   34 V   -4 -5 -6 -6 -4 -4 -4 -6 -6  4  5 -4  1 -2 -5 -5 -3 -5 -4  3    0   0   0   0   0   1   1   0   0  23  55   1   2   0   0   0   1   0   0  16  1.09 0.47
   35 S    1 -1  1  3 -4  0  1 -2 -1 -4 -4  2 -4 -5  1  2  0 -5 -4 -4   15   1   8  21   0   3   9   1   1   0   0  12   0   0   8  14   6   0   0   0  0.43 0.27
   36 Q   -1 -1  2  0 -4  2  1 -1 -1 -3 -2  2 -2 -3  2  0  1 -4 -3 -1    5   2  10   6   0  13   8   3   1   1   2  18   1   1   9   6  12   0   0   4  0.27 0.21
   37 Q    0 -1 -2 -1 -5  0  0 -4 -4 -3 -4 -1 -4 -2  7 -2  0 -6 -5 -3    8   3   2   4   0   4   6   1   0   1   1   4   0   2  55   2   6   0   0   1  1.25 0.52
   38 A    2 -2 -3 -1 -3  1 -1 -2 -3  1 -1  0 -2 -3  2 -1 -1 -5 -3  4   17   1   1   3   0   6   4   3   0   6   3   5   0   0   9   3   3   0   0  35  0.32 0.26
   39 S    3 -2 -2 -3 -4 -1 -2 -2 -2 -4 -4  0 -4 -4  5  3  2 -3 -4 -3   23   1   1   1   0   2   2   1   1   0   0   5   0   0  25  22  13   0   0   0  0.70 0.39
   40 Q    1 -2  1  2 -4  0  0  4 -3 -4 -5  1 -4 -4 -2  2  0 -5 -4 -4    9   0   8  14   0   3   6  31   0   0   0   9   0   0   1  14   4   0   0   0  0.51 0.29
   41 Q    1  0 -1 -2 -5  2  1 -4 -2 -3 -4  6 -4 -6 -4 -1  0 -6 -4 -3   13   2   2   1   0  11   7   0   1   1   1  52   0   0   0   3   5   0   0   1  0.88 0.46
   42 K   -2 -5 -5 -5 -5 -3 -4 -5 -5  5 -2 -1 -3 -4  6 -4 -2 -6 -3  2    2   0   0   0   0   1   0   1   0  31   1   4   0   0  41   1   2   0   1  16  1.24 0.53
   43 E   -1 -2 -2  0 -6  3  6 -5 -2 -3 -4  1 -2 -6 -1 -2 -1 -6 -5 -1    5   1   1   2   0  10  58   0   1   2   1   7   1   0   2   1   4   0   0   4  0.99 0.49
   44 V   -3 -6 -7 -7 -4 -6 -4 -7 -7  2 -1 -6 -2 -4 -6 -5 -3 -6 -5  7    1   0   0   0   0   0   1   0   0   8   5   0   0   0   0   0   0   0   0  84  1.82 0.69
   45 I   -1  1 -2 -4 -3 -2 -3 -4 -4  3  2 -1  1 -3 -4 -2  3 -4 -2  3    5   9   2   0   0   1   0   0   0  15  17   3   4   0   0   1  21   0   1  23  0.42 0.28
   46 E   -5 -4 -4 -2 -8 -2  8 -6 -2 -7 -7 -3 -6 -7 -5 -4 -4 -7 -6 -5    0   0   0   0   0   0  97   0   1   0   0   1   0   0   0   0   1   0   0   0  2.53 0.93
   47 F   -3 -6 -7 -7 -6 -6 -7 -7 -5 -1  0 -6 -1  8 -7 -6 -5 -3  2  0    2   0   0   0   0   0   0   0   0   2   9   0   2  74   0   0   0   0   5   7  2.04 0.71
   48 F   -7 -7 -7 -8 -7 -7 -8 -8 -5 -4 -4 -7 -2  9 -8 -5 -6 -3  1 -5    0   0   0   0   0   0   0   0   0   0   0   0   1  97   0   1   0   0   2   0  3.12 0.98
   49 S   -1 -5 -4 -5 -5 -4 -5 -1 -3 -6 -5 -5 -3 -2 -5  6 -3 10 -2 -6    4   0   0   0   0   0   0   4   1   0   1   0   0   1   0  56   0  33   1   0  1.98 0.79
   50 F   -6 -6 -7 -7 -6 -6 -7 -7 -3 -4 -4 -6 -4  7 -7 -6 -6 -2  8 -4    0   0   0   0   0   0   0   0   0   0   0   0   0  45   0   0   0   0  53   1  2.54 0.87
   51 Y   -2 -4  0 -3 -5 -4 -4  4  0 -4 -4 -4 -3  1 -4 -1 -1  3  7 -3    2   0   4   1   0   0   1  33   2   0   1   0   0   4   0   4   4   3  39   2  1.12 0.52
   52 C   -5 -8 -8 -8 12 -8 -9 -7 -8 -6 -6 -8 -6 -7 -8 -6 -6 -7 -7 -6    0   0   0   0 100   0   0   0   0   0   0   0   0   0   0   0   0   0   0   0  4.40 1.24
   53 P   -4 -6 -5 -5 -7 -4 -5  1  0 -3 -5 -5 -3 -7  8 -2 -3 -7 -6 -3    0   0   0   0   0   1   0  12   2   2   1   0   1   0  76   2   1   0   0   2  2.24 0.81
   54 H   -1 -4  0 -5 -7 -4 -4 -4 10 -7 -7 -5 -6 -4  1 -4 -6 -6  0 -7    6   0   3   0   0   0   0   1  78   0   0   0   0   1   8   1   0   0   3   0  2.74 0.93
   55 C   -5 -8 -8 -8 12 -8 -9 -7 -8 -6 -6 -8 -6 -7 -8 -6 -6 -7 -7 -6    0   0   0   0 100   0   0   0   0   0   0   0   0   0   0   0   0   0   0   0  4.40 1.24
   56 Y   -1 -4  3 -4 -6 -5 -4 -6  0 -5 -4 -4 -3  5 -6 -2 -5 -2  8 -5    7   0  14   1   0   0   1   0   1   0   0   1   0  19   0   2   0   0  54   0  1.68 0.68
   57 A    2  1  2  1 -4  3  1 -3  3 -4 -4  1 -2 -3 -3  1  0 -5 -3 -3   20   6  13   9   0  14   7   0   8   0   1   9   0   1   0   7   5   0   0   1  0.38 0.28
   58 F   -5 -6 -5 -5 -6 -2 -6 -7 -5 -2  2 -6  3  8 -7 -5 -5 -2  1 -3    0   0   0   1   0   2   0   0   0   2  18   0   7  67   0   1   0   0   2   1  1.86 0.72
   59 E   -2 -3  0  2 -6  1  7 -4  0 -6 -6 -2 -5 -5 -4  0 -3 -6 -4 -5    3   1   3   8   0   5  67   0   2   0   0   1   0   0   0   8   0   0   0   1  1.39 0.65
   60 M   -1 -1  0 -1 -2  1  0 -1  0 -2 -2  1 -1 -2  5  0  0 -2 -2 -2    4   2   4   2   1   6   7   4   2   2   4   7   2   1  31   8   7   0   2   2  0.46 0.18
   61 E    0  0  0  0 -2  0  0 -1  1  0 -1  0  1 -1  0  0  2 -2  0  0    6   3   4   4   1   5   6   3   5   5   4   3   4   3   4   6  21   0   3   8  0.08 0.08
   62 Y   -1 -2 -2 -2 -2 -1 -2 -2  0  1  2 -2  2  2 -2 -2 -1  0  4  0    4   2   2   2   1   2   2   3   2   9  23   2   7   7   2   3   2   1  18   6  0.23 0.12
   63 K   -1 -1  0 -1 -2  0 -1  0  3 -2 -2  1 -2 -2  5 -1 -1 -2 -2 -1    4   3   4   3   1   4   4   7   9   2   4   8   1   2  32   3   3   0   1   4  0.50 0.18
   64 I   -1 -2 -2 -2 -1 -2 -1 -2 -2  3  2 -1  1  0 -2 -1 -1 -2  0  3    3   2   2   2   1   2   3   3   1  21  16   4   3   3   2   3   4   1   3  23  0.21 0.11
   65 P    0 -1 -1  0 -1 -1 -1 -1 -2  2  0 -1  1 -1  1  0  0  2 -1  2    9   2   2   5   1   2   2   4   1  14  10   2   4   1   8   9   4   4   1  16  0.09 0.07
   66 Q    0 -1  2  1 -4  3  3 -1 -1 -4 -4  2 -3 -4  0  0 -1 -4 -1 -2    6   1  10   7   0  16  21   3   1   1   1  13   0   0   4   7   3   0   2   2  0.38 0.25
   67 Q    3 -1  1  0 -3  2  1 -1 -2 -4 -3  1 -3 -4  2  0  0 -4 -3 -3   33   3   6   5   0  11   7   2   1   0   2   8   0   0   9   4   6   0   1   1  0.36 0.27
   68 V   -5 -6 -7 -7 -5 -6 -6 -6 -6  4  1 -6 -1 -2 -7 -6 -3 11 -2  1    1   0   0   0   0   0   0   0   0  20  12   0   2   1   0   0   2  50   0  11  2.20 0.78
   69 V    1  1 -2 -1 -4  0  1 -3 -3 -1  0  4 -2 -3 -3  0 -2 -4 -2  1   13   5   1   2   0   2   8   0   0   3   8  34   0   1   0   6   1   0   1  12  0.35 0.29
   70 D    1  0  0  0 -5  1  2 -3  0 -5 -5  5 -3 -6  0 -2 -2 -6 -4 -5   14   2   4   4   0   5  15   1   2   0   0  45   1   0   4   1   1   0   0   0  0.77 0.44
   71 A    0  1  3 -1 -4  1 -1  0 -2 -2 -2  4 -2 -4 -3  0  1 -5 -4 -1    7   7  16   2   0   7   2   6   1   1   3  28   1   0   0   7  11   0   0   3  0.37 0.28
   72 L   -1 -3 -5 -5 -4  2 -4 -6 -4  0  5  1  1 -1 -5 -4 -3 -5 -3 -1    4   0   0   0   0  10   0   0   0   5  64  10   2   2   0   0   0   0   1   2  0.92 0.49
   73 P   -1 -5 -2 -1 -6 -3 -3  1 -6 -6 -5 -2 -6 -7  8 -2 -5 -7 -7 -6    5   0   2   4   0   1   1   9   0   0   1   3   0   0  72   2   0   0   0   0  2.01 0.78
   74 K    2 -2 -1  3 -5  0  3 -3 -1 -5 -5  3 -4 -5 -1  1 -2 -5 -4 -4   18   0   2  18   0   3  21   1   1   0   0  23   0   0   3   8   1   0   0   0  0.59 0.37
   75 D   -3 -4  3  6 -6 -2 -1  3 -2 -6 -6 -1 -5 -6 -5 -2 -3 -6 -1 -6    1   0  13  48   0   2   3  26   1   0   0   3   0   0   0   2   0   0   2   0  1.18 0.54
   76 V    0 -4 -4 -2 -4 -4 -3 -5 -5  2 -2 -4 -2 -4 -5 -3  1 -6 -4  6    9   0   1   2   0   1   2   0   0  10   1   1   1   0   0   1   8   0   0  63  1.05 0.53
   77 K    1  1  1  1 -4 -1  1 -3  1 -2 -3  3 -3 -4 -2  1  0 -4 -1  2   11   6   7   6   0   2   7   0   3   1   0  22   0   0   1   9   6   0   1  16  0.25 0.23
   78 F   -5 -6 -6 -7 -5 -5 -6 -7 -3  0  1 -5  3  8 -7 -6 -3 -3  0  1    0   0   0   0   0   0   0   0   1   5  12   0   6  64   0   0   1   0   2   8  1.69 0.67
   79 K   -2  2 -1  0 -4  1  2 -4 -1  0 -2  3 -1 -2 -3 -2  1 -2 -2  2    1  12   3   4   0   6  15   0   1   6   2  20   1   1   0   1   9   0   1  17  0.31 0.26
   80 Q   -4  5 -3 -4 -6  3 -2 -3  0 -6 -4  5 -4 -4 -2 -2 -3 -5  0 -5    0  37   0   0   0  13   1   2   2   0   1  35   0   1   2   2   1   0   4   0  1.12 0.56
   81 Y   -2 -4  1 -4 -4 -2 -3 -5 -3  1 -1 -1  1 -2 -4  0  1 -3  5  4    2   0   6   0   0   2   1   0   0   9   3   3   3   0   0   7   9   0  22  32  0.55 0.38
   82 H   -4 -5 -5 -5 -7 -2 -5 -6  9 -7 -7 -5 -6 -6  7 -5 -4 -7 -4 -7    1   0   0   0   0   2   0   0  44   0   0   0   0   0  53   0   1   0   0   0  2.54 0.92
   83 V    4 -5 -6 -6 -4 -5 -5 -5 -6  1 -2 -5 -3 -4 -5 -4 -2 -6 -5  6   32   0   0   0   0   0   0   0   0   6   1   0   0   0   0   0   1   0   0  60  1.33 0.63
   84 N    2 -3  2  2 -3 -1  0  0 -2  0 -2 -2  2 -4 -1  1  0 -4 -4  0   22   0  11  14   0   2   4   6   0   6   2   1   8   0   3  10   4   0   0   6  0.24 0.23
   85 F   -2 -5 -5 -6 -5 -4 -5 -5 -4 -2 -1 -5  0  8 -4 -4 -4  5  0 -3    4   0   0   0   0   1   0   0   0   2   6   0   2  72   1   1   1   7   1   1  1.89 0.68
   86 L   -2  1  0 -3 -3 -1 -3  2 -2  0  3 -2  5 -2 -3 -1 -2 -3 -3 -1    1   9   5   1   0   2   1  18   1   4  27   1  20   1   1   4   2   0   0   3  0.40 0.28
   87 G   -1  1  3  1 -5 -1 -1  5 -4 -6 -6 -2 -5 -5 -2 -2 -3 -5 -5 -5    3   9  17   7   0   2   3  51   0   0   0   1   0   0   2   1   1   0   0   1  0.99 0.46
   88 H    0  0  1  1 -4 -1 -1  1 -1 -2 -3  0 -3 -2  5  1 -1 -5 -4 -2    9   6   7   7   0   1   3   9   1   3   1   6   0   2  27  12   2   0   0   2  0.43 0.25
   89 Q   -1 -1 -2 -1 -4  0 -2 -2 -3 -1  2 -2  5  1 -2 -1 -1  6 -1  0    6   4   2   4   0   5   2   2   0   2  17   2  19   7   1   5   4  14   1   5  0.41 0.29
   90 S   -1 -4  0  0 -4 -2 -2  4 -2 -1 -1 -3  0 -1 -3  1 -2  7 -2 -1    5   0   6   7   0   2   1  29   1   4   5   1   3   2   1  10   1  19   1   3  0.62 0.34
   91 E    1 -2 -1  0 -4  0  3 -3  0 -2 -2  2 -2 -3  3 -1  0 -5 -3  1   10   0   2   3   0   4  22   0   2   1   3  14   1   1  17   2   7   0   0  10  0.36 0.26
   92 N   -1 -2  1  0 -4  2  3 -3  5 -2 -2 -2 -1 -3  3 -1 -1 -5 -2 -2    6   0   8   5   0   8  21   1  16   2   5   1   1   1  15   4   3   0   1   3  0.44 0.30
   93 L   -1 -3 -2 -3 -3  0 -3  1  3  0  3 -2  4 -1 -2 -1 -2 -1  0  0    4   1   1   0   0   4   1  10   9   3  34   1  12   2   2   5   1   1   3   6  0.31 0.24
   94 T    4 -3 -3 -4 -4  4 -3 -3 -2 -4 -4 -2  0 -5 -4  2  4 -5 -4 -3   33   1   1   0   0  20   0   1   1   0   0   1   3   0   0  12  27   0   0   1  0.83 0.52
   95 R   -4  5 -3 -3 -5  3  0 -5  1 -3  0  4  0 -3 -4 -3 -3 -5 -1 -4    0  35   0   0   0  11   5   0   3   2   9  27   3   1   0   0   0   0   2   1  0.83 0.45
   96 A    5 -4 -4 -4 -3 -4 -4 -1 -4 -1  1 -4  1  2 -4  0 -1 -4 -2 -1   56   0   0   0   0   0   0   3   0   4  12   0   4   8   0   5   3   0   1   2  0.74 0.45
   97 W   -6 -4 -6 -7 -6 -6 -6 -7 -2 -4  0 -6  0  5 -7 -5 -5  8  7 -5    0   1   0   0   0   0   0   0   1   0  10   0   2  26   0   0   0  21  39   0  1.96 0.74
   98 A    4 -5 -4 -5 -4 -4 -4 -3  0  0 -1 -4 -1  1 -5  0 -1 -2  7 -2   33   0   0   0   0   0   0   1   2   4   5   0   1   5   0   6   4   0  37   2  0.95 0.52
   99 L    3 -4 -4 -5 -3 -4 -4 -4 -5  1  1 -4 -2 -3 -4 -2  3 -5 -3  4   26   0   0   0   0   0   0   0   0   8  12   0   0   1   0   1  21   0   1  31  0.68 0.42
  100 A    5 -4 -4 -4 -3 -3 -3 -2 -4  0  2 -3  3 -1 -4  0 -2 -4 -4 -2   53   0   0   0   0   0   1   1   0   5  19   1   8   2   0   6   1   0   0   1  0.74 0.44
  101 M   -2 -1 -1  1 -5  3  4 -4  0 -1 -3  2  4 -4 -4 -2 -2 -5 -4 -1    2   3   1   7   0  14  34   0   2   4   1  10  14   0   0   1   1   0   0   4  0.63 0.40
  102 A    4 -3 -1 -3 -3  0 -1 -2 -2 -1 -1  0  0 -2 -3  1 -1 -4 -2  1   44   0   2   1   0   5   4   2   1   2   6   5   3   2   0   7   3   0   1  12  0.38 0.31
  103 L   -3 -5 -6 -4 -4 -3 -5 -5 -2  0  5 -4  6 -1 -6 -3 -1 -3 -4 -2    1   0   0   1   0   1   0   1   1   3  59   1  23   2   0   2   3   0   0   1  1.18 0.57
  104 G   -3 -3  1  2 -6 -3 -2  6 -3 -7 -7  2 -6 -6 -2 -3 -4 -6 -6 -6    0   1   8  10   0   0   2  61   1   0   0  15   0   0   2   1   0   0   0   0  1.26 0.57
  105 A    0 -1 -1 -2 -3  1 -1 -4 -4  2  0  2  0 -3 -4 -3 -2 -5 -2  4    6   2   3   2   0   6   4   0   0  12   9  12   2   0   0   0   1   0   1  38  0.42 0.31
  106 E    0 -1 -2  0 -4  1  4 -2 -3 -2  0  0 -2 -2 -2 -1  0 -2 -4  0    9   3   1   4   0   5  37   3   0   2  13   5   0   1   2   3   6   1   0   6  0.35 0.28
  107 S   -3 -3  0  6 -6  0  3 -3  2 -6 -6  1 -5 -6 -1 -2 -4 -6 -4 -6    2   1   4  51   0   3  20   2   5   0   0   7   0   0   3   2   0   0   1   0  1.16 0.54
  108 K    0  1 -2  0 -5  3  1 -3 -3 -4 -4  5 -4 -5 -1 -2 -1 -5 -4 -2    7   7   1   4   0  13  10   1   0   0   1  45   0   0   3   2   4   0   0   3  0.74 0.42
  109 V   -2 -5 -5 -4 -4 -4 -5 -5 -4  3  3 -4  4 -1 -5 -3  1 -4  0  4    1   0   0   1   0   0   0   0   0  16  23   0  13   2   0   1   8   0   3  31  0.71 0.39
  110 K   -2 -3  0 -2 -5 -1  1 -3  8 -1 -4 -1 -3 -2 -5  0  2 -5 -2  0    2   1   4   2   0   1  10   1  43   3   0   4   0   1   0   7  13   0   0   7  1.01 0.52
  111 S    2 -1 -1  1 -4  0  1  0  1 -2 -2  0 -1 -4  4  0  0 -5 -3 -2   17   3   3   8   0   4   8   5   4   1   5   6   2   0  21   4   6   0   0   1  0.32 0.22
  112 P    4 -1 -3 -1 -4 -1 -1 -3 -4 -2 -1  2 -2 -4  3 -1 -2 -5 -4  0   42   2   0   3   0   2   2   0   0   2   5  16   1   0  16   2   1   0   0   5  0.58 0.39
  113 L   -2 -5 -6 -6 -4 -5 -5 -6 -5  4  3 -5  4  1 -5 -5 -3 -4 -3  3    2   0   0   0   0   0   0   0   0  24  33   0  13   5   0   0   0   0   0  22  0.93 0.44
  114 F   -7 -7 -7 -8 -7 -7 -7 -8 -1 -4 -4 -7 -2  9 -8 -7 -6 -3  1 -5    0   0   0   0   0   0   0   0   1   0   0   0   1  95   0   0   0   0   3   0  3.05 1.02
  115 E    0  0  4  4 -5  0  2 -3  2 -4 -4  2 -2 -4 -4 -1  0 -5 -2 -3    7   4  20  22   0   4  15   0   5   1   0  12   1   0   0   2   5   0   1   1  0.54 0.33
  116 A    5 -1 -3 -3 -4  1 -1  0  3 -3 -4 -2 -3 -5 -4 -2 -2 -5  0 -3   62   4   1   1   0   6   3   7   6   1   0   1   0   0   0   1   2   0   4   1  0.88 0.51
  117 A   -1 -5 -3 -3 -4 -3 -5 -5 -6  7  0 -3  1 -3 -6 -5 -3 -2 -2  3    4   0   1   1   0   1   0   1   0  59   5   1   3   0   0   0   1   1   1  20  1.16 0.53
  118 Q   -5 -3 -2 -4 -7  6 -2 -5  9 -4 -6 -2  0 -3 -6 -4 -5 -6 -3 -6    0   0   1   0   0  32   2   0  56   1   0   2   3   1   0   0   0   0   0   0  2.21 0.87
  119 K   -3  5  0 -2 -6  1  2 -2  1 -3 -4  5 -4 -5 -4 -3 -3 -6 -4 -1    1  30   5   1   0   5  11   2   3   1   0  34   0   0   0   0   1   0   0   6  0.83 0.45
  120 D   -1  1  2  2 -5  4  1 -3 -2 -5 -5  4 -3 -6 -2 -1 -1 -5 -4 -3    4   6  11  10   0  24   7   1   1   0   0  28   0   0   1   3   3   0   0   1  0.68 0.40
  121 A    0  5 -1 -2 -4  2 -1 -2  1 -4 -3  2 -1 -3  2  0  0 -5 -1 -4    7  31   3   1   0   9   1   3   3   0   1  14   1   1  10   5   7   0   2   0  0.50 0.32
  122 L   -3 -3 -5 -5 -4 -4 -5 -6 -5  3  4 -2  0  3  1 -4 -2 -4 -3  1    1   1   0   0   0   0   0   0   0  21  44   3   1  11   7   1   1   0   0   7  0.73 0.39
  123 K    0  1  3  0 -3  1 -1 -2  1 -2  0  2 -1  0 -1  0  2 -4 -1 -2    6   8  15   4   0   6   2   2   5   1   9  14   1   5   2   4  13   0   2   2  0.16 0.17
  124 S   -2 -1  2  3 -4 -1  0 -1 -2 -4 -3 -1 -3 -5 -2  3  4 -5 -3 -4    1   3  11  14   0   2   5   3   0   0   3   4   0   0   1  26  26   0   0   0  0.56 0.38
  125 M    0  1 -2  1 -4  0  3 -3 -2 -1 -1  1  1 -2  4 -2 -1 -5 -3  0    7   7   0   8   0   4  20   1   0   4   6   8   4   1  20   1   2   0   0   7  0.35 0.25
  126 D    2 -2  0  5 -5  2  3 -2 -2 -5 -5  1 -4 -6 -3 -1 -3 -6 -4 -5   17   1   4  33   0   8  20   1   1   0   0  10   0   0   1   4   1   0   0   0  0.75 0.42
  127 D    1 -3  0  6 -5  2  3 -2 -2 -5 -5 -3 -5 -4 -3  0 -2 -6 -5 -3   11   1   2  46   0   8  18   2   1   0   0   0   0   1   1   5   2   0   0   2  0.94 0.49
  128 I   -3 -5 -5 -4 -4  0 -4 -6 -5  6  3 -5  3  0 -5 -5 -3 -2 -4  2    1   0   0   1   0   4   1   0   0  46  22   0   8   3   0   0   1   1   0  12  0.97 0.46
  129 R    3  4 -3 -4 -4 -1 -2 -1 -2 -2 -1  3 -1  0 -3 -1 -2 -2 -3 -1   28  26   0   0   0   2   1   5   1   2   5  17   1   4   1   2   1   0   0   3  0.45 0.32
  130 A    2  0  2  4 -5  2  2 -2 -3 -4 -4  3 -4 -5 -3 -1 -1 -1 -4 -4   16   3  10  23   0  12  10   1   0   0   1  17   0   0   1   2   2   1   0   0  0.51 0.32
  131 I   -3 -5 -6 -6 -4 -5 -6 -6 -5  3  1 -5 -1  6 -6 -5 -3  7  0  3    2   0   0   0   0   0   0   0   0  16  12   0   1  33   0   0   1  14   1  20  1.12 0.48
  132 F   -2 -5 -6 -6 -5 -5 -5 -6 -4 -1  1 -4  1  7 -6 -5 -4 -3  3  2    3   0   0   0   0   0   1   0   0   3  12   1   4  56   0   0   0   0   7  13  1.38 0.57
  133 L    3 -2 -2 -3 -3 -2  1 -1 -4  2  0 -1  0 -3 -3 -1  0 -2 -3  2   32   1   1   0   0   1  10   3   0  15   6   3   2   0   0   3   5   1   0  15  0.31 0.26
  134 S    2  0  0  2 -4  1  0 -1 -2 -3 -2  3 -3 -4 -2  1  0 -5 -4 -1   20   4   3  13   0   8   4   4   0   1   3  22   0   0   1   8   7   0   0   4  0.30 0.24
  135 N    1 -2  4 -3 -4  4  0 -3  2 -3 -2  0 -2  0 -4 -1 -1 -4  3 -3   15   0  20   0   0  22   4   1   5   1   4   6   0   5   0   2   2   0  10   1  0.47 0.35
  136 G   -3 -6 -4 -2 -6 -4 -5  7 -6 -8 -8 -4 -7 -7 -6 -3 -5 -7 -7 -7    0   0   0   3   0   0   0  95   0   0   0   0   0   0   0   1   0   0   0   0  2.41 0.84
  137 I   -2 -6 -6 -6 -4 -5 -6 -5 -6  5  0 -5  0 -2 -6 -5 -3 -6 -4  6    3   0   0   0   0   0   0   0   0  30   7   0   1   1   0   0   0   0   0  57  1.34 0.57
  138 T   -3 -4  1  6 -5 -3  0 -4 -4 -6 -6  1 -5 -6  1  3  0 -7 -4 -5    1   0   5  50   0   0   5   0   0   0   0   8   0   0   6  20   4   0   1   0  1.10 0.53
  139 A    3  2 -2 -2 -4  0  2  1 -3 -3 -4  2 -3 -5  2  0 -2 -5 -4 -2   25  13   1   0   0   2  12  13   0   1   1  16   0   0   9   5   1   0   0   2  0.42 0.29
  140 E    2 -1  0  3 -5  1  4 -2 -3 -5 -5  3 -3 -5 -3 -1 -2 -5 -3 -3   20   1   4  15   0   5  25   3   0   0   0  22   1   0   0   2   2   0   0   1  0.59 0.36
  141 Q    0  0 -2  2 -5  2  3 -4 -3 -4 -4  5 -4 -6 -4 -2  0 -6 -4 -3    9   4   1  14   0  10  17   0   0   0   1  37   0   0   0   0   6   0   0   1  0.74 0.42
  142 F   -3 -6 -6 -7 -6 -6 -6 -7 -4 -3 -2 -6 -4  8 -7 -6 -5 -1  6 -1    3   0   0   0   0   0   0   0   0   1   3   0   0  65   0   0   0   0  23   5  2.07 0.75
  143 D   -1 -1  1  5 -5 -1  1 -4 -1 -2  1  0  1 -4 -4 -1 -2 -5 -4 -2    4   2   7  42   0   1   8   0   1   2  14   7   4   0   0   2   1   0   0   2  0.63 0.36
  144 G    2  0  1  2 -4  1  2  0 -3 -4 -4  3 -3 -5 -3  1 -1 -5 -3 -3   22   3   6  11   0   6  11   5   0   0   1  20   0   0   0  12   1   0   0   0  0.40 0.28
  145 G    4 -4 -2 -2 -3 -2 -3 -1 -3 -1  0 -3  2 -2 -4 -1  3 -5 -3  0   44   0   2   2   0   1   1   3   0   2   9   1   6   2   0   2  18   0   1   7  0.53 0.37
  146 I   -1 -2 -4 -6 -5 -2 -5 -5 -3  1  0 -2  3  4 -5 -4 -4  5  7 -2    7   2   1   0   0   2   0   0   0   8   7   3   9  17   0   0   0   7  35   2  0.99 0.47
  147 N   -1 -1  7  2 -5 -2 -2 -2  0 -5 -6  2 -4 -5 -5  0 -1 -6 -5 -4    5   3  52  12   0   1   2   2   2   0   0  11   0   0   0   5   4   0   0   1  1.04 0.51
  148 S   -2 -4 -2 -3 -5 -4 -4 -1 -5 -6 -7 -4 -6 -7 -5  7 -2 -7 -6 -6    1   0   1   1   0   0   0   4   0   0   0   0   0   0   0  93   1   0   0   0  2.08 0.90
  149 F   -5 -6 -6 -4 -6 -4 -5 -7 -5 -3 -1 -2  1  9 -2 -5 -4 -3 -1 -3    1   0   0   1   0   1   1   0   0   1   4   3   3  79   3   1   1   0   0   2  2.08 0.77
  150 A    3 -3 -1  0 -3 -2 -1  2 -3 -2 -2 -2  0 -4  1  2  1 -4 -3  0   29   0   1   5   0   1   4  17   0   1   2   0   3   0   7  15   7   0   1   6  0.35 0.26
  151 V   -2 -4 -6 -7 -4 -6 -6 -7 -6  3 -2 -6  0 -4 -6 -5  0 -6 -5  7    2   1   0   0   0   0   0   0   0  11   2   0   2   0   0   0   5   0   0  78  1.63 0.68
  152 N    0  2  4  0 -5  3  0 -3 -1 -4 -4  3 -2 -5 -4  1  0 -5 -4 -3    6   9  20   6   0  14   3   1   1   1   0  24   1   0   0   8   6   0   0   1  0.52 0.33
  153 G    2 -3  1 -1 -2 -1 -2  1 -3 -2 -3 -2 -1 -2 -3  4  2 -5 -3 -2   20   1   6   4   1   1   2  12   0   2   1   1   1   2   0  32  13   0   0   1  0.44 0.33
  154 L    0  1 -1 -3 -5  3 -1 -4 -2 -3  2  4  4 -2 -4 -2 -2 -5 -4 -3    7   6   2   1   0  17   2   0   1   0  20  27  14   1   0   1   1   0   0   0  0.57 0.39
  155 V    0 -4 -4 -5 -3  0 -4 -4 -5  2  2 -4  2 -3 -4 -2  0 -5 -3  5    9   0   1   0   0   4   0   1   0  12  15   0   5   0   0   2   6   0   0  43  0.64 0.37
  156 N    2  2  3  0 -4  2  0 -2 -2 -4 -3  3  1 -4 -3  1 -1 -5 -4 -2   19  14  13   3   0   9   6   1   0   0   1  17   4   0   0   9   1   0   0   2  0.38 0.28
  157 K   -1  4 -1 -2 -6  5  0 -4 -2 -5 -2  4 -2 -6 -4 -3 -2 -5 -4 -5    4  26   2   2   0  25   4   1   1   0   4  29   1   0   0   0   2   0   0   0  0.92 0.48
  158 Q    4 -3 -1 -2 -4  4 -2 -2 -2 -3 -3 -3  3  1 -4  1 -3  2  0 -3   38   0   3   2   0  23   1   3   0   1   0   0   8   5   0   8   0   3   4   1  0.64 0.44
  159 V   -1  1  3  3 -4  1  2 -3 -1 -2 -3  3 -2 -3 -2 -1  0 -5 -2 -2    6   7  13  17   0   7  11   0   1   2   1  20   0   1   1   3   6   0   1   3  0.38 0.25
  160 N    1  2  1  0 -5  4  1 -3 -2 -4 -4  4 -3 -4 -4 -1 -1 -5 -3 -3   11  10   6   4   0  24   8   0   0   0   1  26   0   1   0   3   3   0   0   2  0.57 0.36
  161 A    1  1 -1 -1 -3  1 -1 -3 -3  0  3  0  2  0 -4 -2 -1 -1 -1 -1   16   7   2   4   0   8   3   1   0   5  30   5   7   5   0   1   3   1   2   1  0.19 0.21
  162 A    4 -3 -3 -4 -3  2 -2 -2 -4  0 -1 -3  1  2 -3  0  1 -2 -3  1   37   0   0   0   0  11   1   2   0   6   4   0   3  11   0   5  11   1   0   9  0.42 0.33
  163 E    0  3  0  1 -5  3  3 -3 -2 -3 -3  3  0 -5 -3 -1  0 -5 -4 -3    7  17   3   8   0  15  19   1   0   1   1  17   3   0   0   2   5   0   0   1  0.50 0.32
  164 Q    2  1  1  2 -4  1  1 -1 -1 -3 -2  1 -3 -3 -3  0  0 -4 -2 -3   23   8   6  14   0   7  10   3   1   0   4  11   0   1   0   6   4   0   1   0  0.28 0.22
  165 F    0 -5 -4 -6 -5 -4 -5 -3 -2 -3  0 -4  1  4 -5  1 -3  0  7 -2    7   0   0   0   0   0   0   2   0   1   9   0   4  14   0  12   1   1  47   2  1.17 0.55
  166 K   -1  2  1  0 -5  3  0  3 -1 -5 -5  3 -3 -5 -3 -1 -1 -5 -4 -5    5  13   6   4   0  17   5  23   1   0   0  22   0   0   0   2   3   0   0   0  0.58 0.34
  167 V   -2 -5 -6 -6 -4 -5 -6 -6 -6  5  4 -5 -1 -3 -4 -4 -3 -5 -4  4    3   0   0   0   0   0   0   0   0  37  34   0   0   0   1   0   0   0   0  25  1.10 0.49
  168 R   -2  3  0  2 -4  2  1 -4 -3 -3 -4  0 -1 -5 -2  1  4 -5 -4 -3    1  17   3  12   0   9   8   0   0   1   0   5   2   0   2  12  29   0   0   0  0.55 0.37
  169 G   -1 -6 -3 -5 -6 -5 -5  7 -2 -7 -7 -5 -6 -7 -6  1 -5 -6 -6 -6    5   0   1   0   0   0   0  85   1   0   0   0   0   0   0   9   0   0   0   0  2.02 0.75
  170 V   -4 -6 -6 -6 -4 -5 -6 -6 -6  0 -3 -5 -3 -3 -6 -4  4 -6 -5  7    0   0   0   0   0   0   0   0   0   2   0   0   0   1   0   0  23   0   0  75  1.70 0.71
  171 P   -5 -7 -7 -6 -7 -6 -6 -7 -7 -7 -7 -5 -7 -8  9 -5 -6 -8 -8 -7    0   0   0   0   0   0   0   0   0   0   0   0   0   0 100   0   0   0   0   0  3.44 1.07
  172 D    4 -3 -1 -1 -3 -3 -1 -1 -4 -4 -4 -3  1 -5 -4  3  4 -5 -4 -2   35   0   2   3   0   0   4   3   0   0   0   0   4   0   0  20  26   0   0   2  0.69 0.42
  173 F   -4 -5 -4 -6 -4 -5 -5 -6 -5  3  2 -5  5  5 -6 -5 -3 -4 -2  3    0   0   1   0   0   0   0   0   0  14  22   0  17  25   0   0   0   0   0  21  0.97 0.44
  174 Y    0 -5 -5 -5 -4 -4 -5 -1 -4  4  0 -4  0  2 -5 -3 -2 -3  3  4    7   0   0   0   0   0   0   5   0  29   6   0   2   9   0   0   2   0  10  29  0.66 0.35
  175 V   -3 -6 -7 -7 -4 -6 -6 -7 -7  3 -3 -6 -1 -4 -6 -5 -4 -7 -5  7    0   0   0   0   0   0   0   0   0  15   0   0   1   0   0   0   0   0   0  83  1.94 0.73
  176 N   -1 -1  7  2 -6  2 -2 -2 -1 -6 -6 -1 -5 -6 -5 -1 -3 -7 -5 -6    6   2  62  12   0   8   1   3   1   0   0   2   0   0   0   2   0   0   0   0  1.47 0.62
  177 G   -4 -6  1  0 -6 -4 -3  7 -5 -7 -7 -5 -6 -7 -6 -3 -5 -6 -7 -7    0   0   6   6   0   1   1  86   0   0   0   0   0   0   0   0   0   0   0   0  2.05 0.73
  178 K   -4  4 -3 -4 -7  0 -3 -5 -3 -6 -6  7 -5 -7 -5 -4 -3 -7 -5 -6    0  19   0   0   0   4   0   0   0   0   0  75   0   0   0   0   1   0   0   0  1.88 0.74
  179 F   -6 -6 -7 -8 -7 -6 -7 -8 -3 -6 -5 -6 -5  2 -7 -6 -6  0 10 -6    0   0   0   0   0   0   0   0   0   0   0   0   0   7   0   0   0   1  92   0  3.23 1.03
  180 R   -1  3 -3 -3 -4  2 -1 -4  1  1  1  2  2 -1 -4 -3 -2 -2  1  1    4  18   0   0   0   9   2   0   4   8  16  12   7   1   0   0   1   0   5  13  0.28 0.22
  181 V   -2 -5 -5 -5 -4 -4 -5 -5 -5  4  0 -4  0  1 -4 -3  3 -5 -3  5    1   0   0   0   0   0   0   0   0  25   6   0   1   5   1   0  21   0   0  39  0.88 0.43
  182 N   -2  0  4  3 -4  0  1 -1 -2 -3 -2  1 -3 -3 -3  2  1 -5 -4 -3    1   3  19  16   0   5   6   4   0   1   4  10   0   1   0  18  10   0   0   1  0.40 0.26
  183 P    1 -2  3 -2 -3 -2 -2  2 -2 -1 -1 -2  1 -2  4  0  0 -3 -3 -1   11   2  16   1   0   1   1  16   0   4   7   1   4   2  20   5   7   0   0   3  0.34 0.20
  184 E    1  1  1  1 -2  1  2  1  0 -3 -3  0 -2 -3 -1  1 -1 -3 -2 -2   15   7   6   8   0   8  15  12   1   1   2   6   0   1   2  10   2   0   1   2  0.20 0.12
  185 G    1 -1  0  0 -2  0  0  3 -2 -2 -2  0  1 -2 -2  1  0 -2 -2 -2   14   2   3   5   0   4   7  26   1   2   3   7   5   1   1  10   4   0   1   2  0.21 0.12
  186 L    0 -1 -1 -2 -2 -2 -2 -1 -1  3  1 -1  1  2 -2 -1  0 -2 -1  1    9   3   3   1   0   1   2   5   1  22  14   3   5  11   1   2   5   0   1   9  0.13 0.11
  187 N   -1  0  1  0 -3  0 -1  1 -2 -3 -3  2 -3 -2 -1  3  2 -4 -3 -3    3   5   8   5   0   2   1  12   0   1   1  14   0   2   2  31  11   0   0   1  0.36 0.24
  188 Y   -1 -1 -1 -2 -3  0 -1 -1  0  0 -1 -1  3 -1  0  3  2 -3  2  0    3   3   2   1   0   3   2   5   2   5   3   2   9   1   4  25  14   0   8   9  0.19 0.20
  189 D    2 -1  1  3 -3  1  2 -1 -2 -2 -2 -1 -1 -3  0  0  1 -3 -1 -2   21   2   6  17   0   6  15   2   0   2   3   2   2   1   5   3   8   0   2   2  0.24 0.18
  190 D   -1 -2  2  3 -3 -1  1  3 -1 -3 -3 -1  0 -3 -2  0 -1 -3 -3 -2    5   1  11  20   0   2  11  27   1   1   2   3   3   1   1   6   3   0   1   2  0.39 0.20
  191 F    0 -2  0 -1 -2 -1 -1  2 -1 -1 -1 -1  1  3 -2  1  0 -1  3 -1    5   2   5   3   1   2   3  16   1   2   4   2   4  15   2  11   7   0  13   2  0.17 0.11
  192 V    1  0 -1 -2 -2  0 -1 -1  0  1  1 -1  1  0  1 -1 -1 -2  0  1   13   5   4   1   0   5   2   4   3   8  17   2   4   3   9   4   2   0   3   9  0.06 0.06
  193 K    0  0  0  1 -3  3  3 -2 -1 -2 -2  2 -2 -3  1  0  0 -3 -3 -2    8   5   3   6   0  14  21   3   1   2   3  17   0   1   6   5   4   0   1   2  0.32 0.18
  194 D   -1  2  1  3 -4  2  4  0 -2 -3 -4  1 -3 -4 -3 -1 -2 -4 -3 -2    6   9   8  14   0  12  27   6   0   2   1   8   0   0   0   2   2   0   0   2  0.44 0.26
  195 Y    0 -3 -4 -4 -3 -3 -4 -4 -2  1  2 -2  5  2 -4 -3  1 -1  5  1    7   0   0   0   0   0   0   0   0   6  16   2  16   8   0   1   8   1  24   8  0.58 0.32
  196 V    1 -3  0  0 -2 -2 -3 -3 -3  2  2 -3  0  1 -1  0 -1 -2 -1  1   18   0   6   6   0   1   0   1   0  15  20   0   1   8   2   6   3   0   1  10  0.17 0.17
  197 Q    1  0  1  3 -5  4  3 -3 -2 -5 -4  2 -4 -5 -3 -1 -2 -5 -3 -4   12   5   6  16   0  23  17   1   0   0   0  13   0   0   1   2   1   0   0   1  0.61 0.35
  198 T   -1 -5 -5 -6 -4 -4 -5 -6 -5  2  4 -3 -1 -3 -5 -4  0 -5 -3  5    4   0   0   0   0   0   0   0   0   8  38   2   0   0   0   0   6   0   1  41  0.89 0.44
  199 V    2 -5 -5 -4 -4 -5 -4 -5 -5  4  0 -5  2 -3 -5 -4 -1 -5 -4  5   15   0   0   1   0   0   0   0   0  21   8   0   5   0   0   0   2   0   0  48  0.93 0.45
  200 K   -2  0  4  5 -5  0  1 -2 -1 -4 -4  2 -2 -4 -4 -1 -1 -3 -3 -2    2   5  25  31   0   3   6   2   1   1   1  13   1   0   0   2   3   0   1   3  0.69 0.36
  201 G   -1 -3 -2 -4 -5  0 -2 -2  1 -4 -3 -2 -4  5 -6 -3 -3  3  7 -4    5   1   1   1   0   5   3   4   3   0   2   3   0  28   0   1   1   4  40   0  1.17 0.51
  202 L   -5 -6 -7 -7 -5 -6 -7 -7 -7 -1  7 -6 -1 -3 -7 -6 -5 -5 -5 -2    0   0   0   0   0   0   0   0   0   1  99   0   0   0   0   0   0   0   0   0  2.05 0.75
  203 L    0 -5 -5 -5 -3 -4 -4 -5 -5  5  3 -4  0 -2 -5 -1 -1 -5 -3  3    7   0   0   0   0   0   1   0   0  32  31   0   1   0   0   5   3   0   0  20  0.73 0.36
  204 Q    2 -1  2  1 -4  2  3 -3 -2 -4 -4  2 -3 -5 -3  0  1 -5 -4 -3   17   1  13   7   0   9  21   0   0   0   0  15   0   0   0   6  10   0   0   0  0.47 0.30
  205 K   -4  2 -3 -4 -6  5 -1 -5 -4 -6 -6  7 -4 -6 -4 -3 -4 -6 -5 -6    0   8   0   0   0  23   1   0   0   0   0  68   0   0   0   0   0   0   0   0  1.69 0.67

                      K         Lambda
Standard Ungapped    0.1343     0.3194
Standard Gapped      0.0477     0.2670
PSI Ungapped         0.1582     0.3135
PSI Gapped           0.0477     0.2670
