
Last position-specific scoring matrix computed, weighted observed percentages rounded down, information per position, and relative weight of gapless real matches to pseudocounts
           A  R  N  D  C  Q  E  G  H  I  L  K  M  F  P  S  T  W  Y  V   A   R   N   D   C   Q   E   G   H   I   L   K   M   F   P   S   T   W   Y   V
    1 M   -3 -4 -5 -6 -4 -3 -5 -6 -4  0  0 -4 10 -3 -5 -4 -3 -4 -4  1    0   0   0   0   0   0   0   0   0   3   3   0  86   0   0   0   0   0   0   8  2.10 0.54
    2 N   -1  0  3 -1 -4  3  1 -3  0 -4 -4  3 -3 -5 -2  2  2 -5 -3 -4    2   1  19   1   0  16   6   0   1   0   0  26   0   0   1  14  12   0   0   0  0.56 0.27
    3 T   -1  1  1  0 -3  2  2 -2  0 -2 -3  2 -1 -2 -2  2  2 -4 -3 -2    4   9   8   4   0   9  13   1   2   2   1  12   1   2   0  16  13   0   0   2  0.25 0.15
    4 Q   -2  2  1 -1 -4  3  1 -3  0 -3 -4  4 -3 -4 -3  1  1 -4 -1 -4    1  10   7   1   0  14   9   1   2   1   0  32   0   0   0  12   7   0   2   0  0.51 0.25
    5 Y    0  0  0 -1 -1  0  0  1  3  0 -1  0 -1  1 -2  0  0 -2  2  0    5   5   3   2   1   4   5  11   9   6   5   7   1   5   1   5   7   0  11   7  0.06 0.07
    6 N   -2  0  6  0 -4 -2 -2 -2  4 -4 -4  1 -4 -5 -4  2  0 -5 -2 -4    1   5  45   3   0   1   0   2  10   1   1   8   0   0   0  20   4   0   1   0  0.88 0.37
    7 S   -1  0  2 -2 -3  0 -2 -2 -1  0  1  2  3 -1 -3  1  1 -1 -2 -1    3   4  13   0   0   3   0   1   1   4  14  14  13   2   0  11  10   1   1   4  0.18 0.16
    8 S    1  2 -1 -3 -3 -1 -2  3 -1 -2 -1  1 -2 -1 -1  1  0  0 -2 -2   15  15   1   0   0   0   0  22   2   2   6   9   0   3   2  14   5   2   0   1  0.25 0.17
    9 Y   -3  0 -1 -5 -5 -3 -4 -4  2 -2  0  0 -2  5 -5 -3 -3  1  7 -3    1   6   3   0   0   0   0   1   4   1  11   8   1  21   0   1   1   2  40   1  0.96 0.38
   10 I   -2 -5 -5 -6 -3 -5 -5 -6 -5  4  2 -5  0 -2 -4 -4 -2 -5 -3  5    3   0   0   0   0   0   0   0   0  28  22   0   1   1   1   0   1   0   1  42  0.95 0.37
   11 F   -1 -3 -4 -5 -3 -3 -4 -4 -3  3  2 -4  1  3 -4 -2 -1  4  4  2    4   1   0   0   0   0   0   1   0  22  17   0   2  11   0   2   4   5  14  15  0.49 0.24
   12 S   -1  2 -3 -3 -3 -1 -3  0 -3  0  2  0  1  4 -3  0  0  1  0  0    5  12   0   0   0   2   0   7   0   4  19   5   4  21   0   7   5   2   2   4  0.20 0.16
   13 I   -2 -5 -4 -5  0 -4 -5 -5 -5  6  2 -5  0 -1 -5 -2 -2  4 -3  2    2   0   0   0   2   0   0   1   0  56  14   0   1   1   0   4   1   7   0  10  0.98 0.38
   14 T    3 -4 -3 -3  5 -3 -3 -3 -4 -2 -3 -3 -3 -4 -3  4  2 -4  0  1   25   0   0   0  15   0   0   0   0   1   0   0   0   0   0  30  15   0   3   8  0.68 0.34
   15 L    1 -4 -4 -4  3 -3 -4 -1 -4  3  2 -3  1  2 -4 -1  0 -3 -2  2   14   0   0   0   7   0   0   4   0  16  26   0   3   8   0   5   4   0   0  13  0.32 0.19
   16 V    1 -5 -5 -5 -2 -4 -5 -4 -5  3 -1 -4 -2  1 -4 -2  1 -5 -3  5   12   0   0   0   0   0   0   1   0  20   1   0   0   7   0   3   7   0   0  49  0.80 0.36
   17 A    6 -4 -4 -5 -4 -4 -4  1 -5 -3 -4 -4 -4 -5 -4  1 -2 -6 -5 -1   76   0   0   0   0   0   0   9   0   1   0   0   0   0   0  10   1   0   0   5  1.30 0.53
   18 T    6 -4 -4 -4 -3 -4 -4 -1 -5 -2 -4 -4 -4 -5 -4  1  2 -6 -5 -1   71   0   0   0   0   0   0   3   0   1   0   0   0   0   0   7  14   0   0   3  1.21 0.51
   19 L   -4 -5 -6 -6 -1 -5 -5 -6 -5  3  5 -5  4  1 -5 -5 -2 -4 -3  1    0   0   0   0   1   0   0   0   0  15  63   0   9   4   0   0   1   0   0   6  1.08 0.41
   20 G    1 -5 -1 -5 -6 -5 -5  7 -5 -7 -7 -5 -6 -6 -5 -2 -3 -6 -6 -6    9   0   2   0   0   0   0  86   0   0   0   0   0   0   0   2   1   0   0   0  1.99 0.61
   21 G   -3 -6 -4 -5 -6 -5 -6  8 -6 -8 -7 -5 -6 -7 -6 -3 -5 -6 -7 -7    0   0   0   0   0   0   0  99   0   0   0   0   0   0   0   1   0   0   0   0  2.53 0.73
   22 L   -4 -5 -6 -6 -4 -5 -6 -6 -5  1  4 -5 -1  6 -6 -4 -4  0  0 -1    1   0   0   0   0   0   0   0   0   5  49   0   0  38   0   1   0   1   1   4  1.26 0.46
   23 L   -5 -5 -6 -7 -4 -5 -6 -7 -6  0  6 -6  2 -2 -6 -6 -4 -5 -4 -2    0   0   0   0   0   0   0   0   0   4  90   0   5   1   0   0   0   0   0   0  1.71 0.58
   24 F   -6 -7 -7 -7 -6 -5 -7 -7 -5 -4 -2 -7 -2  9 -7 -6 -6 -1  2 -5    0   0   0   0   0   0   0   0   0   0   2   0   1  91   0   0   0   0   5   0  2.75 0.77
   25 G   -3 -6 -4 -5 -6 -5 -6  8 -6 -7 -7 -5 -6 -7 -6 -4 -5 -6 -7 -7    0   0   0   0   0   0   0  99   0   0   0   0   0   0   0   0   0   0   0   0  2.53 0.73
   26 Y   -6 -6 -6 -7 -6 -6 -6 -7 -3 -3 -4 -6 -4  7 -7 -6 -5 -1  8 -5    0   0   0   0   0   0   0   0   0   1   0   0   0  37   0   0   0   0  61   0  2.45 0.73
   27 D   -5 -5 -2  8 -7 -4 -1 -5 -5 -7 -7 -4 -7 -7 -5 -2 -5 -8 -7 -7    0   0   1  96   0   0   1   0   0   0   0   0   0   0   0   2   0   0   0   0  2.63 0.78
   28 T   -2 -4 -3 -4 -4 -3 -4 -5 -5 -3 -3 -4 -2 -3 -4  3  7  5 -4 -2    1   0   0   0   0   1   0   0   0   1   1   0   1   1   0  18  66   8   0   1  1.44 0.58
   29 A    5 -4 -4 -4 -3 -4 -4  4 -4 -3 -4 -4 -4 -5 -4  1 -3 -5 -5  2   48   0   0   0   0   0   0  27   0   1   0   0   0   0   0  11   0   0   0  13  0.90 0.41
   30 V   -3 -6 -5 -7 -3 -6 -6 -7 -7  1 -3 -6 -3 -4 -6 -4 -3 -6 -5  7    1   0   0   0   0   0   0   0   0   4   0   0   0   0   0   1   0   0   0  93  1.98 0.67
   31 I   -5 -7 -7 -7 -5 -6 -7 -7 -7  8 -2 -6 -1 -4 -6 -6 -3 -6 -5  1    0   0   0   0   0   0   0   0   0  92   0   0   0   0   0   0   1   0   0   6  2.22 0.69
   32 S   -1 -4  5 -3 -4 -3 -3  1 -4 -6 -6 -3 -5 -6 -4  6 -2 -6 -5 -5    4   0  26   0   0   0   0   8   0   0   0   0   0   0   0  60   1   0   0   0  1.31 0.56
   33 G   -3 -6 -4 -5 -6 -5 -6  8 -6 -7 -7 -5 -6 -7 -6 -4 -5 -6 -7 -7    1   0   0   0   0   0   0  99   0   0   0   0   0   0   0   0   0   0   0   0  2.52 0.73
   34 T    6 -4 -4 -5 -2 -4 -4 -3 -5 -3 -4 -4 -4 -5 -4 -1  3 -6 -5 -1   73   0   0   0   1   0   0   0   0   1   0   0   0   0   0   3  19   0   0   3  1.34 0.55
   35 V   -3 -2 -1 -1 -3  0  2 -3 -3  3  0  0  0 -2 -4 -3 -1 -4 -3  3    0   0   4   4   0   5  13   1   0  23   7   7   2   1   0   0   4   0   0  29  0.38 0.24
   36 E    0 -1 -1  2 -3  1  1  1 -2 -2  0  1 -2 -3  2  0 -1 -4 -2 -2    6   2   2  13   0   6  12   9   1   2  15  11   0   1  11   7   2   0   1   1  0.18 0.13
   37 S    2 -3 -3 -3 -4  0 -3  1 -3 -3 -2 -2 -2  5  1  1 -2 -3  2 -3   19   0   0   1   0   6   0  12   0   0   3   1   0  27   8  14   1   0   7   0  0.47 0.29
   38 L   -4 -5 -6 -6 -4 -5 -5 -6 -5  5  4 -5  2  1 -5 -5 -3 -4  2  1    0   0   0   0   0   0   0   0   0  35  40   0   5   4   0   0   0   0   8   9  0.96 0.38
   39 N   -2  2  0  0 -5  5  3 -2 -2 -4 -4  3 -3 -5 -3  0  1 -5 -4 -4    1  11   3   3   0  30  17   2   0   0   0  16   0   0   0   7   9   0   0   1  0.67 0.33
   40 T    1  0  0  2 -3  2  2 -1  1 -2 -2  1 -2 -4 -1  0  1 -4 -3 -1   15   3   4  10   0  11  15   3   3   2   2  10   0   0   3   7   8   0   0   3  0.22 0.15
   41 V    0  0 -1  0 -3  1  0 -3  2 -1  1 -1 -1  2 -3 -1  0 -1  4  0    9   5   3   6   0   7   5   1   6   1  13   3   0   9   0   2   6   0  18   6  0.16 0.13
   42 F   -4 -5 -5 -5 -4 -5 -5 -5 -3 -3 -2 -5 -3  8 -5 -4 -4  6  4 -3    1   1   0   1   0   0   1   1   0   1   3   1   0  68   1   1   1  10  11   1  1.92 0.55
   43 V    0  0  0  0 -1  1  1  0  0  0  0  0  0 -1  0  0  0 -1 -1  0    5   6   5   5   1   9   9   9   3   6   7   6   3   3   3   5   4   1   2   7  0.03 0.01
   44 A    0  0  0  0 -1  0  0  0 -1  0  0  0  0  0  0  0  0 -1  0  0    8   4   4   5   1   4   5   8   2  11  12   4   2   3   4   9   8   1   2   5  0.01 0.00
   45 P    1  0  0  0 -1  0  0  0 -1 -1 -1  0 -1 -1  2  1  1 -1 -1 -1   12   4   4   5   1   3   5   8   2   4   7   4   2   3  10  10   9   1   2   5  0.07 0.01
   46 Q    0  0  1  1 -1  0  0  0  0 -1  0  0  0 -1  1  0  0  0  0 -1    8   5   6  10   1   5   6   6   2   4   9   5   2   3   6   7   7   1   3   5  0.04 0.00
   47 N    0  0  1  1 -1  0  0  1  0 -1  0  0  0  0  0  0  0  0  0  0    8   4   7   9   1   3   5  10   3   4   8   5   2   5   4   6   6   2   2   6  0.02 0.00
   48 L    0  0  0  0 -1  0  0  0  0  0  1  0  0  1  0  0  0  0  0  0    7   4   4   5   1   4   5   6   2   5  16   5   3  10   4   6   5   2   3   5  0.01 0.00
   49 S    0  0  0  0 -1  1  0  0  1 -1  0  0  0 -1  0  0  0 -1  0  0    6   4   4   7   1   9   6   8   4   4   8   4   2   3   4   9   8   1   2   6  0.04 0.01
   50 E    0  0  0  0 -1  0  1  0  0  0  0  0  0  0  0  0  0  0  1  0    8   4   3   4   1   4  11   9   2   5  12   4   3   4   4   5   4   1   6   5  0.01 0.00
   51 S    1 -2  2  1 -2 -1 -1  2  3 -2 -2 -1 -2 -2 -1  1  1 -2 -2 -2   11   1  13   9   0   2   3  15   9   2   4   1   1   1   2  12   9   0   1   2  0.20 0.11
   52 A    0 -3 -3 -3 -2 -3 -3 -3 -3  1  4 -3  2 -1 -3 -1 -1 -3 -1  0    8   1   1   1   0   1   1   2   0   6  56   1   4   1   1   4   2   0   2   6  0.51 0.23
   53 A    0 -2  2  2 -3 -1 -2  2 -1 -3 -3 -2 -3 -3 -2  4  2 -2 -3 -2    7   1   8  12   0   1   1  14   1   1   1   1   0   1   1  33  13   0   0   2  0.41 0.22
   54 N    2 -2  1  2 -3 -1  0 -1 -2 -4 -4  0 -3 -4  4  2  0 -4 -4 -2   16   0   7  11   0   1   5   2   1   0   1   4   0   0  25  18   4   0   0   2  0.52 0.25
   55 S    2 -3 -2 -3 -3 -2 -3  0 -3 -1  1 -3  0  3 -3  1  0  5 -1  0   21   0   1   0   0   1   1   8   0   3  13   0   1  16   0  12   5   9   1   7  0.30 0.19
   56 L    0 -2 -2 -2 -3  3  1  1 -2 -1  1 -2  4 -1 -2 -1  0  3 -2  0    7   1   1   1   0  15  11  10   1   2  14   1  14   1   1   3   6   4   1   7  0.19 0.17
   57 L   -2 -1 -1 -2 -3  3  1 -3  4  0  1 -1 -1 -3 -3  0  2 -4 -2  0    1   1   1   0   0  15  12   1  13   6  18   3   0   0   0   5  17   0   0   5  0.30 0.22
   58 G   -1 -5 -3 -4 -5 -4 -3  7 -5 -5 -5 -4 -5 -5 -5 -3 -4 -5 -5 -5    3   0   0   0   0   0   1  90   0   1   1   0   0   0   0   1   0   0   0   0  2.04 0.60
   59 F   -4 -5 -6 -6 -3 -2 -5 -4 -5  1  2 -5  1  5 -6 -4 -3  9 -1  0    1   0   0   0   0   2   0   1   0   7  20   0   3  30   0   0   1  27   0   6  1.32 0.45
   60 C    3 -4  0 -4  0 -3 -3 -2 -3  1 -2 -3 -1 -1 -4 -1  2 -4  0  3   28   0   5   0   2   0   1   1   0   8   2   0   1   2   0   2  16   0   4  27  0.41 0.27
   61 V   -1 -5 -3 -5 -2 -4 -5 -5 -5  2 -2 -5  4 -4 -5 -1  0 -5 -4  6    3   0   1   0   0   0   0   0   0   9   0   0  10   0   0   4   6   0   0  65  1.12 0.46
   62 A    3 -4 -3 -4 -4 -3 -3  2 -4 -5 -5 -3 -4 -5 -4  6 -1 -6 -5 -3   25   0   0   0   0   0   0  13   0   0   0   0   0   0   0  59   1   0   0   2  1.15 0.51
   63 S    1 -4  0 -3  4 -3 -3  0 -4  1 -2 -3  2 -4 -4  5 -1 -5 -4 -1   10   0   4   0   9   0   0   5   0  10   2   0   5   0   0  49   1   0   0   5  0.68 0.37
   64 A    5 -4 -5 -5 -3 -4 -4 -3 -5  2  0 -4  1 -4 -4 -2 -2 -5 -4  2   61   0   0   0   0   0   0   1   0  12   7   0   4   0   0   1   1   0   0  14  0.93 0.43
   65 L   -2 -5 -4 -5 -4 -5 -5 -6 -5  0  6 -5  3 -1 -5 -4 -2 -4 -4  0    2   0   1   1   0   0   0   0   0   3  79   0   5   2   0   0   1   0   0   4  1.28 0.47
   66 I   -2 -5 -5 -6 -4 -5 -5 -5 -5  5  3 -5 -1 -1 -4 -4 -3  4  0  2    3   0   0   0   0   0   0   1   0  36  33   0   0   1   1   0   0   6   3  15  0.86 0.35
   67 G   -3 -6 -4 -5 -6 -5 -6  8 -6 -7 -7 -5 -6 -7 -6 -3 -5 -6 -7 -7    1   0   0   0   0   0   0  98   0   0   0   0   0   0   0   0   0   0   0   0  2.48 0.71
   68 C    3 -5 -4 -5  9 -4 -5 -1 -5 -4 -4 -5 -4 -5 -5  1  3 -5 -5 -4   22   0   0   0  46   0   0   4   0   0   0   0   0   0   0  12  16   0   0   0  1.56 0.54
   69 I    3 -4 -5 -5 -3 -4 -4 -3 -5  5  1 -4  3 -1 -4 -2 -2 -5 -3  3   24   0   0   0   0   0   0   1   0  33   9   0   7   2   0   1   0   0   0  24  0.71 0.33
   70 I    0 -5 -5 -5 -2 -4 -5 -3 -5  5  2 -4 -1  1 -5 -4 -2 -4 -3  3    9   0   0   0   0   0   0   1   0  35  22   0   0   6   0   0   1   0   0  24  0.72 0.31
   71 G   -3 -6 -4 -5 -6 -5 -6  8 -6 -7 -7 -5 -6 -7 -6 -4 -5 -6 -7 -7    0   0   0   0   0   0   0  99   0   0   0   0   0   0   0   0   0   0   0   0  2.51 0.72
   72 G    6 -4 -4 -4  2 -4 -4  0 -4 -3 -4 -4 -4 -5 -4  2 -2 -5 -4  1   63   0   0   0   4   0   0   7   0   0   0   0   0   0   0  14   0   0   0  11  1.02 0.46
   73 A    2 -4 -4 -5 -3 -4 -4 -1 -4  1  3 -4  2  3 -4 -2 -2  5  0  0   22   0   0   0   0   0   0   5   0   9  29   0   5  12   0   2   1   8   2   5  0.46 0.25
   74 L    0 -4 -4 -4  0 -4 -4 -2 -4  3  2 -4  0  4 -4 -1  1 -3  0  1    8   0   0   0   2   0   0   3   0  17  16   0   2  24   0   6   9   0   1  11  0.40 0.22
   75 G    5 -4 -3 -4  1 -3 -4  3 -4 -1 -4 -3 -4 -4 -4  3 -2 -5 -5 -2   48   0   0   0   3   0   0  22   0   4   0   0   0   0   0  21   0   0   0   2  0.89 0.42
   76 G   -2 -6 -2 -3 -6 -5 -5  7 -5 -5 -7 -5 -6 -6 -4 -2 -5 -6 -6 -6    1   0   1   1   0   0   0  92   0   1   0   0   0   0   1   2   0   0   0   0  2.18 0.65
   77 Y   -2  3 -2 -3 -4 -1 -2 -3 -2  1 -2  2 -1  2  1 -1 -1  5  2 -1    3  23   1   0   0   1   1   1   1  10   2  12   1   8   8   5   4   8   7   4  0.32 0.20
   78 C   -3 -5 -5 -5  1 -4 -5 -5 -5  2  4 -4  3  1  3 -3 -3 -1 -3  0    1   0   0   0   3   0   0   0   0  11  50   0   7   5  13   2   0   1   0   6  0.76 0.34
   79 S    5 -4 -3 -4  0 -3 -3  0 -4 -4 -5 -3 -4 -5 -4  4  1 -6 -5 -3   49   0   0   0   2   0   0   5   0   0   0   0   0   0   0  36   8   0   0   1  1.04 0.48
   80 N   -4 -4  1  7 -6 -1  0 -3 -3 -3 -5 -1 -5 -6 -5  0 -2 -7 -6 -6    1   0   6  72   0   2   4   1   0   1   1   3   0   0   0   5   2   0   0   0  1.58 0.55
   81 R   -1  6 -1 -4 -4  0 -2 -4  0 -2 -3  4 -3 -5 -4 -1 -3 -1 -1 -2    4  52   2   0   0   2   0   1   2   2   2  22   0   0   0   4   1   1   2   2  1.03 0.43
   82 F   -4 -5 -5 -6 -3 -4 -5 -5 -2  3  2 -5 -1  5 -6 -4 -4  5  5 -1    0   0   0   0   0   0   0   0   0  19  22   0   1  28   0   0   0   7  19   3  0.99 0.38
   83 G   -3 -6 -4 -5 -6 -6 -6  8 -6 -8 -8 -5 -6 -7 -6 -3 -5 -6 -7 -7    0   0   0   0   0   0   0  99   0   0   0   0   0   0   0   1   0   0   0   0  2.55 0.74
   84 R   -5  9 -4 -6 -8 -3 -4 -5 -4 -7 -6 -2 -5 -7 -6 -4 -5 -7 -6 -7    0  99   0   0   0   0   0   0   0   0   0   0   0   0   0   0   0   0   0   0  2.77 0.83
   85 R   -4  5 -3 -4 -6 -2 -3 -5 -4  0 -3  6 -4 -5 -4 -3 -3 -3 -5 -1    0  33   0   0   0   0   0   0   0   6   2  53   0   0   0   0   1   0   0   4  1.31 0.52
   86 D   -1  4  2 -1 -5 -1 -2 -2 -3 -3 -3  4 -2 -4  2 -1 -1  0 -2 -3    4  21   9   2   0   1   0   3   0   1   2  33   1   0  12   3   3   1   1   1  0.55 0.29
   87 S    1 -3 -2 -4  0 -3 -3 -1 -4  1  1 -3  1 -3 -2  1  3 -4 -3  3   10   0   1   0   2   0   0   5   0   6  14   0   4   0   2  13  20   0   0  24  0.32 0.22
   88 L   -4 -5 -6 -6 -4 -4 -6 -6 -5  1  5 -5  6 -3 -6 -5 -3 -5 -4 -1    0   0   0   0   0   0   0   0   0   7  64   0  25   0   0   0   1   0   0   2  1.41 0.51
   89 K   -2  0 -4 -4 -3  0 -3 -4 -4  4  3 -1  3  2 -4 -3 -2 -2 -1  1    2   4   0   0   0   5   0   0   0  24  27   5  10  10   0   1   1   0   1   8  0.45 0.24
   90 I    0 -4 -5 -5 -2 -4 -4 -3 -4  4  3 -4  0  1 -4 -3 -1  4 -2  2    8   0   0   0   0   0   0   2   0  28  27   0   2   6   0   1   2   7   0  17  0.60 0.27
   91 A    4 -4 -3 -3 -1 -3 -3  0 -4  2 -2 -3  0 -4 -3  3  0 -5 -4 -1   46   0   0   1   1   0   0   6   0  12   2   0   2   0   0  20   6   0   0   2  0.62 0.34
   92 A    6 -4 -4 -4 -4 -4 -4  2 -4 -4 -5 -4 -4 -5 -4  2 -2 -5 -5 -3   68   0   0   0   0   0   0  17   0   0   0   0   0   0   0  13   1   0   0   1  1.23 0.50
   93 V    1 -4 -4 -5 -2 -4 -4 -3 -5  4  2 -4  0  1 -4 -2 -1 -4 -3  4   10   0   0   0   0   0   0   2   0  24  18   0   1   6   0   2   2   0   0  34  0.60 0.28
   94 L   -2 -5 -6 -6  1 -5 -5 -6 -5  2  5 -5  2  1 -5 -4 -3 -4 -3  0    2   0   0   0   3   0   0   0   0  12  68   0   3   5   0   0   1   0   0   5  1.07 0.41
   95 F   -6 -6 -6 -7 -6 -6 -6 -6 -4 -4 -2 -6 -2  9 -7 -6 -5 -2  4 -4    0   0   0   0   0   0   0   0   0   0   2   0   0  83   0   0   0   0  12   0  2.51 0.72
   96 F    0 -4 -3 -4 -1 -3 -4 -2 -4  2  2 -3  0  4 -4  0  2 -3 -1  1   10   0   0   0   1   0   0   3   0  15  20   0   1  21   0   6  14   0   0   8  0.38 0.23
   97 I    0 -5 -5 -5  0 -4 -5 -4 -5  5  2 -4 -1  0 -4 -3 -2 -3 -3  4    8   0   0   0   1   0   0   1   0  34  16   0   0   3   0   1   2   0   0  33  0.76 0.32
   98 S   -1 -4 -3 -4 -1 -3 -4  3 -4 -5 -6 -3 -5 -5 -4  6 -1 -6 -5 -5    3   0   0   0   1   0   0  18   0   0   0   0   0   0   0  73   2   0   0   0  1.41 0.58
   99 G    6 -4 -4 -4 -3 -3 -4  0 -4 -4 -4 -3 -4 -5 -4  2 -1 -5 -5 -2   71   0   0   0   0   0   0   6   0   0   0   0   0   0   0  17   2   0   0   2  1.24 0.51
  100 V   -2 -4 -5 -5 -3 -4 -5 -5 -5  4  4 -4  0  1 -5 -4 -3  4  0  3    2   0   0   0   0   0   0   1   0  24  39   0   1   6   0   0   0   6   2  18  0.77 0.31
  101 G   -1 -5 -3 -4 -4 -4 -5  7 -5 -3 -2 -4 -2 -3 -5 -2 -3  2 -5 -3    5   0   0   0   0   0   0  77   0   2   4   0   1   1   0   1   1   3   0   2  1.51 0.50
  102 S    1 -4 -2 -3  5 -2 -3 -3 -4 -4 -3 -3  2 -5 -4  5  3 -5 -4 -3    8   0   0   0  13   1   1   1   0   0   1   0   5   0   0  48  20   0   0   1  0.94 0.44
  103 A    5 -4 -3 -4 -3 -3 -3  4 -4 -4 -4 -3  1 -4 -3 -1 -3 -2 -1 -3   58   0   0   0   0   0   0  28   0   0   1   0   4   0   0   1   0   1   3   0  1.03 0.42
  104 W    0 -1 -1 -1 -1 -1 -1 -1 -1  0  1 -1  0  3 -1 -1 -1  3  2  0   12   3   2   3   2   2   3   4   1   4  13   3   2  16   3   4   4   4   9   4  0.09 0.04
  105 P    0 -1 -1  0 -1  0  0 -1 -1 -1 -1  0 -1  0  4  0  0 -1 -1  0    8   4   3   4   1   3   4   5   2   4   6   4   2   4  23   8   6   1   2   6  0.22 0.03
  106 E    0  0  0  1 -1  1  2  0  0 -1 -1  0  0 -1  1  0  0 -1  0 -1    6   4   3   6   1   5  18   6   2   4   7   4   2   3   7   7   5   1   3   5  0.07 0.01
  107 L    0  0  0  0 -1  0  0  0  0  0  0  0  0  1  0  0  0  0  0  0    7   4   4   5   2   4   5   6   2   5  10   5   2  10   4   8   7   1   3   6  0.01 0.00
  108 G    0  0  0  0 -1  0  0  0  0  0  0  0  0  0  1  0  0  0  0  0    7   4   4   4   2   3   5   9   2   5  14   5   2   7   6   7   6   1   3   6  0.01 0.00
  109 F    0  0  0  0 -1  0  0  0  0  0  0  0  0  1  0  0  0  1  0  0    8   4   4   5   2   3   5   7   2   5  10   5   2  11   5   7   6   2   3   6  0.01 0.00
  110 T    0  0  0  0 -1  0  0  0  0  0  0  0  0  1  0  0  0  0  0  0    8   4   4   5   2   3   6   8   2   4  10   5   2   9   4   6   7   1   3   6  0.01 0.00
  111 S    0  0  0  0 -1  0  0  0  0  0  0  0  0  0  1  0  0  0  0  0    7   4   5   6   2   4   7   6   2   4  11   5   2   4   7   7   7   1   3   8  0.02 0.07
  112 I    0  0  0  0 -1  0  0  0  0  0  0  0  0  0  0  0  0  0  0  0    8   5   4   5   2   4   5   7   2  10   9   6   2   3   5   6   6   1   5   6  0.00 0.07
  113 N    0  0  0  0 -1  0  0  1  0  0  0  0  0  0  0  0  0  0  0  0    8   4   5   5   2   3   5  15   2   6   8   5   2   5   4   6   5   1   3   6  0.02 0.00
  114 P    0  0  0  0 -1  0  1  0  0 -1  0  0  0 -1  1  0  0  0  0  0   11   5   4   5   2   4   9   8   2   4   8   5   2   3   6   7   5   1   3   6  0.03 0.00
  115 D    0  0  0  0 -1  0  0  0  0  0  0  0  0 -1  1  0  0  0  0  0    8   7   4   7   2   3   5   7   2   5   8   5   2   3   8   7   7   1   3   6  0.03 0.00
  116 N    0  0  0  0 -1  0  0  0  0  0  0  0  0  0  0  1  0  0  0  0    7   4   6   5   2   4   5   8   2   7   8   5   2   4   5  10   7   1   3   5  0.02 0.00
  117 T    0  0  0  0 -1  0  0  0  0  0  0  0  0  0  0  0  0  1  0  0   10   4   4   5   2   3   5   7   2   7   9   5   3   4   5   6   7   2   4   7  0.01 0.07
  118 V    0  0  0  0  0  0  0  0  0  0  0  0  0  0  0  0  0  0  0  0    7   5   4   5   2   4   6   9   2   6  10   5   2   4   5   7   7   1   3   8  0.01 0.04
  119 P    0  0  0  0 -1  0  0  0  0  0  0  0  0  0  1  0  0  0  0  0    7   4   5   5   2   4   5   9   2   5  10   5   2   4   6   7   7   1   3   7  0.02 0.05
  120 V    0  0  0  0  0  0  0  0  0  0  0  0  0  0  0  0  0  0  0  0    9   5   4   5   2   4   6   7   2   6  10   5   2   3   5   8   5   1   3   8  0.01 0.04
  121 Y    0  0  0  0 -1  0  0  0  0  0  0  0  0  0  0  0  0  0  0  0    8   4   4   5   2   4   5   9   2   5   8   5   2   4   4   9   8   1   5   6  0.02 0.00
  122 L   -1 -2 -2 -2 -1 -2 -2 -2 -2  2  3 -2  2  0 -2 -1 -1 -2 -1  1    4   2   2   2   1   2   2   4   1  13  39   2   5   4   2   4   2   0   2   8  0.24 0.10
  123 A    5 -2 -2 -2  1 -2 -2 -1 -3 -2 -3 -2 -2 -3 -1  2 -1 -3 -3 -1   55   1   1   2   2   1   1   4   0   2   2   1   0   1   2  15   3   0   1   4  0.65 0.28
  124 G    0 -2  1  1 -3  0 -1  0  1 -1 -2 -2 -1  2  3  0  1  2 -1 -2    6   1   7   7   0   5   2   9   5   3   2   1   2  10  17   9   8   3   2   2  0.21 0.13
  125 Y    0 -3  3  3 -3 -1  0  0 -1 -3 -2 -2 -3 -3 -2  3  2 -4 -1 -3    6   0  13  18   0   1   3   7   1   1   4   0   0   1   1  25  16   0   2   1  0.39 0.23
  126 V   -1 -3 -4 -4 -3 -3 -4 -4 -2  1  1 -4  0  5  1 -1 -1  4  0  2    4   1   0   0   0   0   0   1   1   9  15   0   1  25   6   7   2   6   1  20  0.45 0.23
  127 P    0 -2  0 -1 -3 -1  0 -1 -1  0 -1 -2  0 -1  1  0  2  7  2  0    6   1   6   3   0   1   6   5   1   6   5   1   2   2   6   8  13  16   6   6  0.31 0.18
  128 E    0 -2 -1  2 -3  0  0 -2 -1  1  0 -2  1  0 -1  0  1  4 -1  1    6   0   1  13   0   3   7   2   2   9   7   0   6   4   2   9   9   7   1  11  0.14 0.13
  129 F   -5 -5 -6 -6 -5 -5 -6 -5 -5 -2  4 -5  1  7 -6 -5 -4 -3  0 -2    0   0   0   0   0   0   0   1   0   0  41   0   3  51   0   0   0   0   2   1  1.52 0.51
  130 V    0 -4  1 -4 -1 -3 -4 -4 -4  4  1 -4  2 -2 -4  0 -1 -4 -3  4    7   0   7   0   1   0   0   1   0  30   9   0   5   0   0   6   2   0   0  30  0.55 0.28
  131 I    1 -4 -4 -5 -2 -4 -4 -3 -4  4  2 -4  0  3 -4 -3 -2 -1 -2  3   12   0   0   0   1   0   0   1   0  27  17   0   2  16   0   1   2   1   0  19  0.55 0.26
  132 Y    1 -4 -4 -5 -2 -4 -5 -1 -3 -3 -2 -4 -2  5 -5  0 -3  7  5 -3   13   0   0   0   1   0   0   5   0   0   2   0   1  28   0   7   1  17  23   1  1.14 0.42
  133 R   -5  9 -4 -5 -7 -3 -4 -6 -3 -6 -6 -2 -5 -6 -6 -4 -5 -6 -5 -6    0  96   0   0   0   0   0   0   0   0   0   0   0   0   0   0   0   0   0   0  2.63 0.78
  134 I   -3 -5 -5 -5 -2 -5 -5 -5 -5  5  2 -5  2  4 -5 -4 -3 -3 -2  3    1   0   0   0   1   0   0   0   0  38  15   0   5  21   0   1   0   0   0  17  0.89 0.35
  135 I   -2 -5 -5 -5 -3 -4 -4 -5 -5  5  3 -5  0  0 -5 -4 -3 -4 -3  3    2   0   0   0   0   0   1   0   0  41  24   0   2   3   0   0   1   0   0  24  0.93 0.35
  136 G   -1 -5 -3 -2 -3 -4 -4  7 -5 -4  0 -4 -4 -5 -5 -2 -4 -5 -5 -3    5   0   0   2   1   0   1  75   0   1  10   0   0   0   0   3   0   0   0   2  1.44 0.49
  137 G   -3 -5 -4 -5 -6 -5 -5  8 -5 -7 -7 -5 -6 -6 -5 -4 -5 -6 -6 -6    0   0   0   0   0   0   0  97   0   0   0   0   0   0   0   0   0   0   0   0  2.44 0.70
  138 I   -3 -5 -5 -5 -3 -4 -5 -5 -5  4  4 -5  1  2 -5 -4 -2 -4 -3  3    1   0   0   0   0   0   0   0   0  30  35   0   2   8   0   0   1   0   0  20  0.84 0.33
  139 G    4 -5 -4 -4 -4 -4 -4  6 -5 -5 -5 -4 -5 -6 -4 -3 -4 -5 -5 -5   37   0   0   0   0   0   0  60   0   0   0   0   0   0   0   0   0   0   0   0  1.54 0.53
  140 V   -3 -5 -6 -6 -4 -5 -5 -6 -6  6 -2 -5  0 -3 -5 -5 -3 -5 -4  6    0   0   0   0   0   0   0   0   0  40   1   0   1   0   0   0   0   0   0  56  1.52 0.52
  141 G   -3 -6 -4 -5 -6 -5 -5  8 -5 -7 -7 -5 -6 -6 -5 -4 -5 -6 -6 -6    0   0   0   0   0   0   0  97   0   0   0   0   0   0   0   0   0   0   0   0  2.45 0.70
  142 L    2 -4 -4 -4 -2 -3 -4 -1 -4  3  2 -4  4  1 -4 -2 -2 -4 -3  2   20   0   0   0   1   0   0   6   0  19  20   0  12   5   0   1   1   0   0  14  0.44 0.24
  143 A    6 -4 -4 -4 -3 -4 -3 -2 -4 -3 -4 -4 -4 -5 -4  3 -1 -5 -5  0   69   0   0   0   0   0   0   1   0   0   0   0   0   0   0  20   2   0   0   5  1.23 0.51
  144 S   -1 -4 -3 -4 -2 -4 -4 -2 -4 -6 -5 -4 -5 -6 -4  7  1 -6 -5 -5    4   0   0   0   1   0   0   2   0   0   1   0   0   0   0  87   6   0   0   0  1.76 0.68
  145 M    1 -4 -1 -4 -3 -4 -4 -3 -4  2 -1 -4  3 -1 -4 -1  1 -5 -3  5   15   0   3   0   0   0   0   2   0  10   4   0   8   3   0   4   9   0   1  42  0.56 0.30
  146 L    0 -5 -4 -5 -1 -4 -5 -5 -5  4  3 -4  2 -3 -5 -3 -1 -5 -4  4    9   0   1   0   1   0   0   0   0  31  25   0   4   0   0   1   3   0   0  26  0.76 0.33
  147 S    4 -4 -3 -4  3 -3 -3  1 -4 -1 -4 -3 -3 -5 -4  4  0 -5 -4  1   35   0   0   0   6   0   0  10   0   3   0   0   0   0   0  31   5   0   0  11  0.70 0.37
  148 P   -5 -6 -6 -6 -7 -6 -5 -6 -6 -4 -7 -5 -7 -8  9 -5 -4 -8 -7 -3    0   0   0   0   0   0   0   0   0   1   0   0   0   0  96   0   1   0   0   2  3.17 0.89
  149 M    2 -4 -5 -5 -4 -4 -4 -5 -5  1  3 -4  7 -3 -5 -3  2 -5 -4  0   22   0   0   0   0   0   0   0   0   7  23   0  28   0   0   0  14   0   0   5  0.83 0.40
  150 Y   -6 -6 -7 -8 -7 -6 -7 -8 -3 -6 -5 -6 -5 -1 -8 -6 -6 -2 10 -6    0   0   0   0   0   0   0   0   0   0   0   0   0   0   0   0   0   0 100   0  3.49 0.98
  151 I   -5 -6 -4 -7 -5 -6 -6 -7 -6  7  1 -6  3 -3 -6 -5 -2 -6 -5  0    0   0   1   0   0   0   0   0   0  77  11   0   7   0   0   0   2   0   0   2  1.75 0.59
  152 A    5 -4 -4 -4 -4 -4 -4 -1 -5 -5 -5 -4 -4 -6 -4  5  0 -6 -5 -4   53   0   0   0   0   0   0   3   0   0   0   0   0   0   0  40   4   0   0   0  1.29 0.55
  153 E   -5 -4 -4 -2 -8 -2  8 -6 -4 -7 -7 -3 -6 -7 -5 -4 -5 -7 -6 -7    0   0   0   0   0   0 100   0   0   0   0   0   0   0   0   0   0   0   0   0  2.63 0.85
  154 L   -3 -5 -6 -6  0 -5 -6 -6 -6  6  1 -5  3 -2 -5 -5 -1 -5 -4  4    1   0   0   0   2   0   0   0   0  47  10   0   7   1   0   0   2   0   0  31  1.16 0.43
  155 A    6 -4 -4 -4 -4 -4 -4 -3 -5 -5 -5 -4 -4 -6 -4  5 -1 -6 -5 -3   58   0   0   0   0   0   0   0   0   0   0   0   0   0   0  38   3   0   0   0  1.40 0.58
  156 P   -4 -6 -5 -6 -7 -5 -5 -6 -4 -5 -6 -5 -4 -8  9 -4 -4 -8 -7 -2    1   0   0   0   0   0   0   0   0   1   0   0   1   0  92   1   1   0   0   3  2.93 0.84
  157 A    5 -1 -4 -4 -4 -3 -3 -3 -4 -4 -5  1 -4 -5  4  1  0 -6 -5 -3   53   4   0   0   0   0   1   0   0   0   0   8   0   0  18  11   5   0   0   1  0.92 0.43
  158 H    1  2  1  2 -4  1  1 -2  4 -4 -4  2 -3 -4 -2  1 -2 -5 -3 -4   12  13   8  13   0   4   9   2  11   0   0  16   0   0   1   9   0   0   0   0  0.42 0.23
  159 I   -3 -1 -1 -3 -3 -2 -3 -5  0  4  1  1  2  0 -4 -2 -2  3  3  1    0   3   3   1   0   1   0   0   2  29   8  10   7   4   0   3   1   4  13  10  0.38 0.23
  160 R   -6  9 -5 -6 -8 -3 -4 -7 -4 -7 -6 -2 -6 -7 -6 -5 -5 -7 -6 -7    0 100   0   0   0   0   0   0   0   0   0   0   0   0   0   0   0   0   0   0  2.89 0.87
  161 G   -4 -6 -4 -5 -7 -6 -6  8 -6 -8 -8 -5 -7 -7 -6 -4 -5 -6 -7 -7    0   0   0   0   0   0   0 100   0   0   0   0   0   0   0   0   0   0   0   0  2.64 0.77
  162 K    0  6 -3 -4 -5  0 -3 -2 -3 -4 -3  2  1 -3 -4 -1  1 -5 -4 -3    6  54   0   0   0   2   0   2   0   0   1  14   3   1   0   5   9   0   0   1  1.01 0.43
  163 L   -1 -5 -4 -6 -4 -5 -6 -6 -5 -1  6 -5  4  1 -6 -5 -2 -4 -4 -1    7   0   1   0   0   0   0   0   0   1  72   0  11   5   0   0   2   0   0   2  1.22 0.48
  164 V    1 -5 -4 -5 -4 -4 -4  2 -5  0 -1 -4 -2 -4 -5  1  0 -5 -4  5    9   0   0   0   0   0   0  15   0   1   5   0   0   0   0  11   5   0   0  53  0.78 0.39
  165 S    2 -4 -3 -4 -4 -3 -4  2 -4 -5 -5 -3 -4 -3 -4  6  2 -6 -3 -4   16   0   0   0   0   0   0  13   0   0   0   0   0   1   0  57  13   0   1   0  1.08 0.50
  166 F   -3 -5 -5 -6  1 -3 -5 -4 -5  2  4 -5  5  3 -5 -3 -3  2 -1  0    1   0   0   0   3   1   0   1   0   9  47   0  14  13   0   2   1   3   1   5  0.80 0.34
  167 N   -4 -3  5 -3 -6  5 -2 -5 -2 -5 -4 -3 -3  3 -5 -3 -3  0  5 -3    0   0  31   0   0  28   1   0   0   0   0   0   0  13   0   0   0   1  22   2  1.23 0.53
  168 Q   -4 -3 -1 -3 -7  9 -2 -6 -4 -7 -6 -3 -3 -7 -6 -3 -4 -6 -6 -6    1   0   3   1   0  93   1   0   0   0   0   0   0   0   0   1   0   0   0   0  2.65 0.88
  169 F   -2 -5 -6 -6 -4 -3 -6 -6 -5  1  5 -5  2  5 -6 -5 -4 -3 -2  0    3   0   0   0   0   1   0   0   0   5  52   0   5  29   0   0   0   0   0   6  1.12 0.43
  170 A    5 -4  3 -4 -1 -2 -4 -2 -4 -3 -1 -3  4 -1 -4  0  1 -3 -3 -3   49   0  14   0   1   1   0   2   0   0   4   0  14   2   0   5   8   0   0   0  0.74 0.40
  171 I   -4 -6 -4 -6 -2 -6 -6 -7 -6  7  0 -6 -1 -2 -6 -5 -1 -6 -4  3    1   0   1   0   1   0   0   0   0  71   4   0   1   1   0   0   3   0   0  17  1.58 0.54
  172 I   -2 -5 -5 -6 -3 -5 -5 -4 -6  3 -2 -5  2 -4 -5 -3  3 -6 -4  6    2   0   0   0   0   0   0   1   0  16   1   0   5   0   0   0  19   0   0  55  1.12 0.47
  173 F   -2 -4 -4 -4 -2 -4 -4 -1 -4  3  2 -4 -1  4 -4  0  2 -3 -2  2    2   0   0   0   1   0   0   6   0  20  19   0   0  21   0   7  12   0   0  12  0.45 0.26
  174 G   -4 -6 -4 -5 -6 -6 -6  8 -6 -8 -8 -5 -7 -7 -6 -3 -5 -6 -7 -7    0   0   0   0   0   0   0  99   0   0   0   0   0   0   0   1   0   0   0   0  2.56 0.75
  175 Q   -4 -5 -5 -6 -4  3 -5 -6 -5  7  0 -5  3  1 -6 -5 -4 -5 -4  0    1   0   0   0   0  14   0   0   0  61   8   0   6   6   0   0   0   0   0   3  1.25 0.49
  176 L   -1 -5 -5 -6 -2 -5 -5 -5 -5 -1  5 -5  0  5 -5 -2  0 -4 -2  0    4   0   0   0   1   0   0   0   0   2  55   0   1  22   0   2   6   0   0   6  0.92 0.39
  177 L    1 -4 -4 -5 -1 -4 -4  0 -4  3  2 -4  2 -2 -4 -2 -1 -4 -3  3   13   0   0   0   1   0   0   9   0  17  24   0   4   1   0   2   3   0   0  25  0.45 0.25
  178 V    5 -4 -4 -5 -3 -4 -4 -3 -5  0 -4 -4 -3 -5 -4  2  0 -6 -4  3   55   0   0   0   0   0   0   1   0   4   0   0   0   0   0  15   5   0   0  21  0.95 0.45
  179 Y   -4 -5 -2 -6 -6  2 -5 -6 -3 -4  1 -5 -3  5 -6 -5 -4 -2  8 -4    1   0   2   0   0  12   0   0   0   0  12   0   0  26   0   0   0   0  48   0  1.60 0.57
  180 C   -2 -5 -5 -6  0 -5 -5 -4 -4  3  4 -5  0  4 -5 -4 -2 -2  0  2    3   0   0   0   2   0   0   1   0  16  41   0   1  18   0   1   2   0   3  12  0.73 0.31
  181 V    0 -4 -3 -4 -1 -3 -4 -4 -5  2 -2 -4 -2 -1 -4  4  1 -5 -4  5    7   0   0   0   1   0   0   1   0   9   1   0   0   2   0  30   6   0   0  43  0.77 0.40
  182 N   -4 -4  8  2 -7 -4 -4 -4 -3 -7 -7 -4 -6 -7 -6 -2 -2 -8 -6 -7    1   0  84  12   0   0   0   1   0   0   0   0   0   0   0   1   2   0   0   0  2.34 0.75
  183 Y    1 -5 -4 -5 -5 -4 -5 -5 -3 -4 -1 -4 -2  3 -6 -4 -4  6  8 -4   13   0   0   0   0   0   0   0   0   0   7   0   1  12   0   1   1  12  52   0  1.61 0.57
  184 F    1 -3 -4 -4 -2 -1 -3  0 -3  1  3 -2  1  2 -4 -2 -2  1  1  1   13   0   0   0   1   4   0   8   0   6  34   2   2  11   0   2   2   2   5   9  0.29 0.20
  185 I   -4 -6 -6 -6 -4 -5 -6 -7 -6  6  3 -6 -1  3 -6 -5 -3 -2 -3  1    0   0   0   0   0   0   0   0   0  51  30   0   1  12   0   0   0   1   0   4  1.24 0.45
  186 A    4 -1 -2 -3 -3  1 -3  1 -2 -3  0 -1 -2 -4 -3  1 -1 -4 -3  0   46   3   1   0   0   7   0  11   1   1  10   3   0   0   0  10   2   0   0   5  0.48 0.29
  187 R   -1  1  3  2 -4  1  0  2  1 -3 -2  1 -3 -3 -2  1  0 -1 -2 -3    4   9  16  10   0   5   6  17   4   1   4   7   0   1   1  10   4   1   0   1  0.25 0.15
  188 S    1 -2 -1 -1 -2 -1 -1  2  0  0  0 -2  1  0  1  1  0  0  1  0   13   0   2   2   0   3   2  15   2   6   8   1   5   4   5  15   6   1   5   4  0.09 0.09
  189 G    3 -2 -1 -1 -2 -1 -1  3  1 -1 -1 -2  2 -2 -2  0 -1 -3 -2  0   29   1   3   3   1   3   2  22   4   4   4   1   8   1   1   7   2   0   1   5  0.27 0.17
  190 D    0 -1  0  2 -2 -1  1  2  0 -3 -2 -1 -2 -2  1  2  1 -3 -2 -2    8   2   3  14   0   2   7  20   2   1   3   1   0   1   7  15   9   0   1   3  0.25 0.13
  191 A    1 -1  0  2 -2  0  1  2  0 -2 -2 -1 -2 -2  0  1  0 -1 -1 -1   12   1   5  11   0   4  13  15   3   2   3   1   1   1   5  10   5   1   2   4  0.15 0.08
  192 S    2 -1  0  1 -2  0  1 -1 -1 -2 -1 -1 -1 -2  0  2  1 -2 -2 -1   20   1   4   8   0   4   9   3   1   1   6   2   2   2   4  22   6   0   1   3  0.18 0.12
  193 W   -2 -3 -2 -3 -3 -1 -2 -2 -2 -2 -1 -3 -1  0 -3 -3 -2 11  0 -1    4   2   2   2   1   3   3   3   1   3   7   2   2   3   2   2   2  52   2   5  1.70 0.39
  194 L   -1 -1  2 -1 -2 -1 -2  0 -2  1  2 -2  1  2 -2 -1  0  2 -1  0    4   3  13   3   1   2   2   6   1   7  28   1   5   9   2   5   4   3   1   3  0.13 0.10
  195 N   -1 -2  1 -1 -3 -1 -2  4  0  1 -1 -2 -1 -3 -2 -1 -1 -3 -3  2    2   1   8   4   0   3   2  36   2   9   4   1   1   1   2   2   3   0   1  17  0.35 0.17
  196 T    0 -1  0  1 -2  1  1 -2  0  0  0 -1  0  0 -1  1  1 -1  0 -1    7   1   4  10   0   9  11   2   2   5  12   1   3   4   2  10   9   1   5   3  0.07 0.07
  197 D    0 -1  0  1 -3  0  3 -3  0  0 -1 -1  1 -1  0  0  2  0 -1  0    6   1   5   7   0   4  27   1   2   5   3   1   6   2   3   4  14   1   2   6  0.20 0.16
  198 G    4 -4 -2 -2 -1 -3 -2  5 -3 -3 -3 -3 -3 -4 -2 -1 -1 -4 -3 -1   34   0   1   2   1   1   3  40   1   1   1   0   0   0   2   3   4   0   0   5  0.73 0.31
  199 W   -8 -6 -9 -9 -7 -7 -8 -8 -7 -8 -7 -8 -6 -4 -9 -8 -7 13 -3 -8    0   0   0   0   0   0   0   0   0   0   0   0   0   0   0   0   0 100   0   0  5.11 1.22
  200 R   -5  8 -4 -5 -4  1 -4 -6 -2 -7 -6 -1 -5 -7 -5 -4 -5 -7 -6 -7    0  92   0   0   0   5   0   0   1   0   0   1   0   0   0   0   0   0   0   0  2.50 0.78
  201 Y   -5 -4 -6 -8 -4 -6 -7 -1 -5 -3 -3 -6 -1 -1 -4 -4 -5 12  4 -2    1   1   0   0   0   0   0   6   0   2   3   0   1   1   1   1   0  68  11   3  2.95 0.82
  202 M   -5 -6 -7 -8 -6 -3 -6 -7 -6 -2 -2 -4 11 -4 -7 -5 -5 -6 -5 -4    0   0   0   0   0   1   0   0   0   2   0   1  95   0   0   1   0   0   0   0  3.40 1.00
  203 F   -5 -6 -6 -7 -5 -6 -6 -7 -5  0  4 -6  1  7 -4 -6 -5 -3 -1 -2    0   0   0   0   0   0   0   0   0   4  46   0   3  45   1   0   0   0   1   1  1.47 0.52
  204 A    1 -5 -4 -5 -5 -4 -5  5 -5 -3  0 -5  0 -2 -5 -3 -4  7 -2 -2   14   0   0   0   0   0   0  51   0   1  11   0   3   1   0   1   0  15   1   2  1.14 0.44
  205 S    2 -4 -3 -4 -2 -3 -3 -3 -4  2  1 -3  3  0 -4  2  0 -4 -2  3   18   0   0   0   0   0   0   0   0   9  12   0   7   4   0  21   5   0   1  23  0.39 0.26
  206 E    2 -3 -3 -2 -1  2  5  3 -3 -4 -4 -3  3 -5 -2 -2 -3 -5 -5 -3   16   0   0   0   1   8  40  21   0   0   1   0   9   0   2   1   1   0   0   1  0.77 0.40
  207 C    4 -4 -4 -4  1 -3 -4 -1 -4  1  1 -4  2 -1 -4 -1  0 -4 -3  3   40   0   0   0   3   0   0   3   0   6  11   0   6   3   0   3   6   0   0  21  0.51 0.30
  208 I   -2 -5 -6 -6 -3 -5 -5 -6 -6  5  2 -5 -1  1 -2 -5 -3 -5 -3  5    3   0   0   0   0   0   0   0   0  36  14   0   0   5   3   0   0   0   0  38  1.01 0.40
  209 P   -5 -6 -6 -6 -7 -6 -5 -7 -7 -3 -7 -5 -7 -8  9 -5 -5 -8 -7 -5    0   0   0   0   0   0   0   0   0   2   0   0   0   0  97   0   0   0   0   1  3.24 0.91
  210 A    6 -5 -4 -5  3 -4 -4 -1 -5 -5 -5 -4 -4 -6 -4  2 -3 -6 -5 -2   73   0   0   0   6   0   0   4   0   0   0   0   0   0   0  15   0   0   0   1  1.40 0.57
  211 L    2 -4 -4 -5 -1 -4 -4 -1 -4  3  3 -4  0  0 -4 -2 -1 -4 -3  3   20   0   0   0   1   0   0   6   0  14  26   0   1   4   0   1   3   0   0  24  0.47 0.26
  212 L    0 -5 -5 -6 -3 -5 -5 -4 -5  4  4 -5  0  0 -4 -4 -2 -4 -3  2    8   0   0   0   0   0   0   1   0  26  43   0   2   3   1   0   1   0   0  16  0.81 0.34
  213 F   -5 -6 -6 -7 -6 -5 -6 -7 -4 -3  1 -6  2  8 -7 -6 -5 -1  6 -4    0   0   0   0   0   0   0   0   0   0  14   0   4  57   0   0   0   0  24   0  1.86 0.60
  214 L   -1 -5 -4 -5  1 -4 -5  2 -4 -1  3 -4  0  5 -5 -3  0 -1 -1 -1    6   0   0   0   3   0   0  16   0   2  31   0   2  31   0   1   5   1   0   2  0.67 0.32
  215 M    0 -5 -5 -5 -2 -4 -5 -3 -5  4  3 -4  1  2 -5 -3 -2 -2 -3  3    7   0   0   0   1   0   0   2   0  23  32   0   2   8   0   1   1   1   0  23  0.66 0.30
  216 L    0 -4 -4 -5  0 -4 -4  2 -4  1  4 -4  3  1 -5 -2 -2 -3 -3 -1    9   0   0   0   2   0   0  19   0   6  44   0   7   6   0   2   2   0   0   3  0.55 0.29
  217 L    1 -4 -4 -5  0 -3 -4 -2 -4  2  3 -4  4 -2 -4  0  0 -4 -3  2   15   0   0   0   1   0   0   2   0  11  33   0  12   0   0   7   6   0   0  13  0.47 0.26
  218 Y   -2 -3 -5 -6  0 -4 -5 -5 -3  1  3 -5  1  6 -3 -3 -2 -1  1 -1    3   1   0   0   2   0   0   0   0   7  34   0   3  38   1   2   2   1   4   2  0.87 0.36
  219 T   -1  0 -3 -4 -3 -3 -4 -2 -4  1  0 -1  0  6 -3 -2  2  1  0  0    5   6   0   0   0   1   0   4   0   8   9   4   2  38   1   3  13   1   1   5  0.51 0.28
  220 V   -1 -5 -6 -6 -4 -4 -5 -6 -6  5  2 -5  3 -2 -5 -4 -3 -5 -4  4    4   0   0   0   0   0   0   0   0  42  17   0   8   1   0   0   0   0   0  27  1.03 0.40
  221 P   -5 -6 -6 -6 -7 -6 -5 -5 -7 -7 -7 -5 -7 -8  9 -4 -5 -8 -7 -7    0   0   0   0   0   0   0   0   0   0   0   0   0   0  98   0   0   0   0   0  3.31 0.92
  222 E   -4  0 -2  0 -7 -1  7 -6 -2 -7 -6  0 -5 -5 -4 -4 -4 -7 -4 -6    0   4   1   3   0   0  84   0   1   0   0   5   0   0   0   0   0   0   1   0  1.93 0.68
  223 S   -3 -5 -3 -4 -5 -4 -4 -4 -5 -6 -6 -4 -5 -6 -5  7  2 -7 -6 -5    0   0   0   0   0   0   0   0   0   0   0   0   0   0   0  88  12   0   0   0  1.97 0.74
  224 P   -4 -6 -6 -6 -7 -6 -5 -6 -7 -7 -7 -5 -7 -8  9 -4 -5 -8 -7 -7    1   0   0   0   0   0   0   0   0   0   0   0   0   0  99   0   0   0   0   0  3.33 0.93
  225 R   -4  9 -4 -6 -8 -2 -4 -6 -1 -7 -6 -2 -5 -7 -6 -5 -4 -7 -6 -7    1  97   0   0   0   1   0   0   1   0   0   0   0   0   0   0   1   0   0   0  2.69 0.82
  226 W   -7 -7 -7 -8 -7 -6 -7 -7 -2 -6 -5 -7 -5  3 -8 -6 -6 12  6 -6    0   0   0   0   0   0   0   0   1   0   0   0   0  12   0   0   0  63  24   0  3.37 0.89
  227 L   -5 -5 -3 -7  0 -2 -5 -7 -3 -1  6 -6  1 -3 -6 -4 -4 -5 -2 -2    0   0   2   0   2   2   0   0   1   1  89   0   2   0   0   1   0   0   1   0  1.60 0.58
  228 M    1 -5 -5 -5 -2 -4 -5 -5 -3  4  0 -4  2 -1 -5 -3 -2 -5 -1  5   13   0   0   0   0   0   0   0   1  20   7   0   6   2   0   1   2   0   2  45  0.79 0.36
  229 S    1  0 -1 -2 -3  0  0 -1 -2 -1  1  2  3 -2 -3  1  0 -4 -3 -1   14   5   1   1   0   4   5   4   0   2  15  15  13   1   0  13   4   0   0   4  0.18 0.17
  230 R   -1  3  1 -2 -2  2 -1 -4  2 -1 -3  4 -2 -4 -4 -1 -1 -5 -3  0    6  15   7   1   1  10   1   0   6   4   0  33   1   0   0   4   3   0   1   7  0.49 0.28
  231 G   -2 -1  2 -1 -5  0 -3  6  1 -6 -6  0 -5 -5 -5 -2 -4 -6 -4 -6    1   3  11   4   0   4   1  65   3   0   0   5   0   0   0   1   0   0   0   0  1.27 0.47
  232 K   -3  6  1 -1 -4  2 -1 -4  1 -5 -3  4 -2 -4 -4 -3 -4 -3 -1 -5    1  43   6   3   0  10   3   0   3   0   2  25   1   1   0   1   0   0   2   0  0.98 0.41
  233 Q   -2  0  0  3 -4  0  3 -2  0  0 -1  0 -1 -2 -1 -1  1 -1 -1  0    2   5   3  21   0   3  19   1   2   6   4   6   1   2   3   3   8   1   2   8  0.22 0.16
  234 E    1 -1  0  4 -5  1  4 -2 -2 -4 -4  0 -4 -4 -1 -1 -1 -3 -3 -3   12   2   3  25   0   5  33   2   1   0   1   5   0   0   2   4   2   0   1   1  0.63 0.31
  235 Q   -1  2 -2  0 -4  3  5 -3 -1 -4 -4  3 -4 -5 -3 -2 -3 -5 -4 -3    5  12   0   4   0  11  41   1   1   1   1  19   0   0   0   1   1   0   0   1  0.82 0.38
  236 A    7 -5 -5 -5 -2 -4 -4 -2 -5 -5 -5 -4 -5 -6 -4 -1 -3 -6 -5 -4   93   0   0   0   1   0   0   2   0   0   0   0   0   0   0   2   1   0   0   0  1.92 0.69
  237 E    0  4 -3 -3 -4  0  1 -3 -1 -1  2  1  0  0 -4 -1 -2 -2 -1 -1    7  30   0   0   0   2   9   1   2   3  23   9   3   4   0   2   1   1   1   2  0.35 0.23
  238 G    2  2  0  0 -3  1  2  0  0 -3 -3  2 -2 -4 -2  0  0 -3 -2 -2   18  12   4   4   0   7  12   6   2   1   1  17   0   0   1   7   4   0   1   3  0.25 0.16
  239 I   -3 -5 -5 -6 -4 -5 -5 -6 -6  5 -1 -5  0 -4 -5 -4  1 -6 -4  6    1   0   0   0   0   0   0   0   0  33   2   0   2   0   0   1   8   0   0  53  1.27 0.48
  240 L   -5 -5 -6 -7 -4 -5 -6 -7 -6  0  6 -6  1  1 -6 -3 -4 -5 -3 -2    0   0   0   0   0   0   0   0   0   2  87   0   3   4   0   2   0   0   0   0  1.59 0.56
  241 R    1  1  0 -1 -2  2  1 -1 -1 -2 -2  1 -1 -3 -3  1  2 -3 -2 -1   11  10   5   2   1   9  10   3   1   2   3   9   1   0   0  12  19   0   1   3  0.22 0.16
  242 K   -2  5 -1 -1 -5  1  1 -3 -1 -3 -2  4  0 -4 -4 -1 -2 -5 -2 -3    1  36   2   3   0   6   7   1   1   1   3  29   3   1   0   3   2   0   1   1  0.76 0.34
  243 I   -3 -5 -5 -5 -4 -5 -5 -6 -5  6  3 -5  2 -1 -5 -4  0 -5 -3  3    0   0   0   0   0   0   0   0   0  46  25   0   4   2   0   0   5   0   1  16  0.99 0.38
  244 M   -1  1  3  0 -2 -1  0  1  1 -2 -1 -1  0  0 -3  1  0 -2  2 -2    3  10  17   4   0   1   7  13   3   2   7   0   3   4   0  10   5   0  10   2  0.17 0.15
  245 G   -2 -4  3  0 -5 -3 -3  5 -1 -5 -5 -2 -4 -5  2  0 -1 -5 -5 -3    1   0  13   4   0   1   1  53   1   0   0   2   0   0  10   8   4   0   0   1  0.95 0.38
  246 N    1  0 -1  2 -4  0  3  0 -2 -2 -3  1 -3 -4  2  1  1 -4 -3 -2   14   3   2  11   0   4  22   6   0   2   2   7   0   0   9   8   8   0   0   1  0.29 0.18
  247 T    1  0  0  2 -3  1  3  0  0 -3 -2  1 -2 -3  0  0  0 -4 -3 -2   11   3   4  14   0   6  21   6   2   1   4   8   0   1   4   5   7   0   0   3  0.23 0.15
  248 L    0  0  2  2 -3  1  1 -2  3 -2 -2  0 -1 -2 -3 -1  0 -1  2 -1    7   4  11  13   0   6  12   2   9   2   3   3   1   1   0   3   6   1   9   6  0.20 0.14
  249 A    5 -4 -4 -1 -3 -3 -2 -1 -4  1 -1 -3 -2 -3  1 -1 -1 -5 -3  2   51   0   0   4   0   0   2   3   0   7   4   0   0   1   6   3   3   0   1  15  0.57 0.32
  250 T    0  2  1  4 -4  2  3 -2  0 -3 -3  2 -3 -4 -2  0 -1 -5 -4 -3    6  10   5  22   0  10  17   1   2   1   3  12   0   0   2   5   3   0   0   1  0.42 0.22
  251 Q    1  1  0  0 -3  2  2 -1  0 -2 -1  1 -2 -3 -2  1  0 -2 -2 -1   17  10   4   6   0  11  15   3   2   3   5   8   0   1   0   8   5   0   0   3  0.19 0.14
  252 A   -1  1 -2 -1 -4  2  4 -4 -1  1 -1  2 -1 -4 -3 -1  1 -4 -3  0    3   7   1   1   0   8  33   0   1   8   5  12   1   0   0   2  10   0   0   6  0.40 0.25
  253 V   -2 -4 -5 -5 -3 -2 -4 -5 -4  4  4 -4  2  0 -5 -3 -3 -2 -1  3    3   1   0   0   0   1   1   0   0  24  38   1   6   3   0   1   0   1   2  19  0.71 0.31
  254 Q    2  1  1  1 -3  2  1 -1  0 -3 -2  1 -2 -4 -3  0  0 -4 -3 -2   22   8   9   8   0  10  11   3   2   0   4   8   1   0   0   7   5   0   0   2  0.24 0.17
  255 E    0  0  0  3 -5  2  5 -3 -1 -3 -4 -1 -3 -5 -4 -1 -2 -5 -4 -4    9   4   3  15   0   9  47   1   2   1   1   2   0   0   0   4   2   0   0   1  0.81 0.37
  256 I   -4 -6 -6 -6 -4 -5 -6 -7 -6  8  0 -6  2 -2 -6 -5 -2 -6 -4  1    0   0   0   0   0   0   0   0   0  81   4   0   5   1   0   0   2   0   0   5  1.79 0.59
  257 K   -1  4 -1 -1 -4  2  2 -3 -1 -2 -3  4 -2 -3 -4 -1 -2 -5 -3 -2    4  21   2   2   0  11  16   1   1   2   2  30   1   1   0   2   1   0   0   3  0.59 0.30
  258 H    2  1  0  1 -3  2  3 -2  1 -3 -2  1 -2 -3 -3  1  0 -4 -2 -2   21   7   5   8   0  10  19   2   4   1   3   6   0   1   0   8   4   0   1   1  0.29 0.19
  259 S    1 -2 -1 -1 -2  0 -1 -2 -3 -3 -4 -2 -2 -5 -3  5  3 -5 -4 -1   13   1   2   3   1   4   2   2   0   1   1   1   1   0   0  44  21   0   0   5  0.66 0.36
  260 L    0 -2 -2 -3 -3 -2 -1 -3 -4  2  3 -1  2  1 -4 -1 -1 -3 -2  2    7   1   2   1   0   1   4   1   0  14  36   5   6   5   0   3   2   0   0  12  0.32 0.19
  261 D    1  1  0  1 -3  2  2  0  2 -3 -3  2 -2 -3 -2  1  0 -4 -3 -2   13   8   4   7   0   8  16   5   5   0   2  12   1   0   0   9   5   0   0   3  0.24 0.16
  262 H    0  2  1  0 -3  2  2 -1  2 -1 -2  1 -1 -3 -2  1  1 -4 -3 -1   10  10   7   3   0   8  13   4   6   4   2   9   1   0   1  11   7   0   0   4  0.17 0.12
  263 G   -1 -1  0  3 -5  1  5 -1  2 -4 -4  1 -3 -5 -2 -1 -1 -5 -4 -3    5   2   3  18   0   4  39   4   4   0   0  10   0   0   2   3   3   0   0   2  0.64 0.31
  264 R    0  2  1  0 -3  1  0 -1  3 -2 -3  2 -1 -4 -1  1  1 -4 -2 -1    6  13   5   3   0   8   6   5  10   2   2  13   1   0   2  10  12   0   0   3  0.23 0.15
  265 K    0  1  0  0 -4  2  1  1  0 -3 -3  3 -2 -4  0  0  0 -4 -3 -1    7   8   4   4   0   8  11  10   3   0   2  25   1   0   4   5   4   0   0   4  0.27 0.17
  266 T    1  0  0 -2 -2  0 -1  1 -1 -3 -3  1 -2 -3  2  2  1 -1 -3 -1    9   4   4   1   0   5   3  11   1   0   1   8   1   1  12  22  11   1   0   3  0.26 0.17
  267 G    0  1  0 -1 -3  0  0  1  1 -2 -1  1 -2 -1 -1  2  0  2 -1 -1    5   7   3   2   0   2   7  14   4   2   8   9   0   2   2  20   6   3   1   4  0.12 0.11
  268 G    0  0 -1 -2 -3 -1 -1  1 -1 -1  1  0 -1  2 -2  0 -1  5  0 -1    6   4   3   2   0   1   2  13   1   4  16   9   1  12   2   9   1   9   1   4  0.14 0.12
  269 R   -1  3 -1  0 -3  1  0 -2 -2 -1  0  2 -1 -1 -1  1  0  2 -1 -1    5  18   1   4   0   5   6   2   0   3  11  16   0   3   2  12   4   3   1   5  0.15 0.13
  270 L   -2 -1 -1  3 -4  0  0 -1 -2 -1  2  0  0  1 -2  0 -2 -3 -2 -2    2   4   1  22   0   3   5   4   0   2  29   7   1   7   1   8   1   0   0   2  0.23 0.19
  271 L   -2 -2 -2 -1 -3 -1 -1 -4 -4  0  4 -2  1  4 -3 -2 -1 -2 -1  0    3   1   2   4   0   3   4   0   0   4  45   2   2  18   1   3   3   0   0   6  0.46 0.26
  272 M    0  2 -2 -2 -3 -1 -1 -3 -2  0  2  1  1  2 -1  0  0 -1 -1 -1    6  13   1   2   0   2   2   1   0   4  22  12   3  13   3   9   4   1   1   2  0.14 0.14
  273 F   -2  1 -2 -2 -4  0 -2  1  0 -3 -2  3 -3  3  1 -1 -1  4  2 -2    2   6   1   2   0   3   1  13   2   0   4  20   0  16   7   3   4   5   8   2  0.28 0.20
  274 G    0  0 -2 -2 -3 -1 -2  3  0 -1 -1  1 -1 -1  3  0 -1  3  1 -1    6   7   0   2   0   1   1  22   2   3   5   8   1   3  15   7   3   4   6   5  0.24 0.15
  275 V   -2  6 -3 -4 -5 -2 -3 -2 -1 -1  1  2 -1 -2 -2 -1 -2  1  0  0    3  44   0   0   0   0   0   2   1   3  13  10   1   1   1   4   2   2   3   8  0.59 0.31
  276 G   -2  2 -3 -4 -5 -2 -3  0 -2 -4 -2  3  0  0  5 -2 -1 -1  0 -4    2  10   0   0   0   1   0   7   1   0   4  23   3   5  35   1   4   1   3   0  0.76 0.35
  277 V    2 -5 -5 -5 -1 -4 -4 -4 -5  4  0 -4  0 -1  3 -3 -2 -5 -4  3   21   0   0   0   1   0   0   0   0  31   6   0   1   2  14   0   1   0   0  22  0.70 0.33
  278 I   -3 -5 -6 -6 -4 -5 -5 -6 -6  4  4 -5  0 -3 -5 -4 -2 -5 -4  4    0   0   0   0   0   0   0   0   0  20  41   0   1   0   0   0   1   0   0  36  1.09 0.42
  279 V   -3 -5 -6 -6 -3 -5 -5 -3 -5  3  2 -5  1  4 -6 -4 -2  8 -1  2    1   0   0   0   0   0   0   2   0  18  17   0   4  15   0   1   2  25   1  14  1.07 0.39
  280 I    0 -5 -5 -6 -3 -5 -5 -6 -5  5  2 -5  1 -2 -5 -4 -2 -5 -2  4    7   0   0   0   0   0   0   0   0  39  17   0   3   1   0   0   2   0   1  29  0.92 0.37
  281 G    3 -5 -4 -5 -3 -5 -5  7 -5 -6 -6 -5 -6 -6 -5 -3 -4 -6 -6 -5   22   0   0   0   0   0   0  76   0   0   0   0   0   0   0   1   0   0   0   0  1.84 0.60
  282 V   -2 -5 -5 -6  3 -5 -5 -6 -5  6  1 -5  1  2 -5 -3 -1 -4 -3  3    1   0   0   0   6   0   0   0   0  45   8   0   3  10   0   1   2   0   0  23  0.95 0.38
  283 M    1 -4 -4 -4  2 -4 -4  3 -4  0  2 -4  3  1 -4 -1 -1  0 -3  0   11   0   0   0   5   0   0  28   0   3  25   0   9   5   0   3   3   1   0   8  0.43 0.25
  284 L   -3 -5 -6 -6 -3 -5 -6 -6 -6  4  5 -5  1  0 -6 -5 -3 -5 -4  1    1   0   0   0   0   0   0   0   0  24  61   0   3   3   0   0   0   0   0   8  1.17 0.44
  285 S    6 -4 -4 -5 -4 -3 -4 -1 -5 -5 -5 -4 -2 -6 -2  3 -2 -6 -5 -3   68   0   0   0   0   0   0   3   0   0   0   0   1   0   1  25   1   0   0   1  1.32 0.55
  286 I    1 -5 -5 -6 -3 -4 -5 -5 -5  4  0 -5  4  3 -5 -4 -2 -4 -3  5   10   0   0   0   0   0   0   0   0  21   6   0  10  13   0   0   2   0   0  39  0.82 0.36
  287 F   -4 -6 -7 -7 -2 -6 -7 -5 -5 -2  3 -6 -2  8 -7 -6 -5 -3 -1 -2    1   0   0   0   1   0   0   1   0   1  23   0   0  71   0   0   0   0   0   2  1.98 0.63
  288 Q   -4 -3  4 -4 -7  8 -2 -1 -3 -7 -6 -3 -5 -7 -5 -1 -4 -6 -5 -6    1   0  20   0   0  71   0   5   0   0   0   0   0   0   0   3   0   0   0   0  1.96 0.73
  289 Q   -5 -3 -4 -5 -7  9 -2 -6 -2 -7 -7 -3 -5 -8 -6 -4 -5 -6 -6 -7    0   0   0   0   0  98   0   0   1   0   0   0   0   0   0   0   0   0   0   0  2.97 0.95
  290 F   -1 -5 -6 -6 -4 -5 -5 -5 -5  1  3 -5  0  6 -5 -4 -3  5 -1  2    7   0   0   0   0   0   0   0   0   7  28   0   2  32   0   1   0   8   0  15  0.89 0.36
  291 V   -2 -4 -3 -4  4 -4 -4 -4 -5  1 -2 -4  3 -4 -4  3  3 -5 -4  4    1   0   0   0   8   0   0   0   0   6   0   0   8   0   0  22  21   0   0  32  0.74 0.39
  292 G   -4 -6 -4 -5 -7 -6 -6  8 -6 -8 -8 -5 -7 -7 -6 -4 -5 -6 -7 -7    0   0   0   0   0   0   0 100   0   0   0   0   0   0   0   0   0   0   0   0  2.64 0.77
  293 I   -3 -6 -6 -6  2 -3 -6 -7 -6  7 -2 -6  0 -4 -6 -4 -1 -6 -4  2    2   0   0   0   4   1   0   0   0  74   0   0   2   0   0   0   4   0   0  12  1.59 0.56
  294 N   -4 -5  9 -3 -7 -4 -4 -5 -3 -5 -8 -4 -6 -7 -6 -3 -3 -8 -6 -7    1   0  97   0   0   0   0   0   0   1   0   0   0   0   0   1   1   0   0   0  2.82 0.86
  295 V    4 -5 -5 -5 -3 -4 -4 -4 -5  1 -3 -4 -3 -1 -4 -1  2 -5 -4  5   36   0   0   0   0   0   0   0   0   5   0   0   0   3   0   3  12   0   0  41  0.88 0.42
  296 V   -1 -6 -6 -6 -3 -5 -6 -6 -6  6 -1 -5  2 -1 -6 -5 -3 -5 -4  5    4   0   0   0   0   0   0   0   0  45   2   0   4   2   0   0   0   0   0  42  1.31 0.48
  297 L   -4 -5 -4 -6 -4 -3 -5 -4 -5  3  3 -5  4  6 -6 -4 -2 -3 -2 -1    0   0   1   0   0   1   0   1   0  16  33   0  12  32   0   0   2   0   0   1  0.99 0.40
  298 Y   -5 -6  1 -7 -7 -5 -6 -7 -2 -6 -5 -6 -5 -1 -7 -4 -6 -2 10 -6    0   0   8   0   0   0   0   0   0   0   0   0   0   1   0   1   0   0  90   0  2.98 0.89
  299 Y   -6 -6 -7 -8 -7 -6 -6 -7 -3 -5 -5 -6 -5  3 -7 -6 -6 -2 10 -5    0   0   0   0   0   0   0   0   0   0   0   0   0   9   0   0   0   0  91   0  3.18 0.91
  300 A    5 -4 -4 -3 -4 -4 -4  3 -5 -5 -3 -4 -4 -5 -4  2 -1 -6 -5 -4   57   0   0   1   0   0   0  21   0   0   2   0   0   0   0  17   3   0   0   0  1.07 0.47
  301 P    0 -5  0 -4 -5  0 -3 -4 -3 -6 -6 -4 -5 -7  7  1  1 -7 -6 -5    9   0   5   0   0   5   1   0   1   0   0   0   0   0  62  10   7   0   0   0  1.64 0.57
  302 E   -2  3 -2  0 -4  0  3 -4 -3 -1 -2  0  0 -4 -3  1  4 -5 -3  1    0  17   1   5   0   3  18   0   0   3   2   3   3   0   0   8  27   0   0  11  0.42 0.28
  303 V   -4 -6 -6 -6 -4 -6 -6 -7 -6  7  3 -6  1 -3 -6 -5 -3 -5 -4  2    0   0   0   0   0   0   0   0   0  60  27   0   2   0   0   0   1   0   0  10  1.41 0.49
  304 F   -6 -6 -7 -7 -6 -6 -7 -7 -5 -3  2 -7  0  7 -7 -6 -5  8  0 -4    0   0   0   0   0   0   0   0   0   0  21   0   2  54   0   0   0  23   1   0  2.08 0.64
  305 K   -1  1 -1 -2 -5  5  4 -2 -1 -5 -4  3 -2 -5 -4 -1  0 -5 -4 -3    4   5   3   1   0  25  26   2   1   0   1  20   1   0   0   4   6   0   0   1  0.67 0.34
  306 T    2 -1  2  1 -3  0  0 -1 -3 -3 -1  0  2 -2 -2  3  0 -4 -3 -3   19   2  12   7   0   4   4   2   0   1   5   5   7   1   1  25   6   0   0   0  0.30 0.22
  307 L    4 -4 -4 -5 -3 -4 -4 -2 -5  1 -1 -4  2 -4 -4 -1  0 -5 -4  4   40   0   0   0   0   0   0   2   0   6   4   0   7   0   0   4   6   0   0  31  0.72 0.37
  308 G   -3 -6 -4 -3 -6 -5 -5  7 -5 -5 -6 -5 -6 -6 -5 -2 -1 -6 -6 -6    1   0   0   2   0   0   0  89   0   1   1   0   0   0   0   2   4   0   0   0  2.07 0.64
  309 A    0 -4 -5 -5 -4 -3 -4 -1 -3  0  1 -4  2  6 -4 -2 -3 -1  3  0   10   0   0   0   0   1   1   6   0   4  15   1   6  40   0   2   1   0   8   5  0.72 0.32
  310 S    0 -3  1  2 -4 -1  0  4 -3 -5 -5 -2 -4 -4 -4  4  0 -5 -4 -4    6   1   5  12   0   2   5  31   0   0   0   1   0   0   0  31   4   0   0   0  0.66 0.32
  311 T    0 -2 -1  0 -3  1  3 -1 -2 -1 -1  0 -2 -3  0  0  2 -4 -3  0    9   1   3   4   0   5  22   5   0   3   5   6   1   0   4   6  17   0   0   9  0.20 0.16
  312 D   -1 -2  3  3 -4  1  1  0 -1 -3 -4  0 -3 -5 -3  3 -1 -5 -3 -2    3   0  14  18   0   7   9   8   1   1   0   4   0   0   0  28   3   0   0   2  0.46 0.26
  313 I    3 -2  1  4 -4  1  0  0 -3 -3 -3 -2 -2 -3 -3  2  0 -5 -3 -2   24   1   6  26   0   6   4   5   0   1   1   0   1   1   0  16   5   0   1   3  0.43 0.26
  314 A    4 -4 -3 -3 -3 -2 -2 -1 -4 -2 -3 -3 -1 -5 -1  4 -1 -5 -4  0   42   0   0   1   0   1   1   3   0   1   2   0   1   0   3  37   2   0   0   6  0.82 0.42
  315 L   -3 -5 -5 -4 -4 -5 -6 -5 -5  2  5 -5  4  4 -6 -4 -4 -4 -1 -2    1   0   0   1   0   0   0   0   0   8  61   0  10  16   0   1   0   0   2   1  1.12 0.44
  316 L   -2 -4 -4 -4 -4 -1 -4 -3 -4  1  4 -1  3  4 -5 -3 -1  1 -1  0    3   0   0   1   0   2   0   2   0   6  40   4   9  21   0   1   5   2   1   4  0.57 0.28
  317 Q    1 -2  1 -2 -1  4 -1  0 -2  2 -2 -2 -1 -2 -4  1  0 -4  1 -2   12   1   7   1   1  28   2   7   0  14   1   0   1   1   0  11   5   0   6   1  0.35 0.27
  318 T   -1 -3  2 -3 -4  2 -3 -3  1  1 -4 -3 -3 -4 -3  3  5 -5 -4 -3    4   0   9   0   0   9   0   1   3   8   0   0   0   0   1  23  42   0   0   0  0.81 0.42
  319 I   -1 -5 -5 -6 -1 -5 -5 -6 -6  5 -1 -5  1  0 -5 -2 -1 -5 -4  5    5   0   0   0   1   0   0   0   0  31   3   0   3   4   0   2   3   0   0  49  1.06 0.42
  320 I    0 -4 -4 -4 -3 -4 -4  3 -4  3  1 -4  0  1 -4 -1 -1  5 -1  1    8   0   0   0   0   0   0  22   0  24  12   0   1   7   0   3   3   7   1  12  0.45 0.24
  321 V   -3 -3 -2 -5 -4 -4 -4 -5 -5  5  0 -4  2 -2 -5  0  3 -5 -4  3    1   1   1   0   0   0   0   0   0  38   5   0   6   1   0   7  21   0   0  20  0.78 0.37
  322 G    0 -5 -4 -5 -6 -5 -5  7 -5 -7 -7 -5 -6 -6 -5  1 -3 -6 -6 -6    6   0   0   0   0   0   0  81   0   0   0   0   0   0   0  12   1   0   0   0  1.89 0.61
  323 V    1 -4 -5 -5 -2 -4 -4 -2 -5  3  2 -4 -1  0 -4 -2 -1 -4 -3  4   13   0   0   0   0   0   0   4   0  20  16   0   0   4   0   3   4   0   0  36  0.58 0.29
  324 I    0 -5 -5 -5  0 -4 -5 -5 -5  4  0 -4  1  0 -5 -3  2 -5 -3  5    7   0   0   0   2   0   0   0   0  22   7   0   3   4   0   0  13   0   0  42  0.78 0.35
  325 N   -3 -4  8 -2 -6  0 -2 -4 -3 -6 -4 -2 -2 -3 -5  1 -3 -2 -5 -5    1   0  77   0   0   4   1   0   0   0   2   1   1   1   0   8   1   1   0   0  1.87 0.66
  326 L   -2 -5 -5 -6 -3 -5 -5 -4 -5  4  3 -5  2  1 -5 -4 -2 -4 -3  4    1   0   0   0   0   0   0   1   0  21  31   0   4   6   0   1   2   0   0  33  0.83 0.34
  327 T    0 -5 -5 -5 -2 -4 -5 -2 -5  4  3 -4 -1 -2 -5 -2 -1 -5 -3  4    7   0   0   0   1   0   0   4   0  29  26   0   0   1   0   2   3   0   0  28  0.70 0.32
  328 F    1 -5 -4 -5 -2 -4 -5  1 -4 -1 -2 -4  3  6 -4 -1  1 -3 -1  0   15   0   0   0   1   0   0  13   0   2   1   0   7  40   0   3   9   0   0   8  0.75 0.37
  329 T   -2 -5 -2 -5  3 -4 -5 -5 -5 -4 -5 -4 -3 -6 -5 -1  7 -6 -5  0    1   0   1   0   6   0   0   0   0   0   0   0   0   0   0   3  82   0   0   6  1.84 0.69
  330 V   -1 -5 -5 -6 -2 -4 -5 -5 -4  3  3 -5  3  4 -5 -4 -3 -1 -1  3    6   0   0   0   0   0   0   0   0  15  26   0   8  21   0   0   0   1   1  21  0.70 0.31
  331 L   -1 -5 -6 -6 -2 -5 -5 -4 -6  5  2 -5 -1 -1 -4 -4 -2 -3 -4  5    5   0   0   0   0   0   0   1   0  30  20   0   1   2   0   0   1   0   0  39  0.93 0.38
  332 A    6 -5 -4 -5 -2 -4 -4  3 -5 -5 -4 -4 -4 -3 -4  0  0 -6 -5 -4   68   0   0   0   1   0   0  22   0   0   1   0   0   1   0   4   4   0   0   0  1.27 0.52
  333 I   -2 -5 -6 -6 -4 -4 -5 -6 -5  5  2 -5  6 -1 -5 -3 -2 -5 -4  2    2   0   0   0   0   0   0   0   0  38  17   0  26   1   0   2   1   0   0  13  1.11 0.43
  334 M    1 -1 -1 -4 -2 -2 -3 -1 -2  0  1 -1  2  3 -1  0  0  4  3  0   15   4   3   0   0   1   0   3   0   4  13   2   6  13   2   6   5   7  10   6  0.21 0.16
  335 T   -3 -4 -4 -5 -3 -3 -5 -5 -4  2  4 -3  0  2 -5 -3  2 -4  0  1    1   0   1   0   0   1   0   0   0  11  48   1   1   8   0   0  17   0   3   8  0.69 0.33
  336 V   -4 -6 -6 -6 -4 -5 -6 -7 -6  6 -1 -6  3 -1 -6 -5 -3 -5 -3  5    0   0   0   0   0   0   0   0   0  48   2   0   7   2   0   0   0   0   1  39  1.41 0.51
  337 D   -6 -6 -2  8 -8 -4  0 -4 -5 -7 -8 -5 -7 -8 -5 -4 -5 -8 -7 -7    0   0   0  94   0   0   4   1   0   0   0   0   0   0   0   0   0   0   0   0  2.64 0.79
  338 K   -4  6 -3 -4 -7 -2 -3 -5 -2 -5 -6  6 -3 -6 -5 -2 -3 -6 -4 -5    0  47   1   0   0   0   0   0   1   0   0  46   0   0   0   2   1   0   0   0  1.64 0.59
  339 F   -1 -4 -5 -5 -3 -4 -5 -5 -4  3  2 -3  1  3 -5 -3 -2  5  0  4    4   0   0   0   0   0   0   0   0  21  17   2   2  12   0   1   1   8   3  28  0.66 0.29
  340 G   -4 -6 -3 -2 -6 -6 -6  8 -6 -8 -8 -5 -7 -7 -6 -4 -5 -6 -7 -7    0   0   1   2   0   0   0  97   0   0   0   0   0   0   0   0   0   0   0   0  2.47 0.73
  341 R   -6  9 -5 -6 -8 -3 -4 -7 -4 -7 -6 -2 -6 -7 -6 -5 -5 -7 -6 -7    0 100   0   0   0   0   0   0   0   0   0   0   0   0   0   0   0   0   0   0  2.89 0.87
  342 K   -4  5 -4 -4 -6 -2 -3 -5 -3 -3 -2  6 -4 -6 -5 -4 -3 -6 -5 -5    0  34   0   0   0   0   0   0   0   2   3  58   0   0   0   0   1   0   0   0  1.61 0.59
  343 P   -1  0 -3 -4 -5 -1 -3 -5 -4 -3 -4  4 -3 -4  7 -1  0 -3 -5 -3    4   4   1   0   0   3   0   0   0   1   1  24   1   1  50   3   5   0   0   2  1.28 0.48
  344 L   -5 -6 -7 -7 -5 -5 -6 -7 -6 -1  6 -6  3 -2 -6 -6 -4 -3 -4 -1    0   0   0   0   0   0   0   0   0   2  88   0   7   1   0   0   0   0   0   1  1.72 0.59
  345 Q   -2 -5 -6 -6 -4 -2 -5 -6 -5  0  5 -5  7 -1 -6 -5 -3 -3 -2  0    3   0   0   0   0   2   0   0   0   3  59   0  27   1   0   0   1   0   1   3  1.32 0.50
  346 I   -3 -1 -4 -5 -4 -2 -4 -4 -4  3  4 -1  1  0 -5 -3 -2  1  3  0    1   4   1   0   0   1   0   1   0  19  43   5   3   3   0   1   1   2  11   4  0.57 0.29
  347 I   -1 -4 -4 -5 -3 -4 -5 -3 -4  5  0 -4 -1  2 -5 -2  0  5  2  3    5   0   0   0   0   0   0   2   0  37   7   1   0   8   0   2   5   8   7  17  0.66 0.31
  348 G   -4 -6 -3 -5 -5 -6 -6  8 -6 -8 -8 -5 -7 -7 -6 -3 -5 -6 -7 -7    0   0   1   0   0   0   0  98   0   0   0   0   0   0   0   1   0   0   0   0  2.55 0.75
  349 A    2 -4 -1 -4 -1 -3 -3 -1 -4 -3 -1 -3 -2 -5 -4  5  2 -5 -4  0   15   0   2   0   1   0   0   4   0   1   6   0   1   0   0  55  10   0   0   6  0.81 0.43
  350 L    2 -4 -4 -4 -2 -3 -4  0 -4  3  1 -4 -1  1 -4  0 -1  0 -2  2   19   0   0   0   0   0   0   7   0  23  13   0   0   6   0   8   3   1   1  19  0.36 0.23
  351 G   -1 -6 -4 -5 -3 -5 -6  7 -6 -4 -2 -5 -5 -3 -6 -3 -3 -6 -6 -3    3   0   0   0   0   0   0  86   0   1   4   0   0   1   0   1   1   0   0   2  1.89 0.61
  352 M   -2 -5 -6 -6  0 -4 -6 -6 -5 -1  1 -5  9 -3 -6 -1 -1 -4  3 -2    3   0   0   0   2   0   0   0   0   2  10   0  63   0   0   4   3   0  11   2  1.78 0.65
  353 A    4 -4 -4 -4  2 -4 -4 -1 -4  3 -1 -3 -1  0 -4 -1  2 -4 -3  0   36   0   0   0   4   0   0   5   0  19   6   0   1   5   0   3  16   0   0   6  0.48 0.29
  354 I    0 -5 -5 -6 -1 -5 -5 -3 -5  5  2 -5  0 -1 -5 -3 -3 -5 -3  4    7   0   0   0   1   0   0   2   0  31  20   0   1   2   0   1   0   0   0  35  0.83 0.35
  355 G    0 -4 -2 -3  2 -3 -3  2 -4  0 -3 -3  1  1 -4  4  2 -5 -3 -2    7   0   0   1   5   0   0  18   0   6   2   0   4   6   0  37  13   0   0   1  0.54 0.33
  356 M   -1 -5 -6 -6 -4 -4 -6 -6 -2 -2  6 -5  4 -1 -6 -5 -4 -4  2 -2    4   0   0   0   0   1   0   0   1   0  73   0  10   1   0   0   0   0   8   1  1.30 0.50
  357 F    2 -4 -3 -4 -2 -3 -4  2 -4  1  2 -3  0  2 -4 -1 -1 -2 -2  0   18   0   0   0   1   0   0  20   0  10  23   0   1  10   0   5   4   0   0   7  0.34 0.22
  358 S    0 -4 -4 -4 -1 -3 -4  0 -4  2  3 -4  2  0 -4 -1  1 -2 -1  2   10   0   0   0   1   0   0   7   0  15  31   0   5   4   0   3   8   0   2  14  0.35 0.21
  359 L   -1 -4 -5 -5 -1 -4 -3 -5 -5  3  3 -4  5 -2 -5 -3  1 -4 -3  3    6   0   0   0   1   0   2   0   0  16  30   0  18   0   0   1   7   0   0  19  0.69 0.32
  360 G    4 -4 -3 -4 -1 -4 -4  4 -4 -5 -5 -4 -4 -3 -4  2 -1 -5 -5 -2   40   0   0   0   1   0   0  33   0   0   0   0   0   1   0  18   3   0   0   3  0.93 0.42
  361 T    0 -2 -4 -5 -1 -3 -4 -2 -2  2  1 -3  0  2 -4 -2  0  6  3  1    9   1   0   0   1   1   0   4   1  13  14   0   2  10   0   1   7  13  11  12  0.45 0.23
  362 A    4 -4 -3 -4  5 -3 -3  0 -4  0  0 -3  0 -1 -3  1  0 -4  0  0   36   0   0   0  12   1   0   6   0   6   9   0   3   2   0   9   5   0   4   7  0.41 0.25
  363 F   -4 -6 -5 -4 -5 -6 -6 -5 -3 -2  1 -6  2  8 -7 -5 -4 -3  3 -3    1   0   0   1   0   0   0   0   0   1  11   0   6  68   0   0   1   0   8   1  1.78 0.58
  364 Y    0 -3 -2 -3 -3  0 -3 -1  2 -2  0 -2  0  3 -4  2 -1  1  5 -2    9   1   1   0   0   4   0   4   5   2  10   2   3  12   0  16   2   1  25   2  0.41 0.25
  365 T    0 -2  1 -3 -3  1 -2 -2  0 -1  0 -2  1  2 -1  2  3  0  1 -1    7   1   6   0   0   8   0   3   2   2   8   0   4  12   2  18  20   1   4   3  0.22 0.20
  366 Q    1 -2  1  1 -4  3  1  4  4 -5 -4 -1 -3 -4 -2  0 -1 -5 -3 -4   12   1   6   7   0  13   7  32  11   0   0   2   1   0   2   5   2   0   1   0  0.53 0.27
  367 A    2 -2 -1 -1 -2  0 -1 -1 -1  1  0 -2  0 -1 -2  1  2  2 -2  1   21   0   3   3   0   5   2   3   1   9   9   1   3   2   0  11  14   3   0   8  0.15 0.15
  368 P    0 -2  0 -2 -3  0 -1  0  0 -1  0 -1  1 -1  0  2  1  4 -1  0    8   1   3   1   0   6   2   8   2   4   7   3   5   2   5  18  12   6   1   5  0.13 0.12
  369 G    0 -4 -1 -2 -5 -3 -3  6 -4 -6 -6 -3 -4 -6 -3  1 -2 -4 -5 -4    7   1   2   2   0   1   1  70   0   0   0   1   0   0   1  11   1   0   0   1  1.37 0.49
  370 I   -1 -3 -2 -4 -3 -3 -3 -2 -3  2  1 -3  2  1  1 -1  1  6  3  1    6   0   1   0   0   0   0   4   0  13  12   1   6   4   7   3   8  11  12  12  0.35 0.20
  371 V   -1 -4 -4 -5 -3 -4 -4 -3 -4  3  3 -4  1  1 -1 -1  0  3 -1  3    6   0   0   0   0   0   0   2   0  18  26   0   3   7   3   3   5   5   1  19  0.41 0.22
  372 A    4 -4 -4 -4  0 -3 -3 -3 -4  0  1 -3  2 -3  0  0  1 -5 -4  2   38   0   0   0   2   0   0   0   0   4  15   0   5   0   4   4  11   0   0  17  0.48 0.29
  373 L   -2 -5 -6 -6 -4 -5 -5 -6 -5  2  5 -5  0 -2  0 -3 -2 -5 -4  2    2   0   0   0   0   0   0   0   0   8  62   0   1   1   5   1   2   0   0  17  0.96 0.39
  374 L    0 -4 -5 -5 -3 -4 -4 -1 -4  4  1 -4  0  2 -2 -2 -1  1 -1  3    8   0   0   0   0   0   0   4   0  31  13   0   1   8   2   1   3   2   2  26  0.53 0.26
  375 S    3 -4 -3 -4  3 -3 -4  2 -4 -2  1 -3 -1  4 -2  1 -2 -3  0 -2   25   0   0   0   6   0   0  15   0   2  14   0   1  18   1  14   1   0   3   0  0.42 0.27
  376 M    3 -4 -5 -5 -3 -4 -4 -4 -5  3  3 -4  4  1 -4 -3 -2 -4 -3  3   25   0   0   0   0   0   0   0   0  15  24   0  12   5   0   0   1   0   0  18  0.62 0.31
  377 L   -2 -4  3 -4  1 -3 -4 -3  0  1  3 -4  3  2 -5 -3 -1 -4 -1  1    2   0  19   0   3   0   0   2   3   8  32   0   7  10   0   1   3   0   1  10  0.44 0.26
  378 F    2 -4 -4 -5  0 -4 -4  1 -4  2  3 -4  0  2 -4 -2 -1 -4 -2  2   16   0   0   0   2   0   0  10   0  10  29   0   1   9   0   2   2   0   0  19  0.40 0.23
  379 Y    0 -6 -4 -7 -6 -6 -6 -6  0 -4 -4 -6 -4  7 -7 -5 -5 -2  7 -4    8   0   1   0   0   0   0   0   1   0   0   0   0  45   0   0   0   0  44   0  2.02 0.65
  380 V   -3 -5 -6 -6 -4 -5 -5 -6 -6  6 -1 -5  3 -3 -5 -2  0 -5 -2  5    1   0   0   0   0   0   0   0   0  41   2   0   8   0   0   2   5   0   1  39  1.17 0.45
  381 A    5 -4 -4 -5 -3 -4 -4  0 -4  1  0 -4  0  2 -4 -2 -2 -4 -3  2   51   0   0   0   0   0   0   6   0   8   7   0   2  11   0   1   0   0   0  14  0.69 0.36
  382 A    2 -5 -4 -5  5 -4 -4 -1 -4 -1 -1 -4 -1  6 -5  2 -2 -3 -2 -2   16   0   0   0  13   0   0   3   0   4   3   0   1  36   0  20   2   0   0   2  0.83 0.39
  383 F   -6 -6 -6 -7  2 -3 -6 -7  4 -4 -3 -6 -3  8 -7 -6 -5 -3  5 -5    0   0   0   0   4   1   0   0  11   0   0   0   0  66   0   0   0   0  16   0  2.10 0.66
  384 A    5 -4  1 -4  1 -1 -2  2 -4 -4 -4 -4  2 -5 -4  1 -3 -5 -5 -3   60   0   6   0   3   2   1  15   0   0   0   0   5   0   0   7   0   0   0   0  0.97 0.45
  385 M    1 -4 -5 -5 -2 -4 -5 -2 -4  3  2 -4  5  3 -5 -3 -2 -4 -2  2   12   0   0   0   0   0   0   3   0  20  15   0  19  16   0   0   2   0   0  12  0.62 0.30
  386 S   -2 -4 -3 -4 -4 -4 -4  2 -5 -6 -6 -4 -5 -6 -4  6  3 -6 -5 -5    1   0   0   0   0   0   0  15   0   0   0   0   0   0   0  67  17   0   0   0  1.41 0.59
  387 W   -5 -5 -6 -7 -6  3 -5 -6 -5  0  2 -5  2 -2 -7 -5 -5 11 -1 -3    0   0   0   0   0  16   0   0   0   7  19   0   5   1   0   0   0  50   1   1  2.17 0.68
  388 G    0 -5 -3 -5  1 -5 -5  7 -5 -7 -7 -5 -6 -6 -5  0 -4 -6 -6 -6    8   0   1   0   3   0   0  83   0   0   0   0   0   0   0   6   0   0   0   0  1.88 0.59
  389 P    2 -5 -5 -5 -2 -2 -4 -3 -5 -4 -3 -4 -3 -6  7 -1 -1 -6 -6  0   18   0   0   0   1   1   0   2   0   0   2   0   0   0  63   3   3   0   0   7  1.65 0.56
  390 V   -1 -5 -5 -6 -2 -5 -5  0 -6  3  0 -5 -2 -3 -5 -4 -3 -6 -4  6    3   0   0   0   1   0   0   9   0  17   6   0   0   0   0   0   1   0   0  63  1.14 0.45
  391 C   -1 -4 -4 -5  4 -3 -4 -3 -5  3 -1 -3  5  1 -2 -3  2 -4 -3  3    6   0   0   0   9   0   0   1   0  19   2   1  15   5   2   0  15   0   0  24  0.59 0.31
  392 W   -7 -8 -9 -9 -7 -7 -8 -7 -7 -7 -6 -8 -6  0 -9 -8 -7 13 -2 -8    0   0   0   0   0   0   0   0   0   0   0   0   0   3   0   0   0  96   0   0  4.84 1.15
  393 V   -3 -6 -6 -6 -4 -5 -6 -7 -6  1  1 -6 -2 -4 -6 -5 -1 -6 -4  7    0   0   0   0   0   0   0   0   0   5  10   0   0   0   0   0   3   0   0  81  1.63 0.58
  394 L   -3 -5 -6 -6 -4 -4 -5 -6 -5  1  4 -5  6  3 -5 -5 -3 -4  0  1    1   0   0   0   0   0   0   0   0   7  44   0  21  14   0   0   0   0   3  10  1.00 0.39
  395 L   -4 -5 -5 -6 -4 -5 -6 -7 -6  6  4 -5  1 -2 -6 -5 -3 -5 -4  0    0   0   0   0   0   0   0   0   0  45  47   0   2   1   0   0   1   0   0   3  1.28 0.46
  396 S    2 -4 -2 -4 -4 -4 -4  4 -4 -6 -6 -4 -5 -6  0  5 -2 -6 -5 -5   13   0   1   0   0   0   0  28   0   0   0   0   0   0   4  54   0   0   0   0  1.14 0.50
  397 E   -5 -4 -4 -2 -8 -2  8 -6 -4 -7 -7 -3 -6 -7 -5 -4 -5 -7 -6 -7    0   0   0   0   0   0 100   0   0   0   0   0   0   0   0   0   0   0   0   0  2.59 0.83
  398 I   -4 -6 -6 -6 -4 -5 -6 -7 -6  7  0 -5  7 -3 -6 -4 -4 -5 -4  1    0   0   0   0   0   0   0   0   0  59   4   0  28   0   0   1   0   0   0   8  1.66 0.57
  399 F   -6 -7 -7 -7 -6 -7 -7 -7 -5 -4 -3 -7 -4  9 -8 -5 -6 -3  4 -5    0   0   0   0   0   0   0   0   0   0   1   0   0  89   0   1   0   0  10   0  2.77 0.78
  400 P   -5 -6 -1 -5 -7 -5 -5 -6 -6 -7 -7 -5 -7 -8  9 -5 -5 -8 -7 -7    0   0   3   0   0   0   0   0   0   0   0   0   0   0  96   0   0   0   0   0  3.19 0.88
  401 N   -4 -4  7 -2 -5 -3 -3 -3 -3 -2  1 -4 -1 -5 -3 -1  1 -6 -5 -3    0   0  66   0   0   0   1   1   0   2  13   0   1   0   1   3  10   0   0   1  1.38 0.54
  402 A   -1  5  1 -2 -5  2  0 -3  3 -5 -4  3 -4 -5 -4  1 -1 -5 -2 -4    5  36   6   0   0   8   5   0   7   0   0  18   0   0   0   8   4   0   1   0  0.72 0.33
  403 I   -3 -5 -6 -6 -4 -5 -5 -6 -3  6  1 -5  2 -2 -5 -5 -3 -5 -2  4    2   0   0   0   0   0   0   0   1  55   9   0   5   1   0   0   0   0   1  26  1.23 0.45
  404 R   -5  9 -4 -6 -7 -3 -4 -6 -4 -7 -6  0 -5 -7 -6 -5 -5 -7 -6 -7    0  96   0   0   0   0   0   0   0   0   0   4   0   0   0   0   0   0   0   0  2.69 0.81
  405 G    4 -5 -3 -4 -4 -4 -4  6 -5 -6 -6 -4 -5 -6 -4  2 -3 -6 -5 -5   33   0   0   0   0   0   0  53   0   0   0   0   0   0   0  13   0   0   0   0  1.31 0.49
  406 K    1  2 -2 -3 -3  1 -2 -2 -1  0  1  1  1 -1 -2  1  0 -3  0  1   16  11   1   0   0   6   0   2   1   4  14  11   4   2   0  10   5   0   3  10  0.11 0.12
  407 A    6 -5 -4 -5 -1 -4 -4  5 -5 -4 -5 -4 -5 -6 -4 -2 -4 -6 -5 -4   61   0   0   0   1   0   0  37   0   1   0   0   0   0   0   1   0   0   0   0  1.43 0.54
  408 L   -2 -4 -1 -5 -3  3 -3 -4 -4 -1  3 -3  7 -3 -5 -2  0 -5 -4  1    3   0   3   0   0  15   1   0   0   1  24   0  33   0   0   2   5   0   0  12  0.82 0.40
  409 A    4 -4 -3 -4 -4 -3 -4  3 -4 -5 -5 -3 -4 -5 -3  5 -2 -6 -5 -4   30   0   0   0   0   0   0  25   0   0   0   0   0   0   1  43   1   0   0   0  1.06 0.47
  410 I   -3 -5 -5 -6 -4 -5 -5 -6 -5  5  3 -5  0  2 -5 -4 -2  0 -2  4    1   0   0   0   0   0   0   0   0  33  23   0   1  10   0   0   2   1   1  27  0.87 0.35
  411 A    5 -4 -4 -4  3 -4 -4  3 -4 -4 -5 -4 -3 -5 -4  1 -1 -5 -5 -2   54   0   0   0   7   0   0  23   0   0   0   0   0   0   0  10   3   0   0   3  0.99 0.43
  412 V    2 -4 -3 -4 -1 -3 -3  1 -4 -1 -3 -3 -3 -2 -4  2  4 -5 -3  3   16   0   0   0   1   0   0  11   0   2   0   0   0   1   0  20  27   0   0  22  0.55 0.33
  413 A    3 -4 -3 -4  1 -3 -3  0 -4  0  1 -3  0  4 -4  1  0 -3 -2  0   26   0   0   0   3   0   0   7   0   3  14   0   2  20   0  13   4   0   0   7  0.36 0.24
  414 A    4 -4 -3 -4  1 -3 -3 -2 -4 -1 -1 -3 -1  2 -4  1  2 -4 -3  1   39   0   0   0   3   0   0   2   0   3   4   0   1  11   0   8  16   0   0  12  0.50 0.30
  415 Q   -4 -3  3 -4 -5  5 -3 -5  5 -3  2 -3  3 -3 -5 -3 -4 -5 -3 -3    0   0  16   0   0  32   0   0  17   1  25   0   8   1   0   1   0   0   0   1  0.95 0.45
  416 W   -7 -7 -8 -9 -7 -7 -8 -7 -2 -7 -6 -8 -3 -3 -8 -4 -7 13 -1 -8    0   0   0   0   0   0   0   0   1   0   0   0   1   1   0   2   0  95   1   0  4.69 1.12
  417 L    1 -4 -4 -5 -2 -4 -4  0 -5  4  2 -4  1  0 -4 -2  0 -4 -3  3   12   0   0   0   0   0   0   7   0  32  16   0   2   3   0   1   4   0   0  23  0.54 0.27
  418 A    5 -4 -4 -4 -1 -4 -4  1 -4 -3 -1 -4  2  3 -4  0  0 -1 -2 -2   52   0   0   0   1   0   0  10   0   0   4   0   5  14   0   6   5   1   0   1  0.72 0.37
  419 N    1 -4  8 -1  2 -3 -4 -2 -3 -6 -6 -4 -5 -6 -5 -1  0 -6 -2 -5   14   0  67   2   4   1   0   1   0   0   0   0   0   0   0   4   6   0   1   0  1.51 0.57
  420 Y    2 -5 -5 -6 -2 -5 -5 -5 -4 -2  0 -5  0  7 -5 -3 -3  6  4 -3   20   0   0   0   1   0   0   0   0   1   7   0   2  44   0   2   1  10  12   1  1.19 0.45
  421 F    1 -4 -5 -5 -1 -4 -4 -2 -5  4  3 -4  0  1 -4 -3  0 -4 -3  2   15   0   0   0   1   0   0   2   0  24  32   0   1   7   0   0   5   0   0  13  0.53 0.27
  422 V   -3 -6 -6 -6 -4 -5 -6 -6 -6  5  1 -5 -2 -3 -5 -5 -1 -5 -4  5    0   0   0   0   0   0   0   0   0  39  11   0   0   0   0   0   2   0   0  48  1.31 0.47
  423 S    1 -4 -1 -3 -4 -3 -3  1 -4 -4 -5 -3 -4 -5 -1  5  5 -5 -5 -2   10   0   1   0   0   0   0  10   0   0   0   0   0   0   2  41  34   0   0   2  0.92 0.44
  424 W   -1 -2 -1 -3 -4  4 -2 -3 -2 -1  2 -3  1  2 -4  0  0  5  2  0    5   0   3   0   0  22   0   1   0   2  19   0   3   8   0   8   5   9   8   6  0.39 0.26
  425 T   -1 -4 -3 -4 -3 -3 -4 -3 -4 -1  1 -3 -1  2 -4  3  5 -4 -2  0    4   0   0   0   0   0   0   1   0   3  13   0   1  10   0  20  42   0   0   5  0.69 0.37
  426 F   -5 -6 -4 -7 -6 -6 -6 -7 -5 -2 -3 -6 -1  9 -7 -5  1 -3  1 -2    0   0   1   0   0   0   0   0   0   1   0   0   1  84   0   0   9   0   2   2  2.34 0.70
  427 P   -4 -5 -5 -5 -6 -4 -4 -5 -5 -6 -5 -2 -5 -6  9 -4 -4 -6 -6 -5    0   0   0   0   0   0   1   0   0   0   1   2   0   0  92   0   0   0   0   1  2.88 0.77
  428 M    0 -2 -2 -3 -2 -2 -2 -2 -3  2  0 -2  4  0  1  0 -1 -1 -2  2    8   1   1   1   0   1   2   3   0  14   8   1  16   3   8  10   3   1   1  18  0.24 0.15
  429 M   -1 -2 -2 -3 -2 -2 -2 -3 -2  2  3 -2  5  2 -2 -2 -1 -2 -1  0    3   2   1   2   1   1   2   2   1  10  30   2  22   8   2   2   2   0   2   5  0.40 0.16
  430 D    1  0  3  1 -1  0  0 -1 -1 -1  0  0  0 -1 -1  0  0 -1  0 -1   12   5  22   7   1   3   4   4   1   4   8   5   3   2   3   5   5   1   3   4  0.10 0.05
  431 K    0  0  1  2 -1  1  1  0  0 -1 -1  1  0 -1  0  0  0 -1 -1 -1    7   6   6  12   1   6  12   6   2   4   5   7   3   2   3   6   3   1   2   5  0.08 0.02
  432 N    0  0  2  0 -1  0  0  0  0 -1 -1  0 -1 -1  0  1  0 -1 -1 -1    7   4  14   5   1   3   4   6   3   5   7   6   1   2   3  15   5   1   2   5  0.06 0.02
  433 S    0  0  0  0 -1  0  0  0  0  0  0  0  0 -1  2  1  0 -1 -1  0   10   4   3   4   1   3   6   5   3   4  14   4   1   2  11  10   6   1   2   7  0.06 0.01
  434 W    0  0  0 -1 -1  0  0  0  0 -1  0  0  0  1  0  0  0  5  2  0    6   5   4   4   1   3   5   8   1   4   7   4   2   5   4   6   5  10   8   7  0.10 0.03
  435 L   -1 -1  0 -1 -1 -1 -1 -1 -2  0  3 -1  2  0 -1 -1 -1 -1 -1  0    5   2   4   3   1   2   3   6   1   3  42   3   6   4   3   3   3   1   1   4  0.19 0.09
  436 V    0 -1  0 -1 -1  0 -1 -1 -2  1  2 -1  1  1 -1 -1  0 -1 -1  1    6   2   5   2   1   4   3   6   1  10  28   3   3   5   2   3   5   0   1   9  0.08 0.05
  437 A    2 -1  1  1 -2  1  2  0 -1 -3 -2  0 -2 -1 -1  2  0 -3 -2 -2   17   2   5   9   0   5  19   7   1   1   2   3   1   3   2  16   4   0   1   2  0.22 0.12
  438 H    1  0  1  0 -2  0  0  1  1 -1 -1  0  0 -1 -1  1  1 -1  0 -1   15   4   6   6   0   3   4  10   5   3   5   5   2   3   1   9   9   1   4   3  0.07 0.05
  439 F   -3 -3 -4 -2 -3 -4 -3 -3 -3  3  2 -4  1  5 -4 -3 -3  5  0  0    1   1   0   2   0   0   1   1   0  16  24   1   3  32   1   1   1   8   2   5  0.71 0.28
  440 H   -2 -3  3 -3 -5 -3 -3  6  4 -5 -5 -3 -4 -4 -3  1 -1 -5 -4 -5    0   1  13   0   0   0   0  57  10   0   1   1   0   1   1  10   4   0   0   0  1.13 0.42
  441 N    0 -2 -1 -3 -3 -1 -2  3  2 -1  2 -2 -1 -2  3 -1  0 -1 -2 -2   10   1   2   0   0   2   2  22   6   3  23   1   1   0  14   3   7   1   1   2  0.27 0.18
  442 G    3 -4 -2 -3 -3 -2 -2  3 -2 -4 -4 -3 -1 -2  0  2  0  2  0 -3   30   0   0   0   0   1   1  27   0   0   0   0   2   1   5  17   6   3   3   1  0.56 0.30
  443 F    0 -3 -1 -3 -3 -3 -3  3 -2 -1  0 -3  0  4 -1 -1 -1  4  2  0    6   0   3   0   0   0   0  22   1   3   8   1   2  22   4   5   3   6   6   7  0.35 0.20
  444 S    2 -4 -2 -4 -3 -3 -3 -3 -4  1 -1 -3 -2 -4  2  1  5 -5 -4  0   18   0   1   0   0   0   0   1   0   8   5   0   1   0  12   9  38   0   0   6  0.60 0.33
  445 Y   -5 -6 -6 -7 -6 -6 -6 -6 -3 -4 -2 -6  2  8 -7 -5 -5 -2  7 -4    0   0   0   0   0   0   0   0   0   0   3   0   5  56   0   0   0   0  35   0  2.13 0.65
  446 W    0 -4 -4 -5 -3 -4 -5  3 -4  1  1 -4  0  2 -5 -1 -2  8  1 -1    7   0   0   0   0   0   0  20   0   7  14   0   2   8   0   5   2  26   4   4  0.84 0.34
  447 I   -3 -5 -5 -5 -1 -5 -5 -1 -5  4  3 -5  1  5 -5 -4 -3 -3 -2  1    1   0   0   0   1   0   0   5   0  28  30   0   3  25   0   0   0   0   0   7  0.81 0.33
  448 Y   -5 -6 -6 -7 -1 -5 -6 -6 -1 -4 -3 -6 -4  7 -7 -5 -5  0  8 -4    0   0   0   0   1   0   0   0   1   0   1   0   0  44   0   0   0   1  51   0  2.25 0.67
  449 G    5 -4 -3 -4  0 -3 -4  3 -4 -3 -3 -3 -1 -2 -4  0  1 -4 -4 -1   51   0   0   0   2   0   0  25   0   1   1   0   2   1   0   5   8   0   0   3  0.83 0.38
  450 C    2 -4 -4 -4  0 -4 -4  1 -4  2  1 -4 -1  2 -4 -2 -1 -4 -2  3   19   0   0   0   2   0   0  11   0  13  16   0   0  10   0   1   2   0   0  24  0.38 0.23
  451 M   -1 -5 -5 -5  4 -4 -5 -4 -4  3  1 -5  6  4 -5 -2 -3 -3 -2  0    5   0   0   0  11   0   0   1   0  19  10   0  26  22   0   3   1   0   0   3  0.87 0.37
  452 G    3 -4  0 -4  8 -4 -4 -1 -4 -2 -3 -4  5 -4 -4  1  0 -5 -5 -3   25   0   4   1  30   0   0   5   0   1   1   0  17   0   0  11   4   0   0   0  1.02 0.43
  453 V    1 -4 -5 -5 -2 -4 -5 -4 -5  3  3 -4 -1  2 -4 -3 -2 -4 -2  4   14   0   0   0   0   0   0   1   0  16  28   0   0  10   0   1   0   0   0  30  0.63 0.30
  454 L    0 -4 -5 -5 -1 -4 -4 -1 -4  3  4 -4  1  2  0 -3 -2 -2 -2  2   10   0   0   0   1   0   0   4   0  15  41   0   2   8   6   0   0   0   0  12  0.50 0.25
  455 A    2 -3 -3 -2  2  3 -2  2 -3 -3 -4 -3  0 -3 -4  4 -1 -4  1 -3   20   0   0   1   5  15   0  14   0   1   0   0   2   1   0  33   2   0   5   0  0.57 0.34
  456 A    0 -4 -5 -5 -2 -4 -5 -2 -4  2  3 -4  2  5 -5 -3 -3  1  2  0   10   0   0   0   0   0   0   4   0  13  26   0   4  29   0   0   1   2   6   5  0.62 0.28
  457 L   -2 -5 -5 -6 -4 -5 -5 -5 -5  3  3 -5 -1  4 -1 -4 -3  5  0  2    2   0   0   0   0   0   0   0   0  14  32   0   0  21   3   0   0   9   1  17  0.79 0.33
  458 F   -5 -6 -7 -7 -6 -6 -7 -6 -5  0 -1 -6 -2  8 -7 -5 -5  5  1 -1    0   0   0   0   0   0   0   0   0   5   4   0   0  76   0   1   0   7   2   4  2.10 0.64
  459 M   -1 -5 -5 -6  1 -5 -5 -4 -6  3 -1 -5  1 -1 -5 -4  0 -5 -4  6    3   0   0   0   3   0   0   1   0  15   2   0   3   2   0   0   7   0   0  64  1.14 0.45
  460 W    0  1 -3 -5 -1 -1 -3 -4  0  1  2  0  0  1 -4 -1 -2  8  3 -1    7   8   0   0   1   2   1   1   3   7  19   6   2   4   0   3   1  23  10   4  0.61 0.27
  461 K   -1  4 -2 -4 -5 -1 -2 -4 -1 -2 -2  4 -1  3 -4 -2  0  1  0 -3    5  27   1   0   0   1   0   0   1   2   3  32   1  14   0   2   5   2   3   1  0.63 0.33
  462 F   -2  0 -2 -4 -2 -3 -3 -3 -2  0  1  1  3  4 -4 -3 -3  3  4  0    2   5   1   0   1   0   0   1   0   4  15  13  10  23   0   1   0   5  13   5  0.48 0.25
  463 V   -3 -5 -6 -6 -2 -5 -5 -6 -5  3  2 -5  5 -1 -5 -4 -2 -2 -2  6    1   0   0   0   1   0   0   0   0  13  14   0  14   1   0   0   1   0   1  54  1.09 0.43
  464 P   -4  1 -3 -4 -6 -3 -3 -6 -2 -4 -6  0 -4 -1  8 -4 -3 -7 -4 -5    1   7   1   0   0   1   1   0   1   1   0   7   0   3  75   0   2   0   0   0  2.09 0.65
  465 E   -5 -4 -4 -2 -8 -2  8 -6 -4 -7 -7 -3 -6 -7 -5 -4 -5 -7 -6 -6    0   0   0   0   0   0 100   0   0   0   0   0   0   0   0   0   0   0   0   0  2.57 0.82
  466 T   -4 -5 -4 -5 -5 -5 -5 -6 -6 -5 -5 -5 -3 -6 -5 -2  8 -7 -6 -4    0   0   0   0   0   0   0   0   0   0   0   0   0   0   0   0 100   0   0   0  2.52 0.84
  467 K   -2  3 -1 -4 -6 -2 -3 -5 -4 -6 -5  7 -2 -6 -4 -2 -1 -6 -5 -5    4  11   3   0   0   0   0   0   0   0   0  75   1   0   0   2   3   0   0   0  1.57 0.58
  468 G   -3 -5  2 -3 -6 -4 -5  7 -5 -7 -7 -4 -6 -7 -6 -3 -5 -6 -7 -7    0   0   8   1   0   0   0  90   0   0   0   0   0   0   0   0   0   0   0   0  2.16 0.65
  469 K   -3  4 -3 -4 -4 -1 -3 -5 -4  1 -2  5  2 -4 -4 -3 -2 -5 -4  2    1  24   0   0   0   2   0   0   0   7   2  41   5   0   0   0   1   0   0  15  0.83 0.39
  470 T    0 -3 -2 -3 -4 -2  2 -4 -3 -5 -5 -2 -4 -5  0  5  4 -6 -5 -4    7   0   1   0   0   1  12   0   0   0   0   1   0   0   5  49  24   0   0   0  0.92 0.45
  471 L   -5 -6 -7 -7 -5 -6 -6 -7 -6 -1  7 -6  0 -3 -6 -6 -5 -5 -4 -2    0   0   0   0   0   0   0   0   0   0  99   0   1   0   0   0   0   0   0   0  2.00 0.65
  472 E   -5 -4 -4 -1 -8 -2  8 -6 -4 -7 -7 -3 -6 -7 -5 -4 -3 -7 -6 -6    0   0   0   2   0   0  97   0   0   0   0   0   0   0   0   0   1   0   0   0  2.44 0.79
  473 E   -1 -2 -2  4 -6  3  5 -4  0 -6 -6  1 -4 -6 -4 -2 -3 -6 -5 -4    5   0   0  21   0  15  47   0   2   0   0   6   0   0   0   1   1   0   0   1  1.09 0.44
  474 L   -3 -5 -6 -6 -4 -5 -6 -6 -6  6  2 -5  8 -3 -6 -5 -4 -5 -4 -1    1   0   0   0   0   0   0   0   0  44  15   0  38   0   0   0   0   0   0   1  1.60 0.56
  475 E   -3 -3 -2  1 -6  3  7 -3  1 -6 -6 -2 -5 -6 -4  0 -2 -6 -5 -5    0   0   1   5   0  10  69   1   4   0   0   1   0   0   0   6   2   0   0   0  1.41 0.53
  476 A    2  2  0  0 -3  2  2 -1  0 -3 -3  3 -3 -4 -1  1  0 -4 -3 -3   18   9   3   5   0  10  12   4   2   0   2  19   0   0   1   8   5   0   0   0  0.29 0.18
  477 L   -2 -1  0  2 -3 -1  1 -3  1  0  2 -1  1  0 -3 -1 -1 -1  2  0    1   3   5  12   0   2  13   0   3   5  23   2   3   3   0   5   3   1   8   7  0.12 0.12
  478 W   -2 -4 -6 -6 -4 -4 -5 -5 -5 -1  4 -5  3  2 -6 -5 -3  9 -1 -1    3   0   0   0   0   0   0   0   0   2  38   0   6   8   0   0   1  35   0   4  1.49 0.47
  479 E    0  3 -1 -1 -3  1  0 -1  0  0  0  2  0 -3 -2  0  1 -4 -2  0    6  19   2   2   0   4   6   3   3   5  11  13   3   0   0   4  10   0   0   7  0.15 0.11
  480 P    1  2  1 -1 -3  1  1 -1  0 -3 -2  3 -2 -4  0  1  0 -4 -3 -2   11  10   6   2   0   4  10   3   2   1   2  28   1   0   5  10   3   0   0   2  0.29 0.17
  481 E   -2  3  2  0 -5  1  1 -1  1 -3 -3  4 -3 -4 -1  0 -2 -4 -2 -4    2  20   9   5   0   5   8   3   4   1   1  33   0   0   2   4   1   0   1   0  0.51 0.23
  482 T    1  2  0  0 -3  0  1  0  1 -2 -1  2 -1 -1 -1  0  0 -1 -1 -2   15  10   3   4   0   2   9   5   5   2   6  17   1   3   3   7   6   1   1   1  0.12 0.08
  483 K    0  3  1  0 -2  0  1  1  1 -3 -3  3 -2 -3 -1  0 -1 -4 -1 -2    5  18   8   5   1   3   7   9   3   1   2  23   0   0   2   7   2   0   2   2  0.26 0.13
  484 K   -1  3  0 -1 -4  2  2 -1 -1 -3 -3  4 -2 -4 -1  0 -1  0 -3 -3    4  21   3   2   0  10  13   3   1   1   1  29   0   0   2   6   4   1   0   1  0.44 0.18
  485 T    0  1  1  1 -2  1  0 -2 -1 -1 -1  2 -1 -2 -1  1  1 -3 -2 -1    8   6   7   7   0   8   5   1   0   4   5  15   1   2   2  15  11   0   0   5  0.13 0.08
  486 Q    2  1 -1  0 -3  2  1  0  0 -3 -2  1 -2 -2  2  1  0 -3 -2 -1   20  10   0   3   0  13   7   5   2   0   2   7   0   1   9  10   6   0   0   3  0.22 0.11
  487 Q    0  2 -1  0 -3  2  0  0 -1 -2 -2  2 -1 -3  1  1  0 -4 -3 -2   10  16   0   6   0  11   3   6   1   1   2  18   1   0   6  11   6   0   0   2  0.24 0.11
  488 T    2 -1  0 -1 -2  0  1  1 -1 -2 -3  1 -2 -3  0  2  2 -4 -3 -2   19   0   2   2   0   2   7  13   1   1   0  12   0   0   4  15  20   0   0   1  0.26 0.12
  489 A    4 -2 -1 -1 -2 -2  0  0 -3 -2 -3 -1 -2 -3 -2  2 -1 -4 -3  1   58   0   2   2   0   0   4   3   0   0   0   2   0   0   0  17   1   0   0  11  0.49 0.18
  490 T    1 -2 -1 -2 -2 -1 -1 -2 -2 -2 -2 -1  2 -3 -2  2  5 -3 -3 -1    9   0   0   0   0   0   3   0   0   0   0   0   8   0   0  15  64   0   0   0  0.60 0.16
  491 L   -1 -3 -3 -4 -1 -2 -3 -4 -3  3  3 -3  3  0 -3 -2 -1 -2 -1  3    0   0   0   0   0   0   0   0   0  20  34   0  15   0   0   0   0   0   0  31  0.36 0.04

                      K         Lambda
Standard Ungapped    0.1399     0.3261
Standard Gapped      0.0574     0.2670
PSI Ungapped         0.1874     0.3154
PSI Gapped           0.0574     0.2670
