
Last position-specific scoring matrix computed, weighted observed percentages rounded down, information per position, and relative weight of gapless real matches to pseudocounts
           A  R  N  D  C  Q  E  G  H  I  L  K  M  F  P  S  T  W  Y  V   A   R   N   D   C   Q   E   G   H   I   L   K   M   F   P   S   T   W   Y   V
    1 M   -2 -2 -3 -4 -2 -1 -3 -3 -2  0  1 -2  8 -1 -3 -2 -1 -2 -2  0    0   0   0   0   0   0   0   0   0   0   0   0 100   0   0   0   0   0   0   0  0.97 0.16
    2 K   -1  2  1 -1 -3  1  0 -2 -1 -3 -3  5 -2 -4 -2 -1 -1 -3 -2 -3    0   0   9   0   0   0   0   0   0   0   0  91   0   0   0   0   0   0   0   0  0.72 0.10
    3 K   -1  1 -1 -1 -3  0  0 -2 -1 -2 -2  5 -2 -3 -1  0  2 -3 -2 -2    0   0   0   0   0   0   0   0   0   0   0  71   0   0   0   0  29   0   0   0  0.54 0.09
    4 V   -1 -3 -3 -4 -1 -3 -3 -4 -4  2  1 -3  0 -1 -3 -2 -1 -3 -2  5    0   0   0   0   0   0   0   0   0   0   4   0   0   0   0   0   0   0   0  96  0.59 0.10
    5 L   -2 -3 -4 -4 -2 -3 -3 -4 -3  1  4 -3  2  1 -3 -3 -2 -2 -1  0    0   0   0   0   0   0   0   0   0   0  94   0   0   6   0   0   0   0   0   0  0.62 0.08
    6 A    4 -2 -2 -2 -1 -1 -1  0 -2 -1 -2 -1 -1 -2 -1  1  0 -3 -2  1   86   0   0   0   0   0   0   0   0   0   0   0   0   0   0   0   5   0   0   9  0.50 0.09
    7 L   -2 -2 -4 -4 -2 -2 -3 -4 -3  1  4 -3  3  0 -3 -3 -2 -2 -1  0    0   0   0   0   0   0   0   0   0   0  91   0   9   0   0   0   0   0   0   0  0.62 0.08
    8 V   -1 -3 -3 -3 -1 -3 -3 -4 -3  3  1 -3  1 -1 -3 -2 -1 -3 -2  4    0   0   0   0   0   0   0   0   0  37   6   0   4   0   0   0   0   0   0  53  0.45 0.06
    9 V    0 -3 -3 -3 -1 -2 -3 -3 -3  2  0 -3  0 -1 -3 -2  0 -3 -2  5    9   0   0   0   0   0   0   0   0   0   0   0   0   0   0   0   0   0   0  91  0.52 0.09
   10 A    4 -2 -2 -2 -1 -1 -1  1 -2 -1 -2 -1 -1 -3 -1  1 -1 -3 -2  0   85   0   0   0   0   0   0   9   0   0   0   0   0   0   0   0   0   0   0   6  0.51 0.08
   11 A    5 -2 -2 -2 -1 -1 -1  0 -2 -2 -2 -1 -1 -3 -1  1 -1 -3 -2 -1  100   0   0   0   0   0   0   0   0   0   0   0   0   0   0   0   0   0   0   0  0.66 0.10
   12 A    3 -2 -1 -2 -1 -1 -1 -1 -2 -1 -2 -1 -1 -3 -1  1  3 -3 -2 -1   55   0   0   0   0   0   0   0   0   0   0   0   0   0   0   4  41   0   0   0  0.43 0.07
   13 M   -2 -2 -3 -4 -2 -1 -3 -3 -2  1  3 -2  6  0 -3 -2 -1 -2 -1  0    0   0   0   0   0   0   0   0   0   0  42   0  58   0   0   0   0   0   0   0  0.61 0.10
   14 G    0 -2 -1 -2 -3 -2 -2  6 -2 -4 -4 -2 -3 -3 -2  1 -1 -3 -3 -3    0   0   0   0   0   0   0  86   0   0   0   0   0   0   0  14   0   0   0   0  1.05 0.09
   15 L   -2 -2 -4 -4 -2 -2 -3 -4 -3  1  4 -3  3  0 -3 -3 -1 -2 -1  0    0   0   0   0   0   0   0   0   0   0  85   0  15   0   0   0   0   0   0   0  0.59 0.08
   16 S    1 -1  0 -1 -1 -1 -1 -1 -1 -3 -3 -1 -2  0 -1  5  1 -3 -2 -2    0   0   0   0   0   0   0   0   0   0   0   0   0   5   0  95   0   0   0   0  0.63 0.11
   17 S    1 -1  0 -1 -1 -1 -1 -1 -1 -3 -3 -1 -2 -3 -1  5  1 -3 -2 -2    0   0   0   0   0   0   0   0   0   0   0   0   0   0   0 100   0   0   0   0  0.72 0.12
   18 A    3 -2 -2 -2 -1 -2 -2 -1 -2  2  0 -2  0 -2 -2  0  0 -3 -2  3   48   0   0   0   0   0   0   0   0  10   0   0   0   0   0   0   0   0   0  39  0.27 0.06
   19 A    4 -2 -2 -2 -1 -1 -1  0 -2 -1 -1 -1 -1 -1 -1  1  0 -3 -2  0   87   0   0   0   0   0   0   0   0   0   0   0   0   4   0   0   0   0   0   6  0.47 0.08
   20 F   -1 -2 -3 -3 -2 -3 -3 -3 -1 -1  0 -3  0  6 -3 -2 -2  0  2 -1    5   1   1   1   0   1   1   1   0   1   1   1   0  83   1   1   1   0   0   1  0.77 0.08
   21 A    4 -2 -2 -2 -1 -1 -1  0 -2 -1 -2 -1 -1 -1 -1  1  0 -2 -1 -1   87   1   0   1   0   0   1   1   0   1   1   1   0   4   1   1   1   0   0   1  0.47 0.08
   22 A    4 -1 -2 -2 -1 -1  0  0 -2 -2 -2 -1 -1 -2 -1  1  0 -2 -2 -1   87   1   0   1   0   0   4   1   0   1   1   1   0   0   1   1   1   0   0   1  0.48 0.08
   23 E   -1 -1  0  4 -3  1  3 -2 -1 -3 -3  0 -2 -3 -1  0  0 -3 -2 -2    4   1   0  42   0   6  36   1   0   1   1   1   0   0   1   1   4   0   0   1  0.56 0.05
   24 T    0 -1  0 -1 -1 -1  0 -2 -2 -1 -1 -1 -1 -2 -1  1  5 -2 -2 -1    1   1   0   1   0   0   4   1   0   1   1   1   0   0   1   1  87   0   0   1  0.59 0.09
   25 T    3 -2 -2 -2 -1 -1 -1 -1 -2  1 -1 -1  0 -2 -1  0  1 -3 -2  2   42   0   0   0   0   0   0   0   0   0   1   0   0   0   0   0  15   0   0  38  0.24 0.05
   26 T    2 -1  0 -2 -1 -1 -1 -1 -2 -1 -1 -1 -1 -2 -1  1  4 -3 -2  1   33   0   2   0   0   0   0   0   0   0   1   0   0   0   0   0  51   0   0   9  0.33 0.06
   27 T    0 -2  0 -1 -2 -1 -1 -2 -2 -2 -2 -1 -1  1  4  1  3 -2 -1 -1    8   0   4   0   0   0   0   0   0   0   0   0   0  10  30   5  40   0   0   0  0.52 0.06
   28 P    2 -1 -2 -2 -1  1 -1 -1 -2 -1 -2 -1 -1 -3  4  0  1 -3 -2  0   41   0   0   0   0   9   0   0   0   0   0   0   0   0  30   0  11   0   0   6  0.52 0.05
   29 A    3 -1 -1 -2 -1 -1 -1 -1 -2 -2 -2  1  0 -3  4  0  2 -3 -2 -1   44   0   0   0   0   0   0   0   0   0   0  10   4   0  23   0  18   0   0   0  0.43 0.06
   30 P    2 -2 -1  0 -2 -1  0 -1 -2 -2 -2 -1 -2 -3  4  0  2 -3 -2 -1   39   0   0   6   0   0   4   0   0   0   0   0   0   0  27   0  23   0   0   0  0.51 0.06
   31 T    2 -1  0 -1 -2  1 -1 -1 -2 -2 -2  0 -1 -3  4  0  2 -3 -2 -1   38   0   4   0   0   9   0   0   0   0   0   3   0   0  23   0  22   0   0   0  0.43 0.05
   32 A    3 -1 -1 -2 -1 -1 -1 -1 -2 -1 -1  1  1 -2  2  0  2 -3 -2 -1   46   0   0   0   0   0   0   0   0   0   0  10  11   0   9   0  24   0   0   0  0.28 0.06
   33 T    2 -2 -1 -2 -1 -1 -1 -1 -2 -1 -2 -1 -1 -3  3  1  4 -3 -2  0   26   0   0   0   0   0   0   0   0   0   0   0   0   0  19   0  49   0   0   5  0.47 0.07
   34 T    2 -2 -1 -2 -1 -1 -1 -1 -2 -1 -1 -1  1 -2 -1  1  4 -3 -2  0   33   0   0   0   0   0   0   0   0   0   0   0  10   0   0   4  51   0   0   2  0.36 0.07
   35 T    2 -1 -1 -1 -1 -1 -1 -1  1 -1 -2  1 -1 -2  0  1  3 -3 -2  0   30   0   0   0   0   0   0   0   6   2   0  10   0   0   3   6  38   0   0   5  0.25 0.05
   36 K    0  0  0 -1 -2  0  0 -2  4 -2 -2  2 -2 -3  2  0  2 -3 -1 -2   11   0   0   0   0   0   0   0  24   0   0  30   0   0  11   0  23   0   0   0  0.34 0.06
   37 A    3 -1  1 -1 -1  0 -1 -1 -1 -2 -2  1 -1 -3 -1  2  1 -3 -2 -1   47   0   8   0   0   0   0   0   0   0   0  13   0   0   0  21  10   0   0   0  0.30 0.05
   38 A    3 -1 -1 -2 -1  1 -1 -1 -2 -2 -2 -1 -1 -2  2  1  1 -3 -2 -1   63   0   0   0   0  11   0   0   0   0   1   0   0   0  10   0  12   0   0   0  0.36 0.06
   39 P    1 -2 -1 -1 -2 -1 -1 -2  1 -2 -2 -1 -2 -3  6  1  1 -3 -2 -1   12   0   0   0   0   0   0   1   6   0   1   0   0   0  48   9  16   0   0   5  0.78 0.05
   40 A    3 -1 -1 -1 -1  0 -1  0  1 -1 -1  0 -1 -2  1  1  0 -2 -1  0   56   1   1   1   0   4   1   1   4   1   1   5   0   1   6   7   1   0   1   7  0.23 0.04
   41 K    1  1  1 -1 -2  0  0 -1  1 -2 -2  4 -1 -2 -1  0 -1 -2 -1 -2   20   1   6   1   0   1   1   1   4   1   1  58   0   1   1   1   1   0   0   1  0.32 0.05
   42 T    1 -1 -1 -1 -1  0 -1 -2 -2 -1 -2  0 -1 -2  3  1  4 -3 -2 -1    9   0   0   0   0   4   0   0   0   0   1   4   0   0  15   7  56   0   0   0  0.43 0.06
   43 T    1 -1 -1 -1 -1  1 -1 -2 -1  0  0  0  2 -2 -1  1  2 -2 -2  1   11   0   0   0   0  14   0   0   0   4   1   4  18   0   0   7  30   0   0   9  0.16 0.04
   44 H   -2  0  0 -2 -3  0 -1 -3  8 -3 -3  1 -2 -2 -3 -1 -2 -3  1 -2    0   0   0   0   0   0   0   0  81   0   0  14   0   0   0   0   0   0   0   5  1.04 0.12
   45 H   -1 -1  0 -2 -3  0 -1 -2  8 -3 -3 -1 -2 -2 -3 -1  0 -3  1 -1    4   0   0   0   0   0   0   0  84   0   0   0   0   0   0   0   5   0   0   6  1.06 0.13
   46 K   -1  1  1 -1 -3  2  0 -2 -1 -2 -2  4  0 -3 -2  0  1 -3 -2 -1    0   0   5   0   0  10   0   0   0   0   0  65   5   0   0   0  10   0   0   4  0.41 0.07
   47 K    1  1 -1 -1 -3  1  0 -2  1 -3 -3  5 -2 -3 -1  0 -1 -3 -2 -2   15   0   0   0   0   0   0   0   5   0   0  79   0   0   0   0   0   0   0   0  0.55 0.09
   48 Q    0  0  0 -1 -2  4  0 -2  3 -1 -2  1 -1 -2  1  0  0 -2 -1  0    9   0   0   0   0  43   1   1  12   0   1   5   0   0   5   6   6   0   0  10  0.28 0.05
   49 H    0  0  0 -1 -2  0 -1 -2  6 -1 -2  1 -1 -2 -2  0  1 -2  0  0    6   0   0   0   0   0   1   1  49   0   1  10   0   0   0   5  16   0   0   9  0.41 0.06
   50 K   -1  2 -1 -1 -3  2  0 -2 -1 -3 -2  5 -1 -3 -1 -1 -1 -3 -2 -2    1   0   0   0   0  10   1   1   0   0   1  82   0   0   0   1   0   0   0   1  0.62 0.08
   51 A    2  1 -1 -1 -2  0  0 -1 -1 -2 -2  3 -1 -3  2  1  0 -3 -2 -1   25   0   0   0   0   0   1   1   0   0   1  47   0   0  10   6   6   0   0   1  0.32 0.05
   52 A    2 -1 -1 -1 -1 -1  0 -1 -2  0 -1 -1  1 -2  0  0  2 -2 -2  1   42   1   1   1   0   1   6   1   0   1   1   1   6   0   3   1  23   0   0  12  0.19 0.04
   53 P   -1 -1 -1 -1 -2 -1 -1 -2  1  0 -1  0 -1 -2  4  0  1 -2 -1  1    1   1   1   1   0   1   1   1   6   1   4   7   0   1  30   1  19   0   1  22  0.37 0.03
   54 A    2 -1 -1  0 -2  1  4 -1  1 -2 -2  0 -2 -2 -1  1 -1 -2 -2 -2   29   1   0   1   0   0  49   1   6   1   1   1   0   0   1   9   1   0   0   1  0.37 0.05
   55 Q    0  0 -1 -1 -3  5  1 -2  0 -2 -2  1  2 -3 -2  0 -1 -2 -2 -2    7   0   0   0   0  68   0   1   0   0   1   9  10   0   0   0   0   0   0   0  0.55 0.09
   56 K   -1  2 -1 -1 -3  2  0 -2 -1 -3 -3  5 -2 -3 -1 -1 -1 -3 -2 -2    1   0   0   0   0   7   0   1   0   0   1  87   0   0   0   0   0   0   0   0  0.65 0.09
   57 A    4 -1 -1 -2 -1 -1 -1  0 -2 -2 -2 -1 -1 -2  2  1  0 -3 -2 -1   71   3   0   0   0   0   0   1   0   0   1   0   0   0   9  12   0   0   0   0  0.41 0.06
   58 Q    0  1  1  1 -3  5  1 -2  0 -3 -2  1 -1 -3 -1  0 -1 -2 -2 -2    8   4   9  11   0  57   0   1   0   0   1   6   0   0   0   1   0   0   0   0  0.48 0.07
   59 A    3  0 -1 -1 -1  0 -1  0  1 -2 -2  0 -1 -2 -1  1  1 -2 -1 -1   57   4   1   1   0   1   1   1   6   1   1   8   0   1   1   7   9   0   0   1  0.25 0.05
   60 A    3 -1 -1 -2 -1 -1 -1 -1 -2  0  0  0  1 -2 -1  0  0 -2 -2  0   57   1   1   1   0   1   1   1   0   9   5   8   6   1   1   1   6   0   0   1  0.20 0.04
   61 K   -1  1  0 -1 -3  1  0 -2  2 -3 -2  5 -1 -3 -1 -1 -1 -3 -1 -2    1   1   1   1   0   1   1   1   8   1   1  80   0   1   1   1   1   0   0   1  0.54 0.08
   62 K   -1  1  2 -1 -3  1  1 -2  2 -3 -3  4 -2 -3 -1  0 -1 -3 -2 -2    1   0  12   0   0   0   5   1   8   0   1  69   0   0   0   1   0   0   0   0  0.48 0.08
   63 H    0  0  0 -1 -2  1  0 -2  6 -2 -2  0  0 -2  1  0  1 -2  0 -2    7   1   1   1   0   6   1   1  44   1   1   8   5   1   7   1  15   0   0   1  0.37 0.06
   64 H    0  1  2  0 -2  2  1 -1  5 -2 -2  1 -1 -2  0  0 -1 -2  0 -2    7   5  12   1   0  10   5   1  35   1   1   9   0   1   3   5   1   0   0   1  0.32 0.04
   65 K    0  1  0 -1 -2  1  1 -1 -1 -2 -2  4 -1 -2 -1  0  1 -2 -2 -2    9   1   1   1   0   1   3   1   0   1   1  62   0   1   1   1  14   0   0   1  0.34 0.05
   66 N    0  1  2 -1 -2  0  0 -1 -1 -1 -2  3 -1 -2 -1  0  1 -2 -2 -1    5   1  16   1   0   1   1   1   0   7   1  46   0   1   1   1  15   0   0   1  0.23 0.04
   67 T    1  0  0  0 -1  0  0  0 -1 -1 -1  1 -1 -2  1  0  2 -2 -2  0   24   1   1   8   0   1   1   5   0   1   2  16   0   1   8   1  22   0   1   6  0.14 0.02
   68 K    0  0  1 -1 -1  0  0  1 -1 -1 -1  2 -1 -2 -1  1  1 -2 -1 -1    9   2   8   2   1   1   2  12   1   2   3  31   1   1   2   7  10   0   1   7  0.12 0.02
   69 A    2  0  0 -1 -1  0  0 -1 -1 -1 -1  1  1 -2 -1  2  1 -2 -1 -1   32   1   3   1   0   1   1   1   0   1   2  16   7   1   1  19  11   0   1   1  0.16 0.03
   70 E    0  0  0  2 -2  1  3 -2  3 -1 -2  1 -1 -2 -1  0 -1 -2 -1  0    5   6   1  16   0   1  29   1  12   1   2   8   0   1   1   1   1   0   1  14  0.20 0.03
   71 Q    0  1  0 -1 -2  4  1 -1  0 -2 -2  3 -1 -2  0  0 -1 -2 -1 -2    8   1   1   1   0  46   1   1   0   1   2  27   0   1   4   1   1   0   1   1  0.39 0.06
   72 K    1  1 -1 -1 -2  0  0 -1 -1 -2 -2  3 -1 -2  2  1  0 -2 -2 -1   19   1   1   1   0   1   1   1   0   1   1  46   0   1  12   6   7   0   0   1  0.30 0.04
   73 A    4 -1 -2 -2 -1 -1 -1  1 -2 -2 -2  0 -1 -3  1  1 -1 -3 -2 -1   83   0   0   0   0   0   0   5   0   0   0   8   0   0   4   0   0   0   0   0  0.48 0.09
   74 P   -1 -2 -2 -2 -3 -2 -1 -3 -3 -2 -3  0 -2 -4  7 -1  0 -4 -3 -1    0   0   0   0   0   0   0   0   0   0   0   6   0   0  84   0   5   0   0   5  1.75 0.11
   75 E    0  0 -1  0 -3  1  4 -2 -1 -1 -1  0  2 -2  1 -1  0 -3 -2  0    5   6   0   0   0   0  54   0   0   0   0   0  15   0   6   0   5   0   0  10  0.33 0.06
   76 Q    0  0 -1 -1 -3  6  1 -2  0 -3 -3  1 -1 -4 -2  0 -1 -3 -2 -3    6   0   0   0   0  89   0   0   0   0   0   0   0   0   0   5   0   0   0   0  0.85 0.12
   77 K    0  2 -1 -1 -3  1  0 -2 -1 -3 -3  5 -2 -3 -1  0 -1 -3 -2 -2    7   0   0   0   0   0   0   0   0   0   0  93   0   0   0   0   0   0   0   0  0.67 0.09
   78 A    4 -1 -2 -2 -1  1 -1  0 -2 -2 -2 -1 -1 -3 -1  1  0 -3 -2 -1   91   0   0   0   0   9   0   0   0   0   0   0   0   0   0   0   0   0   0   0  0.49 0.07
   79 Q   -1  0 -1 -1 -3  6  1 -2  0 -3 -3  1 -1 -4  2 -1 -1 -2 -2 -3    0   0   0   0   0  91   0   0   0   0   0   0   0   0   9   0   0   0   0   0  0.85 0.10
   80 A    4 -2 -2 -2 -1 -1 -1  0 -2 -2 -2 -1 -1 -3 -1  1  0 -3 -2 -1   93   0   0   0   0   0   0   0   0   0   0   0   0   0   0   7   0   0   0   0  0.53 0.07
   81 A    4 -2 -2 -2 -1 -1 -1  0 -2 -2 -2 -1 -1 -3 -1  1  1 -3 -2  0   93   0   0   0   0   0   0   0   0   0   0   0   0   0   0   0   7   0   0   0  0.52 0.07
   82 K   -1  2  0 -1 -3  3  1 -2 -1 -3 -3  4 -1 -3 -1  0 -1 -3 -2 -3    0   0   0   0   0  26   0   0   0   0   0  74   0   0   0   0   0   0   0   0  0.59 0.06
   83 K   -1  2  0 -1 -3  1  0 -2 -1 -3 -3  5 -2 -3 -1 -1 -1 -3 -2 -3    0   0   0   0   0   0   0   0   0   0   0 100   0   0   0   0   0   0   0   0  0.70 0.07
   84 H   -2 -1  0 -2 -3  0 -1 -2  8 -4 -3 -1 -2 -2 -3 -1 -2 -3  1 -4    0   0   0   0   0   0   0   0 100   0   0   0   0   0   0   0   0   0   0   0  1.26 0.10
   85 A    1 -1  0 -1 -2  0 -1 -2  6 -2 -2 -1 -1 -2 -2  1  1 -3  0 -1   16   0   0   0   0   0   0   0  52   0   0   0   0   0   0   8  18   0   0   6  0.44 0.05
   86 K   -1  2  0 -1 -3  1  0  1 -1 -3 -3  5 -2 -3 -1  0 -1 -3 -2 -3    0   0   0   0   0   0   0  11   0   0   0  89   0   0   0   0   0   0   0   0  0.57 0.06
   87 K    2  1  0 -1 -2  1  0 -1 -1 -3 -2  4 -1 -3 -1  0 -1 -3 -2 -2   25   0   3   0   0   0   0   0   0   0   0  72   0   0   0   0   0   0   0   0  0.43 0.05
   88 H    3 -1 -1 -2 -1 -1 -1 -1  5 -2 -2 -1 -1 -2 -1  0  0 -3  0 -1   60   0   0   0   0   0   0   0  36   0   0   0   0   0   0   0   4   0   0   0  0.42 0.05
   89 S    0 -1  0 -1 -1  0  0 -1  4 -1 -2  0 -1 -2 -1  2  2 -2 -1  0    1   1   0   1   0   0   1   1  20   1   1   4   0   0   1  33  25   0   0  10  0.23 0.03
   90 H    0  0  0 -1 -2  1  0 -2  6 -2 -2  1 -1 -2 -2  1 -1 -3  0 -1    4   0   0   0   0   8   0   0  52   0   0   9   0   0   0  20   0   0   0   7  0.45 0.05
   91 Q   -1  0  0 -1 -2  4  1 -2  5 -3 -2  0 -1 -2 -2  1  1 -2  0 -2    0   0   0   0   0  38   5   0  31   0   0   0   0   0   0  15  11   0   0   0  0.44 0.04
   92 Q   -1  1  0  1 -3  4  1 -2  0 -3 -3  3 -1 -3 -1  0 -1 -3 -2 -3    0   0   0  10   0  43   0   0   0   0   0  46   0   0   0   0   0   0   0   0  0.53 0.05
   93 P    2 -1 -1 -1 -1 -1 -1 -1 -2 -2 -2  0 -1 -3  3  2  2 -3 -2 -1   28   0   0   0   0   0   0   0   0   0   0   5   0   0  17  30  21   0   0   0  0.38 0.03
   94 A    3 -1 -1 -1 -1 -1 -1  0 -1 -1 -1 -1 -1 -2  1  1  1 -2 -1  0   60   1   1   1   0   1   1   2   0   1   2   1   0   1   8   1   7   0   1   9  0.24 0.02
   95 K    0  1  0 -1 -1  0  0 -1 -1 -1 -1  3 -1 -1  1  0  0 -1 -1  0    3   2   2   2   1   2   3   3   1   2   4  46   1   2   8   3   2   1   1  11  0.16 0.01
   96 P    0 -2 -2 -2 -3  0 -1 -2 -2 -3 -3 -1 -2 -4  7 -1  0 -4 -3 -2    6   0   0   0   0   8   0   0   0   0   0   0   0   0  81   0   5   0   0   0  1.62 0.06
   97 A    3 -1 -1 -2  2 -1 -1 -1 -2 -1 -1  0 -1 -2 -1  1  2 -3 -2  0   61   0   0   0   5   0   0   0   0   0   0   8   0   0   0   0  21   0   0   5  0.29 0.03
   98 A    3 -2 -2 -2  2 -1 -2 -1 -2  1 -1 -1  0 -2 -2  0  1 -3 -2  2   49   0   0   0   5   0   0   0   0   0   0   0   0   0   0   0  11   0   0  35  0.23 0.03
   99 Q    1  0 -1 -1 -2  4  0 -2 -1  0 -1  0  0 -2 -2  0 -1 -2 -2  2   14   0   0   0   0  52   0   0   0   0   0   0   0   0   0   0   0   0   0  34  0.29 0.04
  100 P   -1 -2 -2 -2 -3 -2 -1 -2 -2 -3 -3 -1 -3 -4  8 -1 -1 -4 -3 -3    0   0   0   0   0   0   0   0   0   0   0   0   0   0 100   0   0   0   0   0  2.16 0.06
  101 A    4 -2 -2 -2 -1 -1 -1  0 -2 -2 -2 -1 -1 -2 -1  1  0 -3 -2  0  100   0   0   0   0   0   0   0   0   0   0   0   0   0   0   0   0   0   0   0  0.51 0.05
  102 A    4 -2 -2 -2 -1 -1 -1  0 -2 -1 -2 -1 -1 -2 -1  1  0 -3 -2  0  100   0   0   0   0   0   0   0   0   0   0   0   0   0   0   0   0   0   0   0  0.47 0.03

                      K         Lambda
Standard Ungapped    0.1079     0.3033
Standard Gapped      0.0305     0.2670
PSI Ungapped         0.0990     0.2873
PSI Gapped           0.0305     0.2670
