
Last position-specific scoring matrix computed, weighted observed percentages rounded down, information per position, and relative weight of gapless real matches to pseudocounts
           A  R  N  D  C  Q  E  G  H  I  L  K  M  F  P  S  T  W  Y  V   A   R   N   D   C   Q   E   G   H   I   L   K   M   F   P   S   T   W   Y   V
    1 M   -3 -3 -4 -5 -3 -2 -4 -5 -4 -1  2 -3 10 -2 -5 -4 -3 -3 -3 -1    0   0   0   0   0   0   0   0   0   0  13   0  87   0   0   0   0   0   0   0  1.74 0.41
    2 V    0  0  2 -1 -2 -1 -2 -2 -2  0  0 -1  4 -1  0  1  0 -3 -2  1    8   6  11   3   0   0   0   0   0   2   3   2  21   2   4  17   3   0   0  16  0.17 0.14
    3 S    1  0  2  1 -3  1 -1 -1 -1 -3 -3 -1  0 -4 -2  3  2 -4 -3 -2   11   5  11   9   0   8   0   3   1   0   0   1   3   0   1  34  13   0   0   1  0.34 0.18
    4 S    0  0  2  0 -3  1  0 -2  0 -2 -3  1 -2  0  1  3  2 -4 -2 -2    6   5  13   2   0   8   2   0   2   2   0   8   0   4   6  26  13   0   0   2  0.27 0.16
    5 F    0 -2  0 -3 -3 -2 -3 -2 -3  0  0  0  6  3  2  1 -1 -3 -1 -1    5   1   4   0   0   1   0   2   0   5   3   7  29  12   9  13   2   0   2   3  0.37 0.26
    6 T    0 -2  0 -2 -3  1 -1 -1 -1  1 -2  1 -2  2  1  1  2 -3 -2 -1    9   0   4   1   0   7   1   3   1  12   1  11   0  13   7  15  14   0   0   1  0.16 0.17
    7 S    0 -1  3 -1 -3  0  0  0 -2 -2 -2  2 -2 -3  1  2  2 -4 -2 -1    7   1  15   2   0   4   3   7   0   1   3  15   0   1   6  18  14   0   1   3  0.25 0.18
    8 A    0 -1  4  0 -3  2  1 -2  2 -3 -4  0 -3 -1  0  2  1 -3  1 -2    7   1  22   2   0  12   6   0   5   1   0   6   0   3   4  15  10   0   6   1  0.32 0.21
    9 P    0 -3 -1 -1 -4 -1 -3 -3 -1  1  0 -2 -3 -1  6  1 -1 -5 -4 -2    9   1   4   3   0   3   0   0   1  12   8   2   0   3  41  11   3   0   0   0  0.73 0.31
   10 R   -1  2 -3 -4 -3  0 -2 -3  0  1  4  1  1  0 -3 -3 -2 -4 -2  0    5  11   1   0   0   5   1   1   2   5  46   9   2   4   1   1   2   0   0   5  0.37 0.25
   11 S    2  1  0 -1 -3  0 -2 -2 -1 -2 -2  2 -3 -3 -3  3  1 -3 -3 -3   19   8   4   2   0   5   0   2   1   2   3  15   0   0   0  28  10   0   1   1  0.37 0.28
   12 G    1 -5 -3 -5 -6 -5 -5  7 -6 -7 -7 -5 -6 -7 -6 -3 -3 -6 -6 -5   11   1   1   0   0   0   0  85   0   0   0   0   0   0   0   1   1   0   0   1  2.03 0.74
   13 F    1 -5 -5 -5 -3 -4 -5 -5 -4  3  1 -5  2  6  0 -3 -2 -1  1  2   12   0   0   0   0   0   0   0   0  15  12   0   5  32   5   1   1   1   3  12  0.67 0.37
   14 Y    0  1  1  0 -4  1 -1  2  3 -3 -3  0 -3  0 -3  1  1 -3  1 -3    6   9   5   4   0   8   2  18  10   1   2   4   0   4   0  11   9   0   5   1  0.23 0.20
   15 Y    2 -5 -5 -4 -1 -4 -5 -5  0 -3 -2 -5 -2  1 -6 -1 -3 -2  8 -2   20   0   0   1   1   0   0   0   2   1   4   0   1   4   0   4   2   0  58   2  1.52 0.69
   16 F   -2 -5 -2 -6 -5 -5 -6 -6  0 -2  3 -5 -2  6  1 -5 -5 -3  3 -2    3   0   2   0   0   0   0   0   2   1  33   0   0  37   9   0   0   0  10   2  1.09 0.54
   17 A    0 -1 -3 -4 -3 -2 -3  0 -3  1  2 -2  2  4 -3  0 -1  1  0  0    6   4   0   0   0   2   1   8   0   7  24   2   4  20   1   7   3   2   1   7  0.24 0.20
   18 Q   -2  5 -2  0 -5  3  1 -1  0 -4 -3  4  0 -4 -4 -2 -2 -5  0 -4    3  29   1   6   0  11   9   5   2   0   2  22   2   0   0   2   1   0   3   0  0.61 0.37
   19 G    3 -5 -4 -3 -5 -5 -5  6 -5 -3 -3 -4 -5 -6 -5 -1 -1 -6 -6 -4   26   0   0   2   0   0   0  59   0   2   3   0   0   0   0   4   3   0   0   1  1.29 0.59
   20 W   -2 -4 -5 -6 -3  1 -5 -5 -2  1  3 -5  0  5 -5 -4 -3  6 -1  0    4   1   0   0   0   8   0   1   1   8  26   0   2  30   0   0   1  10   1   7  0.83 0.43
   21 K    0  4 -1 -2 -4  2 -1  1  1 -3 -4  3 -4 -4 -2  2 -1 -5 -4 -3    8  26   2   1   0   8   2  11   4   1   1  16   0   1   1  15   2   0   0   1  0.49 0.33
   22 L   -4 -2 -4 -2 -3  2 -4 -6 -3  1  5 -5  2  2 -6 -5 -4  6 -1 -1    0   2   1   3   0   9   1   0   0   6  51   0   4   9   0   0   0  10   1   2  0.90 0.48
   23 V    0 -3 -4 -5 -2 -3 -5 -5 -5  5  3 -3  2  0 -3 -4 -2 -5 -3  3    7   1   0   0   1   1   0   0   0  33  28   1   4   4   1   0   1   0   0  17  0.72 0.38
   24 S    0  3 -1 -3 -2 -1 -3  0 -1 -2  1  1  0  1 -2  1  1  0 -1 -2    9  20   3   0   0   1   0   9   1   0  14   7   3   7   1   9  10   1   2   1  0.19 0.21
   25 Q   -2  4  0  1 -5  3  0 -3  4 -5 -3  1 -4 -5 -4  1  2 -5 -3 -4    3  20   4   9   0  14   4   2   9   0   3   7   0   0   0  13  11   0   1   1  0.49 0.34
   26 P   -2  1 -2 -5 -6 -2 -4 -4  4 -6 -2  2 -5 -6  7 -2 -4 -6 -2 -6    3   6   1   0   0   1   0   1  11   0   5  13   0   0  53   2   0   0   2   0  1.45 0.66
   27 G   -1  3 -2 -3 -5  1 -1  5 -1 -5 -5  3 -1 -6 -3 -1 -3 -5 -5 -4    3  16   2   1   0   6   3  42   1   1   0  16   1   0   1   3   1   0   0   1  0.81 0.44
   28 I   -3 -2 -6 -6 -3 -4 -5 -6 -5  3  5 -2  1  2 -6 -5 -3  1  0 -1    1   3   0   0   1   0   0   0   0  15  57   3   3   8   0   0   2   2   3   1  0.95 0.47
   29 R   -6  6 -5 -6 -7 -2 -5 -6 -5 -3  1  2  1  0 -6 -5 -4  9 -1 -5    0  37   0   0   0   2   0   0   0   1  12  10   3   4   0   0   1  28   2   0  1.60 0.71
   30 R   -2  5 -2 -4 -5 -1 -3  1 -4 -2  1  3 -1 -3  0 -2 -2 -1 -4 -2    3  32   1   0   0   2   0  12   0   2  14  17   1   1   6   3   2   1   0   2  0.54 0.37
   31 F   -3 -5 -6 -6 -5 -3 -6 -5 -2  0  1 -4  0  6 -6 -3 -5  3  5  2    2   0   0   0   0   1   0   1   1   5  11   1   2  37   0   2   0   3  22  12  1.15 0.54
   32 V   -1 -5 -3 -5 -2 -5 -5  1 -5  3  2 -5 -1  1 -5 -2 -2 -5 -1  5    5   0   1   0   1   0   0  13   0  13  15   0   1   7   0   3   1   0   2  38  0.61 0.37
   33 I    0 -5 -5 -6 -4 -5 -5  0 -5  3  3 -5  1  3 -5 -4 -3  1 -1  1    9   0   0   0   0   0   0   9   0  20  34   0   4  12   0   1   0   2   1   9  0.63 0.37
   34 L   -3 -5 -6 -6 -1 -5 -6 -4 -6  5  4 -2  2  0 -6 -4 -3 -5 -4  2    2   0   0   0   1   0   0   2   0  31  38   2   4   4   0   1   0   0   0  14  0.95 0.47
   35 P   -2 -2 -6 -6 -1 -6 -6  0 -7 -7 -3 -2 -7 -8  8 -3  0 -8 -7 -7    4   2   0   0   2   0   0   7   0   0   3   2   0   0  74   2   5   0   0   0  2.16 0.92
   36 L    1 -5 -5 -6 -4 -5 -5  0 -5  3  4 -5  2  2 -3 -3 -1 -5 -4  2   11   0   0   0   0   0   0   8   0  16  38   0   4   7   1   1   3   0   0  12  0.62 0.38
   37 L    1 -5 -5 -6 -1 -5 -5  0 -6  3  4 -5  0  1 -4 -3 -2 -5 -4  1   11   0   0   0   1   0   0   9   0  13  45   0   2   5   1   1   2   0   0  10  0.67 0.41
   38 V    0 -6 -6 -7 -5 -6 -6 -3 -6  5  3 -6 -1 -1 -6 -5 -3 -6 -5  3    9   0   0   0   0   0   0   2   0  36  27   0   1   3   0   0   1   0   0  21  1.03 0.53
   39 N   -2 -5  7 -4 -6 -4 -5 -2 -4 -3 -1 -4  0 -4 -6  1  3 -7 -3 -1    4   0  47   0   0   0   0   2   0   2   8   0   2   1   0  10  19   0   1   4  1.12 0.65
   40 I   -1 -5 -6 -6 -1 -5 -6 -2 -6  4  4 -5  0  2 -6 -3  0 -5 -4  2    5   0   0   0   1   0   0   4   0  26  33   0   2   8   0   1   6   0   0  15  0.76 0.44
   41 L    2 -5 -6 -6 -2 -5 -5 -1 -6  3  3 -5  0 -1 -5 -3 -2 -1 -4  4   16   0   0   0   1   0   0   5   0  18  28   0   1   3   0   1   2   1   0  24  0.68 0.43
   42 L   -2 -6 -7 -7 -2 -6 -7 -4 -7  2  6 -6  0  0 -7 -5 -3 -6 -5  2    3   0   0   0   1   0   0   2   0  11  64   0   2   4   0   1   1   0   0  12  1.22 0.63
   43 M   -1 -6 -6 -4 -5 -5 -6  0 -3  0  2 -6  3  6 -6 -3 -2  4  4  0    4   0   0   1   0   0   0   7   0   5  16   0   6  33   0   1   3   6  12   5  0.87 0.50
   44 G    1 -5 -3 -5 -2 -2 -4  3 -5  2  1 -4 -1  1 -5  0 -1 -1 -2  2   13   0   1   0   1   1   0  22   0  14  11   0   1   5   0   9   2   1   1  17  0.39 0.32
   45 G    3 -5 -4 -5  0 -4 -5  4 -2  0  1 -4 -2  0 -5  0 -1 -5 -1  1   23   0   0   0   2   0   0  30   1   5  14   0   0   4   0   7   3   0   2   9  0.53 0.40
   46 A    3 -5 -5 -5 -4 -5 -4  1 -5 -1  4 -4  1 -1 -5  0 -2 -5 -4  1   28   0   0   0   0   0   1  10   0   3  34   1   3   2   0   7   2   0   0   9  0.60 0.45
   47 F   -1 -1 -4 -5 -4 -2 -5 -2 -2  2  2 -3  0  5 -5 -1 -1  1  4  0    6   3   1   0   0   2   0   3   1  10  22   1   2  21   0   4   3   1  12   7  0.50 0.36
   48 W    0 -4 -6 -6 -5 -2 -3  0 -4  1 -2 -5  0  3 -6 -1 -1  8  5  1    8   1   0   0   0   2   2   7   0   8   4   0   2   9   0   6   3  20  17  11  0.84 0.52
   49 W    1 -5 -5 -6 -5 -2 -5  1 -5 -1  2 -4 -1  4 -6 -3 -2  6  2  0   12   0   0   0   0   2   0  12   0   3  22   1   1  17   0   2   3  12   7   8  0.66 0.45
   50 L    1 -6 -3 -6 -1 -5 -6  0 -1  0  4 -5  0  4 -6 -2 -2 -5 -2  0   10   0   1   0   1   0   0   8   1   4  45   0   2  15   0   3   2   0   1   6  0.71 0.48
   51 F    0 -3 -3 -4 -4 -3 -4  0 -4  2  1 -4  2  5 -4 -1 -3  4  2  1    9   1   1   1   0   1   1   7   0  10  12   1   6  21   1   5   1   6   7  11  0.46 0.35
   52 T    0 -1  0  0 -4  0 -2  0  2 -2 -1 -2 -1  1 -2  2  1  2  2 -1    8   2   5   6   0   3   2   7   6   2   6   1   1   6   1  16  11   3   8   6  0.14 0.20
   53 Q   -1 -1  1 -3 -5  3 -1  0  1 -4  0 -2 -1  2 -3 -1 -4  6  3 -2    6   4   8   1   0  15   3   6   4   0  10   2   2   8   1   4   0  11  11   3  0.45 0.38
   54 L    0 -5 -5 -4 -4 -5 -4  0 -1  3  3 -4  0  3 -3 -2 -1 -4 -3  0    8   0   0   1   0   0   1   9   2  14  32   1   2  15   1   3   4   0   0   7  0.48 0.36
   55 D   -1 -2  1  2 -4 -1  1  2 -2 -1  0 -2 -1 -1  0  1  0  2 -2 -1    3   1   8  14   0   3   8  18   1   3   9   2   1   3   4  10   4   3   1   5  0.17 0.19
   56 V    0  0  0  3 -4  1  1  2  1 -2 -1 -1 -1 -3  1  0 -1  0 -1 -1    6   5   3  17   0   8   7  15   3   1   6   2   2   1   6   6   3   1   2   4  0.17 0.19
   57 W   -2 -2 -3 -7 -6 -3 -6 -3 -3  1  2 -6  1  2 -3 -2 -3 10  0 -2    4   2   2   0   0   2   0   3   1   6  21   0   4   8   1   3   1  36   3   3  1.41 0.74
   58 I    0 -4 -3 -5 -1  0 -5 -4 -2  4  2 -4  1  2 -5 -2 -1 -1 -1  2    7   1   1   0   1   4   0   1   1  28  17   0   4   8   0   2   4   1   2  16  0.50 0.36
   59 P    2 -1  1  3 -4  1  2  0  0 -2 -3 -3 -2 -3  1  0  0 -5 -2 -1   17   3   5  16   0   5  15   8   2   2   2   0   1   1   8   4   6   0   1   4  0.27 0.27
   60 T    1 -1 -1 -1 -4  1 -1  1  2 -2 -1 -1 -1  0 -3  1  1  7  0 -3   10   3   2   3   0   7   4  10   5   2   6   2   2   4   1  10   8  15   3   2  0.36 0.31
   61 L    0 -5 -5 -4 -4 -4 -3 -3 -5  2  3 -4  3  2 -3 -3 -1  4  0  1    9   0   0   1   0   0   2   2   0  12  32   1   6   9   1   2   4   6   3   8  0.50 0.36
   62 M   -2 -3  0 -1 -4 -1 -1 -3  0  1  2 -4  4  1 -1 -1  2  5 -2  0    3   1   4   5   0   2   4   1   2   9  17   0  14   6   3   3  13   7   1   5  0.31 0.30
   63 S    1 -2  0 -1 -4 -1 -2  1 -1 -2 -1 -2 -3 -3  4  1  0 -1 -1  0   14   1   5   3   0   2   2  10   1   2   6   1   0   1  24  13   5   1   2   6  0.37 0.33
   64 Y   -2  0  1  0 -4  1 -1  0  0 -2 -2 -1 -1  3  2 -1 -1  6  1 -3    3   6   6   5   0   6   3   9   2   3   4   3   2  11  10   5   4  13   4   1  0.32 0.28
   65 V    1 -2 -4 -1 -4 -1  0 -3 -4  1  3 -2  0  0  0  0 -2  3 -3  1   12   1   0   4   0   2   6   2   0   8  31   2   2   5   4   6   2   4   0   8  0.25 0.26
   66 P   -1 -2  0  1 -5  0  1 -1  1 -1 -2 -2 -1  1  5 -2 -1  3 -4 -2    5   2   4   8   0   4   8   6   4   4   3   2   2   6  31   3   4   4   0   2  0.51 0.40
   67 D   -1 -2  1  2 -4  0  0  3  2 -1 -2 -1 -3 -2  0  0  0  1 -1 -2    4   2   6  14   0   3   7  22   5   5   3   3   0   2   5   8   5   2   2   2  0.22 0.22
   68 W   -2 -6 -2 -1  0 -2  0 -2 -5 -1 -1 -3  0 -1 -3 -2 -1 10  2 -2    3   0   2   4   2   2   6   4   0   4   7   2   3   3   2   3   3  40   7   3  1.39 0.77
   69 L    0 -1 -2 -2 -3 -1 -1 -1  0  0  2 -1  0  0  1  0  0  3  0  0    6   3   2   2   0   3   5   5   2   6  25   3   2   4   7   6   5   4   3   7  0.09 0.14
   70 Q    0 -2  0  0 -4  2  1  2  1 -4 -4 -1 -4 -4 -1  3  1 -3 -4 -4    7   1   2   5   0   9  11  18   3   1   1   3   0   1   2  30   7   0   0   0  0.42 0.31
   71 W    0 -3 -6 -6 -5 -2 -5 -2 -5  0 -1 -5 -2  4  1 -2 -3 10  0 -2    8   1   0   0   0   2   0   3   0   6   5   0   1  16   7   3   2  40   2   3  1.46 0.61
   72 L    0 -5 -5 -4 -4 -4 -5 -3 -5  2  5 -5  0  1 -3 -3 -2  5 -2  0    8   0   0   1   0   1   0   2   0   9  55   0   1   6   2   2   2   8   1   3  0.77 0.42
   73 S    0  1  0  1 -3  1  1  1 -1 -3 -2 -1 -1 -1 -2  2  0  1  0 -2    9   8   4   7   0   6   9  11   1   1   3   1   1   3   1  20   7   2   3   1  0.16 0.16
   74 Y   -2 -3 -3 -2 -4 -4 -4  0 -1  0 -1 -4 -1  2 -3 -1  0  8  5  1    3   1   1   3   0   0   1   8   1   5   4   1   2   8   1   4   7  23  18   9  0.75 0.39
   75 L    0 -2 -4 -5 -3 -4 -4 -2 -4  3  4 -4  0  1 -3 -2 -1 -4 -1  2    7   2   0   0   0   0   0   3   0  18  39   0   2   6   1   2   3   0   1  15  0.49 0.29
   76 L    1 -3 -4 -4 -3 -2 -4 -3 -4  2  3 -3  1  2 -4 -1 -1 -1 -1  1   11   1   0   0   0   1   0   2   0  14  38   1   3   9   0   6   2   1   1   9  0.41 0.26
   77 W    0  2 -3 -2 -4 -1 -3 -1 -2 -1 -1  0 -2 -1 -4  0  0  9  0 -1    8  13   1   2   0   2   1   5   1   3   7   5   1   2   0   8   6  29   3   5  0.77 0.39
   78 P    0 -4 -4 -3 -4 -4 -4  0 -4  3  0 -4 -2  0  4 -2 -1  2 -2  2    7   0   0   1   0   0   0   8   0  24   9   0   0   5  23   3   3   4   1  13  0.52 0.32
   79 L    0 -4 -4 -5 -1 -4 -4 -3 -4  3  4 -4  1  1 -4 -2 -2 -3 -1  2    9   0   0   0   1   0   0   2   0  19  41   0   3   7   0   3   1   0   1  12  0.52 0.29
   80 A    2 -3 -3 -4 -2 -2 -3  0 -3  1  2 -2  0  3 -3  1 -1 -3  0  1   23   1   0   0   1   1   0   6   0   6  21   1   1  16   0  10   3   0   2   9  0.26 0.22
   81 V    1 -2 -1 -2 -3 -2 -2  2 -1  1  0 -2 -1  2 -3 -1 -1  3 -1  3   11   2   2   1   0   1   2  15   1   8   8   1   1   9   1   4   3   4   1  25  0.16 0.16
   82 I    0 -4 -5 -5 -2 -4 -4 -2 -4  4  3 -4  0  0 -2 -3 -1  0 -2  3    9   0   0   0   1   0   0   3   0  26  31   0   1   4   1   1   2   1   1  19  0.51 0.29
   83 S    0 -3 -3 -3 -1 -2 -3  1 -3  1  2 -3  2  0 -2  1  1 -3 -3  1    8   0   0   0   1   1   0  13   0   5  27   0   6   3   2  13  10   0   0  12  0.23 0.20
   84 V    0 -2 -3 -1 -1 -3 -2 -1 -2  3  2 -2  1  0 -3 -1 -1 -3 -1  2    6   2   0   4   1   0   2   5   1  19  26   1   4   4   0   5   3   0   2  16  0.20 0.16
   85 L    0 -2 -4 -4 -3 -3 -4 -1 -4  1  4 -3  1  2 -4 -1 -2  0 -1  1    9   1   0   0   0   0   0   5   0   8  43   0   3  11   0   4   2   1   1  12  0.41 0.24
   86 L    1 -4 -4 -5 -3 -4 -4 -2 -4  2  3 -4  1  3 -4 -2 -1 -3 -2  3   12   0   0   0   0   0   0   4   0   8  34   0   2  15   0   2   3   0   0  20  0.46 0.27
   87 V    0 -4 -4 -4 -3 -3 -3 -1 -4  3  3 -3  2  0 -4 -1  0 -4 -2  2    8   0   0   0   0   0   1   6   0  17  34   0   5   4   0   4   6   0   0  14  0.37 0.23
   88 F    0 -3 -2 -4  1 -3 -3  0 -3  1  0 -3  2  4 -2 -1  0  1  2  1    9   0   1   0   3   0   0   8   0   6   9   0   6  23   1   5   5   2   9  13  0.28 0.20
   89 G    1 -3 -3 -2 -1 -3 -3  1 -3  0  0 -3  1  3 -2  1 -1 -2  2  1   12   0   0   1   1   0   0  12   0   6   8   0   3  15   1  14   2   0   9  15  0.20 0.18
   90 Y   -2 -3 -2 -5 -4 -4 -2 -4 -2  1  2 -3  1  5 -5 -2 -2  2  5  0    2   1   2   0   0   0   2   1   0   9  17   1   4  28   0   3   1   2  21   6  0.60 0.31
   91 F   -1 -4 -3 -4 -1 -3 -4 -1 -4  2  2 -3  1  3 -4  0  2 -3 -1  0    4   0   0   0   1   0   0   5   0  11  27   0   3  17   0   8  17   0   1   6  0.34 0.24
   92 F   -1 -5 -5 -5 -4 -5 -5 -3 -3  0  0 -5  2  7 -5 -1 -2  1  4 -2    5   0   0   0   0   0   0   2   0   6   7   0   6  54   0   5   2   1  11   2  1.07 0.45
   93 S    1 -1  0 -2 -2 -1 -2  0 -3 -1 -1  1 -1  0  0  2  3  1 -2  0    9   2   5   0   0   1   0   5   0   3   6   9   1   5   3  17  23   2   0   8  0.17 0.18
   94 T    1 -2 -2 -3 -2  0 -2 -3  0  1  1 -2  1  0  2 -1  1 -3  1  1   17   1   1   0   0   5   0   0   3   8  15   0   3   3  10   3  13   0   5  12  0.18 0.17
   95 I   -2 -4 -5 -5 -3 -4 -5 -3 -5  4  3 -4  1  2 -5 -3 -2 -4 -2  4    2   0   0   0   0   0   0   2   0  21  29   0   2  10   0   2   2   0   0  31  0.67 0.33
   96 A    3 -3 -2 -3 -1 -1 -1  0 -3  0 -2 -2  1  0 -1  0  3 -4 -3  1   27   0   0   0   1   2   3   7   0   4   2   0   3   4   2   6  27   0   0  11  0.32 0.26
   97 N    1 -2  4 -2 -1 -1 -2 -1 -1 -1  2 -2  1 -2  0  0 -1 -3  0  0   11   0  25   0   1   3   0   3   1   2  23   0   3   1   5   8   3   0   4   6  0.22 0.21
   98 W    0 -3 -3 -4 -3 -3 -4 -3 -4  3  3 -3  2  3 -1 -2 -1  3 -1  1    9   0   1   0   0   0   0   1   0  17  30   0   4  13   3   2   3   5   0  11  0.37 0.22
   99 I   -2 -4 -5 -5 -3 -4 -5 -5 -5  5  3 -2  0  2 -5 -4 -3 -4 -3  3    1   0   0   0   0   0   0   0   0  44  23   3   1   8   0   0   0   0   0  19  0.84 0.37
  100 A    4 -3 -2 -1  1 -3 -3  3 -3 -2 -1 -3  1 -2 -3  0  0 -4 -3  0   40   0   1   4   4   0   0  22   0   1   7   0   4   2   0   4   6   0   0   5  0.44 0.29
  101 A    4 -3 -2  0 -3  0 -1  2 -3 -2 -3 -1 -3 -3 -3  3  0 -4 -4 -2   39   0   0   4   0   4   4  14   0   2   1   3   0   1   0  23   4   0   0   2  0.48 0.31
  102 P   -2 -5 -5 -5 -1 -4 -4 -4 -1 -2  0 -3 -1  1  8 -4 -4  1 -2 -2    3   0   0   0   2   0   0   1   2   2   8   1   2   8  67   0   0   2   1   2  1.68 0.60
  103 F   -3 -6 -6 -6 -5 -6 -6 -3 -4  0  0 -6 -2  8 -6 -5 -5  4  2  0    2   0   0   0   0   0   0   2   0   4   8   0   0  67   0   0   0   6   5   5  1.58 0.58
  104 N   -2 -2  4 -2 -2  0 -3 -4  0 -1  1 -2  2  1 -4 -1 -2 -2  5 -2    3   2  22   1   1   4   0   0   1   2  15   2   8   4   0   3   2   0  27   2  0.49 0.32
  105 G   -1 -3 -1  4 -1 -2  1  4 -4 -5 -5 -3 -5 -2 -4  1 -1 -5 -2 -3    5   1   2  27   1   0  10  36   0   0   0   0   0   2   0   9   4   0   1   2  0.75 0.41
  106 L   -1  0 -1  1 -4  0 -1 -3  0  0  2  0  0  2  2  0 -1  0  0 -1    4   4   2   9   0   4   2   1   3   4  21   7   2  10  11   6   3   1   4   4  0.13 0.15
  107 L   -2 -7 -8 -8 -5 -6 -7 -8 -7  3  6 -7  0 -1 -7 -6 -5 -6 -5  2    4   0   0   0   0   0   0   0   0  13  64   0   2   2   0   0   0   0   0  15  1.42 0.66
  108 A    5 -2 -5 -5 -5 -3 -5 -4 -5 -6 -3 -5 -5 -2 -5  4 -3  0 -1 -3   53   3   0   0   0   1   0   0   0   0   3   0   0   2   0  33   1   1   2   1  1.29 0.71
  109 E    0 -1 -3  0 -7 -1  7 -1 -2 -7 -7 -2 -3 -7 -5 -3 -2 -7 -3 -6    9   4   1   5   0   2  65   6   1   0   0   1   1   0   0   1   2   0   1   0  1.44 0.73
  110 Q    0  3 -4 -4 -5  2 -1 -3  1  0 -2  5 -1 -5 -4 -3 -2  0 -3  0    9  17   0   0   0  10   3   2   3   6   4  33   1   0   0   1   2   2   1   6  0.63 0.41
  111 L   -2 -6 -6 -7 -2 -6 -6 -3 -7  2  1 -6  1 -3 -6 -4  1 -6 -5  6    4   0   0   0   1   0   0   3   0  11  10   0   3   1   0   1  10   0   0  56  1.17 0.64
  112 E   -2 -5 -5  2 -7 -1  7 -4 -5 -4 -2 -4 -2 -2 -6 -3 -5 -7 -1 -3    3   0   0   9   0   2  70   1   0   1   4   0   1   2   0   1   0   0   2   3  1.61 0.86
  113 A    1  2 -1  0 -4  1  2 -2 -1 -1 -1  3 -1 -3 -4 -1 -1 -1 -3 -1   13  14   3   5   0   6  14   2   1   4   5  18   2   1   0   3   4   1   1   4  0.26 0.26
  114 R   -1  3 -1  0 -4  1  1 -3  3  0  1  0  1 -1 -4 -1 -2 -4  1 -1    4  17   1   6   0   6   7   1   9   7  13   5   4   2   0   5   2   0   5   5  0.20 0.22
  115 L   -1  0 -2 -1  1 -2 -2 -4  1  1  4 -1  0  0 -4 -2 -1 -1  0  1    4   5   2   4   3   1   3   1   4   5  41   4   2   3   0   2   2   1   3  11  0.35 0.28
  116 T   -2  0  0 -2 -1 -3 -1  1  2 -3 -2 -2 -2 -1 -3  0  5 -4  3 -2    3   6   4   2   1   0   4  11   4   1   3   2   1   2   1   7  36   0  11   2  0.51 0.42
  117 G   -2 -3  0 -2 -5 -2 -2  6  0 -6 -4 -3 -5 -5  3 -3 -4 -5 -1 -4    3   2   4   3   0   2   3  59   2   0   3   2   0   0  12   2   0   0   2   2  1.17 0.64
  118 A    0  1  1  1 -4  3  2  0  2 -2 -3  2 -2 -3 -2  0 -1  0 -2 -3    7   8   6   8   0  16  12   7   5   2   1  13   1   1   2   5   3   2   1   2  0.28 0.26
  119 T    0  0  0  1  0  0  1 -1  1 -1 -1  0  0 -1  3 -1  0 -3 -1  0    7   4   5   9   2   2  12   5   3   3   6   6   2   2  13   3   5   0   2   8  0.11 0.11
  120 P   -1 -1 -1  0 -3 -1 -1 -2  1  1  0 -1  0  0  4  0  0 -3  0  1    5   2   2   5   0   2   3   3   4   9  11   3   3   4  19   6   6   0   4   9  0.18 0.17
  121 P    0 -1  2  0 -4  0 -1  0  1 -1 -2 -3 -3 -4  5  0  0 -4  1 -1    8   3  10   4   0   4   5   6   3   3   5   0   0   0  27   6   6   0   5   4  0.42 0.32
  122 D    0 -2  0  4 -5  0  3  0  0 -3 -3 -2 -4 -2  3  0 -2 -5 -4 -2    6   1   4  22   0   3  18   8   2   2   3   2   0   2  15   6   3   0   0   3  0.46 0.35
  123 T    0  0  0  2 -3 -1  1  0  1 -1 -2 -1  0  2 -1  0  1 -2 -1 -1    8   4   4  11   0   2  11   7   4   3   3   2   3  10   3   8  10   1   1   5  0.11 0.15
  124 G    0  0  1  0 -4 -1  0  3 -1 -2 -3 -2 -3 -4  1  2  0 -4 -4 -1    7   6   5   6   0   2   5  22   2   2   3   2   0   0   8  18   6   0   0   5  0.28 0.25
  125 I    0 -1 -2  0 -3 -2  1 -1 -3  0  2 -2  1  2  1 -1 -1  5 -1  0    6   3   2   5   0   1   9   4   0   6  19   2   4   8   8   4   4   7   1   7  0.17 0.17
  126 F    0  1 -1 -2 -3  0 -1  1 -1  0  0  0  0 -1  1  0  1  2 -1  0   10   8   2   2   0   4   3   9   1   6  11   7   2   3   7   4   9   3   1   8  0.06 0.08
  127 G    0 -1  0  1 -4  1  0  3 -2 -3 -2 -1 -2 -2  2  2 -1  0 -4 -3    7   4   4   9   0   7   6  21   1   2   4   2   1   2  10  13   4   2   0   1  0.28 0.26
  128 I   -1 -1 -1 -3 -1 -1 -3 -2 -1  2  2 -2  2  3 -2 -2 -1  2 -1  1    5   3   3   1   1   2   2   3   1  11  24   2   4  15   2   3   4   3   1   9  0.25 0.21
  129 M    1 -3 -2 -3  0 -3 -1 -2 -2  2  1 -3  3  1 -2 -1 -1  5 -2  1   14   1   1   2   2   0   4   4   1  11  14   1   9   5   2   5   4   8   1   9  0.26 0.22
  130 K    1  3 -2 -2 -4  2  1 -1  0 -4 -1  4  3 -4 -2 -1 -2  0 -2 -3   10  15   1   2   0   8   7   5   2   1   6  23   7   0   2   5   2   1   2   2  0.37 0.30
  131 D   -2 -2 -1  5 -5  0  1 -1 -4 -2 -1 -4  3 -1  3  1 -2 -5 -5 -3    4   2   2  27   0   5  10   5   0   2   7   0   7   3  12   9   2   0   0   2  0.48 0.38
  132 V    0 -3 -5 -6 -2 -5 -4 -4 -5  4  3 -5  1  2 -5 -3 -1  2 -2  2    7   1   0   0   1   0   1   2   0  23  26   0   3  10   0   2   3   2   1  15  0.63 0.39
  133 P   -1 -2 -3 -2 -1 -3 -3  2 -3 -2  1 -3 -2  0  5 -2 -3  7 -2 -1    6   2   1   3   1   1   2  15   1   2  12   1   1   4  24   3   1  14   1   6  0.66 0.44
  134 R   -2  6 -2  0 -6 -1 -1 -3  1  0 -3 -1 -2 -1 -1 -1 -2 -6 -1 -2    3  50   1   5   0   3   4   2   3   5   2   3   1   3   4   5   2   0   2   4  0.86 0.52
  135 I    2 -2 -2 -2 -3  0 -3  2 -3  1 -1 -2  2 -1 -3  2  1 -4 -3  0   16   1   0   2   0   4   0  15   0  10   5   0   6   3   0  21  10   0   0   7  0.25 0.25
  136 M   -1 -4 -5 -5  0 -4 -4 -3 -4  4  4 -4  3  0 -4 -4 -2  3 -3  1    6   0   0   0   2   0   0   2   0  24  38   0   9   4   0   0   2   4   0   8  0.65 0.36
  137 K    1  2 -1 -2 -3 -1 -1  1 -1  0  0  2 -1 -1 -3  0 -1  2 -1  0   14  13   2   1   0   2   1  11   1   4  10  14   1   3   0   4   3   4   1  10  0.11 0.13
  138 R   -2  4  0  2 -4  0  1 -2  0  0 -1 -1  1  0 -3  0 -1 -4 -1 -1    2  30   4  12   0   3   7   2   2   6   5   1   4   4   0   9   2   0   3   5  0.27 0.23
  139 E    1 -3  0 -2  0  2  5  0 -3 -4 -4 -2  0 -2 -3  2  0 -4 -4 -2   10   0   3   0   2   8  38   8   0   0   1   0   3   2   0  18   4   0   0   3  0.54 0.38
  140 W   -1 -1 -4 -5  2 -4 -4 -3 -4  2  3 -4  1  1 -4 -3 -2  7 -2  2    4   4   0   0   4   0   0   2   0  13  32   0   3   5   0   2   2  15   0  13  0.62 0.34
  141 Q    0  4 -1 -3 -2  2 -1 -2 -1 -1 -1  3 -1 -2 -2 -1 -1 -4 -3 -1    8  27   3   0   1   9   2   3   1   4   6  20   1   2   2   4   3   0   0   4  0.35 0.26
  142 K   -1  1  0 -1 -4 -2 -2 -4 -3  1  0  5 -1  2 -2  0 -1 -4 -3 -1    3   6   5   3   0   0   0   0   0  10   7  38   1  11   1   7   2   0   0   4  0.41 0.32
  143 F    0 -4 -5 -5 -3 -3 -4 -3 -4  2  4 -4  2  2 -4 -2 -1 -1 -3  1    9   0   0   0   0   1   0   2   0  10  49   0   5   8   0   2   4   1   0   8  0.63 0.36
  144 A    1 -2 -2 -3  0 -2 -3  2 -3  1  2 -1  0  1 -3 -1 -1  2 -2  1   13   2   1   1   2   1   0  17   0   9  23   3   2   5   0   3   2   3   0  13  0.21 0.19
  145 W   -3  1 -4 -5 -4 -3 -3 -4 -1  0  2 -1  0  3 -4 -4 -3  2  6  1    1   9   0   0   0   1   1   1   1   4  17   4   2  13   1   0   0   3  30  11  0.67 0.39
  146 Y    1 -2 -2 -3 -1  1 -1 -2 -1  0  0 -2  1  2 -2  0  0  2  2  2   11   2   1   0   1   7   4   2   1   4   9   0   4   9   2   9   4   3   9  18  0.13 0.16
  147 L    0 -4 -4 -5 -3 -4 -4 -2 -4  3  4 -4  2  1 -4 -2 -1 -4 -3  1   10   0   0   0   0   0   0   4   0  16  43   0   5   4   0   3   3   0   0  10  0.53 0.32
  148 P    0  0 -3 -3  0 -1 -2 -1 -3  0  1 -1  1  1  3 -1 -1  1 -2  0   10   5   0   0   3   2   0   6   0   6  20   5   4   7  18   3   3   2   0   6  0.20 0.17
  149 R    0  2 -2 -1  1 -1 -2  0 -2  0  0  0  0  1 -3 -1 -2  5  1  0    8  15   0   4   4   3   0   8   0   7   7   5   3   7   0   3   0  10   4   9  0.17 0.17
  150 A    3 -3  2 -3 -3 -1 -2  2 -2 -1 -1 -2  2  0 -3  0  1 -3  0 -1   29   0  10   0   0   3   0  14   0   4   7   0   6   4   0   5   9   0   4   4  0.24 0.25
  151 I   -1 -4 -4 -5  0 -4 -4 -1 -5  5  3 -4  0 -1 -1 -3 -2 -4 -3  3    5   0   0   0   2   0   0   5   0  34  27   0   1   2   3   1   1   0   0  18  0.57 0.31
  152 V    1 -4 -3 -4 -1 -3 -4  0 -4  2  2 -3  1  1  3 -2 -2  2 -2  2   11   0   1   0   1   0   0   9   0  13  20   0   3   6  14   1   1   3   0  17  0.30 0.22
  153 L    1 -4 -3 -4  1 -2 -4 -2 -4  1  3 -3  0  1  0 -2  0  2 -1  1   15   0   1   0   3   2   0   3   0   7  41   0   1   6   4   2   5   3   1   7  0.33 0.25
  154 L   -2 -5 -2 -5 -4 -5 -5 -3 -4  1  4 -5  1  5 -5 -3 -2  0 -1  0    3   0   2   0   0   0   0   2   0   6  48   0   3  28   0   1   2   1   0   5  0.83 0.41
  155 I    0 -4 -5 -5 -3 -4 -4 -3 -4  3  3 -4  0  1  1 -3 -2 -4 -2  2   10   0   0   0   0   0   0   2   0  22  36   0   2   6   7   1   1   0   1  13  0.52 0.30
  156 L    0 -4 -5 -5  2 -4 -5 -3 -5  2  5 -4  1  0 -5 -2 -2 -4 -3  1    7   0   0   0   4   0   0   2   0  10  60   0   2   4   0   3   2   0   0   7  0.75 0.39
  157 Y   -1 -3  1 -3 -2 -2 -3  2  0 -1  1 -2 -1  2 -2  1 -1  3  2 -1    3   0   8   0   1   1   0  21   2   1  19   1   1  12   1  13   2   4   6   3  0.24 0.22
  158 F   -3 -5 -5 -5 -2 -5 -5 -4 -4  0  3 -5  0  7 -5 -3 -3  4  0 -1    2   0   0   0   1   0   0   1   0   3  25   0   1  52   0   1   1   5   1   4  1.11 0.47
  159 I   -2 -4 -4 -5 -3 -4 -4 -5 -4  5  2 -4  1  2 -4 -4 -1 -3 -2  3    2   0   0   0   0   0   0   0   0  42  21   0   3   7   0   0   2   0   0  21  0.73 0.33
  160 P   -1 -4 -4 -4 -4 -4 -4 -3 -4  0 -1 -3 -3  0  7 -2 -1 -5 -2 -2    4   0   0   0   0   0   0   2   0   5   8   0   0   5  65   3   4   0   1   2  1.51 0.52
  161 G    0 -3 -2 -3 -3 -3 -3  3 -3  0  0 -3 -1  0  3 -1 -2  2 -2  3    8   0   1   0   0   0   0  23   0   5   9   0   1   4  16   2   0   3   0  25  0.35 0.22
  162 I   -1 -3 -4 -4 -1 -3 -3 -2 -3  3  2 -3  0  1 -2 -3 -2  0 -1  4    5   1   0   1   1   0   1   4   0  22  20   1   0   7   2   1   1   1   1  32  0.40 0.22
  163 G   -1 -2  2 -1 -3 -2 -2  5 -2 -2 -1 -2 -2 -2 -2 -1 -1 -3 -3  0    4   1  11   3   0   1   1  50   0   3   6   1   0   2   2   3   4   0   1   7  0.54 0.22
  164 Q   -1 -1  2 -1 -3  4 -1  0 -1 -1  0 -1 -1  0  1  0  1  0 -2  0    3   1  14   3   0  24   1   6   1   2   9   1   1   4   8   8   8   2   0   6  0.20 0.18
  165 T    0 -3 -1 -3 -2 -2 -3 -2 -3  2  1 -2  0  2  2 -1  2 -1 -1  2    6   0   3   0   0   0   1   2   0  16  12   0   1  11  12   2  17   1   0  15  0.23 0.17
  166 V    1 -3 -4 -4 -1 -1 -3 -3 -4  3  2 -3  0  2 -3 -2 -1 -3 -2  3   16   0   0   0   1   3   0   1   0  22  21   0   1   9   0   2   2   0   0  22  0.37 0.24
  167 A    3 -3 -1 -3 -2 -1 -2  2 -2  0 -2 -2 -2  2 -1  1 -1  0  0  1   32   0   3   0   0   3   0  14   0   5   1   0   0  11   2  10   3   1   4   9  0.24 0.21
  168 P    0 -3 -3 -3 -1  0 -1 -1 -3 -1 -1 -2 -2 -2  6 -1  1 -1 -3 -2    9   1   1   1   1   4   3   3   0   4   7   1   0   2  46   4  10   1   0   3  0.84 0.32
  169 V    0 -3 -3 -3 -2 -3 -3 -2 -3  3  1 -3  0  2 -1 -2 -1  1 -1  3    8   1   1   1   0   1   1   2   0  21  14   1   1  11   4   2   3   2   1  28  0.30 0.19
  170 L    0 -3 -3 -4  0 -3 -3 -1 -3  3  4 -3  1  0 -2 -2 -1 -3 -2  1    8   1   0   1   1   0   1   6   0  21  44   1   2   3   1   1   2   0   0   7  0.40 0.23
  171 W    1 -3  0 -3 -3 -1 -3  3  1 -1 -1 -3  0  1 -3 -1 -1  8  1 -2   11   1   6   1   0   3   1  21   4   4   5   1   2   5   1   4   3  22   5   2  0.54 0.28
  172 F    1 -3 -3 -4 -1 -3 -3  0 -3  1  0 -3 -1  5 -2  0  0  2  2  0   11   0   0   0   1   0   0   6   0   9  10   0   1  34   2   6   6   3   5   5  0.40 0.27
  173 L    0 -3 -3 -4  0 -3 -3 -1 -3  1  3 -3  2  2 -3 -1  0  2  0  1   10   0   0   0   2   0   0   4   0   9  32   0   7  11   0   4   8   4   2   7  0.26 0.20
  174 F   -1 -3 -4 -4 -1 -3 -4 -3 -3  2  1 -3  0  4 -4 -2 -1  5  2  2    4   0   0   0   1   0   0   2   0  10  14   0   2  25   0   3   2   7   6  20  0.46 0.26
  175 S    1 -2  2 -1  0  0 -1  1 -2 -2 -2 -2  0  0 -3  2  3 -3 -2 -2   12   0  10   1   2   5   2  12   0   1   2   0   2   6   0  18  25   0   0   1  0.28 0.24
  176 A    4 -3 -2 -3  3 -2 -3  2 -3 -1 -2 -1  0 -1 -3  1  1 -4 -3 -1   41   0   0   0   7   0   0  18   0   3   2   4   3   2   0   8   7   0   0   3  0.42 0.29
  177 W   -3 -1 -1 -5  1 -4 -4 -5 -1 -2  0 -4 -1  2 -5 -3  0 10  4 -3    1   4   3   0   3   0   0   0   1   2   8   0   1   7   0   1   8  42  16   1  1.43 0.55
  178 M    0 -1 -3 -3  1 -2 -1  0 -2  2  1 -2  4  2 -3 -1 -1  3  2  0    7   4   0   0   4   0   6   8   0  15  10   0  15   8   0   4   4   4   7   5  0.17 0.18
  179 L    0 -2  1 -2 -2 -1 -2  0  2  1  0 -2  2  1 -2  0  1 -2  2  0    8   0   8   0   0   0   0   8   8   8   8   0   8   8   0   8   8   0   8   8  0.08 0.11
  180 A    2 -2  0 -2  4  0 -2  2  3 -1 -2 -2 -2  0 -2  0  0 -3 -2 -1   22   0   5   0  13   5   1  15  10   5   1   0   0   5   0   7   6   0   0   5  0.22 0.17
  181 I   -2  3 -4 -3 -2 -2 -1 -2 -1  2  2 -2  1  2 -4 -3 -3  4  0  1    3  18   0   1   1   1   6   3   2  13  20   0   3  11   0   0   0   7   3   9  0.32 0.26
  182 Q   -2 -3 -3  3 -5  4  5  0  0 -5 -4 -2 -4 -5 -4  0 -2 -5 -1 -3    2   0   0  16   0  17  41   8   2   0   1   0   0   0   0   6   1   0   3   1  0.85 0.51
  183 Y   -5 -5  0 -6 -2 -5 -5 -6  0 -2  2 -5  2  4 -6 -2 -3 -2  7 -2    0   0   5   0   1   0   0   0   1   2  18   0   4  18   0   3   1   0  44   3  1.26 0.62
  184 C    0 -4 -3 -2  3 -3 -3 -2 -2  1  1 -3  2  5 -4 -2  2 -3 -1  0    7   0   1   2   8   1   1   3   1   7  14   1   7  26   0   2  12   0   1   7  0.39 0.29
  185 D    0 -2 -1  6 -5 -1  1 -1 -4 -5 -4 -3 -2 -4 -4  1 -1 -6 -5 -3    9   1   1  54   0   2   8   5   0   0   2   0   1   1   0  10   3   0   0   2  0.98 0.51
  186 Y   -1 -2 -4 -5 -1 -3 -4 -4 -2  0  1 -4  2  4 -1 -2 -2 -2  7  0    5   3   0   0   1   1   0   1   0   4  11   0   5  16   3   2   1   0  38   8  0.82 0.45
  187 P    3 -1 -4 -4 -3 -3 -3 -2 -4  0 -1 -3 -3 -4  5  0  0 -4 -1  0   29   3   0   0   0   0   0   3   0   5   5   0   0   0  33   5   6   0   2   7  0.74 0.41
  188 F    2 -4 -1 -5 -1 -2 -4 -3 -1 -1  3 -4  4  5 -2 -2 -2  0  0 -2   22   0   3   0   1   1   0   1   2   1  27   0  11  24   2   1   1   1   2   0  0.59 0.40
  189 D    0 -3 -2  4  0  1  4 -1 -2 -3 -3 -2  2 -4 -3  0  0 -4  1 -1    7   0   0  22   2   7  28   4   1   1   2   0   6   0   0   6   4   0   6   4  0.47 0.34
  190 N   -2  6  5 -3  0 -2 -3 -4 -3 -3 -3  0 -1 -1 -5 -2 -2 -5 -2 -5    3  52  24   0   2   0   0   0   0   1   2   4   2   3   0   3   1   0   2   0  1.16 0.59
  191 H   -4  5  0 -1 -6 -1 -2 -5  7 -2 -3  1 -1  2 -5 -3 -4 -2  1 -3    1  33   4   3   0   2   1   0  28   2   2   8   1   8   0   1   0   1   4   1  0.97 0.52
  192 K   -1  3  0 -1 -4  1  0  3  0 -4 -2  2 -1 -4 -2 -1 -2 -4 -2 -3    3  21   3   3   0   7   5  26   2   1   5  15   2   0   1   2   2   0   2   1  0.40 0.26
  193 V   -1 -1 -3 -1  1 -1 -1 -4  0  2  1 -1  4  1 -1 -1  0  2  0  2    3   3   0   3   3   3   3   0   3  11  16   3  12   5   3   4   4   3   3  13  0.17 0.19
  194 P   -1  2  0  0  1  0  0  0  1 -2 -2  0 -3 -1  4  2  0 -4 -3 -2    4  11   5   6   3   3   5   6   3   3   3   6   0   3  18  14   4   0   0   3  0.24 0.24
  195 F   -3 -1 -5 -5 -5 -4 -1 -5 -4 -2  1 -3 -3  8 -1 -4 -4  2  1 -2    3   4   0   0   0   1   5   1   0   2  11   2   0  54   4   1   1   3   4   3  1.27 0.65
  196 K    1  3  0  0 -4  2  0  0  0 -3 -4  2 -2 -2  1  0 -1 -1 -3 -2   12  19   4   5   0   8   4   7   2   2   1  15   1   1   6   7   3   1   1   2  0.28 0.26
  197 E   -1  0 -1  3 -6  3  5 -3  0 -3 -4  0 -5 -6 -3 -1 -1 -6 -3 -1    6   5   2  18   0  12  33   1   2   1   1   4   0   0   1   3   5   0   1   5  0.67 0.48
  198 M    2  3 -2 -5 -2  1 -3 -5 -5 -2 -2  2  7 -5 -5  0 -3 -6 -3 -1   17  14   2   0   1   7   1   0   0   1   3  11  30   0   0   6   1   0   1   3  0.82 0.58
  199 R   -4  6 -3 -3 -6  0 -4 -6  1 -2  2  3 -1 -1 -5 -4 -3  1 -2 -1    1  39   1   2   0   4   0   0   3   3  17  16   1   2   0   0   1   2   2   5  0.84 0.55
  200 T    2  2  1 -1  0  1  0  0 -1 -3 -2  0 -1 -1 -2  0 -1 -4 -1 -2   20  15   8   3   2   7   4   8   2   1   4   6   2   2   1   7   4   0   2   3  0.17 0.20
  201 A    1  1 -1 -2 -2 -1 -1 -3 -2  0  2 -1  2  3 -4 -2 -1  4  0 -1   16   7   2   2   1   3   4   1   1   4  19   3   6  13   0   2   4   6   2   4  0.21 0.22
  202 L   -1  2 -6 -6 -1 -3 -6 -4 -6  1  5 -5  1 -2 -6 -4 -2  0 -2  1    4  12   0   0   1   1   0   1   0   7  53   0   3   1   0   1   2   2   1  10  0.86 0.53
  203 R    0  5  0 -4 -2 -1 -3  0  1 -3 -3  4 -1 -1 -5 -1 -3  3 -2 -4    8  34   4   0   1   2   1   6   3   1   3  22   1   3   0   4   1   4   1   1  0.69 0.48
  204 T   -1  3 -1  0  0  4  1 -1  0 -4 -3  3 -2 -5 -4  0  0 -5 -3 -3    6  17   2   4   2  21   7   5   2   1   2  15   1   0   0   7   6   0   1   2  0.46 0.38
  205 R   -2  3  3 -1 -2  1 -2 -3  6 -4 -3  2 -4 -3 -3  0 -1 -5  1 -2    3  15  16   3   1   7   1   1  20   1   2  11   0   1   1   7   4   0   4   3  0.62 0.44
  206 K   -1  6 -2 -5 -2  1 -3 -2 -1 -2  0  2 -2  0 -1 -2 -2  2 -1 -3    5  38   2   0   1   5   0   3   1   2  10  13   1   4   3   2   2   3   2   1  0.61 0.45
  207 I    0 -2 -2 -4 -4 -3 -3  2 -4  0  1 -3  1  0  3  0  1  4 -2  0    8   1   2   0   0   1   1  19   0   4  14   1   4   4  13   6   9   7   1   6  0.31 0.27
  208 T    0  1 -2 -1 -3  1 -1 -1  0  0  1  1  0 -1 -2  0  2 -4 -1 -1   10   6   1   2   0   8   4   3   2   4  17   9   3   2   1   4  18   0   2   2  0.14 0.19
  209 N    2 -2  2 -4  1 -4 -4 -3  0  1 -1 -4  0 -4 -4  3  1 -2  0  2   15   2  10   0   3   0   0   1   3   8   4   0   2   0   0  26   7   1   4  15  0.40 0.37
  210 M   -1 -5 -5 -6 -1 -3 -4 -4 -4  1  3 -5  2  4 -1 -3 -1  5  3  1    6   0   0   0   1   1   1   1   0   7  28   0   6  18   3   1   3   7   8   8  0.58 0.37
  211 Q    0 -2 -3 -4 -1  1 -4  5 -5 -1  0 -4 -1 -2 -5  2  2 -5 -5 -2    5   2   0   0   1   7   0  39   0   3  10   0   2   2   0  15  11   0   0   2  0.62 0.44
  212 F    1 -6 -2 -7  1 -6 -6 -3 -5 -2  1 -6 -4  8 -7 -3 -2 -4  0 -2   14   0   3   0   3   0   0   2   0   1  11   0   0  58   0   2   3   0   2   2  1.48 0.72
  213 G   -1 -6 -2 -5 -6 -6 -6  7 -6 -7 -3 -5 -6 -7 -6 -2 -5 -6 -7 -7    5   0   2   0   0   0   0  85   0   0   4   0   0   0   0   3   0   0   0   0  2.09 0.86
  214 A    2 -4 -4 -4  0 -4 -4  2 -4  1  3 -4  2  0 -4  0  0 -1 -3  0   16   0   0   0   2   0   0  14   0   7  29   0   4   4   0   7   7   1   0   7  0.33 0.27
  215 L    1 -4 -4 -4 -2 -2 -4  1 -4  2  2 -4  1  1  1 -2 -1 -1 -3  2   12   0   0   0   1   2   0  10   0  11  25   0   3   5   7   2   3   1   0  18  0.32 0.25
  216 T   -1 -5 -4 -5  4 -2 -5 -5 -5  3  0 -4  2  3 -2 -2  1 -4 -1  4    6   0   1   0   9   2   0   0   0  15   8   0   5  12   2   2   7   0   1  29  0.55 0.35
  217 S    3 -3 -1 -4 -3 -2 -3  0 -1 -2  1 -3  3  1 -4  2  1 -1  2 -1   23   0   3   0   0   1   0   7   1   1  12   0  10   6   0  15   9   1   7   4  0.30 0.29
  218 L    1 -5 -5 -6 -1 -5 -5  0 -5  1  4 -5  2  1 -4 -4 -3 -4 -3  2   11   0   0   0   1   0   0   8   0   6  49   0   4   7   1   0   1   0   0  12  0.70 0.41
  219 F    0 -5 -5 -6  3 -5 -5 -2 -5  0  3 -5  2  5  2 -3 -3  0 -2  0   10   0   0   0   6   0   0   3   0   4  29   0   5  26  10   1   1   1   0   5  0.63 0.39
  220 T   -1 -4 -3 -4  0 -2 -2 -3 -3  1  3 -3  1  2 -4  1  3 -4 -2  1    4   0   1   1   1   1   2   1   0   6  29   0   3  10   0   9  21   0   1   9  0.37 0.30
  221 M    0 -4 -4 -5 -4 -3 -4 -3 -4 -2  3 -3  6  1 -4  2  1  2 -2 -1    8   0   0   0   0   1   0   1   0   1  28   1  20   7   0  19   8   3   1   2  0.61 0.43
  222 I   -4 -6 -7 -7 -5 -6 -6 -7 -7  7  0 -6 -2 -4 -6 -3 -2 -6 -5  4    0   0   0   0   0   0   0   0   0  61   7   0   0   0   0   2   1   0   0  28  1.60 0.63
  223 P   -5 -7 -7 -6 -8 -6 -6 -7 -7 -7 -8 -6 -7 -8  9 -3 -6 -9 -8 -3    0   0   0   0   0   0   0   0   0   0   0   0   0   0  96   2   0   0   0   2  3.25 1.08
  224 L   -3 -5 -6 -6 -2 -5 -6 -2 -5  4  3 -5 -2  4 -6 -4 -4  1 -2  3    1   0   0   0   1   0   0   4   0  24  26   0   0  19   0   1   0   2   0  24  0.85 0.41
  225 L   -1 -5 -6 -6 -4 -5 -5 -1 -6  3  4 -5  0  0 -5 -4 -3 -5 -4  4    5   0   0   0   0   0   0   5   0  14  36   0   1   3   0   0   0   0   0  36  0.87 0.43
  226 N    1 -4  8 -3 -6 -2 -4  1 -4 -7 -5 -4 -6 -2 -4 -2 -3 -7 -6 -6   11   0  72   0   0   1   0  10   0   0   1   0   0   2   1   2   0   0   0   0  1.79 0.74
  227 L   -2 -5 -5 -6 -4 -5 -6 -5 -5  4  5 -5  0  3 -3 -4 -3  0 -3  1    3   0   0   0   0   0   0   1   0  20  50   0   1  11   1   1   1   1   0  10  0.88 0.41
  228 F   -2 -5 -6 -6 -4 -5 -5 -6 -5  3  3 -5  0  5 -5 -4 -2 -4 -2  3    4   0   0   0   0   0   0   0   0  16  31   0   1  24   0   0   1   0   0  23  0.88 0.40
  229 I    1 -4 -4 -5 -1 -4 -4 -3 -5  3  2 -4  1  2 -4 -2  2 -4 -3  3   11   0   0   0   1   0   0   1   0  17  15   0   3  10   0   1  14   0   0  27  0.50 0.30
  230 M   -1 -4 -5 -5 -4 -4 -5 -3 -4  3  1 -4  8  2  2 -4 -2 -4 -3  0    6   0   0   0   0   0   0   2   0  14  13   0  39   8  10   0   2   0   0   5  0.91 0.44
  231 P   -4 -6 -6 -5 -6 -3 -5 -3 -3 -2 -2 -5 -5 -2  8 -3 -3 -1 -4 -2    0   0   0   0   0   1   0   2   1   3   4   0   0   2  80   2   1   1   1   3  2.27 0.78
  232 V    2 -4 -4 -5 -2 -4 -4  0 -4  1  2 -4 -1  3 -4 -1 -1 -4 -2  3   19   0   0   0   1   0   0   6   0   8  17   0   1  14   0   3   3   0   0  27  0.42 0.27
  233 A    6 -4 -1 -4  4 -2 -4  0 -4 -3 -3 -4 -2  0 -4  0 -3 -1 -4 -2   66   0   4   0   8   2   0   6   0   1   1   0   1   5   0   6   0   1   0   1  0.99 0.50
  234 V    1 -5 -5 -5 -3 -3 -5 -5 -5  3 -1 -4  0 -2 -2 -3  1 -5 -4  6   14   0   0   0   0   1   0   0   0  14   2   0   1   1   2   1   9   0   0  55  0.91 0.45
  235 C    4 -5 -4 -5  7 -4 -4 -3 -5  1 -1 -4 -2 -2 -4 -2  0 -5 -4  2   35   0   0   0  24   0   0   1   0   9   3   0   1   2   0   2   5   0   0  18  0.85 0.41
  236 G    2 -5 -3 -4 -4 -4 -4  6 -1 -3 -4 -4 -1 -1 -4 -1 -1 -5 -5 -3   20   0   0   0   0   0   0  64   1   1   1   0   1   3   0   4   4   0   0   1  1.21 0.49
  237 A    5 -4 -4 -4 -4 -4 -4  3 -4 -2 -3 -4  3  0 -4  0 -3 -5 -3 -2   57   0   0   0   0   0   0  21   0   1   1   0   7   4   0   5   0   0   1   2  0.91 0.46
  238 T    0 -5 -4 -5 -4 -4 -4 -4 -5 -4 -4 -4  2 -5 -5 -1  7 -6 -5  0    6   0   0   0   0   0   0   1   0   0   0   0   6   0   0   1  80   0   0   6  1.67 0.69
  239 A    2  0 -4 -4 -3 -2 -3 -4  2  1  4 -1  1 -2 -4 -2 -1 -4 -1  1   19   5   0   0   0   1   0   0   6   5  44   3   2   0   0   2   2   0   1   9  0.44 0.28
  240 M   -3 -4 -3 -5 -4 -3 -2 -5  2  0  4 -3  6  3 -5 -4 -3  0  2  0    1   0   1   0   0   1   3   0   6   3  38   1  22  11   0   0   1   1   8   5  0.71 0.36
  241 W    1 -4 -5 -6 -2 -4 -5 -5 -4 -3  0 -5 -1  3 -5 -3  0  9  4  0   11   0   0   0   1   0   0   0   0   1   8   0   1  13   0   1   7  34  15   7  1.30 0.48
  242 V   -1  2 -3 -3  5 -3 -3 -3  4  1  0 -3 -2 -1 -4 -3 -3 -4 -2  4    4  11   0   2  12   0   0   1  14   6   8   0   0   2   0   1   0   0   1  37  0.56 0.32
  243 D   -1  2  0  5 -5  0  3 -2  0 -5 -3  2 -3 -5 -3 -1 -1 -5 -4 -4    4  12   2  34   0   2  23   1   2   0   2  11   1   0   0   2   3   0   0   0  0.68 0.32
  244 C   -2  3  0 -2  0  1  2 -3  2 -1  2  1  1 -2 -3 -1 -1 -4 -2 -1    2  17   4   1   3   4  18   1   6   4  22   9   3   0   0   2   1   0   1   3  0.23 0.19
  245 Y   -2 -1 -3 -3 -3 -2  0 -3 -1  2  2 -1  0  2 -4 -2 -2  1  4  0    2   2   1   1   0   1   7   1   1  15  27   3   1   8   0   2   1   2  19   4  0.34 0.21
  246 R   -1  4 -1 -1 -4  0  0  2  1 -3 -2  3 -3 -4 -1  1 -2 -5 -3 -3    2  31   1   2   0   3   6  14   3   1   5  19   0   0   3   9   1   0   0   1  0.45 0.25
  247 D    0  0  1  2 -4  2  2 -1  2 -3 -3  1 -3 -3  3  0  0 -4 -3 -2   10   4   5  10   0  10  15   2   6   1   1   8   0   1  13   7   4   0   0   2  0.30 0.16
  248 K   -2  2  1  1 -4  3  3 -2  3 -4 -3  3 -3 -4 -1  0 -1 -4 -3 -3    2  12   5   6   0  16  18   2   7   0   2  20   0   0   2   5   2   0   0   1  0.45 0.23
  249 H    0  1  1  0 -4  1  1 -1  5 -3 -2  0 -3 -2  0  0  0 -3  3 -3    6  10   6   5   0   6  10   5  20   1   2   3   0   1   5   4   6   0  11   0  0.30 0.18
  250 A    3 -2  0 -1 -3  0 -1  2 -1 -3 -1 -1 -2 -4  0  2  0 -4 -3 -2   38   1   4   3   0   3   2  17   1   1   6   1   0   0   4  13   4   0   0   1  0.35 0.21
  251 M   -1  3 -2 -1 -3 -1 -1 -1 -1 -1  1  1  1 -3  1  0  2 -4 -3 -1    3  18   0   2   0   1   3   5   1   0  15  11   6   0   6   8  18   0   0   3  0.17 0.14
  252 W    0 -2 -1 -1 -3 -2 -3  2 -2 -1  1 -2 -1  0 -3  0 -1  6  2  0   11   1   4   3   0   1   0  18   0   2  16   1   1   4   0   8   1  16   7   6  0.30 0.14
  253 R   -3  7 -2 -3 -5  0 -1 -4 -2 -5 -4  4 -3 -5 -4 -2 -3 -5 -3 -4    0  74   0   0   0   2   0   0   0   0   0  24   0   0   0   0   0   0   0   0  1.37 0.32

                      K         Lambda
Standard Ungapped    0.1432     0.3314
Standard Gapped      0.0460     0.2670
PSI Ungapped         0.1501     0.3174
PSI Gapped           0.0460     0.2670
