
Last position-specific scoring matrix computed, weighted observed percentages rounded down, information per position, and relative weight of gapless real matches to pseudocounts
           A  R  N  D  C  Q  E  G  H  I  L  K  M  F  P  S  T  W  Y  V   A   R   N   D   C   Q   E   G   H   I   L   K   M   F   P   S   T   W   Y   V
    1 M   -2 -3 -3 -4 -2 -2 -3 -4 -3  0  2 -3  8 -1 -4 -3 -2 -3 -2  1    0   0   0   0   0   0   0   0   0   0   6   0  84   0   0   0   0   0   0  10  1.03 0.20
    2 V   -2  0  0  0 -3 -1  0 -3  0  0 -1  3  5 -2 -3 -1  0 -3 -2  1    0   3   4   5   0   0   3   0   2   4   0  31  28   0   0   2   5   0   0  13  0.27 0.14
    3 Y   -2  0  0 -3 -3  0 -2 -3 -2 -2 -1  2  7 -1 -2  2 -1 -3  2 -2    0   5   5   0   0   4   0   0   0   0   0  19  40   1   1  16   1   0   8   0  0.57 0.28
    4 D   -2 -2  2  5 -4  1  0 -2 -2 -4 -5 -2 -4 -5 -2  4  0 -5 -4 -4    0   1  10  39   0   8   3   0   0   0   0   0   0   0   1  36   2   0   0   0  0.78 0.28
    5 F   -4 -3 -5 -6 -4 -4 -5 -5 -3  0  2 -4  7  5 -5 -3 -3 -2  4 -2    0   1   0   0   0   0   0   0   0   4  16   0  36  27   0   1   0   0  15   0  1.12 0.42
    6 K   -4  7 -3 -4 -5  2 -1 -4 -3 -4  0  1 -1 -5 -4 -2 -2 -5 -4 -3    0  67   0   0   0   8   3   1   0   0   9   6   1   0   0   1   2   0   0   2  1.20 0.45
    7 A   -1 -4  1 -3 -4 -3 -3 -4 -1 -4 -3 -3 -4 -5 -4  2  7 -5 -4 -2    3   0   6   1   0   0   0   0   1   0   1   0   0   0   0  17  70   0   0   1  1.30 0.55
    8 E    0 -3 -1  3 -5 -1  1 -2 -2 -5 -4 -3 -5 -4  7  0 -3 -6 -5 -5    7   1   2  16   0   2  11   2   1   0   1   0   0   1  50   7   0   0   0   0  1.20 0.43
    9 I   -3  3 -2 -5 -4 -2 -4 -5 -2  2  4 -2  1 -1 -5 -2 -2 -4 -2  0    1  21   1   0   0   1   0   0   1  12  50   0   2   2   0   3   2   0   0   3  0.62 0.32
   10 V    1 -1 -1 -3 -4 -2 -2  4 -3 -3 -4  4 -3 -5 -3  1 -2 -5 -3 -1   14   1   3   0   0   1   0  37   0   1   0  28   0   0   0   9   0   0   0   5  0.65 0.33
   11 K   -3  7 -1 -4 -6  0 -2 -5 -2 -2 -4  4 -4 -5 -4 -2 -1 -6 -4 -4    1  58   2   0   0   3   1   0   0   2   1  26   0   0   0   1   4   0   0   1  1.27 0.50
   12 A    4 -4 -2 -5 -3 -4 -4 -4 -2 -1 -3 -1 -2 -4 -4 -1 -2 -5 -4  5   41   0   1   0   0   0   0   0   1   1   0   5   0   0   0   3   1   0   0  47  0.88 0.44
   13 K   -2  7 -2 -4 -4  0 -1 -4 -3 -4 -3  3 -3 -5 -4 -1 -1 -5 -3 -1    2  60   1   0   0   3   4   1   0   0   2  14   1   0   0   4   3   0   0   5  1.11 0.47
   14 N   -1 -2  1 -3 -5 -3 -4  6 -2 -6 -4  0 -5 -1 -5 -2 -4 -5 -1 -5    4   2   8   1   0   1   0  69   1   0   2   7   0   4   0   2   0   0   2   0  1.24 0.48
   15 S   -3 -2 -3 -5 -2 -2 -5 -4 -4 -1  5 -1  4 -1 -5 -1 -1  0 -3 -2    1   2   1   0   1   1   0   1   0   1  67   4  10   2   0   5   3   1   0   1  0.89 0.43
   16 G   -1 -6 -1 -5 -6 -5 -5  7 -5 -7 -7 -5 -6 -3 -5 -1 -2 -6 -6 -5    3   0   2   0   0   0   0  87   0   0   0   0   0   1   0   4   2   0   0   1  1.94 0.65
   17 S    2 -3 -3 -4 -4 -2 -3  0 -4 -4 -1 -3 -4 -3 -2  6 -1 -5 -4 -3   16   1   0   0   0   1   0   5   0   0   7   0   0   1   2  64   2   0   0   2  0.97 0.52
   18 A    6 -4 -3 -2 -4 -3  0  0 -5 -5 -5 -4 -4 -5 -4  2  1 -6 -5 -3   64   0   1   2   0   1   5   5   0   0   0   0   0   0   0  14   8   0   0   1  1.07 0.54
   19 K   -5  5 -3 -3 -7 -2 -3  0  7 -7 -6  5 -4 -6 -5 -3 -5 -6 -4 -6    0  29   1   1   0   1   0   9  27   0   0  32   0   0   0   1   0   0   0   0  1.44 0.64
   20 S   -2 -2  2  0 -5 -1  1 -2  4 -4 -5 -3 -4 -2 -4  4  1 -2  4 -5    2   2  10   4   0   2  10   3  11   0   0   0   0   1   0  31   8   1  14   0  0.63 0.41
   21 G   -3 -7 -5 -6 -4 -6 -5  8 -7 -8 -8 -6 -7 -8 -7 -2 -6 -7 -8 -6    2   0   0   0   0   0   1  94   0   0   0   0   0   0   0   2   0   0   0   0  2.53 0.92
   22 S    1 -4 -4 -3 -4 -2 -4 -4 -5  0  2 -4  1 -2 -4  1  4 -5 -3  3   11   0   0   1   0   1   0   0   0   4  18   0   4   1   0  10  29   0   0  20  0.56 0.38
   23 H   -1  2 -2  0 -5  1  1  1  5 -2 -2  1  0 -1 -3  0 -1 -4  2 -3    3  14   1   4   0   6   9  11  17   2   4   8   3   3   1   7   2   0   7   1  0.33 0.25
   24 H   -1 -3 -3  5 -7 -2  1 -5  9 -7 -6 -3 -6 -3 -5 -4 -4 -7 -3 -7    6   1   0  36   0   1   8   0  42   0   0   1   0   1   0   1   1   0   1   0  1.74 0.74
   25 W   -4 -8 -8 -9 -8 -7 -8 -8  3 -7 -6 -8 -6  5 -9 -8 -6 12  1 -7    2   0   0   0   0   0   0   0   7   0   0   0   0  23   0   0   0  63   4   0  3.43 1.16
   26 L   -4 -4 -7 -7 -5 -6 -7 -7 -6  3  4 -3  2  0 -7 -6 -4 10 -1  0    1   1   0   0   0   0   0   0   0  14  33   2   5   3   0   0   1  32   2   6  1.54 0.65
   27 L    1  0 -3 -3 -2 -1 -3 -1 -1  1  2 -2  2  2 -4  0 -1 -1  1  1   16   5   1   0   0   3   1   4   2   7  23   2   5   8   0   6   3   1   4   8  0.17 0.17
   28 Q   -4 -4 -4 -5 -7  8  1 -6  0 -1 -1 -3  5 -4 -6 -5 -4 -6 -4 -2    1   0   1   0   0  59   8   0   2   3   6   1  15   1   0   0   1   0   0   3  1.63 0.81
   29 R   -5  8 -2 -6 -5 -2 -5 -7 -4 -2 -6  1 -2 -7 -7 -5 -3 -7 -6 -7    0  84   2   0   0   2   0   0   0   3   0   5   1   0   0   0   2   0   0   0  2.35 0.95
   30 V    2 -5 -5 -6 -4 -5 -5 -3 -3  3  2 -5  1  1 -5 -3 -2 -3 -2  4   16   0   0   0   0   0   0   2   0  16  20   0   3   6   0   1   2   0   1  34  0.70 0.40
   31 T   -2 -5 -4 -5 -5 -5 -5 -5 -6 -4 -3 -4 -5 -6 -4  5  6 -7 -6 -4    2   0   0   0   0   0   0   0   0   1   3   0   0   0   1  38  54   0   0   1  1.60 0.81
   32 G    6 -6 -5 -6 -5 -5 -5  2 -6 -6 -4 -5 -5 -6 -5  2 -4 -7 -6 -5   68   0   0   0   0   0   0  15   0   0   2   0   0   0   0  15   0   0   0   0  1.49 0.74
   33 I    0 -5 -6 -6 -3 -5 -6 -5 -6  4  1 -5  0  1 -6 -5 -2 -3 -1  5    9   0   0   0   0   0   0   1   0  22  10   0   2   5   0   0   2   0   2  46  0.98 0.50
   34 I    4 -5 -5 -5 -2 -4 -5 -1 -5  3  1 -4 -2 -1 -5 -1 -2 -2  0  3   33   0   0   0   1   0   0   6   0  20  11   0   0   2   0   3   1   0   4  20  0.61 0.39
   35 L   -5 -6  2 -6 -5 -4 -6 -7 -6  1  5 -6  6 -2 -7 -4 -5 -6 -5 -2    0   0  11   0   0   0   0   0   0   5  57   0  22   1   0   1   0   0   0   1  1.41 0.68
   36 A    3 -5 -5 -5 -3 -4 -5 -2 -5  3  2 -5  0 -1 -5 -2  1 -5 -3  3   28   0   0   0   0   0   0   3   0  14  20   0   1   2   0   1   7   0   1  23  0.61 0.40
   37 L    0 -5 -6 -6 -1 -5 -5 -4 -6  2  2 -5 -2  2  5 -4 -3 -5 -4  3    7   0   0   0   1   0   0   1   0  10  23   0   0   8  30   1   0   0   0  18  0.85 0.47
   38 C   -5 -6 -7 -7  0 -6 -7 -7 -4 -2  5 -6 -1  2 -7 -5 -2 -4  6 -2    0   0   0   0   2   0   0   0   0   2  52   0   1   8   0   0   2   0  30   2  1.45 0.69
   39 S   -1 -4 -4 -4 -3 -4 -4 -1 -4  2  1 -4  2  1 -2  1  3  0 -2  2    5   0   0   0   0   0   0   5   0  14  11   0   6   6   2  10  24   1   1  16  0.40 0.32
   40 V   -3 -5 -6 -6 -4 -5 -5 -2 -6  4  3 -5  0  1  2 -3 -2 -5 -3  2    2   0   0   0   0   0   0   4   0  24  33   0   2   5  10   1   2   0   1  16  0.72 0.41
   41 W   -2 -6 -6 -6 -4 -5 -6 -1 -4  0  0 -6 -2  5 -1 -4 -4  8  4  0    4   0   0   0   0   0   0   5   0   6  10   0   1  25   4   1   1  23  14   8  1.19 0.55
   42 L   -2 -5 -6 -6 -3 -5 -6 -3  1  2  3 -5  2  6 -6 -4 -3 -2 -1  1    4   0   0   0   0   0   0   2   4  10  31   0   5  33   0   1   1   0   1   7  0.93 0.47
   43 I    0 -5 -5 -3 -2 -5 -5 -5 -1  4  3 -5  0  1 -5 -4 -3 -2 -4  4    7   0   0   2   0   0   0   1   2  23  27   0   1   5   0   0   1   0   0  30  0.78 0.42
   44 Y    0 -4 -3 -5 -3 -4 -4  2 -3  2  0 -3 -1  4 -4 -1 -2  2  2  2    8   0   1   0   0   0   0  19   0  11   9   1   1  17   0   4   1   3   7  18  0.43 0.30
   45 F    0 -2 -1 -2 -2 -1 -3 -2 -1  1  0 -2 -1  5 -4  1  0  3  2  0    7   2   2   2   1   3   1   3   2   8   9   2   1  25   0  10   7   4   7   7  0.31 0.24
   46 T   -1 -5 -3 -5 -2 -3 -3 -2 -4  3  2 -4  2  4 -4 -3 -1  0  0  3    4   0   1   0   1   1   1   3   0  14  22   0   6  18   1   2   3   1   2  21  0.53 0.32
   47 L    1 -3 -3 -4  0 -4 -4  0 -3  3  3 -3  1  2 -4 -3 -1 -4 -2  1   12   1   1   1   2   0   0   7   1  15  32   1   4   8   0   1   2   0   1  10  0.40 0.28
   48 T    1  0 -2 -3  1 -2 -3  0 -2  1  0 -2  2  2 -2  1  1 -1 -1  0   13   7   1   0   3   1   0   7   1   8   8   2   6  10   2  15   9   1   1   5  0.13 0.18
   49 N    0 -3  1 -2 -2 -1 -2 -1  2  0  2 -2  2  0 -3  0  0 -1  1  0    9   0   9   1   1   2   1   5   7   4  26   1   5   4   1   8   7   1   5   4  0.17 0.19
   50 K    1 -2 -1 -1 -3 -1 -2  0 -1  0  1 -1  0 -1  4  0  0 -4 -2  0   13   2   3   3   0   3   0   9   2   4  14   3   2   2  19   8   5   0   1   6  0.21 0.18
   51 N   -2 -3  1  2 -5 -2  0  5  1 -4 -4 -1 -4 -3  1  0 -1 -5 -5 -2    3   1   6  10   0   2   5  43   3   1   2   3   0   1   8   5   4   0   0   3  0.63 0.38
   52 N    1  0  0 -1 -3  0  0  1 -1  0  1  0  0  0  0  0 -1 -1 -1  0   18   4   4   2   0   3   6   9   1   6  15   7   2   4   5   6   1   1   2   4  0.05 0.09
   53 D   -2 -4  1  4 -4 -1 -1  1 -4  0 -3 -3 -3 -5  1  2  2 -5 -2 -2    2   0   7  27   0   2   2  10   0   5   2   1   0   0   8  15  14   0   1   3  0.48 0.35
   54 I   -3 -2 -4 -1 -3 -1 -3 -2  4 -2 -3 -4 -4  3 -2 -2 -2  0  8 -2    2   2   1   3   0   3   1   4   9   3   2   1   0   9   2   4   2   1  48   3  1.18 0.58
   55 N    2 -2  0  2 -4  1  3 -1  1 -2 -3 -1 -3 -2 -1  0 -1 -4  2 -3   20   2   3  12   0   6  20   4   3   2   2   2   0   2   3   4   4   0   9   1  0.32 0.28
   56 I    2 -2 -2  1 -3  1  2 -1 -2  0 -2 -2 -2 -1 -2  0  1 -1 -2  0   19   1   0   8   0   8  17   5   1   6   3   1   1   3   2   7   9   1   1   7  0.19 0.21
   57 I    1 -3 -5 -4 -5 -1 -2 -3 -3  0 -2 -2 -1  2 -5 -3 -1  9 -2  4   10   1   0   1   0   3   2   2   1   5   4   2   1   7   0   1   4  27   1  25  1.02 0.53
   58 M    0  2 -3 -2 -3  0 -2 -4  3  1  0 -1  0 -3 -2  0  0  4 -1  3    7  11   1   2   0   4   1   1   8   6  10   3   3   0   1   6   6   7   1  21  0.26 0.22
   59 L    3 -1 -1  0 -3  1  0  1 -2 -2 -1 -2  0  0 -3  0 -1 -1 -1 -1   33   3   3   6   0   7   6   9   1   2   7   1   2   5   0   6   2   1   2   4  0.22 0.22
   60 W    1 -3 -3 -2 -3  0 -2  2  0 -2  0 -3 -1  4 -2 -1 -2  7  2 -3   11   1   1   2   0   4   3  15   2   2  10   1   1  16   2   3   2  17   6   1  0.54 0.28
   61 E    0  1 -2 -1 -1 -1 -1 -1 -1  1  1 -1  1  3 -2 -1  0  0  1  0    9   8   2   3   1   2   4   5   2   8  16   3   3  16   1   3   5   1   4   5  0.09 0.09
   62 L   -2 -3 -3 -5 -2 -3 -4 -2 -3  1  3 -4  2  6 -5 -2 -1  3  0  1    2   1   1   0   1   1   1   3   1   8  24   0   5  31   0   4   3   4   2   8  0.66 0.36
   63 K    3 -3  0 -1 -1  0 -3  2 -1 -5 -4 -1 -2 -3 -4  4  0 -6 -5 -4   29   1   3   2   1   4   1  14   1   0   2   3   1   1   0  31   5   0   0   1  0.63 0.44
   64 K   -2  2  3 -2 -2  2 -2 -2  5 -1 -1  1 -2 -1 -2  2 -1 -5 -2 -2    3  11  14   1   1  10   1   2  13   3   7   7   0   3   1  17   4   0   1   2  0.35 0.29
   65 P   -3 -4 -1 -5 -6  1 -4 -2 -5 -2 -1 -3 -2 -2  7 -2  1 -1 -2 -4    2   1   3   0   0   7   0   3   0   3   6   1   1   2  57   3   8   1   1   1  1.38 0.66
   66 F   -1 -5 -4 -5 -2 -2 -5 -3 -1  1  2 -5  2  5 -4 -3 -2  8  0  1    5   0   1   0   1   2   0   2   1   7  16   0   6  22   1   2   2  19   2  10  0.84 0.43
   67 N   -2 -1  4 -2 -4 -2 -2 -2  0 -1 -3 -1  4 -1  2 -1  1  4 -2  3    2   4  19   1   0   1   1   3   2   3   1   4  12   3   9   3   7   6   1  19  0.41 0.34
   68 V    4  1 -2 -4 -4  2 -3 -2 -2 -2 -1  3 -1 -4 -3  0  0 -2 -4 -1   35   7   1   0   0   8   0   2   1   2   6  21   2   1   1   5   5   1   0   4  0.49 0.37
   69 V   -1 -5 -4 -5 -4 -5 -4 -3 -6  5  1 -4 -1  2 -3 -2 -1 -1 -4  4    5   0   1   1   0   0   1   2   0  32  13   1   1   8   1   3   4   1   0  29  0.75 0.42
   70 A    1 -5 -5 -6 -2 -5 -5 -3 -5  1  3 -5  1  4 -2 -1  0  4 -1  1   11   0   0   0   1   0   0   1   0   9  30   0   2  20   3   4   5   5   1   9  0.56 0.36
   71 L   -1 -5 -3  0 -4 -4 -4 -4 -3  0  3 -4  5  0 -5  1  4 -3 -4 -1    6   0   0   5   0   0   1   1   0   4  26   0  13   4   0   8  27   0   0   4  0.60 0.43
   72 L    1 -4 -5 -5 -2 -2 -4  0 -5  3  3 -4  1  2 -5 -2 -1 -2 -3  1   13   0   0   0   1   2   0   8   0  14  34   0   3   8   0   3   4   0   0   9  0.45 0.31
   73 I    1 -5 -6 -6 -1 -5 -6 -4 -6  1  5 -5  1 -1 -4 -2 -2 -5 -4  1   11   0   0   0   1   0   0   1   0   8  58   0   3   2   1   3   3   0   0   8  0.92 0.50
   74 T    1 -5 -5 -5 -2 -4 -5 -3 -5 -2  2 -5  3  4 -5 -2  4 -2 -2  1   14   0   0   0   1   0   0   2   0   1  18   0   8  20   0   2  24   1   1   8  0.66 0.44
   75 V   -2 -5 -1 -6 -2 -5 -6 -5 -5  3  4 -5  0  3 -6 -4 -1 -3 -2  3    3   0   3   0   1   0   0   0   0  17  38   0   2  11   0   1   5   0   1  18  0.76 0.42
   76 V    0 -5 -6 -6 -2 -5 -6 -3 -6  4  3 -5  0  3 -3 -4 -2  3 -2  3    6   0   0   0   1   0   0   2   0  22  23   0   2  12   1   1   2   4   0  23  0.71 0.40
   77 I    3 -5 -3 -5  2 -4 -4 -2 -5  1  1 -4 -2  0 -4  3 -1 -5 -3  2   23   0   1   0   4   0   0   2   0   6  13   0   0   5   0  27   3   0   0  14  0.51 0.40
   78 S    2 -4 -3 -5 -3 -4 -4  2 -5  2  3 -4  1 -1 -4  0  0 -3 -4  1   15   0   1   0   0   0   0  14   0  11  28   0   3   2   0   8   6   0   0  10  0.39 0.30
   79 L    0 -5 -6 -6  1 -3 -5 -3 -5  0  3 -5  3  6 -6 -2 -2 -2  0  0    9   0   0   0   3   1   1   2   0   5  27   0   8  30   0   2   2   0   2   7  0.76 0.43
   80 Y   -1 -2 -4 -5 -2 -4 -5 -3  0  2  1 -3  0  2 -5 -4 -3  8  5  1    5   2   1   0   1   1   0   2   2  12  11   2   2   8   0   1   1  20  20   9  0.91 0.47
   81 H   -8 -6 -5 -7 -9 -5 -6 -8 12 -9 -9 -7 -8 -1 -8 -7 -8 -8 -1 -9    0   0   0   0   0   0   0   0  96   0   0   0   0   2   0   0   0   0   2   0  4.19 1.48
   82 A    5 -5 -5 -6 -5 -5 -5  1 -5 -1 -1 -5  6  2 -5 -1 -1 -6 -3  0   45   0   0   0   0   0   0  11   0   4   4   0  17   7   0   4   3   0   1   6  0.90 0.56
   83 M    0  3 -3 -5 -6  1 -4 -4  0 -3 -3  2  1 -4 -6 -2 -2 10 -2 -1    8  13   1   1   0   5   0   1   2   1   2  13   3   0   0   4   3  36   1   4  1.34 0.66
   84 L   -2 -3  1 -3 -4 -2 -4 -4 -1  4  3 -3  0 -3 -5 -2 -3 -5 -2  3    2   1   7   1   0   1   1   2   1  28  29   2   2   0   0   3   0   0   1  19  0.65 0.40
   85 G   -2 -7 -5 -6 -8 -7 -3  8 -7 -9 -9 -7 -8 -8 -7 -3 -7 -8 -8 -6    3   0   0   0   0   0   2  93   0   0   0   0   0   0   0   2   0   0   0   1  2.59 1.04
   86 M   -2 -6 -7 -7 -5 -5 -6 -6 -6  3  3 -6  8 -2 -7 -4 -3  1 -5  3    4   0   0   0   0   0   0   1   0  15  26   0  35   1   0   1   1   2   0  16  1.33 0.65
   87 R   -6  5 -3 -4 -4  6  0 -4 -3 -5 -7  0 -4 -4 -6 -3 -3  8 -5 -6    0  25   1   1   0  36   5   1   0   1   0   4   0   0   0   2   1  20   0   0  1.62 0.81
   88 V   -3 -4 -1  3 -3  2  1 -4 -2  0 -3 -4  1 -5 -5 -2  2 -6 -4  5    1   0   3  15   0  11   7   1   1   3   1   0   3   0   0   2  14   0   0  37  0.65 0.44
   89 V   -2 -7 -4 -7 -5 -6 -7 -7 -7  6  0 -6  3 -3 -3 -6 -4 -7 -5  6    2   0   1   0   0   0   0   0   0  38   6   0   6   0   1   0   0   0   0  45  1.47 0.64
   90 I   -3 -6 -6 -7  0 -6 -6 -6 -6  6  3 -6 -2  1 -6 -2 -1  6 -2  1    2   0   0   0   2   0   0   0   0  42  24   0   0   6   0   3   3   9   1   8  1.08 0.51
   91 E   -3 -4 -2  0 -6 -2  6 -4 -5 -3 -3 -3  5 -6 -5 -2  3 -7 -6 -2    2   0   2   5   0   1  48   1   0   1   2   1  13   0   0   2  21   0   0   2  1.13 0.63
   92 D   -7 -7 -4  9 -9 -6 -2 -7 -6 -9 -9 -6 -9 -9 -7 -6 -6-10 -9 -9    0   0   0  99   0   0   1   0   0   0   0   0   0   0   0   0   0   0   0   0  3.19 1.17
   93 Y   -8 -8 -8 -9 -8 -7 -8 -9 -4 -7 -7 -8 -7 -2 -9 -8 -7 -3 10 -7    0   0   0   0   0   0   0   0   0   0   0   0   0   0   0   0   0   0 100   0  3.94 1.37
   94 I   -1 -6 -6 -7 -2 -5 -5 -7 -6  5  0 -6  1 -2 -6 -4 -2 -1 -5  6    4   0   0   0   1   0   0   0   0  31   5   0   3   1   0   1   1   1   0  50  1.29 0.58
   95 S   -3  1 -2 -3 -7  1 -2 -4  8 -6 -6  4 -5 -5  1 -1  0 -6 -3 -5    2   6   1   1   0   6   2   1  38   0   0  26   0   0   6   4   6   0   0   1  1.30 0.63
   96 Y    0 -1  2  0  2 -2 -2  2  1 -5 -4 -1 -4 -5  4  1 -1 -4 -3 -3    7   4  12   5   5   1   1  17   4   0   1   4   0   0  20  11   4   0   0   1  0.47 0.30
   97 H    0  0 -2  0 -3 -1  3 -1  2 -1 -1  0  1  0  0  0  1 -2 -1  1    6   4   1   4   0   1  21   4   5   2   6   5   4   4   5   8   8   0   1  11  0.13 0.16
   98 K    2 -1 -1 -4 -2 -2 -3  4 -3 -2 -1  1  0 -2 -1  0  0  2 -2  0   17   4   2   0   1   1   0  29   0   2   5  10   3   2   3   5   6   3   1   7  0.31 0.25
   99 L   -1 -1 -3 -5 -3 -2 -3 -2 -4  1  3 -2  2 -1 -2 -1  2  2 -2  1    6   3   1   0   0   1   1   3   0   8  36   2   4   2   2   4  12   3   1  11  0.36 0.27
  100 R   -3  7 -3 -6 -7 -2 -2 -2 -2 -6 -5  5 -3 -7 -6 -5 -4 -7 -6 -5    2  59   1   0   0   1   2   4   1   0   1  28   1   0   0   0   0   0   0   1  1.75 0.78
  101 N    0 -2  0 -3 -3 -2 -3 -2 -2  2  3  0  1  2 -3 -1 -1 -1 -2  1    7   1   4   1   0   1   0   4   1  12  30   8   4   9   1   5   2   1   1  10  0.25 0.21
  102 T    2 -3 -4 -4 -1 -3 -4 -1 -4  1  1 -3  0  2 -1  0  1  3 -2  2   19   1   0   0   1   1   0   5   0   6  13   1   2  10   3   5   9   4   0  19  0.27 0.23
  103 L    2 -5 -5 -5  0 -5 -5 -3 -5  1  5 -4  0  1 -5 -1 -1 -1 -3  0   15   0   0   0   2   0   0   1   0   6  51   1   2   6   0   6   3   1   0   6  0.70 0.41
  104 I   -3 -2  0 -3 -2  4 -2 -3  1  3  2 -1  1  0 -4 -3 -1 -2 -2  1    2   1   4   1   1  21   1   2   4  21  21   4   3   3   0   1   3   0   1   9  0.42 0.31
  105 I    0 -3 -3 -5 -1 -3 -4 -2 -4  3  2 -2  3  3 -4 -2  0  0 -2  2    8   1   1   0   1   0   0   3   0  18  16   2   9  13   0   3   7   1   1  16  0.39 0.26
  106 I    3 -4 -5 -5  1 -4 -5 -1 -5  1  3 -4  0  1 -5 -3 -2 -3 -3  2   22   1   0   0   2   0   0   5   0   7  35   1   2   7   0   1   2   0   0  14  0.53 0.34
  107 V   -2 -1  3 -4  0 -3 -4 -4 -4  3  2 -3  1  0 -4 -2  1 -4 -2  2    3   4  18   0   2   0   0   1   0  15  18   0   4   4   0   3  11   0   1  18  0.41 0.29
  108 Q   -1  1  2 -2 -1  0 -2 -1 -1  2 -1  1 -1  0 -3 -1  2  1  1  0    5   9  11   1   1   4   0   4   1  14   4  10   1   4   0   3  14   2   5   7  0.15 0.18
  109 L   -1 -5 -5 -6  1 -5 -5 -2 -5  2  3 -5 -1  5 -5 -2 -2  0  0  2    5   0   0   0   3   0   0   3   0   9  32   0   0  23   0   3   2   1   2  16  0.68 0.38
  110 F    1 -5 -5 -6 -4 -4 -5 -2 -4  1  1 -5  0  6 -5 -2 -2  5  1  1   15   0   0   0   0   0   0   3   0   7  15   0   2  31   0   2   3   8   3   9  0.75 0.40
  111 C    2 -4 -3 -4  5 -1 -4 -3 -4 -1  2 -4  1  0 -3  2  1  1 -3  1   22   0   0   0  11   3   0   1   0   2  18   0   3   4   1  14   8   2   0   9  0.40 0.31
  112 I    0 -4 -5 -5 -1 -3 -5 -3 -4  4  1 -5 -1  4 -5 -2 -2  1  3  3    7   1   0   0   1   1   0   2   0  21  15   0   1  15   0   2   2   2   9  20  0.57 0.33
  113 V    2 -5 -5 -5 -2 -4 -5  1 -5  2  2 -4 -1  1 -5 -2 -1 -5 -3  3   20   0   0   0   1   0   0  11   0  11  19   0   1   6   0   3   3   0   0  26  0.50 0.34
  114 T    0 -4 -4 -5  4 -3 -4  0 -4  2  1 -4  1 -1 -5 -1  1  2  3  2    7   0   0   0  10   1   0   9   0  12  16   0   4   2   0   3   9   3  11  12  0.37 0.27
  115 I    3 -4 -4 -5 -1 -4 -4  2 -4  2  1 -4 -1 -2 -1 -2 -2  1  0  1   27   0   0   0   1   0   0  18   0  15  14   0   1   1   2   1   2   2   4  12  0.42 0.31
  116 V    3 -5 -5 -5 -2 -4 -5  0 -5  3  2 -4 -1  1 -5 -2 -1 -4 -2  3   23   0   0   0   1   0   0   8   0  14  20   0   0   6   0   1   3   0   1  22  0.50 0.33
  117 A    3 -4 -4 -5 -1 -4 -4 -1 -4  1  0 -3 -1  1 -4 -1 -1  5  2  2   32   0   0   0   1   0   0   4   0   7  11   1   1   7   0   4   3   7   7  15  0.48 0.34
  118 F    1 -4 -3 -4  3 -3 -4  4 -4 -1 -1 -4  1  1 -4  2 -1  2 -1 -1   11   0   0   0   7   1   0  34   0   3   5   0   4   7   0  14   4   3   2   4  0.52 0.34
  119 V    1 -5 -5 -5 -2 -4 -5 -4 -5  4  2 -4  0  0 -4 -2  1 -3 -3  3   11   0   0   0   1   0   0   1   0  25  20   0   2   4   0   2  11   0   0  23  0.59 0.34
  120 V   -3 -5 -6 -6 -5 -5 -5 -6 -4  1  2 -3  0  7 -6 -4 -3 -1  3  2    1   0   0   0   0   0   1   0   0   8  18   1   2  43   0   1   2   0   8  14  1.10 0.51
  121 A    5 -4 -4 -4 -2 -1 -4 -2 -5  1 -3 -3 -1  1 -4  2 -1 -5 -3  2   48   0   0   0   1   2   0   1   0   7   1   1   1   6   0  15   3   0   0  12  0.70 0.46
  122 L   -3 -6 -6 -6 -4 -5 -6 -4 -5  5  3 -5  1 -1 -6 -4 -3 -5  1  4    1   0   0   0   0   0   0   1   0  38  23   0   3   2   0   1   1   0   5  25  1.00 0.48
  123 F   -3 -6 -6 -7 -5 -6 -6 -7 -5 -1  5 -6  0  6 -6 -4 -4 -4 -1 -1    1   0   0   0   0   0   0   0   0   2  56   0   2  35   0   1   0   0   1   3  1.38 0.58
  124 Y   -3  1 -4 -4 -4 -3 -2 -4 -2 -1 -1  0 -2  4 -4 -2  1  7  4  1    0  10   0   0   0   0   2   0   0   2   2   6   0  17   0   2  10  19  17  15  0.71 0.30
  125 K    0  2 -1 -3 -3 -2 -2  0 -3  0 -1  0  1  0 -3  1  0  6 -1  0    6  18   2   0   0   0   0   7   0   7   6   7   4   3   0  11   7  15   0   8  0.28 0.16
  126 G   -2 -4 -2 -3 -4 -4 -4  7 -4 -6 -6 -3 -5 -5 -4 -2 -3 -4 -5 -5    0   0   0   0   0   0   0 100   0   0   0   0   0   0   0   0   0   0   0   0  1.90 0.39

                      K         Lambda
Standard Ungapped    0.1423     0.3310
Standard Gapped      0.0542     0.2670
PSI Ungapped         0.1767     0.3193
PSI Gapped           0.0542     0.2670
