
Last position-specific scoring matrix computed, weighted observed percentages rounded down, information per position, and relative weight of gapless real matches to pseudocounts
           A  R  N  D  C  Q  E  G  H  I  L  K  M  F  P  S  T  W  Y  V   A   R   N   D   C   Q   E   G   H   I   L   K   M   F   P   S   T   W   Y   V
    1 M   -3 -3 -4 -5 -3 -2 -4 -5 -4 -1  0 -3 10 -2 -5 -3 -3 -3 -3 -1    0   0   0   0   0   0   0   0   0   0   0   0 100   0   0   0   0   0   0   0  2.02 0.37
    2 Q   -2 -2  0 -2 -4  1  0 -4 -3 -2 -1  3  7 -3 -2  1  0 -4 -3 -1    0   0   4   1   0   7   5   0   0   0   0  22  41   0   1  12   5   0   0   2  0.64 0.27
    3 N   -2  1  4 -1 -2  0  1 -3 -2 -3 -3  2 -1 -2 -2  1  3 -4 -3 -3    0   8  22   2   1   3   8   0   0   0   0  18   1   2   1   8  27   0   0   0  0.46 0.19
    4 A    1  1 -1 -2  0  2 -1 -2 -1 -3 -2  2  0 -3  2  1  2 -4 -3 -1   14   6   2   0   2   9   1   1   1   0   2  15   2   0  11  11  18   0   0   4  0.27 0.15
    5 G    1 -2  4 -2 -4 -2 -2  2 -2 -4 -4  3 -4 -5  3  1 -2 -5 -4 -4   15   0  22   0   0   0   0  15   1   0   1  19   0   0  17   9   1   0   0   0  0.60 0.27
    6 S   -3  3  0 -2 -3  0 -2 -3  1 -4 -5  6 -4 -5 -2  0  1 -5 -4 -4    0  13   5   2   0   2   0   1   4   1   0  54   0   0   2   7   9   0   0   1  0.93 0.38
    7 L   -3 -5 -6 -6 -4 -5 -6 -6 -6  6  3 -5 -1 -2 -5 -5 -3 -5 -4  4    1   0   0   0   0   0   0   0   0  44  23   0   0   0   0   0   0   0   0  32  1.24 0.41
    8 V    0 -4 -4 -5  3 -4 -4 -5 -5  2  2 -4 -1 -2 -4 -2  2 -5 -2  4    8   1   0   0   5   0   0   0   0  11  16   0   1   1   0   2  17   0   1  39  0.64 0.29
    9 V   -3 -6 -7 -7 -4 -6 -5 -7 -7  3 -3 -6 -3 -4 -6 -5 -4 -6 -5  7    0   0   0   0   0   0   1   0   0  13   0   0   0   0   0   0   0   0   0  86  1.96 0.60
   10 L   -3 -5 -6 -6 -4 -5 -5 -6 -5  4  4 -5  0  2 -5 -5 -3 -4 -3  4    1   0   0   0   0   0   0   0   0  26  35   0   1  10   0   0   1   0   0  26  0.95 0.34
   11 G   -4 -6 -4 -5 -6 -6 -6  8 -6 -8 -8 -5 -7 -7 -6 -4 -5 -6 -7 -7    0   0   0   0   0   0   0 100   0   0   0   0   0   0   0   0   0   0   0   0  2.65 0.71
   12 S   -3 -5 -3 -4 -5 -4 -4 -4 -5 -6 -7 -4 -6 -7 -5  7 -3 -7 -6 -4    0   0   0   0   0   0   0   0   0   0   0   0   0   0   0  99   0   0   0   1  2.32 0.77
   13 I   -1 -5 -5 -5 -1 -4 -5 -5 -5  5  3 -4  0 -1 -5  0  0 -4 -3  2    5   0   0   0   1   0   0   0   0  39  28   0   1   2   0   9   6   0   1   9  0.70 0.30
   14 N   -6 -5  9 -3 -7 -4 -4 -5 -2 -7 -7 -4 -3 -7 -6 -3 -4 -8 -6 -3    0   0  96   0   0   0   0   0   1   0   0   0   1   0   0   0   0   0   0   2  2.82 0.80
   15 A    2 -5 -5 -6 -4 -3 -5 -5 -5  1  0 -4  8 -4 -5 -3  1 -5 -4  3   18   0   0   0   0   0   0   0   0   6   6   0  40   0   0   0   8   0   0  21  1.11 0.44
   16 D   -6 -6 -3  9 -8 -4 -2 -5 -5 -7 -8 -5 -7 -8 -6 -4 -5 -9 -7 -7    0   0   0 100   0   0   0   0   0   0   0   0   0   0   0   0   0   0   0   0  2.95 0.80
   17 H   -4 -2 -3 -5 -4 -2 -4 -5  6 -1  4 -3  4 -1 -5 -3  2 -2 -3 -1    0   1   1   0   0   2   0   0  21   2  41   1  12   1   0   1  12   0   0   3  0.82 0.36
   18 I   -2 -5 -3 -6 -4 -5 -5 -6 -6  3 -2 -5  0 -1 -5 -3  2 -5 -3  6    2   0   1   0   0   0   0   0   0  17   1   0   2   2   0   1  12   0   1  62  1.19 0.44
   19 L    1 -4 -4 -5 -2 -4 -4 -4 -4  3  3 -4  2 -1 -4 -1  1 -4  0  3   11   0   0   0   0   0   0   0   0  15  29   0   4   2   0   3  10   0   3  22  0.48 0.23
   20 N   -3  4  3 -3 -4  3  0 -4  4 -3 -4  2 -3 -4 -3  0  0 -5  0 -3    1  28  14   0   0  13   4   0  11   1   0  12   0   0   0   5   6   0   3   1  0.66 0.30
   21 L    2 -4 -4 -5 -2 -4 -4 -4 -5  2  0 -4  1 -1 -3  0  2 -5 -3  4   20   0   0   0   0   0   0   0   0   8   7   0   3   2   0   5  15   0   0  38  0.59 0.29
   22 Q    0 -1 -1  1 -5  0  2 -2  0 -5 -5  1 -4 -5  5  1 -2 -6 -4 -3    9   2   3   9   0   4  16   2   2   0   0   9   0   0  34   8   2   0   0   1  0.75 0.30
   23 S   -2  6 -1 -1 -3  1 -1 -5  5 -6 -5  1 -4 -5 -5  0 -3 -5  0 -4    4  48   2   3   1   6   2   0  15   0   0   7   0   0   0   7   1   0   4   0  1.05 0.40
   24 F   -1 -4 -5 -6 -4 -4 -5 -6  0  1  4 -5  4  6 -4 -4 -3 -3  1 -2    4   1   0   0   0   0   0   0   2   7  39   0  10  32   1   0   0   0   3   0  0.97 0.36
   25 P   -1 -6 -6 -6 -7 -5 -5 -6 -6 -7 -7 -5 -7 -8  9 -4 -5 -8 -7 -3    4   0   0   0   0   0   0   0   0   0   0   0   0   0  94   0   0   0   0   2  3.07 0.81
   26 T    0  3 -1 -3 -4  3 -1 -2  0 -2  0  3 -2 -4 -3 -1 -1 -4 -3  0    8  21   1   0   0  15   2   3   3   2   8  21   1   0   0   3   4   0   0   9  0.38 0.22
   27 P    1 -1 -5 -5 -6  0 -4 -2 -5 -3 -4 -3 -1 -6  7 -3 -3 -3 -6 -1   12   3   0   0   0   4   1   3   0   1   1   1   2   0  65   1   1   0   0   5  1.67 0.53
   28 G   -4 -6 -4 -4 -7 -6 -6  8 -6 -8 -8 -5 -7 -7 -6 -4 -5 -7 -7 -7    0   0   0   1   0   0   0  99   0   0   0   0   0   0   0   0   0   0   0   0  2.62 0.71
   29 E   -5 -4 -4 -2 -8  1  8 -6 -4 -7 -7 -3 -6 -7 -5 -4 -5 -7 -6 -7    0   0   0   0   0   5  95   0   0   0   0   0   0   0   0   0   0   0   0   0  2.48 0.76
   30 T   -4 -5 -4 -5 -5 -5 -5 -6 -6 -5 -5 -5 -5 -6 -5 -3  8 -7 -6 -4    0   0   0   0   0   0   0   0   0   0   0   0   0   0   0   0 100   0   0   0  2.64 0.81
   31 V   -4 -5 -6 -6 -4 -5 -6 -6 -6  4  4 -5  1 -2 -5 -5 -3 -5 -4  4    0   0   0   0   0   0   0   0   0  26  41   0   3   1   0   0   0   0   0  29  1.11 0.39
   32 T    1 -2  0 -3 -3 -1 -3 -3  4  2  2 -1  2 -1 -2  0  1 -4 -2 -1   11   2   4   0   0   2   0   0  12  15  24   2   5   2   2   6  12   0   0   1  0.26 0.18
   33 G    1 -5 -4 -5 -5 -5 -5  6 -5 -3 -4 -4  1 -6 -5  0 -2 -6 -6 -1   11   0   0   0   0   0   0  71   0   1   1   0   4   0   0   6   2   0   0   4  1.45 0.48
   34 N   -2  1  1  1 -4  1  1  1  4 -3 -3  2 -3 -3 -2  1  0 -4 -1 -4    0   9   5   7   0   7  10  13  14   1   2  12   0   1   1  12   4   0   2   0  0.33 0.19
   35 H    0  0  2  2 -4  2  2  1  2 -4 -4  0 -3 -4 -2  2  1 -5 -3 -3    6   6  11  13   0   8  12   9   5   0   0   3   0   0   1  17   7   0   0   1  0.33 0.18
   36 Y   -2 -3 -5 -6 -5 -4 -5 -4  0  0 -1  0 -2  7 -6 -4 -3 -2  5 -1    3   1   0   0   0   0   0   1   2   4   5   8   0  48   0   0   1   0  23   4  1.28 0.44
   37 Q    1  1 -1 -1 -2  3 -1 -2  2 -2 -1  0  0  2 -3  1  1 -3 -1 -2   11   8   1   2   0  19   2   2   5   1   6   6   2  12   0  12   7   0   2   1  0.21 0.17
   38 V   -2 -2 -1 -3 -2  1 -2 -4 -3  1  0  0  4 -1 -4  0  4 -4 -1  2    0   1   3   0   0   7   1   0   0   9   6   6  12   3   0   7  30   0   2  13  0.40 0.25
   39 A    3 -3  1 -4 -3 -2 -2 -1 -2  3 -2 -3 -1  1 -4 -1 -1 -4 -1  2   34   0   9   0   0   1   2   4   1  17   1   1   1   5   0   1   3   0   1  18  0.39 0.24
   40 F    1 -5 -3 -5 -2 -2 -4  1  1 -5 -3 -4 -2  2  7 -2 -3 -5  1 -5   12   0   1   0   1   2   0  10   4   0   2   0   1  10  49   3   1   0   6   0  1.15 0.42
   41 G   -4 -6 -4 -5 -7 -6 -6  8 -6 -8 -8 -6 -7 -7 -6 -4 -6 -7 -7 -7    0   0   0   0   0   0   0 100   0   0   0   0   0   0   0   0   0   0   0   0  2.68 0.73
   42 G   -4 -6 -4 -5 -7 -6 -6  8 -6 -8 -8 -6 -7 -7 -6 -4 -6 -7 -7 -7    0   0   0   0   0   0   0 100   0   0   0   0   0   0   0   0   0   0   0   0  2.68 0.73
   43 K   -5 -2 -4 -5 -7 -3 -3 -5 -5 -7 -7  8 -6 -7 -5 -4 -5 -7 -6 -6    0   0   0   0   0   0   0   1   0   0   0  99   0   0   0   0   0   0   0   0  2.62 0.78
   44 G   -3 -6 -4 -5 -7 -6 -6  8 -6 -8 -8 -4 -7 -7 -6 -4 -6 -7 -7 -7    1   0   0   0   0   0   0  99   0   0   0   1   0   0   0   0   0   0   0   0  2.60 0.71
   45 A    7 -5 -5 -6 -3 -5 -5 -1 -5 -5 -5 -5 -5 -4 -5 -2 -4 -6 -6 -4   94   0   0   0   0   0   0   4   0   0   0   0   0   1   0   1   0   0   0   0  2.01 0.67
   46 N   -6 -5  9 -3 -7 -4 -5 -5 -4 -8 -8 -4 -7 -7 -6 -4 -4 -8 -7 -7    0   0 100   0   0   0   0   0   0   0   0   0   0   0   0   0   0   0   0   0  3.08 0.85
   47 Q   -5 -3 -4 -5 -8  9 -2 -5 -4 -7 -7 -3 -5 -8 -6 -5 -5 -7 -6 -7    0   0   0   0   0  99   0   1   0   0   0   0   0   0   0   0   0   0   0   0  3.08 0.91
   48 A    7 -5 -5 -6 -4 -5 -5 -3 -6 -5 -5 -5 -5 -6 -5 -2 -4 -7 -6 -4   98   0   0   0   0   0   0   1   0   0   0   0   0   0   0   0   0   0   0   0  2.19 0.71
   49 V   -4 -6 -7 -7 -1 -6 -6 -7 -7  2 -2 -6 -1 -4 -6 -5 -4 -6 -1  7    0   0   0   0   1   0   0   0   0  10   1   0   1   0   0   0   0   0   2  86  1.91 0.61
   50 A    7 -5 -5 -6 -3 -5 -5 -4 -5 -5 -5 -5 -3 -6 -5 -1 -3 -6 -6 -3   95   0   0   0   0   0   0   0   0   0   0   0   0   0   0   3   1   0   0   1  2.03 0.67
   51 A    6 -5 -5 -5  3 -4 -4 -3 -5 -1 -2 -4 -2 -5 -4 -1 -1 -6 -5  0   75   0   0   0   6   0   0   0   0   3   3   0   1   0   0   2   3   0   0   6  1.32 0.50
   52 G    6 -3 -3 -5 -4 -2 -4  2 -3 -4 -5 -1 -4 -6 -4  0 -3 -6 -5 -2   72   1   0   0   0   1   0  13   1   0   0   5   0   0   0   4   1   0   0   3  1.22 0.48
   53 R   -5  8 -4 -5 -7 -2 -4 -5 -4 -7 -5  2 -3 -7 -6 -4 -4 -7 -6 -6    0  87   0   0   0   0   0   0   0   0   0  11   1   0   0   0   0   0   0   0  2.38 0.70
   54 S    0 -5 -4 -5  0 -3 -4 -5 -5 -2  5 -4  2 -3 -4  3 -3 -5 -4 -2    9   0   0   0   2   0   1   0   0   0  62   0   4   0   0  21   0   0   0   0  0.96 0.41
   55 G   -3 -6  0 -3 -5 -4 -3  7 -4 -7 -7 -3 -6 -7 -4 -3 -5 -6 -7 -7    1   0   4   1   0   1   2  87   0   0   0   1   0   0   0   1   0   0   0   0  2.04 0.60
   56 A    6 -4 -3 -4 -4 -3 -3  2 -5  0 -4 -3 -3 -4 -4  0 -1 -6 -5 -2   68   1   1   0   0   0   0  14   0   5   0   0   0   0   0   5   3   0   0   2  1.10 0.45
   57 N   -2  0  2  4 -5  3  2 -3  1 -5 -4  2 -4 -5  1  0 -1 -5 -3 -3    3   4   9  24   0  13  13   0   3   0   1  11   0   0   8   8   3   0   1   1  0.53 0.25
   58 I   -2 -5 -5 -5 -1 -5 -5 -6 -6  3 -2 -5 -2 -4 -5 -3  4 -6 -4  6    1   0   0   0   1   0   0   0   0  12   2   0   0   0   0   0  30   0   0  53  1.24 0.47
   59 A    3  0 -1 -1 -2  0 -1 -1  2 -2 -3 -1 -3 -2 -3  2  3 -2  1 -1   25   6   1   4   1   3   2   4   6   2   1   2   0   2   0  14  18   0   6   3  0.26 0.19
   60 F   -5 -6 -6 -7 -6 -5 -6 -7 -4 -1  0 -6  8  7 -7 -5 -5 -4 -2 -4    0   0   0   0   0   0   0   0   0   2   5   0  41  51   0   0   0   0   0   0  2.19 0.66
   61 I   -4 -6 -7 -7 -4 -6 -6 -7 -7  7  0 -6 -1 -3 -6 -5 -4 -1 -5  4    1   0   0   0   0   0   0   0   0  66   7   0   1   0   0   0   0   1   0  24  1.65 0.52
   62 A    3 -5 -2 -4  2 -4 -5  6 -5 -6 -6 -4 -5 -6 -5  0 -1 -6 -6 -5   24   0   1   0   4   0   0  60   0   0   0   0   0   0   0   7   4   0   0   0  1.33 0.46
   63 C    2  4 -2 -5  8 -1 -3 -4 -1 -5 -5  3 -1 -5 -5 -2 -4 -6 -5 -4   17  21   2   0  34   3   0   1   2   0   0  17   2   0   0   2   0   0   0   0  1.18 0.43
   64 T   -4 -6 -6 -6 -4 -5 -6 -7 -6  3  1 -6 -1 -3 -6 -5  0 -6 -4  7    0   0   0   0   0   0   0   0   0  12  10   0   1   0   0   0   4   0   0  72  1.50 0.51
   65 G   -4 -6 -4 -5 -7 -6 -6  8 -6 -8 -8 -6 -7 -7 -6 -4 -6 -7 -7 -7    0   0   0   0   0   0   0 100   0   0   0   0   0   0   0   0   0   0   0   0  2.68 0.73
   66 D    1  0  3  4 -3  1  1 -1 -1 -4 -5  1 -4 -5 -3  1  0 -5 -3 -3   11   4  16  27   1   5   8   3   1   1   0  10   0   0   0   8   4   0   1   1  0.49 0.24
   67 D   -6 -6 -3  8 -8 -3 -2 -5 -2 -7 -8 -4 -7 -8 -6 -4 -5 -8 -7 -7    0   0   0  97   0   1   1   0   1   0   0   0   0   0   0   0   0   0   0   0  2.80 0.77
   68 S    3 -3  0  2 -3 -1  0  1 -2  0 -2 -2 -2 -4  0  2  0 -5 -3 -1   26   0   3  14   0   3   6   9   1   6   3   1   0   0   4  18   3   0   0   3  0.29 0.19
   69 I   -1 -5  1 -3 -3 -3 -1 -5  0  2 -1 -5 -2  7 -4 -3 -3 -2  3 -2    4   0   7   1   0   1   4   0   3  12   3   0   0  49   0   2   1   0  10   2  1.00 0.38
   70 G    0 -6 -4 -5 -6 -5 -6  7 -6 -7 -7 -5 -6 -7 -6 -3 -5 -6 -7 -7    9   0   0   0   0   0   0  91   0   0   0   0   0   0   0   1   0   0   0   0  2.28 0.65
   71 E    0  2  0  2 -4  3  3 -1  1 -2 -3  1 -2 -3 -2 -1  0 -4 -3 -2    9  10   4  10   0  14  18   3   3   3   2  10   1   0   1   3   6   0   0   2  0.29 0.17
   72 S    0  1  0  0 -4  4  2 -3 -2 -1 -1  0  0  2 -3 -1  0 -2  0 -2    8   9   4   3   0  20  15   0   0   3   5   4   3  10   0   4   7   0   2   2  0.25 0.18
   73 V    0 -4 -4 -6 -4 -3 -5 -5 -3  2  4 -4  6 -3 -5 -1 -2 -4 -2  0    8   0   0   0   0   1   0   0   1  10  43   0  26   0   0   4   2   0   1   4  0.91 0.37
   74 R   -3  5 -4 -4  0 -1 -3 -4 -1  2  3  1  1 -2 -4 -3 -2 -4 -2  0    1  31   0   0   2   2   0   1   2  11  30   7   2   1   0   1   2   0   1   5  0.55 0.27
   75 Q    0  1  1  2 -3  3  3 -1  1 -5 -4  2 -3 -4 -3  0 -1 -5 -3 -3   10   6   5  11   0  17  25   3   3   0   0  10   0   0   0   4   3   0   0   1  0.49 0.24
   76 Q    2 -2  2 -1 -2  3 -1  1  2 -3 -1 -1 -2 -4 -3  2  0 -4 -1 -2   19   1  10   3   1  14   3  13   5   1   6   1   0   0   0  16   4   0   2   2  0.26 0.19
   77 L   -4 -5 -6 -7 -5 -5 -6 -7 -5 -1  5 -6  1  5 -6 -6 -5  2  0 -2    1   0   0   0   0   0   0   0   0   1  68   0   3  22   0   0   0   3   3   0  1.42 0.48
   78 A    1  1 -1 -2 -4  3  2 -3  0 -2 -1  3 -2 -4 -3  0 -1 -4 -2 -1   13   6   2   1   0  18  16   1   1   2   6  22   0   0   0   4   3   0   1   4  0.38 0.23
   79 T    2  1  2  1 -1  2  2 -1  0 -3 -2  2 -1 -3 -3  1 -1 -4 -2 -2   18   6  10   7   1   8  13   2   3   0   2  12   1   1   0   8   3   0   1   3  0.23 0.15
   80 D    1 -3  1  5 -3 -1  4 -4 -2 -5 -3 -3 -3 -3 -4  0 -2 -5 -1 -3   12   1   6  31   1   1  34   0   1   0   2   0   0   1   0   6   1   0   3   2  0.79 0.35
   81 N   -3  0  2 -2 -6 -1 -3  6  2 -7 -6  0 -5 -6 -5 -2 -4 -6 -5 -6    1   5  12   2   0   3   1  66   4   0   0   5   0   0   0   2   0   0   0   0  1.33 0.45
   82 I   -4 -6 -6 -7 -4 -6 -6 -7 -7  7 -1 -6  2 -3 -6 -5 -4 -6 -5  4    0   0   0   0   0   0   0   0   0  62   3   0   4   0   0   0   0   0   0  30  1.67 0.52
   83 D   -4 -2  4  7 -4  1 -1 -3  0 -4 -6 -2 -4 -6 -5 -1 -3 -7 -4 -6    1   2  23  55   0   5   2   1   3   1   0   2   0   0   0   3   0   0   0   0  1.36 0.47
   84 I   -1 -4 -4 -2  4 -4 -3 -4 -3  2 -1 -4 -2 -4 -3 -2  6 -5 -3  2    3   0   0   2  10   0   1   1   1  13   4   0   1   0   1   1  49   0   1  14  0.87 0.39
   85 T    1  0  0  3 -4  2  2 -2 -1 -4 -4  0 -3 -5 -3  3  2 -5 -3 -3   13   5   3  19   0  10  11   1   1   0   0   3   0   0   0  22  12   0   0   0  0.46 0.25
   86 P    1 -1  1 -3  2 -3 -3  3  4 -4 -3 -2 -2  1  0 -1 -2 -1  4 -4   14   3   7   1   4   0   0  22  11   0   2   1   1   7   5   4   1   1  16   0  0.42 0.23
   87 V   -4 -6 -6 -6 -4 -6 -6 -7 -6  5  1 -6 -1 -3 -6 -5 -3 -6 -4  6    0   0   0   0   0   0   0   0   0  35  11   0   1   0   0   0   0   0   0  53  1.44 0.47
   88 S    0  1 -1 -1 -3  0  1 -1  1 -1  0  1  0  1 -3  1  1 -3 -1 -1    7   9   2   2   0   4   9   3   5   3  10  12   2   8   0  11  10   0   2   2  0.10 0.10
   89 V    0  1 -2 -3 -2  1  0 -4 -1  1 -1  0  1 -2 -1  0  3 -4 -2  2    7   9   0   0   1   6   7   0   1  11   4   4   3   2   2   4  23   0   1  16  0.21 0.17
   90 I   -1 -3  0  3  0 -1  0 -3 -1  2 -1 -1 -1 -3 -3  1  1 -4 -3  2    4   0   3  24   2   2   4   0   2  13   5   3   1   0   0  10   9   0   0  19  0.29 0.19
   91 K    1 -2  0  2 -4  0  3 -3 -3 -4 -4  1 -1 -5  3  0  0 -5 -3 -3   16   0   4  12   0   4  25   1   0   0   0   8   1   0  17   7   5   0   0   1  0.53 0.25
   92 G   -2 -2  3  2 -3  0  1  4  1 -4 -4  0 -2 -4 -3  0  1 -5 -3 -2    1   1  13  13   1   5   8  31   3   0   1   5   1   0   0   4   9   0   1   2  0.46 0.22
   93 E    1 -2 -1 -1  2  2  2 -1  1 -1 -1 -1 -1 -3 -2  0  2 -3 -2  1   14   1   3   1   4   9  19   3   3   4   4   2   2   1   0   5  14   0   1  12  0.19 0.15
   94 S    1 -3 -1 -1 -3 -1 -1  1  2 -4 -4 -1  0 -4  5  3  1 -5 -3 -3   11   0   2   2   0   3   3   9   5   0   0   3   3   0  27  24   8   0   1   0  0.59 0.27
   95 T   -3 -5 -3 -4 -5 -4 -4 -5 -5 -5 -5 -4 -5 -6 -5  4  7 -6 -5 -4    0   0   0   0   0   0   0   0   0   0   0   0   0   0   0  34  66   0   0   0  1.82 0.65
   96 G   -4 -6 -4 -5 -7 -6 -6  8 -6 -8 -8 -6 -7 -7 -6 -4 -6 -7 -7 -7    0   0   0   0   0   0   0 100   0   0   0   0   0   0   0   0   0   0   0   0  2.68 0.73
   97 V   -2 -4 -4 -5 -4  2 -4 -5 -1  4 -1 -3  2 -3 -5 -2  2 -5 -4  5    2   0   0   0   0   9   0   0   2  21   2   1   5   0   0   3  12   0   0  42  0.75 0.34
   98 A    7 -5 -6 -6 -4 -5 -5 -3 -6 -5 -5 -5 -5 -6 -5 -3 -4 -7 -6 -4   99   0   0   0   0   0   0   1   0   0   0   0   0   0   0   0   0   0   0   0  2.24 0.72
   99 L   -1 -4 -3 -4 -2 -2 -4 -5 -1  1  3 -3  4  2 -4  0 -1 -3  2  0    3   0   0   0   1   2   0   0   2   6  34   0  15   9   0  10   4   0   8   7  0.47 0.24
  100 I   -5 -7 -7 -7 -5 -7 -7 -8 -7  8 -2 -7 -3 -4 -7 -6 -5 -7 -5  0    0   0   0   0   0   0   0   0   0  96   0   0   0   0   0   0   0   0   0   4  2.53 0.71
  101 F   -1 -3  0 -4 -2  2 -3 -2 -3  0  1 -3  2  2 -3 -1  4 -1  1  1    5   0   4   0   0  10   0   2   0   3  11   0   6  10   0   4  27   1   4  12  0.32 0.23
  102 V   -4 -6 -6 -7 -4 -6 -6 -7 -7  1  2 -6 -2 -4 -6 -5 -3 -6 -5  7    0   0   0   0   0   0   0   0   0   6  16   0   0   0   0   0   0   0   0  78  1.68 0.55
  103 N    1 -4  4  6 -4 -1  1 -2 -3 -6 -6 -3 -5 -6 -4  1 -2 -6 -5 -4   11   0  17  50   0   3   7   2   0   0   0   0   0   0   0   8   1   0   0   1  1.11 0.41
  104 G    1 -2 -1  5 -5  1  3  0  0 -5 -5 -1 -3 -5 -1  0 -2 -5 -3 -3   15   1   2  30   0   6  21   6   2   0   0   3   1   0   2   8   1   0   1   1  0.58 0.27
  105 E    1  0  3  1 -3  1  1 -1  2 -4 -4  0 -2 -3 -3  2  0 -4 -2 -3   14   5  15   7   0   7  10   3   5   0   1   4   0   1   0  20   6   0   1   0  0.34 0.19
  106 G    0 -5 -4 -4 -5 -5 -5  7 -5 -7 -6 -5 -6 -6 -5  1 -4 -6 -6 -6    6   0   0   0   0   0   0  82   0   0   0   0   0   0   0  11   0   0   0   0  1.92 0.57
  107 E   -2 -3  1  2 -6  5  6 -3 -2 -6 -6 -2 -5 -6 -4 -2 -4 -6 -5 -6    4   0   6   9   0  31  47   2   0   0   0   0   0   0   0   1   0   0   0   0  1.32 0.50
  108 N   -6 -5  9 -3 -7 -4 -5 -5 -4 -8 -8 -4 -7 -7 -6 -4 -4 -8 -7 -7    0   0 100   0   0   0   0   0   0   0   0   0   0   0   0   0   0   0   0   0  3.08 0.85
  109 V    1  1  1 -1  3  1 -2 -3  0 -2 -4 -2 -1 -4 -3  4  2 -5 -4 -1   10   7   5   4   7   7   1   0   2   1   0   0   2   0   0  34  14   0   0   5  0.45 0.27
  110 I   -5 -7 -7 -7 -5 -7 -7 -8 -7  8 -2 -7 -3 -4 -7 -6 -5 -7 -5 -1    0   0   0   0   0   0   0   0   0 100   0   0   0   0   0   0   0   0   0   0  2.69 0.75
  111 G   -1 -5 -5 -5  2 -4 -5  1 -5  4  1 -4  2 -3 -5 -2 -2 -5 -1  4    5   0   0   0   5   0   0  10   0  22   9   0   6   0   0   2   1   0   2  39  0.68 0.30
  112 I   -4 -6 -6 -6 -1 -6 -6 -6 -6  5  0 -6 -1 -3 -6 -5 -3 -6 -4  6    0   0   0   0   1   0   0   0   0  38   5   0   1   1   0   0   0   0   0  54  1.50 0.49
  113 H    2 -4 -1 -1 -1 -2 -3 -4  2  2 -2 -3 -2 -2 -4  1 -2 -1  3  3   20   0   3   4   1   1   0   0   5  12   2   0   0   0   0  11   0   1  13  27  0.41 0.26
  114 A    4 -4 -4 -4 -5 -3 -3  2  1 -5 -3 -4 -5 -6  6  1 -3 -6 -5 -4   34   0   0   0   0   1   0  15   3   0   2   0   0   0  37   8   0   0   0   0  1.13 0.43
  115 G   -3 -6 -3 -5 -6 -5 -1  7 -6 -8 -8 -5 -7 -7 -6 -4 -5 -6 -7 -7    0   0   1   0   0   0   5  93   0   0   0   0   0   0   0   0   0   0   0   0  2.35 0.66
  116 A    7 -5 -5 -5 -4 -4 -4 -1 -5 -5 -5 -4 -5 -6 -4  0 -2 -6 -5 -4   87   0   0   0   0   0   0   4   0   0   0   0   0   0   0   6   2   0   0   0  1.77 0.61
  117 N   -5 -5  9 -2 -2 -4 -4 -5 -4 -8 -8 -4 -6 -7 -6 -3 -4 -8 -6 -7    1   0  97   0   1   0   0   0   0   0   0   0   0   0   0   1   0   0   0   0  2.91 0.82
  118 A    3 -1  0 -1 -4  1 -2  3  1 -4 -2 -1  2 -1 -4 -1 -2 -2  1 -3   27   2   5   3   0   7   1  26   4   0   2   2   8   2   0   4   1   0   5   0  0.40 0.24
  119 A    3  2  0  0  1  1  1 -3  1 -3 -1  0 -1 -3 -3  0  0 -4 -1 -2   27  12   5   4   4   7  11   0   4   0   7   5   1   0   0   5   5   0   2   0  0.25 0.18
  120 L   -4 -5 -6 -6  1 -5 -6 -6 -5  2  5 -5  2  0 -5 -5 -3 -2 -2  3    0   0   0   0   3   0   0   0   0  10  54   0   4   3   0   0   0   1   1  25  1.02 0.37
  121 S   -2 -2  2  2 -1 -2 -2  0 -2 -3 -2 -2 -2 -4 -4  2  5 -5 -4 -3    1   2   9  11   1   1   1   6   1   1   4   2   1   0   0  15  43   0   0   0  0.67 0.34
  122 P    1 -2 -3 -1 -3  0  2 -4 -2 -1 -3 -1 -3 -4  6 -1  1 -5 -4  0   11   1   1   3   0   4  14   0   1   3   2   4   0   1  39   3   8   0   0   7  0.76 0.30
  123 A    3 -2 -2  2 -4  1  4 -1 -1 -4 -4  0 -3 -5 -3  0  0 -5 -3 -3   23   1   1  11   0   5  32   3   1   1   1   5   0   0   0   7   7   0   0   1  0.53 0.28
  124 L   -1  0 -1  5 -3  0  1 -4  2 -2 -1 -2 -1 -2 -3 -1 -1 -4  2  0    4   5   1  41   0   4  10   0   5   1   6   1   2   1   0   2   2   0   7   7  0.55 0.27
  125 V   -3 -5 -6 -6 -2 -5 -5 -5 -6  5  2 -5  0 -2 -5 -5 -3 -5 -4  5    1   0   0   0   1   0   0   1   0  33  21   0   1   1   0   0   0   0   0  41  1.11 0.39
  126 E    1  0  0  4 -5  1  4 -2 -1 -3 -3  1 -1 -4 -1 -1 -2 -5 -4 -3   12   5   4  22   0   7  29   2   1   1   2   6   1   0   2   3   1   0   0   1  0.50 0.25
  127 A    2  4  0 -1 -2  2  1 -1 -1 -4 -3  2 -2 -4  0  0 -1 -4 -3 -3   21  23   3   3   1   9   7   4   1   0   2  12   0   0   4   6   2   0   0   1  0.37 0.21
  128 Q    2 -2 -1 -1  0  0 -1 -2  5 -2  0 -2  0  1 -3  0 -1 -1  2 -2   26   1   3   3   2   5   2   1  16   1  11   2   2   7   1   6   2   0   6   2  0.27 0.19
  129 R    0  2 -1  1 -4  2  3 -2  0 -1  0  1 -2 -3 -3  0 -1 -2 -1 -2    9  10   1   9   0  11  23   1   2   4  10   9   0   0   0   7   2   1   2   1  0.26 0.17
  130 E    2 -1  0  3 -4  2  3 -1  0 -4 -4  0 -3 -4  1  1  0 -5 -3 -3   19   2   4  17   0   9  19   3   2   0   0   5   0   0   6   8   4   0   0   1  0.40 0.21
  131 R    1  0 -2 -2 -3  0 -1 -3 -1  1  2  0  0 -2 -2 -1  0 -4 -2  2   15   6   1   1   0   5   4   0   2   8  27   7   2   0   1   2   4   0   0  15  0.17 0.14
  132 I   -4 -6 -6 -6 -4 -5 -6 -5 -6  6  3 -6  0  3 -6 -5 -4  0 -2  0    1   0   0   0   0   0   0   1   0  57  23   0   1  12   0   0   0   1   0   3  1.27 0.43
  133 A    2  1 -2  0 -1  2  2 -2 -3 -1 -3  2 -2 -4  1  0  0 -4 -4 -2   24   6   0   4   1   9  17   2   0   3   2  14   0   0   7   4   5   0   0   2  0.31 0.20
  134 N    1  0  2  2 -4  3  2  1 -1 -4 -4  0 -3 -4 -2  0  0 -2 -3 -3   13   4  11  12   0  13  16  10   1   0   1   5   0   0   1   7   6   1   0   1  0.33 0.18
  135 A    6 -4 -3 -4  1 -4 -4 -2 -3 -3 -4 -3 -3 -4 -2  3 -1 -1 -5 -2   64   0   0   0   3   0   0   2   0   1   0   0   0   0   1  21   2   1   0   2  1.13 0.46
  136 S   -1 -1 -1  6 -6  1  0 -1 -1 -6 -5  1 -5 -6 -4  0 -1 -6 -4 -5    5   2   2  57   0   6   5   4   1   0   0   7   0   0   0   6   4   0   1   0  1.08 0.40
  137 A    1 -4 -5 -5  1 -4 -4 -4 -4  3  0 -4  1  3 -4 -2 -2 -2  3  3   15   1   0   0   4   0   0   0   0  19   6   0   4  14   0   1   2   0   9  24  0.53 0.25
  138 L   -3 -5 -6 -6  1 -5 -6 -6 -6  3  5 -5  1 -1 -5 -5 -3 -5 -4  4    1   0   0   0   3   0   0   0   0  16  51   0   2   2   0   0   1   0   0  25  1.04 0.37
  139 L   -4 -5 -6 -6 -4 -5 -6 -7 -6  4  5 -5  0 -3 -6 -4 -4 -5 -4  3    0   0   0   0   0   0   0   0   0  23  57   0   1   0   0   1   0   0   0  18  1.22 0.42
  140 M    2 -4 -5 -5  5 -4 -5 -5 -3  0  3 -4  6 -2 -5 -2  0 -5 -4  0   16   0   0   0  12   0   0   0   0   4  29   0  26   1   0   3   5   0   0   3  0.85 0.36
  141 Q   -5 -3 -4 -5 -4  9 -1 -6 -4 -7 -7 -3 -5 -8 -4 -4 -5 -6 -6 -7    0   0   0   0   0  96   3   0   0   0   0   0   0   0   1   0   0   0   0   0  2.90 0.87
  142 L   -5 -4 -3 -7 -5 -5 -6 -7 -6 -2  6 -6  1  4 -6 -6 -5 -4 -3 -3    0   1   2   0   0   0   0   0   0   0  76   0   3  18   0   0   0   0   0   0  1.55 0.52
  143 E   -5 -4 -4 -2 -8 -2  8 -4 -4 -8 -7 -3 -6 -8 -5 -4 -5 -7 -6 -7    0   0   0   0   0   0  99   1   0   0   0   0   0   0   0   0   0   0   0   0  2.59 0.79
  144 S   -3 -5 -4 -5 -1 -3 -4 -5 -5  5 -2 -4 -3 -4 -5  1  5 -6 -4  3    0   0   0   0   1   1   0   0   0  32   1   0   0   0   0  12  35   0   0  17  0.98 0.41
  145 P   -4 -6 -3 -3 -7 -6 -5 -6 -6 -7 -7 -5 -7 -8  9 -4 -5 -8 -7 -7    1   0   1   1   0   0   0   0   0   0   0   0   0   0  95   1   0   0   0   0  3.13 0.83
  146 L   -3 -3 -4 -3 -4  0 -3 -5 -3  3  4 -4  4 -2 -1 -4 -2 -1 -3  2    1   1   0   2   0   6   1   0   1  20  39   0  12   1   3   0   2   1   0  11  0.62 0.28
  147 E    1 -3 -1  3 -1  0  5 -3 -3 -4 -5 -1 -4 -6  2  0 -1 -6 -5 -3   15   0   1  15   1   2  40   0   0   1   0   2   0   0  11   7   3   0   0   1  0.73 0.34
  148 S    3 -4 -3 -4 -3 -3 -3  0 -4 -2 -4 -3 -2 -5 -3  1  5 -5 -4  1   29   0   0   0   0   1   0   6   0   2   0   0   1   0   0  11  39   0   0  11  0.79 0.38
  149 V   -1 -5 -2 -6 -2 -5 -5 -6 -6  3 -2 -5 -2 -4 -5 -3  2 -6 -4  6    4   0   2   0   1   0   0   0   0  14   1   0   0   0   0   1  13   0   0  64  1.26 0.47
  150 M    0 -1 -2 -2  0  1  2 -1 -2  2  2 -2  0 -1 -3 -2 -1 -2 -1  1    7   2   0   1   2   5  20   5   1  18  18   1   2   3   0   1   3   0   2   8  0.18 0.15
  151 A    3  1 -2 -2 -2  0  1 -3  3 -3 -1  1 -1 -1 -3 -1 -2  0  3 -3   28   8   0   2   1   4  12   1   9   0   5  10   2   3   0   2   2   1  12   0  0.34 0.22
  152 A    7 -5 -5 -5 -4 -4 -4 -2 -5 -3 -4 -4 -4 -6 -4 -2  0 -6 -5  0   83   0   0   0   0   0   0   2   0   1   1   0   0   0   0   1   6   0   0   6  1.56 0.57
  153 A    4 -5 -5 -5 -4 -4 -4 -4 -4  2  1 -4 -1  4 -4 -2 -2 -4 -2  0   44   0   0   0   0   0   0   0   0  11  14   0   1  21   0   1   1   0   0   6  0.77 0.35
  154 K    0  3 -2 -1 -3  3  2 -3 -2 -4 -4  5 -2 -4 -4 -1 -1 -5 -4 -4    8  14   1   3   0  12  14   1   1   0   1  37   1   1   0   4   3   0   0   0  0.69 0.31
  155 I    1  1 -3 -4 -2 -1 -2 -4 -3  4  2 -1  2 -1 -4 -2 -1 -4 -2  1   11   9   0   0   1   3   3   0   0  30  21   5   5   1   0   2   4   0   1   5  0.35 0.20
  156 A    7 -5 -5 -5 -1 -4 -5  1 -5 -5 -4 -4 -5 -6 -5 -2 -3 -6 -5 -3   87   0   0   0   1   0   0   8   0   0   1   0   0   0   0   1   0   0   0   1  1.75 0.61
  157 H   -1  4 -2 -4 -6  0 -2 -4  5 -5 -5  5 -4 -2 -4 -1 -3 -2 -1 -4    4  25   1   0   0   3   1   0  15   0   0  41   0   2   0   4   0   1   2   0  1.03 0.40
  158 Q    2  2  0 -1 -4  3  3 -2 -1 -4 -4  3 -3 -4 -3  0 -2 -5 -3 -3   20  13   4   3   0  12  22   2   1   0   0  17   0   0   0   5   1   0   0   0  0.52 0.27
  159 N    3 -1  2 -3 -2  0 -3 -3  6 -3  1  0 -1 -2 -4 -1 -3 -4  0 -2   25   3  13   0   1   4   0   0  21   0  18   5   1   2   0   4   0   0   3   1  0.48 0.28
  160 K   -3 -3  2 -1 -6  0 -3  6  1 -7 -7 -1 -5 -6 -5 -2 -4 -6 -6 -6    0   1  11   3   0   5   2  70   4   0   0   3   0   0   0   1   0   0   0   0  1.47 0.48
  161 T   -2 -1 -4 -4  2 -2 -3 -4 -4  1 -2  4 -1 -4 -4 -3  3 -1 -4  4    2   2   0   0   4   0   0   1   0   7   1  26   1   0   0   0  19   1   0  35  0.69 0.35
  162 I   -2  2 -1 -3 -3  1 -2 -4 -3  0 -1  3 -1 -4  2 -2  4 -3 -3 -1    1  12   3   0   0   5   0   0   0   5   5  22   2   0   9   1  30   0   0   5  0.50 0.29
  163 V   -3 -5 -5 -6 -4 -5 -5 -6 -6  1 -2 -5 -3 -4 -5 -4  4 -6 -5  6    0   0   0   0   0   0   0   0   0   5   2   0   0   0   0   0  29   0   0  64  1.48 0.53
  164 A   -3 -6 -6 -7 -4 -6 -6 -7 -6  7  0 -6  1 -3 -6 -5 -4 -1 -4  4    1   0   0   0   0   0   0   0   0  68   5   0   3   0   0   0   0   1   0  22  1.63 0.51
  165 L   -5 -6 -7 -7 -5 -6 -7 -7 -6 -2  7 -6 -1 -1 -7 -6 -5 -5 -5 -1    0   0   0   0   0   0   0   0   0   0  96   0   0   2   0   0   0   0   0   2  1.97 0.61
  166 N   -5 -5  8  3 -7 -4 -4 -4 -4 -7 -7 -4 -6 -7 -4 -3 -2 -8 -6 -7    0   0  82  15   0   0   0   0   0   0   0   0   0   0   1   0   2   0   0   0  2.39 0.71
  167 P   -2 -6 -6 -6 -7 -6 -5 -6 -7 -7 -7 -5 -7 -8  9 -4 -4 -8 -7 -7    3   0   0   0   0   0   0   0   0   0   0   0   0   0  97   0   0   0   0   0  3.24 0.85
  168 A    7 -5 -5 -6 -4 -5 -5 -4 -6 -5 -5 -5 -5 -6 -2 -2 -4 -7 -6 -4   97   0   0   0   0   0   0   0   0   0   0   0   0   0   2   1   0   0   0   0  2.12 0.69
  169 P   -3 -7 -6 -6 -7 -6 -5 -7 -7 -7 -7 -5 -7 -8  9 -5 -5 -8 -7 -7    2   0   0   0   0   0   0   0   0   0   0   0   0   0  98   0   0   0   0   0  3.32 0.87
  170 A    7 -5 -5 -5 -4 -5 -4 -3 -5 -3 -5 -4 -4 -5 -2 -2 -4 -6 -4  0   89   0   0   0   0   0   0   1   0   1   0   0   0   0   2   0   0   0   0   5  1.77 0.62
  171 R    0  3 -1 -2 -1  5 -1 -2  0 -3 -3  1 -1 -5  1  0  0 -5 -3 -2    7  20   1   2   2  28   2   3   2   1   1   9   1   0   6   7   6   0   0   2  0.50 0.27
  172 E    1 -2 -1  2 -4  0  3 -3 -1 -3 -3  2 -4 -5  4  0  0 -5 -4 -2   12   0   2  10   0   3  19   1   1   1   1  12   0   0  25   6   4   0   0   3  0.56 0.26
  173 L   -4 -5 -6 -6 -4 -4 -5 -6 -6  3  6 -5 -1 -1 -4 -5 -4 -5 -4  1    1   0   0   0   0   1   1   0   0  17  72   0   0   2   1   0   0   0   0   6  1.30 0.45
  174 P   -3 -5 -3  0 -6 -4 -3 -3 -5 -4 -4 -3 -4 -3  8  2 -3 -7 -6 -5    1   0   1   4   0   0   1   1   0   1   2   1   0   1  65  18   1   0   0   0  1.80 0.57
  175 D    1 -2  0  5 -5  0  2 -3 -3 -4 -3  0 -4 -4  2 -1 -1 -5 -4 -3   14   2   3  34   0   3  15   1   0   0   2   5   0   0  12   2   4   0   0   2  0.61 0.28
  176 E    0 -2 -1  3 -5  0  5 -1 -1 -5 -5 -1 -3 -6 -2  1 -1 -6 -5 -4    8   1   1  14   0   2  48   4   2   0   0   2   1   0   2  12   2   0   0   0  0.84 0.36
  177 L   -4 -5 -6 -7 -4 -5 -4 -7 -6  1  6 -6 -1  1 -6 -5 -4  6 -1 -1    0   0   0   0   0   0   1   0   0   6  72   0   0   5   0   0   0  10   2   3  1.39 0.47
  178 L   -4 -5 -6 -7 -2 -5 -6 -7 -4 -1  5 -5  0  2 -5 -5 -4  0  5 -2    0   0   0   0   1   0   0   0   0   2  68   0   1   7   0   0   0   1  18   1  1.32 0.46
  179 A    2  1 -1 -1 -3  2  1  0 -1 -4 -4  2 -3 -5  2  2 -1 -5 -4 -3   23   9   2   2   0   8   8   6   1   0   0  13   0   0  10  14   2   0   0   0  0.37 0.21
  180 L   -1 -1  1 -3  2  1 -3 -3  2 -1  3  0  1 -1 -4 -2 -2  1  2  0    3   2   8   1   5   7   0   2   5   0  37   6   4   1   0   3   1   2   8   6  0.28 0.20
  181 V   -2 -5 -5 -5  0 -5 -5 -5 -5  4  1 -5 -2 -3 -5 -2  3 -5 -4  5    3   0   0   0   2   0   0   0   0  24  10   0   0   0   0   2  19   0   0  41  0.91 0.37
  182 D   -4 -4 -1  8 -7 -4 -2 -5  0 -7 -7 -4 -6 -4 -5 -2 -3 -2  1 -7    1   1   1  83   0   0   1   0   2   0   0   0   0   1   0   2   2   1   6   0  2.10 0.64
  183 I   -3 -5 -5 -6 -4 -5 -5 -6 -4  5  2 -5  3  1 -5 -4 -1 -1  5  2    1   0   0   0   0   0   0   0   0  34  15   0   9   4   0   0   3   1  22  12  0.91 0.35
  184 I   -4 -6 -7 -7 -1 -6 -6 -7 -6  7  4 -6  0 -2 -6 -6 -4 -5 -4  0    0   0   0   0   1   0   0   0   0  61  33   0   2   1   0   0   0   0   0   3  1.51 0.49
  185 T   -1 -5 -4 -5 -1 -4 -5 -5 -5  4 -2 -3 -2 -4 -5 -2  6 -6 -5  2    4   0   0   0   1   0   0   0   0  21   2   1   0   0   0   1  55   0   0  15  1.17 0.47
  186 P   -4 -6 -6 -6 -7 -6 -5 -7 -7 -6 -3 -5 -6 -8  9 -5 -5 -8 -7 -2    0   0   0   0   0   0   0   0   0   0   4   0   0   0  93   0   0   0   0   3  3.04 0.81
  187 N   -6 -5  9 -3 -7 -4 -5 -5 -4 -8 -8 -4 -7 -7 -6 -4 -4 -8 -7 -7    0   0 100   0   0   0   0   0   0   0   0   0   0   0   0   0   0   0   0   0  3.08 0.85
  188 E   -4  0 -4 -2 -8  1  8 -6 -4 -7 -7 -2 -6 -7 -5 -4 -5 -7 -6 -6    1   4   0   0   0   6  88   0   0   0   0   1   0   0   0   0   0   0   0   0  2.15 0.69
  189 T   -3 -4 -3 -4 -4 -4 -4 -5  3  1 -2 -4 -4 -2 -5  1  6 -6 -4  0    0   0   1   0   0   0   0   0   8   7   3   0   0   1   0  11  63   0   0   6  1.22 0.50
  190 E   -5 -4 -4 -3 -8 -2  8 -6 -4 -8 -7 -3 -6 -8 -5 -4 -5 -7 -6 -7    0   0   0   0   0   0 100   0   0   0   0   0   0   0   0   0   0   0   0   0  2.67 0.80
  191 A    6 -2 -4 -5 -1 -3 -4 -3 -5 -1  0 -4 -3 -5 -4  1  0 -6 -5 -2   70   2   0   0   1   1   0   0   0   3   8   0   0   0   0   8   6   0   0   1  1.10 0.46
  192 E    3 -2 -3 -2 -5  1  5  0 -3 -5 -4 -2 -2 -3 -4  1 -1 -5 -3 -4   24   1   0   1   0   6  46   6   0   0   1   1   1   1   0  10   2   0   1   0  0.82 0.38
  193 K    1 -1 -3 -3 -2  1 -1 -3 -2  2  2  0  2 -1 -3 -1  0 -4 -2  1   16   3   0   0   0   8   3   0   0  16  22   7   5   1   0   3   6   0   1   8  0.20 0.15
  194 L   -5 -6 -7 -7 -5 -6 -6 -7 -6  3  6 -6 -1 -3 -6 -6 -4 -5 -2 -2    0   0   0   0   0   0   0   0   0  14  84   0   0   0   0   0   0   0   1   1  1.70 0.54
  195 T    0 -4 -3 -4 -1 -4 -4 -3 -5 -3 -3 -4 -4 -4 -4  2  7 -5 -5  1    6   0   1   0   1   0   1   1   0   0   1   0   0   0   0  13  66   0   0  10  1.30 0.50
  196 G   -2 -5 -2 -2 -6 -3 -4  7 -5 -5 -6 -4 -6 -6 -5 -3 -5 -6 -6 -6    1   0   2   2   0   1   1  89   0   1   0   1   0   0   0   1   0   0   0   0  2.08 0.59
  197 I   -3 -2 -4 -4 -2 -2 -4 -4 -2  5  1 -3  1  2 -4 -2 -2 -4 -3  3    1   3   1   1   1   2   0   1   1  42   9   1   4  10   0   3   1   0   0  21  0.69 0.28
  198 R    1  0 -1 -1 -3 -1  2 -3  0 -3 -4  3 -3 -5  4  0  1 -3 -4 -3   12   5   2   2   0   1  12   1   2   1   1  21   0   0  24   6   8   0   0   1  0.55 0.25
  199 V   -1 -5 -5 -4 -4 -3 -4 -3 -5  3 -1 -4 -1 -3 -1 -3 -2 -3 -4  6    5   0   0   1   0   1   1   2   0  17   2   1   1   0   3   1   1   0   0  63  1.08 0.40
  200 E   -2 -1  2  3 -2  0  2 -2  1 -1 -3  0 -2 -4 -3  0  3 -4 -3 -1    2   3  11  16   1   3  15   2   3   3   1   6   1   0   1   4  26   0   0   4  0.38 0.21
  201 N   -2 -4  2  6 -4 -2 -1  1 -2 -5 -5 -3 -5 -4 -4  2  1 -3 -5 -5    1   0  10  46   0   1   2   9   1   0   0   0   0   1   0  18   9   0   0   0  0.97 0.38
  202 D   -1 -2 -1  3 -4  1  4 -3 -2  0  0 -1 -1 -3  2 -2 -2  0 -3  0    3   1   2  15   0   4  32   1   0   5  11   3   1   1   9   1   2   1   1   6  0.37 0.21
  203 E    2 -2 -1  3 -3  1  4 -2 -1 -3 -3 -1 -2 -5 -1  0 -1 -5 -4 -2   22   1   2  15   0   6  31   1   1   1   1   3   1   0   2   5   4   0   0   2  0.50 0.26
  204 D    0 -3 -1  4 -2  0  0 -1 -3 -5 -5 -3 -3 -5 -3  5  2 -5 -4 -4    5   0   2  22   1   3   6   4   0   0   0   0   0   0   1  43  13   0   0   0  0.78 0.35
  205 A    5 -4 -4 -5  0 -3 -3 -3 -4  0  0 -3  5 -3 -3 -2 -2 -2 -4 -1   60   0   0   0   1   0   1   0   0   4   8   1  15   1   1   0   1   1   0   4  0.95 0.40
  206 A    2  2 -1 -1 -2  2  2 -3  1 -1 -1  2 -1 -3 -2 -1 -1 -2 -2  0   18  12   1   3   0  12  15   1   3   4   5  13   1   1   0   1   3   1   1   6  0.23 0.16
  207 K    1  2 -1 -1 -4  3  1 -3 -1 -2 -1  3  0 -3 -2 -1  0 -2 -3 -1   13  11   1   2   0  16  10   1   1   1   6  25   2   1   1   2   4   0   0   3  0.36 0.21
  208 A    6 -4  1 -4 -3 -3 -4 -2 -4 -3 -4 -4 -4 -3 -4  0 -1 -2 -5 -2   77   0   6   0   0   1   0   2   0   1   1   0   0   1   0   5   3   1   0   2  1.30 0.49
  209 A    7 -5 -5 -5 -2 -4 -4 -1 -5 -1 -4 -4 -1 -5 -4 -1 -2 -6 -5 -3   84   0   0   0   0   0   0   4   0   3   1   0   1   0   0   4   1   0   0   1  1.55 0.55
  210 Q    1  2  1  2 -3  3  2 -1 -1 -4 -3  1 -2 -4 -2  0  0 -4 -3 -3   12  12   5  12   0  16  14   4   1   0   2  10   1   0   1   4   5   0   0   1  0.34 0.19
  211 V    1  1 -1 -2 -2  0  0 -3  1  0 -1  2  0 -1 -3 -1  0  0  2  1   16   9   2   2   1   3   5   0   4   6   2  16   2   2   0   2   4   2   8  15  0.14 0.13
  212 L   -5 -5 -6 -5 -4 -5 -6 -6 -5  1  6 -6  2  4 -6 -5 -4 -4 -2 -2    0   0   0   0   0   0   0   0   0   6  72   0   3  17   0   0   0   0   1   0  1.41 0.47
  213 H   -2  2 -3 -4 -1  2 -3 -3  7  0  2 -1  1 -2 -4 -2 -3 -2 -1 -2    3  11   0   0   1   9   1   1  32   6  22   4   4   1   0   2   0   0   1   1  0.69 0.31
  214 E    2  0  0  2 -3  3  3  0  0 -4 -3  1 -3 -5 -3  0 -1 -5 -3 -3   20   3   3  13   0  18  19   6   2   0   2   6   0   0   0   5   2   0   0   0  0.45 0.24
  215 K    0  3 -3 -3 -4  2 -2 -3  0 -3  1  4  4 -2 -4 -2 -3 -3 -2 -3    7  13   0   1   0   9   0   1   2   0  17  34  11   1   0   1   0   0   1   0  0.59 0.30
  216 G   -3 -5 -4 -5 -6 -5 -4  7 -5 -6 -6 -5 -3 -4 -5 -3 -5 -6 -6 -6    0   0   0   0   0   0   1  93   0   0   1   0   1   1   0   1   0   0   0   0  2.28 0.62
  217 I    2 -5 -5 -5 -1 -4 -5 -4 -5  4 -2 -3 -1 -3 -2 -3 -2 -5 -4  5   17   0   0   0   1   0   0   0   0  29   1   1   1   0   2   1   1   0   0  44  0.95 0.37
  218 R    0  2 -1  0 -4  1  2  1  0 -5 -4  4 -3 -5  0  0 -1 -5 -4 -4    7  13   2   3   0   5  12  11   2   0   0  31   0   0   5   5   2   0   0   0  0.48 0.24
  219 T   -1 -1  4 -1  1  0 -1 -2  2  0 -3  1 -2 -2 -4 -1  3 -2 -2 -1    4   3  27   1   3   4   2   2   6   5   0   8   1   1   0   3  25   0   1   5  0.45 0.25
  220 V    0 -6 -6 -6 -1 -5 -6 -6 -6  0  0 -5 -2 -4 -6 -4 -2 -6 -5  7    6   0   0   0   1   0   0   0   0   3   8   0   0   0   0   1   2   0   0  80  1.58 0.53
  221 L   -3 -6 -6 -6 -4 -5 -6 -7 -6  6  2 -5  3 -3 -6 -5 -4 -5 -4  3    1   0   0   0   0   0   0   0   0  55  20   0   7   0   0   0   0   0   0  17  1.32 0.44
  222 I   -3 -6 -6 -6 -4 -6 -6 -7 -6  7  0 -6 -1 -4 -4 -5 -1 -6 -5  4    1   0   0   0   0   0   0   0   0  63   4   0   0   0   1   0   3   0   0  29  1.58 0.50
  223 T   -4 -5 -4 -5 -5 -4 -5 -6 -6 -5 -5  2 -5 -6 -5 -3  8 -7 -6 -4    0   0   0   0   0   0   0   0   0   0   0  11   0   0   0   0  89   0   0   0  2.24 0.73
  224 L   -4 -4 -6 -6 -2 -4 -3 -7 -6  1  6 -4  2 -2 -6 -5 -4 -5 -1  0    0   0   0   0   1   0   2   0   0   4  79   1   5   0   0   0   0   0   2   4  1.36 0.47
  225 G   -3 -6 -4 -5 -6 -6 -6  8 -6 -8 -8 -5 -7 -7 -6 -3 -5 -7 -7 -7    1   0   0   0   0   0   0  99   0   0   0   0   0   0   0   1   0   0   0   0  2.60 0.71
  226 S    3 -3 -2  1 -4 -2  2  0 -3 -5 -5  0 -4 -5 -3  4 -2 -5 -5 -4   31   1   1   7   0   1  15   5   0   0   0   4   0   0   0  35   0   0   0   0  0.72 0.36
  227 R   -2  5 -2 -2 -4  4  0 -5 -1 -6 -4  5 -4 -6 -4 -2 -3 -6 -5 -5    2  27   1   2   0  18   5   0   1   0   2  41   0   0   0   1   1   0   0   0  1.14 0.43
  228 G   -4 -6 -4 -5 -7 -6 -6  8 -6 -8 -8 -6 -7 -7 -6 -4 -6 -7 -7 -7    0   0   0   0   0   0   0 100   0   0   0   0   0   0   0   0   0   0   0   0  2.68 0.73
  229 V    4 -5 -5 -5  3 -4 -4 -4 -5 -1 -2 -4 -3 -4 -4  0  0 -6 -4  5   38   0   0   0   5   0   0   0   0   1   1   0   0   0   0   7   5   0   0  42  0.96 0.41
  230 W   -2 -3 -5 -6 -2 -4 -5 -5 -1 -1  2 -5  0  4 -6 -4 -3  7  5  1    4   2   0   0   1   0   0   0   1   2  21   0   2  19   0   1   1  14  25   8  0.98 0.36
  231 A    0 -4 -5 -5  4 -4 -5 -4 -2  2  2 -4 -1  3 -5 -3 -2  3  5  1    8   0   0   0   9   0   0   1   1  11  24   0   0  10   0   0   1   4  20  11  0.62 0.27
  232 S    3 -1 -2 -1  1 -2 -2 -2  0 -1 -1 -1 -1 -1 -3  3 -1  0  0  1   25   3   0   3   3   1   0   1   3   2   5   3   1   2   0  32   1   1   3  10  0.35 0.24
  233 V   -1  0  1  2 -1  1  2 -1  0 -2 -2  0 -2 -3 -3  1  3 -4 -2 -1    3   4   7  10   1   8  12   5   2   1   3   3   1   1   0  10  23   0   1   4  0.25 0.17
  234 N    1  0  3  2 -4  1  1  2 -2 -4 -4  1 -2 -5  1  0 -1 -5 -3 -3   14   3  14  14   0   6   9  14   1   0   0  11   1   0   7   3   2   0   1   1  0.34 0.18
  235 G    0 -2  1  3 -5  0  2  4 -1 -5 -5  0 -4 -5 -4  0 -1 -5 -5 -4    5   1   7  15   0   3  13  39   1   0   1   4   0   0   0   5   4   0   0   1  0.65 0.27
  236 E    0  0  0  0 -4  2  4  1  0 -3 -3  1 -2  0 -3 -1  0 -4 -2 -1    6   5   3   3   0  11  28  14   2   1   0   9   0   4   0   4   5   0   1   4  0.33 0.20
  237 G    0 -1 -1 -1  0  0  1  2  2 -2 -2 -1 -1 -1 -2  1  1 -2  0 -1    7   4   2   2   2   4   9  19   5   1   3   1   2   4   1  15  10   0   3   5  0.14 0.12
  238 Q   -1  1 -2 -1 -2  2  2  2 -1 -1 -2  1 -2  1 -3 -1  0 -3  0 -1    2  10   1   2   1  10  14  19   1   3   2   9   1   9   0   2   7   0   3   6  0.19 0.15
  239 R   -3  1 -2 -4 -2 -1 -3 -5  5  2  2 -3  1  3 -4 -3 -2  1 -1 -1    1  10   1   0   1   3   1   0  18  14  24   0   3  15   0   1   2   2   1   3  0.49 0.25
  240 V   -3 -5 -5 -5 -2 -2 -4 -6 -1  5  0 -5  0  2 -5 -4 -3 -1  1  5    0   0   0   0   1   2   1   0   2  31   6   0   2  10   0   0   0   1   4  40  0.93 0.36
  241 P    1 -2 -3 -2 -5 -2  0 -4 -4 -6 -5 -1 -5 -7  8 -2 -4 -7 -6 -4   11   2   1   3   0   2   5   1   0   0   1   4   0   0  68   3   0   0   0   1  1.79 0.55
  242 G    6 -5 -4 -5 -3 -4 -4  3 -5 -5 -5 -4 -4 -6  1  0 -2 -6 -5 -3   65   0   0   0   0   0   0  21   0   0   0   0   0   0   6   5   1   0   0   1  1.23 0.48
  243 F   -4 -2 -5 -4 -3 -3 -4 -6  1 -1 -1 -3 -2  7  3 -4 -3 -3  4 -3    1   2   0   1   0   1   1   0   3   2   4   2   0  52  14   1   1   0  13   1  1.25 0.44
  244 R   -1  3 -2 -2 -1  1  0 -4 -1 -3 -4  5 -3 -5  2  0 -1 -5 -4 -1    3  14   0   1   1   5   4   0   1   1   0  45   0   0  10   5   3   0   0   5  0.72 0.33
  245 V   -3 -6 -7 -7 -5 -6 -6 -7 -7  0 -3 -6 -1 -5 -6 -5 -3 -7 -5  8    1   0   0   0   0   0   0   0   0   1   0   0   1   0   0   0   1   0   0  96  2.23 0.68
  246 Q   -2  1  2  1 -5  3  2 -4 -1 -5 -4  4 -4 -5  0 -1  0 -5 -4 -3    2   5   9   8   0  15  15   0   1   0   0  31   0   0   5   2   5   0   0   1  0.62 0.29
  247 A    6 -5 -5 -5 -4 -4 -4 -4 -5 -3 -4 -4 -4 -5  1 -2  0 -6 -5  2   73   0   0   0   0   0   0   0   0   0   0   0   0   0   8   1   5   0   0  13  1.35 0.52
  248 V   -3 -4 -6 -6 -4 -5 -6 -6 -6  3 -1 -2 -2 -4 -6 -5  0 -6 -5  7    1   1   0   0   0   0   0   0   0  16   2   3   0   0   0   0   5   0   0  72  1.47 0.51
  249 D   -6 -6 -3  8 -8 -4 -2 -6 -5 -7 -8 -5 -7 -8 -6 -4 -5 -9 -7 -7    0   0   0  99   0   0   1   0   0   0   0   0   0   0   0   0   0   0   0   0  2.93 0.80
  250 T   -3 -5 -4 -5 -5 -5 -5 -6 -6 -5 -5 -5 -5 -6 -4 -2  8 -7 -6 -4    1   0   0   0   0   0   0   0   0   0   0   0   0   0   1   1  97   0   0   0  2.51 0.79
  251 I   -4 -5 -4 -5 -5 -5 -5 -6 -6  1 -4 -5 -4 -5 -5 -3  7 -6 -5  2    0   0   0   0   0   0   0   0   0   8   0   0   0   0   0   0  78   0   0  14  1.84 0.64
  252 A    7 -5 -5 -5 -4 -5 -5  2 -5 -5 -5 -4 -5 -6 -5 -2 -4 -6 -6 -4   85   0   0   0   0   0   0  14   0   0   0   0   0   0   0   1   0   0   0   0  1.79 0.62
  253 A    7 -5 -6 -6 -4 -5 -5 -4 -6 -5 -5 -5 -5 -6 -5 -3 -4 -7 -6 -4  100   0   0   0   0   0   0   0   0   0   0   0   0   0   0   0   0   0   0   0  2.27 0.72
  254 G   -4 -6 -4 -5 -7 -6 -6  8 -6 -8 -8 -6 -7 -7 -6 -4 -6 -7 -7 -7    0   0   0   0   0   0   0 100   0   0   0   0   0   0   0   0   0   0   0   0  2.68 0.73
  255 D   -6 -6 -3  9 -8 -4 -3 -6 -5 -7 -8 -5 -7 -8 -6 -4 -5 -9 -7 -8    0   0   0 100   0   0   0   0   0   0   0   0   0   0   0   0   0   0   0   0  2.96 0.81
  256 T    2 -5 -4 -5  3 -4 -4 -3 -5 -3 -4 -4 -4 -5 -4  1  6 -6 -5 -1   19   0   0   0   5   0   0   1   0   1   0   0   0   0   0   8  63   0   0   4  1.33 0.52
  257 F   -7 -7 -7 -8 -7 -8 -8 -8 -5 -4 -4 -7 -4  9 -8 -7 -6 -3  1 -5    0   0   0   0   0   0   0   0   0   0   0   0   0  98   0   0   0   0   2   0  3.20 0.82
  258 N   -2 -4  6 -3  1 -4 -4 -4 -4  4 -1 -4 -3 -5 -5 -3 -1 -6 -5  2    3   0  49   0   3   0   0   0   0  26   4   0   0   0   0   0   3   0   0  12  1.16 0.45
  259 G    0 -6 -4 -5 -6 -5 -6  7 -6 -7 -7 -5 -6 -7 -6 -3 -5 -6 -7 -7    8   0   0   0   0   0   0  92   0   0   0   0   0   0   0   0   0   0   0   0  2.33 0.65
  260 A    6 -5 -4 -5 -4 -4 -4  4 -5 -5 -5 -4 -3 -3 -4 -2 -2 -6 -1 -4   64   0   0   0   0   0   0  30   0   0   0   0   0   1   0   1   1   0   2   0  1.36 0.50
  261 L   -5 -6 -6 -7 -5 -6 -6 -7 -5 -1  5 -6  2  5 -6 -6 -5 -4 -1 -2    0   0   0   0   0   0   0   0   0   1  64   0   4  29   0   0   0   0   1   1  1.50 0.49
  262 I    5 -4 -4 -5  2 -4 -4 -3 -5 -1 -1 -4  0 -4 -4  1  0 -5 -4  3   50   0   0   0   4   0   0   0   0   3   4   0   2   0   0  12   4   0   0  20  0.78 0.36
  263 T    3 -4 -3 -4 -2 -3 -4 -2 -1 -1 -3 -3 -3 -3 -4  2  3 -5  0  3   27   0   0   0   0   0   0   1   1   1   1   0   0   1   0  16  21   0   3  27  0.61 0.33
  264 A    5  0 -2 -4 -1  1 -1  1 -3 -3 -4  0 -3 -3 -4  0 -2 -5 -2 -1   56   5   2   0   1   7   4  11   0   1   0   5   0   1   0   4   1   0   1   3  0.70 0.34
  265 L   -5 -2 -6 -7 -5 -5 -5 -7 -3  1  6 -5  0 -1 -6 -4 -4 -2 -4 -2    0   2   0   0   0   0   1   0   1   6  84   0   1   2   0   1   0   0   0   1  1.49 0.51
  266 L    3 -3  0  0  0 -1 -1 -1 -2 -2  1  0 -1 -3 -3  2 -1 -4 -2 -1   33   0   5   5   2   3   2   4   1   0  18   5   0   0   0  15   2   0   1   4  0.27 0.20
  267 E    0  0  0 -1 -4  1  5 -2 -1 -5 -4  2 -4 -5  1  1 -1 -5 -4 -4    9   5   5   2   0   4  43   2   1   0   1  10   0   0   6   8   3   0   0   0  0.64 0.30
  268 E   -3 -3  0  3 -6 -2 -1  6 -4 -7 -6 -2 -6 -4 -5 -2 -4 -6 -6 -6    0   2   4  18   0   2   3  66   0   0   0   2   0   1   0   2   0   0   0   0  1.41 0.47
  269 K    0  1 -2 -2 -3  2  0 -3 -1 -2  1  3  4 -1 -4  1 -2 -4 -3 -2    7   9   1   1   0   8   4   0   1   0  16  23  14   2   0  12   1   0   0   1  0.35 0.23
  270 P    0 -3  4  1 -3 -3 -1 -2 -3 -5 -4 -2 -4 -5  3  3  1 -6 -5 -3    6   0  24   6   0   0   4   2   0   0   1   1   0   0  17  29   8   0   0   1  0.72 0.34
  271 L   -3 -4 -4 -3 -4 -3  0 -5 -5  3  4 -4  3  1 -1 -4 -3  0 -3  1    1   0   1   1   0   1   7   0   0  14  47   0   9   5   4   1   1   2   0   7  0.65 0.29
  272 P    1  1 -1  1 -4  0  3 -2  1 -2 -1  1 -2 -3  1  0 -1 -4 -3 -1   12  10   1   9   0   3  26   2   4   2   5   8   1   1   5   4   3   0   0   5  0.26 0.16
  273 E    0 -1 -2  3 -5  2  5 -4 -3 -5 -5  0 -3 -6 -2  0 -1 -6 -4 -4    7   2   1  18   0   9  48   1   0   0   0   3   0   0   1   7   2   0   0   0  0.92 0.38
  274 A    7 -5 -5 -5 -1 -4 -5 -3 -5 -5 -5 -4 -5 -6 -5  1 -4 -6 -6 -4   91   0   0   0   1   0   0   0   0   0   0   0   0   0   0   7   0   0   0   0  1.92 0.65
  275 I    0 -5 -6 -6  2 -5 -5 -5 -6  6  1 -5  0 -3 -5 -4 -2 -5 -4  4    7   0   0   0   4   0   0   0   0  45  10   0   2   0   0   1   2   0   0  29  1.04 0.38
  276 R    0  5 -1  0 -3  0  0 -2 -2 -1 -2  2 -2 -4 -3 -1  0 -5 -3  0    7  38   1   5   1   3   4   3   1   4   4  11   0   0   0   3   6   0   0   9  0.46 0.24
  277 F   -6 -3 -6 -7 -3 -5 -6 -7 -3 -2 -2 -6 -1  8 -7 -6 -5  7  5 -4    0   2   0   0   1   0   0   0   0   1   3   0   1  64   0   0   0  12  15   0  2.11 0.61
  278 A    6 -5 -5 -5 -4 -5 -5  4 -5 -5 -5 -4 -5 -6 -5 -3 -4 -6 -6 -4   69   0   0   0   0   0   0  31   0   0   0   0   0   0   0   0   0   0   0   0  1.62 0.57
  279 H    0 -3  4 -3  4  4 -2 -3  5 -4 -4 -3 -2 -5 -4  2 -1 -5 -4 -4    9   0  25   0   8  20   1   1  16   1   1   0   1   0   0  15   2   0   0   0  0.83 0.38
  280 A    4  3 -3 -4 -2  0 -3 -2  0 -2 -2  3 -1 -5 -4 -2 -1 -5 -3 -1   45  16   0   0   1   4   0   2   2   3   3  18   2   0   0   0   2   0   0   3  0.65 0.33
  281 A    7 -5 -5 -5 -2 -4 -5 -4 -5 -3 -4 -4 -4 -6 -5 -2 -2 -6 -5  2   84   0   0   0   1   0   0   0   0   1   1   0   0   0   0   1   1   0   0  12  1.66 0.59
  282 A    5 -4 -4 -4 -4 -4 -4  2 -5 -5 -5 -4 -4 -6 -4  4 -3 -6 -5 -4   54   0   0   0   0   0   0  16   0   0   0   0   0   0   0  29   0   0   0   0  1.23 0.49
  283 A    6 -5 -4 -5 -4 -4 -4 -2 -5 -5 -5 -4 -5 -6 -4  3 -2 -6 -5 -4   74   0   0   0   0   0   0   1   0   0   0   0   0   0   0  24   1   0   0   0  1.57 0.58
  284 I   -4 -6 -6 -7 -4 -6 -6 -7 -6  6  4 -6 -1 -1 -6 -5 -4 -2 -3  0    0   0   0   0   0   0   0   0   0  47  47   0   0   1   0   0   0   1   1   3  1.39 0.46
  285 A    4 -4 -3 -4  0 -3 -4 -3 -4 -4 -5 -3 -4 -5 -4  5  3 -6 -5 -2   33   0   0   0   2   0   0   1   0   0   0   1   0   0   0  42  20   0   0   2  1.06 0.46
  286 V   -2 -6 -6 -7 -3 -6 -6 -7 -7  0 -3 -6 -3 -5 -6 -4  0 -7 -5  7    3   0   0   0   0   0   0   0   0   1   0   0   0   0   0   0   6   0   0  89  1.95 0.63
  287 T   -4 -4 -4 -5 -5  5 -4 -5 -5 -5 -5 -4 -3 -6 -5 -2  7 -6 -5 -4    0   0   0   0   0  25   0   0   0   0   0   0   1   0   0   1  72   0   0   0  1.88 0.67
  288 R   -4  7 -4 -5 -7  0 -3 -2 -1 -6 -6  4 -5 -6 -5 -3 -2 -6 -5 -5    1  62   0   0   0   3   0   3   1   0   0  26   0   0   0   1   2   0   0   1  1.63 0.54
  289 K    1 -1 -2 -3 -3  0  1 -3  1  0  1  0  3  1  2 -1 -2 -3 -1 -1   16   2   1   0   0   4   8   0   4   3  16   7  11   8  11   3   0   0   2   3  0.19 0.16
  290 G   -4 -6 -4 -5 -7 -6 -6  8 -6 -8 -8 -6 -7 -7 -6 -4 -6 -7 -7 -7    0   0   0   0   0   0   0 100   0   0   0   0   0   0   0   0   0   0   0   0  2.67 0.72
  291 A    7 -5 -5 -6 -4 -5 -5 -4 -5 -5 -5 -5 -5 -6 -5 -2 -1 -6 -6 -4   96   0   0   0   0   0   0   0   0   0   0   0   0   0   0   0   4   0   0   0  2.09 0.68
  292 Q   -3 -3 -4 -5 -7  9 -2 -6 -4 -3 -4 -3  1 -3 -5 -3 -4 -6 -5 -6    2   0   0   0   0  89   0   0   0   1   1   0   3   1   0   1   1   0   0   0  2.45 0.78
  293 P    0 -2 -2 -4 -5 -3 -3 -3 -5 -4 -5 -3 -5 -6  7  2  3 -6 -5 -3    7   2   1   0   0   0   1   1   0   1   0   1   0   0  50  14  20   0   0   2  1.32 0.46
  294 S    1 -5 -3 -4 -5 -4 -4  0 -5 -6 -6 -4 -5 -6 -5  7 -2 -7 -6 -5    9   0   0   0   0   0   0   5   0   0   0   0   0   0   0  86   0   0   0   0  1.83 0.65
  295 V   -2 -5 -6 -6 -4 -5 -6 -6 -6  6  2 -5  5 -2 -6 -5 -4 -5 -3  2    3   0   0   0   0   0   0   0   0  54  17   0  16   1   0   0   0   0   1   9  1.29 0.44
  296 P   -5 -7 -6 -6 -4 -6 -5 -5 -7 -7 -7 -5 -7 -8  9 -4 -5 -8 -7 -7    0   0   0   0   0   0   0   0   0   0   0   0   0   0  99   0   0   0   0   0  3.35 0.86
  297 W   -2 -1 -1  1 -4 -2 -3 -4  2 -3 -2 -2 -2  0 -4  0  4  5  4 -3    2   3   2   9   0   2   0   0   5   1   3   2   1   4   0   8  34   9  16   1  0.61 0.31
  298 R   -1  6 -4 -4 -5 -1 -1 -3 -3 -1  1  1 -1 -1 -5 -3 -3 -5 -1 -3    5  53   0   0   0   2   3   1   0   3  18   8   1   2   0   0   1   0   2   1  0.91 0.38
  299 E    2  0  0  2 -4  2  3 -3  2 -4 -3  2 -2 -2 -2  1 -1 -4 -2 -3   17   3   5  13   0   8  20   1   6   0   2  11   1   1   1   9   1   0   1   1  0.36 0.20
  300 E   -1 -3 -3  1 -4  1  7 -5 -4 -4 -6 -2 -3 -6 -5 -3  0 -6 -5 -4    5   0   0   7   0   4  73   0   0   1   0   0   1   0   0   1   5   0   0   1  1.52 0.54
  301 I   -3 -5 -6 -6 -4 -5 -5 -6 -6  4  2 -5 -2  1 -5 -4 -1 -5 -3  5    1   0   0   0   0   0   0   0   0  23  18   0   0   6   0   0   4   0   0  48  1.06 0.38
  302 D   -3 -1  2  4 -5  1  4 -4 -1 -3 -1  0 -1 -5 -3 -2 -2 -5 -4 -4    1   1   9  26   0   7  33   0   1   2   8   6   2   0   1   1   1   0   0   0  0.68 0.30
  303 A    3  1  0  1 -3  1  2 -1 -1 -3 -3  0 -2 -3 -2  0  0 -4 -3 -2   35   8   3   9   0   6  12   2   1   1   2   6   1   1   1   6   6   0   0   1  0.33 0.20
  304 F    0 -5 -6 -6 -5 -4 -5 -4 -4 -2  1 -5 -1  8 -6 -4 -3  1  1 -2   10   0   0   0   0   0   0   1   0   1  14   0   1  65   0   1   1   2   2   2  1.45 0.45
  305 L   -2 -4 -6 -6 -4 -3 -5 -6 -3  1  6 -3  3 -1 -5 -4 -4 -4  0 -1    2   0   0   0   0   1   0   0   1   7  75   1   8   1   0   1   0   0   3   0  1.15 0.38
  306 D    2  2  0 -1 -3  3  1  1 -1 -3 -2  2 -2 -4 -3  1 -1 -4 -3 -3   24  10   4   1   0  14  11   8   1   1   2  13   0   0   0   8   3   0   0   0  0.31 0.17
  307 R    0  0  0  0 -4  4  4 -2 -2 -2 -3  3 -3 -5 -3  0  0 -4 -4 -3    8   4   2   4   0  19  32   2   0   2   1  17   0   0   0   5   4   0   0   1  0.55 0.23
  308 Q   -3  2  1 -2 -5  6  2 -2  5 -5 -4  1 -3 -5 -3 -2 -3 -4 -3 -4    0  12   5   0   0  45  13   2  14   0   0   7   0   0   0   1   0   0   0   1  0.96 0.32
  309 R   -2  3  1 -1 -4  3  3 -3  2 -4 -4  3 -2 -4 -3 -1 -2 -4 -3 -4    0  21   6   0   0  18  24   0   5   0   0  25   0   0   0   0   0   0   0   0  0.65 0.17

                      K         Lambda
Standard Ungapped    0.1308     0.3145
Standard Gapped      0.0637     0.2670
PSI Ungapped         0.2085     0.3136
PSI Gapped           0.0637     0.2670
