
Last position-specific scoring matrix computed, weighted observed percentages rounded down, information per position, and relative weight of gapless real matches to pseudocounts
           A  R  N  D  C  Q  E  G  H  I  L  K  M  F  P  S  T  W  Y  V   A   R   N   D   C   Q   E   G   H   I   L   K   M   F   P   S   T   W   Y   V
    1 M   -3 -3 -4 -5 -3 -2 -4 -5 -4  0  1 -3 10 -2 -5 -4 -3 -3 -3 -1    0   0   0   0   0   0   0   0   0   2   8   0  90   0   0   0   0   0   0   0  1.83 0.38
    2 S   -1  2  1 -2 -3  1 -1 -2  0 -1  1  3  0 -1 -2  0  1 -3 -2 -1    4  12  10   0   0   5   0   0   1   2  17  26   2   2   0   7   8   0   0   3  0.17 0.08
    3 I   -1  0 -1 -3 -2 -2 -3 -3 -2  2  2  0  6 -2 -2 -1  0 -3 -2  0    3   7   3   0   1   0   0   1   1  14  16   9  34   0   1   3   5   0   0   5  0.36 0.17
    4 R   -2  4  0 -2 -2  0 -1 -3  0 -2  0  3  1 -2 -1  0  0 -1 -1 -2    1  31   3   0   1   2   0   0   2   1  10  23   6   1   2   6   8   1   2   0  0.35 0.15
    5 R   -1  3 -2 -3 -3 -1 -2 -1 -2 -1  0  2 -1  0 -1 -1  0  6 -1 -1    5  25   0   0   0   1   0   6   0   4  12  17   1   4   2   3   5  14   0   3  0.34 0.14
    6 L    0 -2 -3 -4  0 -3 -3 -4 -2  2  3 -2  1  3 -3 -2 -1 -1  1  1    7   2   0   0   2   0   0   0   1  10  40   2   3  15   1   3   1   1   4  10  0.31 0.12
    7 A    2 -3 -3 -3  0 -2 -3 -1 -2  1  2 -2  0  1 -1  0  0 -3 -2  1   28   0   0   0   2   0   0   3   1   9  28   0   1   5   3   5   7   0   0   7  0.21 0.11
    8 C    1 -3 -3 -3  3 -2 -3 -2 -2  1  2 -2  0  0 -2  1  1  0 -2  2   15   0   0   0   7   0   0   1   1   9  25   0   1   5   1  10  10   1   0  15  0.19 0.10
    9 S    2 -3 -2 -3 -1 -2 -2  0 -3  1  1 -2  1  0  3  0  1 -3 -2  0   20   0   0   0   1   0   0   9   0   9  18   0   3   5  15   5  10   0   1   5  0.21 0.10
   10 L    2 -3 -3 -4 -2 -3 -3 -1 -3  1  3 -3  1  1 -3 -1  0 -3 -2  2   26   0   0   0   0   0   0   3   0   6  32   0   2   8   0   3   5   0   0  15  0.29 0.14
   11 L    0 -3 -3 -4  1 -3 -3 -1 -3  1  3 -3  2  1 -3 -1  0  0 -2  1   10   0   0   0   3   0   0   5   0   7  45   0   6   7   0   4   5   1   0   7  0.31 0.13
   12 L    1 -3 -3 -4  0 -3 -3 -1 -2  2  3 -3  2  1 -3 -1  0 -3 -2  1   13   0   0   0   2   0   0   5   0  12  38   0   5   6   1   2   8   0   0   7  0.26 0.12
   13 S    1 -3 -2 -3  2 -2 -2  0 -3  0  2 -2  3  0 -2  1  0 -3 -1  1   15   0   0   0   5   0   1   7   0   4  24   0  12   4   1  15   5   0   1   7  0.17 0.11
   14 S    2 -3 -2 -3  1 -2 -2  0 -3  0  1 -2  1  2 -2  2  0 -1 -1  0   22   0   0   0   3   0   0   8   0   3  17   0   4  10   1  20   5   1   0   6  0.17 0.11
   15 L    1 -3 -2 -3 -2 -2 -2 -1 -3  1  2 -3  2  3 -2 -1  1 -2 -1  1   14   0   1   0   0   0   1   5   0   4  27   0   8  17   2   3   9   0   1   9  0.20 0.11
   16 A    3 -2 -1 -2  0 -1 -2  1 -3 -2 -2 -2  0 -1  0  3  2 -2 -3  0   26   0   1   1   2   1   0   9   0   1   1   0   2   2   4  33  11   1   0   5  0.33 0.15
   17 L    1 -2  1 -1 -2 -1 -1  2  0 -1  0 -1  0 -1  0  1  1  0 -1  0   16   0   6   1   0   1   1  16   3   1   9   2   3   3   4  16  11   1   1   5  0.12 0.07
   18 P    1 -2  0 -2  0  0 -1  0  0 -1 -1 -1  0 -1  3  2  2 -3 -1 -1   10   0   4   1   1   4   1   6   2   1   6   1   3   3  14  24  13   0   2   5  0.20 0.10
   19 V    4 -2 -2 -3 -2 -2 -2  0 -3  0 -1 -2  0 -3 -2  1  1 -4 -3  2   47   1   1   0   0   0   1   4   0   4   4   0   2   0   1   9   7   0   0  19  0.37 0.16
   20 L    1 -1 -1 -1 -2  1 -1 -1  0  0  1 -1  1  1 -2  0  0  2  1  0   13   2   2   3   0   8   2   3   3   1  13   1   6   9   1   9   7   4   4   8  0.05 0.05
   21 A    5 -2 -3 -2 -1 -1 -2 -1 -3 -2 -2 -2 -2 -4  0  1  0 -1 -3 -2   72   1   0   1   1   1   1   2   0   1   2   1   1   0   3   8   4   1   0   0  0.74 0.25
   22 A    4 -1  0 -1 -1  0 -1  1 -2 -3 -3 -1 -1 -2 -1  2  0 -4 -3 -1   48   2   5   3   1   3   3   8   0   0   0   3   1   2   2  15   2   0   0   2  0.36 0.16
   23 E    1 -2  0  3 -3  1  3  1 -1 -3 -3 -1 -2 -3 -1  2  0  0 -3 -2   12   0   3  19   0   5  21  10   1   0   1   1   1   1   2  17   4   1   0   1  0.32 0.12
   24 C    1 -4 -3 -2 10 -3 -4 -1 -4 -3 -3 -1 -3 -4 -2 -1  0 -4 -4 -2   10   0   0   3  63   1   0   4   0   0   0   5   0   0   1   3   6   0   0   1  1.48 0.31
   25 P    0 -3 -1 -1 -4 -1 -2 -1 -3 -4 -3 -1 -3 -5  7  0  0 -5 -4 -4    6   0   3   4   0   3   0   5   0   0   1   3   1   0  61   5   7   0   0   0  1.29 0.27
   26 A    3 -2  0  3 -3 -1  1 -2 -2 -3 -3 -1 -3 -4  2  1  0 -4 -3 -2   34   1   2  22   0   1   8   1   0   0   1   2   0   0  11  12   4   0   0   2  0.42 0.16
   27 M   -1 -2 -3 -3 -2 -2 -2 -3 -2  1  3 -2  2  2 -2 -1  1 -1  1  1    5   2   0   1   0   0   2   1   1   9  31   0   8   9   1   5  12   0   5  10  0.21 0.10
   28 L   -2 -3 -2 -3 -1 -3 -3 -4 -3  0  4 -3  0  1 -3  0  1 -1  2 -1    1   0   1   1   1   0   1   0   0   1  60   0   1   4   1  10  11   0   8   0  0.50 0.20
   29 Q   -1 -1  3  4 -4  3  0 -1  0 -2 -3  1 -2  1 -3 -1 -1 -3 -2 -2    6   2  18  25   0  20   3   2   1   2   1   7   0   9   0   1   1   0   0   2  0.38 0.16
   30 G   -3 -3 -3 -4 -5 -1 -4  1  6 -3 -2 -3 -3  2 -5 -3 -3  0  7 -1    1   0   0   0   0   3   0  10  22   0   3   0   0   9   0   1   1   1  44   5  1.10 0.34
   31 E   -2 -1  0  5 -4  2  2 -3 -1 -4 -4  0 -2 -5 -2  1  0 -5 -4 -3    2   1   3  41   0  10  16   0   1   0   0   5   1   0   0  12   7   0   0   2  0.68 0.24
   32 L   -3 -4 -5 -5 -4 -1 -4 -5 -2  1  3 -2  1  6 -5 -4 -3 -2  2  0    1   0   0   0   0   4   0   0   0   8  26   3   4  42   0   0   0   0   7   6  0.79 0.26
   33 P   -1  3  0 -1 -3  0  1 -2 -1 -3 -3  1 -3 -4  3  2  2 -4 -3 -3    2  19   3   1   0   4   9   1   1   0   1  10   0   0  16  18  15   0   0   0  0.44 0.18
   34 K    3  1 -2 -2  0 -1  0 -2 -3 -1 -1  2  0 -1  1 -1 -1 -4 -2  1   33  10   0   0   2   1   4   0   0   1   6  17   2   4   6   1   3   0   0  11  0.23 0.15
   35 L   -2  0  0 -1 -2  0  0 -4 -2  0  3  1  0 -2 -1 -1  2 -3 -3 -1    1   5   4   2   0   4   5   0   1   2  42  10   0   0   2   1  18   0   0   2  0.27 0.17
   36 R    0  2  2  2 -3  1  0 -1  2 -3 -1  0 -2 -3 -2  1  2 -4 -2 -2    9  15   9  11   0   8   2   3   7   0   5   4   0   0   0  12  15   0   0   0  0.24 0.13
   37 A    0 -2  0  0 -2 -2 -2 -1 -3  3  2 -1  2 -2 -2  2 -1 -3 -3  0    8   0   4   7   0   0   1   5   0  22  21   3   6   0   1  19   2   0   0   0  0.16 0.13
   38 K   -1  0  2  4 -4  2  1 -2  0 -4 -4  3 -3 -4 -3  0  0 -4 -3 -3    4   4  13  24   0   9   9   2   1   0   0  20   0   0   0   7   6   0   0   0  0.45 0.17
   39 G    0 -2 -1 -2 -2 -2 -2  6 -2 -3 -3 -1 -2 -3 -2 -1 -2 -2 -3 -3    6   1   2   2   1   1   2  66   1   1   3   2   1   1   2   2   2   0   1   2  0.90 0.19
   40 E   -1 -1  0  1 -4  3  4 -1 -1 -4 -4  2 -3 -4 -2 -1  0 -4 -3 -3    3   1   3   7   0  17  37   5   1   0   0  16   0   1   0   2   5   0   0   1  0.57 0.21
   41 N   -1 -1  0  1 -2  1  2 -3 -2 -3 -2  0 -2 -4  4  1  2 -4 -3 -2    3   3   3   6   0   6  18   0   0   0   3   3   1   0  24  10  16   0   0   2  0.46 0.17
   42 I   -1 -1 -3 -3 -2  1 -2 -4 -2  3  1  0  0 -1 -3 -2  0 -3  0  3    3   2   0   0   0  11   2   0   1  23   9   6   2   2   0   0   5   0   3  32  0.32 0.16
   43 E   -1 -1  4  3 -3 -1  0 -2 -1 -4 -4 -1 -4 -5  3  2  0 -5 -4 -4    4   2  22  22   0   1   2   0   1   0   0   3   0   0  15  22   6   0   0   0  0.60 0.21
   44 L   -3 -4 -5 -6 -4 -4 -5 -6 -5  0  6 -5  4  1 -4 -5 -3 -4 -3 -1    0   0   0   0   0   0   0   0   0   1  81   0  12   6   1   0   0   0   0   0  1.24 0.34
   45 C    2 -2  0  0  7 -1  0 -1 -2 -4 -4 -1 -3 -4 -3  2 -2 -4 -4 -3   20   2   3   4  33   2   7   3   1   0   0   4   0   0   0  19   0   0   0   0  0.72 0.24
   46 Q   -1  0 -1  4 -5  5  3 -3 -2 -4 -4  0 -3 -5 -1 -1 -1 -5 -4 -4    5   3   1  31   0  31  19   1   0   0   0   2   0   0   2   2   3   0   0   0  0.78 0.26
   47 Y   -4 -4 -5 -6 -5 -4 -5 -6  0 -3  0 -4 -3  5 -6 -4 -4  1  8 -3    0   0   0   0   0   0   0   0   1   0   7   1   0  26   0   0   1   1  63   1  1.75 0.41
   48 A    3  2 -2 -2 -3  3  1 -1 -1 -4 -4  4 -3 -4 -2  0 -1 -4 -3 -3   29  14   0   1   0  13   7   3   1   0   0  28   0   0   0   2   1   0   0   1  0.50 0.20
   49 G   -2 -5  0  0 -5 -4 -4  7 -4 -6 -6 -4 -5 -6 -5 -2 -4 -5 -6 -6    0   0   3   6   0   0   0  90   0   0   0   0   0   0   0   0   0   0   0   0  1.85 0.41
   50 K   -3  1 -2 -2 -6  2 -1 -4 -1 -5 -5  7 -4 -6 -4 -2 -3 -5 -3 -5    0   4   1   2   0   8   0   0   1   0   0  83   0   0   0   0   0   0   0   0  1.50 0.41
   51 P    0 -4 -4 -5 -3 -4 -4 -4 -5  0 -1 -3 -2 -3  3 -3  1 -4 -3  5    8   0   0   0   0   0   0   0   0   1   3   0   0   0  18   0   8   0   0  62  0.89 0.30
   52 L   -2 -4 -5 -5 -2 -4 -5 -5 -5  2  4 -4  2 -2 -5 -4 -2 -3 -3  4    1   0   0   0   0   0   0   0   0   6  52   0   6   0   0   0   0   0   0  34  0.87 0.26
   53 V   -3 -4 -6 -6 -3 -4 -5 -6 -5  1  6 -5  1 -2 -5 -5 -3 -4 -3  1    0   0   0   0   0   0   0   0   0   3  86   0   2   0   0   0   0   0   0   9  1.28 0.35
   54 V   -2 -5 -5 -5 -3 -5 -5 -6 -5  5  0 -5 -1 -1 -5 -4 -2 -5 -3  5    1   0   0   0   0   0   0   0   0  44   1   0   0   2   0   0   0   0   0  51  1.18 0.33
   55 V   -3 -5 -6 -6 -3 -5 -5 -6 -6  1 -2 -5 -2 -3 -5 -4 -2 -6 -4  7    0   0   0   0   0   0   0   0   0   2   0   0   0   0   0   0   0   0   0  98  1.77 0.46
   56 N   -5 -3  9 -1 -6 -3 -3 -3 -2 -6 -7 -3 -5 -6 -5 -2 -3 -7 -5 -6    0   0 100   0   0   0   0   0   0   0   0   0   0   0   0   0   0   0   0   0  2.48 0.55
   57 T   -3 -4 -3 -4 -3 -3 -4 -4 -4 -3 -3 -3 -3 -5 -4 -1  7 -5 -4  2    0   0   0   0   0   0   0   0   0   0   0   0   0   0   0   1  87   0   0  12  1.63 0.46
   58 A    7 -4 -4 -4 -3 -3 -3 -2 -4 -4 -4 -3 -4 -5 -3 -1 -3 -5 -4 -3  100   0   0   0   0   0   0   0   0   0   0   0   0   0   0   0   0   0   0   0  1.72 0.47
   59 S   -1 -3 -2 -3 -4 -3 -3 -3 -4 -5 -5 -3 -4 -5 -4  7  0 -6 -4 -4    0   0   0   0   0   0   0   0   0   0   0   0   0   0   0  98   2   0   0   0  1.76 0.49
   60 F   -1  1  0 -2 -4  3  1 -3  4 -4 -3  5 -2  1 -3 -2 -2 -3  2 -4    3   4   4   0   0  12   8   1  10   0   0  40   0   6   0   0   0   0   9   0  0.58 0.22
   61 C   -4 -7 -6 -7 11 -6 -7 -6 -6 -5 -5 -6 -5 -6 -6 -4 -4 -6 -6 -4    0   0   0   0 100   0   0   0   0   0   0   0   0   0   0   0   0   0   0   0  3.71 0.65
   62 G   -2 -4 -3 -4 -5 -4 -5  7 -5 -6 -6 -4 -5 -6 -5 -3 -4 -5 -6 -6    1   0   0   0   0   0   0  98   0   0   0   0   0   0   0   0   0   0   0   0  2.15 0.45
   63 F   -4 -5 -5 -6 -5 -5 -6 -6 -3 -2  1 -5 -2  8 -6 -5 -4 -1  4 -3    0   0   0   0   0   0   0   0   0   0  12   0   0  76   0   0   0   0  11   0  1.84 0.42
   64 T    0 -4 -3 -4 -4 -3 -4 -4 -4 -3 -4 -3 -3 -5 -4 -1  7 -5 -4 -2    7   0   0   0   0   0   0   0   0   0   0   0   0   0   0   1  92   0   0   0  1.76 0.48
   65 P   -3 -3 -3 -4 -5 -4 -4 -1 -4 -5 -6 -1 -5 -6  8 -1 -4 -6 -3 -4    0   1   1   0   0   0   0   5   0   0   0   3   0   0  83   5   0   0   1   1  2.24 0.46
   66 Q   -4 -2 -3 -3 -6  9 -1 -5 -1 -6 -5 -2 -3 -6 -4 -3 -4 -5 -4 -5    0   0   0   0   0  99   0   0   1   0   0   0   0   0   0   0   0   0   0   0  2.46 0.59
   67 F   -5 -5 -5 -6 -5 -5 -5 -6 -2 -3 -1 -5 -3  6 -6 -5 -4 -1  8 -4    0   0   0   0   0   0   0   0   0   0   4   0   0  37   0   0   0   0  60   0  1.98 0.45
   68 K    2  0 -1  1 -4  1  4 -2 -2 -4 -4  4 -3 -5 -3 -1 -1 -5 -4 -3   18   1   1   5   0   4  37   2   0   0   0  27   0   0   0   2   3   0   0   0  0.62 0.23
   69 G    0 -3 -2 -2 -5  0  0  7 -4 -6 -6 -3 -5 -5 -4 -2 -3 -5 -5 -5    4   1   0   2   0   5   6  80   0   0   0   0   0   0   0   2   0   0   0   0  1.47 0.35
   70 L   -4 -5 -6 -6 -4 -5 -5 -6 -5  0  6 -5  0 -2 -5 -5 -4 -4 -3 -1    0   0   0   0   0   0   0   0   0   0  99   0   0   0   0   0   0   0   0   0  1.61 0.41
   71 E   -3 -2 -3 -1 -6  4  7 -5 -2 -6 -5 -2 -4 -6 -4 -3 -3 -5 -5 -5    0   0   0   0   0  19  80   0   0   0   0   0   0   0   0   0   1   0   0   0  1.71 0.45
   72 A    4 -1 -1  0 -3  1  1 -2 -2 -3 -3  2 -2 -4 -2  1  0 -4 -3 -2   44   1   2   4   0   6  11   1   0   0   1  17   0   0   0   7   4   0   0   0  0.44 0.20
   73 L   -4 -4 -6 -6 -3 -4 -5 -6 -5  1  6 -5  1 -2 -5 -5 -2 -4 -3  0    0   0   0   0   0   0   0   0   0   4  89   0   1   0   0   0   1   0   0   5  1.32 0.35
   74 Y   -4 -3  0 -4 -5 -1 -4 -5  6 -4 -4 -4 -4  0 -5 -3 -4  5  8 -4    0   0   5   0   0   3   0   0  18   0   0   0   0   1   0   0   0   8  64   0  1.85 0.44
   75 Q    0  2 -1  1 -3  5  2 -3 -2 -4 -4  3 -2 -5 -3  0 -2 -3 -3 -3    7   9   1   6   0  34  15   1   0   0   0  20   0   0   0   4   1   0   0   0  0.64 0.23
   76 R   -1  3 -1  0 -4  3  1 -3 -2 -4 -4  4 -2 -5 -3 -1  1 -4 -3 -4    3  19   1   5   0  14   8   0   0   0   0  36   0   0   0   2  10   0   0   0  0.63 0.22
   77 Y   -5 -5 -5 -6 -5 -4 -5 -6  0 -4 -2 -5 -2  3 -6 -5 -4 -1  9 -4    0   0   0   0   0   0   0   0   1   0   3   0   0   7   0   0   0   0  88   0  2.41 0.52
   78 K    1  3 -1 -2 -4  1 -1  0  1 -4 -4  5 -3 -5 -3 -1 -2 -5 -3 -3   13  16   1   0   0   6   2   7   4   0   0  48   0   0   0   2   0   0   0   1  0.69 0.24
   79 D    0 -3  0  6 -5 -1  2  0 -3 -5 -5 -1 -4 -5 -1 -1 -2 -5 -4 -4    9   0   1  57   0   1  14   8   0   0   0   1   0   0   3   4   1   0   0   0  0.95 0.27
   80 Q   -2  4 -1  0 -5  5  1 -4 -2 -5 -4  4 -3 -5 -3 -2 -3 -5 -4 -4    1  28   1   3   0  35   5   0   0   0   0  24   0   0   0   1   0   0   0   0  0.95 0.29
   81 E   -2 -5 -1 -1 -5 -4 -4  7 -4 -6 -6 -3 -5 -6 -5 -3 -4 -5 -6 -6    0   0   3   3   0   0   0  93   0   0   0   1   0   0   0   0   0   0   0   0  1.96 0.42
   82 L   -4 -5 -6 -6 -4 -5 -5 -6 -4 -1  5 -5  0  5 -5 -5 -4 -3 -1 -1    0   0   0   0   0   0   0   0   0   0  69   0   0  28   0   0   0   0   0   2  1.22 0.33
   83 E    0 -2 -3 -3 -3 -1  3 -4 -3  0 -1 -2  0 -3 -3 -1  1 -5 -3  5    6   1   0   0   0   1  24   0   0   1   1   2   2   0   0   3   7   0   0  52  0.57 0.25
   84 V   -3 -5 -5 -6 -3 -5 -5 -6 -5  4 -1 -5  0 -3 -5 -4 -2 -5 -3  6    0   0   0   0   0   0   0   0   0  24   1   0   2   0   0   0   0   0   0  73  1.31 0.36
   85 L   -3 -4 -6 -6 -3 -4 -5 -6 -5  2  6 -5  0 -2 -5 -4 -3 -4 -3  1    1   0   0   0   0   0   0   0   0  10  81   0   0   0   0   0   0   0   0   9  1.18 0.32
   86 G   -1 -5 -3 -3 -5 -4 -5  7 -5 -6 -6 -4 -5 -6 -5 -3 -4 -5 -6 -6    4   0   0   1   0   0   0  95   0   0   0   0   0   0   0   0   0   0   0   0  2.04 0.44
   87 V   -4 -5 -6 -6 -3 -6 -6 -6 -4 -2 -1 -6 -2  8 -6 -5 -4 -2  0  2    0   0   0   0   0   0   0   0   0   0   2   0   0  81   0   0   0   0   0  16  1.87 0.43
   88 P   -1 -5 -5 -4 -6 -4 -4 -5 -5 -6 -6 -4 -5 -7  9 -3 -4 -7 -6 -5    4   0   0   0   0   0   0   0   0   0   0   0   0   0  95   1   0   0   0   0  2.86 0.54
   89 S   -1 -5 -3 -4  9 -4 -4 -4 -4 -4 -4 -4 -4 -5 -4  5 -2 -5 -5 -4    1   0   0   0  51   0   0   0   0   0   0   0   0   0   0  47   0   0   0   0  1.89 0.46
   90 D   -4 -3  8  3 -6 -3 -2 -3  0 -6 -6 -3 -5 -6 -5 -2 -3 -7 -5 -6    0   0  79  18   0   0   0   0   2   0   0   0   0   0   0   0   0   0   0   0  1.87 0.45
   91 D   -3 -2 -1  6 -6  7  0 -4 -3 -6 -5 -2 -4 -6 -4 -2 -3 -5 -5 -5    0   0   1  43   0  54   1   0   0   0   0   0   0   0   0   1   0   0   0   0  1.55 0.42
   92 F   -5 -6 -6 -7 -5 -6 -6 -6 -4 -3 -2 -6 -3  9 -7 -5 -5 -2  0 -4    0   0   0   0   0   0   0   0   0   0   0   0   0 100   0   0   0   0   0   0  2.66 0.54
   93 R   -1  1  3 -2 -4 -1 -2  4  3 -4 -4  3 -2  0 -3 -1 -2 -2 -2 -4    2   8  15   1   0   0   1  34   9   0   0  22   1   6   0   2   0   1   0   0  0.56 0.20
   94 Q   -4 -2 -3 -3 -6  9 -1 -5 -3 -6 -5 -2 -3 -6 -4 -3 -4 -5 -5 -5    0   0   0   0   0 100   0   0   0   0   0   0   0   0   0   0   0   0   0   0  2.50 0.60
   95 E   -2 -3 -2  3 -6 -1  7 -5 -3 -6 -6 -2 -5 -6 -4 -3 -3 -6 -5 -5    1   0   1  13   0   0  85   0   0   0   0   0   0   0   0   0   0   0   0   0  1.73 0.44
   96 S    0 -1 -3  0 -5 -2 -1 -4 -2 -5 -3 -1 -3 -3  7  0 -2 -5 -3 -4    8   3   0   4   0   1   4   0   1   0   2   3   0   1  65   6   1   0   1   0  1.49 0.34
   97 A    0 -3  0  1 -4 -3 -2  6 -4 -5 -5  0 -4 -5 -4 -1 -3 -5 -5 -4    5   0   3   7   0   0   1  73   0   0   0   7   0   0   0   2   0   0   0   1  1.26 0.31
   98 D   -1 -3  2  4 -3 -2  0 -1 -3 -4 -4 -2 -4 -5 -3  4  2 -5 -3 -4    1   0   9  30   0   0   3   4   0   0   0   0   0   0   0  36  16   0   0   0  0.71 0.26
   99 S    2 -2  3  2 -4 -1  4  0 -1 -4 -4 -1 -3 -5 -2  1 -2 -5 -4 -3   20   0  14  13   0   0  37   5   1   0   0   0   0   0   0   8   1   0   0   1  0.58 0.22
  100 K    2 -1 -1  3 -4  1  4 -1 -2 -4 -4  2 -3 -4 -2  0 -1 -4 -3 -3   19   0   2  15   0   6  31   4   0   0   0  15   0   0   0   5   3   0   0   1  0.48 0.19
  101 E   -1 -2 -1  2 -5  3  6 -3 -2 -5 -5  2 -4 -5 -3 -1 -2 -5 -4 -4    4   0   1  11   0  13  57   1   0   0   0  10   0   0   0   1   2   0   0   0  0.98 0.30
  102 T   -1 -5 -4 -5 -3 -4 -5 -5 -5  7 -1 -4 -1 -3 -4 -2  3 -5 -4  1    5   0   0   0   0   0   0   0   0  70   0   0   0   0   0   1  21   0   0   2  1.13 0.35
  103 A    4  0 -2 -3 -3  2  0  1 -1 -3 -2  1 -1 -4 -3  1 -1 -4 -3 -2   50   3   1   0   0  11   4   9   1   0   2  11   1   0   0   7   1   0   0   1  0.48 0.21
  104 T    0  0  1  2 -4  3  3 -2 -1 -4 -4  2 -3 -4 -2  1  0 -4 -3 -3    7   2   5  11   0  13  27   2   0   0   0  15   0   0   0  12   5   0   0   0  0.47 0.17
  105 V   -3 -5 -3 -5 -4 -5 -4 -4 -4  0 -1 -5 -2  7 -5 -3  0 -2  1  2    1   0   1   0   0   0   1   1   0   4   2   0   0  63   0   1   5   0   2  19  1.21 0.33
  106 C   -4 -7 -6 -7 11 -6 -7 -6 -6 -5 -5 -6 -5 -6 -6 -4 -4 -6 -6 -4    0   0   0   0 100   0   0   0   0   0   0   0   0   0   0   0   0   0   0   0  3.71 0.65
  107 Y   -2  0 -2 -1 -4  3  3 -3  2 -3 -2  0 -2  1 -3  1  0 -2  4 -2    1   5   0   1   0  19  20   0   4   0   2   6   0   7   0  12   6   0  17   1  0.40 0.18
  108 V   -1  0  0 -3 -2 -1 -2 -3 -3  2  3  0  1 -2 -3 -1  0 -3 -2  2    4   6   5   0   0   1   1   1   0  13  35   8   2   0   0   2   5   0   0  15  0.22 0.12
  109 N   -3 -1  7  0 -5 -2 -2 -3  0 -5 -5 -1 -4 -5 -4 -1  3 -6 -4 -4    0   3  67   4   0   1   0   0   2   0   0   3   0   0   0   0  21   0   0   0  1.35 0.38
  110 Y   -5 -5 -5 -6 -5 -5 -5 -6 -1 -4 -4 -5 -4  5 -6 -5 -5 -1  9 -4    0   0   0   0   0   0   0   0   0   0   0   0   0  18   0   0   0   0  82   0  2.42 0.52
  111 G   -1 -4 -1  0 -5 -3 -3  7 -1 -6 -6 -2 -5 -5 -4 -1 -4 -5 -5 -5    2   0   2   5   0   1   0  85   2   0   0   1   0   0   0   2   0   0   0   0  1.61 0.37
  112 V   -3 -5 -6 -6 -3 -5 -5 -6 -6  1 -1 -5 -2 -3 -5 -4 -2 -5 -4  7    0   0   0   0   0   0   0   0   0   3   1   0   0   0   0   0   0   0   0  96  1.70 0.44
  113 T   -2 -1  0  1 -3 -1  0 -3 -3 -3 -4  1 -3 -4 -3  3  5 -5 -4 -3    0   1   2   6   0   1   4   0   0   0   0  10   0   0   0  26  48   0   0   0  0.75 0.28
  114 F   -5 -6 -6 -7 -5 -6 -6 -6 -4 -3 -2 -6 -3  9 -7 -5 -5 -2  0 -4    0   0   0   0   0   0   0   0   0   0   0   0   0 100   0   0   0   0   0   0  2.63 0.54
  115 A   -2 -4 -2 -1 -5 -2 -3 -5 -4 -5 -5 -3 -4 -6  8 -3  2 -6 -5 -5    1   0   1   3   0   2   0   0   0   0   0   0   0   0  79   0  13   0   0   0  2.16 0.45
  116 M   -4 -4 -5 -6 -4 -2 -5 -6 -5  1  2 -4 10 -3 -5 -4 -3 -4 -4  0    0   0   0   0   0   1   0   0   0   5  15   0  75   0   0   0   0   0   0   3  1.92 0.48
  117 T   -2 -4 -4 -5 -4 -4 -4 -4 -1 -1  0 -4  4  7 -5 -3  2 -2  0 -2    2   0   0   0   0   0   0   1   2   2   7   0  14  56   0   1  14   0   1   1  1.08 0.32
  118 E    3 -2 -2  0 -3  1  3  0 -2 -4 -4  1 -2 -4 -2  2 -1 -4 -3 -3   36   0   1   4   0   4  26   4   0   0   0   9   0   0   0  13   2   0   0   0  0.49 0.21
  119 P   -2  1 -3 -3 -5 -1 -1 -4 -3 -5 -4  7 -4 -5  2 -2  0 -5 -4 -3    2   5   0   0   0   0   1   0   0   0   0  73   0   0  11   1   6   0   0   1  1.20 0.36
  120 Q   -1 -3 -3 -3 -3  1 -2 -3 -3  4 -1 -3  0 -2 -3  1  1 -4 -3  3    2   0   0   0   0   9   1   1   0  32   2   0   1   0   0  13   9   0   0  30  0.47 0.21
  121 P    0 -1  0  4 -4  0  3 -3  3 -4 -4  1 -2 -3  1  1 -1 -4 -2 -2    5   1   2  30   0   2  18   0   9   0   0   7   1   1   6  13   1   0   1   3  0.48 0.18
  122 V   -2 -5 -6 -6 -3 -5 -5 -6 -6  0 -1 -5 -2 -3 -5 -4 -2 -6 -4  7    1   0   0   0   0   0   0   0   0   0   0   0   0   0   0   0   1   0   0  97  1.71 0.45
  123 S   -3  3  6 -2 -4 -1 -2 -3 -2 -3 -2  2 -3 -5 -4  0  0 -5 -4 -2    1  18  49   0   0   0   0   0   0   1   3  16   0   0   0   3   6   0   0   2  0.85 0.28
  124 G   -2 -4 -3 -4 -5 -4 -4  7 -5 -6 -6 -2 -5 -6 -5 -3 -3 -5 -6 -6    0   0   0   0   0   0   1  96   0   0   0   2   0   0   0   0   1   0   0   0  2.06 0.44
  125 A    1 -1  0  3 -3 -1  1  0 -2 -4 -4  1 -3 -4  3  2 -1 -4 -3 -3   16   2   2  22   0   1  10   6   0   0   0   8   0   0  15  15   3   0   0   1  0.42 0.15
  126 N    0 -1  4  4 -4  1  1  1  0 -4 -5  0 -4 -5 -3 -1 -1 -5 -4 -4    7   2  24  31   0   6  10  11   2   0   0   4   0   0   0   2   2   0   0   0  0.60 0.20
  127 A    6 -1 -3 -4 -3  0 -1 -2 -4 -3 -4 -1 -3 -4 -2 -1  0 -5 -4 -1   78   3   0   0   0   3   3   0   0   0   0   2   0   0   1   1   5   0   0   2  0.99 0.33
  128 I   -2 -3  3  2 -3 -2 -2 -4  8 -2 -4 -3 -4 -4 -4  0  0 -5 -2 -3    3   0  18  10   1   0   0   0  49   3   0   0   0   0   0   7   7   0   0   2  1.12 0.33
  129 P   -2 -5 -5 -3 -6 -3 -3 -5  1 -6 -5 -4 -5 -6  8 -2 -3 -7 -5 -5    2   0   0   1   0   0   0   0   3   0   0   0   0   0  90   2   1   0   0   0  2.59 0.51
  130 L   -3 -4 -5 -5 -3 -4 -5 -5 -5  2  5 -4  1  2 -5 -4 -3 -3 -2  3    0   0   0   0   0   0   0   0   0   8  64   0   1   7   0   0   0   0   0  20  0.90 0.27
  131 F   -5 -5 -5 -6 -5 -5 -5 -6 -1 -3 -3 -5 -3  7 -6 -5 -5  1  7 -4    0   0   0   0   0   0   0   0   0   0   0   0   0  55   0   0   0   1  43   0  2.00 0.44
  132 K    0  4 -1 -1 -4  3  1 -3 -1 -3 -3  4 -2 -4 -3 -1  0 -4 -3 -1   10  24   1   2   0  17   6   0   1   0   2  27   1   0   0   2   5   0   0   4  0.49 0.19
  133 G   -1 -1 -2 -3 -4  1  1 -3  3 -3 -2 -2  0  2 -4 -2 -2  7  6 -1    4   3   1   1   0   8   8   1   7   0   2   1   2   8   0   1   1  17  30   4  0.75 0.24
  134 L   -1 -4 -6 -6 -3 -4 -5 -6 -5  1  6 -5  0 -2 -5 -4 -3 -4 -3 -1    5   0   0   0   0   0   0   0   0   6  88   0   1   0   0   0   0   0   0   0  1.26 0.35
  135 A    3  0  0 -2 -3 -1 -1 -2 -3 -3 -3  4 -2 -4 -3  0  3 -4 -3 -2   28   3   5   0   0   0   0   2   0   1   0  37   0   0   0   3  19   0   0   1  0.54 0.23
  136 E    0  1  1  1 -3  2  2  0  0 -4 -3  2 -2 -4 -2  1  0 -4 -3 -3    9   5   6   8   0  11  18   5   1   0   0  19   0   0   0  12   4   0   0   0  0.34 0.13
  137 Q    1  0 -1 -1 -4  5  4 -3  1 -4 -3  1 -2 -4 -3 -1  0 -4 -3 -3   11   2   1   1   0  32  29   1   4   0   1   9   0   0   0   2   5   0   0   0  0.63 0.24
  138 S    2 -2 -1 -1 -2 -1 -2  3 -1 -3 -3  0 -2 -3 -3  3  3 -4 -3 -3   15   0   0   2   0   1   1  23   1   0   1   7   0   1   0  26  23   0   0   0  0.47 0.20
  139 R   -1  0  0 -1 -4  1  1  4 -2 -4 -4  3 -3 -4 -2  1 -1 -4 -4 -4    3   2   3   2   0   7   9  38   0   0   0  20   0   0   1  13   2   0   0   0  0.55 0.19
  140 Q    3  2 -1  0 -2  1  1  0 -2 -3 -3  1 -2 -3 -1  1  0 -2 -2 -2   34  13   2   4   0   5   7   8   0   0   0   8   0   0   2   9   5   0   1   0  0.28 0.14
  141 P   -3 -5 -5 -5 -4 -4 -4 -5 -5  5 -2 -4 -2 -4  6 -4 -3 -5 -4  1    0   0   0   0   0   0   0   0   0  48   0   0   0   0  43   0   0   0   0   9  1.41 0.36
  142 R   -2  3 -1 -2 -5  0 -1 -1 -3 -5 -4  6 -2 -5 -3 -1 -2 -5 -4 -4    1  13   2   1   0   2   1   5   0   0   0  70   1   0   0   3   2   0   0   0  1.11 0.33
  143 W   -6 -6 -7 -8 -6 -6 -7 -6 -6 -6 -5 -7 -5 -3 -7 -6 -6 13 -1 -7    0   0   0   0   0   0   0   0   0   0   0   0   0   0   0   0   0 100   0   0  4.64 0.76
  144 N   -5 -3  9 -1 -6 -3 -3 -3 -2 -6 -7 -3 -5 -6 -5 -2 -3 -7 -5 -6    0   0 100   0   0   0   0   0   0   0   0   0   0   0   0   0   0   0   0   0  2.48 0.55
  145 F   -5 -6 -6 -7 -5 -6 -6 -6 -4 -3 -2 -6 -3  9 -7 -5 -5 -2  1 -4    0   0   0   0   0   0   0   0   0   0   0   0   0  99   0   0   0   0   1   0  2.63 0.54
  146 F   -2 -3  1 -3 -4 -1  1 -3  4 -3 -4 -3 -3 -1 -4 -1  5 -3  4 -3    1   0   6   0   0   1   9   1  13   0   0   0   0   2   0   1  47   0  20   0  0.84 0.31
  147 K   -4  0 -3 -3 -6 -1 -2 -4 -3 -6 -5  8 -4 -6 -4 -3 -3 -6 -5 -5    0   0   0   0   0   0   0   0   0   0   0 100   0   0   0   0   0   0   0   0  2.06 0.51
  148 Y   -5 -5 -5 -6 -5 -5 -5 -6 -2 -2 -3 -5 -3  8 -6 -5 -4  0  7 -3    0   0   0   0   0   0   0   0   0   2   0   0   0  60   0   0   0   0  38   0  1.98 0.44
  149 V   -3 -4 -6 -6 -3 -4 -5 -6 -5  1  6 -5  0 -2 -5 -5 -3 -4 -3  2    0   0   0   0   0   0   0   0   0   2  84   0   0   0   0   0   0   0   0  13  1.24 0.34
  150 V   -3 -5 -5 -5 -3 -4 -5 -6 -5  5  1 -5  0 -2 -5 -4 -2 -5 -3  5    0   0   0   0   0   0   0   0   0  46   7   0   2   0   0   0   0   0   0  45  1.11 0.31
  151 D   -1 -2  2  5 -4 -2 -1  4 -3 -5 -5 -2 -4 -5 -3  1 -2 -5 -5 -5    4   1  10  41   0   0   0  31   0   0   0   0   0   0   0  12   1   0   0   0  0.89 0.26
  152 R   -1  6 -2 -3 -5  0 -1 -2 -2 -5 -4  3 -3 -5  1 -1 -2 -5 -4 -4    5  59   0   1   0   2   1   2   0   0   0  21   0   0   6   3   1   0   0   0  1.08 0.31
  153 Q   -3 -1  3  6 -5  2  2 -3 -1 -5 -5  0 -4 -5 -3  0 -2 -5 -4 -5    0   1  14  51   0  10  11   1   1   0   0   5   0   0   0   4   1   0   0   0  0.98 0.28
  154 G   -2 -2 -3 -3 -5 -4 -3  7 -5 -6 -6 -4 -5 -6 -5 -2 -4 -5 -6 -6    0   2   0   0   0   0   1  95   0   0   0   0   0   0   0   1   0   0   0   0  2.01 0.43
  155 K   -1  2  3 -1 -4  3  1 -2  0 -4 -4  4 -3 -5 -3 -1  0 -4 -3 -3    2  11  14   1   0  15   9   1   2   0   0  35   0   0   0   2   6   0   0   1  0.58 0.21
  156 V   -2 -3 -4 -5 -3 -2 -3 -5 -5  1  1 -3 -1 -2  2 -3  0 -5 -3  6    1   1   0   0   0   1   1   0   0   2  11   1   1   0  10   1   4   0   0  66  0.81 0.28
  157 V   -1 -4 -4 -5 -3 -4 -4 -5 -5  4  1 -2  0 -1 -4 -3 -1 -4 -1  5    3   0   0   0   0   0   0   0   0  25  12   2   0   1   0   0   1   0   1  52  0.78 0.25
  158 A    2  1  0  1 -3  1  2  0  0 -3 -3  3 -2 -4 -2  0  0 -4 -2 -2   25   5   4   7   0   4  12   8   2   0   2  24   0   0   0   3   3   0   1   1  0.28 0.13
  159 S   -1  6  0 -3 -5  0 -2 -3  2 -4 -4  0 -3 -4 -4  1 -1  2 -1 -2    4  60   3   0   0   4   0   1   6   0   0   1   0   0   0  10   4   3   2   2  0.92 0.29
  160 F   -4 -5 -5 -6 -5 -5 -5 -6 -1 -2 -2 -5 -3  8 -6 -5 -4  3  7 -3    0   0   0   0   0   0   0   0   1   1   0   0   0  60   0   0   0   3  35   0  1.91 0.43
  161 S    4 -2  0 -2 -3 -2 -1  1 -3 -3 -4 -2 -3 -4  3  3 -1 -4 -3 -3   43   1   4   1   0   0   2   9   0   0   0   0   0   0  14  24   1   0   1   0  0.60 0.23
  162 S   -2 -4 -3 -3 -4 -3 -3 -3 -4 -5 -5 -3 -4 -5  6  5 -1 -6 -5 -4    1   0   0   0   0   0   0   0   0   0   0   0   0   0  47  49   2   0   0   0  1.54 0.41
  163 L    0  1 -1 -2 -3  1 -1 -2 -2  0  0  1  1  0 -2  0  3 -2 -2 -1    5  11   2   0   0   7   1   2   0   7  10  12   4   4   0   8  24   0   0   2  0.15 0.11
  164 T   -2 -3 -2  0 -3 -2 -3 -4 -4  0 -3 -2 -2 -4 -3 -1  6 -5 -4  3    2   0   0   6   0   1   0   0   0   3   1   1   0   0   0   1  65   0   0  20  0.97 0.34
  165 K    0  1  0 -1 -4  0  1 -2 -2 -4 -3  5 -3 -4 -1  0  2 -4 -3 -3    9   4   3   2   0   1   6   2   0   0   1  48   0   0   1   7  17   0   0   0  0.58 0.23
  166 P   -4 -5 -5 -4 -6 -4 -4 -5 -5 -6 -6 -4 -5 -7  9 -4 -4 -7 -6 -5    0   0   0   0   0   0   0   0   0   0   0   0   0   0  99   0   0   0   0   0  3.06 0.58
  167 D   -1 -2  0  5 -4  1  5 -2 -2 -4 -4  0 -1 -3 -3  0  0 -5 -4 -3    3   0   2  31   0   3  40   2   0   0   1   3   1   1   0   6   5   0   0   1  0.74 0.24
  168 D    1 -2  0  4 -3 -1  1 -2 -2 -4 -4  2 -3 -4 -3  3 -1 -5 -4 -4    9   0   3  33   0   2   6   1   0   0   0  15   0   0   0  30   1   0   0   0  0.61 0.22
  169 P    0 -1 -2  0 -2 -1  0 -2 -2  1  1  0  2 -1  4 -1 -1 -3 -2 -1   10   2   1   5   0   1   6   2   0  14  13   7   8   1  22   2   3   0   0   1  0.26 0.11
  170 E    0  1 -1  1 -4  1  5 -2 -2 -3 -3  2 -3 -4 -1 -1 -1 -4 -3 -2   10   8   1   6   0   4  46   2   0   1   1  13   0   0   1   3   2   0   0   2  0.58 0.20
  171 L   -1 -3 -3 -2 -2 -2 -3 -4 -3  2  3 -2  2  3 -3 -2 -2 -2 -1  2    2   1   0   2   0   1   1   1   0  11  42   2   4  13   1   2   1   0   1  14  0.38 0.13
  172 I   -1  1 -3 -2 -2 -1 -1 -4 -3  3  1  0  0 -2 -3 -2  1 -3 -2  3    3   8   0   1   0   1   3   0   0  28  13   6   1   0   0   1   9   0   1  24  0.28 0.13
  173 A    3  0  0 -1 -2  2  0  0 -2 -1 -2  1 -2 -3 -2  1 -1 -4 -3 -1   39   5   3   2   0  10   5   4   0   5   2  11   0   0   0   9   2   0   0   1  0.27 0.14
  174 A    6 -2 -3  0 -2 -1  0 -2 -3 -3 -3 -1 -1 -4 -3 -1 -1 -4 -3 -1   75   2   0   4   0   2   6   0   0   1   1   3   1   0   0   1   1   0   0   2  0.84 0.29
  175 R   -2 -2 -3  1 -3 -3 -3 -4 -4  6  1 -1 -1 -2 -4 -3 -2 -4 -3  2    1   2   0  10   0   0   1   0   0  57   9   5   0   0   0   0   1   0   0  13  0.64 0.22
  176 R   -2 -1 -1  1 -4  0  6 -4 -2  1 -1  1 -2 -4 -3 -2 -2 -4 -3 -2    2   1   1   4   0   1  64   0   0   9   7   6   1   0   0   0   0   0   0   2  0.81 0.26
  177 E    0  1 -1 -1 -3  3  3 -3 -2 -3  0  4 -2 -3 -1  0 -1 -3 -3 -2    9   4   0   1   0  13  22   0   0   0  10  31   0   0   1   5   1   0   0   1  0.39 0.15
  178 G    5 -1 -2 -2 -2  1 -1  1 -2 -2 -1  0 -1 -3 -2  0 -1 -3 -3 -1   61   1   0   0   0   7   3   8   0   1   5   4   1   0   0   3   2   0   0   1  0.50 0.19
  179 D   -2 -3 -1  2 -3 -1 -1 -4 -3  2  4 -3  0 -1 -3 -3 -2 -3 -2  0    2   0   2  13   0   2   4   0   0  14  59   0   0   0   0   0   0   0   0   1  0.47 0.17
  180 R    4  2 -1 -2 -3  1 -1 -2 -1 -1 -2  3 -2 -4 -2  0 -1 -4 -3 -2   46  13   1   0   0   5   1   1   1   4   1  22   0   0   0   2   2   0   0   1  0.42 0.17
  181 L    1 -1 -2 -2 -2 -1  0 -3 -2  3  1  0  1 -1 -2  1  0 -3 -2  2   12   2   0   0   0   0   6   0   0  27  17   6   3   0   0  14   1   0   0  11  0.15 0.07
  182 A    1  0  0  1 -3  1  4 -2 -1 -3 -2  2 -2 -3  0  0 -1 -3 -3 -2   15   0   4   8   0   4  40   0   0   0   3  15   0   0   4   7   0   0   0   0  0.40 0.09
  183 T    3 -1 -1 -2 -2 -1 -1 -1 -2 -2 -2  1 -2 -3  2  1  3 -3 -2 -1   39   0   0   0   0   0   0   0   0   0   0   9   0   0   8   7  34   0   0   0  0.39 0.10
  184 L    0 -3 -3 -4 -2 -2 -3 -3 -3  1  4 -3  1  0 -3 -2 -1 -2 -2  0    9   0   0   0   0   0   0   0   0   5  79   0   0   0   0   0   4   0   0   0  0.51 0.10
  185 I    0 -2 -3 -3 -2 -2 -2 -3 -3  1  3  0  1 -1 -3 -2 -1  3 -1  1   11   0   0   0   0   0   0   0   0   4  54   8   0   0   0   0   3   4   0  13  0.26 0.06
  186 P    3 -2 -2 -2 -2 -2 -2 -1 -3 -3 -3 -1 -2 -4  6  1 -1 -4 -3 -2   40   0   0   0   0   0   0   0   0   0   0   0   0   0  53   6   0   0   0   0  1.08 0.10
  187 S   -1 -1  3  0 -2  2  3 -1  0 -3 -3  0 -2 -3 -2  2  2 -3 -2 -2    0   0  24   0   0   8  30   0   0   0   0   0   0   0   0  16  21   0   0   0  0.39 0.04
  188 R   -1  2  2  2 -3  0  0 -2 -1 -3 -3  3 -2 -3  2  1 -1 -4 -2 -3    0  13  11  13   0   0   0   0   0   0   0  39   0   0  11  13   0   0   0   0  0.38 0.03
  189 F    2 -1  0 -1 -1 -1 -1 -1 -1 -2 -2 -1 -1  2 -1  3  1 -2  0 -1   21   0   0   0   0   0   0   0   0   0   0   0   0  19   0  60   0   0   0   0  0.28 0.02
  190 T    0  0  0 -1 -1  0  0 -1 -1 -2 -2  2 -1 -3 -1  3  3 -3 -2 -1    0   0   0   0   0   0   0   0   0   0   0  20   0   0   0  41  39   0   0   0  0.34 0.02
  191 A    3 -1  0 -1 -1 -1 -1  0 -1 -2 -2 -1 -1 -3 -1  3  1 -3 -2 -1   50   0   0   0   0   0   0   0   0   0   0   0   0   0   0  50   0   0   0   0  0.38 0.02
  192 L   -1 -1 -2  0 -2  1  3 -3 -1  0  2  0  1 -1 -2 -1 -1 -2 -2  0    0   0   0   0   0   0  50   0   0   0  50   0   0   0   0   0   0   0   0   0  0.26 0.00
  193 H   -1 -1  0 -1 -2  0 -1 -2  6 -2 -2 -1 -1 -2 -2  0  3 -3  1 -1    0   0   0   0   0   0   0   0  50   0   0   0   0   0   0   0  50   0   0   0  0.42 0.00
  194 P   -1 -2 -2 -2 -3 -1 -1 -2 -2 -3 -3 -1 -3 -4  8 -1 -1 -4 -3 -3    0   0   0   0   0   0   0   0   0   0   0   0   0   0 100   0   0   0   0   0  2.05 0.01
  195 S    3 -1  0 -1 -1  0 -1  0 -1 -2 -2  0 -1 -2 -1  3  1 -3 -2 -1   50   0   0   0   0   0   0   0   0   0   0   0   0   0   0  50   0   0   0   0  0.35 0.00
  196 G    0 -2  0 -1 -3 -2 -2  6 -2 -4 -4 -2 -3 -3 -2  0 -2 -3 -3 -3    0   0   0   0   0   0   0 100   0   0   0   0   0   0   0   0   0   0   0   0  1.04 0.00
  197 R   -1  5  0 -2 -3  1  0 -2  0 -3 -2  2 -1 -3 -2 -1 -1 -3 -2 -2    0   0   0   0   0   0   0   0   0   0   0   0   0   0   0   0   0   0   0   0  0.00     0.00
  198 W   -2 -3 -4 -4 -2 -2 -3 -2 -2 -3 -2 -3 -1  1 -4 -3 -2 10  2 -3    0   0   0   0   0   0   0   0   0   0   0   0   0   0   0   0   0   0   0   0  0.00     0.00
  199 A    4 -1 -2 -2  0 -1 -1  0 -2 -1 -1 -1 -1 -2 -1  1  0 -2 -2  0    0   0   0   0   0   0   0   0   0   0   0   0   0   0   0   0   0   0   0   0  0.00     0.00
  200 L   -1 -2 -3 -4 -1 -2 -3 -4 -3  2  4 -2  2  0 -3 -2 -1 -2 -1  1    0   0   0   0   0   0   0   0   0   0   0   0   0   0   0   0   0   0   0   0  0.00     0.00
  201 S    1 -1  1  0 -1  0  0  0 -1 -2 -2  0 -1 -2 -1  4  1 -3 -2 -2    0   0   0   0   0   0   0   0   0   0   0   0   0   0   0   0   0   0   0   0  0.00     0.00
  202 V    0 -2 -3 -3 -1 -2 -2 -3 -3  3  1 -2  1 -1 -2 -2  0 -3 -1  4    0   0   0   0   0   0   0   0   0   0   0   0   0   0   0   0   0   0   0   0  0.00     0.00
  203 C    0 -3 -3 -3  8 -3 -4 -2 -3 -1 -1 -3 -1 -2 -3 -1 -1 -2 -2 -1    0   0   0   0   0   0   0   0   0   0   0   0   0   0   0   0   0   0   0   0  0.00     0.00
  204 L   -1 -2 -3 -4 -1 -2 -3 -4 -3  2  4 -2  2  0 -3 -2 -1 -2 -1  1    0   0   0   0   0   0   0   0   0   0   0   0   0   0   0   0   0   0   0   0  0.00     0.00
  205 P   -1 -2 -2 -1 -3 -1 -1 -2 -2 -3 -3 -1 -2 -4  7 -1 -1 -4 -3 -2    0   0   0   0   0   0   0   0   0   0   0   0   0   0   0   0   0   0   0   0  0.00     0.00
  206 R   -1  5  0 -2 -3  1  0 -2  0 -3 -2  2 -1 -3 -2 -1 -1 -3 -2 -2    0   0   0   0   0   0   0   0   0   0   0   0   0   0   0   0   0   0   0   0  0.00     0.00
  207 L   -1 -2 -3 -4 -1 -2 -3 -4 -3  2  4 -2  2  0 -3 -2 -1 -2 -1  1    0   0   0   0   0   0   0   0   0   0   0   0   0   0   0   0   0   0   0   0  0.00     0.00
  208 A    4 -1 -2 -2  0 -1 -1  0 -2 -1 -1 -1 -1 -2 -1  1  0 -2 -2  0    0   0   0   0   0   0   0   0   0   0   0   0   0   0   0   0   0   0   0   0  0.00     0.00
  209 R   -1  5  0 -2 -3  1  0 -2  0 -3 -2  2 -1 -3 -2 -1 -1 -3 -2 -2    0   0   0   0   0   0   0   0   0   0   0   0   0   0   0   0   0   0   0   0  0.00     0.00
  210 R   -1  5  0 -2 -3  1  0 -2  0 -3 -2  2 -1 -3 -2 -1 -1 -3 -2 -2    0   0   0   0   0   0   0   0   0   0   0   0   0   0   0   0   0   0   0   0  0.00     0.00
  211 R   -1  5  0 -2 -3  1  0 -2  0 -3 -2  2 -1 -3 -2 -1 -1 -3 -2 -2    0   0   0   0   0   0   0   0   0   0   0   0   0   0   0   0   0   0   0   0  0.00     0.00
  212 T    0 -1  0 -1 -1 -1 -1 -2 -2 -1 -1 -1 -1 -2 -1  1  4 -2 -2  0    0   0   0   0   0   0   0   0   0   0   0   0   0   0   0   0   0   0   0   0  0.00     0.00
  213 Q   -1  1  0  0 -3  5  2 -2  0 -3 -2  1  0 -3 -1  0 -1 -2 -1 -2    0   0   0   0   0   0   0   0   0   0   0   0   0   0   0   0   0   0   0   0  0.00     0.00
  214 F   -2 -3 -3 -3 -2 -3 -3 -3 -1  0  0 -3  0  6 -4 -2 -2  1  3 -1    0   0   0   0   0   0   0   0   0   0   0   0   0   0   0   0   0   0   0   0  0.00     0.00
  215 T    0 -1  0 -1 -1 -1 -1 -2 -2 -1 -1 -1 -1 -2 -1  1  4 -2 -2  0    0   0   0   0   0   0   0   0   0   0   0   0   0   0   0   0   0   0   0   0  0.00     0.00
  216 R   -1  5  0 -2 -3  1  0 -2  0 -3 -2  2 -1 -3 -2 -1 -1 -3 -2 -2    0   0   0   0   0   0   0   0   0   0   0   0   0   0   0   0   0   0   0   0  0.00     0.00
  217 R   -1  5  0 -2 -3  1  0 -2  0 -3 -2  2 -1 -3 -2 -1 -1 -3 -2 -2    0   0   0   0   0   0   0   0   0   0   0   0   0   0   0   0   0   0   0   0  0.00     0.00
  218 A    4 -1 -2 -2  0 -1 -1  0 -2 -1 -1 -1 -1 -2 -1  1  0 -2 -2  0    0   0   0   0   0   0   0   0   0   0   0   0   0   0   0   0   0   0   0   0  0.00     0.00
  219 L   -1 -2 -3 -4 -1 -2 -3 -4 -3  2  4 -2  2  0 -3 -2 -1 -2 -1  1    0   0   0   0   0   0   0   0   0   0   0   0   0   0   0   0   0   0   0   0  0.00     0.00
  220 Q   -1  1  0  0 -3  5  2 -2  0 -3 -2  1  0 -3 -1  0 -1 -2 -1 -2    0   0   0   0   0   0   0   0   0   0   0   0   0   0   0   0   0   0   0   0  0.00     0.00
  221 E   -1  0  0  1 -4  2  5 -2  0 -3 -3  1 -2 -3 -1  0 -1 -3 -2 -2    0   0   0   0   0   0   0   0   0   0   0   0   0   0   0   0   0   0   0   0  0.00     0.00
  222 Q   -1  1  0  0 -3  5  2 -2  0 -3 -2  1  0 -3 -1  0 -1 -2 -1 -2    0   0   0   0   0   0   0   0   0   0   0   0   0   0   0   0   0   0   0   0  0.00     0.00

                      K         Lambda
Standard Ungapped    0.1346     0.3210
Standard Gapped      0.0529     0.2670
PSI Ungapped         0.1732     0.3168
PSI Gapped           0.0529     0.2670
