
Last position-specific scoring matrix computed, weighted observed percentages rounded down, information per position, and relative weight of gapless real matches to pseudocounts
           A  R  N  D  C  Q  E  G  H  I  L  K  M  F  P  S  T  W  Y  V   A   R   N   D   C   Q   E   G   H   I   L   K   M   F   P   S   T   W   Y   V
    1 M   -3 -3 -4 -5 -3 -2 -4 -5 -4 -1  0 -3 10 -2 -5 -4 -3 -3 -3 -1    0   0   0   0   0   0   0   0   0   0   0   0 100   0   0   0   0   0   0   0  2.11 0.51
    2 K   -2  2  5 -1 -4 -1 -1 -2  3 -4 -4  4 -3 -4 -3  0 -2 -5 -3 -4    0   8  42   0   0   0   0   0   9   0   0  35   0   0   0   7   0   0   0   0  0.78 0.28
    3 L   -1  4  1 -2 -3  0 -1 -3 -2 -2  0  3 -2 -1 -1 -1  0  1 -2  0    3  31   8   0   0   2   0   0   0   0   9  20   0   3   3   3   5   2   0  12  0.31 0.20
    4 S    1  0 -1 -2 -2 -1 -1 -1  1  0  0  1 -1 -1  0  1  1 -3  1  0   14   4   1   0   0   0   0   4   5   4  10  15   0   3   4  17   7   0   5   7  0.08 0.10
    5 M   -2 -1 -4 -4 -3 -3 -4 -4 -4  3  4 -3  4 -1 -1 -3  0 -3 -3  1    2   4   0   0   0   0   0   0   0  17  50   0  14   0   3   0   6   0   0   5  0.58 0.28
    6 K   -2  0  0 -3  1 -2 -2 -3 -2  2  0 -1  2  2 -1  1  1  1  2  0    0   4   7   0   3   0   0   0   0  15   6   3   7  14   3  11   9   2   8   7  0.14 0.14
    7 S    2 -2  0 -2 -2 -1 -2  0 -2  1  0 -2 -1  2  0  1  0 -3 -1 -1   25   2   5   0   0   2   0   7   0  14   9   0   0  10   3  16   4   0   1   1  0.14 0.16
    8 L   -3 -4 -5 -5  0 -4 -4 -5 -4  2  5 -4  2  2 -4 -1 -3 -3 -2  1    0   0   0   0   2   0   0   0   0  10  64   0   4   7   0   4   0   0   0   8  0.80 0.38
    9 A    2 -3 -3 -3  1 -2 -2 -1 -3  0  0 -1  1  2  0 -1  0  2 -1  1   29   0   0   0   4   0   3   3   0   6  11   3   4  13   5   3   4   3   0  11  0.20 0.19
   10 A    3 -1 -2 -3 -2 -1 -2  0 -3  1  1 -1  3  1 -3  0 -1 -1 -2  0   29   3   0   0   0   3   0   7   0   7  12   2  11   8   0   8   3   1   0   5  0.19 0.19
   11 L    0 -3 -3 -4 -3 -3 -3  0 -3  1  4 -3  1  1 -1  0  1 -3 -2  0    8   0   0   0   0   0   0   7   0   6  46   0   3   6   3   6   9   0   0   4  0.35 0.25
   12 L    0 -4 -4 -4  2 -3 -4 -4 -4  2  3 -3  3  0 -4  0  0 -3 -3  1    9   0   0   0   5   0   0   0   0  13  40   0   9   3   0   7   6   0   0   8  0.46 0.30
   13 M    2 -1 -3 -3 -3 -2 -2 -2 -3  0  2 -3  3  2 -3  1 -1 -3 -2  0   25   2   0   0   0   0   2   2   0   2  26   0   9  10   0  13   2   0   0   7  0.29 0.27
   14 M    1 -3 -1 -3  2 -3 -3  1 -3 -1  2 -3  0  0 -3  1  2 -3 -2  0   15   0   2   0   5   0   0  12   0   1  23   0   2   5   0  14  13   0   0   8  0.22 0.22
   15 L    1 -2 -3 -3 -1 -3 -3 -3 -3  1  2 -3  1  1  2  0  1 -3 -2  1   13   2   0   0   1   0   0   0   0   6  28   0   4   6  10  10   9   0   1   9  0.26 0.22
   16 N    1 -2  1 -1  2 -1 -2  0  0 -1  0 -2  0  0 -2  2  1 -3 -2  0   13   0   6   2   5   3   0   7   3   2  13   0   2   6   1  21  12   0   0   5  0.15 0.19
   17 G    0 -3 -1 -3  0 -2 -3  4 -3 -1  1 -3  0  0 -1  1 -2 -4 -1 -1    9   0   3   0   2   2   0  37   0   3  15   0   2   4   2  13   1   0   2   5  0.38 0.29
   18 A    1 -1 -1 -1  1 -1 -1  1 -2  0 -1 -1  0 -1  2  1  0  1 -2  0   17   2   2   4   3   3   2  11   0   6   6   2   2   2  11  12   7   2   0   7  0.12 0.13
   19 V    3 -2 -3 -4  2 -1 -2  0 -1 -1  1 -3 -1 -1 -1 -1 -1 -3  1  3   27   1   0   0   5   4   2   6   1   0  15   0   0   3   2   2   3   0   5  25  0.27 0.28
   20 M    1 -2 -2 -2  1 -1 -2 -3  3  1  0 -2  2  0 -3  1  3  3  0  0   10   2   0   2   3   2   0   1   9   9   6   0   6   4   0  11  21   4   3   7  0.21 0.23
   21 A    4 -2 -2 -4  0  0 -1  0 -3 -3  1 -2 -2 -2 -2  0  0 -4 -1 -2   48   2   2   0   2   5   3   5   0   0  19   2   0   1   2   3   5   0   2   0  0.45 0.39
   22 S    1  0  0 -1 -3  2  1 -2  1 -3 -2  0 -2 -2  1  2  0  1 -1 -1   16   4   3   2   0  13   8   2   4   0   3   4   0   1   7  22   4   2   2   4  0.22 0.23
   23 E    1  0  0  1 -1  4  3 -2 -2 -2 -4  0 -3 -4 -3  0  0  0 -2 -1   14   3   4   7   1  20  25   2   0   2   0   3   0   0   0   7   5   2   1   3  0.41 0.33
   24 N    0 -2  3  1 -3  1  0 -2  2 -2 -2  0  0 -3  1  2  2 -4 -1 -2    5   0  18   8   0   6   3   0   6   2   5   4   2   0   6  18  12   0   2   1  0.28 0.25
   25 V    2 -2 -2 -1 -2  0 -1  0 -3  1  0  0 -1 -3  2 -1  0 -4 -3  1   23   0   0   3   0   4   4   6   0  10   7   6   1   0  13   3   4   0   0  15  0.21 0.20
   26 N    1 -2  2  1 -2  0  1  0  2 -1 -1 -1 -2 -1  0  1  0  0 -1  0   14   0  13   6   0   4   8   5   6   2   7   2   0   3   5  12   3   2   2   7  0.10 0.13
   27 T    0 -1 -1  1 -2 -1  0 -2 -1  0 -1 -1  0  1 -2  1  2 -2  1  1    8   4   2  10   0   2   4   2   1   6   2   2   3   7   0  11  17   0   7  11  0.11 0.15
   28 P    2 -2  0 -1 -3 -1  1  0 -1 -2 -3 -1 -3 -2  3  1  1 -4 -3 -1   20   1   4   3   0   1  10   7   1   2   1   3   0   2  18  14   9   0   0   4  0.32 0.24
   29 E    0  1  1  3 -4  3  3 -2 -1 -2 -2  0 -3 -4 -3  1 -1 -4 -3 -3   10   7   5  16   0  16  22   1   1   2   3   3   0   0   0   8   4   0   0   0  0.40 0.30
   30 N    0 -1  4  3 -4  1  2 -3  1 -3 -2 -2  0 -4 -3  1  0 -4 -3 -1    8   3  20  22   0   7  11   0   4   1   2   0   3   0   0   9   4   0   0   5  0.42 0.31
   31 R    1  3  0  1 -4  2  2 -3  0 -3 -1  1  2 -4 -2  0  0 -4 -3 -2   13  21   5   7   0  10  12   0   2   0   4   8   6   0   1   4   5   0   0   2  0.29 0.26
   32 Q    3  1  0  2 -4  4  1 -1 -1 -2 -2 -1 -3 -4 -3 -2 -1  3 -2 -2   28   6   3  12   0  20   8   3   1   2   3   3   0   0   0   0   3   4   1   1  0.38 0.34
   33 F    0  0 -3 -2 -3 -2 -1 -2 -3  2  1 -1  1  4 -1 -1 -2  4  1 -1   10   5   0   2   0   0   5   3   0  15  10   4   4  23   3   3   0   6   5   2  0.28 0.25
   34 L    2 -1 -3 -3 -3  1 -2 -2 -3  2  2  1  3 -2 -3 -1 -1 -4 -1  1   19   2   0   1   0   7   1   1   0  17  21   9   9   0   0   2   3   0   1   7  0.26 0.27
   35 K   -1  2  1  1 -4  0  2 -1  2 -3 -2  4 -3 -4 -1 -1  0 -5 -3 -2    5  14   6   6   0   3  11   4   6   1   3  28   0   0   2   3   5   0   0   2  0.37 0.29
   36 Q    0  0  0  1 -5  5  3 -2  1 -3 -3  0 -3 -5 -2  0 -1 -5 -4 -4    6   5   3   7   0  33  20   2   3   1   3   4   0   0   1   8   3   0   0   0  0.60 0.45
   37 Q    0  1 -3 -2 -4  6  0 -1  0 -1 -1  0  1 -2 -4 -1 -3 -4 -3  0   10   6   0   2   0  42   5   5   2   3   6   3   5   1   0   2   0   0   0   8  0.58 0.46
   38 E    0  1 -1  1 -4  4  3 -3  0 -3 -1  2 -3 -4  0 -1 -1 -4 -3 -2    8   8   2   6   0  22  19   0   2   1   5  13   0   0   4   4   3   0   0   2  0.41 0.33
   39 N    1  0  0  1 -4  3  2 -2 -2 -2 -3  1 -1 -2 -3  0  1 -4 -1 -3   16   5   4   9   0  14  16   2   0   2   0  11   2   2   0   4   8   0   2   0  0.30 0.28
   40 L    1  1 -1 -1 -3  0  1 -3 -1  1  1 -2  1 -1 -1 -1 -1 -3  0  1   15  10   2   3   0   4   9   0   1  11  20   0   3   2   3   1   2   0   3   9  0.11 0.17
   41 S    2  0 -1  2 -3  0  0  0  0 -2 -1  0  1 -3 -3  2 -1 -4 -2 -1   20   5   2  12   0   4   5   5   2   2   8   5   5   0   0  18   2   0   1   4  0.17 0.22
   42 R    1  2  0  2 -3  2  1  0  0 -2 -2  0 -2  0 -1 -1  0 -4 -2 -1   16  14   4  12   0  10   9   6   2   2   2   3   0   5   2   3   5   0   0   4  0.18 0.20
   43 Q    0  1  0  0 -4  4  1 -2 -2 -1  0  0  1 -1 -3  0 -1 -4 -3 -1    7   6   4   6   0  29   7   2   0   4   9   4   4   3   0   7   2   0   0   3  0.30 0.31
   44 L    0  1  0  0 -2  0 -1 -2  0  0  1  1  0  1 -2  0  0 -2  1  0   11   8   4   7   0   2   3   0   2   4  17   9   2   6   0   5   7   0   6   7  0.06 0.11
   45 R    0  2 -2  0 -3  1  0 -1  3 -2 -3  1  0  1  0  0 -1 -3  1 -2   11  15   0   5   0   7   6   4  10   2   0   9   2   9   5   4   3   0   4   3  0.18 0.20
   46 E    0  1  1  1 -4  2  2  0  1 -4 -3  1  0 -1  0  0  0  3 -2 -3    8   8   6  10   0  12  15   6   4   0   1   6   4   4   4   5   4   4   0   0  0.24 0.22
   47 K    0  0  0  0 -2  1  0  0  1  0  0  0  1  0  1  0  0 -3 -1  0    6   6   6   6   0   6   6   6   6   6   6   6   6   6   6   6   6   0   0   6  0.04 0.07
   48 P    1 -1  0  0 -3  1 -1 -1 -2  0  0 -2 -2 -1  4  0 -2  0 -1 -1   11   3   5   4   0   7   4   4   1   7  10   1   0   3  22   9   1   1   2   3  0.26 0.22
   49 D    1 -1  2  3 -4  3  1 -1 -3 -2 -3 -1 -3 -4  1  0  1 -4 -4 -1   11   3   9  20   0  14  10   4   0   2   2   1   0   0   6   5   7   0   0   5  0.34 0.29
   50 H    1 -1 -1 -1 -3 -1 -1 -1  5 -1  0  0  0  1 -1  0  1  1 -1 -1   13   3   2   3   0   1   4   5  16   4   8   7   3   6   3   5  11   2   1   4  0.15 0.18
   51 Q    0  1  2 -1 -4  4  1 -1 -2 -2 -1  0  0 -2  0 -1 -1  1 -1 -2    6   8  10   2   0  24   9   3   0   1   8   6   2   1   6   3   2   2   2   3  0.28 0.28
   52 L    0  0  0 -1 -3  2 -1  0 -2  0  2  0  2 -1 -1 -1 -1 -3 -2  0    8   6   5   2   0  13   2   8   0   5  21   6   7   3   3   2   3   0   0   6  0.12 0.18
   53 K    0  2  0  1 -4  3  1 -3 -3 -3 -3  3  0 -3  0  1  0 -5 -4 -4    6  10   4   6   0  15  10   0   0   1   2  22   2   1   5   9   4   0   0   0  0.41 0.34
   54 A    3 -1  0 -1 -4  3  1 -2 -1 -2 -3 -1 -1 -2  0  1  0 -4  0 -2   31   3   4   4   0  16   7   2   1   3   1   2   2   1   5   9   4   0   3   3  0.33 0.34
   55 W    1 -1 -1 -2 -1  0  0 -1 -1  0  1  0  1  0 -1 -1  0  5  0  0   12   3   2   1   1   5   6   4   1   5  12   7   5   5   2   4   5  10   2   7  0.11 0.14
   56 A    3 -3 -2 -3 -3  2 -1 -1 -1 -2  0  0  0 -1  2  1  1 -4 -2 -1   26   0   1   0   0  11   2   5   1   2  12   6   2   2   9   8   8   0   1   4  0.23 0.27
   57 E   -1  1  1  0 -4  1  3 -1  0 -1  0  0  0 -2 -1  0  0 -4 -3 -1    4   8   9   5   0   6  24   5   2   3   9   3   2   1   2   4   7   0   0   4  0.19 0.21
   58 K    2 -1  1 -2 -3  1  0 -2 -1  1 -1  0 -1 -1  3 -1  1 -1 -2 -1   17   3   6   1   0   8   5   1   2   8   7   7   1   2  15   2   8   1   1   3  0.19 0.21
   59 Q    0  1  1  1 -5  4  2 -3 -1 -2 -3  2 -2 -2  1 -1 -2  0 -4 -4    9   6   8   6   0  23  15   1   1   3   2  11   1   2   6   2   2   2   0   0  0.41 0.36
   60 V    2  0 -2 -3 -3  1 -2 -3 -2  2  0  0  1  1 -1 -1  0 -3 -2  2   17   6   1   0   0   9   2   1   1  16   6   5   3   7   3   2   6   0   0  14  0.17 0.21
   61 L    0  0  1 -2 -3  0 -1 -2 -1  0  2  0 -1  1  1  0  0  0  1 -1   10   5   7   1   0   4   2   3   1   5  25   5   0   6   6   5   7   1   4   2  0.08 0.15
   62 E    1  1  0  0 -3  1  1 -1 -2 -1 -1  2 -1 -1  1  0 -1 -3 -1  0   14   7   4   6   0   8  10   5   0   2   5  13   1   3   6   7   1   0   2   6  0.12 0.14
   63 N   -1 -1  4  1 -4  3  0 -1 -2 -1 -1  0 -1 -4 -1  0  0 -4 -2 -1    5   3  21   7   0  19   6   3   0   4   5   6   1   0   2   7   6   0   2   3  0.31 0.29
   64 P    0  0 -1  0 -4  1 -1 -1 -3 -4 -2 -2 -1 -1  5 -1 -1  0 -2 -1   10   6   3   6   0   8   2   5   0   0   3   2   2   3  36   3   4   1   2   5  0.60 0.40
   65 L    1 -1 -1 -3 -3  2  0 -3 -1  0  2 -1  2 -1 -2 -1  0 -3 -3  1   15   3   2   0   0  10   6   1   2   3  24   3   6   1   2   4   4   0   0  13  0.18 0.22
   66 Q    2 -1 -1 -1 -3  3  0 -1 -2  0 -2 -1  0  0  2  0 -1 -4 -1 -1   17   2   3   4   0  20   6   5   0   5   3   2   3   5  10   8   3   0   2   4  0.21 0.25
   67 R    0  1 -1 -1 -3  2  0 -1 -1 -1 -1  2  0 -2  3  0  0 -4 -2 -2    6   7   2   3   0  10   6   5   1   5   5  13   3   1  15   8   7   0   1   2  0.19 0.18
   68 S    1  0  0  2 -3  1  1  0  0 -2 -2  0 -2 -3  1  2  1 -4 -3 -1   10   5   3  11   0   6   7   5   3   1   4   6   0   0   6  17  10   0   0   6  0.17 0.18
   69 D   -1  0  4  3 -4  1  1  0 -1 -2 -4  1 -3 -3  0 -1  0 -4 -2 -2    4   3  20  21   0   8   7   8   1   2   0   9   0   1   4   3   4   0   1   3  0.37 0.29
   70 N    0  0  1  1 -3  2  0  0  0 -3 -2  1 -2 -2  2  1  0 -3 -3 -1    9   5   7   9   0  12   3   5   2   0   3   9   0   1  10  11   6   0   0   5  0.19 0.17
   71 H    0  0 -1 -1 -2  2  0 -1  3  1 -1  0 -1  1  0  0  0 -2  1  0    9   5   3   2   0  11   4   4   9   9   5   5   0   6   3   8   7   0   4   5  0.08 0.12
   72 F    0 -1  0  2  0 -1 -2 -1 -2 -2  1 -1  0  3 -1 -1 -1  3  1 -1    9   3   4  15   2   3   1   5   0   1  15   4   2  15   2   3   3   4   5   3  0.13 0.16
   73 L    0 -2  0 -2  0  0 -3 -2 -3  2  3 -2  0  2 -2 -2 -1 -3 -1  0    8   2   6   2   3   4   1   4   0  11  35   3   1   9   2   1   4   0   2   4  0.21 0.21
   74 D    0 -2  1  5 -4  3  0 -1 -3 -4 -3  1 -3 -4 -3  0  0 -4 -2 -3    7   0   6  33   0  18   4   4   0   0   2   7   0   0   0   7   6   0   1   2  0.59 0.39
   75 E    2 -1  0  0 -3  2  2  0 -2 -2 -3  0 -1 -1  0  1  0 -4 -3 -3   21   3   4   5   0  12  18   6   0   2   1   4   1   3   5  10   4   0   0   0  0.28 0.26
   76 L   -1 -2 -1  0 -3  1  0 -3 -3  2  2  0  3 -1 -1 -2 -1  0  0  0    5   0   3   5   0   7   5   0   0  14  25   6  10   2   3   2   3   1   3   5  0.19 0.20
   77 V    2 -3 -2 -2 -3 -1 -2 -1 -3  2  0 -1  2 -3 -2  0  0 -4 -3  3   24   0   2   2   0   3   2   4   0  12   8   5   5   0   2   5   4   0   0  22  0.25 0.25
   78 R    2  3 -2 -1 -3  2  0 -1  0 -2 -2  1 -1 -2 -1  1 -1 -3  0 -1   17  16   0   4   0  11   6   3   2   2   4   8   1   1   2  11   2   0   3   5  0.18 0.20
   79 K    1  1 -1  1 -1  3  1  0 -2 -2 -2  1  0 -3 -3  0 -1 -4  0 -1   17   9   2   9   1  16   7   7   0   2   3  10   3   0   0   6   2   0   3   3  0.22 0.24
   80 Q    1  0 -1  0 -4  5 -1 -2  1 -2 -2  1 -3 -3  1  0 -1  1  2 -3   12   5   3   4   0  28   2   2   3   3   3   9   0   0   7   5   2   2   8   0  0.39 0.35
   81 Q    1  1  2  0 -4  3  2  0 -2 -4 -3  1 -3 -4  0  0  1 -4 -4 -2   10   7   9   4   0  18  13   7   0   0   2   7   0   0   4   6   9   0   0   2  0.32 0.28
   82 A    2 -1 -1  0 -3  1  0 -1  0 -2 -2  1  0 -3  1  0  1  2  0 -1   21   2   3   4   0   6   7   4   2   2   3   9   3   0   7   7   8   3   4   4  0.14 0.18
   83 S    2  0  1  0  0  1  0 -1 -2 -1 -1  0  1 -1 -1  1  1 -4 -3 -1   23   5   8   4   3   6   6   3   0   4   3   6   4   2   2  10   7   0   0   3  0.13 0.17
   84 Q    1  0  1  0 -3  2  1  0  2 -1 -1  0  1  0  0  0  0 -3 -2 -1   11   4   6   4   0  12  11   5   7   3   6   5   4   4   5   4   5   0   0   5  0.09 0.12
   85 D    0  1  1  1 -2  1  0  0  2  0 -1  0 -1 -2  1  0  0 -3 -2  0    7   7   7   7   0   7   7   7   6   7   7   7   0   0   7   7   7   0   0   7  0.08 0.08
   86 G    0 -1  1  1 -3  0  1  2 -2 -1 -1  0 -2 -3  0  0 -1 -3 -3 -1    7   3   6   8   0   5  11  22   0   5   8   5   0   0   4   8   2   0   0   4  0.15 0.09
   87 K    0  1  0  0 -3  1  1  1 -2 -3 -2  3  0 -3  0  0 -1 -3  1 -3    6   8   4   4   0   4  10  12   0   1   2  27   3   0   4   5   4   0   5   0  0.24 0.14
   88 P    0 -1  1  1 -3  0  1 -1 -1 -2 -3  1  0 -4  5  0  1 -4 -3 -2   10   1   7   6   0   2   9   3   1   3   1   8   3   0  28   5  11   0   0   3  0.43 0.18
   89 R    1  1  1  0 -2  1  1  0  0 -1 -2  0 -1 -3  1  0  0 -3 -1  0   16   7   9   4   0   7  11   6   1   2   2   4   1   0   7   7   7   0   1   7  0.13 0.07
   90 Q    0 -1  1  2 -4  1  2 -2  2 -4 -3  0 -3 -2  3  0  0  1 -2 -3    6   2   7  11   0   7  17   2   6   0   1   6   0   1  19   6   5   3   0   0  0.38 0.15
   91 G    0  2  0 -1 -3  2  0  3 -1 -3 -3  2 -2 -4  1  0 -1 -4 -3 -2    5  15   3   2   0   9   4  27   1   0   1  16   1   0   6   6   1   0   0   3  0.35 0.15
   92 A    1 -3 -1 -3 -2 -3 -3 -3 -3  2  2 -3  0  1  1 -1  1 -1 -2  2   18   0   3   0   0   0   0   0   0  16  23   0   1   7   6   0  11   1   0  12  0.23 0.13
   93 L   -2 -2 -4 -4 -3 -3 -4 -4 -2  2  3 -3  3  2 -4 -3 -1 -2  4  2    1   1   0   0   0   0   0   0   0  12  34   0   8  10   0   0   3   0  17  13  0.51 0.18
   94 Y    0 -4 -4 -5 -3 -4 -4 -3 -3  4  1 -4  1  0 -4 -3 -2 -2  4  4    9   0   0   0   0   0   0   1   0  28  11   0   2   1   0   0   0   0  16  32  0.59 0.22
   95 F   -3 -5 -6 -6 -5 -6 -6 -6 -4 -1 -1 -6 -2  9 -6 -5 -5 -2  0 -1    2   0   0   0   0   0   0   0   0   3   2   0   0  90   0   0   0   0   0   3  2.16 0.49
   96 V    2 -4 -4 -5 -3 -4 -4 -4 -4  3  0 -4  2  0 -4 -3 -2 -4 -3  5   22   0   0   0   0   0   0   0   0  14   5   0   4   5   0   0   0   0   0  49  0.73 0.27
   97 S   -2 -4 -2 -3 -4 -3 -3 -3 -4 -5 -6 -3 -5 -5 -4  7 -2 -6 -5 -5    0   0   0   0   0   0   0   0   0   0   0   0   0   0   0 100   0   0   0   0  1.98 0.59
   98 F   -2 -3 -4 -4 -3 -3 -2 -4 -3 -1  2 -3  2  6 -4  2 -1  1  0 -2    1   1   0   0   0   0   2   0   0   1  25   1   5  39   0  18   3   1   1   0  0.67 0.27
   99 S    0 -2  0 -1 -3 -3 -3  0 -3 -5 -5 -3 -4 -5 -3  6  0 -5 -4 -4    6   2   2   3   0   0   0   7   0   0   0   0   0   0   0  76   4   0   0   0  1.17 0.42
  100 I   -4 -4 -5 -6 -4 -4 -5 -6 -5  3  2 -4  9 -3 -5 -4 -3 -4 -4  1    0   0   0   0   0   0   0   0   0  15  13   0  65   0   0   0   0   0   0   6  1.76 0.49
  101 P   -3 -5 -4  0 -6 -4 -4  1 -5 -6 -6 -4 -5 -6  8 -1 -4 -6 -6 -5    0   0   0   6   0   0   0   9   0   0   0   0   0   0  81   4   0   0   0   0  2.31 0.53
  102 E    0  1 -1  2 -4  0  3 -2  1 -1 -1  1  0 -3  1 -1 -2 -4 -3 -1    6   6   2  16   0   3  27   1   4   3   5  10   4   0   6   3   0   0   0   5  0.28 0.14
  103 E    1  0  0  0 -3  2  3 -1  0 -3 -3  0 -3 -2  0  1  0 -4  0 -2   16   4   3   4   0  10  28   2   2   1   0   2   0   1   4  10   6   0   3   1  0.32 0.16
  104 G    1 -3 -1 -1 -2 -2 -1  2 -3 -1  0 -2 -2 -3 -3  2  2 -4 -3  0   16   0   1   2   0   0   4  20   0   3  10   0   0   0   0  17  19   0   0   6  0.28 0.16
  105 L   -4 -4 -6 -6 -4 -4 -5 -6 -5  2  5 -5  1  0 -5 -5 -3  2 -3  0    0   0   0   0   0   0   0   0   0  11  78   0   3   2   0   0   0   3   0   3  1.20 0.36
  106 K   -2  3 -1 -1 -4  2  0 -3  0  0 -1  4 -2 -1 -3 -2 -1 -4 -3 -1    1  22   2   4   0   8   4   0   2   5   7  35   0   3   0   1   2   0   0   5  0.44 0.20
  107 R    0  3  2  1 -4  3  0 -2 -2 -4 -3  1 -3 -2  0  1  0 -4 -3 -3    6  23  14   9   0  16   4   2   0   0   1   5   0   2   4  10   3   0   0   1  0.38 0.18
  108 M   -3 -2 -5 -5 -4 -4 -4 -5 -3  1  3 -4  5  0 -5 -4 -1  3  4  1    1   2   0   0   0   0   0   0   0   5  38   0  16   2   0   0   3   5  20   9  0.77 0.37
  109 L    0 -4 -4 -4 -3 -3 -4 -4 -4  2  3 -4  1  3 -4  0 -2 -3  0  2   11   0   0   0   0   0   0   0   0  11  35   0   3  15   0   8   1   0   3  13  0.46 0.25
  110 G    1  2  0  0 -3  0  0  0  1 -1  0  2  0 -3 -2 -1  0 -3 -1 -1   14  15   3   6   0   2   4   6   5   4   9  18   2   0   1   2   4   0   1   3  0.14 0.13
  111 E    0 -2 -2  4 -5  4  4 -3 -1 -4 -4 -1 -1 -5 -3  0  1 -5 -4 -3    7   0   0  22   0  21  30   1   1   0   1   1   1   0   0   5   8   0   0   1  0.72 0.37
  112 T    4 -3 -1 -4  0 -3 -3 -3 -4 -1  0 -3  1 -1 -3  1  2 -4 -3  1   45   0   2   0   2   0   0   0   0   1   9   0   4   3   0  11  13   0   0  10  0.50 0.32
  113 R    2  2  0  0 -3  1  2 -1  0 -3 -3  0 -1 -4 -3  2  0 -4 -3 -2   21  11   4   5   0   7  15   3   2   0   1   6   1   0   0  16   6   0   0   3  0.28 0.20
  114 H    0  4 -1  1 -4  3  1 -2  2 -3 -3  3 -3 -2 -3 -1 -2 -4 -3 -4    6  26   2   7   0  16   8   3   5   2   2  18   0   2   0   3   0   0   0   0  0.51 0.28
  115 F    2 -3 -1 -2 -3 -1 -2 -3  0  0  1 -1  0  1  0  0  0  0  3  1   20   0   4   1   0   2   2   0   2   4  17   3   1   5   5   4   4   1  16   9  0.17 0.16
  116 G   -2  0  2  1 -5  1 -1  5  1 -5 -5  0 -4 -5 -1 -1 -3 -5 -4 -5    1   5  11  10   0   6   3  48   4   0   0   7   0   0   3   2   0   0   0   0  0.76 0.34
  117 I    2 -4 -3 -3 -3 -3 -3  3 -4  3 -1 -3  0 -3 -3 -1  0 -4 -3  3   21   0   0   1   0   0   0  22   0  23   2   0   2   0   0   3   4   0   0  21  0.46 0.27
  118 P    0  0 -1 -3 -3  0 -1 -1  1  0 -1 -1  1 -3  3  0  1 -4 -3  2    5   5   3   0   0   5   3   4   4   6   4   4   4   0  18   5   9   0   0  22  0.25 0.17
  119 A    0 -2 -3 -3 -2 -2 -2 -3 -3  2  1 -2  2  2  2 -1  1 -2 -1  1   13   0   0   0   0   0   0   0   0  13  13   0  13  13  13   0  13   0   0  13  0.22 0.09
  120 T    0 -3 -3 -3 -2 -2 -1 -3 -3  2  1 -2  0  0 -3 -1  1 -3  0  4    6   0   0   0   0   0   5   0   0   6  12   0   0   3   0   0  12   0   4  51  0.29 0.13
  121 L   -2 -3 -4 -4 -2 -3 -3 -4 -2  2  3 -3  3  4 -4 -3 -2 -1  2  1    0   0   0   0   0   0   0   0   0  11  36   0  12  28   0   0   0   0   5   7  0.48 0.14
  122 R   -1  5  2 -2 -4  1 -1 -3 -1 -2 -3  1 -2  0 -3 -1 -1 -3  1 -3    4  61  14   0   0   5   0   0   0   3   0   0   0   4   0   0   3   0   6   0  0.62 0.20
  123 G   -2 -5 -3 -3 -5 -4 -4  7 -4 -6 -6 -4 -5 -5 -4 -2 -4 -5 -5 -5    0   0   0   0   0   0   0 100   0   0   0   0   0   0   0   0   0   0   0   0  2.07 0.46
  124 M   -2 -3 -2 -4 -3 -3 -4 -4 -3  1  3 -3  3  4 -1 -3 -1  4  0  2    2   0   3   0   0   0   0   0   0   5  29   0  12  23   2   0   2   6   1  15  0.47 0.19
  125 V   -1 -1 -2 -3 -3 -2 -2 -1  0  1  1  1 -1 -2  3 -1  0 -3 -1  2    4   2   0   0   0   0   1   4   3  11  12  15   0   0  20   2   4   0   3  21  0.26 0.13
  126 N   -1  0  3  2 -4  0  0  2  1 -3 -4  0 -3 -4  2 -1  0 -4 -3 -3    2   6  24  13   0   5   6  18   4   1   0   4   0   0  12   1   4   0   0   2  0.40 0.15
  127 N   -1 -2  4  2 -4  0  0  4 -2 -4 -4 -1 -3 -4  0 -1 -1 -4 -4 -4    2   1  28  11   0   3   7  39   0   0   0   1   0   0   4   2   1   0   0   0  0.67 0.22
  128 D   -1 -1  2  3 -4  0 -1  1 -3 -2 -3  1  0 -4 -1  2 -1 -4 -4 -3    2   1  11  22   0   3   2  11   0   2   2  11   3   0   2  21   3   0   0   1  0.39 0.29
  129 L   -1 -3 -3 -4 -3 -2 -2 -3 -3  1  2 -3  4  4  0  0  0  1  0  0    5   0   0   0   0   1   2   1   0   6  20   0  15  21   4   8   6   2   2   6  0.38 0.28
  130 K   -1  2 -1 -1 -4  1  0 -1 -3 -1 -1  4  2 -2  1 -1  0 -4 -3 -1    5  13   1   3   0   7   3   5   0   2   4  29   6   1   7   4   5   0   0   4  0.29 0.25
  131 T    2  0 -1  1 -4  2  2 -1 -2 -3 -3  1 -3 -4  2  0  1 -4 -4 -2   17   5   2   9   0  10  15   3   0   0   2   8   0   0  10   6  10   0   0   3  0.30 0.25
  132 T   -1 -2  0 -1 -4 -3 -4 -1 -4 -3  0 -2  3  3 -4 -1  5 -4 -3 -2    4   2   4   3   0   0   0   4   0   0   7   2   8  12   0   3  48   0   0   2  0.72 0.49
  133 A    2  0 -1 -3 -2  0 -2 -1 -1  1  0  0  1  0 -3  0  1  0 -2  1   23   4   3   0   0   4   1   3   1  10   8   5   3   4   0   6   8   1   0  14  0.13 0.17
  134 E    2  1  1  1 -4  0  1 -2 -3 -1 -2  3 -3 -4 -3  1  0 -4 -3 -2   18   6   6   7   0   4   8   2   0   4   4  26   0   0   0  11   4   0   0   2  0.30 0.26
  135 A    3  2 -2 -2 -3  0 -1 -1 -1 -2 -1  1 -1  2 -3 -1 -1  1  1 -1   33  14   1   2   0   4   2   3   2   1   6   9   1   9   0   1   2   2   6   4  0.26 0.26
  136 V    0 -4 -4 -2 -3 -4 -4 -3 -4  4  2 -4  3  2 -4 -2 -1 -3  1  3    6   0   0   2   0   0   0   2   0  23  20   0   7   9   0   3   4   0   4  20  0.46 0.29
  137 L    1  2  1 -2 -4  3  0 -1  1 -1  0  0  2  0 -3  0 -2  1 -2 -3   14  10   7   1   0  18   4   4   3   3  10   6   6   4   0   6   0   2   1   0  0.20 0.24
  138 S    1  2  1  1 -4  2  2 -1  2 -3 -3  1 -3 -4 -1  1 -1 -4 -3 -2   14  11   5   7   0   8  16   4   4   1   1  10   0   0   2  11   2   0   0   2  0.29 0.23
  139 L   -1 -4 -2 -4 -4 -4 -5 -3 -5  3  4 -4  1 -2 -5 -4 -2 -4 -1  2    4   0   3   1   0   0   0   3   0  15  52   0   3   0   0   0   2   0   2  14  0.78 0.44
  140 V    0 -1  0 -2 -1 -2 -2 -1 -1  2  2 -2  1 -1 -3  0  0  2 -2  2    7   3   5   2   1   1   3   5   1  14  20   0   3   2   0   7   3   3   0  18  0.15 0.16
  141 K   -1  2  0  1  0  2  1  0 -2 -1 -2  3 -1 -4 -1  0 -1 -4 -3  0    5  13   3   7   2   8   9   8   0   3   2  21   1   0   3   5   3   0   0   6  0.22 0.21
  142 D    0 -1  0  4 -4  1  2 -2  0 -1 -2  2 -3 -4 -2  0  0 -4 -3 -2    9   2   3  22   0   7  14   2   3   4   3  16   0   0   2   5   5   0   0   3  0.35 0.28
  143 G    0 -1  0  3  0 -1  0  3 -1 -2 -3  1  0 -4  1 -1  0 -4 -2 -2    7   2   4  19   2   2   5  22   1   3   2   8   3   0   6   4   6   0   2   2  0.26 0.22
  144 A    0  0  1  1 -3  2 -1  0 -2  1 -2  1 -2 -3  3 -1  0 -4 -1 -1    8   6   6   9   0   9   3   6   0  10   2   9   0   0  18   3   6   0   3   4  0.24 0.22
  145 T    0  0  2  0  0  2  0  0 -1 -1 -2 -1  0  0  0  0  2 -3 -1  0    6   4  11   6   2  11   6   7   1   3   2   3   2   4   4   5  14   0   1   6  0.10 0.14
  146 D    2 -1  0  1  1 -1  0  1 -3  0 -1 -1  0 -2  2  0  0 -4 -3  0   22   2   3   8   3   1   4  12   0   5   4   2   3   1  10   7   5   0   0   6  0.16 0.18
  147 G    1 -1  3 -1 -4  0 -1  4  1 -5 -3 -2 -4 -5  0  1 -1 -5 -4 -4    9   2  15   3   0   4   2  38   3   0   3   2   0   0   5   9   3   0   0   0  0.62 0.41
  148 V    0 -2 -2 -3 -1 -2 -2 -2 -2  1  1 -2  2  2 -2 -1  1  5  0  1   12   1   0   1   0   0   1   1   0  12  12   1  11  12   1   1  12  11   0  12  0.22 0.09
  149 Q    0 -1  0  2 -3  3  1 -1 -2  1 -1  0  0 -1 -2  0  0 -3 -2  0    5   3   2  15   0  20  10   4   0  11   5   2   2   2   0   8   4   0   0   9  0.16 0.11
  150 I   -3  1 -5 -5 -3 -4 -4 -5 -5  6  1 -3 -1 -2 -4 -4 -2 -4 -3  3    0  11   0   0   0   0   0   0   0  67   7   0   0   0   0   0   0   0   0  15  1.01 0.33
  151 D   -3 -3  4  6 -5 -2  0 -3  3 -5 -5 -2 -4 -5 -3  1 -2 -5 -4 -5    0   0  25  49   0   0   4   0   8   0   0   0   0   0   0  14   0   0   0   0  1.08 0.32
  152 P   -3 -4  1  0 -5 -3 -3 -4 -4 -5 -5 -3 -5 -6  8  0 -3 -6 -5 -5    0   0   8   5   0   0   0   0   0   0   0   0   0   0  81   5   0   0   0   0  2.21 0.48
  153 T   -2  0  1  0  2  1  0 -3 -2  0  0  0  1  1  1  0  0 -3  1  0    0   6   6   6   6   6   6   0   0   6   6   6   6   6   6   6   6   0   6   6  0.08 0.13
  154 L    1 -1 -1 -3 -2  0 -2 -3 -3  2  2 -1  1 -1  0  0  0  3 -2  1   13   3   3   0   0   6   0   0   0  14  29   3   3   0   5   6   3   5   0   8  0.17 0.12
  155 F   -4 -5 -5 -5 -4 -5 -5 -5 -3 -2 -2 -5 -2  8 -5 -4  1 -1  4  1    0   0   0   0   0   0   0   0   0   0   0   0   0  68   0   0   9   0  14   9  1.53 0.46
  156 S    0  3  0  0 -3  2  1 -1  1 -3 -3  2 -2 -4 -2  2  2 -4 -3 -2    4  22   3   4   0   8   7   3   4   0   0  11   0   0   0  15  15   0   0   3  0.32 0.17
  157 Q    0  2 -1 -1 -4  4  1 -2  1 -2 -2  3 -1 -4 -3 -1  0 -4 -1 -3    6  12   2   3   0  26   7   2   4   2   3  21   2   0   0   2   7   0   2   0  0.43 0.24
  158 Y   -4 -4 -5 -6 -5 -4 -5 -5  3 -3 -2 -5 -3  6 -6 -4 -4  3  7 -2    0   0   0   0   0   0   0   0   8   0   2   0   0  38   0   0   0   4  46   3  1.65 0.42
  159 G   -1  1  3  2 -4  1 -1  3  3 -4 -4  1 -3 -4 -3  1 -2 -4 -3 -4    4   7  20  11   0   6   1  23   8   0   0   8   0   0   0  10   0   0   0   0  0.46 0.18
  160 I   -1 -5 -5 -5 -3 -5 -5 -5 -5  6 -1 -4 -1 -3 -5 -2 -2 -5 -3  4    5   0   0   0   0   0   0   0   0  63   0   0   0   0   0   3   0   0   0  29  1.18 0.35
  161 R   -1  2  1  1 -3  2  1 -3 -2 -3 -3  2 -2 -4 -3  0  3 -4 -2 -2    5  10   6   9   0  11   9   0   0   0   1  15   0   0   0   4  28   0   1   1  0.39 0.18
  162 T    2  2 -1 -1 -3  2  0 -1  0 -2 -2  0  0 -3 -2  2  0 -3 -2  0   18  11   1   2   0  15   4   3   3   1   2   5   2   0   0  17   6   0   1  10  0.19 0.13
  163 V    1 -2 -3 -3 -1 -2 -2 -3 -3  2  1 -2  2 -1 -2 -1  1 -3 -2  4   11   0   0   0   0   0   0   0   0  10   0   0  10   0   0   0  10   0   0  58  0.28 0.04
  164 P   -1 -2 -2 -2 -3 -1 -1 -2 -2 -3 -3 -1 -3 -4  7  2 -1 -4 -3 -3    0   0   0   0   0   0   0   0   0   0   0   0   0   0  75  25   0   0   0   0  1.54 0.07
  165 A    3 -2 -2 -2 -1 -1 -1 -1  0  0 -1 -1  0 -2 -2  2  2 -3 -2  1   45   0   0   0   0   0   3   0   3   3   3   0   3   0   0  14  16   0   0  10  0.29 0.10
  166 L   -1 -3 -3 -4 -2 -3 -3 -4 -2  2  2 -3  2  4 -3 -2 -1 -1  3  1    3   0   0   0   0   0   0   0   0  14  24   0   5  31   0   0   4   0  11   9  0.41 0.09
  167 V    0 -3 -4 -4 -2 -3 -3 -4 -4  3  1 -3  0 -1 -3 -2 -1 -3 -2  5    7   0   0   0   0   0   0   0   0  14   9   0   0   0   0   0   0   0   0  70  0.55 0.13
  168 V   -1 -2 -3 -4 -3 -3 -2 -4  1  2  1 -2  3  0 -3 -1 -1 -3  2  4    5   2   0   0   0   0   1   0   4   9  10   1  11   2   1   4   3   0  10  39  0.40 0.21
  169 F    0  1 -1  0 -2  0 -1 -3 -2  1  0  0  2  1 -1  0  1 -3 -1  1   11   9   1   8   0   3   3   0   0   8   3   4   8   7   2   4   9   0   2  16  0.07 0.09
  170 C    0 -2  1  2  7 -1  0 -3 -1 -3 -4 -1 -1 -4  2  1 -1 -4 -4 -3    9   1   7  14  29   2   6   0   1   1   0   4   1   0   9  14   2   0   0   0  0.62 0.25
  171 S    0 -1  1  1  0  1  1  2  0 -3 -4 -1 -3 -4  3  2 -1 -4 -3 -3    4   2   7   7   2   6   8  18   2   1   0   2   0   0  18  18   3   0   0   1  0.38 0.16
  172 Q    0 -1  0  4 -4  3  2  0  0 -4 -4  1 -3 -4 -1  0  0 -4 -3 -3    9   2   2  24   0  17  15   7   2   0   0   8   0   0   2   4   6   0   0   0  0.44 0.20
  173 G   -1  0  1  1 -4  0  0  3  2 -3 -4  1 -3 -4  3  0 -1 -4 -3 -3    2   5   7   7   0   3   5  26   5   2   0   9   0   0  17   7   4   0   0   0  0.40 0.17
  174 Y   -1 -2 -2 -3 -4 -3 -2 -4  5 -1 -1 -2 -1  3 -3 -2 -1  4  5  0    4   2   2   1   0   0   3   0  16   3   4   1   1  15   1   2   5   7  25   9  0.62 0.28
  175 D   -1 -3 -2  6 -5 -1 -1 -2  0 -3 -3  1 -4 -2  0  0 -2 -1  2 -3    5   0   0  53   0   2   1   3   2   1   3   8   0   2   4   5   1   1   8   2  0.80 0.36
  176 I   -1  3 -3 -3  0 -1 -1 -1 -3  2 -1  2 -2 -3 -4 -1 -1 -4 -3  3    3  18   0   0   2   2   2   4   0  15   4  14   0   0   0   5   2   0   0  28  0.35 0.24
  177 I    0 -1 -4 -3  0 -3 -2 -4 -4  4  1 -3  2 -2 -4 -2  0 -4 -2  3    8   3   0   2   2   0   2   0   0  31  13   0   6   0   0   1   4   0   1  26  0.51 0.26
  178 R    1  2 -1 -1 -3  2 -1 -3 -1 -1 -3 -1 -2 -1 -2  1  1 -2  5 -1   13  13   2   2   0   9   2   0   1   4   0   3   0   1   2  10  10   0  23   4  0.33 0.24
  179 G   -3 -5 -3 -4 -5 -5 -5  7 -5 -6 -6 -1  1 -6 -1 -3 -4 -6 -6 -3    0   0   0   0   0   0   0  87   0   0   0   3   4   0   3   0   0   0   0   2  1.91 0.58
  180 N   -1 -3  6  5 -5 -2  0 -3  3 -5 -3 -3 -4 -5 -4  1 -3 -6 -4 -5    4   0  41  30   0   0   4   0   8   0   3   0   0   0   0   9   0   0   0   0  1.05 0.40
  181 L    1 -3 -4 -4 -3 -1 -3 -2 -4  3  1 -1  0 -1 -3 -1 -2 -4 -3  4   12   0   0   0   0   4   0   2   0  20  15   4   2   2   0   3   0   0   0  36  0.43 0.23
  182 R    0  1  0 -1 -3 -1 -1 -1  1 -4 -3 -2 -3 -4  2  4  3 -4 -3 -3    5   9   3   2   0   1   3   3   3   0   1   0   0   0  10  41  17   0   0   0  0.54 0.29
  183 V   -2 -4 -5 -5  3 -4 -4 -5 -5  2  4 -4  1 -2 -2 -4 -2 -4 -3  3    1   0   0   0   6   0   0   0   0  12  47   0   2   0   2   0   1   0   0  28  0.80 0.33
  184 G    0  1  0  2 -3  0  1  0  1 -2 -3  2 -2  0 -1  1 -1 -3  0 -2   10   6   3  13   0   4  10   8   5   1   1  15   0   5   2  11   1   0   3   1  0.18 0.12
  185 Q   -1 -2  0  1 -4  4  1  0 -1 -3 -3 -1  0  1 -4 -2 -2 -2  5 -2    5   1   3  10   0  22   9   6   1   1   1   2   3   5   0   1   2   0  27   2  0.51 0.29
  186 A    5 -4 -2 -4  1 -3 -3  0 -4 -2 -1 -3  0  0  0 -1 -2 -4 -3 -1   62   0   1   0   3   0   0   6   0   2   6   0   3   5   4   3   0   0   0   4  0.71 0.36
  187 L   -3 -2 -5 -5 -3 -1 -1 -5 -4  0  5 -4  3 -2 -5 -4 -1 -4 -3  0    0   3   0   0   0   2   4   0   0   2  72   0   6   0   0   0   3   0   0   6  0.98 0.40
  188 E   -1  1 -1  2 -5  1  5 -2 -2 -5 -4  2 -2 -5 -3  0  0 -5 -4 -4    6   9   2  10   0   4  44   2   0   0   0  12   1   0   0   5   5   0   0   0  0.69 0.32
  189 K    0  2  0 -2 -3  2  1 -1  3 -1 -2  2 -2 -2 -3 -1  1 -2  0 -2    6  11   2   1   0  12  10   4   9   5   4  17   0   1   0   2  12   1   4   2  0.22 0.17
  190 V   -3 -4 -1 -5 -3 -4 -5 -5 -4  4  1 -4  4  3 -5 -4 -3 -3  0  4    0   0   3   0   0   0   0   0   0  27  13   0  12  12   0   0   0   0   3  29  0.74 0.33
  191 A    5  0 -1 -3 -3  0 -1 -1 -1 -3 -2  2 -1 -4 -3 -1 -1 -4 -3  0   55   6   2   0   0   5   2   3   1   0   3  14   1   0   0   2   1   0   0   5  0.57 0.32
  192 A    0  3 -1  1 -3  2  3  0 -2 -3 -2  1 -2 -4 -3  0  0 -4 -3 -1    8  17   1   7   0  13  19   7   0   0   2   8   0   0   0   5   6   0   0   5  0.31 0.18
  193 T   -1  3  1  0 -3  0  2 -1  2 -3 -1  2 -2 -2 -3  1  2 -4 -2 -2    3  20   6   3   0   3  13   3   5   0   7  12   0   1   0   9  14   0   1   1  0.26 0.17
  194 G    0 -2 -1 -2 -5 -4 -4  6 -4 -6 -6 -2 -5 -5  0  0 -2 -5 -5 -5    8   2   2   1   0   0   0  71   0   0   0   2   0   0   5   7   1   0   0   0  1.30 0.45
  195 D   -3 -3 -2  6 -5  1  2 -1 -3 -5 -5  0 -5 -6  3 -1 -3 -6 -5 -5    0   0   0  54   0   5  12   4   0   0   0   4   0   0  16   2   1   0   0   0  1.13 0.41
  196 C    0 -3 -1 -3  5 -2 -2  1 -1  0 -1 -2 -1  0  0  1  0 -3  1  1    9   0   4   0  19   0   1  11   2   6   6   2   1   3   4  12   4   0   5  12  0.22 0.15
  197 R    3  1 -2  0 -3  1 -1  0 -1 -2 -3  1 -2 -2  0  1 -1 -4 -2 -1   37   9   0   4   0   6   1   7   2   2   0   8   0   1   5  13   0   0   1   4  0.30 0.20
  198 Q    0  0  0  2 -3  3  1  0  2 -3 -2  0 -2 -1  1  0  0  3 -2 -3    7   4   3  15   0  21   6   6   5   0   2   4   1   2   5   8   5   4   0   0  0.27 0.17
  199 V    0 -2 -1 -3 -2 -2 -1 -3 -3  2  2 -3  0 -1 -2 -1  1 -3 -2  3    6   2   4   0   0   1   4   1   0  13  27   0   1   1   2   2   9   0   0  27  0.30 0.18
  200 A    6 -4 -4 -4 -3 -3 -3 -2 -4 -2 -1 -3 -3 -4 -2 -1 -2 -5 -4  0   85   0   0   0   0   0   0   0   0   2   4   0   0   0   1   1   0   0   0   4  1.29 0.47
  201 H    1  4  0 -1 -4  3  1 -2  2 -4 -3  2 -2 -4 -3  0 -1 -4 -3 -3   13  29   4   2   0  16   7   2   5   0   1  12   0   0   0   4   2   0   0   0  0.48 0.22
  202 D    1  2  0  1 -3  2  1  0 -1 -2 -2  1 -2 -2  0  0  0 -3 -3 -1   13  14   3  10   0  14   9   7   1   1   3   5   0   1   3   4   5   0   0   7  0.17 0.11
  203 L    0  0 -3 -4 -3 -2 -3 -2  0  2  3 -2  2  0 -4 -2 -2 -2  2  1   11   7   0   0   0   0   0   2   3  12  36   1   5   2   0   1   1   0  10   9  0.30 0.18
  204 L   -3 -1 -5 -5 -3 -4 -4 -5 -4  0  6 -4  1 -2 -4 -4 -3 -3 -3 -1    0   4   0   0   0   0   0   0   0   3  87   0   2   0   0   0   0   0   0   0  1.22 0.39
  205 A    2  2 -1  2 -3  1  1  0 -2 -3 -3  1 -2 -2  0  1  0 -3 -2 -2   24  14   1  11   0   6   9   5   0   0   1   9   0   2   4  10   3   0   0   0  0.24 0.13
  206 G    1  1  3  1 -3  2  1  1 -1 -3 -3  1 -1 -4 -2  0  0 -4 -3 -2   16   8  20   7   0  12   7  11   0   0   0   7   1   0   0   3   4   0   0   3  0.28 0.14
  207 K    0 -2  0 -2 -2 -1 -1 -1 -3  1  3  0  1 -2  2 -1  0  1 -2 -1    8   0   6   1   0   1   3   3   0   6  39   8   4   0   9   2   7   2   0   0  0.19 0.13
  208 G    0  3 -2 -3 -4 -2 -2  5 -3 -5 -4  0 -3 -4 -3  1 -2  0 -4 -4    8  19   0   0   0   0   0  56   0   0   0   6   0   0   0  10   0   1   0   0  0.84 0.24
  209 D   -1  1  3  4 -4  0  4 -2 -1 -4 -4  1 -3 -4 -2 -1 -2 -4 -3 -3    3   6  15  30   0   1  35   0   0   0   0   7   0   0   0   2   0   0   0   1  0.68 0.19
  210 S    2  0 -1 -2 -2  2  0  0 -2 -3 -3  4 -2 -4 -2  2 -1 -3 -3 -2   24   0   0   0   0  14   0   6   0   0   0  37   0   0   0  18   0   0   0   0  0.41 0.13
  211 G    1  0  1 -1 -2  1 -1  3  1 -3 -3 -1 -2 -3  0  2 -1 -3 -2 -2   17   4   9   0   0  10   0  34   4   0   0   0   0   0   3  19   0   0   0   0  0.36 0.06
  212 K   -1  4 -1 -1 -4  4  1 -2  0 -3 -3  4 -1 -4 -2 -1 -1 -3 -2 -3    0  25   0   0   0  36   0   0   0   0   0  39   0   0   0   0   0   0   0   0  0.61 0.07

                      K         Lambda
Standard Ungapped    0.1329     0.3169
Standard Gapped      0.0400     0.2670
PSI Ungapped         0.1313     0.3089
PSI Gapped           0.0400     0.2670
