
Last position-specific scoring matrix computed, weighted observed percentages rounded down, information per position, and relative weight of gapless real matches to pseudocounts
           A  R  N  D  C  Q  E  G  H  I  L  K  M  F  P  S  T  W  Y  V   A   R   N   D   C   Q   E   G   H   I   L   K   M   F   P   S   T   W   Y   V
    1 M   -3 -4 -5 -6 -4 -3 -4 -5 -4  0  0 -4 10  1 -5 -4 -3 -4 -3 -1    0   0   0   0   0   0   0   0   0   3   1   0  91   5   0   0   0   0   0   0  2.01 0.41
    2 K    1  0  2  0  1  3  0 -1  0 -3 -3  1 -2 -4  0  2  1 -4 -2 -2   12   1  13   3   4  19   2   3   2   0   0  11   0   0   3  16   8   0   1   1  0.28 0.12
    3 N   -1 -1  5  3 -4  2  2 -2  0 -3 -4  0 -3 -4 -1  1  1 -4 -3 -3    3   1  32  14   0  11  11   0   2   1   1   3   0   0   2   7  10   0   0   1  0.49 0.16
    4 W    0  0 -1 -1 -4  1 -1 -3  0 -4 -3  4 -2 -3 -1 -1 -2  8 -2 -3   11   3   2   3   0   6   1   0   3   0   1  35   0   0   3   3   1  26   0   2  0.81 0.23
    5 K   -1  1  0 -1 -3  2 -1 -2 -1  1 -2  2 -1 -3  0  2  2 -4 -3 -1    2   5   4   2   0  12   0   0   1  11   2  15   1   0   3  23  16   0   0   3  0.23 0.13
    6 T    1  0 -1  0 -2  0  1 -3 -2  0  1 -1  4 -2 -1  0  1 -3 -1  0   17   4   2   5   0   3   8   0   0   5  15   3  18   0   2   4  10   0   1   3  0.14 0.11
    7 S    0  2  1  0 -3  2  0 -2  0 -3 -2  1 -2 -3 -1  2  3 -4 -2 -2    5  11   8   3   0  11   3   1   1   0   4  10   0   0   2  17  21   0   1   1  0.27 0.14
    8 A    2 -3 -3 -4 -2 -3 -3 -2 -4  3  2 -3  0 -2  3 -1  0 -4 -3  1   23   0   0   0   0   0   1   1   0  22  23   0   2   0  14   4   5   0   0   6  0.36 0.16
    9 E    0  1 -1  3 -3  1  3 -2  0 -1  1  0 -1 -3 -2 -1 -1 -4 -2 -2    8  10   1  19   0   5  21   1   2   3  19   2   0   0   1   4   1   0   1   1  0.23 0.13
   10 S    1 -1 -1  3 -3  2  3 -2 -2 -3 -3  0 -3 -4 -1  1  0 -2 -3 -2   17   2   1  20   0   9  21   1   0   1   1   5   0   0   2  14   5   1   0   1  0.39 0.16
   11 I   -3 -3 -5 -5 -3 -4 -5 -5 -5  5  3 -4  0 -1 -5 -4 -2 -2 -2  4    0   1   0   0   0   0   0   0   0  45  23   0   0   2   0   0   0   1   1  27  0.86 0.26
   12 L   -1 -4 -5 -5  5 -4 -5 -5 -4  0  4 -4  5  3 -5 -3 -3 -3 -2  0    4   0   0   0  15   0   0   0   0   1  47   0  17  12   0   1   0   0   0   4  0.82 0.26
   13 T    1  2  1  0  0  2  0 -1 -1 -3 -2  1 -2 -3 -2  1  1 -4 -3 -2   17  14   6   5   2  13   5   4   1   0   2  10   0   1   0   8  12   0   0   1  0.24 0.12
   14 T    1  1 -1  0 -2  1 -1 -1  0  0  2  0  0 -2 -2  0  1 -3 -2  0   17   8   1   5   0   6   2   5   2   4  27   3   2   0   1   5   8   0   0   3  0.09 0.08
   15 G    4 -3 -2 -3  0  1 -2  3 -3 -4 -4 -2 -3 -4 -3  3 -1 -4 -4 -1   42   0   1   0   2   9   0  20   0   0   0   0   0   0   0  24   1   0   0   3  0.63 0.25
   16 P   -1  0 -4 -4 -5 -4 -3 -4 -2 -5 -5 -2 -5 -6  8 -2 -1 -6 -5 -5    4   7   0   0   0   0   1   0   1   0   0   2   0   0  80   2   3   0   0   0  2.16 0.45
   17 V   -3 -5 -5 -6 -3 -5 -5 -6 -6  4  0 -5 -1 -3 -5 -4 -2 -5 -4  6    0   0   0   0   0   0   0   0   0  20   3   0   0   0   0   0   0   0   0  77  1.39 0.38
   18 V   -3 -5 -5 -5 -3 -4 -5 -6 -5  6  1 -4  3 -2 -5 -4 -2 -5 -3  4    0   0   0   0   0   0   0   0   0  49  10   0   9   0   0   0   0   0   0  32  1.04 0.30
   19 P   -3 -5 -5 -5 -6 -4 -4 -5 -5 -6 -6 -4 -6 -7  9 -4 -4 -7 -6 -6    1   0   0   0   0   0   0   0   0   0   0   0   0   0  99   0   0   0   0   0  3.10 0.59
   20 V   -3 -5 -6 -6 -4 -5 -5 -6 -6  0 -2 -5  0 -4 -5 -4 -3 -6 -4  7    0   0   0   0   0   0   0   0   0   1   0   0   1   0   0   0   0   0   0  98  1.82 0.47
   21 I   -3 -4 -5 -5 -3 -4 -5 -5 -5  5  4 -4  4 -2 -5 -4 -3 -4 -2  3    0   0   0   0   0   0   0   0   0  34  37   0  11   0   0   0   0   0   1  18  0.86 0.26
   22 V    1 -4 -4 -4 -2 -1 -2 -4 -2  1 -1 -2 -1 -3 -4 -3  2 -5 -3  6    9   0   0   0   0   2   2   0   1   5   2   2   0   0   0   0  13   0   0  63  0.77 0.29
   23 V   -3 -5 -6 -6 -3 -5 -5 -6 -5  7  1 -5 -1  0 -4 -5 -3 -5 -3  3    0   0   0   0   0   0   0   0   0  68   9   0   0   4   0   0   0   0   0  18  1.23 0.34
   24 K   -1 -1  3  5 -5  1  3 -2  2 -5 -5  0 -4 -5 -2 -1 -2 -5 -3 -4    4   2  14  34   0   4  25   2   6   0   0   6   0   0   1   1   1   0   0   0  0.73 0.24
   25 K   -3  3  2  6 -5  0  1 -3  0 -5 -5  1 -4 -5 -3  0 -2 -6 -4 -5    0  15   7  52   0   2   5   0   2   0   0   9   0   0   0   7   1   0   0   0  0.96 0.29
   26 L    2 -3 -4 -3 -2 -3 -1 -3 -4  2  2 -3 -1 -2  1 -2 -1 -4 -3  3   24   0   0   0   0   0   5   0   0  13  21   1   0   0   8   0   1   0   0  26  0.37 0.18
   27 E    3 -1 -1  2 -4  1  4 -2 -1 -4 -4  1 -3 -5 -2  0 -2 -5 -4 -3   27   2   2  10   0   6  35   2   1   0   0   7   0   0   0   6   1   0   0   1  0.55 0.22
   28 H   -2 -1  0  5 -3  3  0 -4  6 -3 -2 -1 -2 -4 -3 -1  0 -3 -2 -4    1   1   2  39   1  14   4   0  21   1   3   3   1   0   0   2   6   0   0   0  0.77 0.26
   29 A    6 -4 -4 -4 -3 -3 -4  0 -4 -1 -4 -3 -3 -5 -3 -1 -3 -5 -4 -2   89   0   0   0   0   0   0   4   0   4   0   0   0   0   0   0   0   0   0   2  1.38 0.41
   30 V   -1  0 -5 -5 -3 -3 -2 -4 -5  1  1 -3 -1 -3 -4 -3 -2 -5 -3  6    3   7   0   0   0   1   3   1   0   5  13   1   0   0   1   0   1   0   0  67  0.82 0.29
   31 P   -2 -5 -3  0 -6 -3 -3 -3 -1 -6 -5 -3 -5 -6  8 -2 -4 -7 -6 -5    2   0   1   6   0   1   1   2   2   0   1   0   0   0  84   2   0   0   0   0  2.32 0.48
   32 M   -3 -4 -5 -6 -3 -4 -5 -6 -5  1  5 -4  5 -1 -5 -4 -2 -4 -3  1    0   0   0   0   0   0   0   0   0   5  72   0  14   1   0   0   1   0   0   7  1.12 0.32
   33 A    7 -4 -4 -4  0 -3 -3 -1 -4 -4 -4 -3 -4 -5 -3  0 -2 -5 -4 -3   90   0   0   0   2   0   0   3   0   0   0   0   0   0   0   3   1   0   0   0  1.45 0.42
   34 K   -2  5 -2  1 -5  2  2 -3  0 -5 -4  3 -3 -5 -3 -2 -1 -5 -4 -4    1  44   0   6   0  10  16   0   2   0   0  16   0   0   0   0   3   0   0   0  0.85 0.27
   35 A    7 -4 -4 -4 -3 -3 -4 -2 -4 -4 -4 -3 -4 -5 -4  0 -2 -5 -5 -3   96   0   0   0   0   0   0   0   0   0   0   0   0   0   0   3   1   0   0   0  1.63 0.46
   36 L   -4 -5 -6 -6 -4 -5 -6 -6 -6 -1  6 -5  0 -2 -6 -5 -4 -4 -4 -2    0   0   0   0   0   0   0   0   0   0  99   0   1   0   0   0   0   0   0   0  1.66 0.43
   37 V    1 -4 -4 -4 -2 -3 -4 -4  1  2  1 -4  0  0 -4 -3 -2 -4  0  5   10   0   0   0   1   1   0   0   4   6  11   0   1   3   0   0   0   0   4  59  0.68 0.26
   38 A    5  0 -1  0 -3 -1  1 -2 -2 -4 -4  1 -3 -5 -3 -1 -1 -5 -4 -3   63   5   2   5   0   1  11   1   0   0   0  10   0   0   0   1   1   0   0   0  0.74 0.29
   39 G   -2 -5 -2 -4 -5 -4 -5  7 -5 -7 -7 -4 -6 -6 -5 -3 -4 -5 -6 -6    0   0   1   0   0   1   0  98   0   0   0   0   0   0   0   0   0   0   0   0  2.21 0.48
   40 G   -3 -4 -3 -3 -5 -5 -5  7 -5 -7 -7 -4 -6 -6 -5 -3 -4 -5 -6 -6    0   0   0   1   0   0   0  99   0   0   0   0   0   0   0   0   0   0   0   0  2.24 0.49
   41 V   -3 -5 -5 -6 -3 -4 -5 -6 -5  5  4 -5  0 -1 -5 -4 -3 -4 -3  3    0   0   0   0   0   0   0   0   0  35  48   0   0   1   0   0   0   0   0  16  0.97 0.28
   42 R   -3  4  0 -2 -5 -1 -2 -2  0 -5 -4  3 -4 -4  5 -1  0 -5 -4 -4    0  28   5   1   0   1   1   3   2   0   0  20   0   1  30   3   6   0   0   0  0.86 0.27
   43 V    3 -4 -4 -4 -3 -3 -4 -3 -4  2 -1 -3  1 -3 -4 -2  2 -5 -3  5   27   0   0   0   0   0   0   1   0   7   2   0   3   0   0   1  12   0   0  48  0.67 0.26
   44 L   -3 -5 -6 -6 -3 -4 -5 -6 -5  4  5 -5  1  1 -5 -5 -3 -4 -2  0    1   0   0   0   0   0   0   0   0  27  64   0   2   5   0   0   0   0   0   2  1.05 0.30
   45 E   -4 -3 -3 -1 -7 -1  8 -5 -3 -6 -6 -2 -5 -6 -4 -3 -4 -6 -5 -6    0   0   0   0   0   0 100   0   0   0   0   0   0   0   0   0   0   0   0   0  2.24 0.56
   46 V   -3 -5 -5 -6 -3 -5 -5 -6 -6  5  0 -5  0 -3 -5 -4 -3 -5 -4  6    0   0   0   0   0   0   0   0   0  31   4   0   1   0   0   0   0   0   0  64  1.29 0.36
   47 T   -3 -4 -3 -4 -4 -4 -4 -5 -5 -4 -4 -4 -4 -5 -4 -2  8 -6 -5 -3    1   0   0   0   0   0   0   0   0   0   0   0   0   0   0   0  99   0   0   0  2.14 0.56
   48 L   -4 -5 -6 -6 -4 -5 -6 -6 -5 -1  6 -5  2 -1 -6 -5 -4 -4 -4 -2    0   0   0   0   0   0   0   0   0   0  96   0   3   1   0   0   0   0   0   0  1.60 0.42
   49 R   -5  8 -4 -5 -7 -2 -3 -6 -3 -6 -5 -1 -5 -6 -5 -4 -4 -6 -5 -6    0 100   0   0   0   0   0   0   0   0   0   0   0   0   0   0   0   0   0   0  2.47 0.57
   50 T   -3 -4 -3 -4 -4 -3 -4 -4 -5 -4 -4 -4 -4 -5 -4  2  8 -6 -5 -3    0   0   0   0   0   0   0   0   0   0   0   0   0   0   0  10  90   0   0   0  1.84 0.51
   51 E    1 -3 -3  1 -5  0  1 -3 -2 -5 -5 -1 -4 -6  7  0 -2 -6 -5 -4   13   0   0   9   0   3  11   1   1   0   0   2   0   0  53   6   0   0   0   0  1.24 0.32
   52 C    4 -2 -1 -2  5  0 -2 -1  2 -1 -2 -2 -2 -2 -3 -1 -2 -4 -2  2   43   1   2   2  15   4   1   2   7   1   1   1   0   1   0   0   0   0   1  16  0.51 0.23
   53 A    6 -4 -4 -4 -3 -4 -4  3 -4 -4 -4 -3 -4 -5 -4 -1 -3 -5 -5 -3   82   0   0   0   0   0   0  18   0   0   0   0   0   0   0   0   0   0   0   0  1.40 0.42
   54 V   -2 -3 -5 -6 -2 -4 -4 -6 -5  1  6 -4  2  0 -3 -4 -3 -4 -2  0    3   1   0   0   1   0   1   0   0   5  80   0   3   2   1   0   0   0   1   2  1.08 0.32
   55 D    0 -2 -1  5 -5  1  4 -2 -2 -5 -5  0 -4 -5 -1 -1 -1 -5 -4 -4    8   1   0  38   0   5  35   2   0   0   0   3   0   0   3   2   2   0   0   0  0.87 0.28
   56 A    6 -4 -4 -4  2 -3 -3 -1 -4 -3 -4 -3 -3 -5 -3  0 -2 -5 -4  1   78   0   0   0   4   0   0   2   0   0   0   0   0   0   0   6   0   0   0  10  1.15 0.37
   57 I   -1 -5 -6 -6 -4 -5 -5 -6 -6  7  0 -5  2 -3 -5 -4 -3 -5 -4  2    4   0   0   0   0   0   0   0   0  80   4   0   4   0   0   0   0   0   0   8  1.45 0.39
   58 R    0  6 -2 -3 -5  1  2 -4 -2 -4 -4  3 -2 -5 -4 -1 -1 -5 -4 -4    8  50   0   0   0   3  16   0   0   0   0  15   1   0   0   3   3   0   0   1  0.88 0.29
   59 A    4  3 -3 -2 -3  0  1 -3 -2 -2  1  0 -1 -3 -3 -1 -1 -4 -3 -1   42  17   0   1   0   3  11   0   0   2  16   3   1   0   0   0   1   0   0   3  0.40 0.21
   60 I   -2 -5 -5 -5 -3 -4 -5 -6 -5  6  1 -5  5 -2 -5 -4 -3 -5 -3  2    2   0   0   0   0   0   0   0   0  56  10   0  19   0   0   0   0   0   0  12  1.12 0.33
   61 A    4  2 -2 -3 -2 -2 -2 -2 -2  0 -3  0  0 -4 -3  1  0 -4 -3 -1   53  13   1   0   0   0   0   1   1   5   0   6   2   0   0   9   5   0   0   3  0.52 0.23
   62 K    2  2  0  1 -3  2  2  0 -2 -3 -3  3 -3 -4 -2  0 -1 -4 -3 -2   22  10   4   7   0   8  13   5   0   0   1  23   0   0   0   3   2   0   0   1  0.35 0.15
   63 E    1 -2  0  1 -4  2  5 -2  1 -4 -3 -1 -3 -4 -3 -1 -1 -4 -3 -2   14   1   3   6   0  10  49   1   4   0   3   1   0   0   0   1   3   0   0   2  0.64 0.23
   64 V   -2  0 -5 -5 -1 -4 -5 -5 -5  1  1 -4  0  0 -4 -4 -2 -5 -3  6    2   6   0   0   1   0   0   0   0   2   9   0   2   4   1   0   0   0   0  73  1.02 0.33
   65 P   -3 -4 -4 -2 -6 -3  2 -3 -5 -6 -6 -2 -5 -7  8 -3 -4 -6 -6 -5    1   0   0   2   0   0  14   2   0   0   0   2   0   0  78   1   0   0   0   0  2.19 0.48
   66 E   -2 -3 -1  4 -5  1  5  3 -2 -5 -5 -1 -4 -5 -4 -2 -3 -5 -5 -5    1   0   1  27   0   4  38  26   0   0   0   2   0   0   0   0   0   0   0   0  0.94 0.29
   67 A    5 -4 -4 -4 -3 -3 -3  0 -2  1  0 -3  2 -4 -3 -1 -2 -5 -4 -1   68   0   0   0   0   0   0   6   1   7   7   0   5   0   0   1   1   0   0   3  0.82 0.31
   68 I   -2 -2 -3 -4  2 -3 -3 -5  0  4  1 -3  1 -1 -4 -3 -1 -1 -1  4    0   2   1   0   5   0   1   0   3  32  13   1   2   1   0   1   1   1   2  34  0.57 0.21
   69 V   -2 -5 -5 -6 -1 -5 -5 -3 -6  2  0 -5 -2 -3 -3 -4 -2 -5 -4  7    2   0   0   0   1   0   0   2   0  10   4   0   0   0   1   0   1   0   0  79  1.26 0.37
   70 G   -2 -5 -3 -4 -5 -5 -5  7 -5 -7 -7 -4 -6 -6 -5 -3 -4 -5 -6 -6    2   0   0   0   0   0   0  98   0   0   0   0   0   0   0   0   0   0   0   0  2.24 0.49
   71 A    6 -4 -4 -4 -1 -3 -3 -2 -4  0 -3 -3 -2 -4 -3 -1 -1 -5 -4  1   78   0   0   0   1   0   0   2   0   4   0   0   0   0   0   1   3   0   0  12  1.10 0.37
   72 G   -3 -5 -3 -4 -5 -5 -5  7 -5 -6 -6 -4 -5 -6 -5 -3 -4 -5 -6 -6    0   0   0   0   0   0   0  98   0   0   0   0   0   0   0   0   0   0   0   0  2.23 0.48
   73 T   -3 -4 -3 -4 -4 -4 -4 -5 -5 -4 -4 -4 -4 -5 -4 -2  8 -6 -5 -3    0   0   0   0   0   0   0   0   0   0   0   0   0   0   0   0 100   0   0   0  2.18 0.57
   74 V   -2 -5 -5 -6 -3 -5 -5 -6 -5  4  2 -5 -1 -3 -5 -4 -2 -5 -3  6    1   0   0   0   0   0   0   0   0  22  14   0   0   0   0   0   0   0   0  63  1.13 0.33
   75 L   -2  0 -4 -5  0 -3 -4 -5 -4  3  4 -3  0 -2 -4 -3  2 -4 -3  2    1   7   0   0   2   0   0   0   0  17  48   0   1   0   0   0  15   0   0  10  0.57 0.22
   76 N   -2 -1  5  2 -4 -1 -1 -3  0 -3 -4 -1 -3 -5 -3  2  4 -5 -4 -3    1   3  34  11   0   1   1   0   2   1   0   3   0   0   0  12  30   0   0   0  0.73 0.27
   77 P    2  0 -3 -3 -2 -2 -1 -2 -2 -2 -3 -1 -3 -5  6 -1  0 -2 -4 -1   19   6   0   0   1   1   4   2   1   3   2   3   0   0  45   4   7   1   0   4  0.88 0.25
   78 Q    2  1 -1  2 -4  2  3 -1  0 -3 -4  1 -3 -4 -3  0  0 -3 -3 -3   20   6   1  13   0  10  26   3   2   1   0   9   0   0   0   3   4   0   0   1  0.41 0.17
   79 Q   -3 -2 -2  5 -5  6  0 -4  3 -5 -4 -2  2 -5 -4 -2 -1 -5 -4 -5    0   0   0  31   0  48   2   0   8   0   1   0   6   0   0   1   3   0   0   0  1.17 0.38
   80 L    1 -3 -4 -5  0 -3 -4 -4 -3  0  3 -4  1  3 -4 -3 -2  1  3  2   15   1   0   0   2   0   0   0   0   1  33   0   2  16   0   0   0   1  13  16  0.48 0.20
   81 A    1  2  0  2 -4  2  3 -2  0 -4 -2  2 -3 -4 -2 -1 -1 -4 -3 -3   14  13   2  15   0  11  22   1   1   0   3  11   0   0   0   2   4   0   0   1  0.39 0.16
   82 E    4  2  0  0 -3  4  1 -3 -2 -4 -3  0 -3 -4 -3 -1 -1 -4 -3 -3   41  12   4   5   0  21  10   0   0   0   1   2   0   0   0   1   2   0   0   0  0.54 0.24
   83 V    5 -4 -4 -4  1 -3 -3 -3 -4 -2 -3 -3 -2 -4 -3  1 -1 -5 -4  2   67   0   0   0   2   0   0   0   0   0   0   0   1   0   0  10   1   0   0  19  0.95 0.33
   84 T    1  1 -2 -2 -2  1  1 -3 -2  1 -1  1  0 -3 -3 -1  0 -4 -2  2   17   8   0   0   0   6  13   0   0   8   4  11   1   0   0   2   7   0   0  24  0.20 0.13
   85 E    2  0  1  4 -4  1  3 -2  0 -4 -4  1 -2 -4 -3  0 -2 -5 -4 -3   23   3   5  25   0   4  21   1   1   0   1   9   1   0   0   4   0   0   0   0  0.49 0.19
   86 A    6 -2 -4 -4 -3 -3 -3 -3 -4 -2 -1 -3 -3 -4 -3 -1 -3 -5 -4 -1   85   2   0   0   0   0   1   0   0   1   6   0   0   0   0   0   0   0   0   4  1.23 0.40
   87 G   -3 -5 -3 -4 -5 -5 -4  7 -5 -7 -7 -4 -6 -6 -5 -3 -4 -5 -6 -6    0   0   0   0   0   0   0  99   0   0   0   0   0   0   0   0   0   0   0   0  2.26 0.49
   88 A    6 -4 -4 -4  1 -3 -3 -2 -4 -4 -4 -3 -4 -5 -3  1 -2 -5 -4 -2   85   0   0   0   3   0   0   1   0   0   0   0   0   0   0  10   0   0   0   1  1.38 0.42
   89 Q   -1  4 -2 -1 -2  4  1 -3  0 -3 -3  2 -1 -4 -3 -1  0 -4 -3 -1    6  25   0   3   1  26   9   0   2   1   0  15   1   0   0   1   7   0   0   4  0.56 0.22
   90 F   -5 -6 -6 -7 -6 -6 -7 -6 -4 -3 -3 -6 -3  9 -7 -6 -5 -2  1 -4    0   0   0   0   0   0   0   0   0   0   0   0   0  99   0   0   0   0   1   0  2.72 0.57
   91 A    3 -4 -4 -4 -3 -3 -4  2 -4  3  2 -3  1 -2 -3 -2 -2 -4 -3  1   32   0   0   0   0   0   0  15   0  23  17   0   3   1   0   0   0   0   0   9  0.42 0.19
   92 I   -3 -5 -6 -6 -3 -5 -5 -6 -6  4 -1 -5 -1 -2 -5 -4 -3 -5 -4  6    0   0   0   0   0   0   0   0   0  23   2   0   0   1   0   0   0   0   0  74  1.38 0.38
   93 S   -1 -4 -2 -3 -4 -3 -3 -3 -4 -5 -5 -3 -4 -5 -4  7  2 -6 -5 -4    2   0   0   0   0   0   0   0   0   0   0   0   0   0   0  86  13   0   0   0  1.55 0.47
   94 P   -4 -6 -5 -5 -6 -5 -4 -6 -6 -6 -6 -4 -6 -7  9 -4 -4 -7 -6 -6    0   0   0   0   0   0   0   0   0   0   0   0   0   0 100   0   0   0   0   0  3.17 0.62
   95 G   -2 -5 -3 -4 -5 -5 -5  7 -5 -7 -7 -4 -6 -6 -5 -3 -4 -5 -6 -6    1   0   0   0   0   0   0  99   0   0   0   0   0   0   0   0   0   0   0   0  2.29 0.50
   96 L    2 -3 -3 -4  3 -2 -3 -3 -2  0  2 -2  1  0 -3  0  1  3  1  0   20   0   0   0   8   1   0   0   1   5  28   1   3   3   0   8   8   5   5   4  0.26 0.14
   97 T   -3 -4 -1 -4 -4 -3 -4 -4 -2 -3 -4 -3 -4 -5 -2  1  7 -5 -3 -3    0   0   2   0   0   0   0   0   1   1   0   0   0   0   1   7  87   0   0   0  1.67 0.48
   98 E   -1  0  0  3 -4  1  2 -3 -2 -2 -3  0 -2 -4  4  0 -1 -5 -4 -3    5   5   3  22   0   7  14   1   1   3   1   6   1   0  24   4   2   0   0   1  0.55 0.18
   99 P    2  2 -1  2 -3  0  3 -1 -1 -3 -3  0 -2 -4  0  1  1 -4 -2 -2   19  14   1  10   0   1  20   3   0   0   1   5   1   0   5  10   7   0   1   2  0.29 0.14
  100 L   -4 -5 -6 -6 -4 -4 -5 -6 -5  1  6 -5  1 -1 -5 -5 -3 -4 -3  1    0   0   0   0   0   0   0   0   0   5  86   0   2   1   0   0   0   0   0   6  1.31 0.36
  101 L    0 -3 -4 -5 -3 -4 -4  0 -1  2  5 -4  0 -1 -4 -3 -2 -4 -1  0   10   1   0   0   0   0   0   9   2   9  63   0   0   1   0   0   1   0   1   3  0.64 0.24
  102 K    1  1  0  4 -4  2  2 -1 -1 -3 -3  2 -2 -4 -2  0 -1 -4 -3 -3   17   7   1  26   0   8  14   3   1   0   2  12   1   0   0   4   2   0   0   1  0.38 0.16
  103 A    6 -4 -4 -3  1 -3 -2 -1  2 -3 -3 -3 -3 -2 -3 -1 -2 -4  0 -2   75   0   0   1   2   0   2   2   6   0   2   1   0   1   0   1   1   0   4   2  0.97 0.34
  104 A    5 -4 -4 -4  5 -2 -3  1 -4 -2 -2 -3  3 -4 -3  0 -2 -4 -4 -1   55   0   0   0  12   1   0  12   0   2   2   0  10   0   0   3   1   0   0   3  0.77 0.29
  105 T    0  2  0  0  0  1  1 -2 -1 -1 -1  2  0 -2 -2  0  0 -3 -2  0    9  16   3   4   2   4  12   0   1   4   7  17   2   1   1   4   5   0   0   9  0.14 0.08
  106 E    2 -1  1  4 -3  1  2  0 -2 -4 -4  1 -2 -4 -2  1  0 -4 -2 -3   24   2   4  25   0   4  12   5   0   0   0   9   1   0   1   7   4   0   1   0  0.38 0.16
  107 G    2 -2  0 -2  1 -1 -1  1 -2 -2 -2 -1 -2 -3 -3  4  1 -2 -2 -2   16   1   3   0   3   1   3  12   1   2   4   2   0   1   0  40   8   0   1   1  0.35 0.18
  108 T   -1 -1  0  3 -3 -1  1  4 -2 -5 -4 -1 -4 -5  2  1 -1 -5 -4 -4    3   3   2  16   0   1  10  39   0   0   0   3   0   0  10   9   3   0   0   0  0.57 0.19
  109 I   -1 -4 -5 -5 -2 -4 -4 -4 -5  4  3 -4  2 -2 -4 -3 -2 -4 -3  3    3   0   0   0   0   0   0   0   0  26  37   0   4   0   0   0   1   0   0  27  0.73 0.23
  110 P   -1 -5 -5 -4 -6 -4 -4 -4 -5 -6 -6 -4 -6 -7  9 -2 -3 -7 -6 -5    5   0   0   1   0   0   0   0   0   0   0   0   0   0  91   2   1   0   0   0  2.71 0.55
  111 L   -3 -4 -5 -6 -2 -4 -5 -5 -1 -1  5 -5  2  4 -5 -4 -3  0  2  0    1   0   0   0   1   0   0   0   2   1  61   0   4  21   0   0   0   1   6   3  0.93 0.29
  112 I   -2 -5 -6 -6 -3 -5 -5 -6 -5  4  5 -5  0 -2 -5 -5 -3 -4 -3  0    2   0   0   0   0   0   0   0   0  21  74   0   1   0   0   0   0   0   0   1  1.19 0.34
  113 P   -2 -5 -5 -5 -6 -5 -4 -5 -5 -6 -6 -4 -6 -7  9 -4 -4 -7 -6 -6    3   0   0   0   0   0   0   0   0   0   0   0   0   0  97   0   0   0   0   0  2.99 0.59
  114 G   -2 -5 -3 -4 -5 -5 -5  7 -5 -7 -7 -4 -6 -6 -5 -2 -4 -5 -6 -6    2   0   0   0   0   0   0  98   0   0   0   0   0   0   0   1   0   0   0   0  2.21 0.48
  115 I    3 -4 -4 -5 -2 -4 -4 -4 -5  3 -1 -4 -1 -3 -4 -2  0 -5 -3  5   24   0   0   0   1   0   0   0   0  20   0   0   0   0   0   1   5   0   0  50  0.80 0.29
  116 S    5 -3 -2 -3 -2 -1 -3 -1 -3 -1 -3 -3  3 -3 -3  3 -1 -5 -4 -1   53   0   1   0   0   2   0   3   0   2   1   0   9   0   0  26   1   0   0   2  0.74 0.30
  117 T   -2 -4  1 -3 -4 -3 -3 -3 -4 -4 -4 -3 -4 -5 -4  2  7 -5 -4 -3    0   0   5   1   0   0   0   1   0   0   0   0   0   0   0  15  79   0   0   0  1.49 0.45
  118 V    3 -4 -3 -4 -3 -3 -3 -1 -4  0 -2 -3 -2 -4  5  0  0 -5 -4  2   34   0   0   0   0   0   0   4   0   6   1   0   0   0  29   5   4   0   0  16  0.71 0.25
  119 S   -1 -4 -2 -3 -4 -3 -3  0 -4 -5 -5 -3 -4 -5 -4  7  1 -6 -4 -4    3   0   0   0   0   0   0   7   0   0   0   0   0   0   0  83   7   0   0   0  1.40 0.44
  120 E   -4 -3 -2  3 -7 -1  7 -4 -3 -6 -6 -2 -5 -6 -4 -3 -4 -6 -5 -5    0   0   0  14   0   1  84   1   0   0   0   0   0   0   0   0   0   0   0   0  1.80 0.47
  121 L    2 -4 -4 -5 -3 -4 -4 -4 -4  3  2 -4  2 -2 -4 -2 -2 -4 -3  4   17   0   0   0   0   0   0   0   0  19  23   0   6   0   0   1   0   0   0  35  0.61 0.22
  122 M   -4 -5 -5 -6 -4 -3 -5 -6 -5  1  1 -5 10 -3 -6 -5 -4 -5 -4  0    0   0   0   0   0   1   0   0   0   6   9   0  79   0   0   0   0   0   0   5  2.14 0.54
  123 L    3  2 -1 -2 -3  2  0 -2 -2 -1  1  0  1 -2 -3 -1  1 -3 -2 -1   29  15   1   1   0  11   3   0   1   1  14   4   4   1   0   1   9   0   1   2  0.22 0.15
  124 G    3 -3 -4 -4  0 -3 -4  3 -4 -2  3 -3 -1 -3 -4 -2 -2 -4 -4  0   36   0   0   0   2   0   0  25   0   0  31   0   1   0   0   0   0   0   0   5  0.57 0.24
  125 M    0  1 -2 -4 -2  0 -3 -4 -2  0  4 -2  3 -1 -4 -3 -2  0  1 -1    7   9   2   0   1   4   0   0   1   3  50   1  10   1   0   1   1   1   6   2  0.45 0.20
  126 D    1 -2 -1  3 -5  0  6 -3 -3 -4 -5 -2 -4 -5 -3 -1 -2 -5 -4 -3   12   1   2  18   0   2  57   1   0   1   0   0   0   0   0   3   1   0   0   1  0.94 0.31
  127 Y    0  3 -2  0 -2  0  0 -3  2 -2  1  0  0  0 -3 -2 -2  1  2 -2   11  24   0   5   0   4   7   1   7   0  18   3   3   3   0   1   0   2  10   0  0.24 0.14
  128 G   -3 -4 -3 -2 -5 -5 -5  7 -5 -7 -7 -4 -6 -6 -5 -3 -4 -5 -6 -6    0   0   0   2   0   0   0  97   0   0   0   0   0   0   0   0   0   0   0   0  2.18 0.48
  129 L   -4 -4 -5 -6 -4 -4 -5 -6 -1  0  2 -3 -1  4 -5 -4 -3 -1  7  0    0   0   0   0   0   0   0   0   1   4  18   1   1  18   0   1   0   0  49   7  1.20 0.34
  130 K   -2  3  1  3 -4  0  1 -2 -2 -4 -4  1 -2 -3 -3  1  3 -4 -2 -3    1  23   5  16   0   3   7   1   0   0   0   6   0   1   0   9  26   0   1   0  0.46 0.20
  131 E    0  2 -1 -1 -1  0  2 -3  4 -1 -1 -1  1  1 -3 -1  0 -1  1  0    9  12   1   1   1   2  15   0  15   3   3   1   4   7   0   3   5   0   5  10  0.17 0.12
  132 F   -2 -4 -5 -5 -3  1 -4 -5 -4 -1  4 -4  4  5 -5 -4 -3 -3 -1  0    2   0   0   0   0   7   0   0   0   0  44   0  14  26   0   0   0   0   0   5  0.81 0.27
  133 K   -4 -1 -3 -4 -6 -2 -2 -5 -4 -6 -6  8 -4 -6 -4 -3 -4 -6 -5 -5    0   0   0   0   0   0   0   0   0   0   0 100   0   0   0   0   0   0   0   0  2.17 0.54
  134 F   -4 -6 -6 -6 -5 -6 -6 -6 -4 -2  2 -6 -2  8 -6 -5 -5 -2  0 -3    1   0   0   0   0   0   0   0   0   0  20   0   0  79   0   0   0   0   0   0  1.99 0.46
  135 F   -5 -6 -6 -7 -6 -7 -7 -6 -4 -3 -3 -6 -3  9 -7 -6 -5 -2  0 -4    0   0   0   0   0   0   0   0   0   0   0   0   0 100   0   0   0   0   0   0  2.77 0.58
  136 P   -4 -6 -5 -5 -6 -5 -4 -6 -6 -6 -6 -4 -6 -7  9 -4 -4 -7 -6 -6    0   0   0   0   0   0   0   0   0   0   0   0   0   0 100   0   0   0   0   0  3.17 0.62
  137 A    7 -4 -4 -5 -3 -4 -4 -3 -5 -4 -4 -4 -4 -5 -4 -2 -3 -6 -5 -3  100   0   0   0   0   0   0   0   0   0   0   0   0   0   0   0   0   0   0   0  1.82 0.50
  138 E   -1 -2 -1 -1 -5  1  6 -3 -3 -4 -3 -1  0 -5 -4 -1 -2 -5 -4  1    4   0   2   1   0   5  67   2   0   0   1   1   2   0   0   3   2   0   0  10  0.99 0.34
  139 A    5 -3 -2 -3 -3  3 -2 -1 -3 -1 -3 -2 -3 -3  2 -1  0 -4 -1  1   54   0   1   0   0  15   0   2   0   3   0   0   0   0   9   1   4   0   2   9  0.63 0.27
  140 N    4 -3  2 -3  2 -2 -3 -2 -3 -2 -3 -3 -2 -3 -2  3 -1 -5 -2  0   47   0  13   0   4   1   0   0   0   2   0   0   0   0   1  22   1   0   1   8  0.60 0.26
  141 G   -2 -5 -3 -4 -5 -5 -5  7 -5 -7 -6 -4 -6 -6 -5 -3 -3 -5 -6 -6    1   0   0   0   0   0   0  98   0   0   0   0   0   0   0   0   1   0   0   0  2.21 0.48
  142 G   -2 -5 -3 -4 -5 -5 -5  7 -5 -7 -7 -4 -6 -6 -5 -2 -4 -5 -6 -6    1   0   0   0   0   0   0  98   0   0   0   0   0   0   0   2   0   0   0   0  2.21 0.48
  143 V    2 -2 -4 -4 -2 -2 -3 -3 -2  3  0 -2 -1 -3  0 -1  1 -4 -3  4   23   1   0   0   0   1   0   0   1  18   8   1   1   0   5   1   9   0   0  32  0.40 0.19
  144 K    3 -2  0 -1 -4 -1 -2  0 -3 -4 -4  3 -3 -5  5  0 -2 -5 -4 -3   31   0   5   4   0   1   1   5   0   0   0  21   0   0  28   3   1   0   0   0  0.71 0.25
  145 A    4 -4 -4 -5 -3 -3 -4 -3 -2 -2  1 -3  6  2 -4 -2 -2 -3  4 -2   39   0   0   0   0   0   0   0   0   0  10   0  25   9   0   1   1   0  14   0  0.73 0.29
  146 L   -4 -5 -6 -6 -4 -5 -5 -6 -5  2  6 -5  0 -2 -5 -5 -4 -4 -4 -1    0   0   0   0   0   0   0   0   0   7  91   0   0   0   0   0   0   0   0   2  1.48 0.40
  147 Q   -2  2  0 -2 -5  2 -1 -2 -3 -5 -5  7 -4 -6 -3 -1 -3 -5 -4 -5    2   7   4   2   0   7   1   2   0   0   0  71   0   0   0   4   0   0   0   0  1.20 0.36
  148 A    6 -4 -3 -4 -3 -3 -3 -1 -4 -4 -4 -3 -4 -5 -3  4 -2 -5 -4 -3   67   0   0   0   0   0   0   3   0   0   0   0   0   0   0  29   0   0   0   0  1.15 0.38
  149 I   -3 -4 -5 -5 -3 -4 -5 -6 -3  4  4 -5  1  3 -5 -4 -3  4 -1  0    0   0   0   0   0   0   0   0   0  33  40   0   1  16   0   0   0   5   1   3  0.85 0.26
  150 A    4 -2 -1 -3 -3 -1 -2  3  2 -4 -4 -1 -3 -3 -3  2 -1 -2  1 -3   40   1   3   0   0   3   0  23   6   0   0   2   0   0   0  16   1   0   5   0  0.54 0.22
  151 G    2 -4 -3 -3 -4 -3 -3  6 -4 -5 -5 -3 -4 -5 -2  2 -3 -5 -5 -4   19   0   0   0   0   0   1  62   0   0   0   0   0   0   1  16   0   0   0   0  1.19 0.33
  152 P   -3 -5 -5 -5 -6 -5 -4 -5 -5 -6 -6 -4 -6 -7  9 -4 -4 -7 -6 -2    1   0   0   0   0   0   0   0   0   0   0   0   0   0  96   0   0   0   0   3  2.96 0.59
  153 F   -4 -5 -6 -6 -3 -5 -5 -6 -4  1  4 -5 -1  7 -6 -5 -4 -2  0 -1    0   0   0   0   0   0   0   0   0   6  43   0   0  48   0   0   0   0   1   2  1.24 0.34
  154 S    1 -3 -3 -4 -4 -1 -3  1 -1 -5 -5 -2 -4 -4  7  0 -2 -5 -2 -4   12   1   0   0   0   2   0  11   2   0   0   2   0   0  59   8   1   0   1   0  1.38 0.34
  155 Q   -1 -1  0  3 -5  6  1  1  1 -5 -4 -1 -3 -5 -3 -1 -1 -5 -4 -4    5   1   4  21   0  40   8  12   3   0   0   1   0   0   0   2   3   0   0   0  0.74 0.27
  156 V    2 -4 -4 -5 -1 -4 -4 -4 -5  3  1 -4  0 -2 -4 -3 -1 -4 -3  4   18   0   0   0   1   0   0   0   0  21  13   0   2   0   0   0   3   0   0  42  0.63 0.23
  157 R   -2  6 -2 -3 -5  0 -2 -4 -2 -3 -3  3 -2 -2 -4  0  1 -5 -3 -2    2  51   0   0   0   2   0   0   0   1   2  20   1   1   0   7   8   0   1   3  0.85 0.28
  158 F   -5 -6 -6 -7 -6 -6 -7 -6 -4 -2 -2 -6 -3  9 -7 -6 -5 -2  0 -3    0   0   0   0   0   0   0   0   0   1   0   0   0  98   0   0   0   0   0   0  2.68 0.57
  159 C   -4 -7 -6 -7 12 -7 -7 -6 -7 -5 -5 -7 -5 -4 -6 -4 -4 -6 -4 -4    0   0   0   0  98   0   0   0   0   0   0   0   0   1   0   0   0   0   1   0  3.71 0.68
  160 P   -3 -5 -5 -5 -6 -5 -4 -5 -6 -6 -6 -4 -6 -7  9 -4 -4 -7 -6 -6    1   0   0   0   0   0   0   0   0   0   0   0   0   0  99   0   0   0   0   0  3.11 0.61
  161 T   -3 -4 -3 -4 -4 -4 -4 -5 -5 -4 -4 -4 -4 -5 -4 -1  8 -6 -5 -3    0   0   0   0   0   0   0   0   0   0   0   0   0   0   0   1  99   0   0   0  2.15 0.56
  162 G   -3 -5 -3 -4 -6 -5 -5  7 -5 -7 -7 -4 -6 -6 -5 -3 -5 -6 -6 -6    0   0   0   0   0   0   0 100   0   0   0   0   0   0   0   0   0   0   0   0  2.32 0.50
  163 G   -3 -5 -3 -4 -5 -5 -5  7 -5 -7 -7 -4 -6 -6 -5 -3 -4 -5 -6 -6    0   0   0   0   0   0   0  99   0   0   0   0   0   0   0   1   0   0   0   0  2.29 0.50
  164 I   -3 -6 -6 -6 -4 -5 -6 -6 -6  7 -1 -5 -1 -3 -5 -5 -3 -5 -4  4    0   0   0   0   0   0   0   0   0  72   1   0   0   0   0   0   0   0   0  27  1.53 0.40
  165 S   -1 -1  3  0 -3 -2 -2  1 -1 -4 -4 -1 -3 -4 -3  4  4 -5 -4 -3    0   2  12   3   0   1   0  12   1   0   0   2   0   0   0  37  30   0   0   0  0.67 0.27
  166 P    1 -2 -3 -3 -3  1  0 -3 -3 -2  2 -2 -1 -3  5 -1 -2 -4 -4 -1   16   1   0   0   0   7   8   1   0   1  22   0   1   0  34   2   1   0   0   5  0.61 0.22
  167 A    2 -1  0  2 -3  1  2  1 -1 -4 -3  2 -3 -4 -2  1 -1 -4 -3 -3   26   1   4  14   0   6  13   9   1   0   1  15   0   0   0   7   2   0   0   1  0.35 0.16
  168 N   -3 -2  7 -1 -4 -2 -3 -3 -2 -4 -4 -1 -4 -5 -4  2  3 -6 -4 -4    0   1  62   1   0   0   0   0   0   1   1   2   0   0   0  15  17   0   0   0  1.26 0.38
  169 Y    5 -4 -4 -4 -2 -3 -3 -3 -3 -1  0 -3  1  0 -3 -1 -2 -3  2  1   65   0   0   0   0   0   0   0   0   2   7   0   4   3   0   1   0   0   9   8  0.79 0.31
  170 R    2  2  0 -2 -4 -1 -1 -1  1 -3 -2  1 -1 -4  5 -1 -2 -5 -3 -2   18  15   4   2   0   2   2   4   3   1   4   7   1   0  32   2   1   0   0   1  0.57 0.19
  171 D   -1  0  1  5 -4  2  2 -3  0 -5 -5 -1 -4 -5 -3  1  0 -5 -4 -4    6   4   6  43   0   9  15   0   2   0   0   2   0   0   0   9   4   0   0   0  0.73 0.24
  172 Y   -5 -5 -5 -6 -5 -5 -5 -6 -2 -4 -4 -5 -4  4 -6 -5 -5  7  9 -3    0   0   0   0   0   0   0   0   0   0   0   0   0  13   0   0   0  14  73   1  2.32 0.52
  173 L   -4 -5 -6 -6 -4 -5 -5 -6 -4 -1  6 -4  2 -1 -5 -5 -3 -4 -2 -1    0   0   0   0   0   0   0   0   0   0  92   1   3   2   0   0   1   0   1   1  1.43 0.39
  174 A    5 -1 -1 -3 -2  0 -2  0 -2 -4 -4  0 -3 -4 -3  2 -1 -5 -4 -2   63   3   2   0   0   3   1   4   1   0   0   5   0   0   0  15   1   0   0   0  0.75 0.29
  175 L   -4 -4 -5 -5  0  0 -2 -6  0  0  6 -4  0  0 -5 -4 -3 -4 -3 -1    0   0   0   0   2   4   2   0   2   1  84   0   0   2   0   0   0   0   0   1  1.13 0.34
  176 K   -2 -3 -1  0 -5 -3 -1 -2 -4 -5 -5  2 -5 -6  7  1 -2 -6 -5 -5    3   0   3   6   0   0   4   2   0   0   0  12   0   0  61   9   1   0   0   0  1.48 0.36
  177 S   -3 -3  8 -2  1 -2 -3 -3 -2 -6 -6 -2 -5 -4 -2  0 -2 -6 -5 -5    2   0  82   0   3   1   0   1   0   0   0   2   0   1   2   7   0   0   0   0  1.76 0.46
  178 V   -3 -5 -6 -6 -4 -5 -5 -6 -6  1 -2 -5 -2 -4 -5 -4 -1 -6 -4  7    0   0   0   0   0   0   0   0   0   2   0   0   0   0   0   0   2   0   0  95  1.75 0.46
  179 L    1 -2 -3 -2 -2 -2 -3  1 -3  1  2 -1  2  0 -2 -1 -1 -3 -2  2   15   2   0   2   0   1   0  12   0   8  23   3   7   3   1   2   2   0   0  21  0.18 0.11
  180 C    0 -6 -6 -6 11 -6 -6 -5 -6 -4 -4 -6 -3 -6 -6 -3  0 -6 -5 -2    7   0   0   0  85   0   0   0   0   0   0   0   0   0   0   1   5   0   0   2  2.88 0.57
  181 I   -1 -4 -5 -6  1 -5 -5 -5 -6  2 -1 -5 -2 -3 -5 -4 -2 -5 -4  7    5   0   0   0   3   0   0   0   0   9   1   0   0   0   0   0   0   0   0  82  1.35 0.39
  182 G   -3 -5 -3 -4 -5 -5 -5  7 -5 -7 -7 -4 -6 -6 -5 -3 -4 -5 -6 -6    0   0   0   0   0   0   0 100   0   0   0   0   0   0   0   0   0   0   0   0  2.30 0.49
  183 G   -3 -5 -3 -4 -5 -5 -5  7 -5 -7 -7 -4 -6 -6 -5 -3 -4 -5 -6 -6    0   0   0   0   0   0   0 100   0   0   0   0   0   0   0   0   0   0   0   0  2.28 0.48
  184 S   -2 -4 -2 -3 -4 -3 -3 -3 -4 -5 -5 -3 -4 -5 -4  7  2 -6 -4 -4    0   0   0   0   0   0   0   0   0   0   0   0   0   0   0  86  14   0   0   0  1.55 0.46
  185 W   -6 -7 -8 -8 -6 -6 -7 -6 -6 -6 -5 -7 -5 -3 -8 -7 -6 13 -1 -7    0   0   0   0   0   0   0   0   0   0   0   0   0   0   0   0   0 100   0   0  4.69 0.78
  186 L   -3 -4 -5 -5 -3 -4 -5 -5 -5  3  4 -4  5 -2 -4 -4 -3 -4 -3  3    0   0   0   0   0   0   0   0   0  15  39   0  21   0   1   0   0   0   0  24  0.86 0.26
  187 V    3 -3 -3 -4  1 -3 -3 -3 -4  0  1 -3 -1 -2 -3 -1  3 -4 -3  2   33   0   0   0   3   0   0   0   0   2  15   0   0   1   0   1  26   0   0  19  0.49 0.22
  188 P   -3 -5 -4  0 -6 -3 -3 -5 -4 -6 -6 -3 -5 -7  8 -3 -3 -7 -6 -5    2   0   0   6   0   1   1   0   0   0   0   1   0   0  87   1   1   0   0   0  2.48 0.50
  189 A    3  1  0  0 -3  0  0  0 -2 -3 -3  4 -3 -4  1  0  0 -4 -3 -3   27   5   3   6   0   2   5   5   0   0   0  31   0   0   6   6   4   0   0   0  0.37 0.17
  190 D    1 -2  1  6 -4  0  2  0 -2 -4 -5  0 -4 -5 -2  0 -2 -5 -4 -4   14   0   5  46   0   4  12   6   0   0   0   4   0   0   1   8   1   0   0   0  0.72 0.23
  191 A    4 -2 -3 -1 -2 -2 -2 -3 -3 -1  3 -1  1 -2 -2 -1 -2  2 -3 -1   45   1   0   4   0   0   2   0   0   0  31   4   3   0   1   1   1   3   0   3  0.44 0.21
  192 L   -2 -4 -4 -5 -3 -4 -4 -5 -4  4  2 -4  3 -2 -4 -3 -1 -4 -3  5    1   0   0   0   0   0   0   0   0  29  17   0   7   0   0   1   2   0   0  42  0.78 0.24
  193 E    3  2 -1  0 -3  1  2 -2 -1 -3 -3  2 -1 -4 -2  0 -1 -2 -3 -2   34  12   2   5   0   6  14   1   1   0   1  15   1   0   0   2   2   0   0   1  0.35 0.16
  194 A    4 -1  2 -1 -3  1 -1 -1 -2 -3 -3  0 -2 -4 -2  1  0 -4 -3 -2   50   3  11   2   0   7   3   2   0   1   0   5   0   0   0  10   5   0   0   0  0.51 0.22
  195 G   -1  2 -1 -2 -3  0 -1  5 -2 -5 -5  2 -4 -5 -1 -1 -3 -4 -4 -4    1  10   1   0   0   4   3  56   0   0   0  17   0   0   3   2   0   0   0   0  0.87 0.26
  196 D   -1 -1  3  7 -5 -1  0 -3 -2 -5 -6 -1 -5 -6 -4 -2 -3 -6 -5 -5    5   3  12  70   0   2   4   0   0   0   0   3   0   0   0   1   0   0   0   0  1.38 0.36
  197 Y   -6 -5 -7 -7 -6 -5 -5 -6 -5 -6 -4 -6 -3  0 -3 -6 -5 12  2 -4    0   0   0   0   0   0   0   0   0   0   1   0   0   3   2   0   0  85   6   1  3.73 0.67
  198 D    4 -2  0  4 -3  1  0  0 -1 -4 -4 -1 -3 -4 -2  0 -1 -5 -4 -2   43   0   3  24   0   6   5   6   1   0   0   2   0   0   1   6   2   0   0   1  0.52 0.22
  199 R    1  4 -2 -2 -4  1  2  2  0 -3 -2  1 -3 -4 -3 -1 -1 -4 -3 -2   16  30   0   1   0   6  13  15   2   0   2   8   0   0   0   2   4   0   0   1  0.40 0.17
  200 I   -4 -6 -6 -6 -4 -5 -6 -6 -6  7 -1 -5 -1 -3 -5 -5 -3 -5 -4  3    0   0   0   0   0   0   0   0   0  83   0   0   0   0   0   0   0   0   0  16  1.67 0.43
  201 T   -2  0 -2 -2 -4  0  4 -3 -3 -3 -4 -2 -3 -5 -3  0  6 -5 -4 -3    1   6   0   0   0   3  28   0   0   1   0   0   0   0   0   4  56   0   0   0  0.98 0.35
  202 K    2  3 -1  1 -4  3  3 -2 -2 -4 -3  2 -3 -4 -3  0  0 -4 -3 -3   18  15   0   6   0  19  18   2   0   0   1  11   0   0   0   3   6   0   0   1  0.43 0.18
  203 L   -2  0 -5 -5  1 -4 -4 -5 -3  1  6 -3  0 -2 -5 -4 -3 -4 -3 -1    2   7   0   0   3   0   0   0   1   6  79   1   0   0   0   1   0   0   0   0  0.99 0.31
  204 A    6 -4 -4 -4  4 -3 -3 -2 -4 -4 -4 -3 -3 -5 -3  1  0 -5 -4 -2   79   0   0   0   9   0   0   0   0   0   0   0   0   0   0   6   5   0   0   0  1.19 0.37
  205 R    1  6 -2 -3 -4  2 -1 -3  1 -3 -4  3 -3 -2 -3 -1 -2 -4 -3 -3   12  46   0   0   0   9   1   1   3   1   0  20   0   2   0   3   1   0   0   1  0.76 0.26
  206 E    1  0 -2  1 -4  3  5 -2 -2 -4 -4  0 -3 -5 -3 -1  0 -5 -4 -3   15   4   0   6   0  13  50   1   0   1   0   2   0   0   0   2   5   0   0   0  0.72 0.26
  207 A    6 -4 -4 -4 -3 -3 -3 -2 -4 -4 -4 -3 -3 -5 -3  0 -1 -5 -4 -1   91   0   0   0   0   0   0   0   0   0   0   0   0   0   0   5   3   0   0   2  1.40 0.41
  208 V    2  0 -2 -3  2 -2 -2 -2 -3  0  1 -2  0 -2 -3  2  0 -4 -2  2   26   4   0   0   4   0   0   0   0   4  15   0   2   0   0  21   5   0   0  16  0.25 0.15
  209 E    4  0 -1  0 -3  3  2 -1 -2 -3 -3  0 -2 -4 -2  1 -1 -4 -3 -2   45   3   1   4   0  16  12   3   0   0   0   6   0   0   0   6   2   0   0   1  0.46 0.20
  210 G   -1 -3 -2 -4 -3 -1 -2  1 -2  0  5 -2  0 -1 -4 -2 -2 -3 -3 -1    5   0   2   0   0   3   2  12   1   1  68   3   0   1   0   3   0   0   0   0  0.58 0.23
  211 A    3  0 -2 -2 -2 -1 -2  1 -3  1 -1 -1 -1 -3  0  1 -1 -4 -3  1   40   5   1   0   0   1   0  12   0   8   4   2   0   0   4   8   0   0   0  14  0.25 0.12
  212 K   -1  5  0 -2 -4  1 -1 -3 -2 -4 -4  5 -3 -4 -3 -1 -2 -4 -3 -4    3  46   2   0   0   4   0   0   0   0   0  44   0   0   0   2   1   0   0   0  0.92 0.20
  213 L   -1 -3 -4 -4 -1 -2 -3 -4 -3  3  3 -3  2  0 -3 -2 -1 -2 -1  3    0   0   0   0   0   0   0   0   0  23  41   0   8   0   0   0   0   0   0  28  0.38 0.03

                      K         Lambda
Standard Ungapped    0.1346     0.3172
Standard Gapped      0.0635     0.2670
PSI Ungapped         0.2060     0.3150
PSI Gapped           0.0635     0.2670
