
Last position-specific scoring matrix computed, weighted observed percentages rounded down, information per position, and relative weight of gapless real matches to pseudocounts
           A  R  N  D  C  Q  E  G  H  I  L  K  M  F  P  S  T  W  Y  V   A   R   N   D   C   Q   E   G   H   I   L   K   M   F   P   S   T   W   Y   V
    1 M   -2 -3 -4 -5 -3 -2 -4 -5 -4  4  1 -3  8 -1 -4 -3 -2 -3 -3  2    0   0   0   0   0   0   0   0   0  25   3   0  60   0   0   0   0   0   0  13  1.00 0.22
    2 S   -1  0  1  0 -1  1  1 -2 -2 -2 -2  1  1 -3  1  2  2 -3 -2 -2    1   3   7   4   1   6   6   0   0   2   2  13   8   0   7  23  16   0   0   0  0.22 0.09
    3 T   -1  2  1 -2 -3  0  0 -2 -2 -2 -3  3 -2 -4  2  2  2 -4 -2 -2    2  10   9   0   0   0   2   0   0   2   0  31   0   0   8  15  19   0   1   0  0.40 0.14
    4 L   -3 -4 -3 -5 -4 -3 -4 -5 -4  1  3 -2  8 -2 -5 -3  0 -4 -3  0    0   0   1   0   0   0   0   0   0   8  27   2  52   0   0   1   5   0   0   4  1.15 0.35
    5 R   -2  4 -2 -2 -4  0 -2 -4 -1  1  0  4 -2 -3 -3 -1 -1 -4  0 -2    1  31   0   1   0   2   0   0   1   9   8  36   0   0   0   4   3   0   3   1  0.59 0.23
    6 L   -3 -4 -5 -5 -1 -4 -5 -5 -2  3  2 -4 -1  4 -5 -4 -2  1  6  1    1   0   0   0   1   0   0   0   0  22  17   0   0  18   0   0   2   2  30   8  0.79 0.26
    7 L   -3 -4 -5 -5 -3 -4 -5 -6 -4  5  3 -4  0  1 -5 -4 -2 -3  3  2    0   0   0   0   0   0   0   0   0  44  26   0   1   4   0   0   1   0  12  12  0.83 0.27
    8 I   -2 -1 -1  1 -2 -1  1 -3  0  2  0  0 -1  0 -1 -1 -1 -1  0  2    1   3   2  12   0   1  12   0   3  20   9   6   0   3   2   5   1   1   4  15  0.11 0.10
    9 S   -1 -3  6 -2 -4 -2 -3 -1 -1 -5 -4 -3 -1 -5 -2  5  0 -3 -4 -3    3   0  39   0   0   0   0   2   1   0   1   0   2   0   1  45   5   0   0   1  0.99 0.36
   10 D   -2 -1  2  4 -4  2  2 -2  1 -3 -3  2 -3 -4 -1  0  0 -4 -2 -3    1   2  12  24   0   8  16   2   3   1   3  14   0   0   2   5   7   0   1   0  0.42 0.17
   11 S   -1 -2  3 -2  1 -1  0 -2 -2  0 -3 -2 -3 -4 -3  5  0 -2 -3 -1    0   0  15   0   3   2   4   2   0   6   0   1   0   0   0  55   5   0   0   5  0.64 0.29
   12 Y   -3 -3  3 -2 -1 -2 -3 -4  5 -2 -1 -2 -3  1 -4 -1  4 -2  3 -1    0   0  18   1   1   0   0   0  14   1   4   1   0   6   0   1  36   0  12   3  0.63 0.28
   13 D   -4 -3  5  7 -6 -2 -1 -4 -2 -5 -6 -2 -5 -5 -4 -2 -3 -3 -1 -5    0   0  29  64   0   0   1   0   0   0   0   1   0   0   0   1   0   0   2   0  1.59 0.43
   14 P   -2 -5 -5 -5 -3 -1 -4 -5 -5  0 -5 -4 -5 -6  8 -4 -2 -7 -6 -4    3   0   0   0   1   2   0   0   0   5   0   0   0   0  87   0   1   0   0   0  2.50 0.55
   15 W    1  2 -4 -4 -3 -2 -2 -3  2 -3 -2 -2 -2  0 -4 -2  0  8  5 -3   11  14   0   0   0   1   2   1   4   1   3   1   0   3   0   2   6  24  26   0  0.92 0.29
   16 F   -3 -1 -4 -3 -4 -4 -3 -5 -1  2  1 -3  1  6 -4 -4 -3 -1  4 -1    1   3   0   1   0   0   1   0   1  14   9   1   3  45   0   0   1   0  16   3  0.90 0.28
   17 N   -5 -4  9 -2 -6 -3 -3 -4 -3 -7 -7 -3 -5 -6 -5 -3 -3 -7 -5 -6    0   0 100   0   0   0   0   0   0   0   0   0   0   0   0   0   0   0   0   0  2.61 0.62
   18 L   -4 -5 -6 -6 -4 -4 -5 -6 -2  2  6 -5  1  0 -5 -5 -3 -4 -3 -1    0   0   0   0   0   0   0   0   1   8  83   0   2   3   0   0   1   0   0   1  1.26 0.37
   19 A    7 -4 -4 -4 -3 -3 -4 -2 -4 -4 -4 -3 -4 -5 -4  0  0 -5 -5 -3   91   0   0   0   0   0   0   2   0   0   0   0   0   0   0   3   5   0   0   0  1.52 0.46
   20 V   -1 -4 -4 -4 -3 -3 -4 -4 -4  3  3 -3  3  2 -4 -3  1 -2 -2  3    3   0   0   0   0   1   0   1   0  15  32   0   8   9   0   0  10   0   0  20  0.47 0.19
   21 E   -4 -3 -3  0 -7 -1  8 -5 -3 -6 -6 -2 -5 -6 -4 -3 -4 -6 -5 -6    0   0   0   2   0   0  98   0   0   0   0   0   0   0   0   0   0   0   0   0  2.19 0.57
   22 E   -1 -3 -1  3 -6  1  6 -4 -3 -5 -4 -2 -4 -5 -4 -2 -1 -5 -2 -3    6   0   2  15   0   3  68   0   0   0   1   0   0   0   0   1   3   0   1   1  1.20 0.38
   23 C   -3 -5 -5 -6  5 -4 -4 -5  1 -3 -3 -5 -4  2 -6 -3 -2  6  8 -4    2   0   0   0  12   0   1   0   3   1   1   0   0   4   0   1   3  12  59   0  1.72 0.45
   24 I    1 -4 -5 -5  2 -4 -4 -4 -4  4  3 -4  1  0 -4 -3 -2 -4 -3  1   16   0   0   0   5   0   0   0   0  24  39   0   3   4   0   0   0   0   0   8  0.56 0.21
   25 F   -4 -4 -5 -6 -4 -3 -5 -5 -4 -1  4 -5  2  6 -5 -4 -1 -2  1 -1    0   0   0   0   0   1   0   0   0   1  42   0   4  43   0   0   3   0   3   3  1.07 0.32
   26 R   -3  5  2 -1 -5  1  1 -3  0 -4 -3  3 -2 -3 -3 -1 -1 -4 -2 -4    0  39  10   2   0   4   8   1   2   0   2  23   1   1   0   3   3   0   1   0  0.69 0.25
   27 Q   -2 -1  4 -1 -5  3  2 -3  6 -5 -3  0 -3 -2 -3  0 -1 -1  1 -4    2   1  22   1   0  17  15   0  22   0   1   5   0   1   0   4   4   1   4   0  0.67 0.26
   28 M   -1 -1 -3 -4  0 -2 -3 -4 -1  0  3  1  5  1 -4 -2 -1 -3 -2  1    3   2   0   0   2   0   1   1   1   4  32  11  23   7   0   1   2   0   0   8  0.41 0.19
   29 P    0 -2  1  4 -3 -1  0 -1 -1 -3 -2  0 -3 -3  4  0 -1 -4 -3 -2    6   1   6  24   0   2   5   3   1   0   5   5   0   1  26   8   4   0   0   2  0.50 0.16
   30 A    1 -1 -1  1 -2  0  1 -1  0  0 -1  1 -1 -2  3  0  0 -2 -2 -1   13   1   2   8   1   3  12   3   2   6   8   8   1   1  16   5   6   0   0   4  0.17 0.07
   31 T   -2 -1  3  4 -4  0  2  0 -1 -3 -4  2 -3 -4 -3  0  1 -5 -3 -3    1   1  18  24   0   3  16   7   1   1   1  12   0   0   0   4  10   0   1   1  0.46 0.18
   32 Q   -3 -1 -1  3 -5  4  5 -2  0 -4 -4  0 -3 -5 -3 -1 -1 -4 -2 -3    0   2   2  20   0  23  37   2   2   0   0   3   0   0   0   3   3   0   1   1  0.78 0.27
   33 R   -2  2 -1  2  2  0  1 -3  0 -1 -3  0 -2 -4  4  0  1 -4 -3 -1    1  15   1  11   6   4  10   1   2   4   1   3   1   0  20   8   8   0   0   5  0.34 0.14
   34 V   -3 -4 -4 -5  1 -4 -4 -4 -3  4  1 -4  0  1 -4 -3  0 -2  5  3    0   0   0   0   3   0   0   1   0  28  13   0   1   3   0   1   5   0  25  20  0.64 0.24
   35 L   -4 -5 -6 -6 -4 -5 -5 -6 -5  0  5 -5  1  5 -5 -5 -4 -3 -1  0    0   0   0   0   0   0   0   0   0   3  66   0   2  25   0   0   0   0   0   4  1.14 0.34
   36 F   -4 -4 -5 -5 -4 -4 -5 -5 -3  2  3 -4  3  5 -5 -3 -3 -2  5 -1    0   0   0   0   0   0   0   0   0  10  33   0   8  29   0   1   0   0  20   0  0.92 0.29
   37 L   -4 -5 -6 -6 -4 -5 -5 -6 -5  0  5 -5  0  5 -5 -5 -4 -3 -2 -2    0   0   0   0   0   0   0   0   0   3  71   0   1  25   0   0   0   0   0   0  1.27 0.36
   38 W   -6 -6 -6 -7 -6 -5 -6 -6 -4 -5 -5 -6 -5 -1 -7 -6 -5 12  7 -6    0   0   0   0   0   0   0   0   0   0   0   0   0   0   0   0   0  67  32   0  3.38 0.66
   39 R   -3  5 -3 -4 -5  5 -2 -5 -3  3 -3 -1 -2 -4 -4 -2 -3 -4 -1 -1    0  43   0   0   0  27   0   0   0  23   0   0   0   0   0   1   0   0   2   4  0.97 0.35
   40 N   -4 -3  8  2 -6 -3 -2 -3 -2 -6 -6 -3  0 -6 -5 -2 -3 -7 -5 -4    0   0  85   9   0   0   2   0   0   0   0   0   2   0   0   0   0   0   0   1  1.98 0.51
   41 A    2  1 -1  3 -1  2  4 -1 -1 -3 -4  1 -3 -4 -3  0 -1 -4 -3 -3   17   8   1  16   1   7  29   2   1   1   0   7   0   0   0   6   2   0   0   0  0.45 0.18
   42 D   -3 -1  3  2 -5 -2  0 -4  1 -5 -5  0 -5 -6  7 -2 -3 -6 -4 -5    0   4  15  11   0   0   5   0   4   0   0   5   0   0  55   0   0   0   0   0  1.39 0.35
   43 T    0 -4 -2 -3  5 -3 -3 -3 -4 -3 -4 -3 -3 -5 -3  4  5 -5 -4 -2    7   0   0   0  14   0   0   0   0   0   0   0   0   0   0  29  49   0   0   1  1.04 0.35
   44 V   -3 -5 -6 -6 -3 -5 -5 -6 -6  6 -1 -5 -1 -3 -5 -4 -3 -5 -4  6    0   0   0   0   0   0   0   0   0  45   0   0   0   0   0   0   0   0   0  55  1.38 0.38
   45 V   -3 -5 -5 -6 -3 -5 -5 -6 -6  5  0 -5 -1 -3 -5 -4 -3 -5 -4  5    0   0   0   0   0   0   0   0   0  42   3   0   0   0   0   0   0   0   0  54  1.29 0.36
   46 I   -4 -6 -6 -6 -4 -5 -6 -6 -6  7 -1 -5 -1 -3 -5 -5 -3 -5 -4  4    0   0   0   0   0   0   0   0   0  76   1   0   0   0   0   0   0   0   0  23  1.57 0.41
   47 G   -3 -5 -3 -4 -5 -5 -5  7 -5 -7 -7 -4 -6 -6 -5 -3 -4 -5 -6 -6    0   0   0   0   0   0   0 100   0   0   0   0   0   0   0   0   0   0   0   0  2.31 0.51
   48 R   -3  7 -3 -4 -6  0 -2 -5 -3 -6 -5  5 -4 -6 -4 -3 -3 -5 -4 -5    1  61   0   0   0   1   0   0   0   0   0  37   0   0   0   0   0   0   0   0  1.62 0.44
   49 A    1 -3  7 -2 -5 -2 -3 -3  5 -5 -5 -3 -4 -2 -4 -1 -3 -5  0 -5   15   0  62   0   0   0   0   0  16   0   0   0   0   1   0   3   0   0   3   0  1.37 0.41
   50 Q   -4 -2 -3 -4 -6  9 -1 -5 -3 -6 -6 -2 -4 -7 -5 -3 -4 -5 -5 -6    0   0   0   0   0 100   0   0   0   0   0   0   0   0   0   0   0   0   0   0  2.61 0.66
   51 N   -5 -4  9 -1 -6 -3 -3 -4 -2 -6 -7 -3 -5 -6 -5 -2 -3 -7 -5 -5    0   0  98   1   0   0   0   0   0   0   0   0   0   0   0   0   1   0   0   1  2.48 0.59
   52 P    1 -4 -3 -4  1 -3 -3 -4 -4 -3 -4 -3 -4 -5  6 -1  5 -5 -4 -2   15   0   0   0   3   0   0   0   0   1   0   0   0   0  36   1  44   0   0   1  1.21 0.38
   53 W   -3 -3 -6 -6 -4 -5 -5 -5 -3  3  1 -5 -1  1 -6 -4 -4 10  2  0    2   1   0   0   0   0   0   0   1  20  13   0   1   4   0   0   0  46   6   6  1.69 0.40
   54 K   -1  0 -2 -1 -5  2  4 -3 -2 -5 -5  5 -3 -5 -3  1 -1 -5 -4 -3    4   3   0   1   0   7  34   1   0   0   0  39   0   0   0   9   2   0   0   1  0.81 0.29
   55 E   -4 -3 -3 -1 -7 -1  8 -5 -3 -6 -6 -2 -5 -6 -4 -3 -4 -6 -5 -6    0   0   0   0   0   0 100   0   0   0   0   0   0   0   0   0   0   0   0   0  2.24 0.57
   56 C   -3 -6 -6 -6  9 -5 -6 -6 -6  5 -1 -5 -2 -3 -5 -4 -3 -5 -4  2    0   0   0   0  42   0   0   0   0  44   1   0   0   0   0   0   0   0   0  12  1.67 0.42
   57 N   -3  2  8  1 -5 -2 -3 -3  2 -6 -5 -1 -5 -3 -5 -2 -3 -6 -4 -5    1   9  73   6   0   1   0   0   4   0   1   3   0   1   0   1   0   0   0   0  1.53 0.43
   58 T   -1 -1 -2 -2  1  1 -1 -3  0  0  1  0  1  0 -2 -1  3 -3 -1  0    5   3   0   1   4   8   3   0   3   6  16   7   5   4   0   2  27   0   1   7  0.17 0.13
   59 R   -1  3  0  3 -4  1  3 -2 -1 -4 -4  1 -3 -5  0  0  0 -5 -4 -4    5  20   4  22   0   6  20   2   0   0   0   7   0   0   5   4   4   0   0   0  0.49 0.18
   60 R    0  3 -1 -3 -4 -1 -1 -4 -1 -3 -1  1 -3  3 -4 -2 -3 -1  6 -3    9  17   2   1   0   2   4   0   0   0   5   8   0  13   0   1   0   0  38   0  0.71 0.27
   61 M   -3 -4 -5 -5 -1 -4 -4 -5 -4  2  2 -4  6 -1 -4 -2 -1 -4 -3  4    0   0   0   0   1   0   0   0   0  12  19   0  27   1   0   2   4   0   0  34  0.81 0.28
   62 E   -1  2  0  3 -5  1  5 -3 -1 -4 -5  2 -4 -5 -3 -1 -2 -5 -4 -4    3  10   3  15   0   4  45   0   1   1   0  16   0   0   0   2   0   0   0   0  0.78 0.27
   63 E    0  1 -1  1 -5  3  5 -3 -2 -5 -4  2 -3 -5 -3  0 -1 -5 -4 -4    8   6   2   6   0  15  45   1   0   0   0  10   0   0   0   5   2   0   0   0  0.73 0.27
   64 D   -2 -1  4  4 -5 -1  1 -3  5 -5 -4  0 -4 -4 -4 -1 -1 -5 -2 -4    3   3  24  29   0   1   7   1  19   0   1   5   0   0   0   3   3   0   0   0  0.78 0.27
   65 N   -2 -2  4  0 -5 -1 -2  5  1 -6 -6  0 -4 -5 -4 -1 -3 -5 -4 -5    0   1  22   5   0   2   1  55   4   0   0   7   0   0   0   1   0   0   0   0  1.04 0.31
   66 V   -3 -5 -5 -5 -2 -5 -5  1 -5  6  0 -5 -1 -3 -5 -4 -2 -5 -4  4    0   0   0   0   1   0   0  13   0  55   4   0   0   0   0   0   0   0   0  26  1.00 0.33
   67 R   -2  2  0  0 -4  0 -1 -3  5 -2 -3  3 -3 -2  2 -1  0 -1  1 -2    1  10   5   5   0   3   1   0  20   3   2  24   0   2  11   1   6   1   5   2  0.42 0.19
   68 L   -3 -5 -5 -6 -3 -4 -5 -6 -5  1  4 -5  0  2 -5 -4 -3 -1 -2  5    0   0   0   0   0   0   0   0   0   4  40   0   0   8   0   0   0   1   0  47  0.92 0.30
   69 A    4 -4 -4 -5 -2 -3 -4 -4 -5  2 -1 -4 -2 -3 -4 -2 -1 -5 -3  5   37   0   0   0   0   1   0   0   0   7   3   0   0   0   0   1   2   0   0  50  0.83 0.31
   70 R   -5  8 -4 -5 -7 -2 -3 -6 -3 -6 -5 -1 -5 -6 -5 -4 -4 -6 -5 -6    0 100   0   0   0   0   0   0   0   0   0   0   0   0   0   0   0   0   0   0  2.48 0.59
   71 R   -5  8 -4 -5 -7 -2 -3 -6 -3 -6 -5 -1 -5 -6 -5 -4 -4 -6 -5 -6    0 100   0   0   0   0   0   0   0   0   0   0   0   0   0   0   0   0   0   0  2.48 0.59
   72 S   -2  1 -2 -3 -3  1 -2 -4  0  2  3 -1  2  0 -3  1 -1 -3  0  0    0   8   1   0   0   7   0   0   2  11  38   2   5   3   0  14   3   0   3   3  0.27 0.16
   73 S   -2 -4 -2 -3 -4 -3 -3 -3 -4 -5 -5 -3 -4 -5 -4  7  3 -6 -5 -4    0   0   0   0   0   0   0   0   0   0   0   0   0   0   0  85  14   0   0   0  1.57 0.49
   74 G   -3 -5 -3 -4 -5 -5 -5  7 -5 -7 -7 -4 -6 -6 -5 -3 -4 -5 -6 -6    0   0   0   0   0   0   0  99   0   0   0   0   0   0   0   1   0   0   0   0  2.29 0.51
   75 G   -3 -5 -3 -4 -6 -5 -5  7 -5 -7 -7 -4 -6 -6 -5 -3 -5 -6 -6 -6    0   0   0   0   0   0   0 100   0   0   0   0   0   0   0   0   0   0   0   0  2.33 0.52
   76 G   -3 -5 -3 -4 -5 -5 -5  7 -5 -7 -7 -4 -6 -6 -5 -3 -4 -5 -6 -6    0   0   0   0   0   0   0  99   0   0   0   0   0   0   0   1   0   0   0   0  2.29 0.51
   77 A    6 -4 -4 -4 -1 -3 -4 -3 -4 -4 -4 -3 -4 -5 -3 -1  1 -5 -4 -3   88   0   0   0   1   0   0   0   0   0   0   0   0   0   0   1  10   0   0   0  1.47 0.45
   78 V   -3 -5 -6 -6 -4 -5 -5 -6 -6  1 -2 -5 -2 -4 -5 -4 -3 -6 -4  7    0   0   0   0   0   0   0   0   0   2   0   0   0   0   0   0   0   0   0  96  1.81 0.49
   79 F   -5 -5 -5 -6 -5 -5 -5 -6 -2 -4 -3 -5 -3  6 -6 -5 -5 -1  8 -4    0   0   0   0   0   0   0   0   0   0   0   0   0  35   0   0   0   0  64   0  2.19 0.51
   80 H   -5 -3  0 -4 -6  2 -3 -5 10 -6 -6 -3 -5 -5 -5 -4 -5 -5 -2 -6    0   0   4   0   0  11   0   0  85   0   0   0   0   0   0   0   0   0   0   0  2.72 0.60
   81 D   -5 -5 -2  8 -7 -3 -1 -4 -4 -6 -7 -4 -6 -7 -5 -3 -4 -8 -6 -6    0   0   0 100   0   0   0   0   0   0   0   0   0   0   0   0   0   0   0   0  2.54 0.58
   82 L   -3 -3 -4 -5 -4 -2 -1 -5 -1 -1  5 -3  2  0 -3 -4 -2 -2 -1 -2    0   1   1   0   0   1   4   0   2   0  78   1   3   4   1   0   2   0   1   0  0.96 0.32
   83 G   -3 -5  1 -4 -5 -2 -3  7 -5 -7 -7 -4 -5 -6 -5 -2 -4 -5 -6 -6    0   0   6   0   0   2   1  90   0   0   0   0   0   0   0   1   0   0   0   0  1.98 0.50
   84 N   -5 -4  9 -2 -6 -3 -4 -4 -3 -6 -7 -3 -5 -6 -5 -3 -3 -7 -5 -4    0   0  98   0   0   0   0   0   0   0   0   0   0   0   0   0   1   0   0   1  2.56 0.65
   85 T   -3 -4 -4 -5  0 -4 -4 -5 -3  0  4 -4  0 -1 -4 -1  4 -4 -3  0    0   0   0   0   2   0   0   0   1   4  55   0   0   2   0   5  27   0   0   5  0.76 0.31
   86 C   -4 -4  8 -2  7 -3 -4 -4 -2 -4 -6 -4 -5 -6 -5 -1 -3 -6 -5 -4    0   0  73   0  21   0   0   0   0   1   0   0   0   0   0   4   0   0   0   1  1.95 0.54
   87 F   -5 -6 -6 -7 -6 -6 -6 -6 -4 -3 -3 -6 -3  9 -7 -5 -5 -2  4 -4    0   0   0   0   0   0   0   0   0   0   0   0   0  87   0   0   0   0  13   0  2.48 0.59
   88 T   -2 -4 -2 -3  2 -3 -3 -4 -4 -3 -4 -3 -4 -5 -4  4  6 -5 -4 -3    0   0   0   0   4   0   0   0   0   1   0   0   0   0   0  36  59   0   0   0  1.35 0.47
   89 F   -5 -6 -6 -7 -5 -6 -6 -6 -4  3 -2 -6  0  8 -6 -5 -5 -2  0 -2    0   0   0   0   0   0   0   0   0  15   1   0   2  80   0   0   0   0   0   2  2.06 0.52
   90 M   -3 -4 -5 -5 -2 -4 -5 -6  3  5  2 -4  5 -1 -5 -4 -3 -4 -3  1    1   0   0   0   1   0   0   0   7  46  20   0  18   1   0   0   1   0   0   6  0.94 0.33
   91 A    2 -3 -2 -3 -2 -1 -2 -2 -3 -1  0 -1  2 -3 -3  2  3 -4 -3  2   23   0   1   0   0   2   2   1   0   1   7   2   8   0   0  15  22   0   0  16  0.34 0.21
   92 G   -2 -1  2  1 -3 -1 -2  4 -2 -5 -5  1 -4 -5  3  0 -1 -5 -4 -4    1   3  10   8   0   1   1  39   1   0   0   9   0   0  17   7   2   0   0   0  0.67 0.24
   93 K   -1  3  2  1 -5  1  1 -3  0 -4 -4  4 -3 -4 -2 -1 -1 -5 -3 -3    3  16  12   8   0   4   9   1   2   0   0  37   0   1   1   1   2   0   0   1  0.57 0.24
   94 P    0 -1  0  1 -2  0  2 -1 -1 -4 -3  1 -3 -4  4  3  0 -5 -4 -3    7   2   3   8   0   2  13   2   1   0   2   7   0   0  18  28   5   0   0   0  0.44 0.20
   95 E   -1 -2  0  2 -4 -1  3 -1  0 -2 -1 -1 -1  4 -3  0 -1 -3  0 -2    3   0   5  14   0   1  23   6   2   1   5   3   1  24   0   8   3   0   1   1  0.33 0.19
   96 Y   -3 -1  1 -3 -5 -1 -3 -3  4 -2 -2 -3 -2  4 -5 -2 -3 -1  7 -2    1   4   8   1   0   3   1   1  11   1   4   0   0  19   0   3   0   0  41   1  0.95 0.34
   97 D   -4 -4  5  7 -6 -2 -1 -3 -2 -6 -6 -3 -5 -6 -4  0 -3 -7 -5 -6    0   0  29  64   0   1   1   0   1   0   0   1   0   0   0   5   0   0   0   0  1.66 0.48
   98 K   -4  1 -4 -5 -5 -1 -3 -5 -3 -1  1  3 -1  6 -5 -4 -4 -2  1 -1    0   9   0   0   0   2   0   0   0   2  11  24   1  46   0   0   0   0   3   3  0.90 0.34
   99 T    0  1  0  1 -4  1  2 -2  3 -3 -3  3 -2 -3 -2  1  1 -4 -3 -3    8   6   3   7   0   4  13   1   8   1   1  25   0   0   0  12  10   0   0   0  0.34 0.18
  100 I    0  3 -2 -3 -3 -1 -1 -3 -2  1 -2  4  0 -1 -3  0  1 -4 -3  1    6  15   0   0   0   0   3   0   1   8   2  34   3   2   0   5   8   0   0  13  0.34 0.19
  101 S   -3 -3  2 -3 -4  3 -3 -4 -1 -3 -2 -3 -2  6 -4  2  1 -2  2 -3    0   0  10   0   0  16   0   0   1   0   1   0   0  40   0  18   8   0   5   1  0.74 0.31
  102 T    0 -3  0 -3  1 -3 -3 -2 -3 -2  1 -3 -1 -1 -3  1  5 -4 -1 -1    7   0   3   0   3   0   0   2   0   1  12   0   1   3   0  12  51   0   2   4  0.61 0.29
  103 S    0  1  0  0 -4  4  3 -1  0 -2 -3  2 -1 -4 -3  0 -1 -4 -2 -2    6   5   5   3   0  28  18   5   1   3   0  15   2   0   0   4   2   0   1   2  0.42 0.20
  104 I   -3 -5 -5 -5 -4 -4 -4 -5 -5  4 -1 -4 -2 -4  6 -4 -3 -6 -4  3    0   0   0   0   0   0   0   0   0  30   3   0   0   0  47   0   0   0   0  20  1.39 0.40
  105 V   -3 -5 -6 -6 -3 -5 -5 -6 -6  6  0 -5 -1 -3 -5 -4 -3 -5 -4  5    0   0   0   0   0   0   0   0   0  52   4   0   0   0   0   0   0   0   0  43  1.32 0.40
  106 L   -2 -4 -5 -5  0 -3 -5 -5 -5  5  3 -4  1 -2 -5 -4 -1 -4 -3  3    1   0   0   0   2   1   0   0   0  34  36   0   2   0   0   0   3   0   0  21  0.78 0.27
  107 N    0  2  3  3 -3  2  2 -1 -1 -4 -4  2 -3 -4 -3  0 -1 -1 -2 -4    8  14  17  21   0   8  12   3   0   0   0  11   0   0   0   3   1   1   1   0  0.45 0.19
  108 A    6 -4 -4 -4  0 -3 -3  1 -4 -3 -3 -3 -2 -3 -3  0  0 -5 -4  1   69   0   0   0   2   0   0   9   0   0   1   0   1   0   0   4   6   0   0   8  0.91 0.35
  109 L   -3 -5 -6 -6 -1 -5 -5 -6 -5  1  6 -5  1 -1 -5 -5 -3 -4 -3  3    0   0   0   0   1   0   0   0   0   3  76   0   2   1   0   0   0   0   0  17  1.17 0.37
  110 N    1  3  2 -1 -4  2  1 -1  2 -4 -3  3 -3 -4 -3 -1 -2 -4 -3 -4   14  21  13   1   0   9   7   4   6   0   1  20   0   0   0   3   1   0   0   0  0.45 0.20
  111 A    0  1  1  0 -3  1  1 -2 -2 -3 -3  3 -1 -3 -2  3  1 -4 -3 -3    7   6   6   5   0   5   6   1   0   1   1  26   1   1   1  25   7   0   0   0  0.35 0.18
  112 L   -3 -4 -5 -6 -3 -4 -5 -6 -3  1  5 -3  4  1 -5 -4 -3 -3  0 -1    1   0   0   0   0   0   0   0   1   5  71   1  11   6   0   0   0   0   3   2  1.04 0.34
  113 G   -3 -4  0 -1 -5 -4 -4  7 -3 -5 -6 -4 -5 -6 -5 -2 -4 -5 -6 -6    0   0   4   3   0   0   0  90   0   1   0   0   0   0   0   1   0   0   0   0  1.91 0.48
  114 V   -1 -5 -5 -5 -3 -4 -4 -5 -5  5  0 -5 -1 -2 -5 -4 -2 -5 -3  5    3   0   0   0   0   0   1   0   0  38   6   0   1   1   0   0   1   0   0  50  1.07 0.35
  115 S   -2 -1  3  2 -4  1  2 -2  2 -3 -4  3 -2 -4  1  0  1 -5 -2 -3    1   1  18  13   0   4  14   1   5   1   0  21   1   0   6   4   9   0   1   1  0.42 0.19
  116 A    7 -4 -4 -5  1 -4 -4 -1 -4 -4 -4 -4 -4 -5 -3 -1 -2 -5 -5 -2   90   0   0   0   3   0   0   3   0   0   0   0   0   0   0   1   1   0   0   1  1.50 0.48
  117 E   -2 -2 -1  0 -5  2  6 -4  0 -3 -4  0 -3 -2 -3  0 -1 -5 -2 -1    1   1   2   3   0   7  58   0   2   1   0   5   0   2   0   6   4   0   1   5  0.80 0.31
  118 A    2 -2 -4 -4 -3 -3 -3 -4 -3  0  3  0  1  5 -2 -2 -2 -3 -1  1   20   1   0   0   0   0   0   0   0   2  29   6   3  26   2   1   0   0   0   9  0.44 0.22
  119 S   -1 -2  3 -2 -4 -1 -1 -3 -3 -4 -4  0 -4 -5 -3  5  3 -5 -4 -4    1   1  14   0   0   1   3   0   0   0   0   4   0   0   0  57  18   0   0   0  0.93 0.37
  120 G   -2 -5 -3  0 -5 -4 -3  7 -5 -7 -6 -4 -5 -6 -5 -2 -3 -5 -6 -6    1   0   0   6   0   0   1  90   0   0   0   0   0   0   0   2   1   0   0   0  1.93 0.49
  121 R   -5  8 -4 -5 -7 -2 -3 -6 -3 -6 -5 -1 -5 -6 -5 -4 -4 -6 -5 -6    0 100   0   0   0   0   0   0   0   0   0   0   0   0   0   0   0   0   0   0  2.53 0.63
  122 N   -5 -4  9 -2 -6 -3 -4 -4 -3 -7 -7 -3 -6 -6 -5 -3 -3 -7 -6 -6    0   0 100   0   0   0   0   0   0   0   0   0   0   0   0   0   0   0   0   0  2.65 0.66
  123 D   -5 -5 -2  8 -7 -3 -1 -5 -4 -7 -7 -4 -6 -7 -5 -3 -4 -8 -6 -7    0   0   0 100   0   0   0   0   0   0   0   0   0   0   0   0   0   0   0   0  2.59 0.63
  124 L   -4 -5 -6 -6 -3 -5 -5 -6 -5  5  4 -5  1 -2 -5 -5 -3 -4 -3  1    0   0   0   0   0   0   0   0   0  44  50   0   2   0   0   0   0   0   0   3  1.15 0.36
  125 V   -1 -3 -3 -3  4  1  0 -4 -2  1  2 -3  0 -2 -3 -2  2 -4 -3  3    3   0   0   0   9   8   8   0   1   5  23   0   1   1   0   0  16   0   0  24  0.33 0.19
  126 V    0 -5 -5 -5 -1 -4 -5 -5 -5  5  0 -4 -1 -2 -4 -4 -1 -5 -3  5    6   0   0   0   1   0   0   0   0  40   4   0   1   0   0   0   2   0   0  45  0.96 0.32
  127 K   -1  0  2  5 -3  1  2 -1 -1 -3 -3  0 -2 -3 -1 -1 -2 -3 -3 -3    5   4  10  38   0   5  15   5   1   2   2   6   1   1   2   2   1   0   1   1  0.52 0.17
  128 T   -1 -2 -1 -1 -2 -2 -1  5 -2 -3 -2 -2 -2 -2 -2 -1  2 -3 -3 -2    3   2   2   3   1   1   4  54   1   1   3   1   1   1   1   3  14   0   1   3  0.66 0.19
  129 V    0  0  0  0  0  0  1  0  0 -1  0  0  0 -1  2  0  0 -1  0  0   11   4   5   6   2   3   9   7   2   4   8   4   3   3   9   5   5   1   3   5  0.05 0.01
  130 E    0  0  0  2 -1  1  1  0  0 -1 -1  0 -1 -1  0  0  0 -1 -1 -1    7   5   4  13   1   5  11   7   2   4   7   6   2   3   4   6   4   1   2   5  0.06 0.01
  131 G    0 -1  0  0  0 -1  0  4 -1 -1 -1 -1  0 -1 -1  0 -1 -1 -1 -1    5   3   3   5   2   3   5  37   1   4   6   3   2   3   3   5   3   1   2   4  0.22 0.04
  132 D    0  0  0  2 -1  0  1  0 -1 -1 -1  0 -1 -1  1  0  0 -1 -1  0    6   3   5  13   1   4  14   9   1   4   6   6   2   2   6   5   4   1   2   7  0.08 0.02
  133 R   -2  6 -2 -2 -5  1 -1 -3 -2 -3 -3  5 -2 -1 -3 -2 -3 -4 -3 -4    3  43   0   1   0   5   2   1   0   1   1  35   1   3   0   0   0   0   0   0  0.92 0.31
  134 K   -4 -1 -3 -4 -6 -2 -2 -5  1 -6 -6  8 -4 -6 -4 -3 -4 -6 -2 -5    0   0   0   0   0   0   0   0   3   0   0  96   0   0   0   0   0   0   1   0  2.06 0.58
  135 V   -4 -5 -6 -6  0 -5 -6 -6 -5  5 -1 -5 -2  6 -5 -5 -3 -3 -1  3    0   0   0   0   2   0   0   0   0  40   0   0   0  39   0   0   0   0   0  19  1.23 0.38
  136 S   -2 -4 -2 -3  4 -3 -3 -3 -4 -3 -5 -3 -4 -5 -4  7 -1 -6 -5 -4    0   0   0   0   8   0   0   0   0   2   0   0   0   0   0  89   1   0   0   0  1.66 0.54
  137 G   -3 -3 -3 -4 -2 -5 -5  7 -5 -7 -7 -4 -6 -6 -5 -3 -4 -5 -6 -6    0   1   0   0   1   0   0  97   0   0   0   0   0   0   0   0   0   0   0   0  2.22 0.53
  138 S   -1 -3  7 -2 -4 -3 -3 -3  0 -4 -5 -3 -4 -5 -4  4  0 -6 -4 -4    3   0  56   0   0   0   0   0   1   1   0   0   0   0   0  34   4   0   0   1  1.32 0.44
  139 A    7 -4 -4 -5 -3 -4 -4 -3 -5 -4 -4 -4 -4 -5 -4  0 -3 -6 -5 -3   95   0   0   0   0   0   0   0   0   0   0   0   0   0   0   5   0   0   0   0  1.72 0.53
  140 Y   -4 -3 -4 -4 -5  6 -2 -5 -2 -4 -3 -3  4  4 -5 -4 -4 -2  6 -4    0   0   0   0   0  36   0   0   0   0   0   0  10  18   0   0   0   0  34   0  1.34 0.45
  141 R   -1  3 -3 -4  2  0 -3 -4  0 -3 -3  2 -3  3 -4 -1 -3 -2  6 -2    5  18   0   0   4   3   0   0   2   0   0  16   0  14   0   4   0   0  30   3  0.65 0.27
  142 E    0  0 -1 -2 -3  1  2 -3  0  1 -1  1 -1  1 -3  1  0 -3  1  0    8   3   1   0   0   4  21   0   2  11   4   9   1   6   0  11   4   0   7   8  0.14 0.11
  143 T    0 -1 -1 -2 -3 -1 -1 -1  0 -1 -2  0 -2 -1 -3  1  4  1  2  1    4   3   1   1   0   2   3   4   2   3   1   7   0   1   0   7  37   2   9  10  0.30 0.19
  144 K   -1  2  3 -1 -4  1  0  1  0 -4 -3  4 -1 -4  0  0 -1 -4 -3 -3    4   8  14   2   0   5   2  11   2   0   3  38   2   0   4   4   2   0   0   1  0.43 0.20
  145 D   -2 -2  2  5 -5 -1  0  4 -2 -5 -5  1 -4 -4 -3 -1 -2 -5 -5 -5    1   1  12  34   0   1   3  34   0   0   0  10   0   0   0   2   1   0   0   0  0.82 0.28
  146 R   -2  7 -1 -4  0 -2 -3 -3 -1 -4 -5  3 -4 -3 -5 -2 -3 -5 -2 -3    3  72   2   0   2   0   0   2   1   0   0  13   0   1   0   1   0   0   1   1  1.41 0.43
  147 G    2 -3 -2 -4  3 -2 -3  2 -3  1  0 -3  5 -2 -4 -1 -1 -4 -2  1   19   1   1   0   7   1   0  17   0  10   5   0  22   1   0   3   2   0   1  11  0.36 0.20
  148 F   -4 -4 -5 -6 -1 -4 -5 -5 -3 -1  2 -5  4  6 -5 -4 -2 -1  5 -2    0   0   0   0   1   0   0   0   0   1  20   0  10  41   0   0   2   0  23   2  1.14 0.35
  149 H   -1 -3 -2 -4 -2 -1 -3 -5 10 -4 -6 -4 -4 -4 -5  2 -3 -5 -1 -5    4   0   1   0   1   2   0   0  70   1   0   0   0   0   0  19   1   0   0   0  2.06 0.55
  150 H   -5 -4 -2 -3 -7 -3 -4 -6 11 -7 -7 -4 -5 -5 -6 -4 -5 -6 -2 -7    0   0   1   1   0   0   0   0  98   0   0   0   0   0   0   0   0   0   0   0  3.42 0.75
  151 G   -3 -5 -3 -4 -6 -5 -5  7 -5 -7 -7 -5 -6 -6 -5 -3 -5 -6 -6 -6    0   0   0   0   0   0   0 100   0   0   0   0   0   0   0   0   0   0   0   0  2.36 0.56
  152 T   -3 -4 -3 -4  4 -4 -4 -5 -5 -4 -4 -4 -4 -5 -4 -1  8 -6 -5 -3    0   0   0   0   8   0   0   0   0   0   0   0   0   0   0   2  90   0   0   0  1.92 0.57
  153 L   -4 -4 -6 -6 -3 -4 -5 -6 -5  3  5 -5  4 -1 -5 -5 -3 -4 -3  0    0   0   0   0   0   0   0   0   0  17  65   0  13   2   0   0   0   0   0   3  1.11 0.35
  154 L   -4 -5 -6 -6 -4 -4 -5 -6 -5 -1  6 -5  6 -2 -6 -5 -4 -4 -4 -2    0   0   0   0   0   0   0   0   0   0  80   0  20   0   0   0   0   0   0   0  1.52 0.45
  155 L   -3 -5 -5 -5 -4 -5 -5 -5 -4  3  3 -5  0  6 -5 -4 -3 -2  1  1    0   0   0   0   0   0   0   0   0  21  28   0   2  36   0   0   0   0   3  10  0.90 0.29
  156 N   -2 -3  5  5 -5 -1 -1 -3  1 -5 -6 -2 -5 -5 -4  2 -2 -6 -4 -5    1   0  35  39   0   1   1   0   3   0   0   0   0   0   0  18   1   0   0   0  1.13 0.37
  157 A    3 -3 -3 -3 -1 -3 -3 -3 -4 -1 -1 -3 -2 -3 -3  3  2 -5 -3  3   24   0   0   0   1   0   0   0   0   2   4   0   0   0   0  30  14   0   0  25  0.52 0.26
  158 D   -3  1  4  6 -6  0  2 -4 -2 -6 -6 -1 -5 -6 -4 -2 -3 -6 -5 -5    1   9  19  54   0   2  12   0   0   0   0   2   0   0   0   0   0   0   0   0  1.21 0.37
  159 L   -3 -3 -5 -5 -3 -3 -4 -4 -4  3  4 -1  4  0 -4 -3 -1 -4 -3  0    1   1   0   0   0   0   0   1   0  15  54   5  13   3   0   0   4   0   0   3  0.72 0.27
  160 S   -1 -2  2  3 -4  0  3  0 -1 -4 -4 -1 -3 -5 -2  3  1 -5 -4 -3    3   0  11  20   0   2  22   7   1   0   0   1   0   0   1  23   7   0   0   2  0.50 0.22
  161 R   -1  3  2  1 -3  0  2 -3  1 -2 -2  1 -1 -3 -2  0  1 -4 -2  1    5  21  11   6   0   1  13   0   4   1   1  10   2   0   0   4   8   0   1  12  0.25 0.15
  162 L   -3 -4 -5 -6 -3 -4 -5 -6 -5  0  5 -5  3 -2 -5 -4 -3 -4 -3  3    1   0   0   0   0   0   0   0   0   2  65   0   7   0   0   0   0   0   0  24  1.07 0.35
  163 A    3 -2 -1 -2 -3  1 -1  2 -3 -2 -3 -2 -2 -4 -2  2  0 -4 -3  2   27   1   1   0   0   6   3  15   0   0   0   1   0   0   1  21   5   0   0  17  0.33 0.19
  164 N   -1  1  4  3 -4  1  0 -1 -1 -4 -4  3 -3 -4 -3  1 -1 -5 -2 -4    5   7  22  18   0   4   4   4   1   0   1  20   0   0   0  10   1   0   1   0  0.45 0.19
  165 Y    4 -4 -4 -5 -3 -3 -4 -3 -2 -2 -1 -4 -3  0 -4 -1 -3 -2  7 -1   43   0   0   0   0   0   0   0   0   1   7   0   0   2   0   4   0   0  39   3  0.98 0.37
  166 L   -4 -5 -6 -7 -4 -5 -6 -7 -6 -1  7 -5 -1 -2 -6 -5 -4 -4 -4 -2    0   0   0   0   0   0   0   0   0   0 100   0   0   0   0   0   0   0   0   0  1.78 0.50
  167 N   -2  2  5 -2 -2  1 -1 -2  1 -5 -5  4 -4 -5 -4 -1  1 -5 -3 -4    2  11  37   0   1   6   1   1   3   0   0  28   0   0   0   0   9   0   0   0  0.79 0.31
  168 P   -2 -5 -3 -5 -4 -4 -4 -5 -5 -1 -2 -4 -3 -4  6 -1 -2 -6 -4  5    1   0   1   0   0   0   0   0   0   0   1   0   0   0  38   4   1   0   0  54  1.34 0.42
  169 D   -2  1  3  4 -4 -2 -1 -2  0 -5 -5  2 -4 -5 -1  3 -2 -5 -4 -4    1   8  16  28   0   0   0   1   2   0   0  17   0   0   2  24   0   0   0   0  0.65 0.27
  170 K   -1  1 -2 -1 -5  0  0 -4 -3 -3 -3  5 -1 -3  4 -1 -2 -5 -3 -2    3   4   1   2   0   3   4   0   0   1   2  50   2   1  21   2   1   0   0   3  0.80 0.30
  171 K    0 -1 -2  4 -4  0  4 -3 -2 -1 -2  3 -3 -4 -2 -1 -2 -5 -4 -3    7   1   0  28   0   1  26   0   1   5   4  23   0   0   1   3   0   0   0   1  0.58 0.25
  172 K   -4 -1 -3 -4 -6 -2 -2 -4 -4 -6 -5  8 -4 -6 -4 -1  0 -6 -5 -5    0   0   0   0   0   0   0   1   0   0   0  91   0   0   0   3   5   0   0   0  1.86 0.54
  173 L   -3 -4 -5 -6 -3 -4 -5 -6 -4  5  4 -5  4  3 -5 -4 -3 -3  1  0    0   0   0   0   0   0   0   0   0  34  41   0  10  11   0   0   0   0   4   1  0.89 0.30
  174 A    1  0 -2 -2 -4  4  4 -3 -2 -2 -2  2 -2 -4 -3 -1 -1 -4 -3 -1   11   4   0   0   0  24  30   0   0   3   4  16   0   0   0   2   2   0   0   5  0.55 0.25
  175 A    3 -3 -2  0 -3 -3 -2 -2 -3 -4 -4 -2 -4 -5 -3  6  1 -5 -4 -4   21   0   0   6   0   0   0   1   0   0   1   1   0   0   0  62   9   0   0   0  0.98 0.38
  176 K   -4  1 -3 -4 -6 -2 -2 -5  0 -6 -6  8 -4 -6 -4 -3 -4 -6 -5 -5    0   3   0   0   0   0   0   0   2   0   0  96   0   0   0   0   0   0   0   0  2.06 0.57
  177 G    0 -5 -2 -4 -5 -4 -5  7 -5 -6 -6 -4 -5 -6 -5 -1 -4 -5 -6 -6    6   0   1   0   0   0   0  90   0   0   0   0   0   0   0   3   0   0   0   0  1.95 0.49
  178 I   -3 -5 -5 -5 -3 -5 -5 -6 -2  6 -1 -4 -1 -3 -5 -4 -2 -5 -4  5    1   0   0   0   0   0   0   0   1  51   2   1   0   0   0   1   2   0   0  42  1.21 0.38
  179 T    1 -1 -2  2 -4 -1  0 -3 -3 -4 -4  5 -3 -5 -2  0  2 -5 -4 -4   14   0   0  11   0   1   4   0   0   0   0  49   0   0   1   4  16   0   0   0  0.72 0.31
  180 S   -2 -4 -2 -3 -4 -3 -3 -3 -4 -6 -6 -3 -5 -6 -4  7 -2 -6 -5 -5    0   0   0   0   0   0   0   0   0   0   0   0   0   0   0 100   0   0   0   0  2.00 0.61
  181 V   -3 -5 -6 -6 -4 -5 -5 -6 -6  3 -2 -5 -1 -3 -5 -5 -3 -6 -4  7    0   0   0   0   0   0   0   0   0  15   0   0   1   0   0   0   0   0   0  85  1.64 0.48
  182 R   -2  7 -2 -4 -6  0 -2 -4 -3 -1 -4  3 -4 -5 -2 -2 -3 -5 -4 -3    3  70   0   0   0   3   0   0   0   4   0  16   0   0   1   1   0   0   0   1  1.40 0.43
  183 S    1 -3 -2 -3 -4 -3 -3 -1 -4 -5 -5 -1 -4 -5 -4  7 -1 -6 -5 -4   12   0   0   0   0   0   0   2   0   0   0   4   0   0   0  82   0   0   0   0  1.40 0.49
  184 R   -4  8 -4 -5 -7 -1 -3 -5 -3 -6 -5 -1 -5 -6  1 -4 -4 -6 -5 -6    0  90   0   0   0   1   0   0   0   0   0   0   0   0   9   0   0   0   0   0  2.16 0.57
  185 V   -3 -6 -6 -6 -4 -5 -5 -6 -6  2 -2 -5 -2 -4 -5 -5 -3 -6 -4  7    0   0   0   0   0   0   0   0   0   6   0   0   0   0   0   0   0   0   0  94  1.82 0.52
  186 T    4 -2 -3 -4  4 -3 -2 -2 -4  0 -2 -3  0 -4 -3 -1  5 -5 -4  0   35   2   0   0   9   0   1   2   0   5   1   0   2   0   0   1  38   0   0   4  0.67 0.30
  187 N   -5 -4  9 -2 -6 -3 -3 -4 -3 -7 -7 -3 -5 -6 -5 -3 -2 -7 -3 -6    0   0  97   0   0   0   0   0   0   0   0   0   0   0   0   0   2   0   1   0  2.52 0.64
  188 L   -4 -5 -6 -6 -4 -5 -5 -6 -5  6  4 -5  0 -2 -5 -5 -3 -4 -4  0    0   0   0   0   0   0   0   0   0  47  51   0   1   0   0   0   0   0   0   1  1.24 0.38
  189 T    0  1  1 -1  1  1 -1 -2 -1 -2 -2  3 -2 -3 -3  2  1 -4 -2  0    7   9   9   1   3   8   1   1   0   2   3  20   0   0   0  20   6   0   1   9  0.23 0.15
  190 E   -3 -2 -1  3 -5  2  5 -4 -2 -5 -4 -1 -3 -5  2  0  0 -5 -4 -4    0   0   2  16   0  10  50   0   0   0   1   2   0   0  10   4   5   0   0   0  0.90 0.32
  191 L   -3 -2 -4 -4 -1 -3 -2 -5  5  0  2 -3 -1  5 -5 -3 -3  2  4 -1    1   2   0   0   1   0   3   0  15   6  20   0   1  27   0   0   0   2  15   4  0.65 0.25
  192 L   -2 -2  2  0  0 -1 -2 -4 -1  0  4  1  1 -2 -3 -1 -2 -3 -1  0    3   1  11   5   2   2   0   0   2   2  48  10   2   0   1   3   1   0   2   7  0.31 0.19
  193 P   -1 -2 -1  1 -4  1  2 -2 -3 -5 -5  1 -4 -5  6  0  0 -5 -4 -4    5   1   2   7   0   5  13   3   0   0   0  10   0   0  43   5   5   0   0   0  0.92 0.28
  194 G   -2 -1  1  4 -4 -1  2  1  0 -4 -5  2 -4 -4  1  0  0 -5 -2 -4    1   1   7  30   0   1  17  11   2   0   0  13   0   0   5   5   4   0   1   0  0.51 0.20
  195 I   -3 -4 -5 -4 -3 -4 -4 -5 -5  6  2 -4  5 -1 -3 -4 -2 -4 -3  2    0   0   0   1   0   0   0   0   0  50  19   0  16   1   1   1   1   0   0  10  0.92 0.31
  196 T   -2 -3  2  3 -4 -2  0 -3 -1 -4 -4 -2 -3 -4 -3  3  5 -5 -4 -3    1   1   9  17   0   0   4   1   1   0   0   0   0   0   0  20  46   0   0   0  0.81 0.33
  197 H   -3 -3 -3 -4 -4 -1 -3 -5  7  3  0 -3  2 -2 -4 -2  0 -4 -1  3    0   0   0   0   0   2   0   0  33  19   7   1   6   1   0   2   7   0   1  22  0.75 0.30
  198 E   -1 -1  0  2 -5  2  5 -3 -1 -3 -2  0 -3 -5 -1 -1 -1 -5 -3 -4    3   1   3  13   0  10  48   1   1   2   5   3   0   0   2   3   2   0   0   0  0.67 0.27
  199 Q    1  0 -1  0 -4  3  3 -1 -1 -2 -3  1  1 -3 -3  0  0 -4 -3 -2   10   3   1   4   0  18  26   4   0   2   1  10   5   0   0   6   7   0   0   2  0.34 0.18
  200 V   -4 -5 -5 -4 -4 -5 -4 -5 -4  2  1 -5  2  7 -3 -4 -3 -1  0  2    0   0   0   1   0   0   1   0   0   9  10   0   6  53   1   0   1   1   0  17  1.08 0.34
  201 C   -2  3 -2 -3  6 -1 -2 -3 -3 -2 -3  4 -1 -3 -4  0 -1 -3 -3  1    2  17   1   0  19   0   1   1   0   2   0  32   1   1   0   7   3   0   1  11  0.62 0.27
  202 E    0  0  2  3 -4  3  3 -2  0 -4 -3  1 -2 -4 -3  0 -1 -2 -3 -3    7   2  10  22   0  17  21   1   2   0   2   6   1   0   0   5   2   1   0   0  0.50 0.21
  203 A    3  0 -2 -1 -2  0  1 -1 -1  0  0  0  0 -2 -2  0  0 -4 -2 -1   36   4   1   2   0   4  10   2   2   6   9   6   2   1   1   6   5   0   1   3  0.18 0.14
  204 I   -3 -5 -5 -5 -3 -4 -4 -6 -5  5  4 -5  2  0 -5 -4 -3 -4 -3  2    0   0   0   0   0   0   1   0   0  36  44   0   4   3   0   0   0   0   0  12  0.93 0.31
  205 T   -1 -1 -3 -4 -2 -2 -1 -4 -2  3  3  0  3  0 -4 -2  0 -3 -2  1    3   3   0   0   0   1   4   0   1  17  34   6   8   3   0   1   6   0   1  10  0.32 0.17
  206 E   -1  1  1  2 -2  2  4 -2  1 -3 -2  3 -3 -4 -3 -1 -2 -4 -2 -3    6   7   8  10   1   8  28   1   4   1   4  18   0   0   0   2   1   0   1   1  0.41 0.20
  207 A    3 -1  0 -2 -2  0  1 -1  2 -3 -4  0 -2 -2 -3  2  0 -3  2 -3   30   1   3   1   0   3  11   3   6   0   0   4   1   1   0  20   4   0  10   0  0.35 0.21
  208 F   -3 -5 -6 -6 -2 -5 -6 -6 -4  4  0 -5  3  7 -6 -5 -4 -1  1  0    2   0   0   0   1   0   0   0   0  28   6   0   7  50   0   0   0   0   2   3  1.27 0.40
  209 F   -1  1 -4 -2  2  0 -1 -2 -3 -1  0  0 -1  6 -4 -1 -3  0  1 -3    5   7   0   2   5   5   3   2   0   3   8   6   1  44   0   4   0   1   2   0  0.58 0.26
  210 A    0  0  1  1 -4  1  3  1 -1 -3 -3  2 -2 -4 -3  0 -1 -4 -3 -2    9   3   6   8   0   4  28  12   1   0   1  17   0   0   0   6   1   0   0   2  0.37 0.19
  211 H   -1 -2 -1 -1 -1  0  2 -1  4 -1 -1 -1  0 -1 -3 -1  0  0  3  1    3   1   2   2   2   2  21   4  13   3   4   3   2   2   0   3   7   1  12  14  0.22 0.16
  212 Y   -3 -3  0  0 -4 -2  1 -3  1 -3 -2 -1 -1  1 -3 -2 -2  0  8 -3    1   1   5   6   0   0  10   1   3   1   3   3   1   4   1   2   2   1  53   1  1.00 0.34
  213 G   -1 -2  1  1 -4  1 -2  5 -2 -4 -3  0 -2 -4  1  0 -2 -4 -4 -2    4   1   6   9   0   7   1  46   1   1   1   5   1   0   7   7   1   0   0   2  0.59 0.22
  214 E    0 -1  0  2 -2  2  4  0 -1  0 -1  0 -1 -3 -3  0 -1 -4 -3 -1    7   1   3  11   1   9  30   6   1   5   6   5   2   0   0   4   4   0   1   4  0.28 0.17
  215 R   -1  2  1  2 -1  1  1 -1  1 -2 -2  1  1 -2  0  0  0 -3 -2 -1    3  12   8  11   1   8  11   2   3   3   1   9   5   1   5   7   5   0   0   4  0.17 0.10
  216 V    1 -2 -2 -2  3 -2  0 -2 -3  1 -1 -2  0 -1  1 -1  0 -4 -2  3   11   2   1   1   6   1   8   2   0   7   4   1   2   2   8   4   7   0   1  33  0.24 0.17
  217 E   -2  0 -2  1 -1  1  4 -3 -1 -3 -3  2 -3 -5  2 -1 -1 -5 -4 -1    2   4   1   9   1   5  37   1   1   1   1  15   0   0  11   2   2   0   0   5  0.56 0.27
  218 A    1  0 -1  0 -1  0  2 -2 -1  0 -1 -1  0 -2  3 -1  0 -3  1  0   12   5   1   4   1   5  17   2   1   8   2   2   2   1  14   3   5   0   5   9  0.17 0.12
  219 E   -3 -2 -2 -2  1  0  4 -5  0 -1 -3 -1  1 -1 -3 -3 -2 -2  6 -1    1   2   1   1   4   3  29   0   1   3   2   3   4   1   1   1   2   0  36   4  0.81 0.36
  220 I   -1  0  0  0 -2  1  2 -3  1  1 -1  1  0 -1 -1 -1  0 -3  0  2    1   4   4   3   0   5  15   0   4  12   5  12   2   3   2   3   4   0   4  16  0.11 0.11
  221 I   -3 -4 -4 -5 -3 -3 -3 -5 -5  4  4 -4  1  2 -3 -4 -2 -4 -1  1    0   1   1   0   0   1   2   0   0  27  45   0   2   7   1   1   2   0   1   9  0.75 0.30
  222 S   -1 -2  0  1 -4 -2  0 -2  0 -3 -3 -1 -2 -3 -3  4  4 -5 -2 -2    1   1   5   7   0   1   7   2   2   1   2   4   1   1   0  31  33   0   1   2  0.55 0.31
  223 P   -1 -2 -1  3 -5  0  4 -4 -1 -2 -2 -1 -2 -4  4 -1 -2 -5 -1 -3    5   1   2  18   0   4  29   0   1   2   3   3   1   1  23   2   2   0   2   1  0.64 0.28
  224 N    0 -2 -1  3 -4  2  4 -1 -1 -3 -2  1 -2 -3 -3  0  0 -4 -2 -3    6   1   2  19   0   7  31   5   1   1   5   8   1   1   0   6   5   0   1   0  0.44 0.23
  225 K    0 -2  0  6 -5 -1  3 -4  0 -4 -4  1 -3 -2 -2  1 -2 -5 -2 -3    6   1   2  43   0   2  18   0   2   1   1   7   0   2   1   9   1   0   1   2  0.73 0.31
  226 T   -1 -1 -2 -3 -4  0 -1 -4 -2  1  2 -1  0  1 -2 -2  0  8  0 -1    4   4   2   1   0   4   5   1   1   8  25   3   1   7   2   1   7  21   2   2  0.54 0.24
  227 P    1  0  0  0 -1  1  2 -2 -2 -2 -1  2 -1 -3  3 -1 -1 -4 -2 -2   11   3   3   5   2   4  17   2   0   1   5  16   1   1  18   4   3   0   1   2  0.31 0.18
  228 D    0  0  3  3 -4  1  2  0  0 -1 -3  2 -2 -4 -3 -1 -2 -4 -3 -2    9   4  14  19   0   5  15   5   2   4   1  14   1   0   0   3   1   0   1   2  0.34 0.19
  229 L   -2 -3 -2 -3 -3 -1 -2 -3 -4  5  2 -2  1 -2 -4 -3 -3 -2 -3  2    3   0   2   1   0   4   3   2   0  45  19   3   2   1   0   1   0   0   0  12  0.64 0.28
  230 P   -1  0  1  1 -5  1  3 -3  3 -2 -4  1 -2 -3  4 -2 -2 -5 -2 -4    3   4   6   8   0   5  25   1   9   3   1   6   1   1  23   1   1   0   1   0  0.60 0.27
  231 N    0  1  1  1 -4  1  2  1  0 -3 -3  3 -3 -3 -2  0 -2 -4  1 -3    6   6   8   6   0   6  17  12   2   2   1  22   0   0   1   6   1   0   6   0  0.31 0.19
  232 F   -3 -3 -5 -5 -3 -4 -4 -5 -4  5  3 -5  0  4 -5 -3 -3 -1  0  0    1   1   0   0   0   0   1   0   0  33  35   0   1  19   0   2   0   1   2   3  0.85 0.34
  233 A    2  2 -1 -1 -3  0  0 -2 -1 -2 -3  2  0 -3 -1  2  0 -3  0 -1   18  14   3   2   0   2   6   2   1   1   1  14   3   1   2  19   5   0   3   4  0.23 0.17
  234 E   -2  0  1  3 -4  2  4 -3 -2 -3 -3  3 -3 -4 -3 -1 -2 -4 -4 -4    3   5   6  15   0   7  36   1   0   1   2  17   0   0   0   4   2   0   0   1  0.64 0.28
  235 T   -1  0 -1 -1  0  2  0  1  0  0  0  1 -1 -1 -1  0  1 -2  0 -1    3   5   1   2   2  12   4  10   2   5  11  11   1   2   2   6  13   0   4   3  0.07 0.06
  236 F    0 -1 -2 -2 -2 -1 -1 -2 -1 -1 -1 -1  2  5 -2 -1 -1 -1  4 -1    8   3   2   2   1   2   4   3   1   4   5   4   7  25   2   3   4   0  18   3  0.35 0.14
  237 A    2 -1  1  1 -3  1  5 -2 -1 -3 -3  0 -3 -4 -2 -1 -1 -4 -3 -3   22   3   7   6   0   6  38   2   1   1   2   5   0   1   1   2   2   0   0   1  0.55 0.25
  238 R   -3  5 -2 -3 -5  2  1 -4  0 -4 -3  5 -3 -4 -3 -2 -2 -5 -4 -3    1  30   1   0   0   7   9   1   2   1   2  40   0   1   0   2   2   0   0   2  0.94 0.37
  239 Q   -4 -4 -3 -4 -5  3 -4 -5  0 -3  1 -3 -1  4 -5 -4 -4 -2  8 -4    0   0   1   1   0  17   0   0   1   1  15   1   2  13   0   0   1   0  47   0  1.32 0.49
  240 S    1  2  0 -1  0  1  0  1 -3 -4 -4  0 -2 -5  0  4 -1 -5 -4 -4   10  13   5   3   2   8   4  10   0   0   1   5   1   0   4  32   1   0   0   0  0.40 0.25
  241 S   -1 -1  4  1 -4 -2 -3 -3 -3 -5 -4 -1 -4 -5 -4  5  4 -6 -5 -4    2   3  19   7   0   1   0   0   0   0   1   3   0   0   0  41  23   0   0   0  0.89 0.42
  242 W   -7 -3 -8 -8 -7 -6 -3 -7 -7 -7 -6 -1 -6 -2 -4 -7 -7 13 -2 -7    0   2   0   0   0   0   2   0   0   0   0   4   0   1   1   0   0  90   0   0  4.32 1.04
  243 E   -2 -3  0  6 -6  1  5 -4 -3 -6 -6 -1 -5 -6 -4 -2 -3 -6 -5 -6    3   0   3  45   0   4  38   1   0   0   0   4   0   0   0   2   1   0   0   0  1.32 0.49
  244 W   -7 -8 -9 -9 -7 -7 -8 -8 -7 -7 -7 -8 -6 -4 -9 -8 -5 13 -3 -6    0   0   0   0   0   0   0   0   0   0   0   0   0   0   0   0   1  98   0   1  4.99 1.16
  245 N   -1  2  7 -2 -5 -2 -3 -4 -3  1 -1 -1 -4 -5 -5 -3  0 -6 -5 -1    6   9  57   0   0   1   0   0   0   7   6   4   0   0   0   0   4   0   0   4  1.07 0.46
  246 F   -6 -6 -6 -7 -6 -6 -6 -7 -3 -5 -3 -6 -4  7 -7 -6 -6  0  9 -5    0   0   0   0   0   0   0   0   0   0   2   0   0  37   0   0   0   1  60   0  2.46 0.72
  247 G   -4 -6 -4 -5 -6 -4 -6  8 -6 -8 -8 -5 -7 -7 -6 -3 -5 -6 -7 -7    0   0   0   0   0   1   0  98   0   0   0   0   0   0   0   1   0   0   0   0  2.54 0.73
  248 Q   -1  3  1 -2 -5  4  1 -4  1 -5 -3  4 -2 -5 -2  0 -2 -5 -1 -4    5  14   6   1   0  23   5   0   3   0   2  29   1   0   1   6   2   0   2   0  0.65 0.32
  249 A    2 -3  1 -3 -4 -2 -3 -3 -4 -5 -4  1 -4 -5 -3  5  3 -6 -5 -4   16   1   5   0   0   1   0   1   0   0   1   7   0   0   0  47  21   0   0   0  0.89 0.43
  250 P   -4 -6 -6 -6 -7 -5 -5 -6 -6  0 -4 -4  0 -7  9 -5 -4 -8 -7 -5    1   0   0   0   0   0   0   0   0   6   2   1   3   0  88   0   0   0   0   0  2.74 0.78
  251 A    2 -1  0  3 -5  2  3 -3 -3 -5 -3  3 -4 -5  1 -1 -2 -5 -4 -3   18   2   4  14   0   7  24   0   0   0   2  20   0   0   6   1   1   0   0   1  0.54 0.28
  252 F   -2 -6 -6 -7  2 -6 -4 -6 -2 -3 -3 -6 -4  8 -7 -3 -5 -2  5 -4    3   0   0   0   4   0   1   0   1   1   0   0   0  71   0   2   0   0  16   0  2.07 0.63
  253 S   -2 -3  5  3 -1  0  1 -3 -3 -5 -5 -1 -2 -5 -4  2  3 -6 -4 -4    1   0  30  14   1   4   8   1   0   0   0   2   1   0   0  17  21   0   0   0  0.75 0.36
  254 H   -4 -4 -1 -4 -4 -3 -3 -4  6  3  1 -2 -1  2 -5 -4 -2 -3  4  1    0   0   3   0   0   1   1   1  24  19  11   2   1  10   0   0   1   0  16  11  0.73 0.33
  255 L   -1  0  0 -1 -2  3  2 -3  2 -2 -1  2 -2 -2 -3  1  1 -4  0 -1    3   5   4   2   0  14  17   0   5   2   8  13   1   1   0   9  10   0   3   5  0.23 0.17
  256 L   -2  3  1 -3 -4 -1 -2 -3  3  2  2  1  1  1 -4 -2 -2 -4 -1 -1    2  21   7   0   0   1   1   1   7  12  23   9   4   7   0   1   1   0   1   2  0.31 0.21
  257 D    0  1  1  3 -3  1  3 -2 -2 -4 -4  0 -4 -4 -3  2  0 -5 -1 -3    6   6   5  15   0   4  25   3   0   1   0   5   0   0   0  20   5   0   3   1  0.44 0.25
  258 E   -2  2  1 -2 -3  0  3 -1  4 -3 -4  4 -1 -3 -3 -2  1 -5 -2 -2    1  12   7   0   1   3  19   3  10   1   1  25   2   1   0   1  10   0   1   3  0.46 0.26
  259 R   -4  7 -4 -3 -7 -2 -3 -3  0 -6 -5  4 -5 -6 -4 -2 -3 -1 -2 -6    0  68   0   1   0   1   0   2   2   0   0  20   0   0   1   3   1   1   1   0  1.68 0.58
  260 F   -5 -6 -7 -7 -4 -7 -7 -7 -5 -3 -1 -7 -4  9 -7 -6 -3 -3  3 -3    1   0   0   0   0   0   0   0   0   1   5   0   0  83   0   0   1   0   8   2  2.41 0.69
  261 T    0 -2 -1  3 -3 -1  1 -2 -2 -2 -4 -1 -4 -5  5  1  1 -5 -4 -2    8   1   2  15   0   2   8   3   1   2   1   3   0   0  28  13  10   0   0   3  0.57 0.26
  262 W    1 -5 -4 -6 -2 -4 -5  2 -5  0 -4 -2 -2  1 -6 -2 -2 11 -2 -1   11   0   1   0   1   0   0  14   0   7   1   3   1   5   0   3   2  48   0   5  1.75 0.56
  263 G   -3 -6 -4 -5 -6 -6 -6  8 -6 -8 -8 -5 -7 -7 -6 -4 -5 -6 -7 -7    1   0   0   0   0   0   0  99   0   0   0   0   0   0   0   0   0   0   0   0  2.59 0.74
  264 G   -1 -1  0  0 -2  0  1  3 -2 -1 -1  1 -1  0 -3  1  1 -4 -3 -2    2   1   5   3   0   3   8  24   1   4   7  12   1   5   0  11  11   0   0   1  0.19 0.15
  265 V   -3 -6 -6 -6 -4 -5 -6 -5 -6  5  0 -5  0  1 -5 -5 -3 -5 -2  5    1   0   0   0   0   0   0   1   0  39   7   0   1   5   0   0   0   0   1  46  1.22 0.44
  266 E   -2 -2 -1  4 -4  2  5 -4 -2 -5 -5 -2 -5 -6 -4  0  1 -6 -5 -5    3   1   2  27   0   9  43   0   0   1   1   0   0   0   0   5   7   0   0   0  1.01 0.42
  267 L    0 -4 -5 -5 -3 -4 -5 -5 -5  4  3 -4  1  2 -4 -2 -1  0 -2  3    9   0   0   0   0   0   0   0   0  22  25   0   3   8   0   2   4   1   0  25  0.59 0.27
  268 H   -3  3  2 -2  1  2  0 -1  6 -4 -2  1 -3  1 -4 -2 -3 -4  2 -4    1  18  12   1   4   9   4   4  20   0   4   7   0   6   0   2   1   0   8   0  0.54 0.28
  269 F   -1 -5 -6 -6 -1 -5 -5 -6 -5  3  4 -5  3  5 -5 -5 -4 -3 -2  0    5   0   0   0   1   0   0   0   0  14  43   0   7  26   0   0   0   0   0   3  0.96 0.37
  270 D   -3  0  4  5 -3  1  1 -4  2 -4 -4  0 -3 -3 -4 -1 -1 -5 -1 -5    1   4  21  37   1   8   5   0   6   1   2   6   0   1   0   3   3   0   2   0  0.75 0.33
  271 V   -1 -5 -5 -6  0 -5 -5 -6 -6  3  1 -5 -2 -4 -5  0 -3 -6 -3  6    3   0   0   0   2   0   0   0   0  12   9   0   0   0   0   7   0   0   1  66  1.17 0.46
  272 E   -2  1  1  1 -5  1  4 -3  0 -2 -3  3 -3 -5 -3  0 -2 -5 -4 -1    2   5   6   7   0   5  34   1   2   3   1  24   0   0   0   5   2   0   0   4  0.58 0.29
  273 K   -2  1  3  1 -3  1  1  0  4 -5 -5  5 -4 -5 -4 -1 -3 -5 -3 -5    2   7  13   8   1   5  10   6  11   0   0  36   0   0   0   2   0   0   1   0  0.68 0.32
  274 G   -1 -5 -1 -3 -6 -5 -5  7 -5 -7 -5 -4 -3 -6 -5  0 -4 -6 -6 -6    5   0   2   1   0   0   0  83   0   0   1   0   1   0   0   7   0   0   0   0  1.84 0.58
  275 H   -1  1 -2 -4 -2 -1 -2 -4  2  3  0  1  0 -2 -4 -2  0 -4  0  3    4  10   1   0   1   3   1   0   7  20   8  12   2   1   0   1   6   0   2  21  0.27 0.19
  276 I   -5 -7 -7 -7 -5 -6 -7 -7 -7  8 -2 -6  0 -4 -6 -6 -4 -6 -5  2    0   0   0   0   0   0   0   0   0  89   0   0   2   0   0   0   0   0   0   8  2.18 0.66
  277 T   -1  0  0  0 -3  2  2 -2 -2 -2 -1  3 -2 -4 -3  0  2 -4 -3 -1    2   4   3   3   0   8  17   2   1   2   7  25   0   0   0   7  15   0   0   4  0.33 0.22
  278 R   -1  2  2  4 -5  1  3 -1  1 -5 -5  1 -4 -5 -3  1 -1 -5 -4 -4    3  13  11  25   0   4  17   4   3   0   0   6   0   0   0  11   2   0   0   0  0.56 0.26
  279 A    3 -5 -4 -5  7 -4 -4 -3 -5  3  0 -4 -1 -1 -4 -1 -1 -5 -4  2   27   0   0   0  24   0   0   1   0  19   7   0   1   2   0   4   3   0   0  13  0.76 0.33
  280 Q   -1  2  0 -3 -5  3 -1 -3  1 -3 -4  5 -3 -4 -4  0  0  0 -3 -2    4  10   4   0   0  14   2   0   3   1   0  45   0   0   0   6   6   1   0   3  0.70 0.34
  281 V   -2 -6 -6 -6 -4 -5 -6 -6 -6  6  1 -5  1  3 -6 -5 -3 -5 -3  3    2   0   0   0   0   0   0   0   0  58  11   0   3  10   0   0   1   0   0  16  1.22 0.43
  282 F   -3 -5 -6 -6 -3 -5 -5 -6  0 -1 -3 -5 -4  7 -4 -5 -3  2  7 -4    2   0   0   0   0   0   1   0   2   3   1   0   0  43   1   0   1   2  44   0  1.87 0.58
  283 T   -2 -4 -3 -4 -2 -3 -3  5 -4 -5 -5 -4 -5 -5 -4  4  3 -5 -5 -5    1   0   0   0   1   1   1  49   0   0   0   0   0   0   0  29  18   0   0   0  1.15 0.45
  284 D   -6 -6 -3  8 -8 -4 -2 -4 -5 -7 -8 -5 -7 -8 -2 -3 -5 -8 -7 -7    0   0   0  95   0   0   1   1   0   0   0   0   0   0   2   1   0   0   0   0  2.66 0.78
  285 S    2 -5 -4 -5  3 -4 -3 -4 -4 -4 -3 -4 -1  7 -3  3 -1 -3  0 -2   16   0   0   0   5   0   1   0   0   0   0   0   2  45   1  23   3   0   2   1  1.05 0.45
  286 L   -5 -5 -6 -5 -5 -5 -6 -6 -5 -1  4 -6  5  7 -6 -2 -3 -3 -1 -3    0   0   0   1   0   0   0   0   0   2  37   0  13  44   0   3   1   0   0   0  1.37 0.49
  287 N   -2 -3  3  3 -5 -2  0  5  0 -5 -4 -1 -2 -3 -4  0 -2 -5  0 -5    2   0  16  16   0   1   7  40   2   0   1   3   1   1   0   5   2   0   4   0  0.70 0.31
  288 P   -1 -1 -2 -3 -2 -1  0 -1 -3  1  0 -1 -1 -3  5  0  0 -4 -3  2    4   3   2   1   0   2   5   4   0   7   8   4   1   0  27   8   7   0   0  17  0.38 0.20
  289 A    1  0  1  1 -1  0  2  3  0 -3 -3  1  0 -4 -3 -1 -1 -4 -2 -2   14   5   5  10   1   4  14  21   3   1   1   9   3   0   0   3   4   0   1   2  0.25 0.16
  290 P   -3 -4 -1  5 -5 -3  1 -4 -4 -3  1 -3  1  1  4 -2 -3 -5 -2 -1    1   0   2  38   0   0   8   0   0   0  15   0   3   6  19   2   0   0   1   4  0.71 0.33
  291 L   -1 -5 -5 -6 -4 -5 -5 -6 -5  5  2 -3  1 -1 -2 -4 -2 -5 -3  4    4   0   0   0   0   0   0   0   0  36  20   2   3   2   2   0   1   0   0  31  0.87 0.35
  292 E    1 -2  0  1 -4  1  4 -1 -1 -3 -3  0 -3 -4  0  2  0 -5 -3 -3   11   1   3   8   0   6  31   3   1   1   1   6   0   0   3  16   6   0   1   1  0.41 0.24
  293 A    1  1 -1  3 -3  1  4 -3 -3 -2 -3  0 -1 -3 -3 -1 -2 -1 -2 -2   16   6   1  20   0   5  30   1   0   2   2   6   1   1   0   1   2   1   2   2  0.46 0.26
  294 L   -3 -5 -6 -6 -4 -5 -6 -6 -6  4  5 -5  1  0 -6 -5 -4 -5 -4  2    2   0   0   0   0   0   0   0   0  26  54   0   2   3   0   0   0   0   0  13  1.10 0.40
  295 A    3 -2  0 -2 -1  0  5 -1 -3 -4 -5 -1 -4 -5  0  0 -1 -5 -5 -3   24   2   4   0   1   3  46   4   0   1   0   2   0   0   4   5   2   0   0   1  0.74 0.37
  296 G    0  0  2  2 -4  2  3 -1 -2 -4 -2  2 -3 -4 -2  0 -1 -5 -3 -3    8   5  10  10   0  11  24   4   0   0   4  14   0   0   1   5   3   0   0   1  0.38 0.21
  297 R    2  3 -1 -3  2  1 -1 -2 -1 -1  0  2  0 -1 -3  0 -1  0 -1 -1   18  19   2   0   4   6   1   2   1   3  12  14   2   2   0   7   2   1   2   4  0.19 0.16
  298 L   -5 -6 -7 -7 -5 -6 -6 -7 -6  0  6 -6  1  2 -6 -6 -4 -5 -4 -2    0   0   0   0   0   0   0   0   0   4  85   0   2   8   0   0   0   0   0   0  1.64 0.56
  299 Q   -1  1  0 -2 -2  1  0 -3 -2  2  0  3 -1 -3 -2 -1  1 -4 -3  1    4   5   4   1   1   9   7   0   0  17   6  20   0   0   1   4  11   0   0  11  0.21 0.17
  300 G   -3 -5  1  0 -6 -4 -1  7 -2 -7 -6 -3 -6 -6 -5 -2 -5 -6 -6 -6    0   0   6   6   0   0   4  80   1   0   0   2   0   0   0   2   0   0   0   0  1.75 0.56
  301 C   -1  0 -2 -3  5  1 -2 -4 -3  2  0  1  0 -3 -4 -1  1 -4 -3  2    4   4   2   1  17   8   1   0   0  12   6  10   1   0   0   3  11   0   1  19  0.36 0.22
  302 L   -1  4 -2 -2 -5  1  0 -3 -2 -3 -1  3 -2 -4  3 -2 -1 -5 -3 -2    6  24   1   1   0   4   5   1   1   1   6  24   1   0  17   1   4   0   0   2  0.55 0.27
  303 Y   -6 -5 -6 -7 -2 -5 -6 -7  4 -5 -2 -6 -4  4 -5 -5 -5  0  9 -5    0   0   0   0   1   0   0   0  10   0   4   0   0  16   1   0   0   1  67   0  2.25 0.69
  304 R   -2  3  2  3 -4  2  3  0 -1 -4 -4  1 -2 -4 -3  0 -1 -4 -3 -4    1  15  12  19   0   7  19   6   1   1   0   6   1   0   0   7   4   0   1   0  0.48 0.23
  305 A    0  3 -1 -2 -2  0  1 -2 -1 -2 -2  3 -2  0  1  0 -1 -1  1 -2    9  18   1   0   1   3  12   3   1   2   2  20   0   4   6   6   3   1   5   2  0.24 0.16
  306 D    0 -1  1  3 -3  1  4 -1 -1 -3 -4  1 -3 -5 -2  0 -1 -2 -4 -3    8   1   6  19   0   5  33   4   1   1   1   8   0   0   1   6   2   1   0   2  0.52 0.26
  307 M    3 -3  0  2 -3 -1  1  0  0 -3 -3 -1 -1 -1 -3  1  1 -4 -2 -1   30   0   3  13   0   1  11   7   2   1   1   2   1   3   0  13   7   0   1   6  0.29 0.20
  308 L   -2 -5 -5 -4 -4 -5 -5 -6 -5  5  3 -5  2  0 -5 -4 -3 -4 -3  3    2   0   0   1   0   0   0   0   0  41  25   0   6   2   0   0   0   0   0  21  0.96 0.36
  309 Q    1  2  0  0  2  1  2 -1 -1 -1  0  1 -1 -3 -3  0  0 -4 -2 -2   12  10   3   5   5   8  13   2   1   4  11  10   1   0   0   8   4   0   0   1  0.14 0.12
  310 Q    1 -1  1  1 -3  2  3 -1  0 -3 -3  3 -3 -4 -1  0 -1 -4 -3 -3   14   2   8   7   0   9  23   3   2   1   2  17   0   0   2   6   2   0   0   1  0.37 0.21
  311 E    3  1 -3 -2  2 -1 -1 -2 -2  1 -1  0 -2 -2 -3 -1  0 -4 -2  1   36   7   0   1   4   3   4   1   1   9   6   7   0   1   0   3   4   0   1  13  0.27 0.20
  312 C   -3 -4 -5 -4  4 -4 -4 -4 -5  3  5 -5  1  0 -5 -4 -2 -1 -2  2    1   1   0   1   8   0   1   1   0  15  53   0   2   3   0   0   1   1   1  11  0.81 0.34
  313 E    0  0  1  3 -4  2  3  0 -1 -3 -3  2 -2 -4 -2  1 -2 -5 -4 -4    9   4   6  15   0   9  24   6   1   1   3  11   1   0   1   9   1   0   0   0  0.38 0.21
  314 A    1 -1  2  2 -2  2  1  1 -1 -3 -3  0 -3 -4 -2  0  1 -4 -3 -3   13   3  10  14   1  11  10  11   1   1   2   6   0   0   1   7   9   0   0   1  0.25 0.16
  315 L   -1 -3 -3 -4  0 -3 -3 -2 -3  3  2 -3  2  1 -4 -2  0  2  0  2    4   0   1   0   2   1   1   3   0  24  23   1   5   5   0   1   5   3   3  18  0.38 0.19
  316 L   -1  0  1  4 -3  0  1 -1 -1  0 -1  0  0 -2  0 -1  0  1 -2 -2    5   4   7  31   0   3   6   4   1   6   5   6   3   1   4   3   6   2   1   2  0.27 0.16
  317 V    0 -1 -1 -2 -1 -1  0 -2 -2  2  1 -1  1 -1 -1 -1  1 -3 -2  2    9   2   3   2   1   3   7   3   1  20  12   3   2   2   2   3  10   0   0  16  0.11 0.10
  318 D   -1  0  2  3 -4  1  2 -1 -1 -3 -3  2 -2 -3 -1  1  0 -4  0 -3    3   4  11  15   0   7  14   5   1   1   2  14   1   0   2   9   5   0   4   1  0.28 0.16
  319 F   -1  0  0  1 -3  1  0 -2  4 -1 -1  1 -1  3 -2 -1 -1  2  2 -2    6   4   3   9   0   6   5   2  14   3   4   8   1  15   2   2   4   2   9   1  0.23 0.15
  320 P   -1 -4 -2 -2 -5 -2  0 -2 -2 -2 -3 -2 -4 -1  5 -3 -3 -2  7 -4    6   0   1   2   0   2   5   3   0   2   1   3   0   1  26   2   1   0  43   0  1.12 0.44
  321 E   -1 -3 -1  1 -4  1  2 -3 -2 -1  0 -2  0  6 -4 -2 -2 -1 -1 -1    5   0   2   8   0   6  18   2   0   3   8   2   2  35   0   3   1   0   0   3  0.51 0.28
  322 Q    0 -1 -1 -1  0  3  1  4  0 -3 -1 -2 -1 -2 -3  0  0 -4  0 -2    6   3   2   2   2  16   7  30   3   1   6   1   2   1   0   8   5   0   3   1  0.31 0.20
  323 E    0  1  3  2 -1  2  2  0  0 -4 -3  2 -3 -3 -2  0 -1 -4 -3 -2    7   8  16  10   1   9  11   8   2   0   2  12   0   1   1   6   3   0   0   2  0.27 0.16
  324 K    0 -1 -1 -1 -3  1  2 -2 -2  4 -1  1  2 -2 -3 -1  0 -4 -3  1    7   3   3   2   0   5  14   2   0  28   4  10   7   1   1   2   4   0   0   6  0.23 0.19
  325 E   -2  0 -1  0 -2  1  4 -2 -3  0 -2 -1  2 -2  0  0  2 -4 -1 -2    2   5   2   4   1   6  31   2   0   5   2   1   6   1   4   8  17   0   2   1  0.36 0.25
  326 L   -1  0 -3 -3 -2 -2 -2 -4 -3  2  3  2  1 -1 -2 -1  0 -3 -2  1    6   6   1   0   1   1   1   0   0  13  29  18   4   2   1   2   5   0   1  10  0.26 0.19
  327 R    0  1  0  2 -3  1  4 -2 -1 -3 -2  1 -3 -4 -2  0  0 -5 -2 -3    7   8   4  13   1   6  30   3   1   2   3   7   0   0   1   7   6   0   1   1  0.37 0.22
  328 E   -2 -4 -1  5 -7  2  6 -3 -4 -6 -6 -3 -5 -7 -5 -2 -3 -7 -6 -4    2   0   2  37   0   7  47   1   0   0   0   0   0   0   0   1   1   0   0   1  1.40 0.54
  329 L   -3 -5 -6 -6 -4 -5 -6 -6 -5  4  4 -5  2  5 -6 -5 -4 -4 -2  2    0   0   0   0   0   0   0   0   0  21  36   0   4  22   0   0   0   0   0  16  0.98 0.38
  330 S    1 -2 -2 -3  0  0  0 -3 -3  3  1  1  0 -2 -3  0 -1  3 -2  1   12   1   1   0   2   5   5   1   0  24  13   9   1   0   0   8   2   4   1  11  0.21 0.17
  331 A    1  0  2  2 -1  1  3  0  0 -4 -3  1 -3 -4 -3  1  0 -5 -3 -2   10   5   9  13   1   7  19   6   2   0   1   7   0   0   0  12   5   0   0   3  0.31 0.18
  332 W   -5 -6 -7 -8 -6 -6 -7 -7 -6 -2  4 -7 -3  1 -7 -6 -6 11 -2 -2    0   0   0   0   0   0   0   0   0   1  36   0   0   4   0   0   0  55   0   3  2.60 0.73
  333 M   -4 -5 -6 -6 -4 -5 -6 -6 -5  4  5 -5  3  3 -6 -5 -4 -4 -3 -1    0   0   0   0   0   0   0   0   0  27  53   0   8  10   0   0   0   0   0   1  1.17 0.43
  334 A    1  1 -2 -2  2  0  0 -2 -1  1  0  1  0 -2 -2  1 -1 -3 -1  1   14  11   1   1   5   3   4   1   1   9   9  10   2   0   1  11   2   0   2  15  0.10 0.11
  335 G    0  0  1  1 -4  2  3  2  0 -4 -4  1 -3 -4 -3  0  1 -4 -3 -3    7   4   6   6   0   8  22  19   3   0   0   9   0   0   0   7  10   0   0   0  0.37 0.18
  336 A    2 -2 -1 -1  0  3  3 -1 -2 -3 -3  0 -1 -4 -3  2  0 -4 -3 -1   24   0   2   0   2  13  26   3   0   0   0   6   2   0   0  13   4   0   0   3  0.41 0.21
  337 V   -3 -4 -5 -5 -3 -4 -5 -5 -5  4  3 -4  6 -2 -5 -4 -2 -4 -3  3    0   0   0   0   0   0   0   0   0  30  24   0  25   0   0   0   0   0   0  22  0.90 0.29
  338 R   -2  5 -1 -2 -4  2  0 -3  4 -4 -3  4 -2 -4 -3 -1 -2 -4 -2 -4    0  47   0   0   0   7   0   0  12   0   0  33   0   0   0   0   0   0   0   0  0.82 0.15

                      K         Lambda
Standard Ungapped    0.1336     0.3192
Standard Gapped      0.0553     0.2670
PSI Ungapped         0.1807     0.3147
PSI Gapped           0.0553     0.2670
