
Last position-specific scoring matrix computed, weighted observed percentages rounded down, information per position, and relative weight of gapless real matches to pseudocounts
           A  R  N  D  C  Q  E  G  H  I  L  K  M  F  P  S  T  W  Y  V   A   R   N   D   C   Q   E   G   H   I   L   K   M   F   P   S   T   W   Y   V
    1 M   -4 -5 -5 -6 -4 -4 -5 -6 -5  1  0 -5  9 -3 -6 -5 -3 -5 -4  3    0   0   0   0   0   0   0   0   0   7   5   0  69   0   0   0   0   0   0  19  1.87 0.52
    2 I   -4 -6 -6 -6 -4 -6 -6 -7 -6  7  1 -6 -1 -2 -6 -5 -4 -5 -4  1    0   0   0   0   0   0   0   0   0  82  10   0   0   1   0   0   0   0   0   6  1.72 0.48
    3 K   -1  3 -1 -1 -3  1  3 -3  0 -1 -3  2 -3 -4 -3  2  0 -2 -3 -1    2  17   1   2   0   4  26   0   2   3   1  15   0   0   0  15   5   0   0   4  0.41 0.21
    4 I   -2 -5 -5 -5  0 -4 -5 -5 -5  3  2 -5  0  4 -5 -4 -2 -4 -2  5    2   0   0   0   2   0   0   0   0  14  23   0   1  16   0   0   0   0   0  41  0.80 0.29
    5 E   -2  2  1  2 -3  2  4 -3  0 -2 -4  2 -3 -4 -3  0 -1 -5 -3 -3    0  14   5  14   0   6  30   0   2   3   0  13   0   0   0   7   2   0   0   1  0.52 0.23
    6 N   -3 -1  7  2 -5  0 -2  0  4 -6 -6 -1 -2 -5 -5 -1 -3 -3 -4 -5    1   3  61   9   0   3   1   7   8   0   0   3   1   0   0   2   0   0   0   0  1.25 0.41
    7 L   -2 -4 -5 -6 -3 -5 -5 -6 -5  3  3 -5  0 -3 -4 -4 -3 -5 -4  5    2   0   0   0   0   0   0   0   0  12  33   0   1   0   0   0   0   0   0  51  1.01 0.35
    8 T   -1 -2 -1 -3  1 -2 -3  1  0 -3 -3 -1 -3 -2 -3  4  4  2  1 -1    1   1   2   0   3   0   0  10   2   1   1   2   0   1   0  38  26   3   5   3  0.55 0.28
    9 K   -4 -1 -4 -4 -6 -2 -2 -5 -4 -5 -5  8  0 -5 -4 -3 -4 -6 -5 -5    0   1   0   0   0   0   0   0   0   0   0  94   3   0   0   0   0   0   0   0  2.08 0.61
   10 S    0  2 -1 -1  4 -1 -1 -2  0  0 -2  0 -1 -1 -3  3  1 -3  1 -1    5  15   1   2   9   1   3   1   2   5   2   6   1   3   0  26   7   0   5   4  0.22 0.16
   11 Y   -4 -4 -5 -5 -6 -4 -5 -6 -1 -4 -4 -3 -4  6 -6 -5 -5 -1  8 -4    1   1   0   0   0   0   0   0   1   0   0   1   0  31   0   0   0   0  63   0  2.13 0.56
   12 R   -2  4 -1 -3 -5  1  0 -3  3 -3 -3  3 -2 -4  2 -1 -1  4 -2 -2    1  27   3   0   0   6   3   0   9   1   2  21   1   0  12   3   3   6   0   2  0.59 0.25
   13 T   -1 -1  0 -3 -2 -1 -2 -2 -2  2  2 -1  1 -2 -2  1  4 -3 -3  0    3   2   5   0   0   2   0   2   0  13  20   4   3   0   1   9  29   0   0   6  0.27 0.18
   14 P   -2  4  0 -2 -4  0 -1  0  2 -4 -4  1 -3 -1  3 -1 -2 -2  4 -4    2  23   4   2   0   3   2   8   5   0   1  10   0   1  18   5   2   0  16   0  0.48 0.22
   15 T    0  0  1 -1 -3  0 -1  1  5 -2 -2  1 -1  0 -2  0  1 -3  1 -2    5   5   6   3   0   5   1  14  18   1   2   8   1   4   1   8  10   0   6   1  0.23 0.14
   16 G   -2  1  0  2 -4  2  2  4  2 -3 -4  1 -3 -2 -3 -1 -1 -4 -2 -3    1   7   2  11   0  12  12  32   6   1   1   7   0   2   0   2   2   0   1   2  0.42 0.19
   17 R   -2  5 -1  0 -4  1  3 -3  0 -4 -3  2 -2 -4  0 -1 -1  1 -2 -3    1  33   2   3   0   4  23   1   2   0   2  12   1   0   5   3   3   2   1   2  0.55 0.23
   18 H   -3  2 -1 -3 -5  0 -3 -4  5 -3 -3  3 -3  6 -4 -2 -3 -3  0 -3    0  12   3   1   0   4   0   0  15   1   1  21   0  38   0   1   1   0   1   1  0.82 0.31
   19 Y   -4  0 -3 -4 -2 -1 -2 -5  0 -2 -1 -2 -3  0 -3 -3  1 10  5  0    0   5   1   0   1   2   3   0   3   2   5   1   0   3   1   1   9  36  19   9  1.23 0.36
   20 V    4 -4 -4 -5 -3 -4 -4 -3 -5  3 -2 -4 -2 -3 -3 -2 -2 -5 -4  4   44   0   0   0   0   0   0   0   0  15   0   0   0   0   1   1   0   0   0  38  0.87 0.34
   21 F   -2 -5 -6 -6 -4 -5 -5 -6 -5  1  6 -5  0  3 -5 -4 -3 -4 -3 -1    3   0   0   0   0   0   0   0   0   4  79   0   0  11   0   0   0   0   0   2  1.20 0.37
   22 K   -3  4  1  3 -5  1  0 -3  0 -5 -4  4 -4 -5 -3 -1 -2 -5 -3 -4    1  24   7  21   0   6   4   0   2   0   0  31   0   0   0   2   1   0   0   0  0.75 0.27
   23 D   -3  1  4  6 -6 -2 -1  2  1 -6 -6 -2 -5 -6 -4 -2 -3 -6 -5 -5    0   7  18  54   0   1   1  14   4   0   0   1   0   0   0   0   0   0   0   0  1.13 0.36
   24 L   -1 -5 -5 -5 -2 -3 -5 -5 -5  5  2 -4 -1 -2 -5 -4 -2 -5 -3  5    5   0   0   0   0   1   0   0   0  35  15   0   0   1   0   0   0   0   0  43  0.94 0.31
   25 N   -2 -3  5  1 -2 -3 -2 -3 -1 -5 -5 -3 -4 -5 -4  5  1 -6 -3 -4    0   0  31   6   1   0   1   0   1   0   0   0   0   0   0  54   6   0   1   0  1.10 0.40
   26 I   -3 -5 -6 -6 -3 -5 -6 -5 -4  0  2 -5  0  8 -6 -5 -4 -2  1 -1    2   0   0   0   0   0   0   1   0   4  21   0   2  65   0   0   1   0   1   3  1.45 0.41
   27 E   -1  2  0  2 -2  1  3 -3 -1 -2 -3  0 -3 -4 -3  1  3 -4 -3 -2    2  11   3  11   1   7  25   0   1   2   1   5   0   0   0   8  21   0   0   3  0.39 0.19
   28 I   -3 -5 -5 -5 -3 -5 -5 -6 -5  5  2 -5  0  2 -5 -4 -3 -4 -2  4    0   0   0   0   0   0   0   0   0  34  15   0   1  11   0   0   0   0   0  39  0.92 0.30
   29 P    0  2  1 -1 -4  1  2 -1  1 -4 -3  3 -2 -4  4 -1 -2 -4 -2 -3    6  11   6   2   0   6  14   3   4   0   1  19   1   0  23   1   1   0   1   1  0.50 0.19
   30 S   -1  4 -2 -1 -4  2  0 -3 -2 -4 -2  4 -2 -4  3  0  0 -4 -3 -3    4  22   0   2   0   8   5   0   0   0   5  28   0   0  13   6   5   0   0   0  0.50 0.21
   31 G   -2 -2 -1 -2 -5 -3 -3  7 -3 -7 -6 -2 -5 -6 -5 -2 -4 -3 -6 -6    0   2   3   2   0   0   1  87   1   0   0   2   0   0   0   1   0   0   0   0  1.79 0.46
   32 K   -2  1 -1  2 -1  1  5 -4  1 -3 -4  1 -3 -5 -3 -1 -1 -5 -2 -1    1   5   2   8   2   6  53   0   3   1   0   9   0   0   0   2   2   0   1   4  0.77 0.29
   33 S    1  0  1 -2 -1 -2 -2 -2  0 -2 -3  1 -2 -2 -3  3  3 -4 -3 -1   13   6   8   0   1   0   0   0   2   2   0   9   0   2   0  30  22   0   0   4  0.39 0.22
   34 V   -3 -4 -5 -5 -2 -4 -5 -5 -4  4  2 -4  1  1 -5 -4 -2  2  0  4    0   0   0   0   0   0   0   0   0  25  19   0   3   5   0   0   0   3   3  40  0.75 0.26
   35 A    2 -5 -3 -4 -3 -4 -5  7 -5 -6 -6 -4 -5 -6 -5 -3 -4 -5 -6 -5   17   0   0   0   0   0   0  83   0   0   0   0   0   0   0   0   0   0   0   0  1.79 0.45
   36 F   -4 -5 -6 -6 -4 -5 -6 -6 -5  6  3 -5 -1  0 -5 -5 -3 -4 -3  1    0   0   0   0   0   0   0   0   0  63  28   0   0   3   0   0   0   0   0   6  1.23 0.36
   37 I   -3 -5 -5 -5  0 -4 -5 -6 -5  5  4 -5  2 -2 -5 -4 -3 -4 -3  3    0   0   0   0   2   0   0   0   0  41  36   0   4   0   0   0   0   0   0  16  0.92 0.29
   38 G    0 -5 -3 -4 -5 -5 -5  7 -5 -7 -7 -4 -6 -6 -5 -3 -4 -5 -6 -6    5   0   0   0   0   0   0  95   0   0   0   0   0   0   0   0   0   0   0   0  2.14 0.50
   39 R   -1  5 -2 -2 -4  0 -1 -3  2 -2 -1  1 -1 -3  2 -1 -1 -4 -3 -1    5  46   1   1   0   4   1   1   5   2   5   7   1   0  10   3   4   0   0   4  0.56 0.23
   40 N   -5 -4  9 -2 -6 -3 -4 -4 -3 -7 -7 -3 -6 -6 -5 -3 -3 -7 -5 -6    0   0 100   0   0   0   0   0   0   0   0   0   0   0   0   0   0   0   0   0  2.64 0.64
   41 G   -3 -5 -3 -4 -6 -5 -5  7 -5 -7 -7 -5 -6 -6 -5 -3 -5 -6 -6 -6    0   0   0   0   0   0   0 100   0   0   0   0   0   0   0   0   0   0   0   0  2.36 0.54
   42 A    5 -4 -3 -4  0 -2 -3 -2 -4 -4 -4 -3 -3 -5 -3  4  1 -5 -4 -2   60   0   0   0   2   1   0   0   0   0   0   0   0   0   0  30   6   0   0   1  1.02 0.37
   43 G   -3 -5 -3 -4 -6 -5 -5  7 -5 -7 -7 -5 -6 -6 -5 -3 -5 -6 -6 -6    0   0   0   0   0   0   0 100   0   0   0   0   0   0   0   0   0   0   0   0  2.36 0.54
   44 K   -4 -1 -3 -4 -6 -2 -2 -5 -4 -6 -6  8 -5 -6 -4 -3 -4 -6 -5 -6    0   0   0   0   0   0   0   0   0   0   0 100   0   0   0   0   0   0   0   0  2.22 0.59
   45 S   -2 -4 -2 -3 -4 -3 -3 -3 -4 -5 -5 -3 -4 -5 -4  7  1 -6 -5 -5    0   0   0   0   0   0   0   0   0   0   0   0   0   0   0  94   6   0   0   0  1.78 0.55
   46 T   -3 -4 -3 -4 -4 -4 -4 -5 -5 -4 -4 -4 -4 -5 -4 -1  8 -6 -5 -3    0   0   0   0   0   0   0   0   0   0   0   0   0   0   0   1  99   0   0   0  2.17 0.60
   47 L   -4 -5 -6 -6 -4 -5 -5 -6 -5  1  6 -5  2 -1 -5 -3 -1 -4 -3 -1    0   0   0   0   0   0   0   0   0   5  86   0   3   1   0   1   3   0   0   0  1.31 0.39
   48 L   -4 -5 -6 -6 -4 -4 -5 -6 -5  3  5 -5  3  0 -5 -5 -3 -4 -3  0    0   0   0   0   0   0   0   0   0  16  72   0   7   2   0   0   1   0   0   2  1.14 0.34
   49 R   -3  5  1 -3 -6  4 -1 -3 -2 -5 -5  5 -4 -5 -4 -2 -3 -5 -4 -5    0  34   6   0   0  17   1   1   0   0   0  41   0   0   0   1   0   0   0   0  1.11 0.36
   50 M   -3 -4 -5 -6 -2 -4 -5 -6 -5  5  4 -4  6 -2 -5 -4 -2 -4 -3  1    0   0   0   0   1   0   0   0   0  36  35   0  21   0   0   0   1   0   0   5  1.00 0.32
   51 I   -3 -5 -6 -6 -4 -5 -5 -6 -5  6  3 -5  4 -2 -5 -5 -3 -5 -4  1    0   0   0   0   0   0   0   0   0  62  24   0   9   0   0   0   0   0   0   5  1.21 0.36
   52 G    3 -3 -1 -3  5 -2 -3  2 -3 -4 -4 -3 -3 -4 -3  3  2 -5 -4 -2   28   0   1   0  13   0   0  16   0   0   0   0   0   0   0  26  16   0   0   1  0.65 0.27
   53 G   -2  1 -2 -3 -5 -2 -4  7 -4 -6 -6 -2 -5 -6 -5 -3 -4 -5 -6 -6    0   8   1   0   0   1   0  87   0   0   0   3   0   0   0   0   0   0   0   0  1.80 0.45
   54 I    0 -4 -3 -4 -3 -3 -3 -4 -4  3  1 -3  1 -3 -4  0  3 -4 -3  3    9   0   1   0   0   0   0   0   0  24   8   0   4   0   0   4  25   0   0  25  0.50 0.22
   55 D   -2 -3 -2  2 -4 -1  3 -4 -3  1  3 -2  2 -1 -3 -2  1 -4  0 -1    1   0   0  12   0   1  26   0   0   7  31   0   5   1   0   2   9   0   3   2  0.36 0.20
   56 R    0  2  0 -1 -3  2  0 -2  1 -2 -1  2  0 -1  0  0  1 -2  1 -1    5  11   5   2   0   9   5   1   4   1   6  17   3   3   3   5  12   0   7   2  0.14 0.09
   57 P   -1 -5 -5 -5 -6 -2 -4 -5 -4 -6 -5 -4 -6 -7  9 -3 -4 -7 -6 -5    4   0   0   0   0   2   0   0   0   0   1   0   0   0  92   0   0   0   0   0  2.74 0.60
   58 D   -3 -3  2  4 -4 -3 -1 -4 -2 -4 -4 -3 -4 -5 -4  1  5 -5 -2 -3    0   0   8  28   0   0   1   0   1   0   0   0   0   0   0  10  50   0   2   0  1.01 0.36
   59 S    0  2 -1 -1  0  1  2 -1  0 -4 -3  2 -3 -4 -3  3  2 -4 -3 -3    4   9   0   1   2   5  14   2   2   0   1  11   0   0   0  34  11   0   0   1  0.40 0.20
   60 G   -3 -5 -3 -4 -6 -5 -5  7 -5 -7 -7 -5 -6 -6 -5 -3 -5 -6 -6 -6    0   0   0   0   0   0   0 100   0   0   0   0   0   0   0   0   0   0   0   0  2.36 0.54
   61 K   -1  3  0  0 -2  1  2 -3  0 -3 -3  2 -2 -3 -3  1  2 -2 -2 -2    1  19   3   3   1   4  19   0   1   1   0  15   0   0   0  14  13   0   1   3  0.37 0.17
   62 I   -2 -5 -5 -6 -3 -5 -5 -6 -5  6 -1 -5  0 -2 -5 -4 -2 -5 -3  5    2   0   0   0   0   0   0   0   0  46   2   0   1   0   0   0   0   0   0  47  1.20 0.36
   63 I   -1  2  0  0 -2  1  2 -3  1  1 -1  1 -1 -2 -3  0  1 -3 -2  0    3  16   2   3   0   6  16   0   3  13   3   9   1   1   0   4  10   0   1   7  0.16 0.11
   64 T   -2  4 -3 -4 -1 -2 -3 -4 -3  2 -1 -1  0 -3 -4 -1  2 -3 -3  3    1  28   0   0   1   1   0   0   0  15   4   2   1   0   0   5  17   0   0  25  0.44 0.22
   65 N   -2  2  4  2 -2  1  0  0  2 -4 -3  1 -3 -4 -3  1  1 -4 -2 -3    1  15  24  11   1   4   5   6   6   0   1   8   0   0   0   8   8   0   1   1  0.38 0.17
   66 K   -2 -3 -3 -4  4 -3 -4  6 -4 -4 -3  0  4 -5 -4 -1 -3 -5 -5 -3    1   1   0   0   9   1   0  61   0   0   1   6  15   0   0   3   0   0   0   2  1.13 0.35
   67 T   -2  6  0 -3 -5 -1 -2 -4 -2 -5 -4  3 -3 -5 -4  2  1 -5 -4 -4    1  50   4   0   0   1   0   0   0   0   0  15   0   0   0  17  10   0   0   0  0.95 0.33
   68 I   -3 -5 -5 -5 -2 -4 -5 -6 -5  5  1 -4  1 -2 -5 -4 -1 -5 -3  5    0   0   0   0   1   0   0   0   0  40   7   0   3   0   0   0   2   0   0  46  1.05 0.33
   69 S    3 -3 -2 -3 -2 -3 -3 -1 -3 -4 -4 -3 -4 -5 -3  6  0 -5 -4 -2   30   0   0   0   0   0   0   2   0   0   0   0   0   0   0  61   2   0   0   3  1.05 0.39
   70 W    3 -4 -4 -5 -3 -4 -4 -2 -4 -4 -4 -4 -4  1  2  1 -3 10 -2 -4   31   0   0   0   0   0   0   2   0   0   0   0   0   7  11  10   1  38   0   0  1.45 0.41
   71 P   -4 -5 -5 -5 -4 -4 -4 -5 -5 -1  4 -4  1 -1  6 -4 -3 -5 -4 -3    0   0   0   0   0   0   0   0   0   2  47   0   3   2  44   0   0   0   0   0  1.34 0.38
   72 V   -3 -5 -6 -6 -3 -4 -5 -6 -5  3  5 -5  1 -2 -5 -5 -3 -4 -3  2    0   0   0   0   0   0   0   0   0  19  68   0   1   0   0   0   0   0   0  12  1.10 0.33
   73 G    2 -3 -3 -1 -5 -1  5  4 -3 -5 -5 -2 -4 -5 -4 -2 -3 -5 -5 -5   15   0   0   1   0   1  52  32   0   0   0   0   0   0   0   0   0   0   0   0  1.08 0.37
   74 L   -3 -4 -5 -6 -4 -4 -5 -5 -4 -1  5 -4  0  5 -5 -4 -3 -3  0  1    0   0   0   0   0   0   0   1   0   0  62   1   0  25   0   0   1   0   3   7  1.01 0.32
   75 A    1 -3 -1 -3 -4 -1 -4  6 -4 -4 -5 -3  1 -5 -4  1 -1 -5 -5 -4   11   0   2   0   0   3   0  64   0   0   0   0   5   0   0  10   4   0   0   0  1.09 0.33
   76 G    3 -3 -2 -3 -3 -3 -3  4 -3 -3 -3 -3  1 -3 -3  2  1 -4 -3 -1   29   0   1   0   0   0   0  38   0   1   0   0   5   0   0  14   8   0   1   3  0.66 0.26
   77 G    1 -5 -3 -4 -1 -4 -4  7 -5 -6 -6 -4 -5 -4 -5 -1 -3 -5 -5 -5   10   0   0   0   1   0   0  83   0   0   0   0   0   1   0   5   1   0   0   0  1.68 0.43
   78 F   -5 -6 -6 -7 -5 -6 -6 -6 -4 -1 -1 -6 -1  9 -7 -5 -4 -2  0 -1    0   0   0   0   0   0   0   0   0   3   4   0   1  87   0   0   0   0   0   5  2.18 0.52
   79 Q   -3 -2  5  1 -5  5 -1 -3  7 -3 -5 -2 -4 -5 -4 -2 -2 -5 -3 -2    1   0  29   8   0  27   1   1  28   2   0   0   0   0   0   0   1   0   0   3  1.10 0.37
   80 G   -1 -2 -1 -3 -5 -2 -3  3 -2 -5 -4 -2  0 -3  6  0 -3 -4 -2 -4    3   2   2   0   0   1   0  28   1   0   1   1   3   1  48   8   1   0   1   0  1.16 0.33
   81 S   -1 -1  0  3 -4  1  4 -3 -2 -3 -4  0 -3 -5 -3  3  0 -5 -4 -4    2   3   3  18   0   4  36   0   0   2   1   3   0   0   0  24   3   0   0   0  0.66 0.26
   82 L   -3 -4 -5 -6 -4 -3 -4 -6 -1  0  5 -4  4  4 -5 -4 -3 -3  2 -1    1   0   0   0   0   0   0   0   1   2  54   0  14  20   0   0   0   0   7   0  0.95 0.31
   83 T   -2 -4 -2 -4 -4 -3 -4 -4 -4 -4 -4 -3 -4 -5 -4  3  7 -5 -5 -3    0   0   1   0   0   0   0   0   0   0   0   0   0   0   0  22  77   0   0   0  1.61 0.50
   84 G    1 -5 -3 -4 -5 -4 -5  7 -5 -6 -6 -4 -5 -6 -5 -3 -4 -5 -6 -5   12   0   0   0   0   0   0  88   0   0   0   0   0   0   0   0   0   0   0   0  1.92 0.47
   85 R    0  7 -3 -4 -5 -2 -1 -4 -2  0 -1  0  2 -3 -4 -3 -3 -5 -1 -3    8  63   0   0   0   0   2   0   0   7   6   3   6   0   0   0   1   0   2   1  1.02 0.35
   86 E   -3 -3 -2  4 -6  4  6 -4 -2 -6 -6 -2 -4 -6 -4 -3 -3 -6 -5 -5    1   0   0  21   0  17  60   0   0   0   0   0   0   0   0   0   0   0   0   0  1.38 0.42
   87 N   -5 -4  9 -2 -2 -3 -4 -4 -3 -7 -7 -3 -6 -6 -5 -3 -3 -7 -5 -6    0   0  99   0   1   0   0   0   0   0   0   0   0   0   0   0   0   0   0   0  2.59 0.63
   88 V    1 -4 -4 -5 -1 -4 -4 -4 -5  4  1 -4  0 -2 -4 -2  0 -4 -3  4   12   0   0   0   1   0   0   0   0  30   9   0   1   0   0   2   5   0   0  40  0.69 0.25
   89 K   -4  5 -3 -4 -5 -2 -3 -5 -1 -1 -2  2 -1  3 -5 -3 -3 -1  6 -3    0  32   0   0   0   0   0   0   1   3   2  12   1  13   0   0   0   0  34   0  0.99 0.33
   90 F   -3 -5 -5 -6 -3 -4 -5 -5 -1  0  3 -5  4  7 -5 -4 -3 -2  1 -1    1   0   0   0   0   0   0   0   1   2  34   0  10  46   0   0   1   0   3   1  1.09 0.33
   91 V   -1 -3  6 -2 -3 -2 -3 -3 -3  3 -1 -3 -2 -3 -4 -1 -2 -5  0  2    4   0  41   0   0   1   0   0   0  23   2   0   0   0   0   4   1   0   4  19  0.68 0.29
   92 A    4 -4 -3 -4  5 -3 -4  4 -4 -4 -4 -3 -1 -4 -4  0 -2 -5 -4 -3   41   0   0   0  12   0   0  38   0   0   0   0   1   0   0   5   1   0   0   0  0.97 0.32
   93 R    2  5 -2 -3 -3  1 -2 -2 -3 -3 -2 -1  0 -4 -3  1  1 -5 -4 -2   20  44   0   0   0   6   1   2   0   1   2   0   2   0   0  12   8   0   0   2  0.64 0.27
   94 L   -2 -5 -5 -5 -3 -4 -5 -6 -5  5  3 -4  2 -2 -5 -4 -2 -4 -3  3    1   0   0   0   0   0   0   0   0  43  29   0   5   0   0   0   0   0   0  20  0.92 0.29
   95 Y   -4 -4 -2 -5 -4 -2 -4 -5  3 -1  3 -4  3  1 -5 -4 -4 -2  7 -2    0   0   2   0   0   1   0   0   6   1  37   0  10   3   0   0   0   0  39   0  1.04 0.35
   96 A   -1 -4  0 -2 -5 -3 -4  7 -4 -6 -5 -4 -5 -5 -4 -2 -4 -5 -5 -5    3   0   5   1   0   1   0  85   0   0   1   0   0   0   0   2   0   0   0   0  1.70 0.41
   97 K   -1 -1 -1 -2 -2 -1 -2 -2  0  0  0  0  1 -1 -2  2  2 -2  1  1    3   4   1   1   0   1   1   1   3   3  12   5   5   2   1  26  14   0   6  12  0.16 0.12
   98 Q   -2  4  1  3 -4  1  0 -1  0 -4 -3  3 -3 -4  0  0  0 -4 -3 -3    2  24   5  18   0   5   2   3   2   1   1  23   0   0   4   5   4   0   0   1  0.44 0.17
   99 E    1  1 -1  1 -3  1  3 -1 -1 -3 -3  2 -2 -3  1  0  0 -3 -3 -2   12   7   2   6   0   6  22   3   1   1   1  18   0   1   8   5   6   0   0   2  0.28 0.12
  100 E   -2 -2 -1  4 -5  2  5 -4 -2 -5 -5 -1 -4 -2 -2 -1 -2 -5 -3 -4    1   1   1  27   0   8  51   0   0   0   0   2   0   2   1   2   1   0   0   0  1.02 0.32
  101 L   -2 -3 -4 -4 -3 -3 -3 -4 -3  5  1 -3  3  0 -2 -3  0 -1  3  2    2   0   0   0   0   1   1   1   0  41  12   0  10   2   1   1   6   1  12   9  0.54 0.21
  102 K    0  2  0  4 -3  1  2 -2  0 -2 -2  2 -2 -3 -1 -1 -1 -4 -2 -1    9  11   4  26   0   4  12   1   2   2   2  13   1   0   2   3   2   0   1   6  0.29 0.13
  103 E    1  2 -1  1 -4  2  4 -2 -1 -4 -4  2 -3 -4 -2  0 -1 -4 -2 -4   14  12   2   7   0   7  36   2   1   0   0  10   0   0   1   4   2   0   1   0  0.51 0.21
  104 K   -1  4 -2 -2 -2  0 -1 -3  0  0  0  4  1 -3 -3 -2  0 -3 -1  1    3  23   1   1   1   1   1   1   2   5  11  29   3   0   0   1   4   0   2  10  0.34 0.17
  105 I   -2 -1 -3 -3 -2 -2 -1 -4 -2  2  2 -2  2  4 -3 -2 -1 -2  2  1    1   3   0   0   0   1   4   1   0  15  19   2   7  22   0   1   4   0   7  10  0.32 0.14
  106 E    1  0  0  5 -4  0  2 -2 -1 -4 -5 -1 -4 -5  2 -1 -2 -5 -4 -4   15   4   4  42   0   4  14   1   1   0   0   2   0   0   9   3   0   0   0   0  0.70 0.25
  107 F   -1  0 -2  2 -3  0  3 -4 -2 -3 -3 -1 -2  5 -3 -1 -3  0  3 -3    4   4   1  15   1   4  23   0   0   0   1   3   0  30   0   5   0   1   8   0  0.53 0.23
  108 V   -3 -5 -5 -6  3 -5 -5 -6 -6  6 -1 -5 -1 -3 -5 -4 -1 -5 -4  5    0   0   0   0   5   0   0   0   0  54   0   0   0   0   0   0   3   0   0  37  1.23 0.37
  109 E    0  1 -2 -1 -3  1  4 -4 -2  2  0 -1 -1 -2 -3 -2 -2 -4 -2  2    7   7   0   2   0   6  31   0   1  17   6   2   0   1   0   0   1   0   1  18  0.33 0.19
  110 E    2 -1  0  4 -4  0  4 -2 -2 -4 -4 -1 -4 -4 -3  0 -2  3 -3 -3   18   2   2  29   0   2  29   2   1   0   0   2   0   0   0   5   1   5   0   1  0.65 0.25
  111 F   -5 -6 -6 -7 -6 -6 -6 -6 -4 -3 -1 -6 -2  9 -7 -6 -5 -2  0 -4    0   0   0   0   0   0   0   0   0   0   5   0   1  94   0   0   0   0   0   0  2.55 0.58
  112 A    5 -4 -3 -4  2 -3 -3 -2 -4 -4 -4 -3 -3 -5 -3  3  0 -5 -4 -3   63   0   0   0   5   0   0   0   0   0   0   0   0   0   0  27   5   0   0   0  1.08 0.38
  113 E   -3 -3 -1  4 -6  1  6  0 -3 -6 -6 -2 -5 -6 -4 -3 -3 -6 -5 -5    0   0   1  20   0   3  67   8   0   0   0   0   0   0   0   0   0   0   0   0  1.35 0.41
  114 L   -4 -5 -6 -6 -3 -5 -5 -6 -5  5  5 -5  0 -2 -5 -5 -3 -4 -3  1    0   0   0   0   0   0   0   0   0  39  55   0   0   0   0   0   0   0   0   5  1.14 0.34
  115 G   -2 -2 -2 -2 -5 -2  1  7 -4 -6 -6 -2 -5 -6 -5 -2 -4  0 -5 -6    1   2   1   1   0   1  12  79   0   0   0   2   0   0   0   1   0   1   0   0  1.52 0.40
  116 K   -1  1  1  4 -4  1  3 -2 -1 -3 -4  2 -3 -4  1 -1 -2 -5 -3 -3    4   7   5  25   0   5  24   1   1   1   1  15   0   0   5   3   1   0   1   0  0.49 0.19
  117 Y   -1 -3 -4 -5 -5 -2 -4 -5  3 -3 -3 -3 -3  7 -5 -3 -4  0  6 -3    6   1   0   0   0   2   0   0   7   0   0   1   0  49   0   1   0   0  31   0  1.43 0.40
  118 F   -4 -5 -5 -5 -4 -4 -5 -6 -4  5  3 -4  2  5 -5 -4 -3 -3  0  0    0   0   0   0   0   0   0   0   0  39  23   1   5  27   0   0   0   0   2   3  0.90 0.29
  119 D   -4  0  2  7 -6 -2  1 -3  2 -5 -5 -2 -4 -3 -4 -2 -3 -3  2 -5    0   6   8  62   0   0   6   1   6   0   0   1   0   1   0   0   0   0   8   0  1.20 0.36
  120 M   -1 -1 -1 -1 -4  5  3 -4 -1 -2 -1 -1  4 -4 -3 -1  1 -4 -2  0    4   1   2   1   0  33  20   0   1   0   5   0  14   0   0   2   8   0   1   6  0.56 0.27
  121 P   -3 -5 -5 -4 -6 -3 -4 -5 -5 -6 -6 -2 -6 -7  9 -4 -4 -7 -6 -5    1   0   0   0   0   1   0   0   0   0   0   3   0   0  94   0   0   0   0   0  2.85 0.61
  122 I   -3 -5 -5 -6 -3 -5 -5 -6 -5  3  1 -5  1 -2 -5 -4 -2 -5 -3  6    0   0   0   0   0   0   0   0   0  17  10   0   3   1   0   0   1   0   0  69  1.18 0.36
  123 K   -2  4 -1 -3 -6  0 -2  0 -2 -5 -5  6 -3 -5 -4 -2 -3 -5 -3 -5    1  22   3   0   0   2   0   6   0   0   0  64   0   0   0   1   0   0   1   0  1.22 0.39
  124 T   -2  0  3 -2 -3 -2 -3 -3  1 -2 -3 -2 -2 -2 -3  2  6 -5 -2 -1    1   5  13   1   0   0   0   1   4   1   0   1   1   1   0  12  55   0   1   4  0.80 0.32
  125 Y   -5 -5 -6 -7 -6 -5 -6 -7 -2 -5 -3 -5 -4  2 -7 -5 -5 -1 10 -5    0   0   0   0   0   0   0   0   0   0   1   0   0   4   0   0   0   0  95   0  2.91 0.66
  126 S   -2 -4 -2 -3 -4 -3 -3 -3 -4 -6 -6 -3 -5 -6 -4  7 -2 -6 -5 -5    0   0   0   0   0   0   0   0   0   0   0   0   0   0   0 100   0   0   0   0  1.99 0.59
  127 S    1 -4 -2 -3 -4 -2 -3 -3 -3 -5 -5 -3 -4 -5 -4  7 -1 -6 -5 -4    7   0   0   0   0   1   0   0   0   0   0   0   0   0   0  90   1   0   0   0  1.63 0.52
  128 G   -3 -5 -3 -4 -6 -5 -5  7 -5 -7 -7 -5 -6 -6 -5 -3 -5 -6 -6 -6    0   0   0   0   0   0   0 100   0   0   0   0   0   0   0   0   0   0   0   0  2.36 0.54
  129 M   -5 -5 -6 -7 -5 -3 -6 -6 -5 -2 -1 -5 11 -4 -6 -5 -4 -5 -5 -3    0   0   0   0   0   1   0   0   0   0   0   0  99   0   0   0   0   0   0   0  3.16 0.74
  130 R   -1  4 -2 -3 -4  1 -2 -2 -1 -1 -1  2  0  2 -4 -1 -2 -2  4 -1    5  26   0   0   0   8   0   2   0   2   4  13   3  11   0   2   1   0  18   4  0.42 0.20
  131 S    4 -3 -3 -4 -3 -3 -3 -2 -4 -1 -2 -3  3 -3 -2  2 -1 -5 -3  3   37   0   0   0   0   0   0   1   0   1   1   0  10   0   1  20   1   0   0  27  0.60 0.28
  132 R   -5  8 -3 -5 -7 -2 -3 -5 -3 -6 -5  1 -5 -6 -5 -4 -4 -6 -5 -6    0  95   0   0   0   0   0   0   0   0   0   5   0   0   0   0   0   0   0   0  2.34 0.57
  133 L   -4 -5 -6 -6 -4 -5 -6 -6 -5  0  6 -5  0  1 -6 -5 -4 -4 -3  0    0   0   0   0   0   0   0   0   0   2  88   0   0   6   0   0   0   0   0   3  1.41 0.41
  134 G    6 -3 -2 -4 -3 -2 -3  3 -4 -4 -3 -3 -3 -5 -3  0  0 -5 -4 -2   67   0   1   0   0   1   0  19   0   0   1   0   0   0   0   5   4   0   0   1  0.98 0.35
  135 F   -6 -6 -6 -7 -6 -7 -7 -7 -5 -3 -3 -6 -1  9 -7 -6 -5 -2  0 -4    0   0   0   0   0   0   0   0   0   0   0   0   2  98   0   0   0   0   0   0  2.75 0.61
  136 G    5 -4 -3 -3 -3 -3 -3  3 -4 -4 -4 -3 -4 -5 -3  3 -2 -5 -4 -3   53   0   0   0   0   0   0  23   0   0   0   0   0   0   0  24   0   0   0   0  0.98 0.35
  137 L   -2 -4 -5 -5  2 -4 -5 -5 -5  3  3 -4  1 -2 -4 -3 -1 -4 -3  5    1   0   0   0   4   0   0   0   0  15  28   0   3   1   0   1   2   0   0  45  0.77 0.27
  138 S    4 -3 -2 -3 -2 -1 -3 -2 -3 -1 -2 -3  1 -4 -3  4 -1 -5 -3 -2   43   0   1   0   1   3   0   0   0   4   2   0   4   0   0  40   1   0   0   2  0.75 0.32
  139 M    1 -4 -4 -4 -3 -3 -4 -4 -4  3  2 -3  6 -1 -4 -2  2 -4 -3  1   12   0   0   0   0   0   0   0   0  21  17   0  24   2   0   2  14   0   0   8  0.55 0.24
  140 A    4 -3  2 -3 -1  0 -2  0  5 -1 -3 -2 -1 -4 -3  0 -2 -3 -2 -1   41   0  12   0   1   4   0   5  20   4   1   1   1   0   0   5   1   0   0   3  0.56 0.26
  141 F   -1 -3 -4 -5 -2 -4 -4 -4 -4  4  1 -4  0  3 -4 -2  0 -3 -1  4    3   1   1   0   0   0   0   1   0  25  13   0   1  14   0   1   5   0   0  35  0.57 0.22
  142 K   -3  1  1  5 -5  0  4 -2  0 -5 -5  1 -4 -5 -2 -2 -2 -5 -4 -4    1   8   5  41   0   3  28   1   2   0   0   7   0   0   1   1   1   0   0   0  0.87 0.28
  143 F    0 -4 -5 -5 -5 -5 -4 -4 -4 -4 -3 -4 -4  7  6 -2 -4 -3 -1 -4    7   0   0   0   0   0   0   1   0   0   0   0   0  45  45   2   0   0   0   0  1.62 0.44
  144 D   -4 -4 -2  8 -6 -1  3 -4 -4 -6 -6 -3 -6 -6 -4 -2 -4 -7 -6 -6    0   0   0  79   0   2  17   0   0   0   0   1   0   0   0   1   0   0   0   0  1.88 0.48
  145 Y   -3 -5 -5 -5  6 -5 -5 -5 -4  6 -1 -5 -1 -1 -5 -4  0 -4  2  2    0   0   0   0  18   0   0   0   0  52   2   0   1   2   0   0   5   0   8  12  1.03 0.33
  146 Y   -4 -5 -5 -6 -4 -4 -5 -6 -3 -1  4 -5 -1  3 -6 -5 -4 -2  7 -2    0   0   0   0   0   0   0   0   0   1  52   0   1   8   0   0   0   0  38   0  1.28 0.39
  147 I   -3 -5 -6 -6 -3 -5 -5 -6 -5  5  4 -5  1 -2 -5 -5 -3 -4 -3  1    0   0   0   0   0   0   0   0   0  39  52   0   1   0   0   0   0   0   0   8  1.08 0.33
  148 V   -2 -5 -5 -5 -2 -5 -5 -5 -5  5  0 -5 -1 -3 -5 -2 -2 -5 -4  5    2   0   0   0   1   0   0   0   0  43   3   0   0   0   0   3   2   0   0  46  1.07 0.34
  149 D   -5 -5 -2  8 -7 -3 -1 -5 -4 -7 -7 -4 -6 -7 -5 -3 -4 -8 -6 -7    0   0   0 100   0   0   0   0   0   0   0   0   0   0   0   0   0   0   0   0  2.58 0.60
  150 E   -4 -3 -3 -1 -7 -1  8 -5 -3 -7 -6 -2 -5 -7 -4 -3 -4 -6 -5 -6    0   0   0   0   0   0 100   0   0   0   0   0   0   0   0   0   0   0   0   0  2.29 0.60
  151 V    3 -4 -4 -5 -3 -4 -4 -3 -5  3 -1 -4  2 -3 -4 -2 -2 -5 -3  5   34   0   0   0   0   0   0   1   0  14   2   0   6   0   0   0   1   0   0  42  0.75 0.30
  152 T   -3 -4 -4 -5 -3 -4 -4 -3 -4  1  5 -4  2 -2  0 -3  3 -3 -2  0    1   0   0   0   0   0   0   2   0   8  57   0   3   0   5   0  20   0   1   2  0.68 0.27
  153 A    5 -4 -2 -4 -3 -3 -3 -1 -3 -4 -4 -3 -1 -5 -3  4 -2 -5 -4 -3   60   0   1   0   0   0   0   3   0   0   1   0   1   0   0  34   0   0   0   0  1.05 0.38
  154 V   -1 -5 -5 -6 -3 -5 -5 -6 -6  0 -2 -5 -2 -4 -5 -2  0 -6 -4  7    4   0   0   0   0   0   0   0   0   0   0   0   0   0   0   2   5   0   0  89  1.55 0.46
  155 G   -2 -5 -3 -4 -5 -5 -5  7 -5 -7 -7 -4 -6 -6 -5 -3 -1 -5 -6 -6    1   0   0   0   0   0   0  95   0   0   0   0   0   0   0   0   4   0   0   0  2.12 0.50
  156 D   -5 -5 -2  8 -7 -4 -2 -5 -5 -7 -7 -4 -7 -7 -5 -4 -5 -8 -7 -7    0   0   0 100   0   0   0   0   0   0   0   0   0   0   0   0   0   0   0   0  2.69 0.65
  157 A    4 -1 -3 -2 -3  0  1 -2  0  1 -2 -1  0 -1  0  1 -1 -4 -1  1   40   2   0   0   0   3  10   1   2   8   2   3   3   2   3   8   1   0   1  10  0.27 0.18
  158 R    1  4  1 -2 -3  0  0 -2  1 -2 -2  1 -2  0 -1  0 -1 -3  1 -2   15  26   7   1   0   3   7   2   3   1   4   8   0   6   2   5   1   0   6   3  0.23 0.14
  159 F   -6 -7 -7 -7 -6 -7 -7 -7 -5 -4 -3 -7 -3  9 -7 -6 -6 -2  0 -4    0   0   0   0   0   0   0   0   0   0   0   0   0 100   0   0   0   0   0   0  2.96 0.68
  160 K   -2  3  1 -3 -5  6 -1 -3  2 -4 -4  2 -2 -5 -4 -1 -1 -5 -2 -4    2  17   5   0   0  50   0   1   4   0   1  11   1   0   0   3   3   0   1   0  1.01 0.38
  161 E    1  3 -1  0 -4  3  2 -3  2 -3 -2  3 -1 -3 -3 -1 -2 -4 -2 -3   15  18   2   4   0  16  13   0   6   1   3  19   1   1   0   2   1   0   1   1  0.44 0.21
  162 K   -4  2 -3 -4 -3 -1 -2 -5 -4 -6 -6  8 -3 -6 -4 -3 -4 -6 -5 -6    0   9   0   0   1   0   0   0   0   0   0  89   0   0   0   0   0   0   0   0  1.99 0.56
  163 C    1 -6 -5 -6 10 -5 -6 -4 -6 -5 -5 -5 -4 -4 -5  2 -3 -6 -5 -4   12   0   0   0  68   0   0   1   0   0   0   0   0   1   0  18   0   0   0   0  2.35 0.58
  164 A    0  1 -1 -2 -3  0  1 -1  1  0  1  0  3  3 -3 -1 -1 -2  1 -1    7   8   3   1   0   5   9   5   4   6  11   6  11  14   0   1   1   0   6   1  0.12 0.11
  165 Q    1  2  0  2 -4  1  2  0  1 -3 -3  2 -2 -3 -3  0 -1 -4 -1 -2   12  14   4  13   0   7  17   5   3   1   1  11   0   0   0   5   3   0   3   2  0.27 0.13
  166 L    1  3 -2 -2 -3 -1  1 -3 -2  1 -1  3 -1  0 -3 -2 -1 -4 -1  0   11  23   0   0   0   0  13   0   0   8   5  21   2   5   0   1   1   0   2   9  0.30 0.18
  167 F   -4 -4 -5 -6 -4 -4 -5 -6 -4  3  3 -4  5  5 -5 -4 -3 -2  0 -1    0   0   0   0   0   0   0   0   0  21  33   1  18  25   0   0   0   0   2   1  0.95 0.32
  168 K   -1  3  1 -1 -4  1  2 -2  0 -2 -2  3 -1  2 -3 -1 -1 -3 -1 -3    5  18   6   3   0   7  16   1   2   1   3  18   2  11   0   2   3   0   2   0  0.30 0.16
  169 E    0 -1 -1  2 -5  2  5 -3 -1 -4 -3  0 -1 -3 -3  0 -1 -5 -4 -2    7   2   1  10   0   7  50   1   1   0   2   5   2   1   0   6   2   0   0   3  0.68 0.28
  170 R   -3  5 -2 -4 -5 -1 -2 -5 -3 -2 -1  4  3  2 -4 -3 -3 -4 -2 -2    0  40   1   0   0   1   0   0   0   1   5  31   9   8   0   0   0   0   1   3  0.89 0.33
  171 H   -1  4  0  0 -2  1  1 -3  0 -2  0  2  1 -3 -3  0 -1 -4 -2 -1    5  25   3   6   1   6  10   1   2   1  13  11   4   0   0   6   2   0   1   3  0.24 0.14
  172 K    1  2  1  0 -4  2  2  0 -1 -4 -4  3 -2 -4 -2  1 -1 -4 -3 -3   12  11   5   3   0  12  15   7   0   0   0  23   0   0   0   9   2   0   0   0  0.40 0.18
  173 E   -2  0  1  2 -4  0  0  5  1 -5 -5  0 -4 -4 -4 -1  0 -5 -3 -4    0   6   6  13   0   4   6  46   3   0   0   6   0   0   0   3   8   0   0   0  0.65 0.24
  174 S    2  3 -2 -3  0 -2 -2  1 -3 -2 -3  1 -2 -4 -3  2  3 -4 -3  0   16  20   0   0   2   0   0   9   0   1   0   9   1   0   0  14  21   0   0   8  0.37 0.21
  175 S    1 -3  0 -1 -1 -3 -3 -1 -3 -4 -4 -1 -3 -5 -4  3  6 -5 -4 -3   10   1   3   3   1   0   0   5   0   0   0   3   0   0   0  18  56   0   0   0  0.92 0.37
  176 F   -1 -4 -5 -5 -3 -4 -5 -5 -4  5  3 -4  3  1 -5 -4 -2 -4 -3  3    4   0   0   0   0   0   0   0   0  35  25   0   6   6   0   0   1   0   0  23  0.76 0.27
  177 L   -3 -5 -6 -6 -4 -5 -5 -6 -6  6  4 -5  0 -1 -5 -5 -3 -5 -3  2    1   0   0   0   0   0   0   0   0  45  41   0   0   1   0   0   0   0   0  12  1.12 0.35
  178 M   -4 -5 -5 -6 -4 -4 -5 -6 -4  3  2 -5  6  6 -5 -5 -4 -3  1  0    0   0   0   0   0   0   0   0   0  16  19   0  22  35   0   0   0   0   3   6  1.07 0.35
  179 V   -2 -6 -6 -6 -2 -5 -6 -6 -6  1 -2 -6 -2 -4 -6 -5 -2 -6 -4  7    1   0   0   0   1   0   0   0   0   3   0   0   0   0   0   0   1   0   0  94  1.92 0.55
  180 S   -1 -4 -2 -3 -4 -3 -3 -3 -4 -5 -6 -3 -5 -6 -4  7  2 -6 -5 -5    1   0   1   0   0   0   0   1   0   0   0   0   0   0   0  86  11   0   0   0  1.69 0.56
  181 H   -6 -4 -3 -5 -7 -3 -4 -6 11 -7 -7 -5 -6 -5 -6 -5 -6 -6 -2 -7    0   0   0   0   0   0   0   0 100   0   0   0   0   0   0   0   0   0   0   0  3.72 0.82
  182 S   -1 -3  3  5 -4  1 -1 -1 -1 -5 -5 -2 -4 -5 -4  4 -1 -3 -4 -4    4   0  13  31   0   7   2   3   1   0   0   0   0   0   0  36   1   0   0   0  0.82 0.33
  183 L    0 -2 -2 -2 -3 -2 -1 -2 -2  1  2 -2  5 -2  2 -1  1 -4 -3  0   10   2   1   1   0   1   4   2   1   7  17   1  23   1  12   4   9   0   0   5  0.33 0.19
  184 N    1 -1  2  2 -3  0  1  3  1 -4 -4  0 -2 -3 -1  2 -1 -3 -1 -3   11   2  11  11   0   3  11  21   3   0   0   4   1   0   3  16   2   0   2   0  0.31 0.15
  185 S    2 -2 -1  0 -3  2  0 -2 -1  0 -1 -2  1 -1 -3  2  2 -4 -1 -1   18   0   1   4   0  14   6   0   1   6   4   0   4   2   0  15  18   0   2   2  0.23 0.17
  186 L   -3 -5 -6 -6 -3 -5 -5 -6 -5  5  2 -5  2 -3 -5 -4 -3 -5 -4  4    1   0   0   0   0   0   0   0   0  39  20   0   4   0   0   0   0   0   0  37  1.06 0.34
  187 K   -2  5 -1 -3 -5  2  2 -4 -2 -1 -2  4 -2 -4 -4 -1 -1 -5 -3 -1    2  31   1   0   0   7  11   0   0   3   4  30   0   0   0   3   3   0   0   4  0.64 0.27
  188 E   -1  2  2  1 -3  2  3 -2 -1 -4 -4  2 -2 -4 -3  1  1 -4 -3 -3    5  10  10   6   0  11  19   1   1   0   0  17   1   0   0  12   7   0   0   0  0.42 0.19
  189 F   -4 -4 -3 -5 -4 -3 -4 -5  3  1  3 -4  2  4 -5 -4 -3  2  4 -1    0   0   1   0   0   1   0   0   9   9  30   0   5  20   0   0   0   2  19   3  0.72 0.27
  190 C   -2 -7 -7 -7 12 -7 -8 -6 -7 -5 -5 -7 -5 -6 -7 -4 -4 -6 -6 -4    3   0   0   0  95   0   0   0   0   0   0   0   0   0   0   1   1   0   0   0  3.75 0.79
  191 D   -3  0  2  6 -5  2  1 -3 -1 -5 -5 -2 -4 -5 -3  1  1 -6 -4 -5    0   5  11  50   0   9   5   0   1   0   0   1   0   0   0   8   9   0   0   0  0.97 0.33
  192 V    0  5  0 -3 -2  0 -1 -3  1 -2 -3  2 -1 -4 -3  1  0 -4 -3 -2    6  40   5   0   1   3   2   0   3   2   1  13   2   0   0  14   4   0   1   3  0.56 0.24
  193 A    5 -4 -4 -4  0 -4 -4  3 -4 -1 -4 -3 -3 -3 -4  0 -2 -3 -4  1   58   0   0   0   2   0   0  18   0   3   0   0   0   1   0   3   1   0   0  12  0.84 0.34
  194 I    2 -4 -5 -5 -1 -4 -4 -3 -4  5  2 -4  2 -1 -4 -3 -2 -4 -2  3   18   0   0   0   1   0   0   1   0  38  15   0   5   1   0   1   0   0   1  17  0.62 0.25
  195 V   -4 -4 -6 -6 -2 -4 -5 -6 -2  1  3 -5  0  1 -5 -5 -3  8  2  4    0   0   0   0   1   0   0   0   1   5  25   0   1   4   0   0   0  23   6  34  1.09 0.35
  196 F   -4 -5 -6 -6 -4 -5 -6 -6 -6  3  6 -5  2 -1 -6 -5 -4 -4 -4 -1    0   0   0   0   0   0   0   0   0  19  73   0   5   1   0   0   0   0   0   1  1.32 0.41
  197 K   -2  1  2  3 -4  1  3 -2  4 -3 -3  1  0 -3 -3 -1 -2 -4 -1 -3    2   6   9  19   0   4  20   2  10   1   2  10   3   1   0   4   1   0   3   2  0.39 0.18
  198 N   -1  1  4  3 -4  1  0  0  3 -5 -4  3 -4 -4 -3  0 -2 -5 -3 -4    4   7  21  18   0   6   5   5   8   0   0  19   0   0   0   4   1   0   0   0  0.53 0.22
  199 S   -3 -4 -2 -3 -4 -3 -3  7 -1 -7 -7 -4 -6 -6 -5 -2 -4 -6 -5 -6    0   1   1   1   0   1   1  90   2   0   0   0   0   0   0   2   0   0   0   0  1.99 0.52
  200 Y   -2  4  1 -1 -4  2  2 -1  2 -4 -3  3 -2 -4 -3 -1 -1 -4 -2 -3    2  23   5   2   0  10  14   4   5   1   1  24   1   0   0   3   3   0   1   2  0.48 0.20
  201 I   -1 -2 -2 -3 -1 -1 -2 -2 -2  2  3 -1  3 -1 -3 -2 -1 -3 -2  2    6   1   1   1   1   3   2   2   1  14  35   3   8   2   1   1   2   0   0  14  0.29 0.14
  202 I   -1 -1 -3 -3 -2 -2 -2 -3 -2  3  1 -1  1  0 -2 -2  1 -2  1  3    5   3   1   1   0   1   2   1   0  21  13   4   4   2   1   1   9   0   6  25  0.25 0.13
  203 G    1  1  0  0 -1  1  1 -1  3 -2 -2  1  0 -1 -1  0  0 -1 -1 -2   14   8   3   4   1   6  12   4  11   1   4  12   3   2   1   6   4   1   2   2  0.14 0.08
  204 Y   -1 -2 -2 -1 -2  0  0 -3  0  1  0 -1  3  2 -2 -1 -1  3  3  1    3   2   1   3   0   4   7   1   2   9   7   2  13  11   1   5   2   5  11   9  0.18 0.11
  205 Y   -2 -3 -2  0  0 -1 -1  2  1 -1 -2 -3 -2  5 -3 -2 -1 -1  4 -2    1   1   2   7   2   2   3  16   3   3   2   1   0  29   1   2   3   0  18   1  0.49 0.20
  206 E   -2 -3  0  4 -4 -2  3  4 -1 -5 -5 -2 -4 -5  0 -1 -2 -5 -5 -5    2   0   2  28   0   0  18  35   1   0   0   1   0   0   5   4   1   0   0   0  0.81 0.30
  207 N   -1 -1  3  5 -3 -1  0 -2 -1 -4 -3  0 -3 -4  0  2  2 -5 -3 -3    3   2  12  35   0   1   3   1   1   0   2   6   0   0   3  14  15   0   0   1  0.58 0.24
  208 V    1 -3 -3 -4 -2 -3 -3 -3 -4  3  1 -3  1 -2  3 -1  0 -4 -3  3   11   1   0   0   0   0   0   1   0  15  11   1   3   1  17   3   6   0   0  29  0.44 0.20
  209 Q    0  0  2  4 -5  0  4 -1 -1 -4 -4  1 -3 -3 -2 -1 -1 -5 -4 -4    7   3   9  26   0   3  27   5   1   0   1  10   0   1   1   3   2   0   0   1  0.53 0.23
  210 S   -1 -1 -1  3 -4  1  5 -3 -1 -3 -4  0 -3 -3 -3 -1 -1 -4 -2 -2    6   2   2  19   0   4  44   1   1   1   1   5   0   1   1   4   4   0   1   2  0.67 0.29
  211 G    4 -4 -4 -4 -2 -4 -4  0 -4  1 -2 -4  0 -4 -4 -2 -1 -5 -3  4   45   0   0   0   0   0   0   8   0   7   1   0   3   0   0   1   2   0   0  32  0.76 0.34
  212 I   -1 -4 -4 -5  3 -4 -4 -4 -2  5  1 -1  2  0 -4 -2 -1 -4  1  2    3   0   0   0   8   0   0   1   1  41  10   4   5   2   0   2   2   0   6  14  0.58 0.25
  213 D    1  1  1  3 -3  1  2 -2  0 -3 -3  1 -3 -4 -2  0 -1 -5 -3 -3   14   8   7  22   0   6  16   2   2   1   2  10   0   0   1   6   2   0   0   0  0.37 0.18
  214 E    1  1 -1 -1 -3  1  1 -3  1  0  0  1  0  1 -3 -1 -1 -2  2  0   17   8   2   2   0   5   9   0   5   4  10   7   2   8   0   4   2   0   9   7  0.10 0.10
  215 Y   -6 -5 -5 -7 -7 -5 -6 -7  4 -5 -5 -6 -2  0 -7 -5 -6 -2 10 -5    0   0   0   0   0   0   0   0   8   0   0   0   1   1   0   0   0   0  89   0  2.95 0.77
  216 K   -2  1  2 -1 -4  4  3 -3  3 -2 -1  2  0 -3 -3 -1 -1 -4 -2 -2    2   7  10   0   0  19  18   0   8   2   7  16   3   0   0   1   3   0   1   2  0.41 0.21
  217 M    2  0  0 -1 -3  2  2 -2  0 -2 -2  2 -1 -2 -3  0 -1 -1 -1 -2   24   4   5   3   0  10  17   0   1   2   4  18   1   2   0   5   1   1   1   1  0.28 0.17
  218 Y   -1 -2  1  1 -3  0  1 -3  1  0  1 -1  0  3 -3 -1 -1  0  4 -1    3   1   7   8   0   3   9   1   3   4  18   3   2  13   0   2   2   1  18   3  0.20 0.12
  219 Q   -1 -2  2 -2  0  4  1 -2 -1 -1  0 -1  5 -3 -3 -1  0 -4 -2  0    3   0  10   1   2  23   9   3   1   3   6   1  24   0   0   2   4   0   1   6  0.39 0.22
  220 D   -1  0  4  2 -4  1  2 -1  2 -3 -4  1 -3 -2 -3  1 -1 -4 -1 -3    5   4  23  12   0   4  16   3   6   1   0   7   0   1   0  11   1   0   3   1  0.36 0.14
  221 L    0 -2 -2 -2 -2  0 -1 -3 -2  2  3 -2  2 -1 -3 -1 -1 -3  0  1    7   1   2   2   0   4   2   1   1  13  43   2   5   0   0   3   3   0   3   8  0.24 0.11
  222 D   -1 -1  2  4 -4  2  3 -1 -2 -4 -4 -1 -3 -3  0  1 -1 -4 -2 -4    3   1   8  29   0  10  25   4   0   0   0   1   0   1   4  10   1   0   1   0  0.52 0.15
  223 I   -1 -3 -2 -2 -2 -1 -2 -4 -3  3  1 -3  3 -2  2 -2 -1 -3 -2  3    3   0   1   1   0   3   3   0   0  26  10   0  10   0  11   1   0   0   0  29  0.34 0.11
  224 E   -2 -1 -1  1 -5  2  6 -3 -1 -4 -4  2 -3 -4 -2 -1 -2 -4 -3 -4    0   0   0   3   0   4  80   0   0   0   0  13   0   0   0   0   0   0   0   0  1.02 0.17

                      K         Lambda
Standard Ungapped    0.1382     0.3198
Standard Gapped      0.0620     0.2670
PSI Ungapped         0.2029     0.3159
PSI Gapped           0.0620     0.2670
